1.89852
1.89337
1.88421
1.87038
1.85093
1.82456
1.78963
1.74432
1.68693
1.61631
1.53251
1.43759
1.3362
1.23551
1.1439
1.06889
1.01512
0.983574
0.97207
0.976423
0.991664
1.01289
1.03585
1.05723
1.07486
1.08776
1.09603
1.10065
1.10303
1.10453
1.1059
1.10712
1.10745
1.10563
1.10027
1.09027
1.07535
1.05651
1.03587
1.01607
0.999271
0.986512
0.977769
0.972631
0.970912
0.972788
0.978415
0.98745
0.998875
1.0111
1.02232
1.03091
1.03573
1.03619
1.03239
1.02529
1.01656
1.00823
1.00194
0.998377
0.997395
0.99854
1.00142
1.00572
1.01101
1.01652
1.02122
1.02414
1.02486
1.02382
1.02236
1.02212
1.02433
1.02926
1.03617
1.0437
1.05039
1.05528
1.05826
1.05995
1.06121
1.06239
1.06311
1.06253
1.06029
1.05695
1.05361
1.05128
1.05046
1.05118
1.05325
1.05626
1.0597
1.06288
1.06503
1.0655
1.0638
1.05967
1.05307
1.0441
1.03299
1.02
1.00541
0.989666
0.973678
0.958955
0.94741
0.940813
0.9403
0.946289
0.958368
0.975061
0.993872
1.012
1.02716
1.03793
1.0438
1.04494
1.04216
1.03669
1.03008
1.02379
1.01868
1.01472
1.01128
1.00779
1.00443
1.00221
1.00237
1.00581
1.0127
1.02268
1.03506
1.04901
1.06347
1.07716
1.08874
1.09703
1.10147
1.10245
1.10139
1.10018
1.10021
1.10144
1.10252
1.1018
1.09835
1.09246
1.08578
1.08059
1.07855
1.07974
1.08273
1.08542
1.08597
1.08314
1.07643
1.06599
1.05273
1.03864
1.02706
1.02177
1.0245
1.03302
1.04263
1.04957
1.05298
1.05444
1.05635
1.06029
1.06651
1.07432
1.08273
1.09089
1.09845
1.10571
1.11308
1.12007
1.12489
1.12527
1.11973
1.10845
1.09355
1.07877
1.06828
1.0647
1.06785
1.07523
1.0838
1.09148
1.09744
1.10158
1.10386
1.10383
1.10069
1.09363
1.08239
1.0675
1.0501
1.03148
1.01259
0.994193
0.977443
0.96406
0.955697
0.953079
0.955964
0.963811
0.976294
0.99323
1.01415
1.038
1.06314
1.08758
1.10942
1.12705
1.13945
1.14622
1.14766
1.14451
1.1378
1.12858
1.11771
1.10592
1.09381
1.08204
1.07132
1.06243
1.05611
1.05297
1.05345
1.05775
1.0657
1.07659
1.08925
1.10214
1.11368
1.12248
1.12763
1.12887
1.12646
1.12109
1.11371
1.10557
1.09829
1.09389
1.09401
1.09907
1.10795
1.11883
1.12999
1.14009
1.14786
1.15197
1.15133
1.14559
1.13561
1.12324
1.11041
1.09809
1.08618
1.07423
1.06208
1.05011
1.03896
1.02928
1.02157
1.01618
1.01335
1.01306
1.01484
1.01767
1.02018
1.02089
1.01863
1.01285
1.00386
0.992925
0.982193
0.974432
0.972408
0.978009
0.991463
1.01101
1.0333
1.05431
1.0705
1.0796
1.08087
1.07512
1.0645
1.05218
1.04175
1.03616
1.03671
1.04271
1.05205
1.06236
1.07187
1.07951
1.08458
1.08652
1.08489
1.07968
1.0716
1.06199
1.05218
1.04293
1.0342
1.02595
1.01908
1.01576
1.01847
1.02826
1.04378
1.06168
1.07804
1.08971
1.09485
1.09309
1.08532
1.07361
1.0608
1.05002
1.04376
1.04307
1.04715
1.05384
1.06034
1.06408
1.06316
1.05663
1.04473
1.02894
1.01166
0.995526
0.982789
0.974904
0.972513
0.975598
0.983629
0.995586
1.0099
1.02449
1.03702
1.04538
1.04813
1.04514
1.03783
1.02919
1.0228
1.0213
1.025
1.03184
1.0389
1.0441
1.04699
1.04855
1.05032
1.05354
1.0586
1.065
1.0717
1.07767
1.08226
1.0853
1.08696
1.08749
1.08713
1.08617
1.08506
1.08441
1.08474
1.08625
1.08863
1.09123
1.09331
1.09432
1.09406
1.09266
1.09053
1.08808
1.08566
1.08359
1.08202
1.08088
1.07986
1.07844
1.07612
1.07265
1.06814
1.06317
1.05858
1.05523
1.05359
1.05339
1.05367
1.0533
1.05189
1.0503
1.05018
1.05275
1.05787
1.06433
1.07074
1.07609
1.07988
1.08202
1.08292
1.08337
1.08449
1.08721
1.09199
1.0986
1.10619
1.11365
1.11986
1.12384
1.12483
1.12234
1.1163
1.10709
1.09555
1.08296
1.0708
1.06045
1.05304
1.04916
1.04883
1.05145
1.05593
1.06093
1.06522
1.06797
1.06894
1.06848
1.0674
1.06672
1.06732
1.06952
1.07278
1.07566
1.07608
1.07206
1.06265
1.04871
1.03321
1.02034
1.01378
1.01495
1.02304
1.03618
1.05267
1.07134
1.09135
1.11184
1.13179
1.15004
1.16553
1.17743
1.18522
1.1886
1.18738
1.18138
1.17056
1.15521
1.13604
1.11436
1.09201
1.07118
1.05395
1.04157
1.03404
1.03052
1.03028
1.03332
1.04027
1.05162
1.06683
1.08384
1.09935
1.10984
1.11287
1.10837
1.09935
1.091
1.08805
1.09224
1.10224
1.11496
1.12691
1.13498
1.13724
1.13318
1.12361
1.11026
1.0954
1.08149
1.07075
1.06469
1.06374
1.0671
1.07311
1.07974
1.08517
1.0881
1.08797
1.08457
1.07763
1.06691
1.05274
1.03682
1.02225
1.01272
1.01105
1.01814
1.03294
1.05322
1.07627
1.09936
1.12033
1.13808
1.15258
1.16452
1.17472
1.18351
1.19051
1.19472
1.1949
1.19011
1.17992
1.16467
1.14532
1.12321
1.09979
1.07657
1.05502
1.03658
1.02252
1.01358
1.00963
1.00968
1.01236
1.01645
1.02137
1.02717
1.03437
1.04342
1.05395
1.06453
1.07303
1.07742
1.07646
1.07003
1.0591
1.0455
1.03149
1.01887
1.0083
0.999324
0.99113
0.983398
0.976773
0.97284
0.973657
0.980698
0.993894
1.01155
1.03109
1.05006
1.06646
1.07877
1.08583
1.08709
1.08299
1.07501
1.06538
1.05642
1.04978
1.04591
1.04403
1.04262
1.04017
1.0357
1.02896
1.02016
1.00963
0.997677
0.984804
0.972228
0.962167
0.957396
0.959945
0.969674
0.98407
0.999717
1.014
1.02589
1.0358
1.04481
1.0538
1.06296
1.07177
1.07932
1.0848
1.08785
1.08858
1.08743
1.08499
1.08173
1.07792
1.07348
1.06807
1.06135
1.05338
1.04492
1.03733
1.03231
1.03127
1.03484
1.04248
1.05264
1.06294
1.07077
1.07359
1.06949
1.05763
1.03877
1.01564
0.99234
0.972969
0.959801
0.952784
0.950446
0.951325
0.954727
0.960732
0.969745
0.981993
0.997148
1.01429
1.03214
1.04942
1.06505
1.07803
1.0872
1.09108
1.08837
1.07875
1.06346
1.04542
1.02865
1.01721
1.01385
1.01941
1.03291
1.05215
1.07418
1.0958
1.11397
1.1263
1.13151
1.12963
1.12177
1.10987
1.09637
1.08402
1.07543
1.07227
1.07449
1.08026
1.08686
1.09204
1.09507
1.09677
1.09876
1.10195
1.1056
1.10749
1.10518
1.09717
1.08352
1.06582
1.04688
1.03004
1.01841
1.01402
1.01721
1.02668
1.04006
1.05466
1.06792
1.07774
1.08266
1.08207
1.07639
1.06703
1.05627
1.0468
1.04106
1.04066
1.04603
1.0564
1.07022
1.08556
1.10042
1.11304
1.12194
1.12598
1.1245
1.11741
1.10519
1.0888
1.0694
1.04826
1.02685
1.0069
0.990279
0.978648
0.972737
0.971936
0.974513
0.978411
0.982143
0.98525
0.988287
0.99239
0.99852
1.00652
1.01482
1.02148
1.02582
1.02922
1.03444
1.04379
1.05756
1.07365
1.08868
1.09925
1.1029
1.09843
1.08614
1.06789
1.04711
1.02842
1.01642
1.01412
1.02197
1.03786
1.05832
1.07976
1.09943
1.11572
1.12819
1.13732
1.14401
1.14901
1.15244
1.15375
1.15202
1.14629
1.13578
1.11995
1.09858
1.07206
1.0418
1.01032
0.981005
0.957297
0.941565
0.93418
0.933547
0.937085
0.942436
0.948153
0.953923
0.960323
0.96851
0.979792
0.995154
1.0147
1.03736
1.06111
1.08361
1.10284
1.11742
1.12662
1.13021
1.1283
1.12123
1.10963
1.0946
1.07793
1.06165
1.04734
1.03547
1.02543
1.01622
1.0073
0.999001
0.992398
0.988553
0.987895
0.98998
0.993778
0.998161
1.00213
1.00486
1.00582
1.0052
1.0044
1.00585
1.012
1.02368
1.03926
1.0557
1.07033
1.08193
1.09055
1.0968
1.10128
1.10434
1.10618
1.10703
1.10718
1.10709
1.10732
1.10835
1.11034
1.11296
1.1156
1.11752
1.11817
1.11732
1.11524
1.11268
1.11066
1.10998
1.1109
1.11311
1.11602
1.11893
1.12107
1.12158
1.11961
1.11454
1.1062
1.09515
1.08252
1.06959
1.05718
1.04517
1.03289
1.02033
1.00928
1.00331
1.00552
1.01572
1.03037
1.04545
1.05876
1.06996
1.07931
1.08679
1.09202
1.09455
1.09413
1.09077
1.08447
1.07526
1.06322
1.0488
1.03317
1.0185
1.00765
1.00313
1.00555
1.01303
1.02189
1.02843
1.03014
1.02617
1.01731
1.00561
0.993663
0.983759
0.977189
0.97444
0.975929
0.982527
0.995085
1.01366
1.03704
1.06294
1.08859
1.11134
1.1293
1.14161
1.14836
1.15021
1.14764
1.14069
1.12912
1.11298
1.09312
1.0712
1.04938
1.02963
1.01333
1.00127
0.993966
0.991542
0.993408
0.998341
1.00502
1.01252
1.02043
1.0285
1.0365
1.04423
1.05164
1.05891
1.06626
1.07358
1.08011
1.08448
1.08535
1.0821
1.07567
1.06854
1.0641
1.06498
1.07148
1.08132
1.09091
1.09688
1.09724
1.09184
1.08192
1.0693
1.05559
1.04211
1.03042
1.02281
1.02182
1.029
1.04363
1.06256
1.08152
1.09667
1.10554
1.10725
1.10213
1.09129
1.07603
1.05746
1.03628
1.01315
0.989086
0.965757
0.945215
0.929244
0.918641
0.913092
0.911814
0.914325
0.920535
0.930021
0.94145
0.953085
0.963916
0.974066
0.984158
0.994486
1.00478
1.01467
1.02413
1.03338
1.04243
1.05049
1.05597
1.05705
1.05249
1.04233
1.02829
1.01364
1.0025
0.998277
1.002
1.01184
1.02423
1.03567
1.04419
1.04996
1.05466
1.06002
1.06665
1.07356
1.07889
1.08083
3.31865
3.25455
3.15032
3.01512
2.86832
2.73608
2.63872
2.58058
2.55125
2.53464
2.51705
2.49199
2.46295
2.44171
2.44019
2.46036
2.49089
2.51435
2.5183
2.50209
2.47759
2.46477
2.48024
2.5235
2.5748
2.60929
2.61272
2.58743
2.54797
2.5106
2.4839
2.46649
2.45236
2.43752
2.42254
2.41105
2.40761
2.41637
2.4396
2.47556
2.51795
2.55813
2.58816
2.60274
2.60024
2.58396
2.56294
2.54849
2.54491
2.54585
2.54504
2.54751
2.56256
2.58471
2.59599
2.58454
2.55088
2.5039
2.45502
2.41239
2.38045
2.36316
2.36255
2.37475
2.39237
2.41095
2.43174
2.45873
2.49276
2.52803
2.55763
2.57978
2.59536
2.60461
2.6077
2.60595
2.60098
2.59307
2.58209
2.57022
2.56274
2.56584
2.58366
2.61595
2.65745
2.70007
2.73648
2.76236
2.77552
2.77446
2.75888
2.73238
2.70351
2.68104
2.66653
2.6533
2.63355
2.60468
2.56931
2.53282
2.50301
2.48902
2.49672
2.52485
2.5666
2.61449
2.66317
2.70882
2.74782
2.77752
2.79745
2.80784
2.80661
2.78977
2.75533
2.70601
2.64674
2.58044
2.51021
2.44338
2.38944
2.35506
2.34297
2.35402
2.38706
2.43686
2.49349
2.54517
2.58209
2.60044
2.60492
2.60621
2.61259
2.62394
2.63414
2.63641
2.62609
2.602
2.56788
2.53342
2.51073
2.50465
2.50704
2.50448
2.49274
2.48236
2.48759
2.51131
2.54579
2.58391
2.62308
2.65976
2.68564
2.6919
2.67494
2.63698
2.58362
2.52259
2.46452
2.42125
2.40007
2.39929
2.41088
2.42693
2.44415
2.46448
2.49184
2.52774
2.56879
2.60753
2.63658
2.65332
2.66015
2.65992
2.65234
2.63632
2.61491
2.59559
2.58521
2.58471
2.58806
2.58521
2.56641
2.52764
2.477
2.43683
2.43367
2.4719
2.52437
2.56406
2.58986
2.61652
2.65171
2.6892
2.71872
2.73483
2.7383
2.73358
2.72582
2.71798
2.70893
2.69382
2.66705
2.62598
2.57308
2.51651
2.46944
2.44546
2.4492
2.47053
2.49108
2.49772
2.49025
2.4781
2.47039
2.47129
2.48475
2.5155
2.56035
2.60578
2.63872
2.65493
2.65749
2.65266
2.64771
2.64922
2.65901
2.66837
2.65944
2.61786
2.54924
2.48258
2.44535
2.43654
2.4382
2.44034
2.44707
2.46718
2.50307
2.54814
2.59187
2.62595
2.64698
2.65554
2.65422
2.64678
2.63795
2.6334
2.64069
2.66678
2.7079
2.74642
2.76346
2.74887
2.70185
2.63074
2.55293
2.48945
2.45411
2.44641
2.45541
2.46846
2.47767
2.48248
2.48712
2.49452
2.50323
2.51037
2.51652
2.52562
2.5406
2.5611
2.58499
2.61039
2.63645
2.66267
2.68731
2.70688
2.71728
2.7155
2.70074
2.67364
2.6346
2.58381
2.5249
2.4687
2.43372
2.43935
2.48858
2.55706
2.6095
2.62379
2.59705
2.53969
2.47036
2.41277
2.38801
2.40069
2.4352
2.47185
2.49982
2.51474
2.5162
2.51143
2.51429
2.53088
2.5515
2.56368
2.56493
2.56145
2.56187
2.5723
2.59442
2.62506
2.65642
2.67776
2.67894
2.65547
2.61275
2.56797
2.54565
2.55998
2.59852
2.6355
2.65278
2.64286
2.60714
2.55889
2.51978
2.50289
2.50375
2.51182
2.51831
2.51655
2.50607
2.49452
2.49201
2.50207
2.51675
2.52126
2.50402
2.46311
2.40605
2.34638
2.30184
2.29094
2.32282
2.38856
2.467
2.53604
2.5781
2.58452
2.55866
2.50977
2.4469
2.38687
2.36237
2.40324
2.49931
2.60661
2.68823
2.72924
2.73151
2.70884
2.68169
2.66676
2.66804
2.68042
2.69824
2.71618
2.72674
2.72192
2.69712
2.6533
2.59716
2.5387
2.48979
2.4656
2.4747
2.50228
2.52363
2.52988
2.52974
2.53953
2.57001
2.61375
2.65217
2.67217
2.67061
2.65203
2.62487
2.59021
2.54004
2.4825
2.45141
2.46877
2.51697
2.56669
2.60445
2.62872
2.63944
2.63485
2.61368
2.57894
2.53937
2.50751
2.49512
2.50244
2.51277
2.50989
2.49159
2.46385
2.4331
2.40403
2.37724
2.35012
2.32539
2.31449
2.32883
2.36906
2.42403
2.47859
2.52163
2.54964
2.56597
2.57627
2.58171
2.57728
2.55931
2.53626
2.5295
2.55446
2.60295
2.65313
2.68915
2.70841
2.71637
2.71782
2.71213
2.69404
2.65915
2.61017
2.55833
2.5182
2.5003
2.50661
2.53095
2.5626
2.59059
2.60798
2.6146
2.61682
2.62356
2.63981
2.66291
2.6849
2.69831
2.69986
2.6906
2.67496
2.6602
2.65328
2.654
2.65326
2.64126
2.6162
2.58386
2.55097
2.52013
2.49073
2.4649
2.45161
2.46133
2.4928
2.52953
2.55408
2.56424
2.57132
2.58151
2.59141
2.59816
2.60046
2.5968
2.58755
2.57627
2.56794
2.56726
2.57734
2.59775
2.62318
2.64517
2.6558
2.6487
2.61872
2.56517
2.49717
2.43545
2.40536
2.41874
2.46123
2.50847
2.54781
2.57737
2.59635
2.60223
2.59416
2.57505
2.55061
2.52776
2.51309
2.51006
2.51582
2.52181
2.51956
2.50624
2.48499
2.46165
2.44218
2.43192
2.43547
2.45583
2.49098
2.53493
2.585
2.64218
2.70294
2.75568
2.78803
2.79567
2.78268
2.75755
2.72974
2.70655
2.69106
2.6825
2.678
2.67523
2.67435
2.67588
2.67541
2.66192
2.62479
2.56945
2.52896
2.53016
2.55225
2.56639
2.56702
2.5578
2.54085
2.51813
2.49714
2.49366
2.52197
2.58009
2.65255
2.72314
2.78017
2.81591
2.82562
2.80895
2.7733
2.73374
2.70513
2.69252
2.69063
2.69251
2.69508
2.69654
2.69294
2.67893
2.65009
2.60454
2.54502
2.4815
2.43137
2.41361
2.43527
2.48328
2.53542
2.57618
2.60055
2.60975
2.60638
2.59045
2.55985
2.51606
2.46987
2.4369
2.41929
2.40083
2.36942
2.33034
2.30027
2.29597
2.32526
2.38401
2.45985
2.53903
2.61127
2.6707
2.71515
2.74453
2.7591
2.75893
2.7446
2.71764
2.68164
2.64286
2.60929
2.58851
2.5855
2.59928
2.621
2.63772
2.64106
2.63371
2.62567
2.62302
2.62313
2.62016
2.60921
2.58625
2.54992
2.50572
2.46785
2.45123
2.45942
2.48671
2.52822
2.57903
2.63012
2.67278
2.70485
2.72977
2.7511
2.76816
2.77569
2.76729
2.74013
2.69713
2.64401
2.58476
2.52613
2.48531
2.47107
2.47161
2.48081
2.50508
2.54765
2.60215
2.65768
2.70486
2.73958
2.7642
2.78185
2.78913
2.77826
2.74555
2.69584
2.64049
2.59133
2.55448
2.52857
2.5074
2.48551
2.46594
2.46371
2.48948
2.52797
2.55295
2.55442
2.53955
2.52091
2.50873
2.5085
2.52048
2.53873
2.55206
2.54895
2.52521
2.48849
2.45468
2.43795
2.44274
2.464
2.4935
2.52531
2.55594
2.581
2.59433
2.59207
2.57752
2.56144
2.55631
2.56838
2.59488
2.62951
2.66911
2.71242
2.75296
2.77765
2.77448
2.74025
2.68276
2.61677
2.55546
2.50451
2.46352
2.43201
2.41428
2.4174
2.44366
2.48555
2.52874
2.56087
2.57762
2.58096
2.57461
2.56233
2.54804
2.53517
2.52635
2.52289
2.52299
2.52113
2.5119
2.49776
2.49184
2.50745
2.54357
2.58646
2.62332
2.64889
2.66293
2.66605
2.65837
2.64095
2.61681
2.58912
2.55902
2.52603
2.49122
2.46126
2.44751
2.45753
2.4875
2.52625
2.56562
2.6032
2.63873
2.67004
2.69281
2.70468
2.70683
2.70072
2.68534
2.65843
2.61929
2.56987
2.51508
2.46647
2.44231
2.4515
2.48024
2.50685
2.52137
2.52828
2.53847
2.5605
2.5962
2.64066
2.68516
2.72083
2.73989
2.73487
2.69948
2.63253
2.54288
2.44953
2.37307
2.32465
2.30338
2.30367
2.32236
2.35692
2.40227
2.45306
2.50616
2.55988
2.61215
2.6591
2.6949
2.71407
2.7145
2.69914
2.67785
2.66873
2.68995
2.74256
2.8062
2.85394
2.86598
2.83464
2.76618
2.67884
2.59483
2.53055
2.49384
2.48568
2.50057
2.52837
2.5582
2.58135
2.59339
2.59549
2.59343
2.59378
2.59979
2.60999
2.62004
2.62533
2.62248
2.60999
2.58822
2.55943
2.52814
2.50175
2.48907
2.49556
2.51762
2.54302
2.55849
2.55831
2.54583
2.52794
2.51124
2.50337
2.51242
2.54068
2.57979
2.61619
2.64103
2.65437
2.66193
2.6705
2.68544
2.7092
2.7402
2.77284
2.79977
2.81468
2.81389
2.79552
2.75828
2.70349
2.63988
2.58431
2.55176
2.54184
2.541
2.53711
2.52631
2.51121
2.49952
2.50126
2.52061
2.55121
2.58256
2.60886
2.63067
2.65144
2.67374
2.69631
2.71351
2.71812
2.70535
2.67463
2.63029
2.58293
2.5483
2.53806
2.55103
2.57757
2.60833
2.63696
2.65917
2.67193
2.67194
2.65432
2.61504
2.55726
2.49572
2.45259
2.44223
2.45951
2.48717
2.5107
2.52314
2.52345
2.51577
2.50427
2.48502
2.45204
2.40942
2.37095
2.35165
2.35814
2.38102
2.4003
2.40399
2.3963
2.38931
2.39236
2.40849
2.43412
2.45864
2.46823
2.45486
2.42302
2.38593
2.35688
2.34753
2.36835
2.42143
2.49464
2.56863
2.63024
2.67773
2.71617
2.74872
2.77327
2.78823
2.79631
2.79884
2.79368
2.78123
2.76559
2.75052
2.73902
2.73395
2.7337
2.72945
2.71344
2.68787
2.66334
2.64988
2.64929
2.65572
2.66304
2.66946
2.67432
2.67246
2.65374
2.60952
2.5437
2.47893
2.44252
2.44072
2.45751
2.47867
2.5007
2.52133
2.53837
2.55601
2.58252
2.6214
2.66835
2.71188
2.73844
2.74255
2.73038
2.71341
2.70012
2.69205
2.6847
2.67157
2.64888
2.61848
2.58748
2.56545
2.56059
2.57404
2.59611
2.6119
2.61096
2.5905
2.5536
2.50783
2.46471
2.43795
2.4371
2.45927
2.49095
2.52081
2.54643
2.56977
2.59166
2.61097
2.6257
1.38794
1.42036
1.46866
1.52705
1.58803
1.64541
1.69563
1.73698
1.76846
1.78947
1.80023
1.80197
1.79691
1.78769
1.77661
1.76527
1.75498
1.74654
1.73944
1.73169
1.72129
1.70877
1.6977
1.6921
1.69255
1.69524
1.69541
1.69093
1.68302
1.6746
1.66824
1.66526
1.66573
1.66832
1.67058
1.6707
1.6691
1.66813
1.67068
1.67915
1.6944
1.71521
1.73848
1.76056
1.77834
1.78949
1.79246
1.78627
1.77105
1.7485
1.72209
1.69583
1.67282
1.6555
1.64736
1.65194
1.66813
1.68919
1.70795
1.72129
1.73021
1.73703
1.74189
1.74181
1.7333
1.71567
1.69288
1.67268
1.66316
1.66808
1.68465
1.70553
1.72333
1.73425
1.73893
1.74032
1.74037
1.73863
1.73333
1.72329
1.7098
1.69694
1.68893
1.68538
1.67948
1.66385
1.64087
1.62381
1.62317
1.63548
1.65019
1.66018
1.66361
1.66149
1.65658
1.65286
1.6545
1.6644
1.68266
1.70595
1.7281
1.7418
1.74136
1.72619
1.70282
1.68245
1.67421
1.68002
1.69541
1.71402
1.73129
1.7456
1.7572
1.76645
1.77226
1.77222
1.76495
1.75301
1.74215
1.7362
1.73427
1.73399
1.73459
1.7363
1.73869
1.74047
1.73992
1.73557
1.72675
1.71428
1.7002
1.68665
1.67475
1.66455
1.65564
1.6478
1.6413
1.63682
1.63492
1.63509
1.63571
1.63478
1.63103
1.625
1.61957
1.61818
1.62187
1.62888
1.63686
1.64434
1.65013
1.65245
1.64895
1.63761
1.61809
1.59277
1.56652
1.54524
1.53392
1.53565
1.55165
1.58119
1.62084
1.66403
1.70228
1.72751
1.73401
1.71974
1.68735
1.6452
1.60753
1.58987
1.59779
1.62149
1.6457
1.6609
1.66494
1.66001
1.65053
1.64189
1.63857
1.64251
1.65307
1.66901
1.69035
1.71824
1.75241
1.78938
1.82307
1.8473
1.858
1.85411
1.83743
1.81234
1.78472
1.75965
1.73938
1.72392
1.71353
1.70917
1.71058
1.71535
1.72087
1.72684
1.73546
1.74844
1.76468
1.7808
1.79343
1.80034
1.80041
1.79312
1.77833
1.75638
1.72859
1.69819
1.67067
1.65266
1.64908
1.66072
1.68378
1.71111
1.73424
1.74634
1.74446
1.7295
1.70467
1.67384
1.64093
1.61028
1.58678
1.57477
1.57583
1.58779
1.60582
1.62494
1.64192
1.65549
1.66606
1.67559
1.68736
1.70409
1.72479
1.74403
1.75575
1.75681
1.74688
1.72612
1.69412
1.6505
1.59686
1.5395
1.49097
1.46566
1.4695
1.49766
1.54324
1.60168
1.66802
1.73495
1.79458
1.84073
1.86968
1.88009
1.87287
1.85116
1.81959
1.78334
1.74718
1.71512
1.69025
1.67382
1.66447
1.65849
1.65145
1.63993
1.62321
1.60461
1.59086
1.58918
1.60399
1.63443
1.67277
1.70688
1.72712
1.73088
1.72138
1.70353
1.68203
1.66227
1.65019
1.6498
1.66117
1.68074
1.70261
1.72012
1.72899
1.72989
1.72757
1.72718
1.73068
1.7365
1.74204
1.74587
1.7478
1.74761
1.74412
1.73565
1.72107
1.70085
1.67788
1.6572
1.64362
1.6382
1.63727
1.63495
1.62624
1.60887
1.58432
1.55825
1.53913
1.53429
1.54651
1.57362
1.61042
1.65051
1.6868
1.71235
1.72267
1.71847
1.70638
1.69597
1.69452
1.70419
1.72397
1.7519
1.78372
1.81126
1.82495
1.81809
1.78981
1.74588
1.69595
1.64745
1.60245
1.56146
1.52747
1.50542
1.49907
1.50891
1.53202
1.56365
1.59835
1.63066
1.65604
1.67251
1.68174
1.68851
1.69801
1.7123
1.72935
1.74599
1.76129
1.77625
1.79024
1.79911
1.79727
1.782
1.75732
1.73307
1.71644
1.70549
1.69455
1.68184
1.66933
1.65908
1.65149
1.64634
1.64374
1.64415
1.64851
1.65829
1.6745
1.69576
1.71783
1.73582
1.74763
1.75528
1.76205
1.76824
1.77141
1.76968
1.76288
1.75193
1.73875
1.72633
1.71726
1.71249
1.71146
1.71209
1.71102
1.70587
1.69721
1.68773
1.67958
1.67253
1.66475
1.65536
1.6455
1.63736
1.63244
1.6311
1.63345
1.64055
1.65443
1.67699
1.70832
1.74565
1.78376
1.81638
1.83803
1.84541
1.83816
1.81885
1.79214
1.76339
1.73712
1.71573
1.69907
1.68526
1.67188
1.65725
1.64172
1.62794
1.61919
1.61713
1.62116
1.62901
1.63748
1.6431
1.64294
1.63585
1.62343
1.61001
1.60082
1.59913
1.60544
1.61894
1.63867
1.66267
1.68722
1.70778
1.72073
1.72453
1.72004
1.71023
1.69966
1.69318
1.69402
1.7025
1.71621
1.7314
1.74415
1.75108
1.75022
1.74199
1.72925
1.71584
1.7048
1.69857
1.69972
1.71024
1.72924
1.75201
1.77197
1.78395
1.78611
1.77946
1.76647
1.74985
1.7322
1.71549
1.69981
1.68272
1.66139
1.63737
1.61858
1.61354
1.62387
1.64475
1.67013
1.69536
1.71734
1.73412
1.74434
1.74715
1.74245
1.7315
1.717
1.70231
1.69038
1.68355
1.68355
1.6903
1.70077
1.71007
1.71447
1.71411
1.71298
1.71552
1.72203
1.72815
1.72883
1.72151
1.70633
1.68475
1.65837
1.62866
1.59733
1.56693
1.54125
1.52489
1.52138
1.53084
1.54942
1.57175
1.59447
1.61754
1.64238
1.66876
1.69392
1.7145
1.72903
1.73865
1.74626
1.75449
1.76375
1.77176
1.77471
1.76881
1.75152
1.72271
1.68593
1.64896
1.62155
1.61033
1.61456
1.62776
1.64343
1.65849
1.67251
1.68467
1.69249
1.69384
1.69004
1.68608
1.68732
1.69488
1.70476
1.71153
1.7118
1.70478
1.69094
1.67117
1.64696
1.62136
1.59889
1.58384
1.57803
1.58084
1.59155
1.61062
1.63792
1.67138
1.7084
1.74751
1.78724
1.82382
1.85248
1.8701
1.87537
1.86733
1.84513
1.8094
1.76384
1.71464
1.66695
1.62356
1.59027
1.57781
1.5898
1.61429
1.63502
1.64445
1.64562
1.64782
1.6596
1.68229
1.70953
1.73288
1.74705
1.75144
1.74877
1.74232
1.73395
1.72414
1.7139
1.70571
1.70255
1.70688
1.72073
1.74574
1.781
1.82062
1.85587
1.87983
1.88928
1.88347
1.86251
1.8276
1.78196
1.73144
1.68347
1.6451
1.62093
1.61187
1.61525
1.6263
1.63987
1.65175
1.66027
1.66729
1.67684
1.69042
1.70417
1.71199
1.71069
1.70148
1.68832
1.67574
1.66721
1.66394
1.66442
1.66512
1.66275
1.6563
1.6473
1.63832
1.63128
1.62713
1.62627
1.62864
1.63315
1.63822
1.64369
1.65245
1.66839
1.69107
1.71388
1.72874
1.7314
1.72288
1.70743
1.68912
1.66975
1.64917
1.62736
1.6058
1.58694
1.57219
1.56157
1.55562
1.55675
1.56626
1.57935
1.58736
1.58561
1.57759
1.57106
1.56963
1.56868
1.56023
1.54063
1.51388
1.49008
1.48024
1.48992
1.51668
1.55346
1.59341
1.63164
1.66402
1.68653
1.6976
1.70085
1.70294
1.70784
1.71494
1.72198
1.72788
1.73296
1.7378
1.74243
1.74633
1.74895
1.75048
1.75228
1.75652
1.76504
1.77799
1.79336
1.80752
1.81684
1.8193
1.81485
1.80469
1.79026
1.77311
1.75542
1.73984
1.72848
1.72195
1.71936
1.7192
1.72015
1.72128
1.7218
1.72071
1.71689
1.70958
1.69852
1.68413
1.66746
1.65051
1.63612
1.62667
1.62212
1.61945
1.61467
1.60635
1.59781
1.59521
1.60158
1.61277
1.62111
1.62222
1.61777
1.61304
1.61256
1.61736
1.62584
1.63583
1.64553
1.65325
1.65723
1.65624
1.65052
1.64201
1.63346
1.62763
1.62651
1.6307
1.63881
1.64813
1.65646
1.66358
1.67109
1.68066
1.69216
1.70286
1.70838
1.70524
1.69312
1.67542
1.65751
1.64359
1.63484
1.62969
1.62529
1.61939
1.61214
1.6064
1.60577
1.61189
1.6235
1.63764
1.65123
1.66197
1.66843
1.67078
1.67181
1.67684
1.69125
1.71639
1.74749
1.77582
1.79402
1.80029
1.79801
1.79014
1.77524
1.75117
1.71987
1.68607
1.6531
1.622
1.59374
1.57129
1.55938
1.56236
1.58128
1.61228
1.64771
1.67932
1.70078
1.70884
1.70316
1.68586
1.66087
1.63337
1.60877
1.59116
1.58227
1.58162
1.58742
1.59722
1.60816
1.61739
1.62262
1.62244
1.617
1.60896
1.6034
1.60503
1.61452
1.6286
1.64319
1.65555
1.66558
1.67838
1.70189
1.73507
1.76397
1.77495
1.76445
1.73724
1.70224
1.66931
1.64644
1.63733
1.64085
1.65255
1.66737
1.68183
1.69452
1.70496
1.71172
1.71211
1.70441
1.69086
1.67835
1.67468
1.68218
1.69542
1.70634
1.71053
1.70869
1.70428
1.70079
1.69999
1.70136
1.70257
1.70116
1.69637
1.69002
1.68599
1.68714
1.69178
1.69391
1.68822
1.67432
1.65678
1.64188
1.63408
1.63437
1.64069
1.64951
1.65745
1.66253
1.66427
1.66326
1.66034
1.65625
1.65163
1.64716
1.64377
1.64259
1.64436
1.64806
1.65053
1.64975
1.65011
1.66095
1.6849
1.71279
1.734
1.74451
1.74491
1.7361
1.71813
1.69296
1.6677
1.65243
1.65236
1.66457
1.68331
1.70441
1.7247
1.74215
1.75781
1.77607
1.80051
1.82888
1.85314
1.86445
1.85736
1.83086
1.78786
1.73492
1.6826
1.64405
1.63024
1.64357
1.67601
1.71442
1.74711
1.76652
1.7694
1.75644
1.73191
1.70271
1.67626
1.65683
1.64359
1.63325
1.62404
1.61728
1.61624
1.62315
1.63687
1.65414
1.67214
1.68883
1.70231
1.71189
1.71926
1.72732
1.73739
1.74791
1.75562
1.75781
1.75407
1.74658
1.73913
1.73579
1.74031
1.75452
1.77568
1.79698
1.81207
1.81847
1.81753
1.81224
1.80606
1.80246
1.80329
1.80661
1.80697
1.79773
1.77411
1.73559
1.68786
1.64318
1.6156
1.61086
1.62201
1.63683
1.64677
1.64982
1.64901
1.6498
1.65715
1.67298
1.695
1.71769
1.73451
1.73956
1.72831
1.69886
1.65483
2.13417
2.07164
2.01782
1.97663
1.95507
1.95906
1.98463
2.02032
2.05523
2.08258
2.09953
2.10575
2.10221
2.09089
2.07547
2.06052
2.04902
2.04078
2.03402
2.0272
2.0198
2.01225
2.00541
1.99991
1.99637
1.99607
2.0006
2.01095
2.02706
2.04813
2.07232
2.09606
2.11492
2.12602
2.12995
2.13059
2.13339
2.1428
2.15954
2.18002
2.19867
2.21094
2.21486
2.21102
2.20127
2.18788
2.17215
2.1535
2.13175
2.10959
2.0925
2.08653
2.09373
2.11043
2.1307
2.14935
2.16208
2.16508
2.15572
2.13412
2.1046
2.07454
2.04996
2.03152
2.01676
2.00418
1.99299
1.98289
1.97744
1.98413
2.00629
2.03637
2.0613
2.07283
2.07018
2.05582
2.03277
2.00584
1.9823
1.96883
1.96782
1.977
1.992
2.00833
2.02185
2.02939
2.03006
2.02573
2.01984
2.01516
2.01305
2.01441
2.01992
2.02995
2.04534
2.06719
2.09408
2.12042
2.13884
2.14301
2.12849
2.09354
2.04113
1.98093
1.92709
1.88943
1.86701
1.85349
1.84488
1.84125
1.84581
1.86272
1.89346
1.93478
1.97996
2.0218
2.05612
2.08314
2.10472
2.12135
2.13221
2.1362
2.13283
2.12303
2.10924
2.09413
2.079
2.06383
2.04898
2.03766
2.0359
2.04769
2.07018
2.09558
2.11682
2.13052
2.13636
2.13459
2.12563
2.11232
2.09913
2.08846
2.08042
2.07623
2.07971
2.09375
2.11584
2.14044
2.1654
2.1911
2.21452
2.22811
2.22329
2.19358
2.13627
2.05514
1.9651
1.89187
1.85679
1.85877
1.88103
1.90988
1.941
1.97644
2.0184
2.06196
2.09707
2.11772
2.12368
2.11591
2.09634
2.06967
2.04131
2.01712
2.00622
2.01686
2.04966
2.09724
2.14863
2.19288
2.2219
2.23293
2.22942
2.21896
2.20888
2.20281
2.20063
2.20077
2.20169
2.20185
2.19985
2.19458
2.18502
2.17029
2.15057
2.12759
2.10396
2.08157
2.06131
2.04489
2.0362
2.03855
2.05117
2.06968
2.0898
2.11041
2.13275
2.15538
2.17213
2.17592
2.16181
2.12788
2.07728
2.02107
1.97609
1.95445
1.95475
1.96731
1.98525
2.00693
2.03104
2.05334
2.06948
2.07896
2.08441
2.08674
2.08425
2.07759
2.07179
2.06908
2.06325
2.04725
2.02496
2.0122
2.02141
2.04712
2.07264
2.08359
2.07258
2.0389
1.98945
1.93785
1.89544
1.86353
1.84238
1.83674
1.84659
1.86496
1.88527
1.90426
1.92049
1.9329
1.94073
1.94452
1.94693
1.95232
1.96566
1.99097
2.02872
2.07371
2.11684
2.15039
2.17075
2.17731
2.17153
2.15828
2.14555
2.13986
2.14133
2.14399
2.14057
2.12665
2.10182
2.0699
2.03848
2.01683
2.01209
2.02588
2.05383
2.08793
2.11921
2.13893
2.13901
2.11346
2.06174
1.99316
1.92796
1.88873
1.88469
1.90599
1.93682
1.9673
1.99306
2.01123
2.01998
2.0224
2.02996
2.05481
2.09414
2.13129
2.15368
2.16099
2.15951
2.15408
2.14468
2.12869
2.10568
2.07872
2.05077
2.02313
1.9985
1.98005
1.96547
1.94762
1.92306
1.89788
1.88532
1.89582
1.92866
1.97438
2.0221
2.06336
2.09317
2.11032
2.11664
2.11514
2.10818
2.09786
2.0863
2.07367
2.05788
2.03897
2.02105
2.00853
2.00253
2.00174
2.00467
2.01005
2.0166
2.02332
2.02916
2.0319
2.02881
2.01855
2.00173
1.97954
1.95386
1.93023
1.91886
1.92839
1.95816
2.00064
2.04975
2.10317
2.15767
2.2059
2.23919
2.25248
2.24655
2.22685
2.20052
2.17343
2.14841
2.12473
2.09851
2.06487
2.02187
1.97508
1.93851
1.92714
1.94477
1.98107
2.02028
2.05024
2.06562
2.06829
2.06594
2.06755
2.077
2.09162
2.10666
2.12048
2.13451
2.14882
2.15925
2.15945
2.14596
2.12311
2.10347
2.09833
2.10668
2.11947
2.12958
2.13359
2.12986
2.11914
2.10508
2.09205
2.08369
2.08346
2.09225
2.10658
2.12189
2.13532
2.14604
2.15408
2.15869
2.15752
2.14737
2.12558
2.09155
2.04825
2.00345
1.96839
1.95199
1.95438
1.96787
1.98473
2.00205
2.02075
2.04205
2.06471
2.08483
2.09828
2.1038
2.10412
2.10456
2.11039
2.12465
2.14577
2.16629
2.17672
2.17193
2.15311
2.12402
2.08798
2.04894
2.01529
2.00077
2.01737
2.06402
2.12352
2.17337
2.19835
2.19378
2.16374
2.11966
2.07808
2.05313
2.04779
2.05684
2.07613
2.10351
2.13495
2.1641
2.18467
2.19186
2.1831
2.15949
2.127
2.09468
2.06897
2.04986
2.03362
2.01862
2.00796
2.0069
2.01765
2.03739
2.06075
2.08328
2.10262
2.11753
2.12701
2.13065
2.12952
2.1251
2.11604
2.097
2.06335
2.01765
1.97364
1.95077
1.95728
1.98321
2.01336
2.0386
2.05671
2.069
2.07713
2.08144
2.08133
2.07705
2.07093
2.06667
2.06695
2.07149
2.07737
2.08122
2.08113
2.07666
2.0676
2.05351
2.03465
2.01338
1.99407
1.98129
1.97747
1.98206
1.99259
2.00589
2.01839
2.02602
2.02484
2.01274
1.99171
1.96898
1.95465
1.95521
1.96853
1.98637
2.00117
2.00997
2.01389
2.01591
2.01852
2.02223
2.02578
2.02743
2.026
2.02124
2.01375
2.00528
1.999
1.99848
2.00492
2.01557
2.02637
2.0352
2.04218
2.04828
2.05434
2.06007
2.06397
2.06476
2.06304
2.06099
2.06019
2.06052
2.06091
2.06053
2.05983
2.0615
2.07032
2.09054
2.12156
2.15653
2.18577
2.20175
2.20214
2.1893
2.1674
2.14067
2.11495
2.09876
2.09937
2.11688
2.14373
2.17016
2.18951
2.19957
2.20102
2.19523
2.18326
2.16632
2.14671
2.12788
2.11246
2.10006
2.08765
2.07347
2.06088
2.0577
2.07127
2.10356
2.14985
2.20083
2.24607
2.27666
2.28674
2.27482
2.24505
2.2067
2.1707
2.14479
2.13118
2.12746
2.12808
2.12661
2.11884
2.10487
2.08826
2.07321
2.06344
2.06146
2.06611
2.07254
2.07545
2.07186
2.06218
2.04988
2.03966
2.03486
2.03653
2.04346
2.05239
2.05886
2.05927
2.05259
2.04066
2.02744
2.01736
2.01528
2.02862
2.06278
2.1075
2.13863
2.13799
2.10422
2.04968
1.99137
1.94068
1.89978
1.86789
1.84938
1.85299
1.88313
1.93453
1.99468
2.05006
2.09199
2.11847
2.13214
2.13703
2.13668
2.13365
2.12896
2.12242
2.11316
2.0997
2.08006
2.05315
2.01947
1.98032
1.93796
1.89847
1.87209
1.86759
1.8859
1.92006
1.96052
1.99943
2.03174
2.05506
2.0691
2.07476
2.07325
2.0655
2.05235
2.03548
2.01765
2.00197
1.99036
1.98248
1.97722
1.97584
1.98161
1.99608
2.01647
2.03709
2.05247
2.05963
2.05864
2.05171
2.0414
2.02852
2.01177
1.98978
1.9636
1.93788
1.9206
1.92232
1.95142
2.00393
2.06217
2.10865
2.1363
2.14638
2.14289
2.13148
2.12177
2.12465
2.14336
2.16994
2.19191
2.19967
2.1891
2.16172
2.12476
2.0896
2.06512
2.05047
2.03743
2.01979
1.99829
1.97869
1.96696
1.96505
1.96994
1.9761
1.97968
1.98135
1.98419
1.98901
1.99416
1.99872
2.00414
2.01357
2.0305
2.05687
2.09098
2.1278
2.16193
2.18966
2.20799
2.21396
2.20569
2.18422
2.15407
2.12266
2.09837
2.08787
2.09346
2.11188
2.13602
2.15792
2.17112
2.17189
2.15972
2.1372
2.10894
2.07997
2.05515
2.03976
2.03826
2.05048
2.06986
2.08811
2.10122
2.11009
2.11639
2.11871
2.11293
2.09675
2.07349
2.05032
2.03367
2.02681
2.02962
2.03967
2.0538
2.06983
2.08786
2.10979
2.13647
2.16526
2.19077
2.20823
2.21578
2.21384
2.20294
2.18257
2.15226
2.11436
2.07513
2.04156
2.01785
2.00523
2.0028
2.00734
2.0144
2.02089
2.02717
2.03574
2.0479
2.0631
2.08087
2.10102
2.12181
2.13839
2.14389
2.13331
2.10777
2.0749
2.04316
2.01644
1.99582
1.98308
1.98027
1.98728
2.00127
2.01776
2.03216
2.0406
2.04032
2.03017
2.01137
1.98793
1.96562
1.94986
1.9438
1.94836
1.96335
1.98737
2.01709
2.04787
2.07448
2.09217
2.0988
2.09591
2.08713
2.07593
2.0651
2.05792
2.0584
2.06833
2.08411
2.09871
2.107
2.10848
2.10545
2.09902
2.08713
2.06573
2.03186
1.98688
1.93777
1.89462
1.86488
1.85011
1.84842
1.85822
1.87881
1.90813
1.94157
1.9742
2.00386
2.0319
2.06085
2.0911
2.11976
2.14246
2.15574
2.15873
2.15413
2.14707
2.141
2.13494
2.1263
2.11376
2.09569
2.06877
2.03126
1.98796
1.95003
1.92717
1.91908
1.91837
1.92323
1.941
1.97405
2.01215
2.04352
2.06255
2.06707
2.05514
2.02659
1.98803
1.95274
1.92741
1.90493
1.87855
1.85197
1.83396
1.83058
1.84274
1.86827
1.90472
1.95014
2.0016
2.05422
2.10201
2.13927
2.16125
2.16494
2.15143
2.12809
2.10478
2.08532
2.06621
2.04452
2.02365
2.01252
2.01931
2.0453
2.08517
2.13162
2.17819
2.2189
2.24866
2.26461
2.2672
2.26007
2.24901
2.24003
2.23657
2.23756
2.23737
2.22844
2.20581
2.17099
2.13075
2.09147
2.05571
2.02417
1.9974
1.97425
1.95063
1.92307
1.89402
1.87174
1.86413
1.87384
1.89844
1.93228
1.96819
1.99973
2.02332
2.03897
2.04887
2.05526
2.05914
2.06098
2.06416
2.07889
2.11656
2.17414
2.23416
2.28194
2.31216
2.32393
2.31693
2.29162
2.25196
2.20765
2.17246
2.15591
2.15461
2.15503
2.14597
2.12596
2.10051
2.07533
2.0527
2.03292
2.01748
2.01021
2.01542
2.03414
2.06163
2.0883
2.1034
2.09977
2.07714
2.04171
2.00265
1.96844
1.94556
1.93782
1.94506
1.96225
1.98187
1.99809
2.00917
2.01679
2.02434
2.03547
2.05249
2.07504
2.10035
1.73661
1.75978
1.77972
1.79438
1.80411
1.81069
1.8155
1.81862
1.81963
1.81898
1.81861
1.82103
1.82768
1.83802
1.84999
1.86084
1.86796
1.86965
1.86539
1.85545
1.84046
1.82175
1.80184
1.78402
1.77077
1.76255
1.75821
1.75634
1.75551
1.75407
1.75127
1.74863
1.74921
1.75542
1.76737
1.78229
1.79545
1.80241
1.80103
1.79227
1.77926
1.7655
1.75386
1.74691
1.74777
1.75871
1.77764
1.79788
1.81268
1.81914
1.81795
1.81135
1.80124
1.78885
1.77537
1.76254
1.75203
1.74425
1.73848
1.73454
1.73427
1.74072
1.75552
1.77739
1.80273
1.82718
1.8465
1.85787
1.86102
1.85773
1.85009
1.83918
1.82555
1.81005
1.79401
1.77896
1.76613
1.75647
1.75116
1.75274
1.76411
1.78504
1.81049
1.83372
1.8503
1.85956
1.86351
1.86494
1.86645
1.87018
1.87716
1.88644
1.89513
1.89946
1.89572
1.88104
1.85415
1.81628
1.77212
1.72973
1.69727
1.67824
1.67064
1.67265
1.68566
1.70851
1.73291
1.74901
1.75259
1.74669
1.73926
1.73992
1.75664
1.79261
1.84471
1.90446
1.96112
2.00509
2.02956
2.03075
2.00871
1.97084
1.9338
1.91304
1.90673
1.90035
1.88381
1.85665
1.8241
1.79312
1.77161
1.76676
1.77815
1.79595
1.80965
1.81527
1.81444
1.81003
1.80378
1.79691
1.79133
1.78965
1.79421
1.80595
1.82337
1.84269
1.85878
1.8665
1.86163
1.84165
1.80724
1.76442
1.7243
1.69713
1.68538
1.68534
1.69394
1.71141
1.73872
1.77251
1.80355
1.82255
1.82571
1.81451
1.79275
1.76467
1.73533
1.71225
1.7058
1.72392
1.76466
1.81754
1.87206
1.92126
1.96019
1.98426
1.98914
1.97184
1.93234
1.87583
1.81378
1.76162
1.73227
1.72914
1.74503
1.76826
1.79044
1.80948
1.82772
1.84776
1.8697
1.89129
1.90987
1.92364
1.93154
1.93229
1.92433
1.90718
1.88304
1.85692
1.83442
1.81839
1.80709
1.79653
1.78453
1.77303
1.76721
1.77232
1.7901
1.81722
1.84715
1.87372
1.89334
1.90492
1.90828
1.9028
1.88777
1.86411
1.83576
1.80879
1.78802
1.7737
1.76091
1.74331
1.72189
1.7108
1.72374
1.75375
1.78309
1.80248
1.81247
1.81785
1.82415
1.83514
1.85077
1.86687
1.87729
1.87757
1.86807
1.85411
1.8424
1.83682
1.83731
1.84148
1.84679
1.85236
1.85908
1.86741
1.87589
1.88197
1.88345
1.87851
1.86571
1.84545
1.82262
1.8065
1.80395
1.81228
1.82249
1.82701
1.82263
1.81001
1.79252
1.77485
1.76135
1.75451
1.75433
1.75924
1.76729
1.77639
1.78424
1.78857
1.78772
1.78107
1.76902
1.75311
1.73571
1.7196
1.70717
1.69981
1.6975
1.69932
1.70498
1.71548
1.73159
1.75193
1.77289
1.7901
1.80007
1.80103
1.79319
1.7787
1.76156
1.74657
1.7376
1.73588
1.74031
1.75031
1.7687
1.7992
1.83989
1.88309
1.92205
1.95318
1.97325
1.97875
1.96808
1.94353
1.91123
1.87937
1.85513
1.84191
1.8385
1.84056
1.84353
1.84501
1.84586
1.84877
1.85469
1.86093
1.86276
1.85652
1.84149
1.82017
1.79716
1.77676
1.76113
1.75051
1.74401
1.73961
1.73384
1.72258
1.70266
1.67329
1.63684
1.59872
1.56622
1.54679
1.54576
1.56389
1.5972
1.64049
1.69086
1.74724
1.80748
1.86692
1.92033
1.9646
1.99969
2.02801
2.05294
2.07661
2.09807
2.11314
2.11642
2.1036
2.07294
2.02578
1.96675
1.90408
1.84888
1.81105
1.79343
1.7908
1.79501
1.80039
1.80495
1.80811
1.8089
1.80743
1.80516
1.80269
1.79924
1.79431
1.78924
1.78706
1.79016
1.79763
1.8054
1.80928
1.80757
1.80087
1.79037
1.77686
1.76118
1.74466
1.72891
1.71547
1.70529
1.69821
1.69313
1.68906
1.6863
1.68694
1.694
1.7091
1.73088
1.75635
1.78291
1.80924
1.83518
1.86083
1.88522
1.90585
1.91981
1.92581
1.92507
1.92062
1.91581
1.91325
1.91431
1.91876
1.92452
1.92781
1.9245
1.91207
1.89155
1.8684
1.85084
1.84489
1.8494
1.8568
1.85943
1.8555
1.84943
1.8468
1.84841
1.84988
1.84701
1.83969
1.83048
1.82184
1.81579
1.81487
1.8223
1.8405
1.8686
1.90135
1.9311
1.95076
1.95534
1.94222
1.91202
1.87048
1.82928
1.80218
1.79571
1.80547
1.82268
1.8389
1.84707
1.8449
1.83653
1.82819
1.82272
1.81994
1.8206
1.82663
1.83818
1.85223
1.86406
1.86989
1.86846
1.86094
1.84978
1.83754
1.82566
1.81381
1.80075
1.78693
1.77611
1.77355
1.78159
1.79698
1.81235
1.82011
1.81558
1.79834
1.77298
1.74875
1.73595
1.73983
1.75838
1.78633
1.81955
1.85473
1.88699
1.91029
1.92011
1.91517
1.8969
1.86826
1.83294
1.79533
1.76034
1.73266
1.71559
1.71054
1.7172
1.73446
1.76112
1.79545
1.83405
1.87135
1.90094
1.91762
1.91908
1.90686
1.88632
1.86453
1.84608
1.8308
1.81729
1.80733
1.80491
1.81182
1.82515
1.83864
1.84607
1.84435
1.83458
1.82095
1.80932
1.80578
1.81336
1.82918
1.84721
1.86268
1.87262
1.87481
1.86782
1.85173
1.82811
1.79952
1.7689
1.73953
1.71569
1.70363
1.7107
1.74086
1.78983
1.84601
1.89663
1.93267
1.95018
1.94938
1.93359
1.90851
1.88113
1.85775
1.84152
1.83179
1.82627
1.82358
1.82318
1.82361
1.8222
1.81693
1.80837
1.79987
1.79589
1.79943
1.81033
1.82543
1.84044
1.85181
1.8574
1.85596
1.84648
1.8289
1.80517
1.77882
1.75385
1.73439
1.7247
1.72735
1.74055
1.75863
1.77547
1.78745
1.79383
1.79539
1.79323
1.7885
1.78216
1.77436
1.76386
1.7492
1.73092
1.71284
1.70018
1.69655
1.70271
1.71717
1.73746
1.7613
1.78762
1.81684
1.84982
1.88571
1.92069
1.94919
1.96629
1.96906
1.95629
1.92822
1.88738
1.84046
1.79914
1.77638
1.77842
1.80016
1.82956
1.85545
1.87133
1.87493
1.86702
1.85049
1.8296
1.80885
1.79234
1.78373
1.78484
1.79264
1.80066
1.80645
1.8145
1.82979
1.85153
1.87473
1.89574
1.91373
1.92757
1.93434
1.93127
1.91797
1.89605
1.86735
1.83376
1.79877
1.76876
1.75155
1.75244
1.77096
1.8013
1.83536
1.86556
1.88629
1.89447
1.88953
1.87299
1.84809
1.81947
1.79247
1.77167
1.75884
1.75236
1.74951
1.7495
1.75432
1.76572
1.78189
1.79753
1.80693
1.80713
1.79912
1.78672
1.77435
1.76513
1.76035
1.76014
1.76438
1.77294
1.78492
1.79756
1.80576
1.8035
1.78722
1.75913
1.72783
1.70411
1.69503
1.70153
1.72036
1.74697
1.77677
1.80571
1.83031
1.8475
1.8549
1.85163
1.83832
1.81639
1.7879
1.75627
1.72696
1.70666
1.70048
1.70947
1.73107
1.76167
1.79817
1.83743
1.87555
1.90832
1.93233
1.94556
1.94761
1.93956
1.92371
1.90291
1.88011
1.85801
1.83803
1.8193
1.79923
1.77603
1.75129
1.72984
1.71694
1.71468
1.72111
1.73261
1.7465
1.76186
1.77869
1.79658
1.81347
1.82559
1.82914
1.823
1.81026
1.7968
1.7875
1.78292
1.7797
1.77437
1.76714
1.76203
1.76374
1.77459
1.79354
1.81679
1.83853
1.85196
1.85104
1.83295
1.79988
1.75965
1.72359
1.70138
1.6953
1.69979
1.70581
1.70614
1.70034
1.69842
1.71446
1.75079
1.79573
1.83576
1.86157
1.86761
1.85229
1.81878
1.77516
1.73321
1.70532
1.69799
1.70661
1.71887
1.72388
1.7175
1.70247
1.6859
1.67538
1.67593
1.68916
1.71358
1.74453
1.77537
1.79957
1.81271
1.81374
1.80534
1.79299
1.7826
1.77751
1.77719
1.77838
1.77819
1.77661
1.77669
1.78182
1.794
1.81598
1.85071
1.89287
1.92747
1.94123
1.92981
1.89584
1.84529
1.78544
1.72361
1.66677
1.62214
1.59737
1.59862
1.62673
1.6753
1.73306
1.78899
1.8363
1.87378
1.90428
1.93041
1.9506
1.96008
1.95578
1.93908
1.91412
1.88469
1.85311
1.82163
1.79404
1.77466
1.76524
1.76397
1.76756
1.77327
1.77942
1.7854
1.79149
1.79844
1.80657
1.81505
1.82171
1.82411
1.82095
1.81342
1.80515
1.80036
1.80164
1.80926
1.82177
1.83686
1.85238
1.86704
1.87998
1.89017
1.89611
1.89621
1.88896
1.87313
1.84836
1.81617
1.78086
1.74942
1.72942
1.72559
1.73736
1.75965
1.78579
1.80958
1.82616
1.8328
1.82956
1.81877
1.80382
1.78778
1.7728
1.76025
1.7514
1.74788
1.75105
1.7609
1.77574
1.79316
1.81129
1.8292
1.84643
1.86221
1.87487
1.88209
1.88196
1.87448
1.86232
1.84994
1.84131
1.83915
1.84605
1.86266
1.88339
1.89828
1.90086
1.89207
1.87809
1.86594
1.85964
1.85873
1.85966
1.85848
1.85323
1.84479
1.8357
1.82756
1.81949
1.80913
1.79472
1.77679
1.75869
1.74618
1.74504
1.758
1.78329
1.81576
1.84918
1.87829
1.89997
1.91358
1.9204
1.92259
1.92203
1.91986
1.91678
1.91305
1.90808
1.9
1.88623
1.8653
1.83893
1.8123
1.79149
1.77987
1.77661
1.77869
1.78395
1.7926
1.80662
1.82679
1.84942
1.86699
1.87262
1.8638
1.84317
1.81699
1.79262
1.77513
1.76388
1.75316
1.73712
1.71391
1.68611
1.65861
1.63669
1.62475
1.6249
1.63487
1.64869
1.66111
1.67046
1.67768
1.68422
1.69128
1.69967
1.70949
1.71964
1.72775
1.73071
1.72611
1.7139
1.69745
1.68289
1.67699
1.68501
1.70879
1.74563
1.78924
1.8327
1.87105
1.90184
1.92411
1.9373
1.94118
1.93701
1.92922
1.92485
1.9296
1.94381
1.96289
1.98121
1.99478
2.00172
2.00183
1.99682
1.99037
1.98687
1.98849
1.99271
1.81116
1.80161
1.77957
1.74574
1.7047
1.66273
1.62549
1.59628
1.57575
1.56301
1.55798
1.56439
1.58817
1.62701
1.66573
1.68854
1.69071
1.67903
1.666
1.6624
1.67161
1.68945
1.70891
1.7249
1.73577
1.74222
1.74556
1.74658
1.74547
1.74203
1.73625
1.72878
1.72139
1.71687
1.7181
1.72643
1.74039
1.75586
1.76738
1.76996
1.76047
1.73824
1.70523
1.66583
1.62609
1.59239
1.56975
1.56018
1.56207
1.57136
1.58397
1.59835
1.61621
1.64021
1.67059
1.70416
1.73671
1.76548
1.78989
1.81054
1.82816
1.84277
1.85357
1.85948
1.86008
1.85609
1.84896
1.83968
1.8277
1.81084
1.78737
1.75955
1.73451
1.71816
1.70899
1.7017
1.69399
1.6878
1.68673
1.69318
1.70684
1.72494
1.74371
1.75962
1.7701
1.77398
1.77203
1.76719
1.76337
1.76293
1.76486
1.76548
1.76076
1.74818
1.72733
1.69973
1.66827
1.63624
1.60664
1.58243
1.56643
1.56037
1.56384
1.57447
1.58912
1.60482
1.61881
1.62859
1.63261
1.63091
1.62504
1.61748
1.61097
1.60837
1.61215
1.62312
1.63956
1.65793
1.67522
1.6911
1.70797
1.72834
1.75155
1.77303
1.78696
1.79023
1.78437
1.7742
1.76402
1.75463
1.74388
1.72916
1.70942
1.68609
1.66316
1.64545
1.63537
1.63124
1.62932
1.62759
1.62746
1.63263
1.64591
1.66653
1.68965
1.70865
1.71816
1.71619
1.70478
1.689
1.67467
1.66609
1.66505
1.67099
1.68177
1.69481
1.70841
1.72267
1.73864
1.75672
1.77563
1.79261
1.80414
1.80662
1.79815
1.78197
1.76813
1.76658
1.77663
1.7893
1.7979
1.80113
1.79992
1.79491
1.78653
1.7759
1.76452
1.75313
1.74111
1.727
1.7095
1.68873
1.66657
1.64602
1.62983
1.61914
1.61313
1.60998
1.60841
1.6088
1.61265
1.62042
1.6298
1.63711
1.64085
1.64302
1.64758
1.65773
1.67422
1.69532
1.71748
1.73648
1.74899
1.75383
1.75255
1.74839
1.7441
1.7403
1.7356
1.72839
1.71824
1.70616
1.69382
1.68233
1.67136
1.65957
1.64614
1.63215
1.62063
1.61461
1.61423
1.61541
1.61236
1.60251
1.59037
1.587
1.60296
1.63886
1.68433
1.72627
1.75634
1.77233
1.77625
1.77218
1.7648
1.75812
1.75417
1.75257
1.75136
1.7481
1.74065
1.72769
1.70948
1.68867
1.66994
1.65769
1.65317
1.65461
1.66007
1.66839
1.67773
1.68577
1.69147
1.69548
1.69861
1.70036
1.69874
1.69159
1.67821
1.66048
1.64297
1.63099
1.62714
1.62927
1.6322
1.63214
1.62941
1.62779
1.6315
1.64196
1.65676
1.6713
1.68168
1.68615
1.6849
1.67911
1.67031
1.65922
1.64525
1.62792
1.60912
1.59302
1.58334
1.58126
1.58592
1.59533
1.6066
1.61634
1.6219
1.62241
1.61935
1.6165
1.61923
1.63188
1.65439
1.68139
1.70506
1.71917
1.72116
1.71194
1.69492
1.67454
1.65455
1.63664
1.62006
1.6026
1.5822
1.55878
1.53615
1.52243
1.52559
1.54603
1.57594
1.60621
1.63157
1.65099
1.66562
1.67635
1.68244
1.68202
1.674
1.65992
1.64422
1.63231
1.62698
1.62629
1.6261
1.62534
1.62712
1.63317
1.64109
1.64884
1.65747
1.66895
1.68335
1.69827
1.71045
1.718
1.72149
1.72312
1.7245
1.72506
1.72251
1.71491
1.7027
1.6881
1.6726
1.65537
1.6348
1.61093
1.58616
1.56409
1.54833
1.54173
1.54551
1.55855
1.57782
1.59994
1.62243
1.64362
1.66214
1.67668
1.68623
1.69044
1.68974
1.68497
1.67665
1.66474
1.64932
1.6314
1.61316
1.59731
1.58633
1.58203
1.58548
1.5966
1.6132
1.63049
1.64238
1.644
1.63351
1.61277
1.58694
1.56363
1.55075
1.55326
1.57081
1.59795
1.62698
1.65132
1.66748
1.67473
1.67368
1.66529
1.65141
1.63565
1.62311
1.61786
1.62074
1.62942
1.64056
1.65154
1.66055
1.66591
1.66574
1.65838
1.64355
1.62364
1.60366
1.58951
1.585
1.58965
1.5994
1.60947
1.6162
1.61776
1.61494
1.61147
1.61254
1.62177
1.63847
1.65757
1.67216
1.67638
1.66716
1.64514
1.61498
1.58453
1.56177
1.55065
1.54872
1.54888
1.54387
1.53062
1.51183
1.49431
1.48585
1.49237
1.51622
1.5555
1.60498
1.6582
1.70963
1.75526
1.79196
1.81719
1.83006
1.83272
1.83042
1.82963
1.83495
1.84632
1.85872
1.86524
1.86131
1.84729
1.82796
1.80988
1.79814
1.794
1.79463
1.79527
1.79248
1.78563
1.77589
1.76427
1.75122
1.73745
1.72405
1.71121
1.6974
1.67985
1.65679
1.62941
1.60151
1.57696
1.5577
1.54393
1.53521
1.53087
1.52987
1.53099
1.53362
1.53855
1.54705
1.55853
1.57013
1.57885
1.58298
1.58209
1.57686
1.56948
1.56313
1.56003
1.55965
1.55944
1.55711
1.55265
1.54842
1.54818
1.55599
1.57493
1.60509
1.6426
1.68107
1.71433
1.73806
1.74985
1.74901
1.73729
1.72
1.70525
1.69916
1.70139
1.7066
1.7089
1.70473
1.69373
1.67847
1.66348
1.65398
1.65487
1.66878
1.69366
1.723
1.74885
1.7649
1.76762
1.75644
1.73349
1.70331
1.67213
1.6467
1.63263
1.63261
1.64523
1.66529
1.68623
1.70326
1.71556
1.7256
1.73631
1.74824
1.759
1.76502
1.76391
1.75549
1.7411
1.7228
1.70324
1.68575
1.67403
1.67067
1.67448
1.68085
1.68554
1.68692
1.685
1.68017
1.67294
1.66422
1.65579
1.65091
1.65485
1.67341
1.70886
1.75705
1.80911
1.85597
1.89115
1.91064
1.91229
1.8965
1.86713
1.83131
1.79721
1.7705
1.75241
1.74087
1.73294
1.72663
1.72185
1.72017
1.72321
1.7308
1.74073
1.75001
1.75634
1.75846
1.75612
1.7505
1.74435
1.74077
1.74099
1.74386
1.74741
1.75076
1.75436
1.75829
1.76104
1.76067
1.75707
1.75264
1.75051
1.75223
1.75682
1.76186
1.76511
1.76507
1.76077
1.75189
1.73947
1.72588
1.71274
1.69909
1.68264
1.66279
1.64234
1.62627
1.61905
1.62257
1.63569
1.65519
1.67719
1.69851
1.71726
1.73251
1.74332
1.74778
1.74368
1.72953
1.70555
1.67406
1.64002
1.6107
1.59374
1.59359
1.60937
1.6358
1.6663
1.69531
1.71904
1.73575
1.74539
1.74869
1.74652
1.74001
1.72989
1.71542
1.69519
1.66948
1.64127
1.61592
1.60015
1.6
1.61689
1.64542
1.67611
1.70055
1.714
1.71538
1.70585
1.68682
1.65903
1.62363
1.58481
1.55071
1.53097
1.53245
1.55599
1.59478
1.63646
1.66961
1.6882
1.69166
1.68317
1.66758
1.64906
1.62989
1.61221
1.60049
1.60096
1.61719
1.64601
1.67847
1.70483
1.719
1.72106
1.71758
1.71828
1.72876
1.74565
1.76013
1.76475
1.7568
1.73788
1.71301
1.68969
1.67534
1.67322
1.68074
1.69213
1.70184
1.70578
1.70133
1.68794
1.66808
1.64703
1.63098
1.62388
1.62581
1.63368
1.64354
1.65273
1.66064
1.66801
1.67546
1.68259
1.6886
1.69346
1.69836
1.70476
1.71294
1.72155
1.72836
1.73161
1.73071
1.7266
1.72135
1.71711
1.71493
1.71425
1.71324
1.70999
1.70319
1.69266
1.67919
1.66416
1.64912
1.63554
1.62459
1.61687
1.61182
1.60734
1.60011
1.587
1.5677
1.54721
1.53498
1.53731
1.55035
1.56344
1.56782
1.56103
1.54644
1.53169
1.52595
1.53511
1.55787
1.58681
1.61346
1.63276
1.64449
1.65226
1.66083
1.67281
1.68676
1.6981
1.70261
1.70023
1.69646
1.69874
1.7101
1.72717
1.74399
1.75582
1.76019
1.75675
1.74697
1.73374
1.72104
1.71302
1.71252
1.71955
1.73132
1.74399
1.7548
1.76321
1.77005
1.77542
1.77776
1.77514
1.7672
1.75558
1.74219
1.72733
1.70974
1.68856
1.66531
1.64377
1.62798
1.62096
1.62424
1.63758
1.65853
1.68351
1.70922
1.73316
1.75336
1.76812
1.77624
1.77767
1.77393
1.7677
1.76173
1.75761
1.75559
1.75549
1.75701
1.7591
1.75923
1.75409
1.74119
1.72013
1.69311
1.66522
1.64394
1.6366
1.64638
1.67027
1.70163
1.73411
1.76314
1.78505
1.79679
1.79696
1.7867
1.76888
1.74645
1.72141
1.6952
1.66935
1.64546
1.62506
1.60993
1.60196
1.6018
1.6078
1.61745
1.63012
1.64682
1.66712
1.68744
1.70289
1.71012
1.70862
1.70011
1.68708
1.67154
1.65477
1.63789
1.62207
1.60806
1.59601
1.58622
1.57914
1.57441
1.57061
1.56687
1.56471
1.56747
1.57761
1.59465
1.61522
1.6346
1.64838
1.65388
1.65097
1.64254
1.63436
1.63334
1.64442
1.66797
1.69962
1.73193
1.75634
1.76515
1.75405
1.72502
1.68804
1.65781
1.64491
1.65007
1.6675
1.68951
1.70816
1.71668
1.71192
1.69568
1.67413
1.65589
1.64883
1.6571
1.67978
1.71189
1.74701
1.77919
1.80353
1.81689
1.81854
1.81007
1.79412
1.7732
1.74925
1.724
1.69901
1.67522
1.65252
1.63045
1.61026
1.59691
1.59771
1.61616
1.64693
1.68028
1.71025
1.73652
1.76057
1.78223
1.79924
1.80919
1.81123
1.80659
1.79749
1.78507
1.76792
1.74236
1.70482
1.65593
1.60467
1.56816
1.56162
1.58547
1.62627
1.66986
1.70899
1.74154
1.76643
1.782
1.78737
1.78472
1.77943
1.7771
1.78017
1.78791
1.79834
1.80865
1.8145
1.81016
1.79058
1.75674
1.72131
1.69967
1.68932
1.67605
1.65704
1.64186
1.63765
1.64144
1.64554
1.64531
1.64092
1.63451
1.62735
1.62042
1.61681
1.62159
1.63794
1.66316
1.68964
1.71015
1.72172
1.72594
1.72657
1.72672
1.72727
1.72745
1.72668
1.72584
1.72729
1.73361
1.74513
1.75823
1.76663
1.76516
1.75248
1.7313
1.7072
1.68675
1.67529
2.15207
2.15154
2.15268
2.15403
2.15602
2.16105
2.1717
2.1879
2.20578
2.21964
2.22484
2.21971
2.20595
2.18696
2.16554
2.14298
2.11994
2.09779
2.07821
2.06135
2.04443
2.02234
1.98999
1.94545
1.89239
1.84014
1.80053
1.78247
1.78872
1.81645
1.85973
1.91135
1.96428
2.01265
2.05231
2.08073
2.09713
2.1025
2.09934
2.08994
2.07475
2.05363
2.0293
2.0077
1.99392
1.98786
1.98529
1.98289
1.98203
1.98814
2.00598
2.03533
2.0706
2.10401
2.12843
2.13788
2.12723
2.09346
2.03894
1.9749
1.91891
1.88416
1.87169
1.8741
1.88403
1.90042
1.92764
1.96518
2.00204
2.02669
2.03606
2.03357
2.02412
2.01142
1.99757
1.98393
1.97255
1.96728
1.9726
1.98989
2.01492
2.03969
2.05762
2.06771
2.07426
2.08233
2.09441
2.11072
2.12962
2.14684
2.15494
2.14514
2.11094
2.05158
1.97415
1.89302
1.82513
1.78288
1.77026
1.78609
1.82542
1.87555
1.92028
1.95106
1.96985
1.98421
2.00154
2.02485
2.05096
2.07257
2.08285
2.07833
2.0584
2.02373
1.97597
1.91962
1.86447
1.82454
1.81152
1.82704
1.86251
1.90554
1.94557
1.97616
1.99566
2.0061
2.01145
2.01574
2.02132
2.02775
2.03247
2.03307
2.02875
2.02047
2.01066
2.00301
2.00219
2.01268
2.03592
2.06736
2.09785
2.11896
2.12589
2.11648
2.09079
2.05128
2.00163
1.94971
1.91352
1.9098
1.93346
1.96485
1.99047
2.00865
2.02353
2.03703
2.04503
2.04119
2.02369
1.99732
1.97047
1.95092
1.94297
1.94644
1.9577
1.97202
1.98571
1.99721
2.00695
2.0165
2.02827
2.04461
2.06522
2.08585
2.10101
2.10801
2.10817
2.10469
2.10051
2.098
2.09838
2.10056
2.10109
2.09653
2.08767
2.08214
2.08922
2.10845
2.12829
2.13655
2.12708
2.10012
2.06012
2.01211
1.96068
1.91473
1.88683
1.87765
1.87102
1.85185
1.81734
1.77492
1.7376
1.72013
1.73404
1.78215
1.85581
1.93791
2.0108
2.06346
2.09332
2.10355
2.09943
2.08593
2.06691
2.04517
2.02239
1.99931
1.97618
1.95371
1.93343
1.91666
1.90374
1.89512
1.89285
1.89979
1.91739
1.94499
1.97959
2.01516
2.04388
2.05982
2.06171
2.0531
2.0403
2.02981
2.02663
2.03335
2.04983
2.07302
2.0973
2.11597
2.12357
2.11783
2.09965
2.07137
2.03562
1.99627
1.9596
1.93256
1.91897
1.91845
1.92854
1.94654
1.96961
1.99436
2.01651
2.03166
2.03687
2.03241
2.02209
2.01112
2.00271
1.99577
1.98601
1.97091
1.95538
1.94863
1.95229
1.95925
1.96626
1.97844
2.00159
2.0342
2.06817
2.09514
2.11076
2.11413
2.10642
2.09159
2.0777
2.07482
2.08871
2.11673
2.15016
2.17934
2.19715
2.2002
2.1887
2.16545
2.13463
2.10155
2.07246
2.05311
2.0462
2.05024
2.0609
2.0727
2.08063
2.08155
2.07476
2.06098
2.04113
2.01664
1.99172
1.97269
1.96166
1.95286
1.93878
1.91801
1.8976
1.88998
1.90347
1.93427
1.97113
2.00458
2.02901
2.04125
2.04112
2.03221
2.02004
2.0083
1.9968
1.98272
1.96326
1.93781
1.90868
1.88058
1.8593
1.8506
1.85893
1.88531
1.92615
1.97494
2.02503
2.07126
2.11091
2.14411
2.173
2.19952
2.22291
2.23878
2.24024
2.22101
2.17969
2.12324
2.06555
2.01893
1.98508
1.95634
1.92652
1.90108
1.89596
1.91999
1.96383
2.01382
2.0631
2.10743
2.14118
2.15962
2.16177
2.15096
2.13377
2.11821
2.11083
2.11398
2.12481
2.13697
2.14379
2.14089
2.12703
2.10337
2.07241
2.03886
2.01081
1.99641
1.99631
2.00199
2.00353
1.99747
1.98831
1.98425
1.99085
2.00695
2.02595
2.04075
2.04746
2.04569
2.03705
2.02367
2.00841
1.99588
1.99177
1.99866
2.01323
2.02905
2.03969
2.03834
2.01965
1.98466
1.94259
1.90701
1.88868
1.88985
1.90438
1.9238
1.94335
1.96284
1.98322
2.00407
2.02414
2.04301
2.06147
2.08042
2.09932
2.1161
2.12826
2.13288
2.1273
2.11145
2.08885
2.06434
2.0422
2.02464
2.00806
1.98491
1.95496
1.93047
1.92577
1.94244
1.96871
1.99039
1.99858
1.99207
1.97667
1.96194
1.95599
1.96168
1.97714
1.99801
2.01879
2.03472
2.04455
2.05117
2.05763
2.06328
2.06665
2.07014
2.07829
2.09251
2.10883
2.12067
2.12331
2.11658
2.10397
2.08939
2.07448
2.05885
2.04192
2.02498
2.01171
2.00623
2.01005
2.02214
2.04008
2.0592
2.07234
2.07424
2.06796
2.06414
2.06948
2.08004
2.08974
2.0971
2.10222
2.10424
2.10286
2.09973
2.09603
2.08859
2.07253
2.05367
2.0557
2.09374
2.14885
2.195
2.22237
2.2319
2.22845
2.21834
2.20793
2.20176
2.20117
2.20431
2.20703
2.20445
2.1931
2.1734
2.15076
2.13254
2.12253
2.11817
2.11363
2.10449
2.08995
2.0724
2.05552
2.04264
2.03564
2.03469
2.0381
2.04258
2.04422
2.04065
2.03263
2.02383
2.01871
2.01985
2.02637
2.03442
2.03866
2.0345
2.02039
1.99842
1.9725
1.94554
1.91931
1.89771
1.8884
1.89819
1.92747
1.97122
2.02251
2.07346
2.11585
2.14275
2.15033
2.1393
2.11518
2.0864
2.06077
2.0437
2.03838
2.04511
2.06018
2.07688
2.08826
2.08943
2.07831
2.0554
2.02369
1.98968
1.96439
1.96023
1.98195
2.02093
2.06276
2.09783
2.12341
2.14043
2.1506
2.15515
2.15414
2.14585
2.12716
2.09586
2.05375
2.00721
1.96365
1.92765
1.90071
1.88272
1.87339
1.8721
1.87597
1.87957
1.87949
1.88
1.89185
1.92261
1.96781
2.01383
2.04756
2.06226
2.05831
2.04191
2.02215
2.00502
1.98928
1.97128
1.95169
1.9345
1.92186
1.91232
1.90351
1.89558
1.8919
1.8966
1.91102
1.93227
1.95518
1.97518
1.9899
1.99886
2.00179
1.99868
1.99386
2.0006
2.0295
2.07031
2.10388
2.12291
2.13149
2.1359
2.13942
2.14216
2.14302
2.1412
2.13587
2.1248
2.10454
2.07452
2.04195
2.0154
1.99135
1.96069
1.92855
1.91198
1.91237
1.90879
1.88375
1.83673
1.7794
1.73048
1.7114
1.73226
1.78
1.83377
1.88265
1.92366
1.95525
1.97619
1.98669
1.98895
1.9866
1.9832
1.98121
1.98188
1.98541
1.99019
1.99237
1.98703
1.97075
1.94456
1.91527
1.89313
1.88535
1.88993
1.89718
1.8988
1.89394
1.88644
1.87807
1.8657
1.84413
1.81175
1.77531
1.74891
1.74435
1.76173
1.79295
1.82998
1.86733
1.90044
1.92427
1.93413
1.9288
1.91212
1.88882
1.86122
1.83518
1.82193
1.8291
1.85654
1.89853
1.94528
1.98555
2.0105
2.01623
2.00542
1.98753
1.97501
1.97651
1.99262
2.01817
2.04784
2.07911
2.11133
2.1438
2.17508
2.20323
2.22535
2.23705
2.23308
2.20935
2.16557
2.10752
2.04795
2.00329
1.98476
1.99067
2.00909
2.02711
2.03695
2.03689
2.03006
2.02252
2.02051
2.0276
2.04336
2.06388
2.08351
2.09634
2.09748
2.08437
2.058
2.02358
1.98957
1.965
1.95595
1.96361
1.98519
2.01617
2.05158
2.08654
2.11697
2.14023
2.15542
2.16289
2.16371
2.15904
2.15018
2.13913
2.12955
2.12639
2.13274
2.14575
2.1579
2.16265
2.15774
2.1445
2.12636
2.10829
2.09541
2.09001
2.0903
2.09267
2.09416
2.09294
2.08923
2.08588
2.08564
2.08748
2.08665
2.07849
2.06188
2.04034
2.01962
2.00372
1.99362
1.9894
1.99167
2.00146
2.02017
2.04818
2.08257
2.11745
2.14685
2.16664
2.17473
2.17076
2.15622
2.13425
2.10898
2.08482
2.06572
2.05413
2.04928
2.04666
2.04091
2.03071
2.02062
2.0173
2.02419
2.03936
2.05796
2.07608
2.09159
2.10264
2.10706
2.10291
2.08943
2.06791
2.0426
2.02043
2.00775
2.00585
2.01003
2.01388
2.01406
2.01114
2.00703
2.00228
1.99559
1.98542
1.97171
1.95608
1.94056
1.92633
1.91352
1.90203
1.89281
1.88815
1.89031
1.8992
1.91188
1.92491
1.93635
1.94532
1.95114
1.95533
1.96296
1.9784
2.00031
2.02448
2.04825
2.06921
2.0832
2.08547
2.07399
2.05266
2.03131
2.019
2.01625
2.01786
2.02028
2.0231
2.02692
2.03264
2.04177
2.05562
2.07358
2.09236
2.10658
2.11027
2.10004
2.07918
2.05745
2.04243
2.03223
2.02065
2.00521
1.98836
1.97547
1.97216
1.981
1.99935
2.0207
2.03842
2.04824
2.0481
2.03719
2.01584
1.98612
1.95215
1.9197
1.89483
1.88209
1.88337
1.89854
1.92675
1.96564
2.00875
2.04649
2.07131
2.08117
2.07888
2.0692
2.05592
2.04097
2.02613
2.01363
2.00362
1.99275
1.97735
1.95817
1.94073
1.93004
1.92634
1.92787
1.93617
1.95419
1.97863
2.001
2.01577
2.02332
2.02686
2.02888
2.02925
2.02588
2.01652
2.00004
1.97735
1.9524
1.93177
1.92159
1.92403
1.93623
1.95178
1.96342
1.96553
1.95571
1.93503
1.90867
1.88614
1.87718
1.88461
1.9026
1.9221
1.9369
1.94539
1.94812
1.94439
1.93243
1.91369
1.89535
1.88665
1.89196
1.90804
1.92812
1.94702
1.96264
1.97492
1.98484
1.99377
2.00267
2.01094
2.01637
2.0166
2.01051
1.99792
1.97909
1.95589
1.93335
1.9178
1.91264
1.91715
1.92968
1.95046
1.98147
2.02402
2.07569
2.12929
2.1759
2.20902
2.22628
2.2281
2.21544
2.18892
2.14976
2.10098
2.04747
1.99517
1.95105
1.92195
1.91032
1.91115
1.91603
1.91935
1.92071
1.92299
1.92877
1.93789
1.94851
1.95971
1.9725
1.98849
2.00783
2.02855
2.04777
2.06355
2.07666
2.09083
2.11053
2.13674
2.1643
2.18392
2.18729
2.17235
2.14418
