-6.36253
-6.3548
-6.34106
-6.31926
-6.28677
-6.24207
-6.1862
-6.11507
-6.02672
-5.92019
-5.79419
-5.65059
-5.49911
-5.34912
-5.21276
-5.10069
-5.02094
-4.97484
-4.95865
-4.96533
-4.99001
-5.02126
-5.05554
-5.08806
-5.11466
-5.13417
-5.14641
-5.15243
-5.15632
-5.15886
-5.15985
-5.16124
-5.16173
-5.1587
-5.15082
-5.13596
-5.11359
-5.08578
-5.05466
-5.02526
-5.00097
-4.98093
-4.96796
-4.96116
-4.95919
-4.962
-4.97014
-4.98309
-4.99963
-5.01751
-5.03419
-5.04663
-5.05341
-5.05424
-5.04915
-5.03759
-5.02479
-5.0117
-5.00241
-4.99691
-4.99574
-4.99776
-5.00223
-5.00822
-5.01556
-5.02337
-5.02952
-5.033
-5.03467
-5.03343
-5.03093
-5.02981
-5.03206
-5.03855
-5.04907
-5.06113
-5.07147
-5.0782
-5.08297
-5.08656
-5.08829
-5.08795
-5.09009
-5.08876
-5.08511
-5.08054
-5.07569
-5.07204
-5.07216
-5.07295
-5.0762
-5.08027
-5.08497
-5.08989
-5.09357
-5.09352
-5.09097
-5.08402
-5.07473
-5.06112
-5.0443
-5.02451
-5.00217
-4.97902
-4.95518
-4.93325
-4.91593
-4.90558
-4.90496
-4.9147
-4.93312
-4.95817
-4.98729
-5.01479
-5.03662
-5.05278
-5.06188
-5.06466
-5.06017
-5.05181
-5.04251
-5.03202
-5.02525
-5.01962
-5.01491
-5.01028
-5.00554
-5.0022
-5.00169
-5.00579
-5.01674
-5.032
-5.04982
-5.0706
-5.09274
-5.11463
-5.13095
-5.14339
-5.15005
-5.15243
-5.15142
-5.15007
-5.15042
-5.15181
-5.15298
-5.1513
-5.14581
-5.13668
-5.12742
-5.11902
-5.11612
-5.11669
-5.12178
-5.12688
-5.1277
-5.12497
-5.11505
-5.09939
-5.07875
-5.05746
-5.04098
-5.03244
-5.03655
-5.05009
-5.06451
-5.07447
-5.07928
-5.08131
-5.08387
-5.08947
-5.09866
-5.10977
-5.12163
-5.13447
-5.14582
-5.15732
-5.16837
-5.17991
-5.18654
-5.18741
-5.17759
-5.16051
-5.13891
-5.11689
-5.1004
-5.09503
-5.09961
-5.11143
-5.12445
-5.13763
-5.14656
-5.15278
-5.1565
-5.156
-5.15038
-5.14025
-5.124
-5.10196
-5.0754
-5.04747
-5.01883
-4.99079
-4.96611
-4.94755
-4.93515
-4.93153
-4.93616
-4.94733
-4.96575
-4.99085
-5.02299
-5.05846
-5.09571
-5.13178
-5.16332
-5.18993
-5.20852
-5.21823
-5.22129
-5.21641
-5.20681
-5.19206
-5.17531
-5.15898
-5.13992
-5.12196
-5.10527
-5.09178
-5.08215
-5.07699
-5.07816
-5.08325
-5.09532
-5.11182
-5.13034
-5.14938
-5.16715
-5.17989
-5.18762
-5.18948
-5.18587
-5.17842
-5.1669
-5.15422
-5.1427
-5.13746
-5.1384
-5.14613
-5.16097
-5.17698
-5.19539
-5.20994
-5.21992
-5.22655
-5.22604
-5.21668
-5.20034
-5.18225
-5.1636
-5.14511
-5.12802
-5.11054
-5.09246
-5.07435
-5.05718
-5.04252
-5.03124
-5.023
-5.01907
-5.01834
-5.02071
-5.02419
-5.0269
-5.02752
-5.02383
-5.01469
-5.00182
-4.98511
-4.96961
-4.95736
-4.95357
-4.96167
-4.98185
-5.01043
-5.04431
-5.07568
-5.10118
-5.11423
-5.11446
-5.10554
-5.09051
-5.07415
-5.05895
-5.05176
-5.05244
-5.0619
-5.07742
-5.09244
-5.10685
-5.11846
-5.12577
-5.12883
-5.12593
-5.11811
-5.1063
-5.09218
-5.07747
-5.06435
-5.05141
-5.03994
-5.02978
-5.02526
-5.02931
-5.0446
-5.06729
-5.09429
-5.11839
-5.13543
-5.14345
-5.1405
-5.12915
-5.11187
-5.09327
-5.07694
-5.06725
-5.06515
-5.07053
-5.0801
-5.08986
-5.09622
-5.09605
-5.0858
-5.0681
-5.04442
-5.01743
-4.99248
-4.97307
-4.96155
-4.95796
-4.96364
-4.97494
-4.99287
-5.01389
-5.03608
-5.05368
-5.06711
-5.07034
-5.066
-5.05473
-5.04116
-5.03082
-5.02782
-5.03307
-5.04364
-5.05468
-5.06157
-5.06621
-5.0693
-5.0718
-5.07648
-5.08423
-5.09412
-5.10493
-5.11418
-5.12048
-5.1264
-5.12843
-5.12982
-5.12929
-5.12755
-5.12543
-5.12429
-5.12449
-5.12705
-5.13032
-5.13422
-5.13689
-5.13781
-5.13741
-5.13547
-5.13167
-5.12814
-5.12437
-5.12307
-5.12146
-5.12006
-5.11747
-5.11443
-5.11127
-5.10515
-5.09718
-5.09093
-5.0851
-5.07963
-5.07761
-5.07821
-5.07864
-5.07824
-5.07689
-5.07313
-5.0731
-5.0774
-5.08449
-5.09494
-5.1047
-5.11318
-5.11886
-5.12343
-5.12568
-5.12576
-5.12727
-5.13151
-5.13839
-5.14769
-5.15802
-5.16876
-5.17853
-5.1845
-5.18613
-5.1824
-5.17243
-5.15907
-5.14116
-5.12258
-5.10357
-5.08851
-5.07814
-5.07263
-5.07182
-5.075
-5.08173
-5.09014
-5.09627
-5.10069
-5.1014
-5.10025
-5.09878
-5.0976
-5.09911
-5.10302
-5.10761
-5.11102
-5.11165
-5.10533
-5.09061
-5.0697
-5.04583
-5.02714
-5.01683
-5.01905
-5.03179
-5.0518
-5.07623
-5.10425
-5.13396
-5.16424
-5.19431
-5.22259
-5.24613
-5.26459
-5.27536
-5.27953
-5.2774
-5.26794
-5.25157
-5.22869
-5.19933
-5.16711
-5.13419
-5.10265
-5.07664
-5.05792
-5.04724
-5.04165
-5.04174
-5.04721
-5.05794
-5.07467
-5.09914
-5.12405
-5.14748
-5.16321
-5.16745
-5.16221
-5.14837
-5.13661
-5.13172
-5.13831
-5.15301
-5.17225
-5.19062
-5.20349
-5.20688
-5.20034
-5.18643
-5.16761
-5.14638
-5.12581
-5.10879
-5.09986
-5.09797
-5.10332
-5.11203
-5.12274
-5.13103
-5.13528
-5.13508
-5.12968
-5.11852
-5.10153
-5.08043
-5.05564
-5.03318
-5.01858
-5.01562
-5.02716
-5.04966
-5.07858
-5.11346
-5.14688
-5.17864
-5.20542
-5.22717
-5.24478
-5.26021
-5.27325
-5.28391
-5.29082
-5.29065
-5.2821
-5.26606
-5.24319
-5.21492
-5.18295
-5.14782
-5.11284
-5.08126
-5.05361
-5.03282
-5.01911
-5.01303
-5.01402
-5.01773
-5.02403
-5.03065
-5.03843
-5.04909
-5.06266
-5.07936
-5.09373
-5.10572
-5.112
-5.11056
-5.10108
-5.08467
-5.06503
-5.0425
-5.02387
-5.00802
-4.99395
-4.98151
-4.96946
-4.95861
-4.95301
-4.95454
-4.96601
-4.98641
-5.01122
-5.04145
-5.07036
-5.09572
-5.11402
-5.12537
-5.12772
-5.12187
-5.11005
-5.0953
-5.08125
-5.07099
-5.06594
-5.06327
-5.06071
-5.05764
-5.05108
-5.04127
-5.02822
-5.01274
-4.99526
-4.97549
-4.95708
-4.94168
-4.93362
-4.9379
-4.9531
-4.97454
-4.99726
-5.01777
-5.03576
-5.04972
-5.06202
-5.07475
-5.08865
-5.10187
-5.11348
-5.12231
-5.12644
-5.12662
-5.12521
-5.12199
-5.1168
-5.11079
-5.10368
-5.09721
-5.08683
-5.07504
-5.06248
-5.05095
-5.04327
-5.0414
-5.04645
-5.05808
-5.07452
-5.08953
-5.10052
-5.1052
-5.0995
-5.0805
-5.05237
-5.01721
-4.98196
-4.9529
-4.93375
-4.92293
-4.91927
-4.9215
-4.92675
-4.93606
-4.95018
-4.9684
-4.99083
-5.01654
-5.04408
-5.0703
-5.09465
-5.11504
-5.12864
-5.13401
-5.13009
-5.11567
-5.09318
-5.06551
-5.04051
-5.02334
-5.0189
-5.02769
-5.0478
-5.07666
-5.10896
-5.14169
-5.16774
-5.18563
-5.19315
-5.19092
-5.17973
-5.16143
-5.14043
-5.1219
-5.11022
-5.10563
-5.10942
-5.11823
-5.12767
-5.13681
-5.14209
-5.14495
-5.14839
-5.15333
-5.15865
-5.16044
-5.15696
-5.14586
-5.12493
-5.09823
-5.06876
-5.04425
-5.02635
-5.01992
-5.02501
-5.03875
-5.05989
-5.08239
-5.10228
-5.11762
-5.12455
-5.12382
-5.11574
-5.10185
-5.08526
-5.07105
-5.06228
-5.06214
-5.06883
-5.08379
-5.10528
-5.12753
-5.14938
-5.16725
-5.1809
-5.18665
-5.18489
-5.17455
-5.15562
-5.13118
-5.10148
-5.07008
-5.03796
-5.00864
-4.9831
-4.9658
-4.95679
-4.95619
-4.9593
-4.96545
-4.97151
-4.97753
-4.98253
-4.98869
-4.99682
-5.01003
-5.02112
-5.03172
-5.03823
-5.04227
-5.05085
-5.06488
-5.08492
-5.10997
-5.13282
-5.14898
-5.15415
-5.14746
-5.12901
-5.10133
-5.07001
-5.04167
-5.02306
-5.02022
-5.0332
-5.05735
-5.08744
-5.11869
-5.14926
-5.17323
-5.19133
-5.20517
-5.21476
-5.22151
-5.22605
-5.22892
-5.22632
-5.21788
-5.20151
-5.17717
-5.14525
-5.10608
-5.06099
-5.01347
-4.96904
-4.93453
-4.90987
-4.89895
-4.89815
-4.90271
-4.90983
-4.91856
-4.92706
-4.93651
-4.94878
-4.9651
-4.98739
-5.0161
-5.04904
-5.08542
-5.11993
-5.14968
-5.17292
-5.18717
-5.19195
-5.18984
-5.17969
-5.16137
-5.13869
-5.11307
-5.0894
-5.06778
-5.05135
-5.03629
-5.02263
-5.00924
-4.99619
-4.98824
-4.98217
-4.98104
-4.98371
-4.98926
-4.99584
-5.00058
-5.00467
-5.00581
-5.00474
-5.00338
-5.00707
-5.0175
-5.03576
-5.05884
-5.08366
-5.10651
-5.12391
-5.13654
-5.14606
-5.15187
-5.15615
-5.15802
-5.15868
-5.15952
-5.15983
-5.16018
-5.16248
-5.1656
-5.16985
-5.17351
-5.17654
-5.17736
-5.17623
-5.17402
-5.16988
-5.16699
-5.16597
-5.16766
-5.17036
-5.17428
-5.1785
-5.18155
-5.18277
-5.17967
-5.1713
-5.15775
-5.14041
-5.12115
-5.10222
-5.08361
-5.06634
-5.04868
-5.02923
-5.0122
-5.00294
-5.00747
-5.02307
-5.04566
-5.06752
-5.08779
-5.10368
-5.11785
-5.12953
-5.13798
-5.14131
-5.1413
-5.13716
-5.12726
-5.11374
-5.09613
-5.07435
-5.05121
-5.02966
-5.01429
-5.00796
-5.01115
-5.02206
-5.0346
-5.04442
-5.04576
-5.03906
-5.02577
-5.00777
-4.98984
-4.97543
-4.96588
-4.96176
-4.96354
-4.97388
-4.99333
-5.02194
-5.05641
-5.09421
-5.13223
-5.16606
-5.19376
-5.21282
-5.2222
-5.22602
-5.22292
-5.21099
-5.19379
-5.16973
-5.14008
-5.10645
-5.07386
-5.04379
-5.02069
-5.00275
-4.99135
-4.98711
-4.99082
-4.99746
-5.00853
-5.01933
-5.03211
-5.04345
-5.05545
-5.0669
-5.07802
-5.08893
-5.10009
-5.11122
-5.11996
-5.12698
-5.12737
-5.12235
-5.11239
-5.102
-5.09595
-5.09786
-5.10656
-5.12088
-5.13617
-5.14557
-5.14642
-5.13832
-5.12389
-5.10632
-5.08652
-5.06628
-5.0486
-5.03779
-5.0369
-5.04768
-5.06902
-5.09893
-5.12844
-5.14994
-5.16296
-5.16597
-5.15814
-5.14066
-5.11748
-5.08931
-5.05664
-5.02254
-4.9869
-4.9513
-4.92079
-4.89758
-4.88153
-4.8726
-4.87144
-4.87521
-4.88603
-4.90057
-4.91816
-4.93501
-4.95156
-4.96573
-4.98132
-4.99666
-5.01285
-5.02754
-5.04233
-5.05561
-5.06933
-5.08082
-5.08874
-5.09036
-5.08382
-5.06813
-5.04661
-5.02358
-5.00732
-5.00143
-5.00657
-5.02073
-5.03932
-5.05572
-5.06865
-5.07685
-5.0851
-5.09316
-5.10339
-5.113
-5.12116
-5.12377
-5.09044
-4.99505
-4.83839
-4.63543
-4.41521
-4.21562
-4.06958
-3.98329
-3.94007
-3.9132
-3.88561
-3.84892
-3.80595
-3.77423
-3.77225
-3.80101
-3.84712
-3.88172
-3.88568
-3.86256
-3.82595
-3.8067
-3.8299
-3.89542
-3.9724
-4.02324
-4.02792
-3.99013
-3.93107
-3.87576
-3.83451
-3.80884
-3.78841
-3.76464
-3.74247
-3.72508
-3.71992
-3.73382
-3.76866
-3.82246
-3.885
-3.94648
-3.99001
-4.01204
-4.00813
-3.9828
-3.95187
-3.92913
-3.92362
-3.92443
-3.92322
-3.92706
-3.94963
-3.98198
-4.00012
-3.98293
-3.93303
-3.86151
-3.78741
-3.72529
-3.67737
-3.65007
-3.64902
-3.66747
-3.69527
-3.72434
-3.75598
-3.79646
-3.84704
-3.90026
-3.94558
-3.97969
-4.00306
-4.01649
-4.02143
-4.01896
-4.01105
-3.99872
-3.98301
-3.96384
-3.95155
-3.9562
-3.98384
-4.03182
-4.09304
-4.15681
-4.21083
-4.24966
-4.27029
-4.26931
-4.24533
-4.2077
-4.16634
-4.13204
-4.10906
-4.08833
-4.05689
-4.01358
-3.96112
-3.90563
-3.86121
-3.84052
-3.85191
-3.89502
-3.95765
-4.02859
-4.10161
-4.16902
-4.22738
-4.27133
-4.30093
-4.31651
-4.31602
-4.29016
-4.23866
-4.16482
-4.07501
-3.97542
-3.87036
-3.77057
-3.68935
-3.63929
-3.62236
-3.64089
-3.69122
-3.76546
-3.85088
-3.92841
-3.98349
-4.01071
-4.01771
-4.02069
-4.02876
-4.04594
-4.06261
-4.06722
-4.05113
-4.0144
-3.96321
-3.91076
-3.87687
-3.86609
-3.86924
-3.86511
-3.84763
-3.83204
-3.84049
-3.87788
-3.92991
-3.98801
-4.04737
-4.10133
-4.13971
-4.14956
-4.12456
-4.06657
-3.98652
-3.89647
-3.80936
-3.74294
-3.71117
-3.70956
-3.72725
-3.75088
-3.77565
-3.80735
-3.84823
-3.90088
-3.96216
-4.01936
-4.06233
-4.0873
-4.09905
-4.09825
-4.08597
-4.06346
-4.02982
-3.99962
-3.98405
-3.98407
-3.99001
-3.98499
-3.9571
-3.89803
-3.82099
-3.76011
-3.75551
-3.81244
-3.89041
-3.94933
-3.98862
-4.02695
-4.07973
-4.13673
-4.18207
-4.20594
-4.21128
-4.20495
-4.19284
-4.18094
-4.16677
-4.14411
-4.1032
-4.04265
-3.9639
-3.88025
-3.80948
-3.77213
-3.77776
-3.80933
-3.8394
-3.84936
-3.83921
-3.82143
-3.81152
-3.81423
-3.83472
-3.88115
-3.94874
-4.01704
-4.06525
-4.0888
-4.09203
-4.08569
-4.07947
-4.08234
-4.09839
-4.11335
-4.09908
-4.03776
-3.9357
-3.83479
-3.77955
-3.7656
-3.7687
-3.77115
-3.78108
-3.80973
-3.86433
-3.93148
-3.99694
-4.0476
-4.07869
-4.09154
-4.0891
-4.07793
-4.06407
-4.05634
-4.0656
-4.10444
-4.16674
-4.22636
-4.24981
-4.22762
-4.15769
-4.05056
-3.93443
-3.83829
-3.78528
-3.77435
-3.7877
-3.80774
-3.8214
-3.82982
-3.83451
-3.84426
-3.85777
-3.86833
-3.87816
-3.89256
-3.91594
-3.94608
-3.98297
-4.02092
-4.05957
-4.09965
-4.13721
-4.16703
-4.18294
-4.17936
-4.15676
-4.11611
-4.05831
-3.98304
-3.89375
-3.80929
-3.75801
-3.766
-3.84062
-3.94322
-4.02281
-4.045
-4.00609
-3.92078
-3.8157
-3.7278
-3.68944
-3.70803
-3.75995
-3.81494
-3.85629
-3.87868
-3.87995
-3.87309
-3.87677
-3.90181
-3.93199
-3.94966
-3.95077
-3.9451
-3.94722
-3.96377
-3.9962
-4.04323
-4.08938
-4.12124
-4.12454
-4.08979
-4.02508
-3.95894
-3.92514
-3.94695
-4.00494
-4.05997
-4.08576
-4.07102
-4.01759
-3.94368
-3.88469
-3.85922
-3.86037
-3.87247
-3.88358
-3.88138
-3.86385
-3.84576
-3.84124
-3.85617
-3.87851
-3.88484
-3.85868
-3.79807
-3.71291
-3.62385
-3.55656
-3.54127
-3.58895
-3.68666
-3.80434
-3.90716
-3.97012
-3.98004
-3.94185
-3.86957
-3.7742
-3.68367
-3.64627
-3.70714
-3.85385
-4.01544
-4.13638
-4.19833
-4.20158
-4.16815
-4.12756
-4.10486
-4.10664
-4.12567
-4.15164
-4.17841
-4.19471
-4.18643
-4.14983
-4.0844
-4.00094
-3.91189
-3.83881
-3.80252
-3.81573
-3.85636
-3.88885
-3.89942
-3.89889
-3.91387
-3.95899
-4.02598
-4.08422
-4.11544
-4.1134
-4.08597
-4.04448
-3.99219
-3.91663
-3.83028
-3.78303
-3.80939
-3.88186
-3.9557
-4.01264
-4.04889
-4.06512
-4.05914
-4.0292
-3.97723
-3.91787
-3.86977
-3.85179
-3.86188
-3.87724
-3.87337
-3.84622
-3.80475
-3.75938
-3.71517
-3.67317
-3.63144
-3.59387
-3.57691
-3.59977
-3.66012
-3.7426
-3.82521
-3.88992
-3.93087
-3.95551
-3.97096
-3.97883
-3.97189
-3.94462
-3.91018
-3.89928
-3.93642
-4.00977
-4.08643
-4.14015
-4.16889
-4.18187
-4.1839
-4.17748
-4.1502
-4.09831
-4.02559
-3.94903
-3.88928
-3.86137
-3.87053
-3.90706
-3.9547
-3.99563
-4.02202
-4.03193
-4.03541
-4.04581
-4.06928
-4.10425
-4.13754
-4.15645
-4.15968
-4.14518
-4.12141
-4.09866
-4.08903
-4.09133
-4.08888
-4.07028
-4.03208
-3.98341
-3.93393
-3.88766
-3.84327
-3.8033
-3.78336
-3.79885
-3.84546
-3.90088
-3.93906
-3.95505
-3.96536
-3.9808
-3.99595
-4.00623
-4.00877
-4.00433
-3.99031
-3.97292
-3.95967
-3.95909
-3.97376
-4.00333
-4.04163
-4.07522
-4.09057
-4.08007
-4.03541
-3.95387
-3.85186
-3.75866
-3.71366
-3.73299
-3.79751
-3.86823
-3.92889
-3.97309
-4.00261
-4.01052
-3.99947
-3.97035
-3.93293
-3.89864
-3.87815
-3.8736
-3.88257
-3.8911
-3.88773
-3.8685
-3.83602
-3.79949
-3.76953
-3.7549
-3.75947
-3.79016
-3.84199
-3.90775
-3.98422
-4.07045
-4.1625
-4.24193
-4.29045
-4.30372
-4.28467
-4.24486
-4.20269
-4.16805
-4.14376
-4.13047
-4.12342
-4.11972
-4.11959
-4.12191
-4.12045
-4.09978
-4.04439
-3.96286
-3.90209
-3.90376
-3.93647
-3.95663
-3.95711
-3.94403
-3.91845
-3.88482
-3.85302
-3.84854
-3.8916
-3.97971
-4.08887
-4.19371
-4.27986
-4.33212
-4.34593
-4.32153
-4.26955
-4.21004
-4.16636
-4.1476
-4.14402
-4.14685
-4.1507
-4.15289
-4.14871
-4.12875
-4.0855
-4.01641
-3.92789
-3.83244
-3.75693
-3.73118
-3.76309
-3.83452
-3.91334
-3.97495
-4.0118
-4.02711
-4.02144
-3.99726
-3.95105
-3.88461
-3.81486
-3.76585
-3.73899
-3.71086
-3.66479
-3.6036
-3.55832
-3.55156
-3.5955
-3.68424
-3.79681
-3.91694
-4.02682
-4.11581
-4.18203
-4.22655
-4.2484
-4.2474
-4.22711
-4.18546
-4.13161
-4.07434
-4.02336
-3.99159
-3.98571
-4.00594
-4.03869
-4.06286
-4.06682
-4.05639
-4.04492
-4.04141
-4.04143
-4.03698
-4.01874
-3.98462
-3.93071
-3.86562
-3.80971
-3.78613
-3.79692
-3.83891
-3.90146
-3.97861
-4.05614
-4.11923
-4.16717
-4.20561
-4.2379
-4.26229
-4.27345
-4.2616
-4.21996
-4.15471
-4.07336
-3.98449
-3.89516
-3.83483
-3.81349
-3.81385
-3.82839
-3.86524
-3.92955
-4.01086
-4.09463
-4.16569
-4.21777
-4.25605
-4.28177
-4.29285
-4.27625
-4.22869
-4.15457
-4.07214
-3.99778
-3.94448
-3.90486
-3.87297
-3.83908
-3.80971
-3.80604
-3.84472
-3.90323
-3.94085
-3.94366
-3.92103
-3.89321
-3.87403
-3.8743
-3.89317
-3.91966
-3.93907
-3.93274
-3.89607
-3.83976
-3.78934
-3.76514
-3.77187
-3.80468
-3.84894
-3.89634
-3.94442
-3.98186
-4.00291
-3.99891
-3.97692
-3.95203
-3.94569
-3.96289
-4.00401
-4.05627
-4.11505
-4.17972
-4.24025
-4.2779
-4.27284
-4.22014
-4.13268
-4.03414
-3.94322
-3.86711
-3.80577
-3.7582
-3.73205
-3.73597
-3.77507
-3.83671
-3.90075
-3.94895
-3.97467
-3.98013
-3.96909
-3.94977
-3.93014
-3.91158
-3.89746
-3.89316
-3.89469
-3.8919
-3.87731
-3.8585
-3.84884
-3.87242
-3.926
-3.98928
-4.04428
-4.08248
-4.10369
-4.10852
-4.09655
-4.07117
-4.03451
-3.99283
-3.94631
-3.89669
-3.84446
-3.79906
-3.77736
-3.7924
-3.83692
-3.89732
-3.95682
-4.01364
-4.06768
-4.11466
-4.14882
-4.16646
-4.16999
-4.16022
-4.1367
-4.09709
-4.03914
-3.96439
-3.88175
-3.80851
-3.77287
-3.78546
-3.83026
-3.86972
-3.89134
-3.90155
-3.91758
-3.94957
-4.00372
-4.06936
-4.13597
-4.18933
-4.21762
-4.20951
-4.15658
-4.05569
-3.92134
-3.78222
-3.66706
-3.59609
-3.56359
-3.56358
-3.59176
-3.64285
-3.71103
-3.78706
-3.86596
-3.94699
-4.02556
-4.09689
-4.1506
-4.17769
-4.17894
-4.15649
-4.12484
-4.11206
-4.14448
-4.22583
-4.32072
-4.39295
-4.41026
-4.3631
-4.25948
-4.1289
-4.00272
-3.90523
-3.85062
-3.83884
-3.86044
-3.90123
-3.94584
-3.98027
-3.99802
-4.00147
-3.99716
-3.99739
-4.0061
-4.02034
-4.03512
-4.0429
-4.03819
-4.01959
-3.98663
-3.94437
-3.89803
-3.85873
-3.83925
-3.84975
-3.88422
-3.92217
-3.94433
-3.94239
-3.92262
-3.89592
-3.87116
-3.8589
-3.87248
-3.9132
-3.97189
-4.0259
-4.063
-4.08406
-4.09464
-4.10764
-4.12928
-4.16659
-4.21309
-4.26342
-4.30353
-4.32696
-4.32637
-4.29943
-4.24417
-4.16258
-4.06699
-3.98453
-3.93587
-3.92115
-3.92035
-3.91497
-3.89907
-3.87718
-3.86053
-3.86344
-3.89156
-3.93747
-3.98527
-4.02244
-4.0541
-4.08465
-4.11839
-4.15013
-4.17595
-4.18212
-4.16296
-4.11597
-4.05005
-3.9799
-3.92885
-3.9141
-3.93281
-3.97248
-4.01908
-4.06127
-4.09444
-4.11388
-4.11376
-4.08748
-4.02811
-3.94067
-3.84834
-3.78317
-3.76689
-3.79328
-3.83433
-3.87008
-3.88844
-3.88966
-3.87935
-3.8618
-3.83429
-3.78421
-3.72042
-3.66376
-3.63434
-3.64365
-3.67827
-3.70737
-3.71213
-3.70103
-3.6907
-3.69496
-3.71916
-3.75716
-3.79336
-3.80715
-3.78618
-3.73856
-3.68337
-3.63963
-3.62711
-3.65863
-3.73812
-3.84885
-3.96045
-4.05286
-4.1247
-4.18055
-4.22862
-4.26454
-4.28682
-4.30029
-4.3041
-4.29725
-4.27768
-4.25482
-4.23222
-4.21526
-4.2069
-4.20789
-4.20184
-4.17812
-4.13839
-4.10188
-4.08094
-4.07975
-4.08956
-4.101
-4.11063
-4.11746
-4.11529
-4.08842
-4.02346
-3.92561
-3.82707
-3.772
-3.76856
-3.793
-3.8246
-3.85885
-3.8889
-3.91429
-3.94196
-3.98353
-4.04049
-4.11078
-4.17699
-4.21653
-4.22194
-4.20322
-4.17835
-4.15736
-4.14586
-4.13515
-4.11652
-4.08355
-4.03673
-3.99066
-3.95823
-3.95062
-3.97066
-4.00333
-4.02778
-4.02608
-3.99492
-3.93881
-3.87091
-3.80743
-3.76696
-3.76539
-3.79746
-3.8453
-3.88992
-3.9291
-3.96185
-3.99348
-4.0226
-4.04408
-4.06695
-4.11499
-4.18743
-4.27472
-4.36514
-4.45167
-4.5276
-4.58903
-4.63549
-4.66732
-4.68345
-4.68606
-4.67891
-4.66584
-4.64967
-4.63297
-4.61889
-4.60714
-4.59664
-4.58562
-4.56986
-4.55138
-4.53523
-4.52743
-4.52841
-4.53337
-4.53438
-4.52841
-4.51654
-4.50406
-4.49422
-4.48944
-4.4897
-4.49237
-4.49804
-4.49851
-4.49536
-4.49375
-4.49787
-4.50981
-4.53269
-4.56451
-4.59912
-4.63285
-4.66042
-4.67777
-4.68207
-4.67218
-4.6486
-4.61386
-4.5747
-4.53516
-4.49988
-4.4754
-4.46439
-4.47187
-4.49556
-4.52685
-4.55439
-4.57365
-4.58809
-4.59771
-4.60349
-4.60201
-4.58895
-4.56251
-4.52816
-4.49756
-4.48327
-4.4908
-4.51536
-4.54579
-4.57278
-4.58811
-4.59391
-4.59676
-4.59743
-4.59468
-4.58613
-4.57106
-4.55006
-4.53138
-4.51892
-4.51299
-4.50324
-4.48011
-4.44577
-4.42062
-4.41965
-4.43889
-4.46201
-4.47686
-4.48215
-4.47942
-4.47235
-4.46661
-4.46907
-4.48316
-4.51116
-4.54566
-4.57828
-4.59959
-4.59909
-4.57527
-4.54005
-4.51008
-4.49772
-4.50674
-4.52954
-4.55715
-4.58427
-4.60694
-4.62389
-4.63792
-4.64709
-4.64702
-4.63597
-4.61791
-4.60192
-4.59283
-4.59054
-4.58967
-4.59012
-4.59237
-4.59597
-4.59789
-4.59661
-4.59009
-4.57655
-4.55845
-4.53778
-4.51715
-4.49991
-4.48626
-4.47215
-4.45993
-4.45093
-4.44513
-4.44318
-4.44389
-4.44452
-4.44389
-4.4375
-4.42876
-4.41971
-4.41626
-4.4215
-4.43246
-4.44413
-4.4552
-4.46388
-4.46873
-4.46379
-4.44648
-4.41719
-4.37995
-4.34043
-4.30851
-4.29091
-4.29395
-4.31796
-4.36137
-4.42161
-4.48549
-4.54453
-4.58238
-4.59198
-4.57073
-4.52199
-4.4592
-4.40253
-4.37619
-4.38747
-4.42348
-4.46192
-4.48443
-4.4914
-4.48338
-4.4687
-4.45649
-4.45152
-4.45712
-4.47478
-4.49899
-4.53056
-4.57254
-4.62395
-4.67956
-4.73009
-4.76674
-4.78415
-4.77802
-4.75254
-4.7146
-4.6718
-4.63481
-4.60349
-4.57939
-4.56245
-4.55591
-4.55666
-4.56323
-4.57074
-4.57924
-4.59232
-4.61194
-4.63827
-4.6623
-4.68125
-4.69238
-4.69156
-4.68048
-4.6577
-4.62476
-4.58248
-4.53657
-4.49483
-4.46841
-4.46259
-4.47884
-4.5133
-4.55505
-4.58915
-4.607
-4.60236
-4.58037
-4.54297
-4.49628
-4.44615
-4.40062
-4.36658
-4.34872
-4.35107
-4.37021
-4.39666
-4.42626
-4.45233
-4.4733
-4.48823
-4.50177
-4.51837
-4.54196
-4.57315
-4.60248
-4.61976
-4.62105
-4.60721
-4.57623
-4.52883
-4.46371
-4.38279
-4.29719
-4.22484
-4.1867
-4.19307
-4.23397
-4.30189
-4.39046
-4.49133
-4.59128
-4.68102
-4.74965
-4.79278
-4.80898
-4.79862
-4.76604
-4.71913
-4.66565
-4.61156
-4.56242
-4.52481
-4.50092
-4.48675
-4.47703
-4.46633
-4.44844
-4.42352
-4.39576
-4.37558
-4.37426
-4.39588
-4.44064
-4.49801
-4.54979
-4.57909
-4.58457
-4.56971
-4.54354
-4.51053
-4.48209
-4.46426
-4.46354
-4.47998
-4.5095
-4.54215
-4.56858
-4.58204
-4.58368
-4.58201
-4.58006
-4.58697
-4.59722
-4.60598
-4.61189
-4.61463
-4.61449
-4.60835
-4.5967
-4.57529
-4.5439
-4.50868
-4.47887
-4.45865
-4.44931
-4.44762
-4.44474
-4.42927
-4.40277
-4.36532
-4.32622
-4.29752
-4.28935
-4.30829
-4.34941
-4.40553
-4.46627
-4.52026
-4.5592
-4.57513
-4.56746
-4.54976
-4.53429
-4.53242
-4.54647
-4.5769
-4.6185
-4.66774
-4.70937
-4.73006
-4.72067
-4.67855
-4.61204
-4.5373
-4.46288
-4.39479
-4.33253
-4.2811
-4.24847
-4.2391
-4.25325
-4.28853
-4.33536
-4.38788
-4.43589
-4.47306
-4.4964
-4.50933
-4.51918
-4.53237
-4.55215
-4.57773
-4.60208
-4.62533
-4.64792
-4.66725
-4.68102
-4.67856
-4.65505
-4.61892
-4.58208
-4.5573
-4.54102
-4.52507
-4.50615
-4.48768
-4.47185
-4.45956
-4.45078
-4.4487
-4.44886
-4.45479
-4.47082
-4.49589
-4.52823
-4.56255
-4.59015
-4.6074
-4.61903
-4.63024
-4.64043
-4.6461
-4.64411
-4.63406
-4.61778
-4.59846
-4.57998
-4.56683
-4.56149
-4.5604
-4.56044
-4.55914
-4.55187
-4.53872
-4.5251
-4.51273
-4.5014
-4.48943
-4.47504
-4.46039
-4.44849
-4.44157
-4.43955
-4.44398
-4.45418
-4.47484
-4.50899
-4.55583
-4.61304
-4.67127
-4.71975
-4.75193
-4.76391
-4.75152
-4.72209
-4.68127
-4.63799
-4.59814
-4.5659
-4.54061
-4.51823
-4.49681
-4.47546
-4.45171
-4.43149
-4.41852
-4.41588
-4.42162
-4.43415
-4.44777
-4.45515
-4.45476
-4.44457
-4.42609
-4.40491
-4.39111
-4.38902
-4.3994
-4.4189
-4.4485
-4.48405
-4.52073
-4.55171
-4.56993
-4.57624
-4.5713
-4.55568
-4.54089
-4.53101
-4.53242
-4.54483
-4.5648
-4.5876
-4.60566
-4.61636
-4.61386
-4.60166
-4.58286
-4.56273
-4.54648
-4.53773
-4.53931
-4.5557
-4.58359
-4.6176
-4.64799
-4.66567
-4.66845
-4.65923
-4.64064
-4.61632
-4.58924
-4.56343
-4.53885
-4.51337
-4.48123
-4.44549
-4.41563
-4.40868
-4.42432
-4.45505
-4.49328
-4.53172
-4.5644
-4.58866
-4.60338
-4.60774
-4.60146
-4.58608
-4.56448
-4.5435
-4.52666
-4.51596
-4.51567
-4.52609
-4.5424
-4.5556
-4.56236
-4.56075
-4.55724
-4.5621
-4.57172
-4.57986
-4.58041
-4.56929
-4.54727
-4.51626
-4.47759
-4.43243
-4.38619
-4.33997
-4.30161
-4.27585
-4.27059
-4.28554
-4.31462
-4.34948
-4.38371
-4.41907
-4.45724
-4.49741
-4.53501
-4.56497
-4.58766
-4.6033
-4.61472
-4.62615
-4.64065
-4.65206
-4.65725
-4.6487
-4.62277
-4.57879
-4.52302
-4.46619
-4.42614
-4.41006
-4.41535
-4.4353
-4.45761
-4.48021
-4.50077
-4.51857
-4.52924
-4.5305
-4.52495
-4.52082
-4.52283
-4.53311
-4.54794
-4.55901
-4.55865
-4.5463
-4.52646
-4.49726
-4.46108
-4.42178
-4.38715
-4.36489
-4.35587
-4.35947
-4.376
-4.40492
-4.44586
-4.49545
-4.55052
-4.60814
-4.66773
-4.72306
-4.76605
-4.79369
-4.80235
-4.79089
-4.75864
-4.7052
-4.63625
-4.56185
-4.48971
-4.42446
-4.37483
-4.35523
-4.37337
-4.41027
-4.44199
-4.45673
-4.45771
-4.46145
-4.47913
-4.51347
-4.55434
-4.58847
-4.61017
-4.6169
-4.61304
-4.60291
-4.59036
-4.57625
-4.56044
-4.54936
-4.54521
-4.55263
-4.5737
-4.61121
-4.66334
-4.72234
-4.77597
-4.81221
-4.82609
-4.81767
-4.78624
-4.73401
-4.6648
-4.58947
-4.51765
-4.46025
-4.42399
-4.40964
-4.41593
-4.43206
-4.45272
-4.47054
-4.48316
-4.49309
-4.50786
-4.52657
-4.54781
-4.55954
-4.55729
-4.54407
-4.52539
-4.505
-4.49145
-4.48671
-4.48772
-4.48848
-4.48523
-4.47494
-4.46204
-4.44796
-4.43605
-4.43012
-4.42808
-4.43178
-4.43885
-4.44661
-4.45389
-4.46643
-4.49231
-4.52603
-4.5607
-4.58376
-4.5888
-4.57586
-4.55208
-4.52582
-4.49753
-4.465
-4.43273
-4.40236
-4.37437
-4.35255
-4.3354
-4.32647
-4.32803
-4.34244
-4.36209
-4.37502
-4.37148
-4.3599
-4.34995
-4.34887
-4.3467
-4.33388
-4.30416
-4.26463
-4.22862
-4.21356
-4.22732
-4.26595
-4.32188
-4.38181
-4.43886
-4.48774
-4.52106
-4.5366
-4.54131
-4.54353
-4.54923
-4.55913
-4.56953
-4.57748
-4.58584
-4.59401
-4.60097
-4.60712
-4.6118
-4.61364
-4.61754
-4.62511
-4.63668
-4.65657
-4.67992
-4.7007
-4.715
-4.71763
-4.71156
-4.69481
-4.67452
-4.6494
-4.62331
-4.59903
-4.58169
-4.57249
-4.56786
-4.56793
-4.56859
-4.57044
-4.57001
-4.56838
-4.56204
-4.54941
-4.53223
-4.51155
-4.48654
-4.46171
-4.44043
-4.42595
-4.42019
-4.41544
-4.40842
-4.39487
-4.38296
-4.37816
-4.38801
-4.40677
-4.41808
-4.42034
-4.41367
-4.40642
-4.40493
-4.41245
-4.42411
-4.43758
-4.45182
-4.46266
-4.46832
-4.46699
-4.45872
-4.4476
-4.43418
-4.42558
-4.42389
-4.43018
-4.44145
-4.45467
-4.46762
-4.47905
-4.49017
-4.50437
-4.52178
-4.53752
-4.54505
-4.5411
-4.52262
-4.49742
-4.47162
-4.45074
-4.43821
-4.43093
-4.42509
-4.41625
-4.40537
-4.39555
-4.3946
-4.40484
-4.42226
-4.44377
-4.46446
-4.47966
-4.48966
-4.49378
-4.49487
-4.50242
-4.52357
-4.56129
-4.60718
-4.64938
-4.67579
-4.68519
-4.68328
-4.67178
-4.64912
-4.61347
-4.56668
-4.51521
-4.46712
-4.41957
-4.37763
-4.34454
-4.32667
-4.33114
-4.35953
-4.40678
-4.46025
-4.50706
-4.53789
-4.54938
-4.54086
-4.51415
-4.47711
-4.43466
-4.39805
-4.37057
-4.35603
-4.3546
-4.36361
-4.37831
-4.39426
-4.40812
-4.41551
-4.41525
-4.40678
-4.39275
-4.38456
-4.38775
-4.40064
-4.42206
-4.44471
-4.46309
-4.47829
-4.49733
-4.53334
-4.58418
-4.62815
-4.64524
-4.63008
-4.59032
-4.53826
-4.4881
-4.45409
-4.44014
-4.44556
-4.46357
-4.48672
-4.50931
-4.52866
-4.54447
-4.5549
-4.55594
-4.54334
-4.52255
-4.50197
-4.49691
-4.50878
-4.52819
-4.54412
-4.54919
-4.54522
-4.53906
-4.53443
-4.53278
-4.53498
-4.53725
-4.53665
-4.52885
-4.51948
-4.51298
-4.51591
-4.52212
-4.52654
-4.51784
-4.49684
-4.47128
-4.44938
-4.43738
-4.43796
-4.447
-4.46098
-4.47336
-4.48127
-4.48464
-4.48343
-4.47919
-4.47306
-4.46628
-4.45762
-4.45267
-4.45241
-4.45507
-4.46138
-4.46403
-4.46286
-4.46308
-4.47858
-4.51407
-4.55637
-4.58788
-4.60349
-4.60424
-4.58952
-4.56257
-4.52541
-4.48766
-4.46415
-4.4642
-4.48085
-4.50852
-4.54062
-4.57091
-4.59678
-4.62056
-4.64885
-4.68582
-4.72853
-4.76599
-4.78371
-4.77323
-4.73393
-4.66927
-4.5894
-4.51212
-4.45504
-4.43492
-4.45613
-4.50451
-4.56168
-4.61042
-4.63938
-4.644
-4.62518
-4.58686
-4.54365
-4.50382
-4.47423
-4.45483
-4.44038
-4.42762
-4.41703
-4.41531
-4.42522
-4.44625
-4.47125
-4.4984
-4.52329
-4.54412
-4.55758
-4.56758
-4.57921
-4.59431
-4.60995
-4.62167
-4.62436
-4.61904
-4.60856
-4.59708
-4.59161
-4.5993
-4.61986
-4.65114
-4.68387
-4.70619
-4.71686
-4.71514
-4.70689
-4.69867
-4.69373
-4.69588
-4.70087
-4.70005
-4.6856
-4.64986
-4.59314
-4.52138
-4.45419
-4.41252
-4.40571
-4.42382
-4.44605
-4.4599
-4.46447
-4.46341
-4.46564
-4.47787
-4.50072
-4.5342
-4.56854
-4.59227
-4.60045
-4.58358
-4.5385
-4.472
-4.37257
-4.27846
-4.19804
-4.137
-4.10481
-4.11125
-4.14961
-4.20301
-4.25658
-4.29761
-4.32273
-4.33132
-4.32509
-4.30811
-4.28588
-4.2621
-4.24439
-4.23158
-4.22083
-4.21062
-4.19936
-4.18819
-4.17762
-4.16967
-4.16377
-4.16406
-4.17055
-4.18714
-4.21131
-4.24397
-4.27996
-4.31708
-4.34552
-4.36157
-4.36715
-4.36765
-4.37125
-4.38521
-4.41138
-4.4412
-4.46995
-4.48759
-4.49317
-4.48771
-4.47293
-4.45178
-4.42684
-4.39901
-4.3679
-4.33495
-4.30976
-4.30095
-4.31131
-4.33727
-4.36798
-4.39565
-4.41384
-4.41729
-4.40264
-4.37024
-4.3255
-4.28056
-4.24414
-4.2165
-4.19375
-4.17306
-4.15689
-4.14173
-4.13506
-4.1457
-4.17804
-4.22362
-4.26012
-4.27726
-4.27344
-4.25174
-4.21837
-4.17783
-4.14281
-4.1223
-4.1217
-4.13578
-4.15828
-4.18308
-4.2035
-4.21603
-4.21628
-4.21008
-4.20154
-4.19482
-4.19242
-4.1943
-4.20151
-4.21716
-4.23919
-4.27227
-4.31366
-4.35258
-4.38006
-4.38616
-4.36454
-4.31272
-4.23319
-4.14181
-4.0603
-4.00502
-3.97109
-3.95187
-3.93911
-3.93455
-3.94155
-3.96646
-4.01241
-4.0741
-4.14293
-4.206
-4.25779
-4.29726
-4.33038
-4.35518
-4.36966
-4.37428
-4.36816
-4.35285
-4.33217
-4.31056
-4.28877
-4.26663
-4.24419
-4.22721
-4.22547
-4.24302
-4.27751
-4.31562
-4.34823
-4.36909
-4.37739
-4.37338
-4.36009
-4.33966
-4.31912
-4.30311
-4.28984
-4.28235
-4.28756
-4.30802
-4.34086
-4.37821
-4.4155
-4.45466
-4.48859
-4.50883
-4.50191
-4.45826
-4.37244
-4.2515
-4.11626
-4.00503
-3.95316
-3.95601
-3.98865
-4.03132
-4.07951
-4.13312
-4.19561
-4.26096
-4.31288
-4.34385
-4.35339
-4.34235
-4.31328
-4.27177
-4.22906
-4.19368
-4.17657
-4.19268
-4.24203
-4.31235
-4.38884
-4.45552
-4.49845
-4.51499
-4.50897
-4.49356
-4.47919
-4.47025
-4.46742
-4.46809
-4.47053
-4.47153
-4.46777
-4.46062
-4.44734
-4.42646
-4.39657
-4.3621
-4.32786
-4.29338
-4.26252
-4.23789
-4.22591
-4.23035
-4.25019
-4.2766
-4.30708
-4.33845
-4.37136
-4.40484
-4.43119
-4.43659
-4.41587
-4.36513
-4.28756
-4.20338
-4.13589
-4.10224
-4.10314
-4.12109
-4.14784
-4.18022
-4.21608
-4.24954
-4.27601
-4.28917
-4.29719
-4.29949
-4.29545
-4.28636
-4.27916
-4.27465
-4.26622
-4.24251
-4.20785
-4.18795
-4.20131
-4.2402
-4.27833
-4.29431
-4.27841
-4.22864
-4.15309
-4.07568
-4.01221
-3.96511
-3.93292
-3.92266
-3.93788
-3.96606
-3.99637
-4.02621
-4.05132
-4.07113
-4.08182
-4.08841
-4.09262
-4.10176
-4.12086
-4.15868
-4.21516
-4.28249
-4.34736
-4.39828
-4.42761
-4.43745
-4.42757
-4.40677
-4.38692
-4.38035
-4.38287
-4.38655
-4.38143
-4.36101
-4.3236
-4.27602
-4.22858
-4.19595
-4.18869
-4.20908
-4.25161
-4.30202
-4.3491
-4.37899
-4.37881
-4.34064
-4.26245
-4.16062
-4.0634
-4.00334
-3.99607
-4.02789
-4.0749
-4.12108
-4.15941
-4.18606
-4.19994
-4.20326
-4.21489
-4.25323
-4.31254
-4.36799
-4.40112
-4.41146
-4.40878
-4.4011
-4.38745
-4.36331
-4.32865
-4.28866
-4.24551
-4.20437
-4.16695
-4.13944
-4.11728
-4.09019
-4.05561
-4.01845
-4.0008
-4.01685
-4.06611
-4.13335
-4.206
-4.26773
-4.3108
-4.33787
-4.3466
-4.34434
-4.33406
-4.31827
-4.29988
-4.28214
-4.25756
-4.23054
-4.20456
-4.18472
-4.17573
-4.17408
-4.17848
-4.1864
-4.19653
-4.20647
-4.21506
-4.21843
-4.21469
-4.1984
-4.17272
-4.13883
-4.10046
-4.06455
-4.04809
-4.06238
-4.10614
-4.16926
-4.24398
-4.32411
-4.40466
-4.47687
-4.52771
-4.54749
-4.53979
-4.51009
-4.47134
-4.4304
-4.39258
-4.35691
-4.3191
-4.26864
-4.20308
-4.13303
-4.07832
-4.06141
-4.08816
-4.14262
-4.20039
-4.24624
-4.26962
-4.273
-4.27023
-4.27248
-4.28622
-4.30815
-4.33223
-4.35249
-4.37369
-4.39592
-4.41323
-4.41338
-4.39239
-4.35825
-4.32833
-4.31986
-4.33089
-4.35175
-4.36509
-4.37006
-4.36387
-4.34794
-4.32639
-4.30714
-4.2943
-4.2947
-4.3085
-4.33121
-4.35371
-4.37387
-4.39039
-4.4032
-4.41012
-4.40898
-4.39285
-4.35987
-4.30836
-4.24356
-4.17559
-4.12133
-4.09688
-4.10123
-4.12133
-4.14919
-4.17396
-4.20156
-4.23426
-4.26779
-4.29616
-4.31574
-4.32507
-4.32601
-4.32802
-4.33525
-4.35604
-4.38848
-4.42124
-4.43597
-4.42834
-4.4004
-4.35631
-4.30361
-4.24565
-4.19365
-4.17156
-4.19615
-4.2654
-4.35467
-4.42915
-4.46662
-4.45901
-4.41514
-4.34871
-4.28587
-4.24799
-4.23969
-4.25296
-4.28204
-4.32479
-4.37239
-4.41644
-4.44805
-4.45898
-4.44614
-4.41058
-4.36335
-4.31364
-4.27508
-4.24733
-4.22328
-4.20001
-4.18387
-4.18257
-4.19916
-4.22938
-4.26502
-4.29852
-4.32633
-4.3487
-4.36306
-4.36868
-4.36772
-4.36035
-4.34796
-4.31926
-4.26728
-4.19872
-4.13148
-4.09686
-4.10709
-4.14463
-4.18957
-4.22743
-4.25384
-4.27243
-4.28597
-4.29154
-4.29092
-4.28555
-4.27682
-4.27012
-4.27055
-4.27948
-4.28784
-4.29301
-4.29197
-4.28496
-4.27123
-4.24993
-4.2227
-4.19185
-4.16183
-4.14311
-4.1395
-4.14804
-4.16369
-4.18349
-4.20164
-4.21249
-4.21042
-4.19091
-4.15935
-4.1254
-4.10345
-4.10324
-4.12292
-4.15028
-4.17445
-4.18841
-4.19383
-4.19641
-4.19971
-4.20467
-4.20985
-4.21293
-4.21185
-4.20592
-4.19408
-4.18107
-4.17255
-4.17298
-4.18204
-4.19772
-4.2124
-4.22444
-4.23521
-4.24391
-4.25239
-4.26084
-4.26473
-4.26515
-4.26303
-4.25965
-4.25769
-4.25984
-4.26014
-4.26213
-4.25987
-4.26357
-4.27695
-4.30804
-4.35337
-4.40629
-4.45046
-4.47428
-4.47621
-4.4577
-4.42485
-4.38446
-4.34602
-4.32173
-4.32189
-4.3471
-4.38784
-4.42718
-4.4556
-4.47085
-4.47271
-4.46373
-4.44487
-4.4202
-4.39185
-4.36284
-4.33941
-4.31975
-4.30024
-4.27911
-4.26068
-4.25544
-4.27579
-4.32454
-4.39383
-4.47122
-4.53773
-4.58331
-4.59844
-4.58222
-4.53801
-4.48047
-4.42632
-4.38776
-4.3687
-4.36403
-4.36588
-4.36352
-4.35187
-4.33001
-4.30493
-4.2819
-4.26619
-4.26472
-4.27156
-4.28136
-4.28512
-4.27928
-4.26475
-4.24676
-4.22975
-4.22195
-4.22582
-4.2347
-4.24749
-4.25691
-4.25692
-4.24704
-4.22901
-4.20992
-4.1954
-4.19197
-4.21108
-4.26232
-4.32973
-4.37569
-4.37352
-4.32406
-4.24193
-4.15324
-4.07707
-4.01678
-3.96787
-3.9386
-3.94385
-3.98831
-4.06603
-4.15641
-4.23964
-4.30345
-4.34376
-4.36426
-4.3722
-4.37273
-4.36893
-4.36145
-4.35104
-4.33806
-4.31756
-4.28886
-4.24773
-4.19632
-4.13698
-4.07404
-4.01404
-3.9737
-3.96756
-3.99518
-4.04582
-4.10667
-4.16428
-4.21245
-4.24789
-4.26863
-4.27743
-4.27592
-4.26385
-4.24427
-4.21895
-4.19191
-4.16884
-4.15158
-4.14021
-4.13308
-4.13175
-4.14102
-4.16258
-4.19347
-4.22365
-4.24747
-4.25807
-4.25612
-4.24633
-4.23283
-4.21366
-4.18915
-4.15691
-4.11795
-4.07982
-4.05358
-4.05539
-4.09965
-4.17829
-4.26567
-4.33599
-4.37821
-4.39424
-4.38855
-4.37172
-4.35624
-4.36055
-4.38923
-4.42942
-4.46239
-4.47448
-4.45756
-4.41497
-4.36013
-4.30753
-4.27066
-4.24839
-4.22869
-4.20162
-4.16831
-4.13997
-4.12192
-4.11769
-4.12534
-4.13489
-4.14025
-4.14306
-4.14642
-4.15349
-4.16197
-4.17002
-4.17921
-4.19305
-4.2192
-4.25951
-4.31038
-4.3662
-4.41651
-4.45779
-4.48559
-4.49561
-4.48442
-4.45008
-4.40591
-4.3594
-4.32235
-4.30659
-4.31618
-4.34352
-4.3793
-4.41139
-4.43074
-4.43069
-4.41409
-4.38031
-4.33761
-4.29431
-4.25707
-4.23367
-4.23083
-4.24931
-4.27658
-4.30275
-4.32271
-4.33616
-4.34683
-4.35031
-4.34134
-4.31753
-4.28218
-4.24757
-4.22198
-4.21214
-4.21636
-4.23189
-4.25233
-4.27667
-4.30358
-4.33525
-4.37528
-4.41877
-4.45599
-4.48232
-4.49319
-4.49073
-4.47349
-4.44293
-4.39701
-4.34077
-4.28222
-4.23276
-4.1981
-4.17797
-4.17417
-4.18281
-4.19384
-4.20328
-4.21195
-4.2251
-4.24379
-4.26645
-4.29369
-4.32272
-4.35375
-4.37894
-4.38705
-4.37071
-4.33224
-4.28234
-4.23487
-4.19359
-4.16416
-4.14415
-4.13901
-4.15074
-4.17249
-4.19829
-4.21973
-4.2312
-4.23183
-4.21721
-4.18976
-4.15519
-4.12202
-4.09777
-4.08899
-4.09523
-4.11785
-4.15328
-4.19818
-4.24374
-4.28337
-4.3096
-4.32045
-4.31642
-4.30218
-4.28613
-4.27095
-4.26124
-4.2621
-4.27594
-4.30068
-4.32243
-4.33426
-4.33633
-4.33359
-4.32394
-4.30582
-4.27493
-4.22459
-4.1559
-4.08267
-4.01763
-3.97332
-3.94997
-3.94773
-3.96108
-3.99197
-4.03624
-4.08671
-4.13551
-4.17984
-4.221
-4.26336
-4.30949
-4.35264
-4.38442
-4.40359
-4.40777
-4.40041
-4.38892
-4.37996
-4.37102
-4.35762
-4.33972
-4.31201
-4.27117
-4.21476
-4.14874
-4.0929
-4.0568
-4.04528
-4.04405
-4.05104
-4.07875
-4.12939
-4.18625
-4.23255
-4.26064
-4.26697
-4.24862
-4.20655
-4.1496
-4.09681
-4.05973
-4.02662
-3.98614
-3.94671
-3.91985
-3.91417
-3.93242
-3.97222
-4.02599
-4.09351
-4.17177
-4.2507
-4.32286
-4.3789
-4.41187
-4.4174
-4.39593
-4.36105
-4.32669
-4.29752
-4.2687
-4.23707
-4.20575
-4.1886
-4.19696
-4.23625
-4.29545
-4.36439
-4.43439
-4.49546
-4.54071
-4.56509
-4.56852
-4.5572
-4.54106
-4.52834
-4.52377
-4.52511
-4.52377
-4.50992
-4.47569
-4.4245
-4.36399
-4.30476
-4.25188
-4.20396
-4.16396
-4.12894
-4.09457
-4.05324
-4.01026
-3.97622
-3.9651
-3.98012
-4.01612
-4.06659
-4.1203
-4.16791
-4.203
-4.22647
-4.24148
-4.25196
-4.25824
-4.25964
-4.26379
-4.28753
-4.34238
-4.42921
-4.51972
-4.59154
-4.63792
-4.65558
-4.64371
-4.60651
-4.54762
-4.4819
-4.42925
-4.40534
-4.4025
-4.40163
-4.38804
-4.35605
-4.31787
-4.28056
-4.24751
-4.21664
-4.19286
-4.18287
-4.19084
-4.21816
-4.25804
-4.29775
-4.3189
-4.31391
-4.27966
-4.22711
-4.1688
-4.11749
-4.08407
-4.07261
-4.08363
-4.11018
-4.14112
-4.16499
-4.18192
-4.19334
-4.20512
-4.22122
-4.24643
-4.27981
-4.31747
-4.35552
-4.39042
-4.42094
-4.44248
-4.45662
-4.46634
-4.47341
-4.47928
-4.48111
-4.48104
-4.48018
-4.48305
-4.49378
-4.50974
-4.52861
-4.54474
-4.5539
-4.55674
-4.55081
-4.53529
-4.51281
-4.48656
-4.45669
-4.42919
-4.40917
-4.39715
-4.38988
-4.38662
-4.38523
-4.38458
-4.38038
-4.37641
-4.37668
-4.38706
-4.40529
-4.42766
-4.4465
-4.45679
-4.45336
-4.44128
-4.42055
-4.39976
-4.3826
-4.37232
-4.37362
-4.39078
-4.41948
-4.45045
-4.47236
-4.48174
-4.48025
-4.46823
-4.45338
-4.43554
-4.41441
-4.39577
-4.38046
-4.36926
-4.36105
-4.35528
-4.35383
-4.3638
-4.3854
-4.41835
-4.45637
-4.49364
-4.52353
-4.54179
-4.54682
-4.54249
-4.53133
-4.51497
-4.49452
-4.47066
-4.44676
-4.42328
-4.40509
-4.39074
-4.38369
-4.38559
-4.40234
-4.43451
-4.47344
-4.50813
-4.53346
-4.54494
-4.55145
-4.553
-4.55495
-4.55994
-4.56966
-4.58342
-4.59692
-4.60371
-4.59826
-4.57519
-4.5341
-4.47698
-4.41105
-4.34835
-4.30133
-4.27279
-4.26033
-4.26335
-4.28165
-4.31593
-4.35316
-4.37655
-4.38206
-4.3729
-4.36039
-4.36092
-4.38645
-4.44071
-4.51812
-4.6082
-4.69229
-4.75795
-4.79361
-4.79509
-4.76323
-4.70702
-4.65159
-4.62167
-4.61252
-4.60341
-4.5792
-4.53906
-4.49159
-4.44527
-4.41284
-4.40632
-4.42342
-4.44921
-4.46931
-4.47805
-4.47725
-4.46943
-4.45975
-4.4496
-4.44198
-4.43779
-4.44434
-4.46073
-4.48686
-4.51615
-4.5415
-4.55278
-4.54653
-4.51596
-4.46435
-4.39905
-4.33916
-4.29886
-4.28004
-4.27937
-4.29272
-4.32043
-4.36231
-4.41301
-4.46063
-4.48867
-4.49357
-4.4757
-4.44351
-4.40169
-4.35843
-4.3241
-4.31396
-4.34055
-4.40166
-4.48265
-4.56534
-4.63855
-4.69695
-4.7329
-4.74023
-4.71412
-4.65517
-4.57055
-4.47761
-4.40012
-4.35699
-4.35261
-4.37539
-4.41041
-4.44306
-4.47087
-4.49747
-4.52784
-4.56059
-4.59388
-4.62191
-4.64302
-4.65577
-4.6569
-4.64511
-4.61938
-4.58303
-4.54232
-4.50828
-4.48513
-4.46834
-4.45235
-4.43479
-4.41648
-4.40805
-4.41617
-4.4445
-4.48503
-4.52979
-4.5707
-4.60134
-4.61796
-4.62255
-4.61327
-4.59148
-4.55674
-4.5133
-4.47239
-4.43987
-4.41765
-4.39877
-4.37223
-4.34022
-4.32222
-4.34088
-4.38531
-4.42948
-4.45856
-4.47278
-4.48146
-4.49044
-4.50707
-4.52947
-4.55318
-4.56821
-4.56878
-4.55331
-4.53191
-4.5145
-4.50628
-4.50791
-4.51463
-4.52351
-4.53126
-4.54164
-4.5552
-4.56746
-4.57643
-4.57911
-4.5708
-4.55175
-4.52181
-4.4883
-4.46442
-4.4606
-4.4737
-4.48918
-4.49536
-4.48864
-4.46925
-4.44271
-4.41695
-4.39654
-4.38583
-4.38662
-4.39429
-4.40622
-4.41987
-4.43164
-4.43769
-4.43687
-4.42795
-4.40988
-4.3845
-4.359
-4.33242
-4.31408
-4.30273
-4.29882
-4.30094
-4.30988
-4.32534
-4.3492
-4.37971
-4.41251
-4.43819
-4.45299
-4.45353
-4.44221
-4.42033
-4.39416
-4.37182
-4.35775
-4.35518
-4.36304
-4.37788
-4.40606
-4.45122
-4.51136
-4.576
-4.63309
-4.68084
-4.7111
-4.71996
-4.705
-4.66817
-4.62017
-4.57238
-4.53571
-4.51528
-4.51016
-4.51372
-4.51863
-4.52069
-4.52151
-4.52588
-4.53476
-4.54488
-4.54823
-4.53843
-4.51587
-4.4845
-4.44938
-4.41877
-4.39714
-4.38212
-4.37418
-4.36547
-4.35667
-4.33964
-4.30914
-4.26555
-4.21057
-4.15262
-4.10402
-4.07577
-4.07513
-4.10354
-4.15411
-4.21936
-4.29566
-4.37917
-4.46984
-4.56006
-4.63943
-4.70477
-4.75741
-4.80003
-4.83773
-4.87173
-4.90557
-4.92759
-4.93205
-4.91222
-4.86654
-4.79579
-4.70814
-4.61429
-4.53117
-4.47457
-4.448
-4.44497
-4.45175
-4.46011
-4.46575
-4.47063
-4.47001
-4.46841
-4.46379
-4.46009
-4.45551
-4.44782
-4.44006
-4.43693
-4.44068
-4.45356
-4.46581
-4.47118
-4.46846
-4.45751
-4.44115
-4.42119
-4.39857
-4.37364
-4.35077
-4.3306
-4.31564
-4.30397
-4.29725
-4.2913
-4.28776
-4.28856
-4.2981
-4.32059
-4.35342
-4.38966
-4.4298
-4.46839
-4.50836
-4.54668
-4.58266
-4.61422
-4.63577
-4.64415
-4.64244
-4.63637
-4.62931
-4.62637
-4.62795
-4.63449
-4.64343
-4.64867
-4.6428
-4.62385
-4.59382
-4.55939
-4.53335
-4.52443
-4.53287
-4.54472
-4.54808
-4.54171
-4.53321
-4.52835
-4.53183
-4.53328
-4.52974
-4.5183
-4.50539
-4.49213
-4.48305
-4.48197
-4.4922
-4.51845
-4.56029
-4.61034
-4.65558
-4.68583
-4.6933
-4.67362
-4.62817
-4.56554
-4.50359
-4.46399
-4.45503
-4.46864
-4.49309
-4.51608
-4.52817
-4.52416
-4.5113
-4.49923
-4.49134
-4.48565
-4.48618
-4.49658
-4.51271
-4.53348
-4.55243
-4.56058
-4.55798
-4.5464
-4.53027
-4.51265
-4.49407
-4.47615
-4.45777
-4.43598
-4.41959
-4.41514
-4.42661
-4.44984
-4.472
-4.4835
-4.47686
-4.45129
-4.41219
-4.37462
-4.35602
-4.36095
-4.38832
-4.43024
-4.47932
-4.533
-4.58095
-4.61665
-4.63169
-4.62442
-4.59701
-4.55496
-4.50243
-4.44571
-4.39323
-4.35124
-4.3264
-4.31851
-4.3285
-4.35561
-4.39515
-4.4465
-4.50439
-4.56005
-4.60489
-4.62916
-4.6309
-4.61317
-4.58356
-4.55118
-4.52379
-4.50088
-4.48122
-4.46673
-4.46279
-4.47362
-4.49256
-4.5125
-4.52364
-4.52181
-4.50777
-4.48792
-4.47001
-4.46395
-4.47366
-4.49678
-4.52458
-4.5478
-4.56165
-4.56373
-4.55355
-4.52805
-4.49323
-4.4517
-4.40652
-4.36307
-4.327
-4.30815
-4.31814
-4.36354
-4.43746
-4.52265
-4.59873
-4.6525
-4.67861
-4.67695
-4.65115
-4.61473
-4.57441
-4.53873
-4.51514
-4.50024
-4.49272
-4.48959
-4.48884
-4.48889
-4.48648
-4.47933
-4.46451
-4.45206
-4.44533
-4.45125
-4.4667
-4.48996
-4.51172
-4.52997
-4.53851
-4.53727
-4.52516
-4.4994
-4.46288
-4.42306
-4.38681
-4.35731
-4.34233
-4.34554
-4.364
-4.3899
-4.41547
-4.4339
-4.44392
-4.44641
-4.44377
-4.43576
-4.42702
-4.41576
-4.40002
-4.37698
-4.34911
-4.32288
-4.30329
-4.29814
-4.30783
-4.33104
-4.36254
-4.39814
-4.43792
-4.48146
-4.53107
-4.58445
-4.63693
-4.68135
-4.70716
-4.71085
-4.69275
-4.65051
-4.58924
-4.5187
-4.4567
-4.42165
-4.42411
-4.45704
-4.50265
-4.54135
-4.56608
-4.57163
-4.55899
-4.53375
-4.50302
-4.47143
-4.44802
-4.43511
-4.43678
-4.44909
-4.46051
-4.46919
-4.48172
-4.5036
-4.53622
-4.57117
-4.60298
-4.62815
-4.64787
-4.65802
-4.65462
-4.63543
-4.60299
-4.55949
-4.5088
-4.45632
-4.41023
-4.38381
-4.3856
-4.41293
-4.45724
-4.50683
-4.55168
-4.58232
-4.59413
-4.58627
-4.56056
-4.52199
-4.47935
-4.43811
-4.40781
-4.38735
-4.37809
-4.37456
-4.37486
-4.38133
-4.39767
-4.42193
-4.4463
-4.46056
-4.46056
-4.44793
-4.42979
-4.41138
-4.39755
-4.39022
-4.38975
-4.39597
-4.4085
-4.42663
-4.44454
-4.45669
-4.45256
-4.42873
-4.38704
-4.33933
-4.30344
-4.29042
-4.29972
-4.32783
-4.36775
-4.41245
-4.45646
-4.49307
-4.51901
-4.53071
-4.52641
-4.50809
-4.4755
-4.43232
-4.38577
-4.34149
-4.31089
-4.30027
-4.31345
-4.346
-4.39251
-4.44665
-4.50404
-4.56242
-4.61097
-4.6473
-4.6673
-4.66946
-4.65768
-4.63376
-4.60226
-4.56805
-4.53475
-4.50402
-4.47639
-4.44583
-4.41119
-4.37391
-4.34264
-4.3239
-4.32067
-4.33015
-4.34695
-4.36794
-4.39053
-4.41713
-4.44337
-4.46825
-4.48658
-4.49161
-4.4824
-4.46359
-4.44324
-4.43004
-4.42318
-4.41881
-4.40974
-4.40041
-4.3932
-4.39637
-4.41265
-4.44077
-4.47595
-4.50782
-4.52825
-4.52703
-4.49838
-4.44893
-4.38812
-4.33282
-4.29965
-4.29069
-4.29818
-4.30782
-4.30892
-4.29977
-4.29686
-4.32123
-4.37574
-4.44286
-4.50366
-4.54268
-4.5525
-4.52816
-4.47834
-4.41304
-4.34875
-4.30721
-4.29501
-4.3075
-4.3262
-4.33417
-4.32626
-4.30447
-4.27975
-4.26398
-4.26525
-4.28465
-4.32188
-4.36771
-4.41352
-4.44982
-4.46953
-4.47137
-4.45892
-4.44085
-4.42556
-4.41838
-4.41699
-4.41848
-4.41819
-4.41553
-4.41534
-4.42334
-4.44024
-4.47412
-4.52652
-4.58963
-4.64199
-4.66262
-4.6452
-4.59499
-4.51825
-4.42937
-4.33647
-4.25211
-4.18546
-4.14951
-4.15108
-4.19387
-4.26597
-4.35308
-4.43833
-4.5099
-4.56702
-4.61246
-4.65197
-4.68256
-4.69739
-4.69033
-4.66497
-4.62723
-4.58294
-4.53556
-4.48863
-4.44741
-4.41938
-4.4054
-4.40275
-4.40799
-4.41656
-4.42473
-4.43384
-4.44373
-4.4543
-4.46787
-4.48179
-4.49133
-4.49524
-4.49156
-4.48026
-4.46725
-4.46051
-4.46167
-4.47279
-4.49156
-4.51389
-4.53643
-4.55826
-4.57844
-4.59342
-4.60173
-4.60187
-4.59251
-4.56967
-4.53252
-4.48362
-4.4296
-4.38046
-4.35001
-4.34457
-4.36238
-4.39552
-4.43368
-4.47027
-4.49394
-4.5033
-4.49827
-4.48163
-4.4595
-4.43544
-4.41268
-4.39339
-4.37952
-4.37424
-4.37763
-4.39316
-4.41617
-4.44336
-4.47086
-4.49727
-4.52191
-4.54573
-4.56593
-4.57751
-4.57702
-4.56565
-4.54937
-4.52928
-4.51633
-4.51401
-4.52359
-4.54912
-4.58023
-4.60363
-4.60871
-4.59567
-4.57469
-4.55676
-4.54851
-4.54731
-4.54779
-4.54558
-4.53695
-4.52399
-4.50944
-4.49693
-4.48482
-4.46989
-4.44693
-4.42108
-4.39423
-4.37515
-4.37374
-4.39319
-4.43188
-4.4818
-4.53042
-4.57364
-4.60616
-4.62687
-4.63665
-4.63947
-4.63863
-4.63523
-4.62955
-4.62274
-4.61438
-4.60227
-4.58101
-4.54901
-4.50901
-4.46769
-4.43708
-4.41814
-4.41355
-4.41744
-4.42517
-4.43844
-4.45887
-4.49049
-4.52459
-4.55156
-4.5606
-4.54783
-4.51703
-4.47775
-4.44104
-4.4148
-4.39793
-4.38293
-4.35856
-4.32359
-4.28354
-4.24155
-4.20882
-4.19196
-4.19188
-4.20684
-4.22636
-4.24514
-4.25962
-4.27
-4.28071
-4.28979
-4.30298
-4.31786
-4.33354
-4.34616
-4.35016
-4.34249
-4.32493
-4.30207
-4.28007
-4.27151
-4.28293
-4.3183
-4.37388
-4.44005
-4.50525
-4.56156
-4.6085
-4.64206
-4.66139
-4.66661
-4.66096
-4.64881
-4.64286
-4.65043
-4.67099
-4.69932
-4.72696
-4.74838
-4.75908
-4.75864
-4.75067
-4.74054
-4.73453
-4.73621
-4.7436
-4.74417
-4.72834
-4.69573
-4.64498
-4.58311
-4.5191
-4.46309
-4.41866
-4.38817
-4.36952
-4.36243
-4.37189
-4.40892
-4.46719
-4.52454
-4.55905
-4.56335
-4.54506
-4.52536
-4.5201
-4.53468
-4.5613
-4.59019
-4.61372
-4.63048
-4.63939
-4.64516
-4.64669
-4.64548
-4.63972
-4.63195
-4.62045
-4.60845
-4.60046
-4.6023
-4.61313
-4.63393
-4.65774
-4.67563
-4.67875
-4.66391
-4.63071
-4.5824
-4.52178
-4.46443
-4.41328
-4.37901
-4.36556
-4.36962
-4.38355
-4.40186
-4.42374
-4.45036
-4.48652
-4.53043
-4.58185
-4.63052
-4.67429
-4.71029
-4.74142
-4.76648
-4.78916
-4.80491
-4.81498
-4.81663
-4.81079
-4.8001
-4.78694
-4.76867
-4.74354
-4.70728
-4.66614
-4.62782
-4.603
-4.5894
-4.57847
-4.56765
-4.55852
-4.55675
-4.56642
-4.58662
-4.61272
-4.64162
-4.6661
-4.68273
-4.68808
-4.68546
-4.67805
-4.67383
-4.67271
-4.67561
-4.67745
-4.66932
-4.6503
-4.61812
-4.57702
-4.52831
-4.47905
-4.4342
-4.39758
-4.37434
-4.36585
-4.37167
-4.38791
-4.40913
-4.43224
-4.45321
-4.46804
-4.47332
-4.47182
-4.46333
-4.45183
-4.4419
-4.43755
-4.44367
-4.45983
-4.48434
-4.51296
-4.53723
-4.56059
-4.58606
-4.61631
-4.65128
-4.6841
-4.70456
-4.70945
-4.69975
-4.68359
-4.6671
-4.65242
-4.636
-4.61346
-4.58401
-4.54991
-4.51536
-4.48955
-4.47459
-4.46899
-4.46626
-4.46397
-4.46363
-4.47152
-4.491
-4.52117
-4.55631
-4.58588
-4.59954
-4.59643
-4.58022
-4.55639
-4.53413
-4.52232
-4.52001
-4.52922
-4.5457
-4.56646
-4.58687
-4.6078
-4.63236
-4.65978
-4.688
-4.71378
-4.73138
-4.73615
-4.7239
-4.69963
-4.68051
-4.67788
-4.69434
-4.71289
-4.72593
-4.73063
-4.72912
-4.72145
-4.70979
-4.69384
-4.67647
-4.65878
-4.6403
-4.61852
-4.59107
-4.56128
-4.52878
-4.49841
-4.47487
-4.45975
-4.44954
-4.44435
-4.44169
-4.44227
-4.4482
-4.45866
-4.47363
-4.48385
-4.48824
-4.49089
-4.49849
-4.51416
-4.53829
-4.57055
-4.60394
-4.63396
-4.65287
-4.66059
-4.65806
-4.6512
-4.64447
-4.63787
-4.63127
-4.62136
-4.60553
-4.58711
-4.56754
-4.55045
-4.53311
-4.51603
-4.49648
-4.47489
-4.45731
-4.44949
-4.44816
-4.44933
-4.44537
-4.42999
-4.41176
-4.40881
-4.43185
-4.48601
-4.55437
-4.61639
-4.66043
-4.68517
-4.6912
-4.68464
-4.67311
-4.66233
-4.65534
-4.65295
-4.65144
-4.64701
-4.63689
-4.61835
-4.59134
-4.558
-4.53006
-4.51168
-4.50444
-4.5069
-4.51571
-4.52773
-4.54099
-4.55306
-4.56236
-4.56867
-4.57367
-4.57569
-4.57282
-4.56225
-4.54202
-4.51482
-4.48855
-4.47102
-4.46526
-4.4683
-4.4733
-4.47277
-4.46807
-4.46669
-4.47225
-4.48855
-4.50938
-4.53046
-4.54647
-4.55394
-4.55175
-4.54353
-4.53002
-4.51414
-4.49197
-4.46568
-4.43733
-4.41302
-4.39744
-4.39493
-4.40268
-4.41634
-4.43399
-4.44846
-4.45635
-4.45681
-4.45221
-4.44734
-4.45112
-4.4698
-4.50386
-4.54438
-4.58004
-4.60256
-4.6057
-4.59202
-4.56694
-4.53756
-4.50758
-4.48041
-4.45661
-4.43148
-4.40118
-4.36695
-4.33269
-4.31362
-4.31941
-4.34856
-4.3939
-4.43991
-4.4772
-4.50678
-4.52932
-4.54677
-4.55562
-4.55454
-4.54206
-4.52184
-4.49903
-4.48056
-4.47257
-4.47169
-4.4699
-4.46876
-4.47188
-4.47989
-4.49207
-4.50325
-4.51513
-4.5319
-4.55395
-4.57573
-4.59477
-4.60548
-4.61071
-4.61331
-4.61628
-4.61804
-4.61316
-4.6007
-4.58192
-4.56048
-4.53693
-4.51123
-4.48249
-4.44624
-4.40772
-4.3752
-4.35066
-4.34016
-4.34537
-4.36509
-4.39338
-4.42596
-4.46
-4.49073
-4.51926
-4.54047
-4.5542
-4.56066
-4.55946
-4.55306
-4.54133
-4.52438
-4.50033
-4.4724
-4.44474
-4.42096
-4.40524
-4.39774
-4.4023
-4.41868
-4.44328
-4.46892
-4.48782
-4.4904
-4.47543
-4.444
-4.4057
-4.37029
-4.35126
-4.35608
-4.38181
-4.42192
-4.46592
-4.5038
-4.52819
-4.53891
-4.53688
-4.52445
-4.50317
-4.47983
-4.46132
-4.45375
-4.45715
-4.46988
-4.48795
-4.50412
-4.51778
-4.52659
-4.52512
-4.51332
-4.49032
-4.45939
-4.42941
-4.40819
-4.40159
-4.40871
-4.42258
-4.43769
-4.44794
-4.45073
-4.44711
-4.44249
-4.44485
-4.46036
-4.4845
-4.51376
-4.5358
-4.54169
-4.52862
-4.49558
-4.45078
-4.4051
-4.37187
-4.35535
-4.35337
-4.35361
-4.34595
-4.32532
-4.29742
-4.27129
-4.25829
-4.26792
-4.3037
-4.36172
-4.43609
-4.51547
-4.59247
-4.66061
-4.71582
-4.7529
-4.77265
-4.77771
-4.77501
-4.77381
-4.78149
-4.79855
-4.81671
-4.82709
-4.82074
-4.79941
-4.77041
-4.74238
-4.72296
-4.71554
-4.71648
-4.7179
-4.71356
-4.70329
-4.68807
-4.6714
-4.65138
-4.63027
-4.61061
-4.59061
-4.57126
-4.54448
-4.51004
-4.4682
-4.42575
-4.38817
-4.35912
-4.33787
-4.32388
-4.31753
-4.31633
-4.31891
-4.32346
-4.32905
-4.34301
-4.36098
-4.37839
-4.39192
-4.39782
-4.39739
-4.39014
-4.37997
-4.37136
-4.3667
-4.3663
-4.36643
-4.36415
-4.35806
-4.35065
-4.34968
-4.36079
-4.38905
-4.43489
-4.48951
-4.54676
-4.59666
-4.63301
-4.65054
-4.64959
-4.63094
-4.60454
-4.58332
-4.57465
-4.57709
-4.58491
-4.58836
-4.58346
-4.56786
-4.54588
-4.52309
-4.50762
-4.50925
-4.53043
-4.56836
-4.61192
-4.65116
-4.67599
-4.68128
-4.66466
-4.63099
-4.58616
-4.53938
-4.50138
-4.47983
-4.47995
-4.49933
-4.52687
-4.55843
-4.58398
-4.60287
-4.61793
-4.63264
-4.64948
-4.66532
-4.67404
-4.67194
-4.6596
-4.63801
-4.61132
-4.58152
-4.55377
-4.53709
-4.53281
-4.53793
-4.54704
-4.55392
-4.55735
-4.55417
-4.54738
-4.53608
-4.52164
-4.50854
-4.50151
-4.50756
-4.53495
-4.58949
-4.66299
-4.74032
-4.80927
-4.86144
-4.89068
-4.893
-4.86977
-4.82676
-4.77363
-4.72323
-4.68376
-4.65679
-4.63918
-4.62684
-4.61676
-4.60943
-4.60677
-4.61087
-4.62422
-4.63987
-4.655
-4.6648
-4.66753
-4.66417
-4.65634
-4.64727
-4.64219
-4.64268
-4.64624
-4.65141
-4.65568
-4.66152
-4.66712
-4.67125
-4.6713
-4.66725
-4.66076
-4.6559
-4.65878
-4.66597
-4.67293
-4.67644
-4.67624
-4.66934
-4.65646
-4.63829
-4.61685
-4.59759
-4.57712
-4.55244
-4.52221
-4.49047
-4.46606
-4.45386
-4.45824
-4.47793
-4.50672
-4.53973
-4.57293
-4.60059
-4.62514
-4.64165
-4.64729
-4.64204
-4.62082
-4.5856
-4.53791
-4.48805
-4.44361
-4.41786
-4.41809
-4.44162
-4.48005
-4.52551
-4.57024
-4.60599
-4.63105
-4.64626
-4.65091
-4.64781
-4.6385
-4.62302
-4.60056
-4.56931
-4.53074
-4.48843
-4.45008
-4.42718
-4.4262
-4.45154
-4.49509
-4.5419
-4.57766
-4.59737
-4.599
-4.58439
-4.55661
-4.51506
-4.46031
-4.40192
-4.35106
-4.32145
-4.32321
-4.35823
-4.41567
-4.47881
-4.52929
-4.55778
-4.56357
-4.55113
-4.52744
-4.49981
-4.4712
-4.44498
-4.4283
-4.43006
-4.45426
-4.4987
-4.54725
-4.58695
-4.6082
-4.61022
-4.60516
-4.6056
-4.62191
-4.64742
-4.6693
-4.67577
-4.66369
-4.63501
-4.59679
-4.56121
-4.53938
-4.53544
-4.54673
-4.56426
-4.57839
-4.5846
-4.57671
-4.55693
-4.52668
-4.49616
-4.47237
-4.45976
-4.46236
-4.47462
-4.48851
-4.50274
-4.5143
-4.52491
-4.53608
-4.54679
-4.5555
-4.56308
-4.57073
-4.58108
-4.59367
-4.60703
-4.61725
-4.62273
-4.62123
-4.61627
-4.60976
-4.60369
-4.60134
-4.60061
-4.59956
-4.59452
-4.58403
-4.56839
-4.54772
-4.52472
-4.50202
-4.48103
-4.46551
-4.45409
-4.44742
-4.43965
-4.42835
-4.40749
-4.37883
-4.34718
-4.32944
-4.33248
-4.3513
-4.37154
-4.37887
-4.36853
-4.34846
-4.32572
-4.31649
-4.32978
-4.36333
-4.4066
-4.44612
-4.47506
-4.49281
-4.50462
-4.51746
-4.53619
-4.55651
-4.57459
-4.58211
-4.57762
-4.57272
-4.57689
-4.59454
-4.62061
-4.64674
-4.66419
-4.67028
-4.66452
-4.64985
-4.62955
-4.61064
-4.59786
-4.59741
-4.60886
-4.62622
-4.64508
-4.66159
-4.6742
-4.68386
-4.69222
-4.69574
-4.69135
-4.67884
-4.66247
-4.64223
-4.61889
-4.59174
-4.55891
-4.52435
-4.49263
-4.47016
-4.45856
-4.46288
-4.48273
-4.51402
-4.55254
-4.59127
-4.62854
-4.65823
-4.67916
-4.6918
-4.69516
-4.69014
-4.68034
-4.67033
-4.66445
-4.66157
-4.66202
-4.66522
-4.66849
-4.66854
-4.66099
-4.64254
-4.6108
-4.57042
-4.52843
-4.4959
-4.48413
-4.49925
-4.53434
-4.58154
-4.6295
-4.6732
-4.70608
-4.72354
-4.72349
-4.70673
-4.67985
-4.64605
-4.60803
-4.56827
-4.52858
-4.49276
-4.46186
-4.44081
-4.42734
-4.42741
-4.43671
-4.45135
-4.47111
-4.49555
-4.52645
-4.55618
-4.57951
-4.59157
-4.59006
-4.57836
-4.55882
-4.53445
-4.50914
-4.48396
-4.4616
-4.44044
-4.4219
-4.40797
-4.39826
-4.39087
-4.38517
-4.37986
-4.37585
-4.37893
-4.39309
-4.41806
-4.44816
-4.47798
-4.49925
-4.5069
-4.50329
-4.49033
-4.47775
-4.47623
-4.49239
-4.52756
-4.5752
-4.62398
-4.66045
-4.67457
-4.65793
-4.61513
-4.55934
-4.51384
-4.49448
-4.50208
-4.52823
-4.56171
-4.59044
-4.60383
-4.59654
-4.57172
-4.53878
-4.51277
-4.50232
-4.51504
-4.54771
-4.59648
-4.64856
-4.69577
-4.73228
-4.75142
-4.75375
-4.74134
-4.71757
-4.68557
-4.64951
-4.61102
-4.57384
-4.53845
-4.50426
-4.47085
-4.44087
-4.42039
-4.42097
-4.4485
-4.49422
-4.5447
-4.59086
-4.63071
-4.66725
-4.70018
-4.7263
-4.74108
-4.74339
-4.73536
-4.72322
-4.70414
-4.67811
-4.64024
-4.58348
-4.51149
-4.43323
-4.37739
-4.36819
-4.40442
-4.46534
-4.53027
-4.58926
-4.63734
-4.67422
-4.69697
-4.70608
-4.703
-4.69582
-4.69218
-4.69677
-4.70809
-4.72359
-4.73951
-4.7483
-4.74163
-4.71317
-4.66181
-4.60819
-4.57558
-4.56053
-4.54123
-4.51361
-4.49021
-4.48375
-4.49005
-4.49757
-4.49798
-4.4917
-4.48253
-4.46998
-4.45928
-4.45189
-4.45996
-4.48509
-4.52293
-4.56326
-4.59403
-4.61078
-4.61756
-4.6185
-4.61948
-4.6194
-4.61952
-4.61866
-4.61649
-4.61671
-4.62739
-4.64467
-4.66479
-4.67618
-4.67458
-4.65555
-4.62333
-4.58687
-4.55619
-4.5393
-4.53238
-4.53129
-4.53406
-4.53533
-4.53771
-4.54539
-4.56077
-4.58478
-4.61204
-4.6336
-4.642
-4.63431
-4.61367
-4.58517
-4.55365
-4.51965
-4.4857
-4.45248
-4.42387
-4.39828
-4.37335
-4.34084
-4.29321
-4.22701
-4.14711
-4.06691
-4.00838
-3.98144
-3.99052
-4.03258
-4.09751
-4.17494
-4.25328
-4.32539
-4.38487
-4.426
-4.45075
-4.45911
-4.45435
-4.44101
-4.41929
-4.38792
-4.35127
-4.31871
-4.29788
-4.28834
-4.28434
-4.28089
-4.2796
-4.28891
-4.31492
-4.35925
-4.41186
-4.46198
-4.49922
-4.51279
-4.49698
-4.44556
-4.36392
-4.2683
-4.18491
-4.13247
-4.1153
-4.1183
-4.13275
-4.15672
-4.1968
-4.25252
-4.30782
-4.34554
-4.35793
-4.3539
-4.33866
-4.3193
-4.29822
-4.27868
-4.26159
-4.25323
-4.26091
-4.28761
-4.32516
-4.36111
-4.38801
-4.40329
-4.41431
-4.42657
-4.44545
-4.46975
-4.49932
-4.52364
-4.53565
-4.52021
-4.46951
-4.38032
-4.26507
-4.14244
-4.04001
-3.97692
-3.95679
-3.97978
-4.03985
-4.11567
-4.18277
-4.22727
-4.2553
-4.27562
-4.30009
-4.33476
-4.37378
-4.40695
-4.42239
-4.41485
-4.3842
-4.33054
-4.25934
-4.17451
-4.09238
-4.03187
-4.01142
-4.03623
-4.09051
-4.15551
-4.2154
-4.26039
-4.29068
-4.30755
-4.31618
-4.32215
-4.33219
-4.34244
-4.34892
-4.34966
-4.34408
-4.33303
-4.31967
-4.30924
-4.30726
-4.32103
-4.35756
-4.40472
-4.44987
-4.48078
-4.49073
-4.476
-4.43747
-4.37865
-4.30343
-4.22448
-4.17047
-4.16459
-4.20026
-4.24781
-4.28594
-4.31335
-4.33536
-4.35531
-4.36792
-4.36186
-4.33591
-4.29831
-4.25818
-4.229
-4.21783
-4.22304
-4.24099
-4.26383
-4.28361
-4.30011
-4.31472
-4.32904
-4.34881
-4.37316
-4.40378
-4.43458
-4.45611
-4.46616
-4.46609
-4.46178
-4.45476
-4.45099
-4.45125
-4.45346
-4.45396
-4.44638
-4.43337
-4.42522
-4.43645
-4.4653
-4.49462
-4.50792
-4.49463
-4.45388
-4.39266
-4.32109
-4.24485
-4.1747
-4.13346
-4.11956
-4.10963
-4.08194
-4.03137
-3.96833
-3.91203
-3.88476
-3.90547
-3.97719
-4.08921
-4.21161
-4.32186
-4.40025
-4.44503
-4.46007
-4.45208
-4.43197
-4.40299
-4.37068
-4.33832
-4.30279
-4.26841
-4.2338
-4.20322
-4.17716
-4.15748
-4.14439
-4.14038
-4.15064
-4.17689
-4.21814
-4.26943
-4.3219
-4.36543
-4.38903
-4.39247
-4.3779
-4.36065
-4.34521
-4.34014
-4.35053
-4.37585
-4.41063
-4.44797
-4.47734
-4.48889
-4.48149
-4.45347
-4.41104
-4.35771
-4.29913
-4.24397
-4.20265
-4.18364
-4.18346
-4.1998
-4.22635
-4.26293
-4.2993
-4.33298
-4.3545
-4.36322
-4.35442
-4.33877
-4.32216
-4.3088
-4.29839
-4.28073
-4.25854
-4.23538
-4.2254
-4.23121
-4.24226
-4.25276
-4.26982
-4.30484
-4.35483
-4.407
-4.4467
-4.47013
-4.47518
-4.46316
-4.43985
-4.4178
-4.41362
-4.43643
-4.47892
-4.52922
-4.57376
-4.60047
-4.60519
-4.5884
-4.55427
-4.50879
-4.45932
-4.41658
-4.38801
-4.37734
-4.38281
-4.39864
-4.41606
-4.4287
-4.42948
-4.41854
-4.39682
-4.36628
-4.3291
-4.29125
-4.26225
-4.24616
-4.23358
-4.21292
-4.18221
-4.15143
-4.14089
-4.16007
-4.20614
-4.26038
-4.31131
-4.34735
-4.36572
-4.36626
-4.35289
-4.33509
-4.31779
-4.30069
-4.27882
-4.24993
-4.21174
-4.1685
-4.12588
-4.09366
-4.07985
-4.0922
-4.13208
-4.19273
-4.26638
-4.34227
-4.41146
-4.47184
-4.5218
-4.56528
-4.60505
-4.6412
-4.66441
-4.66615
-4.63596
-4.57321
-4.48944
-4.40107
-4.33039
-4.28084
-4.24016
-4.19542
-4.15769
-4.1503
-4.18605
-4.25138
-4.32652
-4.39998
-4.46572
-4.51727
-4.54522
-4.54754
-4.5295
-4.50341
-4.48036
-4.4699
-4.47388
-4.49042
-4.50882
-4.51769
-4.51365
-4.4918
-4.45541
-4.40896
-4.35862
-4.31655
-4.29495
-4.29525
-4.30379
-4.30565
-4.29746
-4.28266
-4.27716
-4.28615
-4.30956
-4.33837
-4.36194
-4.37169
-4.36964
-4.35667
-4.33661
-4.31386
-4.29537
-4.2895
-4.30135
-4.32366
-4.3477
-4.36351
-4.36285
-4.33497
-4.28323
-4.21937
-4.16614
-4.13879
-4.14024
-4.1619
-4.19194
-4.22217
-4.25186
-4.28303
-4.31476
-4.34441
-4.37256
-4.40101
-4.42913
-4.45627
-4.48191
-4.49953
-4.50632
-4.49781
-4.47342
-4.43876
-4.40305
-4.36953
-4.34319
-4.31773
-4.28376
-4.23882
-4.20133
-4.19533
-4.22004
-4.25992
-4.29214
-4.30428
-4.2939
-4.27184
-4.25125
-4.24263
-4.25087
-4.27436
-4.30551
-4.33624
-4.36164
-4.37624
-4.38677
-4.39707
-4.40584
-4.40924
-4.41613
-4.42805
-4.45119
-4.47508
-4.49208
-4.4959
-4.48579
-4.46764
-4.44485
-4.42143
-4.39738
-4.37214
-4.34672
-4.32818
-4.31904
-4.32432
-4.34201
-4.36923
-4.39837
-4.41898
-4.42183
-4.4121
-4.40561
-4.41302
-4.42931
-4.44342
-4.45415
-4.46168
-4.46351
-4.46173
-4.45749
-4.453
-4.4417
-4.417
-4.38869
-4.39142
-4.44865
-4.53058
-4.59997
-4.63995
-4.65425
-4.64966
-4.63419
-4.61767
-4.60841
-4.60723
-4.61209
-4.61618
-4.61111
-4.59362
-4.56453
-4.5307
-4.50308
-4.48836
-4.48303
-4.47623
-4.46312
-4.44267
-4.41574
-4.39026
-4.37033
-4.35863
-4.35614
-4.36157
-4.36844
-4.37151
-4.36721
-4.35562
-4.34272
-4.33505
-4.33599
-4.34653
-4.35876
-4.36437
-4.3583
-4.33667
-4.30296
-4.26483
-4.22531
-4.184
-4.15204
-4.13762
-4.15351
-4.19682
-4.26335
-4.33924
-4.41582
-4.47836
-4.5181
-4.52856
-4.51126
-4.47432
-4.43114
-4.39179
-4.36663
-4.3579
-4.36754
-4.39015
-4.41582
-4.43274
-4.43539
-4.41887
-4.38436
-4.33709
-4.28592
-4.24826
-4.24337
-4.27521
-4.33369
-4.39554
-4.4486
-4.48576
-4.51068
-4.52685
-4.53427
-4.53216
-4.52168
-4.49517
-4.4473
-4.38368
-4.31372
-4.24868
-4.19513
-4.15457
-4.1288
-4.1148
-4.11226
-4.11656
-4.12121
-4.12033
-4.11989
-4.13689
-4.18349
-4.25191
-4.3217
-4.37305
-4.39572
-4.38963
-4.36441
-4.33538
-4.30893
-4.28472
-4.25756
-4.22878
-4.20283
-4.18494
-4.17154
-4.15877
-4.14642
-4.1412
-4.14856
-4.16973
-4.20192
-4.23659
-4.26871
-4.2917
-4.30528
-4.30893
-4.30411
-4.29611
-4.3065
-4.34942
-4.40914
-4.45934
-4.48667
-4.49938
-4.50705
-4.51203
-4.51675
-4.51879
-4.51636
-4.50838
-4.49178
-4.46138
-4.41741
-4.36673
-4.32737
-4.29161
-4.24606
-4.19573
-4.17041
-4.17042
-4.16492
-4.12706
-4.05727
-3.97156
-3.8974
-3.86878
-3.89977
-3.97141
-4.05283
-4.12629
-4.18674
-4.23534
-4.26629
-4.28249
-4.28679
-4.2837
-4.27785
-4.27562
-4.27754
-4.28253
-4.2897
-4.29312
-4.28361
-4.26071
-4.22156
-4.17807
-4.14545
-4.13409
-4.13991
-4.1508
-4.15261
-4.14609
-4.13483
-4.12031
-4.10206
-4.07017
-4.02145
-3.96691
-3.927
-3.91955
-3.9464
-3.99353
-4.04878
-4.10466
-4.15388
-4.19038
-4.20502
-4.19763
-4.17306
-4.13946
-4.09731
-4.05823
-4.0376
-4.04851
-4.08815
-4.15205
-4.22159
-4.28079
-4.31823
-4.32681
-4.3106
-4.28359
-4.26465
-4.26675
-4.29122
-4.33
-4.37542
-4.42323
-4.47261
-4.52025
-4.56733
-4.61001
-4.64319
-4.66015
-4.65328
-4.61648
-4.55142
-4.46448
-4.3739
-4.30735
-4.27957
-4.28784
-4.31563
-4.34402
-4.35879
-4.35839
-4.34768
-4.33547
-4.3335
-4.34459
-4.36899
-4.40008
-4.42952
-4.44922
-4.45155
-4.43174
-4.39293
-4.34083
-4.28966
-4.25113
-4.23712
-4.2486
-4.28234
-4.33017
-4.38299
-4.43453
-4.48108
-4.51598
-4.53815
-4.55026
-4.55133
-4.54509
-4.53255
-4.51492
-4.50114
-4.49656
-4.50638
-4.5253
-4.544
-4.55082
-4.54331
-4.52299
-4.49637
-4.46896
-4.44889
-4.44094
-4.44123
-4.44539
-4.44702
-4.44549
-4.44038
-4.43398
-4.43439
-4.4367
-4.43576
-4.42443
-4.39861
-4.36538
-4.33355
-4.30924
-4.29499
-4.28852
-4.29162
-4.3057
-4.33467
-4.3785
-4.43191
-4.48211
-4.52681
-4.55696
-4.57045
-4.5645
-4.54254
-4.50896
-4.47106
-4.4336
-4.4054
-4.38726
-4.37924
-4.37577
-4.36761
-4.35185
-4.337
-4.33127
-4.34221
-4.36557
-4.39453
-4.42081
-4.44392
-4.4611
-4.46667
-4.4594
-4.43782
-4.40447
-4.3653
-4.33295
-4.31287
-4.30956
-4.31584
-4.32146
-4.32325
-4.31902
-4.3121
-4.30451
-4.29493
-4.28028
-4.26018
-4.23582
-4.21329
-4.19179
-4.17258
-4.15566
-4.14332
-4.13589
-4.14033
-4.15261
-4.17179
-4.19148
-4.20894
-4.223
-4.23174
-4.23862
-4.25021
-4.27383
-4.30549
-4.34083
-4.37574
-4.40703
-4.42757
-4.43082
-4.41466
-4.38205
-4.35032
-4.33201
-4.3285
-4.3309
-4.33454
-4.33817
-4.34495
-4.35187
-4.36631
-4.38708
-4.41372
-4.44221
-4.4637
-4.46908
-4.45359
-4.42243
-4.38772
-4.3661
-4.35142
-4.33466
-4.31103
-4.28621
-4.26551
-4.26023
-4.27411
-4.30224
-4.33367
-4.36025
-4.37468
-4.37417
-4.35841
-4.32713
-4.28179
-4.23114
-4.182
-4.14545
-4.12573
-4.12886
-4.15222
-4.19364
-4.25152
-4.31649
-4.3722
-4.40943
-4.42483
-4.42124
-4.40461
-4.38483
-4.36285
-4.33954
-4.32154
-4.30713
-4.29114
-4.26834
-4.23972
-4.21204
-4.19601
-4.19061
-4.19261
-4.20535
-4.23298
-4.26875
-4.30305
-4.32505
-4.33744
-4.3435
-4.34713
-4.34723
-4.34114
-4.32785
-4.30342
-4.26984
-4.2315
-4.20085
-4.18635
-4.18956
-4.2077
-4.2324
-4.25123
-4.2556
-4.24087
-4.21015
-4.17135
-4.13876
-4.12411
-4.13587
-4.16255
-4.19166
-4.21401
-4.22614
-4.22994
-4.22298
-4.20474
-4.17678
-4.14956
-4.13756
-4.14477
-4.16965
-4.20023
-4.22918
-4.25291
-4.27134
-4.28531
-4.29945
-4.31296
-4.32582
-4.33381
-4.33326
-4.32427
-4.30448
-4.27668
-4.24189
-4.20883
-4.18534
-4.17654
-4.18301
-4.20135
-4.23161
-4.27707
-4.34241
-4.41962
-4.49912
-4.56979
-4.61993
-4.64612
-4.64749
-4.62865
-4.58918
-4.52997
-4.45483
-4.37336
-4.29506
-4.22871
-4.18643
-4.17004
-4.1716
-4.17726
-4.18089
-4.18232
-4.18649
-4.19531
-4.20884
-4.22341
-4.24126
-4.2606
-4.28459
-4.31435
-4.34589
-4.37562
-4.39824
-4.41714
-4.43869
-4.46704
-4.50635
-4.54861
-4.57835
-4.58357
-4.56039
-4.51873
