-3.51475
-3.51475
-3.51475
-3.51369
-3.51037
-3.50524
-3.50176
-3.4986
-3.49633
-3.49573
-3.49543
-3.49421
-3.49481
-3.49586
-3.49691
-3.49736
-3.49827
-3.49948
-3.50054
-3.5007
-3.50251
-3.50191
-3.50177
-3.50222
-3.50237
-3.50252
-3.50237
-3.50146
-3.50176
-3.50207
-3.50101
-3.50056
-3.50056
-3.50026
-3.50041
-3.50056
-3.50056
-3.50101
-3.50086
-3.50116
-3.50207
-3.50116
-3.50131
-3.50222
-3.50282
-3.50282
-3.50252
-3.50192
-3.50131
-3.50086
-3.50071
-3.50026
-3.49981
-3.49996
-3.50056
-3.49966
-3.49996
-3.49935
-3.4995
-3.49935
-3.49965
-3.49995
-3.5001
-3.49965
-3.49905
-3.4986
-3.49769
-3.49678
-3.49739
-3.49769
-3.49739
-3.49663
-3.49557
-3.49466
-3.49482
-3.49558
-3.49588
-3.49527
-3.49558
-3.49663
-3.49648
-3.49437
-3.49542
-3.49497
-3.49467
-3.49512
-3.49527
-3.49512
-3.49648
-3.49618
-3.49633
-3.49587
-3.49542
-3.49557
-3.49603
-3.49527
-3.49527
-3.49452
-3.49512
-3.49497
-3.49482
-3.49452
-3.49406
-3.49452
-3.49467
-3.49482
-3.49482
-3.49436
-3.49451
-3.49527
-3.49557
-3.49557
-3.49648
-3.49679
-3.49588
-3.49588
-3.49618
-3.49724
-3.49694
-3.49678
-3.49739
-3.49633
-3.49723
-3.49754
-3.49799
-3.49859
-3.49889
-3.49889
-3.49814
-3.49708
-3.49768
-3.49799
-3.49723
-3.49708
-3.49753
-3.49889
-3.49784
-3.49784
-3.49784
-3.49874
-3.49935
-3.4998
-3.5001
-3.49965
-3.4992
-3.4986
-3.49829
-3.49799
-3.49874
-3.49814
-3.49829
-3.49708
-3.49769
-3.49874
-3.49875
-3.50026
-3.50041
-3.50041
-3.49965
-3.4995
-3.5004
-3.49979
-3.4998
-3.50056
-3.50056
-3.50011
-3.4998
-3.49965
-3.49935
-3.49904
-3.49889
-3.49829
-3.49754
-3.49814
-3.49814
-3.49874
-3.49874
-3.4998
-3.4992
-3.49951
-3.498
-3.49784
-3.49859
-3.49874
-3.49798
-3.49798
-3.49783
-3.49859
-3.49875
-3.50041
-3.50041
-3.50041
-3.50071
-3.50026
-3.49935
-3.4998
-3.50041
-3.50071
-3.50025
-3.50025
-3.49995
-3.4995
-3.49995
-3.50146
-3.50161
-3.50191
-3.50221
-3.50161
-3.50131
-3.50101
-3.50176
-3.50146
-3.50101
-3.50041
-3.4992
-3.49935
-3.49935
-3.4989
-3.4998
-3.49965
-3.5001
-3.4992
-3.49874
-3.5001
-3.49919
-3.49889
-3.49829
-3.49814
-3.49798
-3.49753
-3.49798
-3.49662
-3.49677
-3.49693
-3.49647
-3.49617
-3.49663
-3.49618
-3.49618
-3.49618
-3.49618
-3.49678
-3.49632
-3.49587
-3.49526
-3.49662
-3.49738
-3.49753
-3.49904
-3.49874
-3.5004
-3.4998
-3.49814
-3.49859
-3.49905
-3.49829
-3.49693
-3.49738
-3.49798
-3.49798
-3.49874
-3.49919
-3.49935
-3.49919
-3.49874
-3.49859
-3.49889
-3.49874
-3.49904
-3.49874
-3.49844
-3.49769
-3.49663
-3.49618
-3.49588
-3.49542
-3.49603
-3.49572
-3.49632
-3.49572
-3.49496
-3.49466
-3.49466
-3.49391
-3.49436
-3.49421
-3.49543
-3.49482
-3.49316
-3.49286
-3.49376
-3.49587
-3.49632
-3.49753
-3.49738
-3.49783
-3.49935
-3.49889
-3.49905
-3.4992
-3.4989
-3.49905
-3.4986
-3.4986
-3.4989
-3.4992
-3.4992
-3.49995
-3.50011
-3.50101
-3.50116
-3.50161
-3.50161
-3.50222
-3.50161
-3.50177
-3.50132
-3.50087
-3.50117
-3.50087
-3.50116
-3.50146
-3.50206
-3.50191
-3.50161
-3.50055
-3.4998
-3.49935
-3.49935
-3.50011
-3.50131
-3.50086
-3.50101
-3.50101
-3.49995
-3.49919
-3.49889
-3.49919
-3.49919
-3.50025
-3.49949
-3.49949
-3.49904
-3.49935
-3.49814
-3.49905
-3.49814
-3.49829
-3.49799
-3.49738
-3.49662
-3.49587
-3.49557
-3.49587
-3.49633
-3.49542
-3.49572
-3.49648
-3.49632
-3.49617
-3.49632
-3.49662
-3.49738
-3.49768
-3.49708
-3.49844
-3.49799
-3.49859
-3.49859
-3.49829
-3.49784
-3.49768
-3.49738
-3.49768
-3.49738
-3.49738
-3.49693
-3.49633
-3.49632
-3.49648
-3.49587
-3.49602
-3.49587
-3.49768
-3.49844
-3.49874
-3.49768
-3.49678
-3.49708
-3.49617
-3.49496
-3.49617
-3.49723
-3.49677
-3.49723
-3.49814
-3.49814
-3.49829
-3.49904
-3.49768
-3.49783
-3.49828
-3.49768
-3.49844
-3.49859
-3.49904
-3.49904
-3.5004
-3.5013
-3.5007
-3.50055
-3.5007
-3.5004
-3.49979
-3.49874
-3.49828
-3.49874
-3.49874
-3.49889
-3.49889
-3.49799
-3.49844
-3.49783
-3.49813
-3.49738
-3.49783
-3.49858
-3.49889
-3.49858
-3.49783
-3.49783
-3.49874
-3.49844
-3.49874
-3.49798
-3.49753
-3.49768
-3.49753
-3.49813
-3.49874
-3.49844
-3.49753
-3.49754
-3.49723
-3.49663
-3.49663
-3.49602
-3.49662
-3.49616
-3.49662
-3.49723
-3.49753
-3.49723
-3.49723
-3.49693
-3.49647
-3.49663
-3.49753
-3.49784
-3.49844
-3.49754
-3.49663
-3.49633
-3.49588
-3.49573
-3.49588
-3.49527
-3.49557
-3.49618
-3.49587
-3.49572
-3.49557
-3.49617
-3.49587
-3.49633
-3.49723
-3.49753
-3.49723
-3.49889
-3.49829
-3.49845
-3.49845
-3.49815
-3.49966
-3.49935
-3.5001
-3.49965
-3.49995
-3.49965
-3.4998
-3.50026
-3.50102
-3.50102
-3.50056
-3.50101
-3.50222
-3.50327
-3.50357
-3.50267
-3.50282
-3.50236
-3.50267
-3.50237
-3.50313
-3.50328
-3.50313
-3.50313
-3.50283
-3.50207
-3.50117
-3.50132
-3.50041
-3.4998
-3.49949
-3.49904
-3.49995
-3.50025
-3.49874
-3.49905
-3.49784
-3.49814
-3.4983
-3.49829
-3.49799
-3.49814
-3.49799
-3.49814
-3.49875
-3.49829
-3.49693
-3.49618
-3.49618
-3.49693
-3.49814
-3.49814
-3.49798
-3.49874
-3.49874
-3.49904
-3.49874
-3.49859
-3.49949
-3.49919
-3.49934
-3.49859
-3.49768
-3.49753
-3.49753
-3.49844
-3.49693
-3.49618
-3.49587
-3.49587
-3.49603
-3.49602
-3.49678
-3.49527
-3.49557
-3.49557
-3.49496
-3.49481
-3.49436
-3.49345
-3.49375
-3.49405
-3.49496
-3.49557
-3.4939
-3.49481
-3.49527
-3.49602
-3.49588
-3.49663
-3.49708
-3.49738
-3.49753
-3.49723
-3.49662
-3.49632
-3.49708
-3.49723
-3.49678
-3.49738
-3.49753
-3.49784
-3.49799
-3.49829
-3.49874
-3.49829
-3.49874
-3.49843
-3.49752
-3.49798
-3.49859
-3.49844
-3.49768
-3.49678
-3.49693
-3.49602
-3.49481
-3.49405
-3.4942
-3.49421
-3.49451
-3.49511
-3.49466
-3.49375
-3.49405
-3.49451
-3.4942
-3.4939
-3.49345
-3.49511
-3.49481
-3.49496
-3.49511
-3.49496
-3.4948
-3.4945
-3.4942
-3.49435
-3.49556
-3.49511
-3.49436
-3.49482
-3.49527
-3.49406
-3.49421
-3.49376
-3.49345
-3.49345
-3.49405
-3.49375
-3.4936
-3.49451
-3.49466
-3.49496
-3.49557
-3.49541
-3.49511
-3.49511
-3.49587
-3.49617
-3.49708
-3.49799
-3.49784
-3.49739
-3.49754
-3.49754
-3.49799
-3.49738
-3.49753
-3.49752
-3.49813
-3.49858
-3.49843
-3.49844
-3.49768
-3.49799
-3.49678
-3.49618
-3.49588
-3.49648
-3.49708
-3.49663
-3.49587
-3.49587
-3.49707
-3.49722
-3.49768
-3.49783
-3.49738
-3.49874
-3.4995
-3.4998
-3.50025
-3.5004
-3.50025
-3.4992
-3.4992
-3.5001
-3.49965
-3.4995
-3.49844
-3.49919
-3.49873
-3.49888
-3.49919
-3.49874
-3.4998
-3.5004
-3.5004
-3.50101
-3.50056
-3.50071
-3.50116
-3.50131
-3.50085
-3.50085
-3.5007
-3.50115
-3.49979
-3.49919
-3.49994
-3.49919
-3.49874
-3.49768
-3.49799
-3.49769
-3.49814
-3.49844
-3.49784
-3.49799
-3.49738
-3.49768
-3.49768
-3.49829
-3.49768
-3.49783
-3.49768
-3.49829
-3.49753
-3.49784
-3.49829
-3.49965
-3.5001
-3.5001
-3.49904
-3.50025
-3.4989
-3.4995
-3.4995
-3.49844
-3.49919
-3.49919
-3.49859
-3.4995
-3.4998
-3.50011
-3.49981
-3.49981
-3.49981
-3.4995
-3.49935
-3.49904
-3.49843
-3.49904
-3.50025
-3.50055
-3.49995
-3.49905
-3.50011
-3.49965
-3.49905
-3.4992
-3.49874
-3.49799
-3.49738
-3.49829
-3.49829
-3.49844
-3.49784
-3.49724
-3.49739
-3.49799
-3.49829
-3.49798
-3.49753
-3.49858
-3.49753
-3.49768
-3.49783
-3.49708
-3.49617
-3.49633
-3.49617
-3.49602
-3.49602
-3.49541
-3.49466
-3.49406
-3.493
-3.49376
-3.49452
-3.49542
-3.49678
-3.49724
-3.49663
-3.49739
-3.49784
-3.49693
-3.49678
-3.49618
-3.49693
-3.49678
-3.49814
-3.49814
-3.49829
-3.49829
-3.49769
-3.49965
-3.49935
-3.49919
-3.49874
-3.49859
-3.49859
-3.49739
-3.49739
-3.49708
-3.49693
-3.49678
-3.49829
-3.49949
-3.50025
-3.49995
-3.5001
-3.50101
-3.50101
-3.50071
-3.50086
-3.49995
-3.49965
-3.49874
-3.49814
-3.49874
-3.49919
-3.49919
-3.49995
-3.5001
-3.5004
-3.5001
-3.50025
-3.5001
-3.50025
-3.50116
-3.50086
-3.50101
-3.501
-3.50131
-3.5007
-3.50025
-3.5001
-3.49995
-3.5004
-3.50025
-3.4995
-3.49844
-3.49768
-3.49738
-3.49783
-3.49783
-3.49859
-3.49935
-3.49874
-3.49828
-3.49798
-3.49919
-3.49949
-3.5001
-3.49935
-3.49965
-3.49874
-3.49889
-3.49934
-3.49995
-3.4995
-3.5001
-3.50101
-3.50055
-3.50086
-3.50131
-3.50116
-3.50146
-3.50191
-3.50281
-3.50327
-3.50281
-3.50252
-3.50176
-3.50177
-3.50056
-3.4998
-3.4998
-3.49934
-3.49934
-3.49979
-3.5001
-3.5001
-3.49964
-3.50009
-3.5007
-3.50145
-3.50085
-3.4998
-3.49935
-3.49905
-3.4998
-3.50041
-3.49965
-3.50071
-3.50146
-3.49995
-3.5001
-3.50025
-3.5004
-3.49965
-3.4998
-3.49934
-3.5007
-3.50085
-3.5004
-3.4998
-3.5007
-3.49995
-3.50101
-3.50055
-3.50146
-3.5007
-3.50071
-3.50055
-3.50055
-3.50055
-3.5007
-3.50086
-3.4998
-3.50026
-3.49935
-3.4992
-3.49889
-3.49919
-3.4998
-3.5004
-3.49934
-3.49889
-3.4998
-3.50026
-3.50056
-3.50056
-3.50101
-3.50237
-3.50312
-3.50312
-3.50297
-3.50357
-3.50418
-3.50418
-3.50357
-3.50509
-3.50615
-3.50494
-3.50464
-3.50509
-3.50494
-3.50373
-3.50343
-3.50312
-3.50221
-3.50282
-3.50327
-3.50266
-3.50296
-3.50372
-3.50357
-3.50297
-3.50372
-3.50372
-3.50523
-3.50553
-3.50599
-3.50539
-3.50569
-3.50463
-3.50508
-3.50493
-3.50569
-3.50554
-3.50614
-3.50554
-3.50569
-3.50508
-3.50478
-3.50479
-3.50509
-3.50463
-3.50418
-3.50312
-3.50357
-3.50402
-3.50357
-3.50297
-3.50297
-3.50222
-3.50237
-3.50191
-3.50312
-3.50312
-3.50342
-3.50267
-3.50282
-3.50252
-0.11247
-0.113225
-0.112919
-0.112753
-0.112728
-0.111502
-0.1115
-0.112419
-0.113192
-0.11124
-0.110037
-0.11094
-0.111532
-0.111669
-0.111969
-0.110468
-0.110789
-0.110197
-0.108234
-0.109432
-0.109565
-0.109547
-0.109547
-0.110173
-0.110196
-0.109302
-0.108843
-0.108977
-0.109111
-0.109858
-0.108652
-0.109112
-0.109873
-0.108361
-0.10866
-0.108506
-0.108502
-0.109256
-0.109258
-0.109113
-0.108065
-0.10928
-0.107773
-0.107925
-0.107771
-0.106859
-0.107454
-0.106395
-0.106251
-0.105656
-0.105652
-0.105791
-0.105795
-0.104908
-0.106127
-0.106125
-0.10672
-0.105651
-0.104889
-0.1067
-0.106695
-0.105333
-0.105187
-0.105345
-0.10671
-0.107916
-0.108363
-0.10836
-0.107912
-0.108219
-0.109124
-0.110028
-0.110027
-0.109575
-0.109876
-0.110026
-0.109574
-0.109122
-0.109877
-0.108513
-0.10745
-0.107446
-0.108355
-0.107907
-0.106857
-0.106712
-0.106111
-0.106112
-0.10702
-0.107625
-0.107017
-0.109123
-0.11108
-0.110474
-0.109273
-0.108374
-0.106564
-0.106561
-0.107161
-0.106399
-0.106693
-0.106988
-0.106838
-0.10775
-0.107756
-0.106854
-0.106855
-0.1058
-0.105651
-0.105048
-0.104745
-0.104748
-0.106115
-0.105513
-0.105663
-0.105812
-0.104904
-0.104753
-0.105049
-0.105494
-0.105185
-0.106693
-0.107899
-0.109861
-0.11062
-0.110177
-0.110643
-0.11065
-0.110351
-0.110044
-0.110334
-0.111383
-0.109872
-0.11003
-0.111397
-0.112611
-0.112007
-0.111399
-0.111391
-0.110624
-0.110771
-0.109119
-0.108681
-0.108382
-0.108521
-0.108504
-0.109105
-0.110925
-0.111234
-0.11214
-0.112744
-0.111693
-0.111247
-0.111703
-0.112153
-0.111091
-0.111086
-0.112589
-0.11258
-0.111062
-0.111065
-0.110622
-0.110933
-0.110483
-0.109424
-0.110629
-0.110474
-0.109267
-0.108971
-0.108073
-0.107469
-0.107314
-0.108822
-0.108368
-0.107464
-0.108972
-0.107454
-0.106238
-0.106238
-0.107001
-0.107918
-0.107173
-0.107482
-0.106571
-0.105494
-0.104864
-0.105009
-0.104585
-0.103857
-0.10325
-0.103835
-0.102162
-0.102167
-0.102931
-0.103991
-0.103686
-0.103831
-0.104579
-0.10412
-0.103968
-0.103369
-0.103377
-0.102626
-0.103683
-0.104282
-0.105481
-0.105315
-0.10395
-0.103961
-0.103527
-0.102787
-0.102787
-0.103835
-0.10428
-0.10594
-0.107297
-0.107594
-0.107898
-0.108213
-0.108376
-0.107168
-0.10641
-0.1058
-0.106702
-0.107905
-0.108508
-0.109876
-0.110803
-0.109912
-0.110968
-0.111846
-0.110911
-0.111518
-0.110781
-0.111394
-0.110634
-0.110471
-0.108956
-0.109717
-0.109274
-0.109129
-0.108677
-0.108223
-0.108223
-0.107766
-0.107762
-0.107152
-0.10624
-0.104571
-0.104271
-0.104893
-0.106724
-0.104618
-0.104317
-0.104914
-0.104446
-0.10503
-0.104114
-0.104117
-0.104732
-0.104593
-0.105054
-0.1049
-0.106103
-0.103833
-0.102474
-0.10293
-0.102778
-0.10338
-0.104132
-0.105038
-0.104434
-0.105492
-0.105341
-0.104887
-0.105642
-0.106249
-0.106708
-0.107013
-0.106107
-0.105652
-0.105654
-0.106413
-0.107319
-0.106404
-0.106236
-0.107425
-0.106968
-0.107748
-0.107632
-0.10856
-0.109315
-0.110513
-0.111251
-0.110172
-0.108642
-0.107429
-0.106991
-0.107159
-0.107169
-0.106565
-0.106565
-0.105651
-0.105938
-0.105328
-0.105489
-0.104746
-0.104142
-0.10338
-0.102917
-0.104421
-0.105326
-0.104574
-0.105641
-0.104746
-0.104606
-0.106122
-0.106573
-0.105955
-0.10699
-0.106673
-0.106987
-0.107164
-0.106727
-0.106582
-0.106734
-0.106875
-0.105341
-0.105026
-0.10488
-0.104739
-0.104745
-0.106112
-0.106565
-0.104745
-0.103978
-0.103218
-0.103074
-0.103392
-0.102951
-0.10265
-0.103398
-0.103839
-0.104276
-0.103804
-0.104853
-0.104711
-0.103825
-0.103845
-0.103105
-0.102964
-0.103262
-0.10386
-0.104913
-0.103844
-0.10336
-0.102723
-0.102279
-0.10489
-0.105527
-0.104028
-0.104476
-0.10431
-0.104892
-0.105025
-0.104721
-0.104576
-0.105036
-0.104285
-0.104141
-0.104604
-0.103551
-0.104155
-0.104453
-0.105202
-0.103835
-0.104123
-0.104113
-0.103675
-0.102946
-0.103406
-0.104605
-0.104285
-0.104574
-0.103975
-0.105351
-0.105969
-0.107178
-0.107478
-0.107923
-0.107169
-0.10688
-0.106574
-0.10654
-0.105911
-0.106231
-0.106412
-0.105666
-0.105965
-0.105811
-0.105963
-0.106871
-0.108681
-0.108826
-0.108815
-0.108502
-0.109107
-0.108219
-0.108084
-0.108536
-0.108829
-0.108974
-0.109726
-0.109122
-0.107313
-0.106251
-0.105787
-0.10517
-0.106528
-0.10654
-0.106557
-0.107322
-0.107478
-0.106416
-0.106562
-0.106562
-0.106266
-0.105972
-0.105662
-0.105792
-0.105021
-0.104727
-0.105354
-0.106728
-0.106426
-0.106267
-0.107318
-0.107167
-0.109287
-0.10914
-0.109591
-0.110336
-0.111531
-0.111975
-0.110916
-0.110619
-0.11063
-0.110792
-0.109741
-0.110042
-0.110035
-0.110176
-0.110471
-0.109566
-0.109877
-0.110187
-0.108982
-0.109887
-0.109282
-0.108973
-0.108361
-0.109117
-0.110336
-0.108986
-0.108384
-0.107773
-0.107617
-0.107464
-0.107467
-0.107166
-0.10595
-0.105941
-0.106847
-0.106261
-0.106583
-0.107944
-0.108685
-0.108376
-0.108531
-0.108834
-0.108984
-0.108075
-0.109133
-0.108977
-0.108517
-0.107757
-0.108205
-0.10775
-0.106697
-0.106858
-0.10747
-0.106873
-0.10703
-0.107338
-0.106125
-0.106107
-0.10548
-0.105619
-0.104879
-0.105659
-0.105518
-0.107177
-0.107026
-0.108086
-0.10718
-0.108236
-0.107777
-0.107014
-0.107008
-0.108516
-0.108519
-0.108831
-0.108388
-0.108393
-0.109146
-0.108537
-0.107021
-0.106262
-0.107017
-0.10626
-0.106414
-0.105513
-0.105364
-0.10672
-0.107173
-0.108089
-0.108401
-0.108405
-0.110211
-0.110656
-0.108533
-0.108073
-0.108222
-0.107165
-0.106716
-0.106416
-0.106868
-0.108076
-0.10808
-0.107338
-0.106898
-0.107201
-0.108683
-0.108652
-0.108524
-0.108096
-0.107036
-0.106575
-0.107328
-0.107175
-0.107623
-0.107307
-0.108047
-0.108654
-0.109576
-0.110044
-0.108996
-0.109606
-0.108251
-0.107497
-0.108096
-0.109592
-0.109427
-0.108667
-0.108825
-0.108077
-0.108078
-0.108079
-0.108083
-0.109295
-0.110357
-0.110363
-0.109607
-0.110356
-0.110192
-0.109873
-0.110773
-0.110183
-0.1096
-0.110218
-0.110673
-0.110973
-0.11248
-0.111877
-0.11158
-0.111277
-0.110514
-0.110044
-0.110495
-0.110061
-0.109619
-0.11067
-0.108085
-0.107916
-0.107606
-0.10761
-0.108226
-0.107029
-0.108396
-0.109909
-0.109758
-0.109303
-0.109755
-0.109755
-0.108999
-0.110207
-0.108996
-0.109143
-0.110042
-0.109433
-0.108824
-0.107464
-0.107021
-0.107186
-0.106288
-0.105227
-0.105821
-0.10642
-0.106877
-0.106734
-0.106739
-0.104931
-0.105237
-0.105838
-0.107033
-0.107927
-0.109284
-0.107779
-0.108838
-0.109142
-0.110054
-0.110966
-0.110059
-0.109902
-0.110954
-0.111255
-0.110054
-0.109911
-0.110671
-0.109764
-0.109006
-0.107345
-0.107346
-0.105972
-0.106869
-0.106884
-0.106433
-0.107176
-0.107623
-0.108081
-0.107637
-0.108099
-0.108403
-0.108399
-0.109753
-0.109002
-0.109161
-0.108862
-0.110365
-0.110808
-0.111401
-0.110792
-0.112758
-0.11201
-0.111868
-0.11081
-0.110796
-0.110481
-0.110496
-0.111277
-0.111434
-0.112027
-0.111711
-0.111852
-0.11094
-0.111544
-0.112456
-0.11156
-0.110969
-0.109312
-0.108248
-0.107025
-0.107313
-0.108216
-0.107767
-0.10868
-0.108686
-0.108385
-0.110503
-0.110357
-0.111418
-0.11081
-0.110647
-0.109877
-0.11123
-0.110328
-0.111695
-0.112001
-0.111397
-0.1111
-0.110809
-0.111427
-0.11113
-0.109762
-0.108541
-0.108983
-0.110037
-0.110341
-0.110492
-0.110186
-0.110632
-0.109875
-0.10958
-0.108386
-0.107642
-0.107645
-0.108247
-0.108696
-0.107182
-0.106271
-0.108081
-0.108833
-0.107925
-0.108833
-0.110199
-0.110206
-0.109449
-0.111853
-0.111082
-0.111236
-0.110644
-0.109598
-0.1093
-0.109146
-0.109295
-0.109445
-0.108992
-0.109747
-0.109292
-0.109142
-0.107786
-0.107637
-0.107632
-0.107169
-0.106104
-0.106107
-0.105664
-0.107937
-0.10839
-0.10884
-0.109595
-0.109599
-0.109599
-0.109445
-0.109744
-0.10914
-0.108691
-0.109446
-0.110201
-0.109593
-0.109132
-0.108811
-0.109406
-0.108212
-0.109896
-0.10945
-0.109292
-0.109127
-0.109874
-0.108813
-0.10942
-0.108371
-0.108228
-0.108084
-0.107791
-0.107196
-0.107353
-0.106893
-0.107028
-0.107918
-0.107456
-0.10912
-0.108522
-0.10807
-0.10822
-0.107468
-0.107623
-0.107474
-0.106718
-0.107172
-0.107326
-0.108238
-0.108243
-0.106585
-0.107189
-0.107787
-0.108072
-0.108961
-0.109562
-0.111999
-0.111419
-0.11204
-0.11129
-0.111134
-0.11021
-0.110641
-0.110476
-0.109412
-0.109866
-0.110323
-0.109579
-0.108684
-0.108541
-0.108242
-0.107936
-0.108231
-0.107016
-0.106711
-0.106411
-0.105358
-0.10506
-0.104913
-0.104462
-0.104614
-0.10431
-0.105214
-0.105812
-0.106107
-0.105649
-0.106408
-0.107781
-0.107645
-0.106596
-0.104931
-0.103867
-0.104012
-0.104309
-0.103849
-0.103845
-0.102191
-0.102205
-0.101609
-0.101455
-0.102506
-0.101741
-0.101886
-0.101127
-0.10279
-0.102795
-0.104163
-0.103865
-0.104928
-0.105534
-0.10614
-0.106744
-0.107344
-0.107177
-0.10807
-0.108223
-0.10839
-0.108855
-0.10931
-0.10961
-0.110358
-0.111253
-0.111551
-0.110651
-0.110661
-0.111421
-0.109152
-0.108089
-0.107481
-0.107784
-0.105674
-0.105682
-0.104931
-0.104933
-0.104023
-0.10462
-0.105513
-0.106408
-0.107016
-0.10627
-0.106129
-0.106587
-0.105836
-0.105688
-0.105992
-0.105846
-0.106003
-0.105549
-0.104781
-0.104758
-0.104291
-0.103543
-0.104014
-0.103574
-0.104033
-0.103732
-0.104485
-0.105689
-0.105392
-0.106759
-0.106152
-0.10629
-0.107333
-0.106873
-0.106429
-0.106752
-0.106914
-0.106152
-0.106591
-0.106731
-0.106424
-0.106428
-0.105985
-0.105395
-0.104802
-0.103892
-0.10403
-0.104473
-0.10431
-0.105812
-0.106112
-0.105971
-0.106895
-0.107511
-0.107509
-0.108104
-0.106288
-0.105533
-0.104628
-0.104474
-0.105832
-0.105836
-0.106742
-0.105832
-0.106433
-0.106432
-0.106731
-0.105978
-0.107347
-0.107657
-0.107958
-0.106585
-0.106875
-0.106118
-0.105825
-0.105981
-0.106437
-0.106435
-0.105986
-0.106602
-0.107822
-0.109182
-0.110068
-0.108683
-0.108225
-0.107487
-0.106744
-0.106593
-0.107803
-0.1069
-0.106742
-0.107941
-0.109749
-0.108394
-0.108253
-0.109172
-0.108875
-0.108111
-0.107646
-0.108242
-0.107184
-0.107794
-0.108103
-0.109165
-0.110221
-0.109004
-0.109449
-0.110047
-0.109745
-0.109603
-0.109164
-0.10993
-0.109631
-0.109176
-0.108415
-0.109162
-0.110358
-0.110047
-0.109749
-0.108553
-0.108866
-0.108713
-0.109464
-0.107197
-0.105988
-0.106139
-0.105535
-1.98505
-1.98444
-1.98445
-1.98415
-1.9831
-1.98356
-1.98416
-1.98356
-1.9828
-1.9831
-1.9831
-1.9831
-1.98355
-1.98431
-1.98476
-1.98506
-1.98642
-1.98732
-1.98748
-1.98809
-1.98793
-1.98823
-1.98868
-1.98928
-1.98959
-1.9905
-1.99126
-1.99201
-1.99201
-1.99216
-1.99186
-1.99155
-1.9911
-1.9899
-1.99216
-1.99247
-1.99171
-1.99155
-1.99185
-1.9911
-1.9911
-1.99171
-1.99141
-1.99201
-1.99292
-1.99353
-1.99338
-1.99277
-1.99202
-1.99111
-1.99156
-1.9914
-1.99065
-1.99216
-1.99336
-1.99397
-1.99337
-1.99307
-1.99247
-1.99172
-1.99277
-1.99217
-1.99066
-1.98931
-1.989
-1.989
-1.98884
-1.98853
-1.98853
-1.98868
-1.98839
-1.98749
-1.98779
-1.98673
-1.98552
-1.98627
-1.98688
-1.98673
-1.98613
-1.98613
-1.98537
-1.98597
-1.98551
-1.98492
-1.98402
-1.98432
-1.98446
-1.9849
-1.98491
-1.98567
-1.98674
-1.98658
-1.98673
-1.98718
-1.98748
-1.98732
-1.98732
-1.98657
-1.98717
-1.98673
-1.98613
-1.98689
-1.98704
-1.98598
-1.98582
-1.98641
-1.98641
-1.98672
-1.98642
-1.98612
-1.98733
-1.98854
-1.98809
-1.98824
-1.98869
-1.98869
-1.98854
-1.98839
-1.98868
-1.98853
-1.98914
-1.98869
-1.98823
-1.98793
-1.98793
-1.98718
-1.98673
-1.98673
-1.98642
-1.98703
-1.98748
-1.98718
-1.98778
-1.98944
-1.98869
-1.98824
-1.98899
-1.9899
-1.9908
-1.99126
-1.99096
-1.99172
-1.99096
-1.99126
-1.99035
-1.98899
-1.98869
-1.98914
-1.98884
-1.98869
-1.98869
-1.99006
-1.99036
-1.99006
-1.99005
-1.9908
-1.99065
-1.99064
-1.99004
-1.99049
-1.99049
-1.98958
-1.99035
-1.98945
-1.99112
-1.99112
-1.99097
-1.99112
-1.99096
-1.9914
-1.99124
-1.99138
-1.99079
-1.99126
-1.99338
-1.99308
-1.99398
-1.99337
-1.99291
-1.99366
-1.99366
-1.99336
-1.99518
-1.99548
-1.99502
-1.99517
-1.99533
-1.99549
-1.99549
-1.9958
-1.99716
-1.99685
-1.9964
-1.99609
-1.99472
-1.99533
-1.99442
-1.99352
-1.99215
-1.99216
-1.9908
-1.9902
-1.98944
-1.98898
-1.98913
-1.98928
-1.99125
-1.9911
-1.9911
-1.99186
-1.99095
-1.9908
-1.9902
-1.9902
-1.98959
-1.98929
-1.98883
-1.98943
-1.98897
-1.98777
-1.98762
-1.98839
-1.98779
-1.98749
-1.98568
-1.98613
-1.98597
-1.98552
-1.98476
-1.98521
-1.98641
-1.98656
-1.98732
-1.98853
-1.98793
-1.98884
-1.98945
-1.99005
-1.98915
-1.98839
-1.98733
-1.98582
-1.98597
-1.98643
-1.98613
-1.98583
-1.98689
-1.98704
-1.98765
-1.98795
-1.98749
-1.98794
-1.98838
-1.98822
-1.98883
-1.98748
-1.98702
-1.98793
-1.9893
-1.98885
-1.98916
-1.98855
-1.98825
-1.98886
-1.9893
-1.9893
-1.98975
-1.99065
-1.9908
-1.98974
-1.98944
-1.99019
-1.99005
-1.9893
-1.98915
-1.98855
-1.9887
-1.98884
-1.98929
-1.99049
-1.98989
-1.98899
-1.98885
-1.98947
-1.98841
-1.98825
-1.98764
-1.98824
-1.98748
-1.98869
-1.98899
-1.98883
-1.98823
-1.98839
-1.98824
-1.9884
-1.98855
-1.98885
-1.99066
-1.98929
-1.99096
-1.99247
-1.99293
-1.99308
-1.99293
-1.99308
-1.99217
-1.99323
-1.99368
-1.99262
-1.99186
-1.99307
-1.99322
-1.99201
-1.99172
-1.99232
-1.98991
-1.98945
-1.98885
-1.98884
-1.98883
-1.98792
-1.98853
-1.98899
-1.9899
-1.99051
-1.99006
-1.99067
-1.99112
-1.98976
-1.9902
-1.99034
-1.99064
-1.99019
-1.99095
-1.99065
-1.99217
-1.99248
-1.99263
-1.99354
-1.99384
-1.99323
-1.99337
-1.99171
-1.9911
-1.99035
-1.98989
-1.99034
-1.99049
-1.98988
-1.99049
-1.98989
-1.99035
-1.9899
-1.989
-1.98764
-1.98673
-1.98642
-1.98536
-1.9837
-1.9837
-1.9831
-1.9834
-1.98355
-1.98189
-1.98235
-1.98265
-1.98205
-1.98294
-1.98248
-1.98263
-1.98279
-1.98325
-1.98339
-1.98369
-1.98324
-1.98233
-1.98127
-1.98309
-1.98263
-1.98202
-1.98338
-1.98414
-1.9846
-1.98581
-1.98642
-1.98596
-1.98611
-1.98717
-1.98807
-1.98898
-1.98959
-1.98974
-1.98989
-1.99034
-1.99049
-1.99094
-1.99275
-1.99321
-1.9923
-1.99261
-1.99306
-1.99291
-1.99351
-1.99336
-1.99261
-1.9923
-1.992
-1.99215
-1.99245
-1.9929
-1.9929
-1.99381
-1.99335
-1.9932
-1.9935
-1.99335
-1.99457
-1.99563
-1.99518
-1.99488
-1.99579
-1.99428
-1.99382
-1.99306
-1.99291
-1.99245
-1.9923
-1.992
-1.99034
-1.98899
-1.98959
-1.98913
-1.98958
-1.98973
-1.99018
-1.98988
-1.99064
-1.99155
-1.9905
-1.99035
-1.9908
-1.99095
-1.98989
-1.98988
-1.99033
-1.99124
-1.99049
-1.99049
-1.99004
-1.98989
-1.99004
-1.98884
-1.98944
-1.99125
-1.99034
-1.99139
-1.99124
-1.99139
-1.99109
-1.99049
-1.99049
-1.98944
-1.98974
-1.98853
-1.98868
-1.98898
-1.98898
-1.98928
-1.98988
-1.98973
-1.99033
-1.98973
-1.98959
-1.99004
-1.98974
-1.98929
-1.99004
-1.99095
-1.99155
-1.99094
-1.99019
-1.98913
-1.98929
-1.98914
-1.98943
-1.98776
-1.98836
-1.98852
-1.98792
-1.98808
-1.98868
-1.98838
-1.98748
-1.98687
-1.98702
-1.98778
-1.98884
-1.98898
-1.99004
-1.99109
-1.99064
-1.99033
-1.99064
-1.99125
-1.9905
-1.99065
-1.98959
-1.98777
-1.98882
-1.98868
-1.98763
-1.98718
-1.98702
-1.98778
-1.98914
-1.99004
-1.98944
-1.99019
-1.98958
-1.98973
-1.98852
-1.98852
-1.98928
-1.99049
-1.99185
-1.99201
-1.99276
-1.99367
-1.99427
-1.99412
-1.99322
-1.99412
-1.99533
-1.99532
-1.99442
-1.99502
-1.99442
-1.99518
-1.99549
-1.99549
-1.99473
-1.99412
-1.99275
-1.9938
-1.99456
-1.99351
-1.99367
-1.99246
-1.99246
-1.99201
-1.99156
-1.9905
-1.98974
-1.98989
-1.9917
-1.99185
-1.99079
-1.9908
-1.99171
-1.99095
-1.98914
-1.99005
-1.9905
-1.99065
-1.98974
-1.98883
-1.98913
-1.98883
-1.98822
-1.98868
-1.98898
-1.98898
-1.98838
-1.98793
-1.98687
-1.98687
-1.98733
-1.98733
-1.98854
-1.98929
-1.9899
-1.99096
-1.9911
-1.99049
-1.98989
-1.98928
-1.98913
-1.98942
-1.98851
-1.98867
-1.98884
-1.98945
-1.99005
-1.98929
-1.98973
-1.98973
-1.99004
-1.99004
-1.98914
-1.9896
-1.98974
-1.98989
-1.98944
-1.98944
-1.99004
-1.98959
-1.99079
-1.99139
-1.9923
-1.9926
-1.9926
-1.99185
-1.9914
-1.99216
-1.99247
-1.99217
-1.99247
-1.99247
-1.99262
-1.99186
-1.9923
-1.99245
-1.99259
-1.99259
-1.99184
-1.99305
-1.99261
-1.99291
-1.99291
-1.99276
-1.99215
-1.9926
-1.99094
-1.99155
-1.99156
-1.99125
-1.99185
-1.99291
-1.99139
-1.99064
-1.99079
-1.9911
-1.9908
-1.9911
-1.99049
-1.99109
-1.99049
-1.98913
-1.98943
-1.98867
-1.98882
-1.98913
-1.98928
-1.98837
-1.98776
-1.98972
-1.98943
-1.98989
-1.99065
-1.9917
-1.99155
-1.99094
-1.99215
-1.9929
-1.99124
-1.99169
-1.99365
-1.99396
-1.99426
-1.99305
-1.99305
-1.9929
-1.99305
-1.99306
-1.99398
-1.99307
-1.99351
-1.99336
-1.99442
-1.99367
-1.99353
-1.99322
-1.99381
-1.9935
-1.99319
-1.99244
-1.99094
-1.9917
-1.9917
-1.9914
-1.99171
-1.99126
-1.9902
-1.99004
-1.98913
-1.98746
-1.98671
-1.98656
-1.98565
-1.98641
-1.98731
-1.98731
-1.98762
-1.98837
-1.98792
-1.98912
-1.99033
-1.98912
-1.98957
-1.98988
-1.98943
-1.98974
-1.98868
-1.98928
-1.98777
-1.98913
-1.98973
-1.99018
-1.98927
-1.98897
-1.98957
-1.98882
-1.98912
-1.98837
-1.98852
-1.98731
-1.98732
-1.98671
-1.98505
-1.98445
-1.98535
-1.98535
-1.98595
-1.98625
-1.98595
-1.98701
-1.98626
-1.98641
-1.98535
-1.98625
-1.98534
-1.98565
-1.98762
-1.98641
-1.98702
-1.98701
-1.98686
-1.9861
-1.9864
-1.98535
-1.98384
-1.98354
-1.98278
-1.98248
-1.98263
-1.98293
-1.98459
-1.98398
-1.98413
-1.98413
-1.98413
-1.98323
-1.98248
-1.98293
-1.98368
-1.98353
-1.98338
-1.98353
-1.98324
-1.98248
-1.98324
-1.98294
-1.98429
-1.98535
-1.98534
-1.98595
-1.98641
-1.98716
-1.98716
-1.98716
-1.98595
-1.98595
-1.987
-1.98701
-1.98731
-1.98762
-1.98671
-1.98701
-1.98762
-1.98716
-1.98715
-1.9867
-1.9867
-1.98595
-1.98566
-1.98476
-1.98475
-1.98626
-1.98657
-1.98627
-1.98672
-1.98687
-1.98611
-1.98747
-1.98656
-1.98701
-1.98761
-1.98761
-1.9876
-1.98761
-1.98837
-1.98868
-1.98808
-1.98672
-1.98612
-1.98612
-1.98536
-1.98581
-1.98459
-1.98489
-1.98383
-1.98262
-1.98217
-1.98248
-1.98248
-1.98203
-1.98203
-1.98158
-1.98158
-1.98128
-1.97931
-1.97946
-1.98021
-1.97886
-1.97916
-1.97992
-1.97977
-1.97992
-1.97976
-1.98051
-1.98159
-1.9822
-1.98281
-1.98341
-1.98445
-1.9849
-1.98414
-1.98443
-1.98413
-1.98429
-1.98475
-1.98566
-1.98657
-1.98687
-1.98702
-1.98733
-1.98778
-1.98673
-1.98627
-1.98445
-1.9849
-1.98551
-1.98506
-1.98461
-1.9834
-1.98219
-1.98264
-1.98324
-1.98279
-1.98294
-1.9834
-1.98491
-1.9843
-1.98445
-1.98399
-1.9852
-1.98446
-1.98567
-1.98552
-1.98536
-1.98611
-1.98656
-1.98626
-1.98641
-1.98596
-1.98672
-1.98718
-1.98748
-1.98823
-1.98854
-1.98869
-1.98869
-1.98884
-1.98687
-1.98702
-1.98853
-1.98853
-1.98929
-1.98824
-1.98823
-1.98792
-1.98716
-1.98672
-1.98718
-1.98688
-1.98673
-1.98688
-1.98537
-1.98537
-1.98597
-1.98611
-1.9855
-1.98566
-1.984
-1.98355
-1.984
-1.98385
-1.98355
-1.98385
-1.98475
-1.98505
-1.98521
-1.98628
-1.98704
-1.98719
-1.98764
-1.98748
-1.98702
-1.98822
-1.98896
-1.98957
-1.99078
-1.9905
-1.99005
-1.98976
-1.98961
-1.98991
-1.99051
-1.98899
-1.98959
-1.98943
-1.98898
-1.98944
-1.9905
-1.99156
-1.9911
-1.99095
-1.99049
-1.99095
-1.99005
-1.9902
-1.99005
-1.99065
-1.98975
-1.98869
-1.98823
-1.98823
-1.98808
-1.98824
-1.98763
-1.98794
-1.98869
-1.98838
-1.98792
-1.98883
-1.98808
-1.98763
-1.98839
-1.98809
-1.98915
-1.98884
-1.98853
-1.98959
-1.99004
-1.99095
-1.99095
-1.9896
-1.989
-1.9887
-1.98975
-1.98959
-1.98943
-1.98912
-1.98943
-1.9908
-1.99081
-1.98975
-1.98975
-1.98989
-1.99094
-1.99215
-1.99124
-1.9917
-1.99201
-1.99051
-1.99111
-1.99112
-1.99021
-1.98975
-1.17132
-1.17101
-1.17131
-1.17206
-1.1722
-1.17266
-1.17267
-1.17253
-1.17374
-1.17374
-1.17344
-1.17269
-1.17178
-1.17177
-1.17268
-1.17131
-1.17086
-1.17041
-1.16981
-1.16981
-1.16966
-1.16981
-1.16951
-1.16981
-1.1692
-1.16996
-1.16965
-1.17071
-1.17071
-1.17177
-1.17147
-1.17299
-1.17314
-1.17254
-1.17223
-1.17177
-1.17117
-1.17101
-1.17207
-1.17117
-1.17193
-1.17118
-1.17088
-1.17118
-1.17103
-1.16997
-1.16861
-1.16876
-1.17027
-1.17057
-1.17101
-1.17116
-1.17071
-1.17162
-1.17193
-1.17163
-1.17073
-1.16967
-1.16907
-1.16906
-1.1686
-1.16875
-1.16921
-1.16921
-1.16861
-1.1668
-1.1674
-1.1674
-1.1689
-1.1695
-1.16861
-1.16907
-1.16817
-1.16802
-1.16817
-1.16802
-1.16922
-1.16906
-1.16936
-1.16905
-1.16996
-1.17027
-1.17027
-1.17058
-1.17073
-1.17194
-1.17119
-1.17149
-1.17179
-1.17209
-1.17284
-1.17269
-1.17163
-1.17224
-1.17118
-1.17148
-1.17254
-1.17195
-1.1718
-1.17165
-1.1718
-1.17241
-1.17149
-1.17042
-1.16966
-1.17087
-1.17057
-1.17163
-1.17178
-1.17268
-1.17283
-1.17238
-1.17223
-1.17193
-1.173
-1.1733
-1.1736
-1.17254
-1.1733
-1.17315
-1.17134
-1.16998
-1.16892
-1.16831
-1.16831
-1.16937
-1.17027
-1.17088
-1.17073
-1.17072
-1.17162
-1.17147
-1.17224
-1.17224
-1.173
-1.17331
-1.17285
-1.17149
-1.17164
-1.17118
-1.17042
-1.17042
-1.16921
-1.168
-1.168
-1.1674
-1.1671
-1.16755
-1.1674
-1.16801
-1.16681
-1.16666
-1.16697
-1.16789
-1.16804
-1.16878
-1.1686
-1.16722
-1.16798
-1.16785
-1.16711
-1.1665
-1.16801
-1.16846
-1.16801
-1.16802
-1.16727
-1.16727
-1.16787
-1.16848
-1.16877
-1.16726
-1.1671
-1.168
-1.16723
-1.16738
-1.16754
-1.16649
-1.16589
-1.1662
-1.1656
-1.1656
-1.16483
-1.16513
-1.16588
-1.16603
-1.16649
-1.16694
-1.168
-1.16875
-1.168
-1.16875
-1.16981
-1.17102
-1.17072
-1.17072
-1.17193
-1.17102
-1.17056
-1.17056
-1.17161
-1.17252
-1.17343
-1.17208
-1.17238
-1.17283
-1.17223
-1.17178
-1.173
-1.1727
-1.17316
-1.17331
-1.17164
-1.17178
-1.17177
-1.17056
-1.17102
-1.17012
-1.16997
-1.16982
-1.16952
-1.16952
-1.17179
-1.17073
-1.17058
-1.16937
-1.16907
-1.16997
-1.17148
-1.17103
-1.17134
-1.17164
-1.17042
-1.16965
-1.1692
-1.16952
-1.16938
-1.16893
-1.16954
-1.17029
-1.16892
-1.16891
-1.16906
-1.16981
-1.16935
-1.16754
-1.168
-1.16861
-1.16846
-1.16982
-1.17058
-1.17179
-1.17073
-1.17163
-1.17223
-1.17328
-1.17237
-1.17222
-1.17207
-1.17193
-1.17209
-1.1727
-1.17149
-1.17149
-1.17027
-1.16936
-1.1686
-1.17056
-1.17087
-1.17057
-1.17058
-1.17103
-1.17088
-1.17117
-1.17086
-1.1707
-1.17055
-1.17025
-1.17087
-1.17012
-1.17028
-1.17059
-1.17029
-1.17045
-1.16984
-1.17088
-1.17146
-1.17024
-1.16904
-1.16891
-1.16967
-1.17013
-1.16982
-1.16922
-1.16998
-1.16966
-1.16995
-1.17102
-1.17134
-1.17105
-1.17059
-1.16997
-1.16952
-1.16997
-1.17043
-1.17028
-1.17012
-1.17057
-1.16936
-1.16967
-1.16921
-1.16936
-1.16907
-1.16877
-1.17103
-1.17162
-1.17282
-1.17312
-1.17313
-1.17178
-1.17284
-1.1727
-1.17104
-1.17239
-1.17164
-1.17163
-1.17179
-1.17148
-1.17043
-1.17164
-1.17073
-1.17209
-1.17299
-1.17193
-1.17193
-1.17148
-1.17148
-1.17133
-1.17163
-1.17148
-1.17133
-1.17058
-1.17148
-1.17058
-1.17012
-1.16952
-1.16967
-1.1692
-1.1698
-1.1698
-1.1689
-1.1683
-1.16936
-1.16936
-1.16816
-1.16801
-1.16892
-1.16877
-1.16997
-1.16981
-1.17056
-1.17026
-1.16996
-1.16981
-1.17133
-1.17133
-1.17027
-1.17041
-1.17054
-1.17069
-1.17101
-1.17102
-1.16998
-1.17089
-1.17118
-1.17057
-1.17132
-1.17116
-1.17071
-1.17072
-1.17223
-1.17178
-1.17193
-1.17269
-1.17436
-1.17421
-1.17345
-1.17359
-1.17313
-1.17237
-1.17087
-1.17254
-1.17073
-1.16968
-1.16907
-1.16922
-1.16877
-1.16907
-1.16876
-1.16951
-1.17012
-1.17133
-1.17088
-1.17088
-1.17133
-1.17209
-1.17209
-1.1727
-1.1718
-1.1715
-1.17104
-1.17119
-1.17042
-1.16875
-1.1689
-1.16967
-1.16952
-1.17209
-1.17088
-1.17043
-1.17118
-1.17073
-1.16892
-1.16832
-1.16937
-1.16982
-1.17118
-1.16966
-1.16906
-1.16982
-1.1718
-1.17089
-1.17044
-1.17074
-1.17028
-1.17164
-1.17224
-1.17072
-1.1704
-1.1701
-1.16936
-1.16938
-1.16909
-1.16909
-1.16834
-1.16953
-1.16922
-1.16875
-1.16829
-1.168
-1.1677
-1.16785
-1.16952
-1.16998
-1.17028
-1.17104
-1.1712
-1.1715
-1.17134
-1.17284
-1.17163
-1.17163
-1.17254
-1.17284
-1.17208
-1.17193
-1.17223
-1.17268
-1.17329
-1.1739
-1.1736
-1.17239
-1.17239
-1.17254
-1.17269
-1.17345
-1.17269
-1.17391
-1.17377
-1.17225
-1.17224
-1.17102
-1.1707
-1.17117
-1.16982
-1.16953
-1.16953
-1.16877
-1.16892
-1.17028
-1.16938
-1.16892
-1.16998
-1.17043
-1.17012
-1.17012
-1.17224
-1.17179
-1.17119
-1.17028
-1.16998
-1.16983
-1.16968
-1.17073
-1.17178
-1.17072
-1.17117
-1.17329
-1.17495
-1.1748
-1.17466
-1.17406
-1.17346
-1.17316
-1.1718
-1.17179
-1.17193
-1.17147
-1.17042
-1.17012
-1.17073
-1.1727
-1.17345
-1.173
-1.17254
-1.17193
-1.17133
-1.17118
-1.17179
-1.17285
-1.17405
-1.17345
-1.17314
-1.17405
-1.17526
-1.17466
-1.17436
-1.17285
-1.17164
-1.17194
-1.17149
-1.17088
-1.17073
-1.16877
-1.16801
-1.16846
-1.16816
-1.1674
-1.16907
-1.16876
-1.17133
-1.17012
-1.17132
-1.17147
-1.17223
-1.17102
-1.17149
-1.1718
-1.17165
-1.17301
-1.17376
-1.17376
-1.17345
-1.17359
-1.17359
-1.17283
-1.17178
-1.17224
-1.17194
-1.17134
-1.17149
-1.17119
-1.17088
-1.16997
-1.17073
-1.17178
-1.17102
-1.17072
-1.16967
-1.16876
-1.16891
-1.16936
-1.16889
-1.16889
-1.1692
-1.16906
-1.16998
-1.16862
-1.16833
-1.16833
-1.16999
-1.17043
-1.17042
-1.17027
-1.17057
-1.17193
-1.17284
-1.17375
-1.17361
-1.17361
-1.1727
-1.17254
-1.17209
-1.17102
-1.17254
-1.17239
-1.17254
-1.17194
-1.17149
-1.17148
-1.17193
-1.17027
-1.16966
-1.17102
-1.16951
-1.16891
-1.16862
-1.16801
-1.16816
-1.16801
-1.16876
-1.16936
-1.16906
-1.16814
-1.16815
-1.16848
-1.16774
-1.16653
-1.16773
-1.16741
-1.1662
-1.16604
-1.1671
-1.16604
-1.16452
-1.16436
-1.16361
-1.16423
-1.16439
-1.16455
-1.16546
-1.16606
-1.16605
-1.16665
-1.1677
-1.16846
-1.16801
-1.1674
-1.16831
-1.16801
-1.16877
-1.16801
-1.16711
-1.1665
-1.1671
-1.16634
-1.16557
-1.16618
-1.16633
-1.16574
-1.16589
-1.16514
-1.16484
-1.16529
-1.16499
-1.16529
-1.16605
-1.16559
-1.16574
-1.16574
-1.16544
-1.16589
-1.16604
-1.16649
-1.16725
-1.168
-1.1686
-1.16845
-1.16876
-1.16801
-1.16877
-1.16862
-1.16816
-1.16876
-1.17073
-1.17088
-1.17149
-1.17224
-1.17254
-1.17299
-1.17268
-1.17192
-1.17252
-1.17239
-1.1724
-1.17301
-1.17376
-1.17467
-1.17421
-1.1745
-1.17358
-1.17358
-1.17419
-1.17451
-1.17452
-1.17497
-1.17391
-1.1724
-1.17299
-1.17313
-1.17298
-1.17269
-1.17255
-1.17194
-1.17088
-1.17193
-1.17148
-1.17012
-1.17043
-1.17074
-1.17073
-1.17103
-1.17013
-1.16998
-1.17073
-1.17194
-1.173
-1.17269
-1.17344
-1.1742
-1.1739
-1.17451
-1.17361
-1.1733
-1.17361
-1.17467
-1.17588
-1.17376
-1.17481
-1.1754
-1.17479
-1.17479
-1.176
-1.1757
-1.17526
-1.17451
-1.17406
-1.17285
-1.17451
-1.17451
-1.1742
-1.17435
-1.17434
-1.17404
-1.17343
-1.17359
-1.17179
-1.17058
-1.17088
-1.17103
-1.17224
-1.17225
-1.17195
-1.1724
-1.17194
-1.17208
-1.17147
-1.17193
-1.17193
-1.17239
-1.17163
-1.17193
-1.17178
-1.17057
-1.17057
-1.17088
-1.16983
-1.16998
-1.16953
-1.16998
-1.16907
-1.16908
-1.16862
-1.16922
-1.16952
-1.17042
-1.17133
-1.17012
-1.16997
-1.17179
-1.17225
-1.17194
-1.17119
-1.17149
-1.17194
-1.17179
-1.1724
-1.17119
-1.17104
-1.17135
-1.17121
-1.17075
-1.17059
-1.16998
-1.17013
-1.16892
-1.17043
-1.16952
-1.16861
-1.16982
-1.17058
-1.17165
-1.1715
-1.17029
-1.17135
-1.17195
-1.1727
-1.1733
-1.1736
-1.17299
-1.17329
-1.17268
-1.17284
-1.17224
-1.17254
-1.17194
-1.17164
-1.17134
-1.17225
-1.17254
-1.17148
-1.17224
-1.1733
-1.17435
-1.1745
-1.17345
-1.17451
-1.17437
-1.17376
-1.17361
-1.17542
-1.17542
-1.17512
-1.17634
-1.17679
-1.17557
-1.17602
-1.17571
-1.17601
-1.1748
-1.1751
-1.17375
-1.17375
-1.17405
-1.17436
-1.17421
-1.17406
-1.17315
-1.17209
-1.17285
-1.173
-1.17074
-1.16998
-1.16968
-1.16922
-1.16831
-1.16846
-1.16861
-1.16816
-1.16907
-1.16847
-1.16802
-1.16787
-1.1668
-1.16785
-1.16604
-1.16665
-1.1665
-1.16619
-1.16725
-1.16831
-1.16802
-1.16727
-1.16681
-1.16636
-1.16591
-1.16666
-1.16756
-1.1677
-1.16862
-1.16923
-1.16832
-1.16876
-1.16891
-1.1683
-1.1683
-1.16982
-1.16891
-1.16831
-1.16937
-1.16938
-1.16983
-1.16999
-1.17
-1.17
-1.16878
-1.16892
-1.16952
-1.16953
-1.16938
-1.17028
-1.17028
-1.16981
-1.168
-1.1683
-1.16771
-1.16695
-1.16711
-1.16711
-1.16772
-1.16817
-1.16771
-1.1671
-1.16755
-1.1683
-1.16891
-1.16876
-1.16771
-1.16727
-1.16697
-1.16802
-1.16786
-1.16756
-1.16831
-1.16771
-1.16786
-1.16757
-1.16863
-1.16863
-1.16922
-1.16861
-1.16891
-1.16936
-1.16846
-1.16816
-1.16802
-1.16832
-1.16802
-1.16802
-1.16817
-1.16907
-1.16953
-1.16816
-1.16755
-1.1692
-1.16754
-1.16801
-1.16848
-1.16863
-1.16969
-1.16968
-1.16832
-1.16908
-1.16968
-1.17042
-1.17056
-1.17147
-1.17058
-1.16908
-1.16908
-1.16711
-1.16711
-1.16756
-1.16847
-1.16726
-1.16665
-1.16755
-1.1677
-1.16695
-1.1656
-1.16531
-1.1638
-1.16426
-1.16395
-1.16454
-1.16483
-1.16483
-1.16573
-1.16588
-1.16604
-1.1668
-1.16832
-1.16787
-1.16817
-1.16816
-1.16861
-1.168
-1.1677
-1.16725
-1.16695
-1.75061
-1.75076
-1.75136
-1.75091
-1.75045
-1.7503
-1.75015
-1.75136
-1.75166
-1.75257
-1.75226
-1.75151
-1.75226
-1.75272
-1.75363
-1.75348
-1.75197
-1.75227
-1.75272
-1.75212
-1.75212
-1.75393
-1.75393
-1.75317
-1.75302
-1.75332
-1.75257
-1.75212
-1.75197
-1.75348
-1.75348
-1.75347
-1.75287
-1.75392
-1.75423
-1.75423
-1.75333
-1.75318
-1.75182
-1.75287
-1.75166
-1.75151
-1.75181
-1.75196
-1.75196
-1.75271
-1.75302
-1.75363
-1.75333
-1.75303
-1.75333
-1.75121
-1.75151
-1.75227
-1.75136
-1.75196
-1.75242
-1.75287
-1.75333
-1.75348
-1.75242
-1.75272
-1.75211
-1.75226
-1.75227
-1.75287
-1.75378
-1.75499
-1.75529
-1.7559
-1.7562
-1.7562
-1.7562
-1.75559
-1.75574
-1.75483
-1.75589
-1.75604
-1.75695
-1.75649
-1.75619
-1.75695
-1.75771
-1.75756
-1.75801
-1.75559
-1.75619
-1.75558
-1.75528
-1.75467
-1.75392
-1.75377
-1.75422
-1.75453
-1.75468
-1.75363
-1.75287
-1.75257
-1.75286
-1.75376
-1.75542
-1.75543
-1.75437
-1.75437
-1.75316
-1.75317
-1.75379
-1.75303
-1.75318
-1.75287
-1.7515
-1.75104
-1.75149
-1.7518
-1.75105
-1.75151
-1.75061
-1.75032
-1.74926
-1.74896
-1.75017
-1.75076
-1.75089
-1.7521
-1.75242
-1.75288
-1.75349
-1.75409
-1.75544
-1.75559
-1.75543
-1.75618
-1.75619
-1.75529
-1.75484
-1.75514
-1.75559
-1.75438
-1.75408
-1.75423
-1.75498
-1.75332
-1.75301
-1.75181
-1.75181
-1.75212
-1.75333
-1.75303
-1.75409
-1.75349
-1.75349
-1.75242
-1.75271
-1.75316
-1.75196
-1.75136
-1.75181
-1.75332
-1.75423
-1.75424
-1.75531
-1.75486
-1.755
-1.75394
-1.75439
-1.75469
-1.75544
-1.75573
-1.75527
-1.75467
-1.75468
-1.75635
-1.75726
-1.75666
-1.75666
-1.75651
-1.75652
-1.75636
-1.75666
-1.75681
-1.75694
-1.75769
-1.75859
-1.7589
-1.75785
-1.75801
-1.75741
-1.75665
-1.75589
-1.75619
-1.75604
-1.75695
-1.75711
-1.75756
-1.75847
-1.75847
-1.75862
-1.75862
-1.75846
-1.75694
-1.75664
-1.75755
-1.7577
-1.75755
-1.75801
-1.75694
-1.75724
-1.75769
-1.75935
-1.75921
-1.75906
-1.76013
-1.76133
-1.76058
-1.76013
-1.75907
-1.75982
-1.76058
-1.75966
-1.75921
-1.75785
-1.7571
-1.75741
-1.75726
-1.75739
-1.75602
-1.75527
-1.75469
-1.75484
-1.75484
-1.75408
-1.75468
-1.75422
-1.75437
-1.75332
-1.75287
-1.75227
-1.75242
-1.75121
-1.75075
-1.7509
-1.75105
-1.75196
-1.75241
-1.75332
-1.75271
-1.75302
-1.75407
-1.75362
-1.75348
-1.75393
-1.75303
-1.75318
-1.75363
-1.75438
-1.75467
-1.75468
-1.75529
-1.75545
-1.75484
-1.75469
-1.75423
-1.75392
-1.75468
-1.75452
-1.75407
-1.75513
-1.75543
-1.75529
-1.75529
-1.75529
-1.75484
-1.75529
-1.75635
-1.75635
-1.75484
-1.75544
-1.75302
-1.75332
-1.75302
-1.75257
-1.75196
-1.75242
-1.75211
-1.75181
-1.75182
-1.75318
-1.75303
-1.75288
-1.75198
-1.75243
-1.75227
-1.75182
-1.75196
-1.75136
-1.75136
-1.75257
-1.75242
-1.75302
-1.75241
-1.75152
-1.75137
-1.75001
-1.75107
-1.75122
-1.75183
-1.75289
-1.75288
-1.75333
-1.75332
-1.75302
-1.75241
-1.75242
-1.75288
-1.75333
-1.75318
-1.75272
-1.75272
-1.75273
-1.75349
-1.7541
-1.75365
-1.75364
-1.75424
-1.75364
-1.75363
-1.75545
-1.75635
-1.75817
-1.75606
-1.75591
-1.75576
-1.75516
-1.75561
-1.75531
-1.75454
-1.75469
-1.75559
-1.7565
-1.75771
-1.75832
-1.75862
-1.75938
-1.75832
-1.75862
-1.75969
-1.75893
-1.75787
-1.75787
-1.75802
-1.75832
-1.75681
-1.75847
-1.75787
-1.75742
-1.75682
-1.75712
-1.75712
-1.75802
-1.75816
-1.75785
-1.758
-1.75786
-1.75877
-1.75923
-1.75953
-1.75832
-1.75848
-1.75666
-1.75726
-1.75605
-1.75605
-1.75665
-1.75635
-1.7562
-1.75634
-1.75544
-1.7571
-1.75771
-1.75726
-1.75711
-1.7562
-1.7556
-1.7559
-1.7568
-1.75665
-1.75741
-1.75741
-1.75771
-1.75665
-1.75756
-1.75771
-1.75831
-1.75816
-1.7571
-1.75694
-1.7571
-1.75514
-1.75544
-1.75453
-1.75559
-1.75544
-1.75484
-1.75544
-1.75605
-1.75544
-1.75484
-1.75544
-1.75559
-1.75649
-1.75649
-1.75634
-1.75665
-1.75695
-1.75605
-1.75575
-1.7565
-1.75679
-1.75709
-1.75709
-1.75876
-1.75953
-1.75892
-1.75847
-1.75906
-1.75816
-1.75922
-1.75847
-1.75922
-1.75877
-1.75967
-1.75937
-1.75936
-1.75966
-1.75875
-1.7577
-1.7574
-1.75831
-1.75892
-1.75968
-1.76029
-1.76029
-1.76014
-1.75983
-1.75966
-1.76072
-1.76148
-1.76043
-1.75907
-1.75772
-1.75757
-1.75681
-1.7565
-1.75695
-1.75725
-1.75574
-1.75528
-1.75664
-1.75543
-1.75514
-1.75635
-1.75575
-1.75529
-1.75499
-1.75559
-1.75634
-1.75559
-1.75544
-1.75665
-1.75559
-1.75543
-1.75482
-1.75422
-1.75438
-1.75348
-1.75333
-1.75348
-1.75378
-1.75272
-1.7515
-1.7521
-1.7512
-1.75075
-1.75075
-1.75
-1.75091
-1.75046
-1.75122
-1.75152
-1.75167
-1.75167
-1.75257
-1.75302
-1.75271
-1.75271
-1.75225
-1.75301
-1.75271
-1.75271
-1.75392
-1.75346
-1.75332
-1.75332
-1.75303
-1.75348
-1.75273
-1.75227
-1.75287
-1.75408
-1.75437
-1.75468
-1.75468
-1.75528
-1.75573
-1.75543
-1.75588
-1.75483
-1.75454
-1.75454
-1.75529
-1.7559
-1.75649
-1.75603
-1.75527
-1.75362
-1.75302
-1.75378
-1.75378
-1.75272
-1.75152
-1.75182
-1.75046
-1.75106
-1.75242
-1.75317
-1.75377
-1.75347
-1.7527
-1.75209
-1.75225
-1.75271
-1.75363
-1.75379
-1.75349
-1.75334
-1.75288
-1.75076
-1.75196
-1.75271
-1.75211
-1.75286
-1.75256
-1.75332
-1.75422
-1.75407
-1.75347
-1.75317
-1.75393
-1.75196
-1.75226
-1.7515
-1.7521
-1.7512
-1.75181
-1.75105
-1.75227
-1.75242
-1.75333
-1.75544
-1.75605
-1.75514
-1.75483
-1.75604
-1.75573
-1.75527
-1.75452
-1.75317
-1.75196
-1.75227
-1.75272
-1.75317
-1.75332
-1.75393
-1.75302
-1.75378
-1.75423
-1.75423
-1.75318
-1.75272
-1.75362
-1.75301
-1.75332
-1.75377
-1.75528
-1.75634
-1.75619
-1.7565
-1.75619
-1.75634
-1.75589
-1.7559
-1.75756
-1.75772
-1.75727
-1.75832
-1.75817
-1.75817
-1.75801
-1.75799
-1.75708
-1.75648
-1.7568
-1.75832
-1.75817
-1.75908
-1.75923
-1.75847
-1.75801
-1.75861
-1.75816
-1.75951
-1.75951
-1.75951
-1.76013
-1.75953
-1.75952
-1.75997
-1.75891
-1.75892
-1.75907
-1.75937
-1.75756
-1.75651
-1.75651
-1.75772
-1.75847
-1.75892
-1.75847
-1.75816
-1.75816
-1.75709
-1.75648
-1.75694
-1.75649
-1.75529
-1.75378
-1.75334
-1.75289
-1.75243
-1.75198
-1.75107
-1.74986
-1.75015
-1.74939
-1.7503
-1.74909
-1.74955
-1.75031
-1.75061
-1.74985
-1.74909
-1.7491
-1.75001
-1.75017
-1.74986
-1.74926
-1.7497
-1.74985
-1.74985
-1.7497
-1.74955
-1.7494
-1.7491
-1.74925
-1.7482
-1.74805
-1.7473
-1.7479
-1.74835
-1.74758
-1.74728
-1.74788
-1.74743
-1.74728
-1.74729
-1.74729
-1.7479
-1.7476
-1.74775
-1.74836
-1.74896
-1.75062
-1.75092
-1.75046
-1.75137
-1.75106
-1.7509
-1.74954
-1.74924
-1.7494
-1.75
-1.7494
-1.74789
-1.7491
-1.7485
-1.7488
-1.74895
-1.74805
-1.74835
-1.74819
-1.74789
-1.74789
-1.74773
-1.74698
-1.74744
-1.74699
-1.74714
-1.74698
-1.74788
-1.74849
-1.74864
-1.74849
-1.74804
-1.74819
-1.74774
-1.7491
-1.74849
-1.74804
-1.7482
-1.7479
-1.7479
-1.74819
-1.74804
-1.74879
-1.7488
-1.74925
-1.7482
-1.7497
-1.75015
-1.75075
-1.75075
-1.75046
-1.75076
-1.75001
-1.75032
-1.75048
-1.74896
-1.74911
-1.74864
-1.74743
-1.74758
-1.74773
-1.7485
-1.74911
-1.74972
-1.74926
-1.74924
-1.74954
-1.74955
-1.74926
-1.75002
-1.75033
-1.75108
-1.74972
-1.75017
-1.75031
-1.74893
-1.74923
-1.74803
-1.74759
-1.7479
-1.74836
-1.75002
-1.75077
-1.75091
-1.7509
-1.75136
-1.7509
-1.75151
-1.75091
-1.75046
-1.75047
-1.75047
-1.75077
-1.75091
-1.75136
-1.75166
-1.75211
-1.75121
-1.75091
-1.75091
-1.75061
-1.7503
-1.75061
-1.74924
-1.75015
-1.75045
-1.75031
-1.75078
-1.75078
-1.75048
-1.75123
-1.75031
-1.75121
-1.75106
-1.75196
-1.75225
-1.75346
-1.75315
-1.75376
-1.75302
-1.75348
-1.75485
-1.75545
-1.75636
-1.75605
-1.75635
-1.75666
-1.75727
-1.75666
-1.75636
-1.75605
-1.7559
-1.7559
-1.75619
-1.75634
-1.7574
-1.75755
-1.7568
-1.75665
-1.75665
-1.75559
-1.75574
-1.7565
-1.75665
-1.75801
-1.75922
-1.75877
-1.75907
-1.76013
-1.76012
-1.75952
-1.75997
-1.75921
-1.75891
-1.75891
-1.75861
-1.75786
-1.75771
-1.75846
-1.75816
-1.75756
-1.75756
-1.75907
-1.75998
-1.75998
-1.75937
-1.75831
-1.75633
-1.75588
-1.75618
-1.75634
-1.75604
-1.75499
-1.7559
-1.7547
-1.75409
-1.75394
-1.75348
-1.75378
-1.75378
-1.75347
-1.75302
-1.75241
-1.75241
-1.75105
-1.75181
-1.75256
-1.75362
-1.75393
-1.75347
-1.75226
-1.75242
-1.75363
-1.75438
-1.75408
-1.75393
-1.75589
-1.75438
-1.75437
-1.75528
-1.75452
-1.75513
-1.75514
-1.75621
-1.75741
-1.75756
-1.75755
-1.75785
-1.75906
-1.75921
-1.75831
-1.75786
-1.7571
-1.7568
-1.75589
-1.75559
-1.75559
-1.7562
-1.75484
-1.7559
-1.75619
-1.75588
-1.75618
-1.75619
-1.75694
-1.75816
-1.75665
-1.7562
-1.7562
-1.7565
-1.75605
-1.75559
-1.75559
-1.75544
-1.75438
-1.75317
-1.75227
-1.75227
-1.75167
-1.75106
-1.75061
-1.74924
-1.74984
-1.74833
-1.74864
-1.7494
-1.74925
-1.74955
-1.74894
-1.7503
-1.75046
-1.75107
-1.75168
-1.75213
-1.75227
-1.75227
-1.75211
-1.75211
-1.75212
-1.75318
-1.75288
-1.75273
-1.75439
-1.75363
-1.75377
-1.75483
-1.75453
-1.75453
-1.75333
-1.75348
-1.75393
-1.75348
-1.75438
-1.75287
-1.75348
-1.75363
-1.75408
-1.75454
-1.75409
-1.75333
-1.75408
-1.75589
-1.75573
-1.75603
-1.75542
-1.75513
-1.75543
-1.75619
-1.7562
-1.75499
-1.75575
-1.7559
-1.75544
-1.75484
-1.75544
-1.75498
-1.75558
-1.75603
-1.75528
-1.75499
-1.75514
-1.7562
-1.7565
-1.75589
-1.75544
-1.75498
-1.75422
-1.75347
-1.75453
-2.02743
-2.02593
-2.02638
-2.02637
-2.02607
-2.025
-2.02485
-2.02424
-2.02455
-2.02501
-2.02546
-2.0253
-2.02666
-2.02668
-2.02593
-2.02624
-2.02729
-2.02652
-2.02636
-2.02651
-2.02726
-2.02712
-2.02682
-2.02637
-2.02682
-2.02606
-2.02682
-2.02682
-2.02727
-2.02667
-2.02757
-2.02727
-2.02636
-2.02515
-2.02515
-2.02349
-2.02334
-2.02395
-2.02456
-2.0238
-2.0232
-2.02335
-2.02456
-2.02304
-2.0253
-2.02469
-2.02439
-2.02529
-2.02651
-2.02651
-2.02591
-2.02621
-2.02605
-2.0262
-2.02455
-2.02561
-2.02546
-2.02606
-2.02546
-2.02561
-2.02425
-2.025
-2.02455
-2.02576
-2.02651
-2.02666
-2.02666
-2.02742
-2.02712
-2.02728
-2.02622
-2.02682
-2.02606
-2.02576
-2.02591
-2.02591
-2.02666
-2.02681
-2.02666
-2.02665
-2.02635
-2.0253
-2.02606
-2.02667
-2.02757
-2.02712
-2.02742
-2.02726
-2.02877
-2.02832
-2.02832
-2.02923
-2.02818
-2.02803
-2.02712
-2.02742
-2.02591
-2.0247
-2.02424
-2.02394
-2.02469
-2.0253
-2.0259
-2.02621
-2.02545
-2.025
-2.025
-2.02516
-2.0244
-2.02546
-2.02576
-2.02561
-2.02545
-2.025
-2.02545
-2.02515
-2.025
-2.02606
-2.0244
-2.02395
-2.02409
-2.02379
-2.02395
-2.02456
-2.02411
-2.02411
-2.0232
-2.02229
-2.02108
-2.02048
-2.02018
-2.01972
-2.01987
-2.02078
-2.02062
-2.02138
-2.02153
-2.02214
-2.02229
-2.02259
-2.02243
-2.02258
-2.02213
-2.02138
-2.02184
-2.0229
-2.0223
-2.02215
-2.02305
-2.02289
-2.02213
-2.02319
-2.02243
-2.02274
-2.02304
-2.02425
-2.02425
-2.0238
-2.0244
-2.0247
-2.02455
-2.02486
-2.02517
-2.02623
-2.02668
-2.02667
-2.02832
-2.02802
-2.02939
-2.02894
-2.02909
-2.02894
-2.02924
-2.02909
-2.02999
-2.02999
-2.02968
-2.02908
-2.02863
-2.02803
-2.02682
-2.02818
-2.02893
-2.02938
-2.03013
-2.03104
-2.02983
-2.02938
-2.02908
-2.02908
-2.02923
-2.02802
-2.02893
-2.02818
-2.02697
-2.02636
-2.02711
-2.02756
-2.02696
-2.02757
-2.02772
-2.02924
-2.02939
-2.02984
-2.02923
-2.02862
-2.02832
-2.02742
-2.02787
-2.02878
-2.02818
-2.02787
-2.02681
-2.02697
-2.02606
-2.02667
-2.02727
-2.02666
-2.02636
-2.02757
-2.02682
-2.02622
-2.02683
-2.02622
-2.02621
-2.02831
-2.0274
-2.02772
-2.02788
-2.02698
-2.02592
-2.02668
-2.02682
-2.02636
-2.02591
-2.02515
-2.02409
-2.02409
-2.0244
-2.02485
-2.02591
-2.02682
-2.02712
-2.025
-2.02514
-2.02514
-2.02469
-2.025
-2.0256
-2.02515
-2.0244
-2.0244
-2.02515
-2.02546
-2.02576
-2.02516
-2.02471
-2.02486
-2.02471
-2.0241
-2.02409
-2.02454
-2.02454
-2.0244
-2.02501
-2.02456
-2.02395
-2.025
-2.025
-2.02561
-2.02425
-2.0235
-2.02395
-2.02471
-2.02441
-2.02486
-2.02456
-2.02531
-2.0241
-2.0238
-2.02364
-2.02349
-2.02243
-2.02304
-2.02379
-2.02334
-2.0241
-2.02395
-2.0235
-2.0232
-2.02319
-2.02258
-2.02228
-2.02197
-2.02228
-2.02229
-2.02244
-2.0238
-2.02395
-2.0241
-2.02455
-2.02575
-2.02575
-2.02545
-2.02651
-2.02757
-2.02788
-2.02878
-2.02847
-2.02997
-2.03103
-2.02953
-2.02999
-2.0306
-2.02984
-2.03029
-2.03089
-2.03226
-2.03196
-2.03151
-2.03105
-2.03196
-2.03271
-2.0321
-2.0321
-2.03226
-2.03075
-2.03074
-2.03119
-2.03014
-2.03044
-2.02999
-2.02893
-2.02847
-2.02893
-2.02833
-2.02908
-2.02848
-2.02848
-2.02863
-2.02953
-2.03044
-2.02939
-2.02833
-2.02788
-2.02833
-2.02803
-2.02818
-2.03029
-2.02984
-2.02848
-2.02908
-2.02817
-2.02756
-2.02711
-2.02726
-2.02666
-2.02606
-2.02636
-2.0253
-2.02606
-2.02545
-2.02485
-2.025
-2.02485
-2.0256
-2.02636
-2.02727
-2.02636
-2.0253
-2.02499
-2.02499
-2.02574
-2.02469
-2.02408
-2.02378
-2.02348
-2.02319
-2.02425
-2.0244
-2.02516
-2.02485
-2.0253
-2.02483
-2.02513
-2.02619
-2.02559
-2.02499
-2.02545
-2.02682
-2.02697
-2.02682
-2.02637
-2.02652
-2.02606
-2.02636
-2.02665
-2.02695
-2.02605
-2.02575
-2.02711
-2.02681
-2.02696
-2.02772
-2.02651
-2.02575
-2.025
-2.02394
-2.02393
-2.02393
-2.02408
-2.02423
-2.02348
-2.02349
-2.02364
-2.02409
-2.02469
-2.02529
-2.02604
-2.0277
-2.0268
-2.02741
-2.02757
-2.02712
-2.02788
-2.02787
-2.02832
-2.02831
-2.02921
-2.02937
-2.03028
-2.03029
-2.03014
-2.02939
-2.02968
-2.02982
-2.02952
-2.02936
-2.02937
-2.02846
-2.02862
-2.02817
-2.02802
-2.02772
-2.02788
-2.02712
-2.02757
-2.02862
-2.02937
-2.02937
-2.02907
-2.02907
-2.02863
-2.02924
-2.02878
-2.02848
-2.02847
-2.02756
-2.02574
-2.02454
-2.02454
-2.025
-2.02485
-2.02485
-2.02424
-2.025
-2.02454
-2.02409
-2.02454
-2.02379
-2.02515
-2.0247
-2.02485
-2.02409
-2.02348
-2.02273
-2.02258
-2.02197
-2.02107
-2.02122
-2.02152
-2.02243
-2.02303
-2.02122
-2.02243
-2.02319
-2.02319
-2.02365
-2.02334
-2.02425
-2.02485
-2.02575
-2.02666
-2.02666
-2.02682
-2.02727
-2.02848
-2.02908
-2.02802
-2.02741
-2.02681
-2.02665
-2.02726
-2.0256
-2.02516
-2.02516
-2.02592
-2.02577
-2.02607
-2.02501
-2.02455
-2.02545
-2.0259
-2.025
-2.025
-2.02501
-2.02637
-2.02727
-2.02817
-2.02787
-2.02665
-2.02695
-2.02726
-2.02787
-2.02742
-2.02788
-2.02864
-2.02985
-2.03
-2.03075
-2.0312
-2.03119
-2.03134
-2.03088
-2.03103
-2.03149
-2.02893
-2.02909
-2.02909
-2.02954
-2.02953
-2.02817
-2.02712
-2.02682
-2.02652
-2.02606
-2.02637
-2.02636
-2.02712
-2.02666
-2.02515
-2.02605
-2.02681
-2.02621
-2.02576
-2.02561
-2.02697
-2.02666
-2.02712
-2.02666
-2.0253
-2.02485
-2.02515
-2.02529
-2.02483
-2.0262
-2.02741
-2.02667
-2.02531
-2.02471
-2.02472
-2.02456
-2.02502
-2.02607
-2.02666
-2.02741
-2.02802
-2.02817
-2.02787
-2.02742
-2.02681
-2.02666
-2.02651
-2.02605
-2.02802
-2.02878
-2.02999
-2.03029
-2.02984
-2.02999
-2.03059
-2.03074
-2.03104
-2.03119
-2.03044
-2.03029
-2.02954
-2.02999
-2.02969
-2.02969
-2.03029
-2.03165
-2.0318
-2.03013
-2.03044
-2.03074
-2.03014
-2.02878
-2.02863
-2.02818
-2.02863
-2.02908
-2.02802
-2.02848
-2.02848
-2.02848
-2.02803
-2.02696
-2.02666
-2.0253
-2.02439
-2.02439
-2.02394
-2.02395
-2.02516
-2.0247
-2.02637
-2.02667
-2.02562
-2.02652
-2.02652
-2.02728
-2.02682
-2.02802
-2.02756
-2.02725
-2.02771
-2.02756
-2.02636
-2.02606
-2.02727
-2.02743
-2.02743
-2.02818
-2.02788
-2.02803
-2.02848
-2.02818
-2.02743
-2.02652
-2.02652
-2.02652
-2.02621
-2.02696
-2.0262
-2.02621
-2.02697
-2.02773
-2.02683
-2.02638
-2.02592
-2.02562
-2.02637
-2.02652
-2.02486
-2.0247
-2.025
-2.02499
-2.02454
-2.02424
-2.0235
-2.02411
-2.02487
-2.02548
-2.02608
-2.02637
-2.02607
-2.02622
-2.02637
-2.02667
-2.02757
-2.02862
-2.02847
-2.02969
-2.02955
-2.02971
-2.02971
-2.02864
-2.02878
-2.02817
-2.02878
-2.02894
-2.0291
-2.02865
-2.02849
-2.02819
-2.02728
-2.02667
-2.02636
-2.02561
-2.02561
-2.02607
-2.02562
-2.02593
-2.02472
-2.02502
-2.02456
-2.02561
-2.02591
-2.02394
-2.02365
-2.0241
-2.0232
-2.02365
-2.02335
-2.0229
-2.0229
-2.0229
-2.02259
-2.02289
-2.02319
-2.02395
-2.02425
-2.02471
-2.02471
-2.02532
-2.02517
-2.02637
-2.02773
-2.02803
-2.02894
-2.02924
-2.02969
-2.02954
-2.02924
-2.02939
-2.02894
-2.02848
-2.02833
-2.02772
-2.02863
-2.02878
-2.02969
-2.02864
-2.02819
-2.02698
-2.02728
-2.02637
-2.02697
-2.02652
-2.02577
-2.02639
-2.02714
-2.02699
-2.02879
-2.02818
-2.02757
-2.02712
-2.02652
-2.02638
-2.02593
-2.02593
-2.02607
-2.02622
-2.02622
-2.02697
-2.02638
-2.02744
-2.0282
-2.02728
-2.02803
-2.02878
-2.02939
-2.02985
-2.03076
-2.03046
-2.03001
-2.0294
-2.0294
-2.02894
-2.02909
-2.02833
-2.02863
-2.02954
-2.02924
-2.02909
-2.0294
-2.0294
-2.02879
-2.0291
-2.0291
-2.02864
-2.02804
-2.02909
-2.02894
-2.02789
-2.02713
-2.02608
-2.02638
-2.02698
-2.02818
-2.02712
-2.02652
-2.02637
-2.02622
-2.02728
-2.02743
-2.02879
-2.02819
-2.02698
-2.02744
-2.02865
-2.02925
-2.02879
-2.02773
-2.02803
-2.02818
-2.02879
-2.02969
-2.02985
-2.0297
-2.02985
-2.03076
-2.03061
-2.03076
-2.0306
-2.02999
-2.02923
-2.02968
-2.02893
-2.02909
-2.02834
-2.02849
-2.0285
-2.02835
-2.02804
-2.02668
-2.02653
-2.02638
-2.02592
-2.02547
-2.02456
-2.02456
-2.02426
-2.02592
-2.02441
-2.02471
-2.02502
-2.02517
-2.02592
-2.02532
-2.02577
-2.02502
-2.02518
-2.02639
-2.02714
-2.0282
-2.02819
-2.02714
-2.02698
-2.02713
-2.02849
-2.02834
-2.02789
-2.02865
-2.02955
-2.02925
-2.02926
-2.02956
-2.0288
-2.02774
-2.02668
-2.02608
-2.02532
-2.02608
-2.02669
-2.02608
-2.02684
-2.02653
-2.02622
-2.02621
-2.02576
-2.02562
-2.02577
-2.02608
-2.02594
-2.02685
-2.02685
-2.0276
-2.02728
-2.02712
-2.02712
-2.02697
-2.02698
-2.02744
-2.0282
-2.02881
-2.02866
-2.0282
-2.02758
-2.02894
-2.02909
-2.02939
-2.02803
-2.02864
-2.02805
-2.02699
-2.02699
-2.02609
-2.02594
-2.02623
-2.02638
-2.02578
-2.02563
-2.02502
-2.02532
-2.02563
-2.02548
-2.02518
-2.02548
-2.02502
-2.02441
-2.02426
-2.02382
-2.02428
-2.02548
-2.02593
-2.02639
-2.02684
-2.02745
-2.0273
-2.02654
-2.02548
-2.02699
-2.02653
-2.02624
-2.0267
-2.02624
-2.0276
-2.02622
-2.02515
-2.02575
-2.02622
-2.02593
-2.02548
-2.02578
-2.02503
-2.02457
-2.02397
-2.02503
-2.02593
-2.02668
-2.02653
-2.02653
-2.02623
-2.02608
-2.02654
-2.02654
-2.0264
-2.02731
-2.02669
-2.02622
-2.02607
-2.02655
-2.02715
-2.02804
-2.02743
-2.02728
-2.0279
-2.02926
-2.03002
-2.03032
-2.03077
-2.02895
-2.02865
-2.02668
-2.02758
-2.02818
-2.02819
-2.0288
-2.02881
-2.0282
-2.02865
-2.02864
-2.0294
-2.02849
-2.02834
-2.02864
-2.02773
-2.02577
-2.02697
-2.02698
-2.02744
-2.02623
-2.02684
-2.02684
-2.02638
-2.02607
-2.02606
-2.02636
-1.30428
-1.30398
-1.30504
-1.30428
-1.30368
-1.30382
-1.30322
-1.30292
-1.30338
-1.30414
-1.30475
-1.30474
-1.30474
-1.30474
-1.30534
-1.30519
-1.30579
-1.30579
-1.30655
-1.30625
-1.30671
-1.30732
-1.30823
-1.30883
-1.30852
-1.3067
-1.30759
-1.30774
-1.30744
-1.3079
-1.30791
-1.30791
-1.30686
-1.30641
-1.30641
-1.3049
-1.30505
-1.30535
-1.30535
-1.30611
-1.30717
-1.30747
-1.30731
-1.30715
-1.307
-1.30656
-1.30641
-1.30656
-1.30655
-1.3067
-1.30594
-1.30625
-1.30596
-1.30596
-1.30657
-1.30597
-1.30613
-1.30537
-1.30551
-1.30595
-1.30654
-1.30624
-1.30775
-1.30716
-1.30671
-1.3061
-1.30534
-1.30475
-1.30476
-1.30551
-1.30385
-1.30354
-1.30248
-1.30217
-1.30187
-1.30277
-1.30277
-1.30231
-1.30201
-1.30277
-1.30278
-1.30158
-1.30158
-1.30172
-1.30293
-1.30307
-1.30383
-1.30368
-1.30489
-1.30339
-1.30324
-1.3025
-1.3031
-1.30295
-1.30384
-1.30292
-1.30231
-1.30261
-1.3014
-1.30065
-1.30172
-1.30234
-1.30235
-1.30068
-1.30052
-1.2993
-1.29779
-1.29749
-1.29734
-1.29811
-1.29811
-1.29735
-1.2966
-1.29494
-1.29539
-1.29508
-1.29567
-1.29505
-1.29415
-1.29566
-1.29673
-1.2972
-1.29705
-1.29614
-1.2972
-1.2984
-1.299
-1.29854
-1.3002
-1.30081
-1.30021
-1.30006
-1.30097
-1.30232
-1.30368
-1.30473
-1.30397
-1.30201
-1.30367
-1.30369
-1.30309
-1.30234
-1.30189
-1.30128
-1.30129
-1.30174
-1.30098
-1.29991
-1.30019
-1.29989
-1.30007
-1.30053
-1.30023
-1.30037
-1.30007
-1.29977
-1.30038
-1.30008
-1.30038
-1.30233
-1.30248
-1.30262
-1.30338
-1.30338
-1.30444
-1.30581
-1.30505
-1.3043
-1.30429
-1.30429
-1.3064
-1.30625
-1.30596
-1.30581
-1.3046
-1.30415
-1.30384
-1.30475
-1.30399
-1.30399
-1.30369
-1.30263
-1.30233
-1.30158
-1.30187
-1.30201
-1.30262
-1.30263
-1.30219
-1.3031
-1.304
-1.3037
-1.30248
-1.30293
-1.30384
-1.30261
-1.30322
-1.30308
-1.3031
-1.30416
-1.30536
-1.30595
-1.30563
-1.30456
-1.30441
-1.30396
-1.30549
-1.30475
-1.30567
-1.30506
-1.30506
-1.30475
-1.30293
-1.30308
-1.30262
-1.30292
-1.30474
-1.30383
-1.30413
-1.30323
-1.30307
-1.30217
-1.30187
-1.30171
-1.3011
-1.30095
-1.3008
-1.30065
-1.30005
-1.29915
-1.29961
-1.29931
-1.29991
-1.29824
-1.3002
-1.3005
-1.30019
-1.30049
-1.3011
-1.30111
-1.30202
-1.30338
-1.30354
-1.30474
-1.30399
-1.30398
-1.30428
-1.30473
-1.30457
-1.30381
-1.30517
-1.30578
-1.30699
-1.30654
-1.30851
-1.30776
-1.30821
-1.30701
-1.30792
-1.3058
-1.30564
-1.30549
-1.30473
-1.30474
-1.30172
-1.30217
-1.30231
-1.30246
-1.30277
-1.30338
-1.30337
-1.30216
-1.30246
-1.30353
-1.30474
-1.30399
-1.30399
-1.30399
-1.30353
-1.30247
-1.30125
-1.30139
-1.30336
-1.30382
-1.30398
-1.30474
-1.30475
-1.3049
-1.30535
-1.3061
-1.30685
-1.30699
-1.3079
-1.30835
-1.30805
-1.30745
-1.3073
-1.307
-1.30776
-1.30716
-1.3064
-1.30534
-1.30459
-1.30413
-1.30367
-1.30322
-1.30368
-1.30429
-1.30475
-1.30519
-1.30503
-1.30593
-1.30487
-1.30473
-1.30368
-1.30444
-1.30384
-1.30384
-1.30459
-1.30458
-1.30503
-1.30533
-1.30548
-1.30473
-1.30503
-1.30503
-1.30548
-1.30502
-1.30471
-1.30395
-1.3038
-1.30411
-1.30351
-1.30397
-1.30473
-1.30458
-1.30548
-1.30563
-1.30578
-1.30578
-1.30684
-1.30624
-1.3058
-1.30444
-1.30368
-1.30458
-1.30275
-1.302
-1.30322
-1.30564
-1.30564
-1.30607
-1.30637
-1.30607
-1.30563
-1.30579
-1.30534
-1.30458
-1.30549
-1.30579
-1.30488
-1.30306
-1.30275
-1.30305
-1.30365
-1.3029
-1.30321
-1.30337
-1.30201
-1.30232
-1.30126
-1.30035
-1.30034
-1.30034
-1.30033
-1.30033
-1.30079
-1.3008
-1.30035
-1.30126
-1.30019
-1.30079
-1.29988
-1.29913
-1.29944
-1.30081
-1.3005
-1.30111
-1.3011
-1.3011
-1.30125
-1.30155
-1.30185
-1.30336
-1.30382
-1.30413
-1.30398
-1.30535
-1.3055
-1.30624
-1.30548
-1.30562
-1.30577
-1.30547
-1.30533
-1.30624
-1.30714
-1.3076
-1.3082
-1.30865
-1.3082
-1.30805
-1.3088
-1.3085
-1.30729
-1.30775
-1.30715
-1.307
-1.30685
-1.30624
-1.30548
-1.30653
-1.30623
-1.30624
-1.30564
-1.3064
-1.30639
-1.30562
-1.30667
-1.30638
-1.30685
-1.30656
-1.30641
-1.3058
-1.30684
-1.30834
-1.30864
-1.30834
-1.30865
-1.3085
-1.30805
-1.30957
-1.30941
-1.31001
-1.31062
-1.31092
-1.30926
-1.31092
-1.31061
-1.31243
-1.31183
-1.31108
-1.31093
-1.31092
-1.31167
-1.31076
-1.30971
-1.30911
-1.30926
-1.30925
-1.31061
-1.3097
-1.30925
-1.3088
-1.3091
-1.30956
-1.31048
-1.31047
-1.31016
-1.3094
-1.3088
-1.30926
-1.30881
-1.3085
-1.30835
-1.30714
-1.30744
-1.30789
-1.30896
-1.30881
-1.30821
-1.30819
-1.30787
-1.30804
-1.30731
-1.30746
-1.3064
-1.30639
-1.30699
-1.30668
-1.30577
-1.30577
-1.30547
-1.30563
-1.30563
-1.30443
-1.30397
-1.30442
-1.30457
-1.30426
-1.30456
-1.30578
-1.30578
-1.30639
-1.30774
-1.30714
-1.30698
-1.30638
-1.30517
-1.30411
-1.30441
-1.30457
-1.30518
-1.30623
-1.30668
-1.30698
-1.30698
-1.30622
-1.30698
-1.30714
-1.30639
-1.30654
-1.30609
-1.30533
-1.30609
-1.30699
-1.30503
-1.30547
-1.30501
-1.30622
-1.30562
-1.30653
-1.30548
-1.30563
-1.30458
-1.30398
-1.30307
-1.30231
-1.30155
-1.30154
-1.30063
-1.30108
-1.30032
-1.29987
-1.29988
-1.30049
-1.30035
-1.30125
-1.3014
-1.30125
-1.30155
-1.30139
-1.30168
-1.30303
-1.30229
-1.3023
-1.3014
-1.30186
-1.30064
-1.30004
-1.30094
-1.30155
-1.30094
-1.30291
-1.30443
-1.30352
-1.30306
-1.3029
-1.3032
-1.30365
-1.3035
-1.30471
-1.30471
-1.30411
-1.30261
-1.30186
-1.3011
-1.29988
-1.29911
-1.29957
-1.30019
-1.30096
-1.30172
-1.30232
-1.30216
-1.30155
-1.30215
-1.3014
-1.3008
-1.30064
-1.30124
-1.30109
-1.30215
-1.30306
-1.30351
-1.30306
-1.30336
-1.30366
-1.30321
-1.30351
-1.30382
-1.30594
-1.30684
-1.30699
-1.30624
-1.30609
-1.30532
-1.30561
-1.30517
-1.30367
-1.30352
-1.30231
-1.30215
-1.3032
-1.3029
-1.30351
-1.30426
-1.30457
-1.30457
-1.30457
-1.30458
-1.30563
-1.30381
-1.30427
-1.30458
-1.30503
-1.3029
-1.30245
-1.30187
-1.30173
-1.30143
-1.30217
-1.30246
-1.30168
-1.30167
-1.30138
-1.3014
-1.30217
-1.30231
-1.30126
-1.30246
-1.30201
-1.30246
-1.30336
-1.30381
-1.30305
-1.3038
-1.30471
-1.30441
-1.30441
-1.30457
-1.30306
-1.30457
-1.30472
-1.30516
-1.30576
-1.30607
-1.30502
-1.30503
-1.30442
-1.30517
-1.30517
-1.30321
-1.30352
-1.30397
-1.30382
-1.30395
-1.30364
-1.30304
-1.3038
-1.30411
-1.30381
-1.30366
-1.30321
-1.30397
-1.30382
-1.30442
-1.30488
-1.30624
-1.30548
-1.30547
-1.3047
-1.30485
-1.30335
-1.30426
-1.30367
-1.30247
-1.30247
-1.30247
-1.30246
-1.30229
-1.30213
-1.30198
-1.30229
-1.30275
-1.30365
-1.30456
-1.30562
-1.30456
-1.30471
-1.30517
-1.30517
-1.30457
-1.30367
-1.30246
-1.30306
-1.3032
-1.30198
-1.30242
-1.30242
-1.30183
-1.30199
-1.30336
-1.30336
-1.30306
-1.3026
-1.30168
-1.30273
-1.30319
-1.30395
-1.30426
-1.30426
-1.30472
-1.30533
-1.30518
-1.30593
-1.30547
-1.30531
-1.30364
-1.30319
-1.30319
-1.30455
-1.30592
-1.30562
-1.30472
-1.30562
-1.30563
-1.30502
-1.30593
-1.30577
-1.30653
-1.30728
-1.30622
-1.30683
-1.30697
-1.30728
-1.30668
-1.30714
-1.30684
-1.30669
-1.30623
-1.30683
-1.30653
-1.30577
-1.30592
-1.30578
-1.30638
-1.30578
-1.30608
-1.30653
-1.30517
-1.30593
-1.30548
-1.30579
-1.3067
-1.30579
-1.30487
-1.30412
-1.30366
-1.30457
-1.30442
-1.30411
-1.30351
-1.30441
-1.30623
-1.30805
-1.30594
-1.30654
-1.307
-1.30836
-1.30835
-1.3082
-1.30759
-1.30759
-1.30638
-1.30683
-1.30607
-1.30532
-1.30578
-1.30624
-1.30578
-1.30608
-1.30532
-1.30593
-1.30653
-1.30759
-1.30669
-1.30654
-1.30714
-1.30609
-1.30503
-1.30367
-1.30261
-1.3014
-1.3023
-1.30124
-1.30079
-1.3008
-1.30065
-1.30216
-1.3023
-1.30155
-1.3011
-1.30155
-1.30216
-1.30261
-1.3017
-1.30245
-1.3023
-1.3023
-1.30261
-1.30411
-1.30366
-1.30487
-1.30381
-1.30397
-1.30412
-1.30442
-1.30503
-1.30503
-1.30563
-1.30577
-1.30623
-1.30502
-1.30412
-1.30337
-1.30322
-1.30277
-1.30262
-1.30368
-1.30306
-1.30335
-1.3035
-1.30411
-1.30412
-1.30412
-1.30351
-1.30457
-1.3029
-1.30366
-1.30366
-1.30336
-1.30367
-1.30382
-1.30368
-1.30352
-1.30367
-1.30155
-1.30246
-1.30307
-1.30367
-1.30322
-1.30367
-1.3023
-1.302
-1.3026
-1.30322
-1.30262
-1.30262
-1.30232
-1.30202
-1.30262
-1.30338
-1.30262
-1.30291
-1.30245
-1.30321
-1.3026
-1.30381
-1.30441
-1.30351
-1.30306
-1.30337
-1.30247
-1.30247
-1.30307
-1.30292
-1.3008
-1.30095
-1.3014
-1.30034
-1.3011
-1.3017
-1.30201
-1.30231
-1.30246
-1.30094
-1.30094
-1.3011
-1.3008
-1.30109
-1.3017
-1.3008
-1.30156
-1.3014
-1.30246
-1.30321
-1.30381
-1.30336
-1.30231
-1.30307
-1.30337
-1.30382
-1.30291
-1.3032
-1.30396
-1.30351
-1.30336
-1.30473
-1.30609
-1.3073
-1.3073
-1.3076
-1.30835
-1.30955
-1.30834
-1.30895
-1.30866
-1.30851
-1.30866
-1.30806
-1.30775
-1.3064
-1.30609
-1.30624
-1.30653
-1.30758
-1.30683
-1.30759
-1.30805
-1.30865
-1.30895
-1.30895
-1.30805
-1.3088
-1.30895
-1.30941
-1.30926
-1.30835
-1.3085
-1.3076
-1.30805
-1.30805
-1.3088
-1.30864
-1.30759
-1.30729
-1.30683
-1.30593
-1.30487
-1.30638
-1.30608
-1.30519
-1.30595
-1.3064
-1.3067
-1.30534
-1.30549
-1.30579
-1.30534
-1.30337
-1.30215
-1.3023
-1.30214
-1.3035
-1.30456
-1.30487
-1.30322
-1.30186
-1.30125
-1.302
-1.30215
-1.302
-1.30064
-1.3017
-1.30185
-1.30185
-1.30261
-1.30306
-1.30397
-1.30291
-1.30215
-1.30245
-1.30124
-1.30124
-1.30216
-1.30247
-1.30263
-1.30187
-1.30246
