1.38823
1.34832
1.28183
1.19068
1.0783
0.950365
0.81517
0.683422
0.566963
0.476361
0.418331
0.394076
0.399412
0.426507
0.466156
0.509725
0.550343
0.583335
0.606167
0.618129
0.619916
0.613255
0.600519
0.584377
0.567539
0.552462
0.541265
0.535731
0.537292
0.546956
0.565142
0.591449
0.62443
0.661611
0.699835
0.735805
0.766688
0.790459
0.806124
0.813751
0.814418
0.809919
0.802364
0.793852
0.785957
0.77952
0.774618
0.770781
0.76729
0.763509
0.758975
0.753431
0.746776
0.739081
0.730606
0.721787
0.713358
0.706295
0.701715
0.700572
0.70341
0.709976
0.719241
0.729741
0.74009
0.749464
0.757688
0.764987
0.771597
0.777394
0.781987
0.784867
0.785752
0.784635
0.781805
0.777623
0.772421
0.76628
0.759067
0.750696
0.741508
0.732379
0.724593
0.719411
0.717294
0.717514
0.718429
0.718081
0.714871
0.707937
0.697293
0.68383
0.66915
0.655226
0.643915
0.63658
0.63396
0.636147
0.642724
0.652904
0.665509
0.679003
0.691489
0.701005
0.705853
0.704935
0.698048
0.68596
0.670323
0.653465
0.638056
0.626833
0.622127
0.625415
0.637194
0.656819
0.682717
0.712615
0.743915
0.773991
0.800502
0.821673
0.836422
0.84447
0.846325
0.843124
0.836417
0.827943
0.819147
0.810797
0.802779
0.79429
0.784457
0.772919
0.760102
0.746951
0.734341
0.722645
0.711848
0.701885
0.692788
0.684634
0.677431
0.671164
0.665828
0.661752
0.659566
0.660076
0.663883
0.671108
0.681281
0.693542
0.706919
0.720577
0.733873
0.746216
0.756967
0.765208
0.769756
0.769412
0.763383
0.751879
0.736455
0.719823
0.705108
0.69457
0.688601
0.685838
0.684452
0.683454
0.683106
0.684415
0.688347
0.69515
0.704212
0.714394
0.724593
0.733957
0.741938
0.748097
0.752102
0.753858
0.753625
0.752015
0.750024
0.748709
0.748892
0.750833
0.754168
0.757984
0.761208
0.762984
0.762885
0.761018
0.75779
0.753523
0.748462
0.742895
0.737288
0.732208
0.728226
0.725647
0.72454
0.724682
0.725578
0.726563
0.727075
0.726799
0.725777
0.72429
0.722809
0.721981
0.722282
0.723865
0.726582
0.729917
0.733201
0.735883
0.737727
0.738829
0.739603
0.740427
0.741209
0.741275
0.739516
0.734981
0.727414
0.717377
0.706337
0.69625
0.68899
0.685801
0.68695
0.691673
0.69842
0.705335
0.710593
0.712887
0.711523
0.706499
0.69841
0.688328
0.677712
0.668266
0.661891
0.660333
0.664782
0.675473
0.691479
0.710967
0.731642
0.751326
0.768362
0.781733
0.790943
0.795987
0.797175
0.794947
0.789845
0.782532
0.773656
0.763946
0.754034
0.744482
0.735541
0.727218
0.71943
0.712265
0.706286
0.702642
0.702688
0.707363
0.716439
0.728263
0.74014
0.749264
0.753668
0.752831
0.74779
0.740719
0.73412
0.729847
0.728664
0.730027
0.732568
0.734748
0.735432
0.734252
0.731622
0.728374
0.725317
0.722784
0.720548
0.718094
0.715068
0.71164
0.708602
0.707148
0.708334
0.712454
0.71861
0.725078
0.730054
0.732202
0.730948
0.726469
0.719509
0.711025
0.701925
0.692901
0.684457
0.677017
0.671038
0.666999
0.665377
0.66664
0.67106
0.678522
0.688568
0.700527
0.713636
0.727118
0.74004
0.751338
0.759775
0.764201
0.76399
0.759414
0.751813
0.743124
0.735207
0.729316
0.725875
0.724813
0.72582
0.728484
0.732385
0.737099
0.742172
0.747056
0.751128
0.753616
0.753672
0.750489
0.743708
0.733586
0.721138
0.707986
0.695966
0.686671
0.681112
0.679499
0.681288
0.685339
0.690234
0.694638
0.697779
0.699658
0.70075
0.701621
0.70257
0.703636
0.704917
0.706832
0.710058
0.715152
0.722236
0.730755
0.739532
0.747175
0.752542
0.754977
0.75433
0.7508
0.744742
0.73674
0.727965
0.720382
0.716182
0.716525
0.720844
0.727365
0.734314
0.740695
0.746274
0.751313
0.756208
0.761319
0.76662
0.771568
0.775287
0.776826
0.775543
0.771169
0.763564
0.75273
0.738901
0.722782
0.705766
0.689794
0.676902
0.668696
0.665937
0.668622
0.676201
0.687646
0.701694
0.716707
0.730745
0.741936
0.749043
0.751863
0.751191
0.748235
0.74388
0.738475
0.732092
0.724989
0.717659
0.710774
0.705001
0.70088
0.698801
0.699034
0.701613
0.7062
0.712073
0.718234
0.72361
0.727301
0.728873
0.728299
0.725955
0.722522
0.718699
0.714875
0.711225
0.707687
0.704196
0.700791
0.697691
0.695195
0.693563
0.692991
0.693512
0.695052
0.697531
0.700864
0.70502
0.710025
0.715946
0.722783
0.73037
0.738155
0.745203
0.75027
0.752104
0.749638
0.742352
0.730549
0.715363
0.698806
0.683385
0.671677
0.665822
0.667083
0.675485
0.689842
0.708117
0.727914
0.747123
0.76436
0.779124
0.791519
0.801732
0.809693
0.815015
0.817109
0.815623
0.810596
0.802363
0.791447
0.778519
0.764238
0.749287
0.734268
0.719808
0.706446
0.694629
0.684884
0.677944
0.674865
0.676775
0.684152
0.696197
0.710568
0.724058
0.733625
0.737335
0.734705
0.726594
0.714739
0.701385
0.688886
0.679343
0.674433
0.675279
0.682131
0.694184
0.709524
0.725485
0.739166
0.748025
0.750519
0.746496
0.737613
0.727079
0.718572
0.714467
0.714798
0.718138
0.723038
0.728619
0.734487
0.740259
0.745421
0.749413
0.751921
0.752632
0.751147
0.746878
0.739467
0.729437
0.718446
0.709128
0.704063
0.704871
0.711574
0.722604
0.735396
0.74725
0.755848
0.75969
0.758099
0.751204
0.739953
0.726093
0.712062
0.700605
0.694157
0.694053
0.699999
0.710304
0.722707
0.735099
0.746027
0.754705
0.760962
0.765055
0.76756
0.76911
0.770138
0.770672
0.770394
0.768858
0.765696
0.760719
0.75387
0.745121
0.734364
0.721638
0.707458
0.693179
0.680965
0.673242
0.671619
0.676074
0.684913
0.695418
0.704799
0.710756
0.71183
0.707495
0.69831
0.686013
0.67332
0.663336
0.658609
0.660475
0.668848
0.682656
0.700486
0.720906
0.742486
0.763725
0.783
0.798661
0.809357
0.814271
0.813302
0.807199
0.797317
0.78528
0.772616
0.760536
0.749787
0.740697
0.732972
0.725876
0.718412
0.70964
0.69915
0.687268
0.675084
0.664196
0.656232
0.652361
0.653054
0.658144
0.667062
0.679253
0.694151
0.711067
0.72893
0.746079
0.760539
0.770318
0.773881
0.770467
0.760319
0.744719
0.725692
0.705653
0.687047
0.671978
0.662005
0.65795
0.659884
0.667257
0.678961
0.693728
0.710379
0.727877
0.745353
0.762021
0.776992
0.789349
0.7983
0.803378
0.804625
0.802601
0.798273
0.79273
0.786986
0.781689
0.776787
0.771488
0.764556
0.754706
0.741057
0.723484
0.702767
0.680601
0.659456
0.642086
0.630833
0.626905
0.630056
0.638848
0.651293
0.665491
0.67997
0.693904
0.707117
0.719887
0.732589
0.745344
0.757661
0.768455
0.776407
0.780439
0.780183
0.776053
0.76913
0.760882
0.752651
0.745501
0.740211
0.737351
0.73726
0.740119
0.745774
0.753411
0.761476
0.767913
0.77083
0.769093
0.762437
0.751576
0.738052
0.723893
0.711225
0.701724
0.696385
0.695406
0.69827
0.703944
0.711104
0.718337
0.724424
0.728386
0.72952
0.727426
0.721962
0.713372
0.702448
0.690728
0.680508
0.674076
0.672745
0.676475
0.684285
0.694801
0.706499
0.717809
0.727361
0.734278
0.738213
0.739284
0.737938
0.734788
0.73061
0.726143
0.722004
0.718761
0.716921
0.716959
0.719076
0.723067
0.728235
0.733454
0.737508
0.739444
0.738851
0.735942
0.731478
0.726609
0.72257
0.72037
0.720644
0.723504
0.728464
0.734552
0.740418
0.744626
0.746072
0.744204
0.739128
0.73148
0.722165
0.712263
0.703106
0.696385
0.693998
0.697536
0.707711
0.723999
0.74464
0.766965
0.788022
0.805126
0.816029
0.819111
0.813423
0.798883
0.776493
0.748317
0.717186
0.686319
0.658701
0.63691
0.623052
0.618454
0.623315
0.636469
0.655608
0.67788
0.700378
0.720528
0.736362
0.746682
0.751132
0.75022
0.74507
0.737321
0.728981
0.722135
0.71856
0.719165
0.7238
0.731516
0.741096
0.751592
0.762323
0.772953
0.78325
0.792908
0.801354
0.807688
0.810873
0.809957
0.804365
0.794169
0.78002
0.763019
0.744582
0.726197
0.709326
0.695101
0.683933
0.675539
0.669357
0.665156
0.663387
0.665007
0.670902
0.681179
0.694795
0.709695
0.723358
0.733551
0.73893
0.739339
0.735524
0.728694
0.720027
0.71043
0.700475
0.690652
0.681522
0.673796
0.668349
0.666095
0.667712
0.673334
0.68249
0.694169
0.706982
0.719542
0.730874
0.740542
0.748647
0.755441
0.761039
0.76528
0.767781
0.768258
0.766749
0.763673
0.759905
0.756358
0.75362
0.751633
0.749625
0.746332
0.740561
0.731702
0.720026
0.706761
0.693812
0.683223
0.676543
0.674445
0.676837
0.683185
0.692973
0.705724
0.720986
0.738079
0.755859
0.772659
0.78644
0.79527
0.797804
0.793863
0.784634
0.77243
0.759933
0.749319
0.741695
0.737279
0.735879
0.737266
0.741282
0.747662
0.755611
0.763614
0.769836
0.772644
0.770993
0.7646
0.753719
0.738943
0.721351
0.702574
0.68474
0.670044
0.660241
0.656192
0.657837
0.664457
0.674954
0.688092
0.702617
0.717248
0.730773
0.742053
0.749957
0.753363
0.751565
0.74464
0.733542
0.719974
0.706073
0.69393
0.685081
0.68047
0.680563
0.685372
0.6945
0.706993
0.721395
0.735926
0.748942
0.759172
0.766016
0.769636
0.770797
0.770388
0.768988
0.766781
0.763784
0.760053
0.755804
0.751261
0.746552
0.741526
0.735993
0.729811
0.723116
0.716353
0.710158
0.705177
0.701856
0.700296
0.700196
0.700862
0.701302
0.700468
0.69765
0.692725
0.686318
0.679601
0.67387
0.670045
0.668387
0.668565
0.670113
0.672711
0.676278
0.680861
0.68635
0.69239
0.698389
0.703683
0.707837
0.710924
0.713695
0.717351
0.723003
0.731253
0.741911
0.754002
0.766104
0.776677
0.784386
0.788224
0.787569
0.782217
0.772517
0.759366
0.744363
0.72963
0.717534
0.710191
0.708957
0.714156
0.724856
0.738979
0.753695
2.58749
2.52633
2.40258
2.22247
2.00623
1.7888
1.60721
1.48299
1.41869
1.40533
1.43008
1.48204
1.55305
1.634
1.71278
1.77741
1.8206
1.84038
1.83771
1.81425
1.77272
1.71862
1.66048
1.60753
1.56689
1.54133
1.52935
1.52727
1.53189
1.54123
1.55293
1.56384
1.5716
1.57589
1.57844
1.58292
1.59357
1.61229
1.63696
1.66267
1.68497
1.70172
1.71355
1.7223
1.72842
1.72956
1.72329
1.71087
1.69736
1.68828
1.68599
1.68845
1.6909
1.68917
1.68248
1.67327
1.6648
1.6592
1.65675
1.65679
1.65883
1.66284
1.66904
1.67771
1.68955
1.70467
1.72054
1.73284
1.73918
1.73975
1.73428
1.72183
1.70416
1.68602
1.67236
1.66519
1.66219
1.65886
1.65324
1.64855
1.65081
1.66417
1.68785
1.7171
1.74592
1.76929
1.78422
1.79013
1.78813
1.78039
1.76947
1.75776
1.74665
1.73577
1.72274
1.70479
1.68127
1.65464
1.62748
1.59977
1.572
1.5493
1.54026
1.551
1.57948
1.616
1.64922
1.67234
1.68758
1.70581
1.73518
1.76852
1.79198
1.80054
1.79977
1.80001
1.81053
1.83426
1.86513
1.89171
1.90485
1.90241
1.88761
1.86492
1.8379
1.8104
1.78749
1.77371
1.77148
1.78072
1.79731
1.81335
1.82279
1.82481
1.82013
1.80729
1.78357
1.74633
1.69528
1.63624
1.58069
1.54143
1.52783
1.54193
1.57627
1.61735
1.65216
1.67215
1.6738
1.65798
1.62904
1.59352
1.56031
1.54219
1.55258
1.59477
1.65672
1.72005
1.77079
1.80255
1.81493
1.81162
1.79908
1.78471
1.77366
1.76706
1.76311
1.75949
1.75478
1.74893
1.74343
1.74075
1.74231
1.74671
1.75004
1.74774
1.73578
1.71189
1.6795
1.65258
1.64689
1.66021
1.67578
1.68347
1.68503
1.68525
1.68636
1.69021
1.70115
1.72346
1.75645
1.793
1.82301
1.83788
1.83246
1.80575
1.76077
1.70485
1.65139
1.61941
1.62295
1.65683
1.69908
1.72903
1.73949
1.73545
1.72528
1.71257
1.69535
1.67193
1.64802
1.63873
1.65843
1.70479
1.76097
1.81249
1.85346
1.88177
1.89506
1.89116
1.87059
1.83836
1.80402
1.77886
1.77077
1.78002
1.79923
1.81713
1.82356
1.81371
1.78976
1.75906
1.72993
1.70748
1.69095
1.67436
1.65079
1.6188
1.5861
1.56556
1.56515
1.58187
1.60484
1.62243
1.62722
1.61864
1.6032
1.59056
1.58647
1.58896
1.59241
1.59387
1.59608
1.60581
1.62912
1.66684
1.7136
1.76051
1.79913
1.82461
1.83687
1.83963
1.83801
1.83464
1.82806
1.81571
1.79793
1.7774
1.75617
1.73468
1.71384
1.69561
1.68192
1.67432
1.67602
1.69058
1.71599
1.74337
1.76315
1.77031
1.76465
1.74943
1.72966
1.70977
1.69171
1.67472
1.65751
1.64071
1.62831
1.6266
1.63998
1.66727
1.70261
1.73921
1.77161
1.79589
1.81001
1.81446
1.81208
1.80731
1.80491
1.80666
1.80919
1.80737
1.79793
1.77972
1.7526
1.71673
1.67287
1.62488
1.58183
1.55422
1.54644
1.55559
1.57675
1.60432
1.63137
1.65357
1.6702
1.68092
1.6844
1.67941
1.66633
1.64669
1.62192
1.59376
1.56706
1.5503
1.55234
1.57748
1.62274
1.67904
1.7348
1.77984
1.80803
1.81819
1.81308
1.79714
1.77517
1.7523
1.73455
1.728
1.73562
1.75495
1.77924
1.80042
1.81061
1.80411
1.78074
1.74715
1.71373
1.68994
1.68017
1.68319
1.69507
1.71251
1.73374
1.75678
1.77765
1.79119
1.79327
1.7815
1.75462
1.71291
1.65911
1.59915
1.54268
1.50272
1.49135
1.51265
1.55921
1.61603
1.66814
1.70616
1.72859
1.74026
1.74826
1.75707
1.76582
1.76977
1.76455
1.74962
1.72924
1.7105
1.70037
1.70306
1.71878
1.74369
1.77187
1.79795
1.8188
1.83297
1.8397
1.83857
1.82979
1.81432
1.79365
1.76879
1.74026
1.71166
1.69435
1.69952
1.72
1.73639
1.73791
1.72593
1.70644
1.68466
1.66478
1.65347
1.66054
1.68781
1.72198
1.74689
1.75496
1.74669
1.72707
1.70394
1.68628
1.68022
1.68676
1.70474
1.73294
1.76753
1.79948
1.81836
1.81841
1.79997
1.76833
1.73208
1.70067
1.68115
1.67522
1.67816
1.68134
1.67687
1.66219
1.64192
1.62591
1.62404
1.63997
1.6693
1.7047
1.74353
1.78953
1.84535
1.90403
1.95108
1.97375
1.96661
1.93088
1.87315
1.80638
1.74588
1.69981
1.66652
1.64267
1.6303
1.63561
1.66128
1.69836
1.73048
1.7473
1.74925
1.74223
1.7321
1.72364
1.72094
1.72627
1.73841
1.75288
1.76419
1.76784
1.76201
1.7482
1.73019
1.71174
1.69455
1.67794
1.66063
1.64311
1.62854
1.62067
1.62084
1.62734
1.6383
1.65346
1.67328
1.6965
1.71832
1.73017
1.7227
1.69351
1.65484
1.62695
1.6193
1.62656
1.63739
1.64534
1.653
1.66574
1.68486
1.70804
1.73292
1.75745
1.77797
1.78897
1.7864
1.77079
1.74715
1.72268
1.70462
1.69952
1.71247
1.74445
1.78937
1.83517
1.86995
1.88767
1.88835
1.87455
1.84881
1.8138
1.77253
1.7274
1.68073
1.63938
1.61938
1.63658
1.68223
1.72503
1.74116
1.72908
1.70531
1.69258
1.70325
1.73287
1.77015
1.806
1.83457
1.85229
1.85723
1.84885
1.8279
1.79632
1.75782
1.71957
1.6922
1.68495
1.69949
1.72829
1.75928
1.78204
1.79078
1.78382
1.76191
1.72702
1.6825
1.63389
1.58868
1.55504
1.53954
1.54351
1.56052
1.58068
1.59797
1.61317
1.63104
1.65623
1.68988
1.72823
1.76406
1.78985
1.80077
1.79461
1.77125
1.73349
1.68801
1.64504
1.61524
1.60543
1.61625
1.64326
1.68071
1.72421
1.77092
1.81769
1.85943
1.88917
1.89973
1.8859
1.84694
1.78906
1.72572
1.6727
1.63939
1.62386
1.61688
1.61272
1.616
1.63765
1.68235
1.74121
1.79652
1.8317
1.83803
1.81586
1.77224
1.71734
1.66256
1.61952
1.59724
1.59902
1.62329
1.6659
1.71862
1.76987
1.81009
1.83454
1.8423
1.83536
1.81816
1.79646
1.77548
1.75781
1.74285
1.72784
1.70967
1.68725
1.6627
1.64125
1.62901
1.62925
1.63964
1.65282
1.66021
1.65631
1.64107
1.61926
1.59713
1.57806
1.56148
1.54647
1.5353
1.53206
1.5376
1.54812
1.55943
1.57156
1.58821
1.61257
1.64457
1.68163
1.72059
1.75809
1.79042
1.81432
1.82873
1.83597
1.84096
1.84823
1.85785
1.86518
1.86462
1.85365
1.83437
1.81227
1.79375
1.78284
1.77954
1.78073
1.78261
1.78261
1.77958
1.77258
1.76024
1.74111
1.71524
1.68577
1.65815
1.63696
1.62207
1.60904
1.59367
1.57556
1.55765
1.5438
1.53651
1.53681
1.5461
1.56669
1.5988
1.63874
1.68112
1.72178
1.75717
1.78253
1.79235
1.7833
1.75727
1.72137
1.68494
1.65523
1.63538
1.62574
1.62638
1.63767
1.65806
1.6821
1.70198
1.71104
1.70701
1.69341
1.67865
1.67214
1.67954
1.70032
1.72979
1.76323
1.79753
1.82968
1.85602
1.87365
1.88241
1.88423
1.88063
1.87095
1.85263
1.82341
1.78378
1.73851
1.69557
1.6621
1.64001
1.62516
1.61162
1.5966
1.58246
1.57561
1.58259
1.60589
1.64208
1.68352
1.72061
1.74387
1.74666
1.72842
1.69635
1.66335
1.64181
1.63472
1.63302
1.62412
1.60111
1.56505
1.52346
1.48818
1.47149
1.47961
1.50947
1.55247
1.5997
1.64406
1.68015
1.70403
1.71399
1.7115
1.70154
1.69072
1.68371
1.6807
1.67986
1.68203
1.69226
1.71623
1.75362
1.79573
1.82965
1.84522
1.83916
1.81576
1.78487
1.75855
1.74703
1.75494
1.77984
1.81422
1.84921
1.87711
1.89145
1.88686
1.85965
1.8096
1.7413
1.66473
1.59387
1.54226
1.51673
1.5144
1.52575
1.54059
1.55233
1.56133
1.57759
1.61532
1.67558
1.7404
1.78808
1.80617
1.79336
1.75807
1.71547
1.68104
1.66305
1.65987
1.66502
1.67338
1.68323
1.695
1.70993
1.72747
1.74323
1.75189
1.7525
1.74947
1.74893
1.75484
1.76706
1.78129
1.79127
1.79192
1.78081
1.75737
1.72325
1.68357
1.64732
1.62431
1.62064
1.63589
1.66378
1.69499
1.72082
1.73619
1.74038
1.73539
1.72398
1.70928
1.69514
1.68604
1.68486
1.69009
1.69613
1.69828
1.69677
1.69533
1.69625
1.69737
1.69322
1.67887
1.65268
1.61657
1.57515
1.53403
1.49799
1.46998
1.45273
1.45446
1.49024
1.56263
1.64853
1.72226
1.77408
1.80522
1.81954
1.81961
1.80657
1.78204
1.75042
1.71953
1.69866
1.69481
1.70874
1.73453
1.76363
1.78869
1.80545
1.81263
1.81105
1.80259
1.78948
1.77366
1.75607
1.73599
1.71178
1.68431
1.65893
1.64215
1.63644
1.63957
1.64736
1.65501
1.65788
1.65459
1.64945
1.65013
1.66138
1.68133
1.70376
1.72273
1.73457
1.73809
1.734
1.72441
1.71187
1.69906
1.68881
1.68319
1.68204
1.68306
1.6839
1.68309
1.68011
1.67514
1.66904
1.66296
1.65809
1.65579
1.65801
1.66749
1.68644
1.71449
1.74789
1.78168
1.81162
1.83429
1.84655
1.84616
1.83341
1.81152
1.78541
1.75875
1.73207
1.70405
1.67531
1.65028
1.63493
1.63216
1.64008
1.65376
1.66836
1.68079
1.68863
1.6883
1.6751
1.64585
1.60286
1.55456
1.51295
1.4898
1.4927
1.52256
1.57382
1.63729
1.7035
1.76479
1.81562
1.85208
1.87108
1.87085
1.85224
1.82013
1.78239
1.74588
1.71235
1.67828
1.63926
1.59538
1.55443
1.5298
1.53185
1.56029
1.6076
1.66646
1.72856
1.78226
1.81732
1.83169
1.83147
1.82469
1.81532
1.8023
1.78281
1.75596
1.72439
1.69314
1.66747
1.65135
1.64672
1.65274
1.66524
1.19166
1.22707
1.27714
1.33705
1.39983
1.45758
1.50384
1.53499
1.55037
1.55118
1.54005
1.52118
1.50029
1.48342
1.47474
1.47542
1.48386
1.49671
1.50984
1.51983
1.52509
1.52633
1.52613
1.52783
1.53386
1.54447
1.55728
1.56819
1.57299
1.56873
1.55407
1.52897
1.49455
1.45347
1.4097
1.36784
1.33149
1.30229
1.28068
1.26842
1.2704
1.29227
1.33487
1.39027
1.44439
1.48394
1.50137
1.49632
1.47452
1.44574
1.42009
1.40421
1.40019
1.40688
1.42118
1.4389
1.45553
1.46719
1.47163
1.46928
1.46344
1.45859
1.45778
1.461
1.46552
1.46758
1.464
1.45311
1.43527
1.41315
1.39139
1.37478
1.36688
1.36978
1.38431
1.40987
1.44355
1.48012
1.51351
1.53839
1.55195
1.55438
1.54789
1.53497
1.5175
1.49739
1.4777
1.46198
1.45247
1.44963
1.453
1.46182
1.47451
1.48887
1.50292
1.51488
1.52267
1.52373
1.51596
1.49867
1.47269
1.43994
1.40294
1.36528
1.33234
1.31033
1.30381
1.31343
1.33534
1.36245
1.38678
1.40246
1.40946
1.41446
1.4256
1.44545
1.47061
1.49576
1.51625
1.52868
1.53166
1.52633
1.51561
1.50246
1.48849
1.47388
1.45808
1.44104
1.42477
1.41369
1.41251
1.42312
1.44323
1.46719
1.48802
1.50003
1.50026
1.48873
1.46741
1.43946
1.40885
1.38053
1.36061
1.35493
1.36505
1.38544
1.40655
1.42072
1.42503
1.42054
1.40981
1.39514
1.37857
1.36247
1.34995
1.34384
1.3446
1.34899
1.35132
1.34731
1.33726
1.32627
1.32068
1.3236
1.33326
1.34574
1.35881
1.37347
1.39278
1.41957
1.45425
1.49403
1.53348
1.56627
1.58684
1.59194
1.58134
1.55797
1.52721
1.49586
1.47099
1.45837
1.46046
1.475
1.4956
1.51473
1.52737
1.53226
1.53035
1.52214
1.50621
1.47982
1.4416
1.39576
1.35462
1.33378
1.33923
1.36103
1.38327
1.39598
1.39864
1.39614
1.39214
1.38639
1.37759
1.368
1.3644
1.37419
1.39955
1.43696
1.48055
1.52458
1.56385
1.59429
1.61356
1.62133
1.61896
1.60796
1.58819
1.5581
1.51836
1.47448
1.43547
1.40961
1.40055
1.40632
1.42061
1.43548
1.44445
1.44515
1.43998
1.43473
1.43549
1.44488
1.46001
1.47467
1.48242
1.4787
1.4614
1.43117
1.39199
1.35137
1.31868
1.30218
1.30586
1.32771
1.36065
1.39549
1.4245
1.44334
1.45124
1.45001
1.44255
1.43146
1.41833
1.40456
1.39204
1.38276
1.37821
1.37936
1.38698
1.40067
1.41731
1.43169
1.43984
1.44178
1.44032
1.43757
1.43308
1.42471
1.41084
1.39257
1.37518
1.36642
1.37183
1.39033
1.41551
1.44095
1.46412
1.48624
1.50961
1.53452
1.55816
1.57593
1.58398
1.58169
1.57375
1.5693
1.57529
1.58942
1.60239
1.60575
1.5954
1.57077
1.53375
1.48812
1.43866
1.39015
1.34757
1.31779
1.30945
1.32677
1.36348
1.40631
1.4434
1.46797
1.47772
1.47468
1.46491
1.45585
1.45166
1.4509
1.44919
1.44298
1.43082
1.41311
1.39221
1.3719
1.35556
1.34438
1.33719
1.33191
1.32851
1.33136
1.3451
1.36485
1.37771
1.37643
1.36548
1.35652
1.36071
1.3826
1.41815
1.45746
1.49014
1.50955
1.51387
1.50551
1.48994
1.47437
1.46486
1.46289
1.4643
1.46261
1.45442
1.44257
1.43448
1.43765
1.45565
1.48673
1.52439
1.55942
1.58266
1.58748
1.57167
1.53756
1.49117
1.44069
1.39548
1.3644
1.35313
1.36209
1.38618
1.41672
1.44465
1.46318
1.46946
1.46467
1.4529
1.43946
1.429
1.4239
1.42376
1.42615
1.42756
1.42433
1.41462
1.40055
1.38788
1.38288
1.38894
1.40588
1.43131
1.46208
1.49415
1.52226
1.54083
1.54553
1.5343
1.50751
1.46867
1.42636
1.39433
1.38596
1.40523
1.44397
1.48789
1.52426
1.5455
1.54934
1.53723
1.51268
1.48041
1.4463
1.41817
1.40409
1.40672
1.42035
1.43533
1.44374
1.44179
1.4301
1.41332
1.3987
1.39331
1.40015
1.41573
1.4322
1.44179
1.44025
1.42774
1.40822
1.38804
1.37396
1.3707
1.37876
1.39471
1.41351
1.43177
1.44907
1.46614
1.48252
1.49588
1.50291
1.50049
1.48672
1.4616
1.42755
1.38899
1.35135
1.32019
1.30056
1.29606
1.30743
1.33254
1.36799
1.41082
1.45741
1.50094
1.53176
1.54221
1.53107
1.50474
1.47487
1.45267
1.44348
1.44636
1.45809
1.47588
1.49748
1.52044
1.54211
1.56021
1.57417
1.58589
1.5986
1.61389
1.62934
1.63927
1.63721
1.61813
1.58031
1.52633
1.46277
1.39832
1.34141
1.29831
1.27231
1.26357
1.26905
1.28395
1.30485
1.33122
1.36276
1.39604
1.42513
1.44463
1.45241
1.45083
1.44605
1.44549
1.45443
1.47389
1.5014
1.53296
1.56406
1.58989
1.60597
1.60869
1.59644
1.5709
1.53716
1.50159
1.4682
1.43746
1.40864
1.38246
1.36192
1.35068
1.35074
1.36074
1.3759
1.38991
1.3978
1.3977
1.39074
1.3797
1.3677
1.35781
1.35309
1.35643
1.36999
1.39428
1.42741
1.46475
1.50052
1.52978
1.54924
1.55695
1.55211
1.53569
1.51105
1.4827
1.45408
1.42657
1.40087
1.37929
1.36682
1.36884
1.38706
1.41742
1.45169
1.48113
1.49929
1.50318
1.49373
1.47551
1.45535
1.43999
1.43414
1.43935
1.45387
1.47369
1.49406
1.5106
1.5202
1.5215
1.51469
1.50068
1.48078
1.45744
1.43474
1.41767
1.41009
1.41328
1.42565
1.44399
1.46536
1.48816
1.51158
1.53358
1.55026
1.55743
1.55324
1.53969
1.52099
1.50063
1.47943
1.45647
1.43142
1.40567
1.38205
1.36379
1.3534
1.35079
1.35302
1.35673
1.36078
1.36629
1.37464
1.38543
1.39576
1.40093
1.39654
1.38022
1.35273
1.3175
1.27909
1.2422
1.21239
1.19677
1.20131
1.22613
1.26474
1.30908
1.3546
1.40031
1.44503
1.48513
1.51647
1.53702
1.54666
1.54589
1.53543
1.51683
1.49342
1.47006
1.4519
1.4428
1.44415
1.45542
1.47513
1.50132
1.5311
1.5605
1.58533
1.60191
1.60756
1.60133
1.58379
1.55569
1.51731
1.46999
1.41798
1.36843
1.32946
1.30797
1.30784
1.32904
1.3672
1.41377
1.45819
1.49106
1.50658
1.50324
1.48332
1.45221
1.41695
1.38447
1.35997
1.3461
1.34291
1.34928
1.3638
1.38501
1.41044
1.43606
1.45697
1.46887
1.46895
1.45704
1.43601
1.41061
1.38553
1.36431
1.34958
1.34398
1.35028
1.37018
1.40211
1.44008
1.47509
1.49946
1.51034
1.51022
1.5046
1.49841
1.49343
1.48799
1.47886
1.46386
1.44312
1.41963
1.39886
1.387
1.38719
1.39722
1.41103
1.42294
1.4304
1.43398
1.43541
1.43563
1.43483
1.43279
1.42905
1.42333
1.41643
1.41052
1.4081
1.41015
1.41573
1.42261
1.42913
1.43611
1.44704
1.46472
1.48734
1.508
1.51874
1.51454
1.49525
1.46481
1.42982
1.39881
1.37975
1.37607
1.3853
1.40212
1.42166
1.44011
1.45353
1.458
1.45158
1.43625
1.41713
1.40015
1.38986
1.3883
1.3951
1.40812
1.42453
1.44165
1.45762
1.47159
1.48376
1.49463
1.50398
1.51075
1.5146
1.51729
1.52189
1.53059
1.54293
1.55598
1.56581
1.5686
1.5616
1.54365
1.51511
1.47741
1.43272
1.38403
1.33575
1.29367
1.26366
1.25026
1.25585
1.27939
1.31504
1.3539
1.38871
1.41713
1.44056
1.46082
1.47771
1.48904
1.49192
1.48419
1.46567
1.43936
1.41196
1.39217
1.38584
1.39242
1.40614
1.42014
1.43006
1.43549
1.43934
1.44496
1.45323
1.4617
1.46689
1.46667
1.46073
1.44965
1.43462
1.41897
1.40843
1.40866
1.42173
1.44463
1.47125
1.49552
1.5133
1.5232
1.52633
1.52534
1.52299
1.52108
1.51996
1.51951
1.52032
1.52436
1.5334
1.54754
1.56477
1.58243
1.5983
1.61047
1.61607
1.61105
1.59216
1.55903
1.5151
1.46653
1.41995
1.38042
1.35004
1.32822
1.31293
1.30255
1.29673
1.29651
1.30328
1.31701
1.33595
1.35791
1.38081
1.4019
1.41776
1.4251
1.42192
1.40824
1.38706
1.36417
1.34659
1.33966
1.34476
1.35898
1.37703
1.39406
1.40802
1.42008
1.43362
1.45199
1.47602
1.50266
1.52578
1.53915
1.53946
1.52734
1.50624
1.48117
1.45814
1.44332
1.43928
1.44247
1.44676
1.45035
1.45802
1.47515
1.49961
1.52157
1.53102
1.52451
1.50738
1.49033
1.48179
1.48248
1.4875
1.49203
1.49408
1.49384
1.49192
1.48857
1.48386
1.4775
1.46789
1.45245
1.43057
1.40663
1.38828
1.38003
1.37966
1.38215
1.38467
1.38752
1.39253
1.40065
1.41081
1.41985
1.42425
1.42261
1.4168
1.41051
1.40665
1.40548
1.40487
1.40229
1.397
1.39067
1.38642
1.38689
1.39288
1.40303
1.41406
1.422
1.42406
1.42021
1.41295
1.40562
1.40065
1.399
1.40014
1.40254
1.40481
1.40695
1.41002
1.41443
1.41893
1.42147
1.42087
1.41776
1.41428
1.41304
1.41564
1.42174
1.42873
1.43276
1.43019
1.41951
1.40227
1.38313
1.36885
1.36615
1.37847
1.40397
1.43681
1.46985
1.4973
1.51707
1.53113
1.543
1.5543
1.56336
1.56657
1.56135
1.54774
1.52808
1.50502
1.48041
1.4554
1.43141
1.41047
1.39483
1.3855
1.38152
1.38051
1.38036
1.38122
1.38605
1.39826
1.41804
1.44137
1.46271
1.47809
1.48582
1.48601
1.48022
1.47112
1.46187
1.45521
1.45261
1.4538
1.45677
1.45865
1.4574
1.45335
1.44932
1.44852
1.45206
1.45806
1.46298
1.46379
1.45889
1.44841
1.434
1.41866
1.40598
1.39866
1.39705
1.39923
1.40282
1.40724
1.41451
1.42757
1.44679
1.46864
1.34786
1.36587
1.38264
1.39729
1.40897
1.41749
1.4236
1.42882
1.43441
1.44028
1.44435
1.44356
1.43558
1.41994
1.39779
1.37137
1.34338
1.31664
1.29382
1.27722
1.26839
1.26749
1.27272
1.28059
1.28716
1.28936
1.28594
1.27932
1.27615
1.28341
1.30287
1.33121
1.36358
1.39535
1.42225
1.44067
1.44865
1.44653
1.43671
1.42264
1.40761
1.39389
1.38243
1.37385
1.36966
1.37284
1.38633
1.4096
1.43701
1.46097
1.47807
1.49101
1.5044
1.51979
1.53436
1.54323
1.54306
1.53393
1.51843
1.49887
1.47513
1.44593
1.4114
1.37434
1.33925
1.311
1.29366
1.2885
1.2926
1.29958
1.30288
1.29864
1.287
1.27145
1.25665
1.24583
1.2393
1.2346
1.22873
1.22153
1.21727
1.22121
1.23441
1.25309
1.27278
1.29167
1.3106
1.33061
1.35078
1.36796
1.37875
1.38228
1.38134
1.38079
1.3847
1.3944
1.40836
1.42315
1.43473
1.44033
1.43958
1.43454
1.42813
1.42189
1.4152
1.40706
1.39899
1.39454
1.39531
1.39857
1.39982
1.39644
1.38867
1.37863
1.3687
1.36
1.35195
1.34301
1.33238
1.32149
1.31418
1.31461
1.3237
1.33715
1.34755
1.34921
1.34152
1.32908
1.31885
1.31647
1.3237
1.33878
1.3586
1.38085
1.40467
1.43016
1.45714
1.48383
1.50661
1.52114
1.5238
1.51261
1.48744
1.44974
1.40244
1.34997
1.29758
1.24992
1.20968
1.17781
1.15539
1.14488
1.14926
1.16946
1.20229
1.24087
1.27807
1.30998
1.33709
1.36255
1.38931
1.41785
1.44585
1.46916
1.48356
1.4861
1.47633
1.45693
1.43353
1.41326
1.40221
1.40332
1.41576
1.43575
1.45774
1.4756
1.48395
1.48008
1.4649
1.44166
1.41322
1.38134
1.34821
1.31761
1.29405
1.28138
1.2808
1.28952
1.30228
1.31385
1.32122
1.32418
1.32444
1.32388
1.32387
1.32578
1.3321
1.34648
1.37148
1.4049
1.43937
1.46625
1.47954
1.47766
1.46378
1.44512
1.42966
1.42133
1.41736
1.41107
1.39774
1.37757
1.35469
1.33417
1.31951
1.31105
1.30604
1.3
1.28905
1.27226
1.25203
1.23229
1.21651
1.20818
1.21369
1.24044
1.28739
1.34239
1.3917
1.4269
1.44466
1.44491
1.43016
1.40521
1.37686
1.353
1.34088
1.34397
1.35978
1.38106
1.40009
1.41193
1.41513
1.41076
1.40125
1.38931
1.37735
1.36734
1.36105
1.3596
1.36212
1.36574
1.36708
1.36431
1.358
1.35011
1.3425
1.33603
1.33096
1.32835
1.33072
1.34057
1.35748
1.37765
1.39607
1.40885
1.41384
1.41074
1.40167
1.39081
1.38334
1.38373
1.39409
1.41343
1.43792
1.46243
1.48235
1.4949
1.49895
1.49445
1.48218
1.46396
1.44174
1.41627
1.38703
1.35353
1.31638
1.27762
1.24129
1.21363
1.20126
1.20668
1.22592
1.25016
1.27006
1.27982
1.27893
1.27103
1.2614
1.25402
1.24994
1.2479
1.24666
1.24708
1.25244
1.26636
1.29003
1.32076
1.35286
1.38027
1.39883
1.40788
1.41079
1.41333
1.42045
1.43339
1.44925
1.46366
1.4734
1.47731
1.47581
1.46991
1.46034
1.44764
1.43258
1.41646
1.40091
1.38752
1.37777
1.37313
1.37444
1.38042
1.38707
1.38955
1.38487
1.37333
1.35818
1.34401
1.33354
1.32546
1.31636
1.30464
1.29244
1.28433
1.28448
1.29414
1.31096
1.33055
1.34864
1.36266
1.37175
1.37603
1.37579
1.37112
1.36224
1.3505
1.33982
1.33717
1.35099
1.38655
1.44175
1.50675
1.56732
1.60941
1.62244
1.60128
1.54776
1.47158
1.38934
1.31908
1.27147
1.24619
1.23818
1.24415
1.2621
1.28868
1.31915
1.3494
1.37679
1.39888
1.41186
1.41136
1.3953
1.36617
1.33103
1.29968
1.28128
1.28037
1.29558
1.32222
1.3555
1.39164
1.42722
1.45844
1.48161
1.49398
1.49435
1.48324
1.46297
1.43698
1.40883
1.38153
1.35749
1.33848
1.32538
1.31806
1.31577
1.31819
1.32621
1.3409
1.36146
1.38391
1.40239
1.41164
1.40869
1.39317
1.36707
1.33437
1.30071
1.27226
1.2541
1.24885
1.25622
1.27347
1.29611
1.31886
1.3371
1.34858
1.35425
1.35744
1.36135
1.36628
1.36879
1.36356
1.34673
1.31937
1.29039
1.27504
1.28416
1.31237
1.3441
1.36797
1.38091
1.38473
1.38269
1.37861
1.37687
1.3821
1.39705
1.42063
1.44865
1.47533
1.49442
1.50054
1.49095
1.46683
1.43374
1.40009
1.3744
1.36276
1.36691
1.38397
1.40759
1.43078
1.44822
1.45738
1.45845
1.45327
1.44389
1.43149
1.41639
1.39928
1.3827
1.37075
1.36686
1.37144
1.38197
1.39502
1.40797
1.41984
1.43044
1.43935
1.44459
1.44275
1.43041
1.40607
1.37223
1.3359
1.30582
1.28697
1.27851
1.27734
1.28098
1.28656
1.28986
1.28665
1.27525
1.25821
1.24092
1.22812
1.2214
1.22031
1.22448
1.23434
1.25018
1.27159
1.29771
1.32713
1.35725
1.3843
1.40471
1.41658
1.41965
1.41441
1.40162
1.3827
1.36083
1.3409
1.32805
1.32536
1.33214
1.34479
1.35919
1.37281
1.38471
1.3948
1.40293
1.40916
1.41391
1.41823
1.42344
1.43039
1.43867
1.44645
1.45091
1.44937
1.44032
1.42348
1.39935
1.36965
1.33854
1.31286
1.30027
1.30619
1.3308
1.3687
1.4109
1.44811
1.47354
1.48417
1.48026
1.46438
1.43994
1.41011
1.37691
1.34117
1.30402
1.26904
1.24261
1.23121
1.23714
1.25659
1.28166
1.30384
1.31687
1.319
1.31463
1.31297
1.32142
1.34095
1.36849
1.4008
1.43438
1.46425
1.48439
1.48966
1.47764
1.44888
1.40651
1.35537
1.30095
1.24877
1.20466
1.17557
1.16881
1.18944
1.23721
1.3053
1.38206
1.45482
1.51289
1.54917
1.56075
1.54943
1.52118
1.48455
1.44844
1.4208
1.40756
1.40919
1.41829
1.42309
1.41421
1.38922
1.35367
1.31996
1.3019
1.30593
1.32759
1.35723
1.38676
1.41091
1.42587
1.42843
1.41592
1.38677
1.34151
1.28437
1.22509
1.17805
1.15675
1.16679
1.20314
1.25397
1.30695
1.35295
1.38708
1.4077
1.41601
1.41599
1.41319
1.41222
1.41457
1.41838
1.42009
1.41629
1.40516
1.38731
1.366
1.34676
1.33627
1.34045
1.36161
1.39618
1.43562
1.47082
1.49611
1.5102
1.51401
1.50817
1.49202
1.46477
1.42786
1.38818
1.3584
1.34874
1.35659
1.36916
1.37462
1.36788
1.35035
1.32807
1.30856
1.29744
1.29628
1.30293
1.31384
1.32666
1.34091
1.35608
1.36871
1.37256
1.36228
1.33762
1.30587
1.28084
1.27611
1.29575
1.33323
1.3787
1.4238
1.4617
1.4868
1.49549
1.48732
1.46552
1.4362
1.40621
1.3806
1.36124
1.34762
1.33823
1.33117
1.32435
1.31633
1.3075
1.30065
1.30016
1.31043
1.33394
1.36939
1.41109
1.45047
1.47881
1.48975
1.48055
1.45267
1.41151
1.36474
1.31937
1.27982
1.24813
1.22609
1.21617
1.21991
1.2356
1.25815
1.28142
1.30084
1.31414
1.32079
1.32126
1.31634
1.30748
1.29708
1.28906
1.2883
1.29877
1.3209
1.3499
1.37704
1.39342
1.39414
1.38064
1.36007
1.34191
1.33354
1.33744
1.35119
1.36937
1.38595
1.3963
1.39836
1.39268
1.38131
1.36658
1.35027
1.33338
1.31698
1.3033
1.29596
1.29762
1.3073
1.32119
1.3357
1.34978
1.36458
1.38174
1.40182
1.42426
1.44833
1.47319
1.49632
1.51307
1.51865
1.51065
1.49
1.4603
1.4264
1.39284
1.36244
1.33589
1.31321
1.29701
1.29397
1.30924
1.33832
1.36991
1.39549
1.41251
1.42203
1.42613
1.4266
1.42416
1.41861
1.40986
1.39871
1.38635
1.37301
1.35824
1.34219
1.32645
1.31352
1.30583
1.30488
1.31075
1.32231
1.3374
1.3529
1.36486
1.36988
1.36657
1.35571
1.33909
1.31856
1.29598
1.27378
1.2553
1.24422
1.24342
1.25405
1.27554
1.30597
1.34261
1.3823
1.4215
1.45596
1.48097
1.49228
1.4873
1.466
1.43164
1.39096
1.35288
1.32511
1.31144
1.31157
1.32274
1.34079
1.36052
1.37644
1.38411
1.38089
1.36598
1.34065
1.30925
1.2795
1.2604
1.25882
1.27684
1.3115
1.35645
1.40371
1.44575
1.47747
1.49719
1.50582
1.50508
1.49647
1.48174
1.46312
1.44269
1.42213
1.40447
1.39485
1.39685
1.40797
1.42094
1.42916
1.43048
1.42662
1.42023
1.41298
1.40634
1.40305
1.40604
1.41592
1.42947
1.44056
1.44308
1.43302
1.40945
1.37465
1.33416
1.29636
1.27051
1.26348
1.27721
1.30878
1.35179
1.39745
1.43552
1.45676
1.4551
1.42923
1.38307
1.32542
1.26773
1.22098
1.19269
1.18551
1.19722
1.22182
1.25183
1.28099
1.30616
1.32721
1.34561
1.363
1.38008
1.39626
1.40958
1.41747
1.4181
1.41118
1.39828
1.38267
1.36905
1.36237
1.36529
1.37641
1.39125
1.40484
1.41371
1.41629
1.41284
1.40526
1.39667
1.38992
1.38628
1.38559
1.3873
1.39014
1.39113
1.38644
1.37408
1.3556
1.33587
1.32092
1.31498
1.31862
1.32923
1.34277
1.35549
1.36459
1.36798
1.36391
1.35144
1.33105
1.30532
1.27937
1.26034
1.25481
1.26545
1.28959
1.3212
1.35454
1.38588
1.41358
1.43765
1.4592
1.4799
1.50069
1.52
1.53348
1.53664
1.52751
1.50691
1.47746
1.44259
1.40606
1.37141
1.34143
1.318
1.30249
1.29619
1.30009
1.31434
1.33736
1.36539
1.39295
1.41456
1.42664
1.42772
1.41766
1.39748
1.36917
1.33548
1.30012
1.26869
1.24835
1.24505
1.26021
1.28941
1.32438
1.35674
1.38075
1.39414
1.39781
1.39528
1.39132
1.39014
1.39337
1.39957
1.40547
1.40796
1.40582
1.40033
1.39452
1.3915
1.40679
1.4081
1.40914
1.40721
1.40153
1.39348
1.38543
1.3788
1.37333
1.36781
1.36077
1.35056
1.33618
1.31879
1.3028
1.29396
1.29533
1.3052
1.31938
1.33447
1.34942
1.36527
1.38432
1.40825
1.4363
1.46482
1.48885
1.50425
1.50888
1.50298
1.48903
1.4712
1.45371
1.43911
1.42727
1.41604
1.40268
1.38537
1.36392
1.34085
1.32147
1.31168
1.31399
1.32568
1.34083
1.35427
1.36371
1.36913
1.37124
1.37053
1.3673
1.36184
1.35465
1.34606
1.33573
1.32292
1.30719
1.28892
1.26977
1.25285
1.24213
1.24111
1.25104
1.26972
1.2915
1.30882
1.31633
1.31636
1.32008
1.33788
1.36799
1.4005
1.42826
1.44991
1.46704
1.4808
1.49028
1.49325
1.48849
1.47776
1.4657
1.45786
1.45771
1.46495
1.47575
1.48469
1.48685
1.47988
1.46522
1.44764
1.43265
1.4235
1.42086
1.42351
1.42824
1.43011
1.42486
1.41197
1.39448
1.3758
1.35705
1.33793
1.31974
1.30619
1.30131
1.30638
1.31908
1.33478
1.34883
1.35822
1.36176
1.35934
1.35107
1.33758
1.32088
1.30504
1.29555
1.29697
1.31042
1.33266
1.35772
1.37984
1.39575
1.40621
1.41538
1.42851
1.44825
1.47238
1.49504
1.50987
1.51293
1.50429
1.48777
1.46882
1.45128
1.4357
1.42003
1.40235
1.38265
1.36322
1.34758
1.33856
1.33638
1.33796
1.33852
1.33431
1.32506
1.31396
1.30588
1.30485
1.31221
1.32628
1.34363
1.36099
1.37645
1.38915
1.39839
1.4035
1.40465
1.40366
1.40382
1.40765
1.41475
1.422
1.42632
1.42704
1.426
1.42568
1.42696
1.42812
1.42634
1.42056
1.41336
1.41016
1.41433
1.42343
1.43098
1.43105
1.42104
1.40145
1.37471
1.34403
1.31293
1.28479
1.26288
1.2502
1.24902
1.26026
1.28315
1.31503
1.35181
1.38839
1.41929
1.43941
1.44515
1.43545
1.41225
1.38002
1.34449
1.31121
1.28421
1.26555
1.25589
1.25559
1.26507
1.28409
1.31105
1.34384
1.38035
1.41835
1.45473
1.48599
1.50966
1.52435
1.52892
1.522
1.50284
1.47243
1.43411
1.39289
1.35347
1.31889
1.29076
1.27034
1.25897
1.25723
1.26361
1.27425
1.2855
1.29694
1.3107
1.32692
1.34192
1.35181
1.35609
1.35746
1.35915
1.36281
1.36842
1.3751
1.38184
1.38767
1.39147
1.3927
1.3923
1.39217
1.39298
1.39272
1.38782
1.37618
1.35879
1.33802
1.31559
1.29322
1.27463
1.26525
1.26902
1.28591
1.31255
1.3449
1.38014
1.41629
1.45059
1.47822
1.493
1.49009
1.46842
1.43198
1.3892
1.35093
1.32675
1.32147
1.33365
1.35748
1.38607
1.41343
1.43516
1.44928
1.45698
1.4614
1.46549
1.47129
1.47901
1.48532
1.48385
1.46957
1.44207
1.40602
1.37003
1.34369
1.33351
1.34084
1.36229
1.39088
1.41812
1.43679
1.44292
1.43596
1.41811
1.39332
1.36647
1.34246
1.32514
1.31623
1.31479
1.31785
1.32255
1.32847
1.3375
1.3517
1.37076
1.39111
1.40741
1.41498
1.4113
1.39599
1.37057
1.33862
1.30545
1.27687
1.25762
1.25074
1.25703
1.2748
1.29981
1.32624
1.34832
1.36253
1.36853
1.3686
1.36573
1.36203
1.35852
1.35564
1.35377
1.35326
1.35479
1.35957
1.36969
1.38685
1.41032
1.43604
1.4584
1.4725
1.47523
1.46527
1.4429
1.41011
1.37085
1.33108
1.29802
1.27769
1.27295
1.28367
1.308
1.34301
1.38404
1.42502
1.46056
1.48712
1.50246
1.50514
1.49561
1.47663
1.45198
1.4246
1.39548
1.36459
1.332
1.29896
1.26798
1.24345
1.23215
1.24035
1.26867
1.3108
1.35731
1.399
1.42882
1.44315
1.44175
1.42664
1.40128
1.37041
1.34064
1.32022
1.3165
1.33234
1.36473
1.40729
1.45419
1.50115
1.54386
1.57687
1.59489
1.59504
1.57778
1.54653
1.50596
1.46024
1.41219
1.36359
1.31661
1.27528
1.2452
1.23092
1.23313
1.24824
1.27116
1.29816
1.32741
1.35739
1.3853
1.40711
1.41928
1.42029
1.41154
1.3972
1.38299
1.37388
1.37176
1.37468
1.3787
1.38012
1.37702
1.36927
1.35884
1.34916
1.3436
1.34365
1.34814
1.35376
1.35631
1.35175
1.33697
1.31058
1.274
1.23279
1.19688
1.17763
1.18241
1.21041
1.25358
1.30138
1.34506
1.37967
1.4037
1.41831
1.4265
1.43164
1.43573
1.43886
1.44048
1.44074
1.44101
1.44287
1.44655
1.45028
1.45213
1.45216
1.45305
1.45856
1.47077
1.48816
1.50552
1.51589
1.51364
1.4964
1.46574
1.42621
1.38351
1.34283
1.30748
1.27909
1.25835
1.2453
1.23969
1.24133
1.24989
1.26477
1.28502
1.30884
1.33344
1.35514
1.37006
1.37555
1.37132
1.36039
1.3494
1.34694
1.35945
1.38677
1.4217
1.4541
1.47665
1.48883
1.49636
1.5042
1.50983
1.50606
1.48862
1.45871
1.42121
1.38202
1.34626
1.31735
1.29696
1.28555
1.28309
1.28957
1.30455
1.32667
1.35345
1.3815
1.40672
1.42513
1.43421
1.43346
1.42443
1.41011
1.39433
1.38053
1.37051
1.36414
1.36068
1.36041
1.36342
1.367
1.36638
1.35928
1.34803
1.33729
1.33094
1.33056
1.33632
1.3473
1.3612
1.37529
1.38765
1.39787
1.40632
1.41302
1.41758
1.4199
1.4203
1.41942
1.41779
1.416
1.41468
1.41452
1.41594
1.41818
1.41891
1.41494
1.40376
1.38488
1.36013
1.33403
1.31367
1.3066
1.31685
1.34145
1.37189
1.3992
1.41783
1.42615
1.42468
1.41488
1.39931
1.38215
1.36812
1.36029
1.35866
1.36045
1.36205
1.36119
1.35778
1.35255
1.34565
1.33609
1.32296
1.30696
1.29095
1.27907
1.27513
1.28174
1.29986
1.32787
1.36131
1.39423
1.42116
1.43837
1.44418
1.43864
1.42323
1.40094
1.37635
1.35495
1.34183
1.33955
1.34721
1.362
1.38104
1.40188
1.42235
1.44104
1.45728
1.47018
1.47819
1.47954
1.47295
1.45846
1.4378
1.41353
1.38762
1.3609
1.3348
1.3137
1.30474
1.31408
1.34267
1.38478
1.43004
1.46737
1.48796
1.48652
1.46169
1.41632
1.35742
1.29529
1.24076
1.20198
1.18288
1.18369
1.20199
1.23385
1.27472
1.31962
1.36298
1.39962
1.42654
1.44343
1.45094
1.44937
1.43887
1.42068
1.3978
1.37436
1.35428
1.34037
1.3344
1.33764
1.3507
1.37286
1.40104
1.42987
1.45346
1.46736
1.46928
1.45871
1.43694
1.40715
1.3744
1.34473
1.32299
1.31146
1.30935
1.31411
1.32295
1.33397
1.34661
1.36118
1.37718
1.39224
1.4028
1.40615
1.40198
1.3922
1.37992
1.3682
1.35943
1.35552
1.35809
1.36802
1.38452
1.40443
1.42287
1.43527
1.43949
1.43619
1.42758
1.41571
1.40192
1.38786
1.37615
1.36961
1.36921
1.37337
1.3794
1.38548
1.39133
1.39755
1.40433
1.41041
1.4131
1.40946
1.39766
1.37738
1.34971
1.31678
1.28171
1.24852
1.22208
1.20741
1.2083
1.22531
1.25442
1.28808
1.31851
1.3407
1.35359
1.35946
1.36239
1.3666
1.37473
1.3863
1.3979
1.40502
1.40481
1.39753
1.38584
1.37286
1.36083
1.35219
1.35071
1.35982
1.37887
1.40181
1.42038
1.42875
1.42562
1.41352
1.39708
1.38115
1.36883
1.36114
1.35892
1.36453
1.3796
1.40123
1.4226
1.43765
1.44363
1.44097
1.43227
1.42133
1.41204
1.4069
1.40644
1.4098
1.41539
1.4216
1.42703
1.43038
1.4308
1.42807
1.42262
1.41489
1.40486
1.39328
1.38351
1.38062
1.38673
1.39858
1.41075
1.41948
1.42346
1.42246
1.41627
1.40443
1.3868
1.3646
1.34104
1.32085
1.30872
1.30746
1.31659
1.33174
1.3459
1.35193
1.34575
1.32866
1.30758
1.29147
1.2869
1.2958
1.31564
1.34072
1.36384
1.3786
1.38144
1.37256
1.35515
1.33392
1.3138
1.29948
1.294
1.29773
1.30932
1.3272
1.34999
1.37588
1.40225
1.42629
1.44618
1.46213
1.47616
1.49036
1.50505
1.51762
1.52345
1.51811
1.49969
1.46961
1.43141
1.38881
1.34504
1.30389
1.27172
1.25687
1.26516
1.29458
1.33477
1.37297
1.40032
1.41431
1.41705
1.41273
1.40591
1.40076
1.40067
1.40734
1.41997
1.43593
1.45256
1.46828
1.48222
1.49308
1.49879
1.49718
1.48723
1.47042
1.45102
1.43417
1.42254
1.41499
1.40792
1.39741
1.38022
1.35448
1.32062
1.28172
1.24281
1.20892
1.18375
1.16956
1.1671
1.17531
1.1918
1.21406
1.24004
1.26787
1.29602
1.32347
1.3497
1.37421
1.39638
1.41559
1.43113
1.4421
1.44775
1.44808
1.44424
1.43793
1.43016
1.42099
1.4109
1.40232
1.399
1.40366
1.41614
1.43367
1.4526
1.46989
1.48362
1.49254
1.4953
1.49032
1.477
1.4568
1.43268
1.40703
1.38075
1.35565
1.33652
1.3286
1.33288
1.34527
1.3595
1.37074
1.37726
1.3798
1.37936
1.37559
1.36756
1.35572
1.34263
1.33189
1.3262
1.32629
1.33124
1.33948
1.34928
1.35871
1.36516
1.36557
1.35733
1.33992
1.31668
1.29492
1.28369
1.28957
1.3132
1.34947
1.39159
1.43454
1.47541
1.51165
1.53984
1.55649
1.55981
1.55125
1.53487
1.51507
1.49411
1.47175
1.44705
1.4198
1.39102
1.36253
1.33629
1.31415
1.29733
1.2858
1.27764
1.26957
1.25943
1.24805
1.23802
1.23173
1.23123
1.23855
1.25428
1.27565
1.29736
1.31408
1.32296
1.32411
1.32019
1.31525
1.31392
1.32023
1.33612
1.36026
1.38886
1.41726
1.44121
1.45754
1.46454
1.4623
1.45227
1.43634
1.41679
1.39644
1.37825
1.36406
1.35395
1.34654
1.34013
1.33364
1.32659
1.3186
1.30927
1.29939
1.29148
1.28824
1.28968
1.29277
1.29411
1.29277
1.50742
1.49513
1.48366
1.47678
1.47624
1.48201
1.49346
1.51026
1.53203
1.55755
1.58431
1.60864
1.62686
1.63698
1.63927
1.63548
1.62813
1.61962
1.61114
1.60203
1.59098
1.57784
1.56339
1.54756
1.529
1.50721
1.48403
1.46241
1.44402
1.42846
1.41499
1.4046
1.40042
1.40585
1.42238
1.44817
1.47932
1.51135
1.53976
1.56021
1.56985
1.56855
1.55969
1.54914
1.54203
1.53937
1.53771
1.53149
1.51661
1.4928
1.46511
1.44388
1.43823
1.44682
1.46065
1.47434
1.48758
1.5005
1.51255
1.5225
1.52828
1.52767
1.52027
1.50821
1.49546
1.48533
1.47864
1.47405
1.46939
1.46305
1.45503
1.44762
1.4453
1.45376
1.47732
1.51624
1.56521
1.61462
1.65409
1.67583
1.67654
1.65728
1.62219
1.57733
1.52989
1.48699
1.4543
1.4346
1.42725
1.42867
1.43446
1.44141
1.44829
1.45484
1.46074
1.46551
1.46902
1.47161
1.47425
1.47849
1.48574
1.49587
1.50623
1.51221
1.50902
1.49415
1.46894
1.43828
1.40866
1.38735
1.38257
1.40049
1.43908
1.48792
1.53474
1.57063
1.5913
1.59601
1.58666
1.56776
1.54612
1.52924
1.52204
1.52372
1.52816
1.52956
1.52808
1.52882
1.53485
1.54406
1.55316
1.56096
1.56698
1.57026
1.57031
1.56823
1.56677
1.5691
1.57741
1.59234
1.61245
1.63374
1.65031
1.65643
1.64867
1.6266
1.59276
1.55317
1.5163
1.48757
1.46398
1.43754
1.40478
1.3708
1.34613
1.34016
1.3555
1.38663
1.424
1.45944
1.48819
1.50705
1.51281
1.5029
1.47804
1.44423
1.41086
1.38586
1.37221
1.36899
1.37352
1.38284
1.39457
1.40742
1.42081
1.4345
1.4488
1.4645
1.48209
1.50126
1.52139
1.54257
1.56552
1.59011
1.61445
1.63569
1.65173
1.66116
1.66237
1.65361
1.6341
1.60443
1.56602
1.52092
1.47269
1.42731
1.39272
1.37502
1.37325
1.37944
1.38623
1.39429
1.41059
1.43893
1.47494
1.51097
1.54178
1.56492
1.57858
1.58075
1.56973
1.54524
1.50965
1.46863
1.43023
1.40254
1.39116
1.39768
1.41895
1.44799
1.47681
1.4994
1.51349
1.52072
1.52584
1.5344
1.54965
1.56985
1.58872
1.5991
1.59683
1.58203
1.55834
1.53137
1.50662
1.48781
1.47639
1.47227
1.4745
1.48095
1.48823
1.49294
1.49431
1.49543
1.50159
1.51615
1.53785
1.56172
1.58249
1.59691
1.60367
1.60238
1.59273
1.57492
1.55067
1.52369
1.49884
1.48024
1.47016
1.469
1.47589
1.48848
1.50279
1.51385
1.51699
1.51001
1.49452
1.47552
1.45852
1.44674
1.44059
1.43919
1.44109
1.44361
1.44228
1.43253
1.41255
1.3852
1.3574
1.33655
1.32678
1.32791
1.33718
1.35061
1.36368
1.37321
1.37964
1.38666
1.39818
1.41526
1.43498
1.45256
1.46521
1.47432
1.48419
1.49937
1.52223
1.55167
1.58322
1.61047
1.62751
1.63129
1.62296
1.60697
1.58842
1.57058
1.55427
1.53829
1.52056
1.49998
1.47907
1.4636
1.45705
1.45688
1.45855
1.45983
1.46022
1.45987
1.46002
1.46273
1.46943
1.47983
1.49228
1.50458
1.5146
1.52027
1.51964
1.51198
1.4997
1.48917
1.48893
1.5052
1.5375
1.57764
1.61384
1.63602
1.63861
1.62111
1.58724
1.54412
1.50114
1.46711
1.44638
1.43733
1.43528
1.43657
1.4396
1.44296
1.44523
1.44658
1.44817
1.44958
1.44899
1.44469
1.43592
1.42435
1.41577
1.41731
1.43157
1.45456
1.47972
1.50267
1.52187
1.53661
1.5456
1.54758
1.54278
1.53378
1.52543
1.52365
1.53299
1.55436
1.58416
1.6157
1.6417
1.65608
1.65444
1.63419
1.5959
1.54637
1.49984
1.47155
1.46547
1.47312
1.48457
1.49618
1.50913
1.52381
1.53604
1.53919
1.52927
1.50802
1.48182
1.45818
1.44132
1.42962
1.41771
1.40196
1.3839
1.36897
1.36299
1.36958
1.38934
1.42022
1.45818
1.49779
1.53395
1.56412
1.58907
1.61123
1.6319
1.64978
1.66212
1.66694
1.66429
1.6553
1.64088
1.62122
1.59649
1.56786
1.53754
1.50763
1.47878
1.44953
1.41745
1.38244
1.35003
1.32956
1.32632
1.33594
1.34812
1.3549
1.3542
1.34939
1.34766
1.35733
1.38335
1.42358
1.46997
1.51363
1.54885
1.57379
1.58904
1.59609
1.59613
1.58972
1.57703
1.55838
1.53492
1.5091
1.48514
1.46847
1.46364
1.47157
1.48906
1.51119
1.53412
1.55607
1.57589
1.5912
1.59853
1.59512
1.58067
1.5582
1.53388
1.51534
1.50788
1.51163
1.52264
1.53576
1.54618
1.54904
1.54004
1.51732
1.48358
1.44603
1.41367
1.39393
1.39077
1.40435
1.43142
1.46613
1.50109
1.52872
1.54243
1.5378
1.51405
1.4751
1.42942
1.38738
1.35754
1.34486
1.35103
1.37539
1.41513
1.46487
1.51695
1.56285
1.59581
1.61272
1.61361
1.60008
1.57408
1.53811
1.49592
1.45228
1.41189
1.37884
1.35685
1.34873
1.35522
1.37455
1.40265
1.43404
1.46384
1.48976
1.5126
1.53485
1.55833
1.58231
1.60336
1.61636
1.61649
1.60122
1.57233
1.53673
1.50411
1.48179
1.47242
1.47537
1.48813
1.50617
1.52366
1.53525
1.53816
1.53332
1.52519
1.52053
1.52535
1.54148
1.56546
1.5912
1.61339
1.62868
1.63451
1.62858
1.60988
1.58044
1.54493
1.50769
1.47067
1.43534
1.40587
1.38832
1.3855
1.39417
1.40734
1.41837
1.42414
1.4262
1.42817
1.43092
1.43078
1.42394
1.41144
1.3994
1.39447
1.40033
1.41764
1.4451
1.47963
1.51661
1.55083
1.57784
1.5945
1.59947
1.59363
1.58072
1.56674
1.55732
1.55487
1.55804
1.56365
1.56855
1.57059
1.56823
1.56027
1.54691
1.5311
1.51803
1.51213
1.51378
1.51861
1.52024
1.51441
1.50222
1.49044
1.48724
1.49555
1.51112
1.52702
1.5376
1.53922
1.53017
1.51101
1.48491
1.45706
1.43293
1.4162
1.40774
1.40623
1.40937
1.41467
1.41924
1.42034
1.41696
1.41185
1.41163
1.42303
1.44789
1.48177
1.51729
1.54787
1.5691
1.57775
1.57082
1.54662
1.5068
1.45826
1.41151
1.37584
1.35608
1.35294
1.36537
1.3911
1.4259
1.46278
1.49353
1.51248
1.51867
1.51608
1.51231
1.5154
1.52902
1.55034
1.57277
1.58996
1.598
1.59571
1.58442
1.56716
1.54774
1.52991
1.51627
1.50707
1.50047
1.49495
1.49153
1.49377
1.50549
1.52804
1.55854
1.59075
1.61786
1.63359
1.63196
1.60902
1.56577
1.50913
1.44898
1.39373
1.34815
1.31524
1.29783
1.29753
1.31292
1.33931
1.37007
1.39857
1.42042
1.43426
1.44175
1.44626
1.45153
1.46041
1.47387
1.49087
1.50902
1.52588
1.53961
1.54875
1.55185
1.54791
1.5378
1.52501
1.51483
1.51231
1.51987
1.53593
1.55543
1.57212
1.58144
1.58249
1.57762
1.57075
1.56556
1.56394
1.56522
1.56587
1.56038
1.54348
1.51307
1.4726
1.4299
1.39245
1.36348
1.34308
1.33148
1.32972
1.33862
1.35815
1.38717
1.4236
1.46416
1.50484
1.54258
1.57629
1.60555
1.62818
1.6407
1.64116
1.63114
1.61523
1.59891
1.58557
1.57497
1.56377
1.5478
1.52467
1.4955
1.46478
1.43839
1.42041
1.41152
1.40994
1.41328
1.41988
1.42938
1.44216
1.45797
1.47474
1.48923
1.49934
1.50577
1.51169
1.52075
1.53533
1.55548
1.57777
1.59602
1.60358
1.59648
1.57681
1.5563
1.55091
1.5639
1.58173
1.59174
1.59268
1.58965
1.58686
1.58474
1.581
1.57275
1.55824
1.53763
1.51251
1.48512
1.45761
1.43189
1.41021
1.39569
1.392
1.40157
1.42333
1.45227
1.48103
1.50263
1.51209
1.50689
1.48732
1.45664
1.42046
1.38574
1.35959
1.34758
1.35082
1.36495
1.38262
1.3976
1.40729
1.41278
1.41771
1.42645
1.44218
1.46552
1.49444
1.52573
1.55693
1.58707
1.61548
1.64048
1.65983
1.67193
1.67693
1.6761
1.67048
1.65984
1.643
1.61968
1.59218
1.56564
1.54584
1.53577
1.53352
1.53322
1.5287
1.51728
1.50028
1.48025
1.45888
1.43834
1.42233
1.41476
1.41829
1.43329
1.45746
1.48613
1.51403
1.53765
1.55566
1.56756
1.57212
1.56782
1.554
1.53134
1.50182
1.46915
1.43864
1.41588
1.40454
1.40472
1.41324
1.42476
1.43395
1.43798
1.43809
1.43823
1.44164
1.44803
1.45428
1.45846
1.46288
1.47197
1.48809
1.50927
1.52995
1.54351
1.54552
1.5367
1.52257
1.50929
1.50013
1.49531
1.49377
1.49437
1.49654
1.5002
1.50498
1.51013
1.51492
1.51925
1.52389
1.52971
1.53595
1.53936
1.53616
1.52542
1.50949
1.49112
1.47109
1.45003
1.43077
1.41755
1.41294
1.41512
1.41841
1.41686
1.4085
1.39692
1.38858
1.38798
1.39538
1.40797
1.42232
1.43576
1.4465
1.45314
1.45504
1.45261
1.4476
1.44317
1.4431
1.44982
1.46235
1.47705
1.49068
1.50205
1.51047
1.51466
1.51439
1.5117
1.50967
1.50983
1.51099
1.51007
1.50408
1.49326
1.48433
1.48726
1.50248
1.51799
1.5228
1.51529
1.50081
1.48766
1.48369
1.49234
1.51045
1.53087
1.54763
1.55988
1.57084
1.58401
1.60054
1.61951
1.63888
1.65608
1.66804
1.67151
1.66377
1.64377
1.61275
1.57378
1.53113
1.4891
1.45118
1.41964
1.3958
1.38081
1.37571
1.38085
1.39527
1.41618
1.43898
1.45885
1.47336
1.48341
1.49086
1.49533
1.49439
1.48654
1.47349
1.45956
1.44947
1.44632
1.45053
1.46016
1.47222
1.48408
1.49422
1.50227
1.50825
1.51151
1.51065
1.50453
1.4936
1.48091
1.47149
1.47021
1.47908
1.49639
1.518
1.5397
1.5585
1.57286
1.58181
1.58386
1.57707
1.56006
