-7.83281
-7.76127
-7.63824
-7.49017
-7.31058
-7.11123
-6.90454
-6.7027
-6.52444
-6.38691
-6.29695
-6.26058
-6.26859
-6.30891
-6.36807
-6.43246
-6.49371
-6.5432
-6.57648
-6.59378
-6.59581
-6.58581
-6.568
-6.54314
-6.51917
-6.4972
-6.48008
-6.47243
-6.47412
-6.48862
-6.51589
-6.55536
-6.6058
-6.66158
-6.71826
-6.77319
-6.82049
-6.8555
-6.87997
-6.89271
-6.89565
-6.88728
-6.87594
-6.86414
-6.85295
-6.84329
-6.83594
-6.82857
-6.82365
-6.8196
-6.81248
-6.80254
-6.79288
-6.78263
-6.76863
-6.75378
-6.74016
-6.72892
-6.71978
-6.71871
-6.72103
-6.73314
-6.74866
-6.76571
-6.78188
-6.79562
-6.80957
-6.82149
-6.8327
-6.8401
-6.84634
-6.85261
-6.85653
-6.85517
-6.84931
-6.84174
-6.83491
-6.82473
-6.81326
-6.80038
-6.7853
-6.77193
-6.7596
-6.75312
-6.74768
-6.74931
-6.75068
-6.75049
-6.74373
-6.73527
-6.72028
-6.70008
-6.67967
-6.65782
-6.6415
-6.62953
-6.62527
-6.6292
-6.63842
-6.65272
-6.66969
-6.68928
-6.70866
-6.72164
-6.72794
-6.72657
-6.71494
-6.69713
-6.6727
-6.64806
-6.62592
-6.60779
-6.60105
-6.60663
-6.62527
-6.65438
-6.69388
-6.73873
-6.78892
-6.83469
-6.8751
-6.91074
-6.93513
-6.94688
-6.94836
-6.94194
-6.9322
-6.92014
-6.90727
-6.89507
-6.88401
-6.87128
-6.85751
-6.83728
-6.81644
-6.79639
-6.77715
-6.75766
-6.7405
-6.72652
-6.71158
-6.6987
-6.6892
-6.68077
-6.67276
-6.66535
-6.66337
-6.66154
-6.66693
-6.67712
-6.6927
-6.71045
-6.73051
-6.75165
-6.77192
-6.79173
-6.80753
-6.81957
-6.82769
-6.82685
-6.81748
-6.79893
-6.7732
-6.74987
-6.72877
-6.71296
-6.70336
-6.70213
-6.6994
-6.69887
-6.69932
-6.69902
-6.70751
-6.71803
-6.7326
-6.74722
-6.7622
-6.77981
-6.79048
-6.79972
-6.80346
-6.80707
-6.80607
-6.80365
-6.79905
-6.79869
-6.79767
-6.80285
-6.8085
-6.81746
-6.82036
-6.82011
-6.81931
-6.81684
-6.81135
-6.80495
-6.79703
-6.78836
-6.77897
-6.77329
-6.767
-6.76086
-6.7605
-6.76298
-6.76464
-6.76418
-6.7643
-6.76324
-6.76106
-6.75689
-6.75693
-6.75569
-6.75582
-6.75949
-6.76616
-6.77181
-6.77673
-6.77881
-6.78061
-6.78356
-6.78472
-6.78692
-6.78745
-6.78658
-6.782
-6.77423
-6.76287
-6.74685
-6.72964
-6.71515
-6.70555
-6.70271
-6.70314
-6.71055
-6.7197
-6.72846
-6.73732
-6.74076
-6.73904
-6.73345
-6.72067
-6.70586
-6.68832
-6.67285
-6.66556
-6.66516
-6.67054
-6.6869
-6.7135
-6.745
-6.77375
-6.80295
-6.82948
-6.84792
-6.86108
-6.868
-6.87011
-6.86742
-6.86106
-6.85041
-6.83742
-6.82285
-6.8096
-6.79527
-6.78122
-6.76808
-6.75414
-6.74177
-6.73118
-6.72668
-6.72837
-6.73344
-6.74964
-6.77029
-6.78714
-6.79921
-6.80582
-6.80392
-6.79894
-6.78801
-6.77779
-6.77041
-6.76993
-6.771
-6.77579
-6.77874
-6.77782
-6.77799
-6.77437
-6.77079
-6.76297
-6.7569
-6.75452
-6.75051
-6.74759
-6.7431
-6.73692
-6.73668
-6.73976
-6.74658
-6.7555
-6.7665
-6.77234
-6.7733
-6.77239
-6.76373
-6.75231
-6.73926
-6.72594
-6.71499
-6.702
-6.68857
-6.67895
-6.67095
-6.66787
-6.66944
-6.67737
-6.68856
-6.70331
-6.72319
-6.74641
-6.76761
-6.78667
-6.80362
-6.81627
-6.82259
-6.82227
-6.81411
-6.804
-6.79097
-6.77715
-6.76864
-6.76347
-6.7622
-6.76307
-6.76836
-6.77486
-6.77999
-6.7863
-6.79298
-6.80103
-6.80282
-6.80194
-6.79684
-6.78634
-6.77083
-6.75475
-6.7334
-6.7144
-6.69949
-6.69017
-6.69197
-6.69433
-6.70105
-6.70905
-6.71468
-6.71939
-6.72383
-6.72741
-6.72936
-6.72949
-6.73012
-6.73171
-6.73458
-6.74039
-6.74706
-6.75834
-6.77112
-6.78461
-6.79769
-6.80574
-6.80907
-6.80713
-6.79989
-6.78886
-6.77848
-6.76337
-6.7507
-6.7444
-6.74361
-6.74848
-6.75794
-6.76836
-6.78117
-6.79051
-6.80065
-6.80832
-6.8176
-6.82523
-6.83233
-6.84018
-6.84152
-6.83797
-6.83012
-6.8158
-6.80052
-6.77751
-6.75236
-6.72845
-6.70352
-6.68386
-6.67187
-6.66676
-6.67014
-6.68119
-6.69933
-6.72331
-6.74681
-6.76981
-6.78757
-6.79628
-6.80181
-6.7995
-6.79831
-6.78983
-6.78075
-6.77312
-6.76376
-6.75406
-6.74341
-6.73604
-6.72889
-6.72188
-6.72126
-6.72643
-6.73331
-6.74212
-6.75136
-6.75878
-6.76561
-6.76635
-6.76711
-6.76327
-6.75747
-6.74979
-6.7447
-6.73858
-6.73392
-6.72933
-6.7226
-6.71731
-6.71227
-6.71306
-6.7122
-6.71298
-6.71626
-6.71901
-6.7266
-6.73381
-6.74196
-6.74955
-6.76078
-6.76892
-6.7819
-6.79182
-6.79975
-6.8025
-6.79945
-6.7882
-6.77081
-6.74674
-6.72158
-6.69779
-6.68217
-6.67209
-6.67495
-6.68756
-6.71007
-6.73651
-6.76653
-6.79567
-6.82023
-6.8427
-6.86097
-6.87694
-6.88888
-6.89848
-6.9013
-6.90004
-6.89088
-6.88047
-6.86281
-6.84147
-6.81778
-6.79406
-6.7725
-6.75049
-6.73109
-6.71369
-6.69907
-6.68866
-6.68437
-6.68658
-6.697
-6.71636
-6.73889
-6.75816
-6.77187
-6.77873
-6.77446
-6.76132
-6.74516
-6.72383
-6.7067
-6.69109
-6.68404
-6.68693
-6.69883
-6.71561
-6.73895
-6.76224
-6.78277
-6.79573
-6.79883
-6.79312
-6.77979
-6.76463
-6.75349
-6.74636
-6.74718
-6.75251
-6.75857
-6.76856
-6.77639
-6.78408
-6.7915
-6.79846
-6.8006
-6.80393
-6.80106
-6.79466
-6.78386
-6.76914
-6.75556
-6.74061
-6.73237
-6.73326
-6.74234
-6.75986
-6.77937
-6.79716
-6.80844
-6.81549
-6.81343
-6.80438
-6.78459
-6.76251
-6.74146
-6.72427
-6.7146
-6.71541
-6.72498
-6.74044
-6.75937
-6.77861
-6.79435
-6.80607
-6.8174
-6.82354
-6.82633
-6.82865
-6.82922
-6.8297
-6.82799
-6.82601
-6.82224
-6.81381
-6.8045
-6.79105
-6.77654
-6.75357
-6.7323
-6.71217
-6.69287
-6.68064
-6.67691
-6.68489
-6.69654
-6.71392
-6.72734
-6.73595
-6.73692
-6.73139
-6.71728
-6.69786
-6.68012
-6.66449
-6.6574
-6.66117
-6.67502
-6.69574
-6.72281
-6.75376
-6.78775
-6.81961
-6.8482
-6.87072
-6.88936
-6.8977
-6.89592
-6.89001
-6.87389
-6.85389
-6.83554
-6.81645
-6.79968
-6.78669
-6.77575
-6.76381
-6.75327
-6.73946
-6.72308
-6.70752
-6.68795
-6.67291
-6.65935
-6.65354
-6.65199
-6.66027
-6.67106
-6.69032
-6.71266
-6.73577
-6.76289
-6.78862
-6.81063
-6.82692
-6.83486
-6.82909
-6.81549
-6.79338
-6.76484
-6.7351
-6.70589
-6.68005
-6.66703
-6.65901
-6.65932
-6.67038
-6.68567
-6.70685
-6.7328
-6.76002
-6.78785
-6.81415
-6.83726
-6.85773
-6.87084
-6.88137
-6.88356
-6.87988
-6.87532
-6.86701
-6.85969
-6.85174
-6.84342
-6.83515
-6.82248
-6.80933
-6.78529
-6.76023
-6.72947
-6.69557
-6.66418
-6.63779
-6.62124
-6.61503
-6.61846
-6.63132
-6.65
-6.67162
-6.69301
-6.71489
-6.736
-6.75483
-6.77291
-6.79366
-6.80987
-6.82801
-6.83961
-6.84469
-6.84496
-6.83908
-6.8287
-6.8173
-6.80204
-6.79164
-6.78241
-6.7765
-6.77668
-6.78194
-6.78816
-6.79897
-6.81042
-6.82138
-6.82899
-6.82865
-6.81867
-6.80269
-6.78143
-6.76181
-6.74184
-6.72758
-6.71796
-6.71617
-6.71917
-6.72833
-6.74004
-6.75316
-6.76196
-6.76629
-6.76605
-6.76226
-6.75406
-6.7415
-6.72641
-6.71012
-6.69446
-6.68514
-6.68217
-6.68744
-6.70013
-6.71461
-6.73216
-6.74816
-6.76184
-6.77448
-6.78071
-6.78329
-6.78224
-6.7788
-6.77416
-6.76648
-6.75898
-6.75379
-6.75038
-6.75303
-6.7562
-6.76154
-6.76865
-6.77486
-6.77997
-6.78223
-6.78037
-6.7773
-6.77093
-6.7633
-6.75497
-6.752
-6.75338
-6.75734
-6.76576
-6.77554
-6.78304
-6.78968
-6.79412
-6.78969
-6.78046
-6.7719
-6.75598
-6.74145
-6.72707
-6.71699
-6.71276
-6.72
-6.73333
-6.75905
-6.78743
-6.82221
-6.85412
-6.88043
-6.89581
-6.90141
-6.89126
-6.87107
-6.83813
-6.79748
-6.74884
-6.70124
-6.65852
-6.62583
-6.60375
-6.59653
-6.60253
-6.62355
-6.65323
-6.68406
-6.71845
-6.74803
-6.77211
-6.78856
-6.79556
-6.79289
-6.78549
-6.77419
-6.76427
-6.754
-6.74928
-6.74987
-6.75844
-6.77099
-6.78503
-6.80013
-6.8172
-6.83282
-6.84859
-6.86631
-6.87672
-6.88654
-6.89003
-6.888
-6.88059
-6.86821
-6.84634
-6.81824
-6.78962
-6.76301
-6.73803
-6.71637
-6.70253
-6.68702
-6.67743
-6.67242
-6.66944
-6.6709
-6.68007
-6.69451
-6.71688
-6.7415
-6.76361
-6.77696
-6.78341
-6.78467
-6.77765
-6.76837
-6.7544
-6.74195
-6.72766
-6.71163
-6.69567
-6.68505
-6.67591
-6.67285
-6.67592
-6.68274
-6.69582
-6.7127
-6.73094
-6.75076
-6.76646
-6.7787
-6.79441
-6.80622
-6.81268
-6.82195
-6.827
-6.82642
-6.82448
-6.8189
-6.81357
-6.8076
-6.80544
-6.80116
-6.79685
-6.79289
-6.78358
-6.77062
-6.7531
-6.73126
-6.71248
-6.69789
-6.68625
-6.68278
-6.68896
-6.69848
-6.71219
-6.73197
-6.75583
-6.78536
-6.81203
-6.83723
-6.85759
-6.87116
-6.87366
-6.86581
-6.85196
-6.83236
-6.81264
-6.79639
-6.78463
-6.77898
-6.77818
-6.77896
-6.78531
-6.79391
-6.80584
-6.81817
-6.8275
-6.83204
-6.82924
-6.82062
-6.80397
-6.78149
-6.75542
-6.72563
-6.69726
-6.67522
-6.66213
-6.65606
-6.66079
-6.67234
-6.68776
-6.71038
-6.7312
-6.75185
-6.77117
-6.78776
-6.79994
-6.80667
-6.80268
-6.79261
-6.77532
-6.75399
-6.73346
-6.71719
-6.70262
-6.69603
-6.69585
-6.70274
-6.71772
-6.73711
-6.75807
-6.7776
-6.79745
-6.81118
-6.8195
-6.82558
-6.82991
-6.83156
-6.82687
-6.82648
-6.81971
-6.81347
-6.80709
-6.80092
-6.79483
-6.78762
-6.78126
-6.77069
-6.75968
-6.74759
-6.73862
-6.7292
-6.72584
-6.72642
-6.72789
-6.72824
-6.72857
-6.72344
-6.71986
-6.71377
-6.70221
-6.69052
-6.68192
-6.67586
-6.6737
-6.67494
-6.67596
-6.67857
-6.68457
-6.69371
-6.70064
-6.71035
-6.71903
-6.72729
-6.73547
-6.73945
-6.74522
-6.75329
-6.76339
-6.77641
-6.7937
-6.80957
-6.82804
-6.84293
-6.85353
-6.85928
-6.85604
-6.84963
-6.8354
-6.81761
-6.79608
-6.77495
-6.75421
-6.74222
-6.73908
-6.74493
-6.75969
-6.77991
-6.80134
-6.8012
-6.70914
-6.52384
-6.24979
-5.92475
-5.59986
-5.32714
-5.14049
-5.04567
-5.02466
-5.06082
-5.14006
-5.24658
-5.36445
-5.48102
-5.57992
-5.64729
-5.67597
-5.67326
-5.64034
-5.57674
-5.49463
-5.40934
-5.33121
-5.26862
-5.23061
-5.21492
-5.21179
-5.21743
-5.23275
-5.25062
-5.26796
-5.28155
-5.28862
-5.29277
-5.29722
-5.31188
-5.33997
-5.37827
-5.41523
-5.44965
-5.47315
-5.49218
-5.50596
-5.5187
-5.52009
-5.51035
-5.48978
-5.47015
-5.45588
-5.45212
-5.45874
-5.46208
-5.46014
-5.44686
-5.43012
-5.41775
-5.40805
-5.40374
-5.40476
-5.40717
-5.41319
-5.42021
-5.4342
-5.45001
-5.47335
-5.49845
-5.51756
-5.52901
-5.53148
-5.52166
-5.50363
-5.47713
-5.45186
-5.43201
-5.41996
-5.41288
-5.40692
-5.39848
-5.39078
-5.3945
-5.41453
-5.45039
-5.49264
-5.53587
-5.57093
-5.59204
-5.60187
-5.59822
-5.58919
-5.57313
-5.55396
-5.53632
-5.5226
-5.50402
-5.47677
-5.44085
-5.39799
-5.35693
-5.31407
-5.27177
-5.2364
-5.22122
-5.23668
-5.28103
-5.33486
-5.38436
-5.42067
-5.44578
-5.4702
-5.51394
-5.56137
-5.6011
-5.61425
-5.61439
-5.61409
-5.62922
-5.66741
-5.71536
-5.75718
-5.77753
-5.77322
-5.74972
-5.71471
-5.67191
-5.63195
-5.59499
-5.57433
-5.57196
-5.58484
-5.61007
-5.63316
-5.64862
-5.65262
-5.64656
-5.6312
-5.59628
-5.54073
-5.46869
-5.37753
-5.29128
-5.22946
-5.20874
-5.22957
-5.2814
-5.34498
-5.40077
-5.42849
-5.43193
-5.40821
-5.36447
-5.31021
-5.26039
-5.23286
-5.24715
-5.30948
-5.40209
-5.49613
-5.57094
-5.61923
-5.63617
-5.63282
-5.61659
-5.59794
-5.58202
-5.5718
-5.56491
-5.5624
-5.55241
-5.54104
-5.53279
-5.52975
-5.53079
-5.53838
-5.5437
-5.53928
-5.52296
-5.48647
-5.4369
-5.39554
-5.38408
-5.40506
-5.42971
-5.43996
-5.44293
-5.44455
-5.44556
-5.4549
-5.47325
-5.50704
-5.5533
-5.60747
-5.65283
-5.67481
-5.66831
-5.62986
-5.56174
-5.47882
-5.39828
-5.34933
-5.35496
-5.40483
-5.46887
-5.51026
-5.52691
-5.5189
-5.50396
-5.4849
-5.45842
-5.42458
-5.39
-5.37508
-5.40366
-5.47386
-5.55815
-5.6364
-5.69623
-5.7387
-5.75799
-5.75181
-5.72031
-5.67228
-5.62044
-5.58205
-5.57314
-5.58671
-5.61683
-5.6411
-5.65172
-5.63792
-5.60101
-5.55366
-5.50995
-5.48179
-5.45732
-5.43341
-5.40033
-5.35168
-5.3023
-5.26824
-5.26634
-5.29078
-5.32525
-5.34873
-5.35398
-5.34304
-5.32052
-5.30285
-5.29801
-5.3024
-5.30692
-5.30782
-5.31144
-5.32732
-5.36164
-5.42017
-5.48708
-5.55843
-5.61443
-5.65265
-5.67232
-5.67711
-5.67662
-5.67092
-5.66169
-5.64479
-5.61812
-5.58668
-5.55386
-5.52163
-5.49101
-5.46043
-5.44183
-5.43011
-5.43557
-5.45902
-5.49941
-5.5379
-5.56661
-5.57638
-5.56593
-5.54602
-5.51538
-5.4862
-5.45782
-5.4333
-5.40619
-5.38293
-5.36238
-5.36208
-5.38022
-5.41921
-5.47514
-5.52875
-5.5793
-5.61443
-5.63431
-5.64034
-5.63643
-5.62862
-5.62373
-5.62539
-5.62951
-5.62645
-5.61231
-5.58563
-5.54593
-5.49277
-5.42599
-5.35432
-5.29007
-5.2519
-5.23763
-5.25169
-5.28505
-5.32803
-5.36666
-5.39834
-5.42135
-5.43775
-5.44297
-5.43516
-5.41813
-5.38932
-5.35184
-5.30862
-5.26888
-5.24407
-5.24907
-5.28645
-5.35468
-5.43881
-5.52376
-5.59424
-5.63426
-5.64981
-5.64052
-5.61629
-5.58333
-5.54838
-5.52111
-5.50836
-5.51882
-5.54685
-5.58395
-5.61442
-5.63101
-5.62418
-5.58749
-5.53516
-5.48696
-5.4503
-5.43467
-5.44019
-5.4593
-5.48545
-5.51633
-5.55186
-5.58254
-5.60252
-5.60727
-5.58831
-5.54962
-5.48414
-5.40473
-5.3138
-5.2265
-5.16817
-5.15207
-5.18566
-5.25647
-5.3414
-5.41956
-5.47661
-5.51153
-5.53097
-5.54459
-5.55586
-5.56866
-5.57426
-5.56611
-5.54533
-5.51443
-5.48502
-5.47047
-5.47386
-5.49906
-5.53709
-5.57968
-5.61815
-5.65105
-5.66939
-5.68046
-5.68007
-5.66398
-5.63949
-5.60848
-5.57378
-5.53131
-5.48871
-5.46177
-5.46791
-5.49801
-5.52292
-5.52293
-5.50075
-5.46956
-5.43656
-5.40966
-5.39333
-5.40394
-5.44323
-5.49548
-5.53511
-5.55014
-5.53643
-5.50731
-5.47358
-5.44514
-5.43541
-5.44555
-5.47251
-5.51515
-5.56769
-5.61691
-5.64524
-5.64467
-5.61538
-5.56662
-5.5132
-5.46414
-5.43356
-5.42468
-5.42813
-5.4342
-5.43106
-5.40937
-5.37765
-5.35363
-5.35147
-5.3744
-5.42163
-5.47603
-5.53428
-5.60392
-5.68798
-5.7744
-5.8466
-5.8819
-5.87152
-5.81889
-5.73196
-5.62952
-5.53682
-5.46806
-5.42006
-5.38591
-5.36507
-5.37239
-5.4122
-5.46622
-5.51538
-5.54189
-5.5448
-5.53396
-5.51843
-5.50508
-5.50103
-5.50935
-5.52983
-5.55349
-5.56785
-5.57463
-5.56621
-5.54387
-5.51782
-5.49112
-5.46502
-5.43816
-5.41024
-5.38494
-5.36114
-5.34836
-5.35024
-5.35999
-5.37481
-5.3956
-5.42566
-5.46243
-5.49388
-5.51005
-5.49917
-5.45407
-5.39736
-5.35583
-5.34566
-5.35722
-5.37508
-5.38763
-5.3975
-5.42083
-5.45015
-5.48556
-5.51997
-5.55774
-5.59112
-5.60633
-5.59956
-5.57711
-5.54132
-5.50364
-5.4746
-5.46695
-5.48604
-5.53401
-5.60045
-5.66883
-5.72294
-5.7479
-5.74924
-5.72789
-5.68993
-5.63481
-5.5742
-5.50587
-5.43425
-5.37383
-5.34413
-5.37124
-5.44137
-5.50655
-5.53108
-5.51261
-5.47466
-5.4546
-5.4719
-5.51569
-5.57064
-5.6254
-5.66988
-5.69614
-5.70257
-5.68805
-5.65857
-5.60991
-5.55279
-5.49412
-5.45369
-5.44542
-5.46756
-5.5072
-5.55468
-5.58784
-5.60063
-5.58921
-5.55797
-5.50562
-5.43819
-5.3682
-5.30069
-5.25281
-5.22763
-5.2352
-5.26171
-5.29065
-5.31627
-5.33744
-5.36683
-5.40623
-5.45671
-5.51296
-5.56411
-5.60119
-5.61757
-5.608
-5.57069
-5.51372
-5.44775
-5.38296
-5.33988
-5.32679
-5.34269
-5.38322
-5.43906
-5.50659
-5.57763
-5.64875
-5.70975
-5.75308
-5.76924
-5.7472
-5.69005
-5.60549
-5.51208
-5.43061
-5.37967
-5.3525
-5.34236
-5.33611
-5.34037
-5.37511
-5.44249
-5.52982
-5.61346
-5.66655
-5.67571
-5.63825
-5.57411
-5.49369
-5.41118
-5.34758
-5.31319
-5.31554
-5.35292
-5.41717
-5.4982
-5.57378
-5.6367
-5.67306
-5.6821
-5.67169
-5.64718
-5.61138
-5.57926
-5.55275
-5.53098
-5.51234
-5.48542
-5.44984
-5.41398
-5.38341
-5.36278
-5.36185
-5.37842
-5.39788
-5.41058
-5.40279
-5.3809
-5.34914
-5.31627
-5.28831
-5.26344
-5.23899
-5.22224
-5.21606
-5.22503
-5.24309
-5.25973
-5.27533
-5.29835
-5.3349
-5.3816
-5.43914
-5.49662
-5.55481
-5.60363
-5.6385
-5.65948
-5.66708
-5.67554
-5.68611
-5.70217
-5.71511
-5.71686
-5.69944
-5.67147
-5.63897
-5.60924
-5.59254
-5.5863
-5.58939
-5.59026
-5.59092
-5.58475
-5.57263
-5.55737
-5.52738
-5.48695
-5.44339
-5.40196
-5.36953
-5.34687
-5.32926
-5.30815
-5.28487
-5.25606
-5.23561
-5.2266
-5.22771
-5.24035
-5.2722
-5.32134
-5.38093
-5.4445
-5.5042
-5.55599
-5.59339
-5.6078
-5.59488
-5.5542
-5.4984
-5.44375
-5.3995
-5.36812
-5.35398
-5.35332
-5.37058
-5.40052
-5.43723
-5.46901
-5.48195
-5.47719
-5.45809
-5.43659
-5.42714
-5.43792
-5.46942
-5.51427
-5.56573
-5.61685
-5.66412
-5.70459
-5.73201
-5.74451
-5.74724
-5.74248
-5.72537
-5.69693
-5.65407
-5.59332
-5.52801
-5.46067
-5.41046
-5.3754
-5.35279
-5.33119
-5.30833
-5.28745
-5.28008
-5.29314
-5.32743
-5.38174
-5.44261
-5.50117
-5.53477
-5.54089
-5.51224
-5.4638
-5.41072
-5.37906
-5.36714
-5.36169
-5.34899
-5.31578
-5.2633
-5.20057
-5.14538
-5.11905
-5.13253
-5.17667
-5.24151
-5.31235
-5.37857
-5.43401
-5.46885
-5.48542
-5.48232
-5.46899
-5.45568
-5.44516
-5.43806
-5.43907
-5.44361
-5.45927
-5.49652
-5.55456
-5.61967
-5.66927
-5.69425
-5.68387
-5.64811
-5.60112
-5.56196
-5.54403
-5.55428
-5.58871
-5.6377
-5.68889
-5.73205
-5.75259
-5.74668
-5.70684
-5.63112
-5.52768
-5.41217
-5.30716
-5.22845
-5.18822
-5.1844
-5.20242
-5.22599
-5.24392
-5.25838
-5.28308
-5.3387
-5.42975
-5.52991
-5.60079
-5.62729
-5.61034
-5.55803
-5.49572
-5.44247
-5.41645
-5.41169
-5.41974
-5.42969
-5.44252
-5.46083
-5.4803
-5.50791
-5.53124
-5.54391
-5.54384
-5.5409
-5.53944
-5.54798
-5.56567
-5.58831
-5.60523
-5.60557
-5.58825
-5.55406
-5.5019
-5.44237
-5.38993
-5.35542
-5.34959
-5.37181
-5.41398
-5.46146
-5.50085
-5.52261
-5.52954
-5.51913
-5.50234
-5.47996
-5.45714
-5.44477
-5.44431
-5.45119
-5.46089
-5.46639
-5.46412
-5.46098
-5.46269
-5.466
-5.45913
-5.43695
-5.39766
-5.3435
-5.28104
-5.21872
-5.16432
-5.12134
-5.0974
-5.09836
-5.15203
-5.26128
-5.39113
-5.50141
-5.57945
-5.62552
-5.64796
-5.64871
-5.62947
-5.593
-5.54394
-5.49696
-5.465
-5.46019
-5.48142
-5.52012
-5.56442
-5.60234
-5.62877
-5.63824
-5.63523
-5.62188
-5.60222
-5.57783
-5.55081
-5.52328
-5.48794
-5.4477
-5.40832
-5.38413
-5.37783
-5.38479
-5.3968
-5.40699
-5.41324
-5.40539
-5.3967
-5.39836
-5.41362
-5.44354
-5.47785
-5.50662
-5.52115
-5.52643
-5.51933
-5.50493
-5.4845
-5.46657
-5.45055
-5.44374
-5.4443
-5.44421
-5.44579
-5.44231
-5.43784
-5.43006
-5.42123
-5.41146
-5.40383
-5.4007
-5.40144
-5.41694
-5.44666
-5.48907
-5.5408
-5.59311
-5.63607
-5.67105
-5.69106
-5.69275
-5.67265
-5.64013
-5.60193
-5.56357
-5.5203
-5.47633
-5.43419
-5.39794
-5.37653
-5.37108
-5.38199
-5.40253
-5.42411
-5.44307
-5.45452
-5.45305
-5.43422
-5.38905
-5.32423
-5.25436
-5.19161
-5.15817
-5.16414
-5.20797
-5.28194
-5.37781
-5.47714
-5.56906
-5.645
-5.69774
-5.72592
-5.72654
-5.69765
-5.64851
-5.59221
-5.53679
-5.48425
-5.43347
-5.37462
-5.30975
-5.25059
-5.21266
-5.21736
-5.25679
-5.3271
-5.41832
-5.50792
-5.58912
-5.64204
-5.66197
-5.66519
-5.65339
-5.64193
-5.62403
-5.59543
-5.55549
-5.50877
-5.4606
-5.42145
-5.39694
-5.39064
-5.40032
-5.41908
-5.44794
-5.50075
-5.57325
-5.66152
-5.75666
-5.84426
-5.91496
-5.96167
-5.98312
-5.98433
-5.96699
-5.93835
-5.90831
-5.88203
-5.86642
-5.86776
-5.88075
-5.89841
-5.91908
-5.93406
-5.94227
-5.9464
-5.94772
-5.948
-5.9564
-5.97167
-5.99217
-6.00919
-6.0151
-6.00936
-5.98607
-5.94714
-5.89745
-5.83582
-5.77049
-5.70996
-5.65543
-5.61164
-5.57955
-5.56277
-5.5654
-5.60112
-5.66535
-5.74782
-5.82611
-5.88415
-5.91125
-5.90142
-5.86837
-5.82616
-5.7893
-5.76451
-5.75881
-5.76788
-5.79257
-5.81851
-5.84345
-5.85965
-5.86567
-5.86116
-5.8524
-5.84609
-5.84423
-5.84906
-5.85488
-5.85829
-5.85325
-5.83854
-5.81306
-5.77794
-5.74594
-5.7207
-5.71013
-5.71481
-5.73628
-5.77592
-5.82449
-5.87774
-5.92686
-5.96547
-5.98906
-5.99139
-5.97972
-5.9584
-5.93154
-5.90138
-5.86925
-5.84631
-5.83269
-5.83005
-5.83511
-5.84997
-5.86868
-5.89054
-5.91128
-5.93053
-5.94512
-5.94931
-5.93799
-5.91109
-5.8721
-5.82168
-5.76651
-5.70807
-5.65736
-5.6224
-5.61003
-5.62608
-5.65959
-5.69962
-5.73645
-5.76061
-5.76981
-5.77826
-5.79562
-5.82475
-5.86153
-5.8999
-5.93128
-5.95025
-5.95569
-5.949
-5.93356
-5.91254
-5.89254
-5.87128
-5.84856
-5.8217
-5.79892
-5.78358
-5.78375
-5.79837
-5.82985
-5.86644
-5.89672
-5.91538
-5.91119
-5.89357
-5.85835
-5.81837
-5.77018
-5.72899
-5.70105
-5.69026
-5.70577
-5.737
-5.77127
-5.7935
-5.79898
-5.79258
-5.7768
-5.75383
-5.72962
-5.70546
-5.68635
-5.67493
-5.67283
-5.67651
-5.68034
-5.67625
-5.65891
-5.64372
-5.63436
-5.63809
-5.65357
-5.6726
-5.69383
-5.71581
-5.74413
-5.78594
-5.83763
-5.89698
-5.95584
-6.0034
-6.03556
-6.04418
-6.02764
-5.99419
-5.94901
-5.90262
-5.86694
-5.84995
-5.85309
-5.87296
-5.90321
-5.9316
-5.95413
-5.95919
-5.95407
-5.94207
-5.91981
-5.88054
-5.82451
-5.75768
-5.6966
-5.6634
-5.67222
-5.70332
-5.7341
-5.75284
-5.75747
-5.75372
-5.75064
-5.73973
-5.72589
-5.71117
-5.70512
-5.71787
-5.75656
-5.81365
-5.87709
-5.94282
-6.00269
-6.0477
-6.07564
-6.08567
-6.08341
-6.07079
-6.04114
-5.99698
-5.93574
-5.86927
-5.8088
-5.77033
-5.75836
-5.76799
-5.78782
-5.81077
-5.82747
-5.82917
-5.81882
-5.81125
-5.81337
-5.82616
-5.8508
-5.87409
-5.88508
-5.87788
-5.8516
-5.80657
-5.74651
-5.68653
-5.63556
-5.60918
-5.61503
-5.64846
-5.70078
-5.75467
-5.80079
-5.82968
-5.84122
-5.83614
-5.82495
-5.807
-5.78601
-5.76374
-5.74302
-5.73169
-5.72647
-5.72982
-5.73769
-5.75758
-5.78352
-5.80574
-5.817
-5.81828
-5.81738
-5.81131
-5.80264
-5.79138
-5.76928
-5.74155
-5.71772
-5.7075
-5.71593
-5.74563
-5.78275
-5.82156
-5.85599
-5.88949
-5.92325
-5.95997
-5.99285
-6.01919
-6.03028
-6.0288
-6.01623
-6.01116
-6.01886
-6.04071
-6.0605
-6.06619
-6.05099
-6.01306
-5.95818
-5.88972
-5.81521
-5.7418
-5.67695
-5.63227
-5.62105
-5.64574
-5.70081
-5.76766
-5.82299
-5.85789
-5.87122
-5.86698
-5.85328
-5.84067
-5.83502
-5.83228
-5.83004
-5.81781
-5.80054
-5.77656
-5.74813
-5.71766
-5.69412
-5.6767
-5.66496
-5.658
-5.65387
-5.65815
-5.68071
-5.70905
-5.72802
-5.72511
-5.70803
-5.69393
-5.69924
-5.73144
-5.78606
-5.84568
-5.89568
-5.92544
-5.93063
-5.91808
-5.8957
-5.8746
-5.86033
-5.85834
-5.85692
-5.85503
-5.84209
-5.82496
-5.81411
-5.81983
-5.84652
-5.89119
-5.94801
-6.00057
-6.03511
-6.03943
-6.01539
-5.9652
-5.89463
-5.81857
-5.7514
-5.70283
-5.6882
-5.70197
-5.73779
-5.78425
-5.82518
-5.85136
-5.86012
-5.85359
-5.83722
-5.81642
-5.79943
-5.79405
-5.79578
-5.79905
-5.80084
-5.79729
-5.78435
-5.76259
-5.74423
-5.73898
-5.74645
-5.77187
-5.80968
-5.85228
-5.89877
-5.94192
-5.97107
-5.97975
-5.96193
-5.92013
-5.86283
-5.79902
-5.74773
-5.73808
-5.767
-5.82771
-5.89263
-5.94784
-5.9784
-5.98448
-5.96534
-5.92721
-5.87752
-5.82603
-5.78576
-5.76528
-5.76955
-5.79067
-5.81541
-5.82706
-5.82316
-5.80497
-5.77882
-5.75591
-5.7475
-5.75777
-5.7805
-5.80684
-5.8196
-5.81664
-5.80046
-5.77312
-5.74382
-5.72075
-5.71391
-5.72634
-5.74865
-5.77523
-5.80423
-5.83083
-5.8561
-5.88035
-5.90234
-5.91353
-5.90732
-5.8857
-5.84898
-5.79726
-5.7378
-5.68036
-5.6349
-5.60578
-5.59872
-5.61512
-5.65409
-5.70824
-5.77118
-5.84302
-5.9054
-5.95132
-5.96798
-5.95191
-5.91305
-5.8692
-5.8359
-5.82276
-5.82934
-5.84307
-5.87072
-5.9015
-5.9379
-5.97233
-5.99852
-6.01686
-6.0325
-6.05091
-6.07516
-6.09542
-6.11065
-6.11048
-6.07992
-6.02675
-5.94545
-5.8501
-5.75341
-5.66901
-5.60663
-5.5673
-5.55388
-5.56243
-5.58575
-5.61709
-5.65309
-5.69976
-5.74936
-5.79333
-5.82225
-5.83457
-5.83284
-5.82404
-5.82287
-5.83531
-5.86515
-5.90642
-5.95441
-6.00203
-6.04176
-6.06296
-6.06833
-6.04801
-6.00872
-5.95941
-5.90702
-5.85823
-5.81504
-5.76987
-5.73188
-5.70074
-5.68291
-5.68301
-5.69737
-5.71751
-5.74016
-5.75005
-5.75022
-5.73946
-5.72516
-5.70587
-5.69136
-5.68395
-5.68928
-5.71091
-5.74801
-5.80028
-5.85598
-5.91029
-5.95418
-5.98207
-5.99462
-5.98638
-5.96207
-5.9251
-5.88194
-5.83738
-5.79612
-5.75854
-5.72423
-5.70616
-5.70822
-5.73587
-5.78175
-5.83349
-5.87928
-5.90749
-5.91364
-5.89687
-5.86921
-5.83993
-5.8156
-5.8078
-5.81367
-5.83675
-5.86648
-5.89574
-5.92056
-5.93463
-5.93561
-5.92702
-5.90599
-5.87712
-5.84275
-5.80999
-5.78277
-5.77108
-5.77553
-5.7957
-5.8242
-5.85625
-5.89045
-5.92656
-5.96021
-5.98588
-5.99761
-5.99034
-5.96936
-5.9426
-5.91305
-5.87962
-5.84616
-5.80987
-5.77319
-5.73776
-5.70875
-5.69543
-5.69152
-5.69454
-5.69946
-5.70424
-5.70959
-5.72146
-5.73992
-5.75477
-5.76189
-5.75757
-5.73471
-5.69315
-5.63964
-5.583
-5.52345
-5.47679
-5.45174
-5.45983
-5.49836
-5.55435
-5.61957
-5.68784
-5.75511
-5.82382
-5.88429
-5.93164
-5.96245
-5.97433
-5.97285
-5.95812
-5.92925
-5.89608
-5.8594
-5.83217
-5.81884
-5.82087
-5.8355
-5.86443
-5.90436
-5.95194
-5.99767
-6.03557
-6.06237
-6.07345
-6.05989
-6.03391
-5.99208
-5.93613
-5.86709
-5.78648
-5.70889
-5.6527
-5.62176
-5.62124
-5.65239
-5.70932
-5.77821
-5.84356
-5.89157
-5.91647
-5.90984
-5.87866
-5.83362
-5.78266
-5.73231
-5.69913
-5.68027
-5.67904
-5.68601
-5.70488
-5.73735
-5.77808
-5.81555
-5.84304
-5.86121
-5.86133
-5.84573
-5.81191
-5.77316
-5.73618
-5.70435
-5.68291
-5.67353
-5.6846
-5.71411
-5.76267
-5.81962
-5.87085
-5.90483
-5.91952
-5.92257
-5.91317
-5.90453
-5.89933
-5.8902
-5.87359
-5.85304
-5.82258
-5.78443
-5.75099
-5.7345
-5.73382
-5.7495
-5.77444
-5.79327
-5.80349
-5.8108
-5.81326
-5.8136
-5.81241
-5.80934
-5.80341
-5.79192
-5.78123
-5.77464
-5.76809
-5.77214
-5.78278
-5.79407
-5.8045
-5.81594
-5.82974
-5.85691
-5.88922
-5.9199
-5.93667
-5.93101
-5.89981
-5.85316
-5.80132
-5.75544
-5.72814
-5.72392
-5.73681
-5.76398
-5.792
-5.82033
-5.84209
-5.84943
-5.84012
-5.81843
-5.78844
-5.76168
-5.74203
-5.74066
-5.74923
-5.77071
-5.79468
-5.82005
-5.8427
-5.86592
-5.88418
-5.89983
-5.9158
-5.92499
-5.92946
-5.93447
-5.94072
-5.95248
-5.97163
-5.99186
-6.00855
-6.01242
-6.00191
-5.97434
-5.93283
-5.87595
-5.80956
-5.73652
-5.66507
-5.6026
-5.5579
-5.54007
-5.54554
-5.5815
-5.63401
-5.69037
-5.74226
-5.78456
-5.81679
-5.84912
-5.87413
-5.89049
-5.89707
-5.8845
-5.85705
-5.81758
-5.77453
-5.74548
-5.73631
-5.74717
-5.76905
-5.78811
-5.80363
-5.80854
-5.81463
-5.82565
-5.83643
-5.84947
-5.85725
-5.8566
-5.84673
-5.8288
-5.80593
-5.78374
-5.76729
-5.76829
-5.78854
-5.82515
-5.86509
-5.90312
-5.92655
-5.94269
-5.94998
-5.95042
-5.94301
-5.93918
-5.93751
-5.93811
-5.93901
-5.94312
-5.95636
-5.97692
-6.00277
-6.02958
-6.0521
-6.07068
-6.08071
-6.07026
-6.04548
-5.99417
-5.92925
-5.85605
-5.78587
-5.72625
-5.681
-5.64827
-5.62566
-5.61042
-5.59975
-5.60071
-5.61248
-5.63341
-5.66213
-5.69767
-5.72976
-5.76075
-5.78486
-5.79522
-5.79402
-5.77285
-5.74108
-5.70609
-5.6781
-5.66576
-5.67178
-5.69378
-5.71987
-5.74737
-5.76798
-5.78671
-5.8067
-5.8362
-5.8716
-5.91351
-5.94819
-5.96987
-5.96871
-5.94891
-5.91726
-5.87965
-5.84413
-5.82188
-5.81518
-5.819
-5.82609
-5.83309
-5.84264
-5.86801
-5.9018
-5.93638
-5.95088
-5.94338
-5.91895
-5.89304
-5.88023
-5.88192
-5.89141
-5.89464
-5.89804
-5.89832
-5.89609
-5.89138
-5.884
-5.87511
-5.85843
-5.83657
-5.80244
-5.76782
-5.73997
-5.72759
-5.72542
-5.73014
-5.73262
-5.73981
-5.74797
-5.76113
-5.77474
-5.7896
-5.7962
-5.79083
-5.7834
-5.77657
-5.7685
-5.76643
-5.76616
-5.7623
-5.7508
-5.74001
-5.73525
-5.73756
-5.74882
-5.76599
-5.78126
-5.79543
-5.79755
-5.79113
-5.78088
-5.76891
-5.76243
-5.75897
-5.76037
-5.76365
-5.76511
-5.768
-5.77324
-5.78181
-5.78889
-5.79269
-5.78921
-5.78324
-5.77996
-5.77712
-5.782
-5.78985
-5.80164
-5.80996
-5.80415
-5.78814
-5.76195
-5.73324
-5.70986
-5.70581
-5.7243
-5.76224
-5.81377
-5.86203
-5.90484
-5.93351
-5.95588
-5.97336
-5.99065
-6.00262
-6.00679
-5.99798
-5.97725
-5.94743
-5.91284
-5.87786
-5.84197
-5.80501
-5.77457
-5.74755
-5.7342
-5.72792
-5.7264
-5.72618
-5.72649
-5.73211
-5.7514
-5.77849
-5.81219
-5.84647
-5.87051
-5.88243
-5.88336
-5.87662
-5.86426
-5.85298
-5.84233
-5.83746
-5.83861
-5.84598
-5.8488
-5.84628
-5.83695
-5.83155
-5.82906
-5.83373
-5.8424
-5.85109
-5.85295
-5.84689
-5.8315
-5.80956
-5.78395
-5.76785
-5.75655
-5.75478
-5.75967
-5.76409
-5.7704
-5.78195
-5.80089
-5.82907
-5.86185
-5.89325
-5.91993
-5.94412
-5.96836
-5.98588
-5.99931
-6.00686
-6.01403
-6.01951
-6.02896
-6.03474
-6.03324
-6.02095
-5.99716
-5.96426
-5.92366
-5.88296
-5.84316
-5.81022
-5.78695
-5.77274
-5.77138
-5.77988
-5.79331
-5.80285
-5.80517
-5.80068
-5.78945
-5.78438
-5.79494
-5.82414
-5.86665
-5.91424
-5.96286
-6.0058
-6.03602
-6.04701
-6.04384
-6.02976
-6.00961
-5.98577
-5.96422
-5.94606
-5.93449
-5.92788
-5.93135
-5.94964
-5.98326
-6.02309
-6.06032
-6.08499
-6.10764
-6.12675
-6.15178
-6.17396
-6.18759
-6.18799
-6.17461
-6.15103
-6.11878
-6.08317
-6.03872
-5.98597
-5.92809
-5.87481
-5.83212
-5.80545
-5.79901
-5.80548
-5.81467
-5.82157
-5.81585
-5.80099
-5.77799
-5.75804
-5.74084
-5.73235
-5.72402
-5.71747
-5.707
-5.69963
-5.70651
-5.72663
-5.75563
-5.78419
-5.8122
-5.84027
-5.87062
-5.89796
-5.92276
-5.93765
-5.94197
-5.93992
-5.93682
-5.94138
-5.95496
-5.97882
-6.00391
-6.0213
-6.02938
-6.02793
-6.02166
-6.01204
-6.0043
-5.99555
-5.98141
-5.96994
-5.96424
-5.96313
-5.97028
-5.97152
-5.96839
-5.95284
-5.93875
-5.9245
-5.91113
-5.89906
-5.88565
-5.8697
-5.85369
-5.84208
-5.84369
-5.85766
-5.88043
-5.89507
-5.89529
-5.88245
-5.86346
-5.84811
-5.8468
-5.85959
-5.88092
-5.91065
-5.94111
-5.97748
-6.01734
-6.0591
-6.0959
-6.13267
-6.1548
-6.15975
-6.14102
-6.1036
-6.04737
-5.97544
-5.89705
-5.81814
-5.74438
-5.68305
-5.63427
-5.59967
-5.58326
-5.58724
-5.61819
-5.67035
-5.72759
-5.7824
-5.83222
-5.87352
-5.91105
-5.95217
-5.99692
-6.0399
-6.07455
-6.09582
-6.10028
-6.08466
-6.05491
-6.02012
-5.98971
-5.97411
-5.97578
-5.99509
-6.02507
-6.05807
-6.08324
-6.0948
-6.08932
-6.06784
-6.03169
-5.99098
-5.94476
-5.89443
-5.84787
-5.81415
-5.79417
-5.79233
-5.80445
-5.82132
-5.83674
-5.84714
-5.85449
-5.85715
-5.85632
-5.85467
-5.85787
-5.86605
-5.88891
-5.92609
-5.97751
-6.03182
-6.0728
-6.09403
-6.09024
-6.07071
-6.04237
-6.01594
-6.00281
-5.99622
-5.98711
-5.96841
-5.93686
-5.90027
-5.86916
-5.84943
-5.8361
-5.82761
-5.82115
-5.80537
-5.77825
-5.74822
-5.71926
-5.69494
-5.68146
-5.69101
-5.73016
-5.80028
-5.88344
-5.96
-6.00989
-6.03523
-6.03819
-6.01411
-5.98219
-5.93901
-5.90321
-5.88601
-5.8929
-5.91371
-5.9437
-5.97257
-5.98839
-5.99319
-5.98534
-5.97042
-5.95186
-5.93392
-5.91825
-5.91012
-5.90892
-5.91237
-5.91878
-5.91917
-5.91566
-5.90425
-5.89275
-5.88262
-5.87162
-5.86175
-5.85589
-5.86107
-5.87811
-5.90347
-5.9347
-5.96364
-5.97924
-5.98803
-5.98175
-5.97074
-5.95379
-5.94097
-5.94188
-5.95936
-5.98999
-6.02738
-6.06414
-6.09404
-6.11317
-6.12023
-6.11283
-6.09442
-6.06774
-6.03279
-5.99458
-5.94814
-5.89854
-5.8428
-5.78272
-5.72758
-5.6877
-5.67108
-5.68019
-5.70809
-5.7464
-5.77561
-5.79251
-5.7889
-5.77672
-5.76131
-5.75056
-5.7451
-5.74235
-5.7405
-5.74112
-5.74721
-5.76776
-5.80328
-5.85067
-5.90012
-5.94059
-5.97102
-5.9846
-5.98539
-5.98692
-5.99955
-6.01864
-6.04017
-6.06309
-6.07672
-6.08129
-6.0826
-6.07246
-6.05875
-6.03938
-6.01744
-5.99229
-5.96928
-5.94887
-5.93522
-5.92891
-5.93185
-5.94308
-5.95339
-5.95678
-5.94879
-5.9318
-5.91004
-5.8875
-5.87212
-5.86194
-5.84635
-5.82974
-5.80981
-5.79926
-5.79755
-5.81042
-5.83565
-5.86342
-5.89186
-5.91224
-5.92717
-5.93359
-5.93128
-5.92687
-5.91226
-5.89432
-5.87732
-5.87497
-5.89763
-5.95
-6.03313
-6.12902
-6.22086
-6.28596
-6.30648
-6.27279
-6.18959
-6.07531
-5.95257
-5.84588
-5.7735
-5.7372
-5.72487
-5.73512
-5.76075
-5.80191
-5.8486
-5.89397
-5.93473
-5.96981
-5.99091
-5.98886
-5.9638
-5.91978
-5.86512
-5.81873
-5.79112
-5.78782
-5.80903
-5.84963
-5.90117
-5.9541
-6.00713
-6.05592
-6.09165
-6.1115
-6.11172
-6.09474
-6.06529
-6.02728
-5.98569
-5.94378
-5.90772
-5.8792
-5.85988
-5.84923
-5.84644
-5.84974
-5.86176
-5.88251
-5.91238
-5.94703
-5.97313
-5.98701
-5.98065
-5.95897
-5.91918
-5.87045
-5.81996
-5.77727
-5.74873
-5.74021
-5.75063
-5.7778
-5.81208
-5.84588
-5.8726
-5.88852
-5.89669
-5.90244
-5.90735
-5.91571
-5.92045
-5.91132
-5.88511
-5.8447
-5.80218
-5.78336
-5.79704
-5.83808
-5.88892
-5.92343
-5.94057
-5.94726
-5.94453
-5.93485
-5.93287
-5.9417
-5.96281
-5.99786
-6.0412
-6.08252
-6.11018
-6.121
-6.10725
-6.06944
-6.02078
-5.97028
-5.93175
-5.91558
-5.91858
-5.94513
-5.98155
-6.01408
-6.03765
-6.05171
-6.05395
-6.04715
-6.03503
-6.0174
-5.99345
-5.96552
-5.93968
-5.92272
-5.91689
-5.92538
-5.94052
-5.95848
-5.97856
-5.99798
-6.01389
-6.02887
-6.0377
-6.0343
-6.01676
-5.98123
-5.92593
-5.87175
-5.82662
-5.79544
-5.7821
-5.78132
-5.78872
-5.79774
-5.80204
-5.79626
-5.78077
-5.75488
-5.72797
-5.70878
-5.69934
-5.69835
-5.70527
-5.72069
-5.74316
-5.77496
-5.81607
-5.86021
-5.90474
-5.94564
-5.97951
-5.99602
-6.00061
-5.99049
-5.97227
-5.94486
-5.90979
-5.87827
-5.86061
-5.8569
-5.86676
-5.88767
-5.90733
-5.92841
-5.94626
-5.96075
-5.97554
-5.98553
-5.99394
-6.00107
-6.00791
-6.01833
-6.03077
-6.04276
-6.0501
-6.04715
-6.03196
-6.00701
-5.97243
-5.92659
-5.87862
-5.8417
-5.82444
-5.83525
-5.87315
-5.92968
-5.99299
-6.04881
-6.08599
-6.10257
-6.09639
-6.07061
-6.03363
-5.98856
-5.93617
-5.88126
-5.82392
-5.77014
-5.7292
-5.71307
-5.72164
-5.7518
-5.7878
-5.82333
-5.84385
-5.84801
-5.84275
-5.84381
-5.85648
-5.88448
-5.9258
-5.97426
-6.02657
-6.07139
-6.099
-6.10821
-6.09051
-6.04736
-5.98348
-5.9058
-5.82481
-5.74654
-5.6781
-5.63348
-5.62237
-5.65267
-5.72434
-5.82809
-5.94616
-6.05467
-6.14114
-6.19491
-6.21389
-6.19723
-6.15582
-6.09924
-6.04605
-6.00263
-5.98472
-5.98652
-5.99954
-6.00481
-5.99117
-5.95464
-5.90066
-5.84814
-5.82169
-5.82838
-5.86153
-5.90665
-5.9503
-5.98781
-6.01124
-6.01314
-5.99534
-5.94968
-5.88049
-5.79541
-5.7081
-5.63559
-5.60298
-5.61676
-5.66967
-5.74593
-5.82702
-5.89667
-5.94559
-5.97847
-5.99094
-5.99348
-5.98993
-5.98815
-5.9907
-5.99837
-6.0006
-5.99458
-5.97465
-5.95112
-5.92012
-5.89027
-5.87487
-5.88178
-5.91222
-5.96571
-6.0252
-6.07736
-6.11821
-6.13772
-6.14246
-6.1337
-6.10786
-6.06828
-6.01356
-5.95661
-5.90966
-5.8955
-5.90697
-5.92421
-5.93144
-5.921
-5.89503
-5.86062
-5.83265
-5.81532
-5.81164
-5.82032
-5.83637
-5.85592
-5.87827
-5.89973
-5.91868
-5.92447
-5.91066
-5.87463
-5.82894
-5.79171
-5.78558
-5.81375
-5.87161
-5.94047
-6.00714
-6.06432
-6.10068
-6.11404
-6.1034
-6.07036
-6.02767
-5.97847
-5.94136
-5.91296
-5.89189
-5.87749
-5.86916
-5.85926
-5.84884
-5.83237
-5.82435
-5.82328
-5.83966
-5.8746
-5.92713
-5.98806
-6.04746
-6.09096
-6.11191
-6.09681
-6.05595
-5.99517
-5.92371
-5.8534
-5.79602
-5.74783
-5.71347
-5.6973
-5.70324
-5.72678
-5.76125
-5.79551
-5.824
-5.84071
-5.85198
-5.85235
-5.84304
-5.82877
-5.81446
-5.80243
-5.80065
-5.81797
-5.84923
-5.89241
-5.93409
-5.95965
-5.9604
-5.94112
-5.91026
-5.88463
-5.86981
-5.87824
-5.89984
-5.9281
-5.95297
-5.96687
-5.97093
-5.96145
-5.94373
-5.921
-5.89491
-5.8712
-5.84529
-5.82607
-5.81506
-5.81592
-5.83142
-5.85194
-5.875
-5.89741
-5.91864
-5.94438
-5.97223
-6.00524
-6.04167
-6.07864
-6.11432
-6.13848
-6.1462
-6.13161
-6.10258
-6.0577
-6.00749
-5.95618
-5.91025
-5.87237
-5.83899
-5.81599
-5.81336
-5.83758
-5.8799
-5.92892
-5.9673
-5.99605
-6.00741
-6.01325
-6.01395
-6.00997
-6.00132
-5.98721
-5.97049
-5.95422
-5.93291
-5.9101
-5.88603
-5.86338
-5.84367
-5.83051
-5.83038
-5.8408
-5.85718
-5.87982
-5.90243
-5.92036
-5.92595
-5.92001
-5.90502
-5.88073
-5.84929
-5.8164
-5.78438
-5.75665
-5.73777
-5.73624
-5.75413
-5.7867
-5.83266
-5.88697
-5.94782
-6.00564
-6.05766
-6.09485
-6.11052
-6.10436
-6.07111
-6.01827
-5.95725
-5.90174
-5.85944
-5.8399
-5.83654
-5.85362
-5.87778
-5.90933
-5.9345
-5.946
-5.94119
-5.91849
-5.88016
-5.83436
-5.78746
-5.75944
-5.75708
-5.7854
-5.83837
-5.90613
-5.97865
-6.04236
-6.09092
-6.12017
-6.13247
-6.13039
-6.11746
-6.09635
-6.06841
-6.03517
-6.00563
-5.97848
-5.96211
-5.96575
-5.9818
-6.00191
-6.01328
-6.01396
-6.00881
-6.00019
-5.98801
-5.97968
-5.97182
-5.9763
-5.98887
-6.00822
-6.02616
-6.03059
-6.01745
-5.98241
-5.92923
-5.87271
-5.81761
-5.77883
-5.76989
-5.78693
-5.83429
-5.89882
-5.9657
-6.02347
-6.05403
-6.05285
-6.01274
-5.9451
-5.85733
-5.76949
-5.70001
-5.65627
-5.64582
-5.66436
-5.70159
-5.74726
-5.7923
-5.83201
-5.86357
-5.88988
-5.91402
-5.93996
-5.96261
-5.9813
-5.99282
-5.997
-5.98662
-5.96759
-5.94321
-5.92373
-5.91469
-5.91874
-5.93414
-5.95736
-5.97742
-5.98976
-5.99525
-5.99041
-5.97709
-5.96387
-5.95472
-5.94861
-5.94693
-5.94788
-5.95375
-5.95621
-5.95016
-5.92999
-5.90389
-5.87364
-5.85218
-5.84133
-5.84614
-5.86206
-5.8814
-5.90242
-5.91447
-5.9202
-5.91409
-5.89442
-5.86318
-5.82328
-5.7863
-5.75775
-5.74815
-5.76801
-5.80454
-5.85228
-5.90489
-5.95061
-5.99085
-6.02664
-6.05865
-6.09132
-6.1225
-6.1505
-6.1704
-6.17644
-6.16209
-6.13281
-6.0909
-6.03568
-5.98055
-5.92696
-5.88199
-5.84879
-5.82455
-5.81542
-5.81998
-5.83974
-5.87201
-5.91567
-5.95799
-5.98814
-6.00691
-6.00982
-5.99473
-5.96446
-5.92297
-5.87211
-5.81679
-5.77094
-5.73945
-5.7345
-5.7608
-5.80461
-5.8561
-5.90529
-5.94098
-5.96043
-5.96527
-5.96115
-5.95359
-5.95148
-5.95828
-5.96823
-5.97676
-5.97822
-5.97405
-5.96418
-5.95773
-5.95191
-5.95288
-5.95549
-5.95739
-5.95513
-5.94823
-5.93745
-5.92537
-5.91445
-5.90593
-5.89765
-5.88644
-5.87145
-5.8515
-5.82672
-5.8024
-5.78947
-5.79184
-5.80438
-5.82566
-5.847
-5.86845
-5.89061
-5.91885
-5.95669
-6.00265
-6.04576
-6.08084
-6.10135
-6.10733
-6.09621
-6.07528
-6.05047
-6.02456
-6.00363
-5.98588
-5.96838
-5.95094
-5.9266
-5.89473
-5.8585
-5.82813
-5.81346
-5.81594
-5.83316
-5.85751
-5.87767
-5.89021
-5.90028
-5.90215
-5.90271
-5.89592
-5.89
-5.87565
-5.86245
-5.84727
-5.82838
-5.80414
-5.77739
-5.74801
-5.72391
-5.70848
-5.70728
-5.72379
-5.75311
-5.7832
-5.80919
-5.82142
-5.82276
-5.8293
-5.85308
-5.89598
-5.94508
-5.98543
-6.01919
-6.04488
-6.06681
-6.07845
-6.08128
-6.07673
-6.06096
-6.04125
-6.03239
-6.03216
-6.04335
-6.05956
-6.07329
-6.07589
-6.06674
-6.04668
-6.01901
-5.99621
-5.98378
-5.97787
-5.9812
-5.98669
-5.98658
-5.97806
-5.9584
-5.93151
-5.90672
-5.88022
-5.85251
-5.82715
-5.80424
-5.79789
-5.80711
-5.82553
-5.84745
-5.86691
-5.88035
-5.88567
-5.88203
-5.86962
-5.85036
-5.82466
-5.79992
-5.78407
-5.78653
-5.80767
-5.83975
-5.87799
-5.91149
-5.93699
-5.95461
-5.96901
-5.99065
-6.01864
-6.05515
-6.08851
-6.11205
-6.11697
-6.10465
-6.07986
-6.05143
-6.02577
-6.0024
-5.97761
-5.94947
-5.92056
-5.89174
-5.86698
-5.85409
-5.85212
-5.85353
-5.85371
-5.84708
-5.8319
-5.81266
-5.79925
-5.79704
-5.80874
-5.82986
-5.85814
-5.88645
-5.91062
-5.92935
-5.94353
-5.94763
-5.95
-5.94949
-5.95037
-5.95774
-5.96774
-5.97797
-5.98381
-5.98553
-5.98494
-5.98511
-5.98605
-5.99039
-5.98676
-5.9784
-5.96597
-5.96053
-5.96711
-5.98011
-5.99079
-5.99123
-5.97459
-5.94293
-5.90217
-5.85875
-5.81275
-5.77377
-5.74058
-5.72059
-5.71978
-5.73665
-5.77163
-5.82074
-5.8743
-5.92789
-5.97294
-6.00409
-6.01271
-5.99849
-5.96465
-5.91791
-5.86559
-5.81761
-5.77678
-5.74685
-5.73107
-5.73222
-5.74386
-5.77206
-5.81575
-5.86396
-5.92099
-5.97703
-6.02966
-6.07687
-6.11109
-6.1328
-6.14063
-6.13121
-6.10118
-6.05654
-5.99775
-5.93429
-5.87678
-5.82361
-5.77947
-5.74917
-5.73374
-5.73178
-5.74297
-5.75796
-5.77873
-5.79329
-5.81329
-5.83793
-5.86044
-5.87366
-5.88137
-5.88245
-5.88369
-5.88725
-5.89597
-5.90632
-5.91805
-5.92517
-5.93121
-5.93304
-5.93471
-5.93419
-5.93671
-5.93632
-5.92962
-5.91506
-5.88833
-5.85652
-5.82385
-5.789
-5.76015
-5.7451
-5.75075
-5.77447
-5.81346
-5.86329
-5.91387
-5.96972
-6.01632
-6.05842
-6.08157
-6.07849
-6.04729
-5.99423
-5.92746
-5.87135
-5.83475
-5.82877
-5.84802
-5.88216
-5.92439
-5.9635
-5.99577
-6.01565
-6.02784
-6.03253
-6.03997
-6.04769
-6.06154
-6.06939
-6.06881
-6.04998
-6.00905
-5.95529
-5.90129
-5.86081
-5.84456
-5.85881
-5.89164
-5.93388
-5.97507
-6.00242
-6.01227
-6.00216
-5.97472
-5.93787
-5.89661
-5.8593
-5.83397
-5.82027
-5.81748
-5.82271
-5.82944
-5.83767
-5.85121
-5.87155
-5.89884
-5.93034
-5.95512
-5.96421
-5.95901
-5.93702
-5.89987
-5.8503
-5.80152
-5.75994
-5.72815
-5.72236
-5.73115
-5.76007
-5.795
-5.83529
-5.8681
-5.88941
-5.89939
-5.89948
-5.89486
-5.8893
-5.88533
-5.88231
-5.87885
-5.87647
-5.87811
-5.88593
-5.89948
-5.92684
-5.9627
-6.00031
-6.0358
-6.05792
-6.06072
-6.04416
-6.01028
-5.9598
-5.90123
-5.84287
-5.79521
-5.76147
-5.75177
-5.76526
-5.80111
-5.85396
-5.91614
-5.97956
-6.03385
-6.07466
-6.10026
-6.10493
-6.0916
-6.06345
-6.02874
-5.9867
-5.94497
-5.89765
-5.84715
-5.79629
-5.75015
-5.71399
-5.69541
-5.70708
-5.75053
-5.81244
-5.88318
-5.9454
-5.9911
-6.01196
-6.00888
-5.98685
-5.94978
-5.90314
-5.85848
-5.82752
-5.82193
-5.84829
-5.8956
-5.95716
-6.02623
-6.09828
-6.16301
-6.21123
-6.23859
-6.23849
-6.2126
-6.167
-6.10614
-6.03789
-5.96678
-5.89615
-5.8234
-5.76205
-5.71661
-5.69259
-5.69688
-5.7202
-5.75427
-5.79411
-5.83863
-5.88102
-5.92386
-5.9556
-5.97354
-5.97506
-5.96063
-5.93912
-5.91845
-5.90608
-5.90256
-5.90729
-5.91493
-5.9148
-5.90917
-5.8969
-5.88287
-5.86673
-5.85839
-5.85748
-5.86584
-5.87363
-5.87714
-5.87192
-5.8491
-5.8092
-5.75205
-5.69152
-5.63701
-5.60876
-5.61658
-5.65794
-5.72497
-5.79636
-5.86027
-5.91347
-5.94984
-5.97305
-5.98468
-5.98949
-5.99529
-5.99999
-6.00177
-6.00086
-6.00094
-6.00147
-6.00828
-6.01615
-6.02054
-6.01928
-6.02257
-6.0318
-6.04849
-6.07588
-6.10161
-6.11684
-6.11218
-6.08663
-6.04031
-5.98425
-5.92117
-5.85917
-5.80745
-5.76422
-5.73343
-5.71353
-5.70382
-5.70661
-5.71783
-5.7408
-5.77085
-5.80722
-5.84574
-5.87734
-5.90004
-5.90924
-5.90323
-5.88682
-5.87065
-5.86857
-5.88701
-5.928
-5.98042
-6.0287
-6.06349
-6.0824
-6.09208
-6.10287
-6.11034
-6.10632
-6.0782
-6.03302
-5.97612
-5.92154
-5.86983
-5.82614
-5.7962
-5.77908
-5.7741
-5.78414
-5.80435
-5.83753
-5.87771
-5.92174
-5.95956
-5.98426
-5.99853
-5.99774
-5.98418
-5.96205
-5.93999
-5.91898
-5.90362
-5.8931
-5.88564
-5.88555
-5.89073
-5.89642
-5.89452
-5.88647
-5.86926
-5.8525
-5.84361
-5.84239
-5.84975
-5.86556
-5.88642
-5.90755
-5.92576
-5.94077
-5.95312
-5.96253
-5.97002
-5.97382
-5.97701
-5.97665
-5.97227
-5.96959
-5.96889
-5.96898
-5.96982
-5.97254
-5.97428
-5.96865
-5.95188
-5.92194
-5.88416
-5.84469
-5.81609
-5.80612
-5.82279
-5.86067
-5.90342
-5.94601
-5.97331
-5.9874
-5.98585
-5.97081
-5.94746
-5.92139
-5.90196
-5.88925
-5.88777
-5.88756
-5.88995
-5.88802
-5.8829
-5.87537
-5.86373
-5.84583
-5.82776
-5.80408
-5.78038
-5.76223
-5.7547
-5.76397
-5.79407
-5.83802
-5.88916
-5.93888
-5.97668
-6.00282
-6.01186
-6.0058
-5.98074
-5.94926
-5.9101
-5.87768
-5.85734
-5.85619
-5.86639
-5.88922
-5.91648
-5.94969
-5.98169
-6.00876
-6.03571
-6.05312
-6.06287
-6.06457
-6.05404
-6.03166
-6.00034
-5.96555
-5.92766
-5.88628
-5.84648
-5.81352
-5.803
-5.81701
-5.86055
-5.92405
-5.99161
-6.0473
-6.07754
-6.07474
-6.03814
-5.96943
-5.88172
-5.78884
-5.70801
-5.65112
-5.62086
-5.62337
-5.65082
-5.70153
-5.76219
-5.82793
-5.89201
-5.94762
-5.98864
-6.013
-6.02297
-6.02061
-6.00389
-5.97692
-5.94356
-5.90775
-5.88023
-5.85871
-5.84975
-5.85364
-5.87356
-5.90583
-5.94908
-5.99072
-6.02512
-6.0463
-6.04821
-6.03042
-5.99971
-5.95372
-5.90492
-5.86235
-5.83103
-5.81568
-5.8109
-5.81642
-5.82806
-5.84589
-5.86486
-5.88735
-5.9107
-5.93427
-5.94882
-5.9532
-5.94759
-5.93259
-5.91418
-5.89465
-5.88408
-5.87497
-5.87851
-5.8921
-5.91718
-5.94932
-5.97795
-5.99784
-6.00515
-6.00053
-5.98761
-5.96721
-5.94588
-5.92446
-5.90625
-5.89741
-5.89746
-5.9037
-5.91242
-5.92283
-5.93129
-5.94223
-5.9524
-5.96347
-5.96816
-5.96303
-5.9437
-5.91102
-5.86853
-5.81915
-5.76621
-5.71642
-5.67579
-5.65378
-5.6522
-5.68031
-5.72495
-5.77383
-5.81883
-5.85114
-5.87177
-5.88155
-5.8869
-5.89386
-5.90735
-5.92374
-5.9405
-5.95151
-5.95248
-5.93896
-5.92403
-5.90358
-5.88813
-5.87451
-5.87132
-5.88304
-5.91324
-5.95057
-5.97777
-5.99033
-5.98597
-5.96554
-5.94217
-5.91828
-5.90012
-5.88826
-5.88298
-5.88978
-5.91337
-5.94581
-5.97852
-6.00013
-6.01072
-6.00672
-5.99302
-5.98018
-5.96624
-5.9582
-5.95816
-5.96028
-5.96834
-5.97571
-5.98322
-5.9876
-5.98855
-5.9838
-5.97725
-5.96792
-5.95191
-5.93551
-5.92246
-5.9178
-5.92956
-5.94573
-5.96398
-5.97675
-5.98337
-5.98058
-5.97226
-5.95255
-5.92677
-5.89443
-5.85908
-5.82815
-5.81028
-5.81065
-5.82371
-5.84515
-5.86542
-5.87253
-5.86099
-5.83794
-5.80405
-5.78117
-5.77431
-5.78798
-5.81743
-5.8583
-5.89265
-5.91318
-5.91744
-5.90283
-5.87736
-5.84582
-5.81695
-5.79449
-5.78561
-5.79057
-5.81119
-5.83898
-5.87349
-5.91168
-5.95124
-5.98795
-6.01552
-6.03783
-6.05983
-6.08082
-6.10351
-6.12236
-6.13209
-6.12407
-6.0958
-6.04938
-5.99142
-5.92721
-5.86187
-5.79917
-5.75155
-5.72732
-5.74073
-5.78746
-5.84841
-5.90603
-5.94609
-5.96513
-5.96826
-5.96274
-5.95315
-5.94608
-5.94659
-5.95627
-5.97619
-6.00046
-6.02509
-6.04932
-6.07217
-6.0862
-6.09542
-6.09462
-6.07872
-6.05091
-6.02148
-5.99653
-5.97877
-5.96711
-5.95717
-5.94237
-5.91593
-5.87765
-5.82718
-5.77175
-5.71435
-5.66156
-5.62511
-5.60318
-5.59787
-5.60791
-5.63136
-5.66734
-5.70793
-5.74968
-5.79062
-5.82985
-5.86983
-5.90434
-5.93921
-5.96608
-5.98874
-6.00552
-6.01432
-6.01772
-6.011
-6.0025
-5.99279
-5.97999
-5.96422
-5.95005
-5.94311
-5.94915
-5.96657
-5.99222
-6.02158
-6.04946
-6.06779
-6.08053
-6.0879
-6.0814
-6.06142
-6.0295
-5.99429
-5.95549
-5.91672
-5.87745
-5.84842
-5.83816
-5.84491
-5.8635
-5.88324
-5.89945
-5.90793
-5.91238
-5.91204
-5.90607
-5.89338
-5.87691
-5.85727
-5.84084
-5.83165
-5.83502
-5.84115
-5.85351
-5.86757
-5.8801
-5.89236
-5.89039
-5.87771
-5.85548
-5.8232
-5.78926
-5.77176
-5.78123
-5.81635
-5.87109
-5.93266
-5.99644
-6.05969
-6.11534
-6.15667
-6.18099
-6.18759
-6.17474
-6.14758
-6.1208
-6.09001
-6.05419
-6.01585
-5.97562
-5.93277
-5.88907
-5.84971
-5.81586
-5.79224
-5.77366
-5.76174
-5.75094
-5.73152
-5.71444
-5.69778
-5.6877
-5.68532
-5.6989
-5.72637
-5.75649
-5.79067
-5.81642
-5.83233
-5.83275
-5.82654
-5.8175
-5.81518
-5.82498
-5.84816
-5.88405
-5.92501
-5.96955
-6.00614
-6.03323
-6.04566
-6.04166
-6.02467
-6.00076
-5.97176
-5.93832
-5.90942
-5.88943
-5.87361
-5.86381
-5.85289
-5.8451
-5.83227
-5.82027
-5.80822
-5.79373
-5.78218
-5.77797
-5.78078
-5.78477
-5.78678
-5.78476
-5.77258
-5.75413
-5.73692
-5.72855
-5.72644
-5.73607
-5.75227
-5.77682
-5.80916
-5.84872
-5.88629
-5.92117
-5.94946
-5.96173
-5.9642
-5.95754
-5.95006
-5.93989
-5.92588
-5.91125
-5.89467
-5.87851
-5.85781
-5.83116
-5.80428
-5.76837
-5.73262
-5.70051
-5.67325
-5.64701
-5.62615
-5.61218
-5.60558
-5.61373
-5.6382
-5.67851
-5.72523
-5.77167
-5.81461
-5.84854
-5.86558
-5.86297
-5.84871
-5.8332
-5.82383
-5.82114
-5.8206
-5.81095
-5.78993
-5.75128
-5.70909
-5.67724
-5.66878
-5.68134
-5.70241
-5.72424
-5.74086
-5.76186
-5.77734
-5.79325
-5.80159
-5.80295
-5.79152
-5.77246
-5.75398
-5.73845
-5.72908
-5.72348
-5.71649
-5.70602
-5.69431
-5.68351
-5.67906
-5.69141
-5.7287
-5.79032
-5.86411
-5.93888
-5.9981
-6.02779
-6.02691
-5.99932
-5.94409
-5.87678
-5.80627
-5.73868
-5.68963
-5.66074
-5.64874
-5.65477
-5.66151
-5.67291
-5.68193
-5.69241
-5.70223
-5.71036
-5.71464
-5.7182
-5.72346
-5.73111
-5.74101
-5.75783
-5.77274
-5.77879
-5.77531
-5.75171
-5.71454
-5.66757
-5.62151
-5.59019
-5.58204
-5.60827
-5.66423
-5.73944
-5.81097
-5.86513
-5.89678
-5.90579
-5.89013
-5.8621
-5.82996
-5.80431
-5.7906
-5.79248
-5.79916
-5.79834
-5.79805
-5.79981
-5.81113
-5.8243
-5.83601
-5.84964
-5.85804
-5.86522
-5.86658
-5.86346
-5.86192
-5.86703
-5.88112
-5.90319
-5.93109
-5.964
-5.98724
-5.99675
-5.98673
-5.9507
-5.89799
-5.83925
-5.78459
-5.74118
-5.70644
-5.6655
-5.61538
-5.56538
-5.52868
-5.5194
-5.54403
-5.59139
-5.64907
-5.70611
-5.74601
-5.77495
-5.7836
-5.7684
-5.73209
-5.68233
-5.63291
-5.59574
-5.57396
-5.56784
-5.57432
-5.58636
-5.60493
-5.62549
-5.6459
-5.66579
-5.68724
-5.71111
-5.73815
-5.76302
-5.79159
-5.82369
-5.85649
-5.89273
-5.93119
-5.96467
-5.98808
-6.00547
-6.00632
-5.99285
-5.96553
-5.92103
-5.86179
-5.79122
-5.72082
-5.65338
-5.6015
-5.57559
-5.57359
-5.58255
-5.59047
-5.60352
-5.62701
-5.66692
-5.7203
-5.77467
-5.8196
-5.85593
-5.87513
-5.87709
-5.85958
-5.82382
-5.77172
-5.71116
-5.65258
-5.61298
-5.59623
-5.60602
-5.63728
-5.68279
-5.72505
-5.75927
-5.78104
-5.79286
-5.80149
-5.81595
-5.83949
-5.87109
-5.89842
-5.91432
-5.91092
-5.88709
-5.85123
-5.80786
-5.77104
-5.74315
-5.72407
-5.7179
-5.72222
-5.73126
-5.73926
-5.74471
-5.74579
-5.74812
-5.75864
-5.78017
-5.81369
-5.85209
-5.8826
-5.90553
-5.91826
-5.91696
-5.90314
-5.87707
-5.83972
-5.79958
-5.76294
-5.73439
-5.71862
-5.71786
-5.72851
-5.74837
-5.77082
-5.78514
-5.78791
-5.77647
-5.75291
-5.72407
-5.69567
-5.67671
-5.66877
-5.66861
-5.67244
-5.67752
-5.67261
-5.65929
-5.63159
-5.59056
-5.54982
-5.51692
-5.50226
-5.50202
-5.51658
-5.53414
-5.55342
-5.56576
-5.57443
-5.58367
-5.60353
-5.6311
-5.66133
-5.68868
-5.70861
-5.72228
-5.73805
-5.76115
-5.79543
-5.83928
-5.88628
-5.92684
-5.95306
-5.95969
-5.94752
-5.92386
-5.89667
-5.86927
-5.84609
-5.82052
-5.79392
-5.76209
-5.72813
-5.70459
-5.69541
-5.69419
-5.69734
-5.69861
-5.7005
-5.6977
-5.69565
-5.70134
-5.71107
-5.72732
-5.74566
-5.76574
-5.78174
-5.79057
-5.78996
-5.77846
-5.76005
-5.74456
-5.74387
-5.76634
-5.81576
-5.87598
-5.92965
-5.96292
-5.96518
-5.94153
-5.88974
-5.82603
-5.76058
-5.70953
-5.67877
-5.6639
-5.66212
-5.66471
-5.66699
-5.67171
-5.67479
-5.67649
-5.68114
-5.68325
-5.68172
-5.6756
-5.66341
-5.64443
-5.63026
-5.63418
-5.65622
-5.69169
-5.72943
-5.76386
-5.79168
-5.81509
-5.82534
-5.82864
-5.82046
-5.80954
-5.79668
-5.79304
-5.80899
-5.84072
-5.88671
-5.93598
-5.97693
-5.99753
-5.99605
-5.9647
-5.90695
-5.83231
-5.75991
-5.71746
-5.70868
-5.7192
-5.73831
-5.75509
-5.7771
-5.79912
-5.81748
-5.8222
-5.80667
-5.77382
-5.73516
-5.69872
-5.67409
-5.65751
-5.6377
-5.61376
-5.59022
-5.56813
-5.55981
-5.56775
-5.59869
-5.64663
-5.70228
-5.76105
-5.81433
-5.85893
-5.89602
-5.92927
-5.95995
-5.98776
-6.00626
-6.01155
-6.00919
-5.99538
-5.97408
-5.94362
-5.90652
-5.86292
-5.81938
-5.77031
-5.72541
-5.68089
-5.6318
-5.58155
-5.53293
-5.50286
-5.49995
-5.51569
-5.53494
-5.54316
-5.54211
-5.53326
-5.52937
-5.54549
-5.58354
-5.6439
-5.71349
-5.77867
-5.83247
-5.86922
-5.89146
-5.90139
-5.90371
-5.89635
-5.87895
-5.85357
-5.81513
-5.77607
-5.74174
-5.71511
-5.70786
-5.72042
-5.74569
-5.78017
-5.81424
-5.84685
-5.87788
-5.90213
-5.91379
-5.91061
-5.88764
-5.85005
-5.81194
-5.78284
-5.7723
-5.77629
-5.79379
-5.81543
-5.83138
-5.83664
-5.82185
-5.78744
-5.73748
-5.68212
-5.6355
-5.6033
-5.59598
-5.61473
-5.6547
-5.70806
-5.75792
-5.79937
-5.81993
-5.81559
-5.78093
-5.72283
-5.653
-5.58994
-5.54548
-5.52743
-5.53831
-5.5755
-5.6348
-5.70974
-5.78787
-5.85672
-5.90843
-5.93348
-5.93578
-5.91353
-5.87421
-5.82154
-5.75696
-5.69279
-5.63252
-5.57971
-5.55029
-5.53585
-5.54331
-5.57296
-5.61576
-5.6622
-5.70885
-5.74805
-5.78392
-5.81601
-5.8496
-5.88428
-5.91618
-5.93342
-5.93458
-5.91297
-5.86964
-5.81494
-5.76761
-5.73316
-5.71619
-5.72094
-5.73879
-5.76456
-5.79241
-5.8111
-5.81644
-5.81046
-5.79827
-5.79159
-5.80076
-5.82755
-5.86612
-5.90441
-5.93608
-5.95805
-5.96648
-5.95596
-5.9305
-5.88666
-5.83177
-5.77462
-5.72265
-5.669
-5.62252
-5.59523
-5.59132
-5.60563
-5.62604
-5.64549
-5.65383
-5.6553
-5.65696
-5.65947
-5.65959
-5.64867
-5.62798
-5.6112
-5.60283
-5.61227
-5.63855
-5.6804
-5.73187
-5.78831
-5.83738
-5.8753
-5.90224
-5.91229
-5.90385
-5.88609
-5.86414
-5.85033
-5.84569
-5.84948
-5.85693
-5.86428
-5.86604
-5.86283
-5.85056
-5.83117
-5.80648
-5.7872
-5.77899
-5.78018
-5.78904
-5.79279
-5.78469
-5.76866
-5.75099
-5.74489
-5.75574
-5.7778
-5.80231
-5.81819
-5.81965
-5.80608
-5.77766
-5.73655
-5.6951
-5.65986
-5.63542
-5.62371
-5.61885
-5.62486
-5.63118
-5.64032
-5.64293
-5.63786
-5.62987
-5.63147
-5.6476
-5.68619
-5.73799
-5.79062
-5.83585
-5.86577
-5.88003
-5.86899
-5.83334
-5.77523
-5.7037
-5.63194
-5.57812
-5.54912
-5.54345
-5.56112
-5.59778
-5.65128
-5.70628
-5.75533
-5.78408
-5.79238
-5.79011
-5.78283
-5.78455
-5.80497
-5.83956
-5.87417
-5.89997
-5.91073
-5.90696
-5.89035
-5.86316
-5.83208
-5.80243
-5.78035
-5.76687
-5.75568
-5.74999
-5.74777
-5.75274
-5.77031
-5.80059
-5.84828
-5.89726
-5.93598
-5.95958
-5.95714
-5.92305
-5.85818
-5.77192
-5.68038
-5.59718
-5.5288
-5.47846
-5.45364
-5.45286
-5.47757
-5.51911
-5.56752
-5.61126
-5.64435
-5.66834
-5.67795
-5.68212
-5.68938
-5.69882
-5.71997
-5.74547
-5.77303
-5.79864
-5.81891
-5.83619
-5.84084
-5.83429
-5.82041
-5.79959
-5.78433
-5.78086
-5.78994
-5.81631
-5.84556
-5.87092
-5.88232
-5.88518
-5.87981
-5.8695
-5.86268
-5.86026
-5.86057
-5.86316
-5.85462
-5.83024
-5.78397
-5.72326
-5.6592
-5.60205
-5.55827
-5.52962
-5.51286
-5.50989
-5.5239
-5.55156
-5.59347
-5.64619
-5.70734
-5.76838
-5.82467
-5.87523
-5.9175
-5.95209
-5.96958
-5.97092
-5.9546
-5.93267
-5.90623
-5.88687
-5.86969
-5.85224
-5.82731
-5.79392
-5.75112
-5.70633
-5.66836
-5.6401
-5.62741
-5.6244
-5.62974
-5.64126
-5.65389
-5.67371
-5.6971
-5.72097
-5.74271
-5.75689
-5.76653
-5.77541
-5.79029
-5.81152
-5.84305
-5.87454
-5.90418
-5.91521
-5.90358
-5.87471
-5.84587
-5.83875
-5.8589
-5.88728
-5.90229
-5.90467
-5.90272
-5.89787
-5.89081
-5.88489
-5.87121
-5.84622
-5.81336
-5.77535
-5.73459
-5.69267
-5.65571
-5.6206
-5.59783
-5.59296
-5.6086
-5.64384
-5.68757
-5.73332
-5.76573
-5.78057
-5.77212
-5.74471
-5.69867
-5.6444
-5.59102
-5.55244
-5.53312
-5.53864
-5.56017
-5.58667
-5.61076
-5.62497
-5.63353
-5.64254
-5.65435
-5.67989
-5.71716
-5.76086
-5.80586
-5.85072
-5.89593
-5.93919
-5.97605
-6.00248
-6.0216
-6.02911
-6.02624
-6.01716
-6.00152
-5.9753
-5.93935
-5.89938
-5.8573
-5.82953
-5.81379
-5.81204
-5.809
-5.79996
-5.78412
-5.75765
-5.72759
-5.69458
-5.66441
-5.64297
-5.63162
-5.63529
-5.65747
-5.69405
-5.73576
-5.77989
-5.81661
-5.84233
-5.8605
-5.86604
-5.86251
-5.84341
-5.81167
-5.76416
-5.7158
-5.67131
-5.63912
-5.62275
-5.62369
-5.63711
-5.6531
-5.66495
-5.66905
-5.66985
-5.67136
-5.67518
-5.68477
-5.69414
-5.69977
-5.7064
-5.71808
-5.74323
-5.775
-5.8083
-5.82541
-5.82907
-5.8181
-5.79883
-5.78054
-5.76808
-5.75989
-5.7579
-5.75815
-5.76012
-5.76561
-5.77246
-5.77953
-5.7851
-5.79192
-5.80017
-5.80632
-5.81761
-5.82241
-5.82053
-5.80311
-5.77825
-5.7494
-5.71838
-5.6884
-5.66015
-5.63839
-5.6318
-5.63151
-5.63548
-5.63316
-5.62094
-5.60583
-5.59299
-5.59177
-5.60384
-5.62208
-5.64263
-5.66313
-5.67955
-5.68789
-5.69366
-5.68969
-5.68056
-5.67423
-5.67413
-5.6842
-5.70301
-5.72764
-5.74777
-5.76677
-5.7781
-5.78246
-5.78301
-5.7806
-5.77722
-5.77714
-5.77857
-5.77362
-5.76627
-5.75003
-5.73759
-5.73972
-5.76257
-5.7852
-5.79273
-5.78406
-5.76297
-5.74291
-5.73533
-5.74831
-5.77678
-5.80871
-5.8332
-5.85158
-5.86834
-5.88582
-5.90997
-5.93778
-5.96878
-5.99588
-6.01447
-6.01903
-6.00709
-5.97613
-5.93283
-5.87599
-5.81169
-5.74832
-5.69015
-5.64445
-5.60675
-5.58297
-5.5766
-5.58432
-5.60757
-5.64056
-5.67412
-5.70296
-5.72342
-5.7385
-5.74837
-5.75347
-5.74979
-5.7351
-5.71649
-5.69689
-5.68208
-5.67605
-5.68528
-5.70134
-5.72106
-5.73756
-5.75179
-5.76355
-5.7709
-5.77708
-5.77548
-5.76792
-5.74893
-5.72697
-5.71283
-5.71318
-5.72682
-5.7544
-5.7878
-5.82488
-5.85113
-5.87333
-5.88707
-5.89079
-5.88127
-5.85413
