2.84778
2.84006
2.82631
2.80557
2.7764
2.73684
2.68444
2.61647
2.53039
2.42447
2.29877
2.15638
2.00429
1.85326
1.71585
1.60333
1.52267
1.47536
1.4581
1.46463
1.4875
1.51934
1.55378
1.58584
1.61229
1.63164
1.64404
1.65097
1.65455
1.65679
1.65885
1.66068
1.66117
1.65845
1.65041
1.6354
1.61303
1.58476
1.5538
1.5241
1.49891
1.47977
1.46665
1.45895
1.45637
1.45918
1.46762
1.48117
1.49831
1.51665
1.53347
1.54637
1.5536
1.55428
1.54859
1.53793
1.52483
1.51235
1.50291
1.49757
1.49609
1.49781
1.50212
1.50857
1.51651
1.52478
1.53183
1.53621
1.53729
1.53574
1.53354
1.53318
1.53649
1.54388
1.55425
1.56555
1.57559
1.58292
1.58739
1.58992
1.59181
1.59359
1.59466
1.59379
1.59044
1.58542
1.58042
1.57692
1.57568
1.57678
1.57988
1.58439
1.58955
1.59431
1.59754
1.59824
1.5957
1.5895
1.5796
1.56615
1.54948
1.52999
1.50811
1.4845
1.46052
1.43843
1.42112
1.41122
1.41045
1.41943
1.43755
1.46259
1.49081
1.518
1.54074
1.5569
1.56569
1.56742
1.56323
1.55503
1.54512
1.53569
1.52801
1.52208
1.51692
1.51168
1.50664
1.50331
1.50356
1.50871
1.51905
1.53401
1.55259
1.57352
1.5952
1.61574
1.63311
1.64555
1.65221
1.65368
1.65208
1.65027
1.65032
1.65216
1.65378
1.6527
1.64752
1.63869
1.62867
1.62089
1.61783
1.61961
1.62409
1.62814
1.62896
1.62471
1.61464
1.59899
1.5791
1.55796
1.54058
1.53265
1.53675
1.54954
1.56395
1.57436
1.57947
1.58166
1.58452
1.59043
1.59976
1.61148
1.62409
1.63633
1.64768
1.65857
1.66963
1.68011
1.68734
1.6879
1.67959
1.66267
1.64032
1.61815
1.60242
1.59705
1.60177
1.61284
1.62571
1.63722
1.64616
1.65237
1.65579
1.65574
1.65103
1.64045
1.62359
1.60125
1.57515
1.54721
1.51888
1.49129
1.46617
1.44609
1.43354
1.42962
1.43395
1.44572
1.46444
1.48984
1.52123
1.557
1.59471
1.63137
1.66413
1.69058
1.70917
1.71933
1.72148
1.71676
1.7067
1.69286
1.67657
1.65888
1.64072
1.62306
1.60698
1.59365
1.58417
1.57946
1.58018
1.58663
1.59855
1.61489
1.63387
1.65321
1.67052
1.68372
1.69144
1.6933
1.6897
1.68164
1.67057
1.65835
1.64744
1.64084
1.64102
1.64861
1.66193
1.67824
1.69499
1.71014
1.72178
1.72796
1.727
1.71839
1.70341
1.68487
1.66562
1.64713
1.62928
1.61134
1.59312
1.57516
1.55844
1.54393
1.53235
1.52426
1.52002
1.5196
1.52227
1.52651
1.53027
1.53134
1.52795
1.51927
1.50579
1.48939
1.47329
1.46165
1.45861
1.46701
1.48719
1.51652
1.54995
1.58147
1.60576
1.6194
1.6213
1.61268
1.59675
1.57827
1.56262
1.55423
1.55506
1.56407
1.57807
1.59354
1.60781
1.61926
1.62687
1.62978
1.62733
1.61952
1.6074
1.59298
1.57827
1.5644
1.55131
1.53892
1.52862
1.52364
1.5277
1.54239
1.56568
1.59253
1.61707
1.63456
1.64228
1.63963
1.62798
1.61041
1.5912
1.57503
1.56564
1.5646
1.57073
1.58075
1.59051
1.59612
1.59474
1.58494
1.56709
1.54341
1.51749
1.49329
1.47418
1.46236
1.45877
1.4634
1.47544
1.49338
1.51485
1.53674
1.55554
1.56807
1.5722
1.56771
1.55674
1.54378
1.5342
1.53196
1.53751
1.54776
1.55836
1.56615
1.57049
1.57282
1.57548
1.58031
1.5879
1.5975
1.60755
1.6165
1.62339
1.62796
1.63044
1.63123
1.63069
1.62926
1.6276
1.62661
1.62711
1.62937
1.63294
1.63684
1.63997
1.64148
1.64108
1.63899
1.63579
1.63211
1.62849
1.62539
1.62302
1.62131
1.61979
1.61766
1.61419
1.60897
1.60222
1.59476
1.58787
1.58285
1.58038
1.58008
1.5805
1.57995
1.57784
1.57545
1.57526
1.57912
1.5868
1.5965
1.60611
1.61414
1.61982
1.62303
1.62437
1.62506
1.62673
1.63081
1.63799
1.6479
1.65928
1.67047
1.67979
1.68576
1.68724
1.6835
1.67445
1.66063
1.64333
1.62444
1.6062
1.59068
1.57956
1.57374
1.57324
1.57717
1.5839
1.5914
1.59783
1.60195
1.60341
1.60272
1.6011
1.60008
1.60098
1.60428
1.60918
1.61348
1.61411
1.60809
1.59398
1.57307
1.54981
1.53052
1.52067
1.52243
1.53456
1.55427
1.579
1.60702
1.63703
1.66776
1.69768
1.72506
1.74829
1.76615
1.77783
1.7829
1.78107
1.77206
1.75585
1.73282
1.70406
1.67154
1.63801
1.60678
1.58092
1.56235
1.55106
1.54578
1.54542
1.54997
1.56041
1.57744
1.60025
1.62576
1.64903
1.66476
1.6693
1.66256
1.64902
1.63651
1.63207
1.63836
1.65336
1.67245
1.69036
1.70247
1.70586
1.69978
1.68542
1.66539
1.6431
1.62223
1.60613
1.59704
1.5956
1.60065
1.60966
1.61962
1.62775
1.63215
1.63195
1.62685
1.61645
1.60036
1.57911
1.55523
1.53338
1.51908
1.51658
1.52721
1.54941
1.57984
1.61441
1.64904
1.6805
1.70712
1.72887
1.74679
1.76207
1.77526
1.78577
1.79207
1.79236
1.78516
1.76988
1.74701
1.71798
1.68481
1.64968
1.61485
1.58252
1.55487
1.53379
1.52038
1.51444
1.51452
1.51853
1.52468
1.53206
1.54075
1.55156
1.56513
1.58093
1.5968
1.60955
1.61612
1.61469
1.60505
1.58865
1.56826
1.54723
1.52831
1.51245
1.49899
1.48669
1.4751
1.46516
1.45926
1.46049
1.47105
1.49084
1.51732
1.54664
1.57509
1.59969
1.61815
1.62874
1.63064
1.62449
1.61252
1.59807
1.58463
1.57467
1.56886
1.56604
1.56393
1.56026
1.55355
1.54343
1.53023
1.51445
1.49652
1.47721
1.45834
1.44325
1.43609
1.43992
1.45451
1.47611
1.49958
1.52099
1.53883
1.5537
1.56721
1.5807
1.59445
1.60766
1.61897
1.6272
1.63178
1.63287
1.63115
1.62748
1.62259
1.61688
1.61023
1.6021
1.59202
1.58008
1.56737
1.55599
1.54846
1.5469
1.55225
1.56373
1.57895
1.59442
1.60616
1.61038
1.60423
1.58644
1.55816
1.52345
1.48851
1.45945
1.4397
1.42918
1.42567
1.42699
1.43209
1.4411
1.45462
1.47299
1.49572
1.52143
1.54821
1.57413
1.59757
1.61705
1.6308
1.63662
1.63255
1.61813
1.59519
1.56812
1.54298
1.52582
1.52078
1.52911
1.54937
1.57823
1.61127
1.6437
1.67095
1.68945
1.69727
1.69444
1.68265
1.6648
1.64456
1.62603
1.61315
1.6084
1.61174
1.62039
1.63029
1.63807
1.6426
1.64515
1.64814
1.65293
1.6584
1.66124
1.65777
1.64575
1.62528
1.59873
1.57033
1.54506
1.52762
1.52103
1.52582
1.54002
1.56009
1.58198
1.60188
1.61661
1.62399
1.62311
1.61458
1.60054
1.58441
1.5702
1.56158
1.56099
1.56904
1.5846
1.60534
1.62833
1.65064
1.66957
1.68291
1.68896
1.68675
1.67611
1.65779
1.6332
1.60409
1.5724
1.54028
1.51035
1.48542
1.46797
1.45911
1.4579
1.46177
1.46762
1.47321
1.47788
1.48243
1.48858
1.49778
1.50977
1.52223
1.53222
1.53873
1.54383
1.55166
1.56569
1.58634
1.61048
1.63302
1.64888
1.65435
1.64765
1.62921
1.60183
1.57066
1.54263
1.52462
1.52118
1.53295
1.5568
1.58749
1.61965
1.64915
1.67358
1.69228
1.70598
1.71602
1.72352
1.72866
1.73063
1.72803
1.71943
1.70367
1.67993
1.64786
1.60809
1.5627
1.51548
1.47151
1.43595
1.41235
1.40127
1.40032
1.40563
1.41365
1.42223
1.43088
1.44048
1.45276
1.46969
1.49273
1.52205
1.55604
1.59166
1.62541
1.65426
1.67613
1.68993
1.69532
1.69245
1.68185
1.66444
1.64191
1.61689
1.59247
1.57101
1.55321
1.53815
1.52433
1.51095
1.4985
1.4886
1.48283
1.48184
1.48497
1.49067
1.49724
1.50319
1.50729
1.50872
1.50781
1.5066
1.50878
1.518
1.53551
1.55889
1.58355
1.6055
1.62289
1.63583
1.6452
1.65192
1.6565
1.65927
1.66054
1.66077
1.66064
1.66098
1.66253
1.6655
1.66944
1.6734
1.67629
1.67726
1.67598
1.67286
1.66902
1.66598
1.66497
1.66635
1.66966
1.67403
1.6784
1.6816
1.68237
1.67942
1.6718
1.65931
1.64273
1.62377
1.60439
1.58578
1.56775
1.54934
1.53049
1.51392
1.50497
1.50828
1.52358
1.54556
1.56817
1.58814
1.60494
1.61896
1.63018
1.63803
1.64182
1.6412
1.63616
1.62671
1.61289
1.59483
1.57319
1.54976
1.52775
1.51148
1.50469
1.50833
1.51954
1.53284
1.54265
1.5452
1.53925
1.52597
1.50842
1.49049
1.47564
1.46578
1.46166
1.46389
1.47379
1.49263
1.52049
1.55556
1.59441
1.63288
1.66701
1.69396
1.71242
1.72255
1.72531
1.72146
1.71103
1.69368
1.66948
1.63968
1.6068
1.57407
1.54445
1.51999
1.5019
1.49095
1.48731
1.49011
1.49751
1.50753
1.51878
1.53064
1.54274
1.55475
1.56635
1.57746
1.58837
1.59939
1.61036
1.62016
1.62672
1.62802
1.62315
1.6135
1.60281
1.59615
1.59747
1.60722
1.62199
1.63637
1.64531
1.64586
1.63776
1.62287
1.60395
1.58339
1.56316
1.54563
1.53422
1.53273
1.5435
1.56545
1.59385
1.62229
1.645
1.65832
1.66088
1.6532
1.63693
1.61405
1.58619
1.55442
1.51972
1.48363
1.44864
1.41782
1.39387
1.37796
1.36964
1.36772
1.37149
1.3808
1.39503
1.41218
1.42963
1.44587
1.4611
1.47624
1.49173
1.50716
1.52201
1.53619
1.55007
1.56364
1.57574
1.58396
1.58558
1.57873
1.5635
1.54243
1.52046
1.50375
1.49742
1.503
1.51777
1.53635
1.55351
1.56628
1.57494
1.58198
1.59004
1.59997
1.61034
1.61833
1.62125
4.97797
4.88183
4.72548
4.52268
4.30248
4.10412
3.95809
3.87087
3.82688
3.80196
3.77557
3.73798
3.69442
3.66256
3.66028
3.69054
3.73633
3.77152
3.77745
3.75313
3.71639
3.69715
3.72036
3.78524
3.8622
3.91394
3.91908
3.88115
3.82195
3.7659
3.72585
3.69973
3.67853
3.65628
3.63381
3.61657
3.61142
3.62456
3.6594
3.71335
3.77693
3.8372
3.88224
3.90411
3.90036
3.87594
3.84442
3.82274
3.81737
3.81877
3.81756
3.82127
3.84383
3.87707
3.89399
3.87681
3.82631
3.75585
3.68252
3.61859
3.57067
3.54474
3.54383
3.56213
3.58856
3.61642
3.64761
3.6881
3.73913
3.79204
3.83645
3.86967
3.89304
3.90692
3.91155
3.90893
3.90148
3.8896
3.87313
3.85533
3.8441
3.84875
3.87548
3.92392
3.98618
4.0501
4.10472
4.14354
4.16327
4.16169
4.13832
4.09857
4.05526
4.02156
3.99979
3.97996
3.95032
3.90702
3.85396
3.79923
3.75452
3.73353
3.74507
3.78727
3.8499
3.92173
3.99476
4.06322
4.12173
4.16628
4.19618
4.21176
4.20991
4.18465
4.13299
4.05901
3.97011
3.87067
3.76531
3.66507
3.58416
3.53259
3.51446
3.53102
3.5806
3.65529
3.74024
3.81776
3.87314
3.90066
3.90738
3.90931
3.91889
3.93591
3.95121
3.95461
3.93913
3.903
3.85182
3.80013
3.7661
3.75697
3.76056
3.75672
3.73911
3.72354
3.73138
3.76696
3.81868
3.87587
3.93463
3.98964
4.02846
4.03785
4.01241
3.95547
3.87544
3.78388
3.69678
3.63187
3.60011
3.59894
3.61631
3.6404
3.66623
3.69672
3.73776
3.79161
3.85319
3.91129
3.95487
3.97998
3.99023
3.98988
3.9785
3.95449
3.92237
3.89338
3.87781
3.87707
3.88209
3.87782
3.84962
3.79145
3.71549
3.65524
3.6505
3.70785
3.78655
3.84608
3.88479
3.92479
3.97756
4.0338
4.07808
4.10225
4.10745
4.10037
4.08872
4.07697
4.0634
4.04074
4.00057
3.93896
3.85962
3.77477
3.70416
3.66818
3.6738
3.7058
3.73662
3.74658
3.73537
3.71715
3.70558
3.70693
3.72712
3.77325
3.84052
3.90867
3.95808
3.98239
3.98623
3.97899
3.97156
3.97383
3.98851
4.00255
3.98917
3.9268
3.82386
3.72387
3.66803
3.65482
3.6573
3.66051
3.67061
3.70078
3.75461
3.82221
3.88781
3.93892
3.97047
3.98331
3.98133
3.97017
3.95692
3.9501
3.96103
4.00016
4.06185
4.11963
4.14519
4.1233
4.05278
3.94611
3.8294
3.73417
3.68117
3.66962
3.68311
3.70269
3.7165
3.72372
3.73067
3.74179
3.75484
3.76556
3.77478
3.78843
3.8109
3.84165
3.87748
3.91558
3.95468
3.99401
4.03096
4.06032
4.07593
4.07325
4.05111
4.01046
3.95189
3.87572
3.78735
3.70305
3.65058
3.65903
3.73288
3.83559
3.91425
3.93568
3.89558
3.80953
3.70553
3.61916
3.58201
3.60103
3.65279
3.70777
3.74973
3.77211
3.7743
3.76715
3.77144
3.79632
3.82725
3.84551
3.84739
3.84218
3.8428
3.85845
3.89163
3.93758
3.98463
4.01664
4.01842
3.98321
3.91913
3.85195
3.81847
3.83996
3.89778
3.95325
3.97917
3.96428
3.91071
3.83834
3.77967
3.75434
3.75563
3.76773
3.77747
3.77482
3.7591
3.74179
3.73802
3.7531
3.77512
3.78189
3.75603
3.69467
3.60907
3.51958
3.45276
3.43641
3.48424
3.58283
3.70049
3.80406
3.86716
3.87678
3.83799
3.76466
3.67035
3.58031
3.54355
3.60486
3.74896
3.90991
4.03235
4.09386
4.09727
4.06326
4.02253
4.00014
4.00207
4.02063
4.04736
4.07427
4.09011
4.08287
4.04567
3.97994
3.89574
3.80805
3.73468
3.69841
3.71206
3.75341
3.78545
3.79482
3.7946
3.8093
3.85502
3.92063
3.97825
4.00826
4.00592
3.97804
3.93731
3.88531
3.81006
3.72374
3.67712
3.70316
3.77545
3.85003
3.90668
3.94308
3.95916
3.95227
3.92052
3.8684
3.80905
3.76127
3.74269
3.75366
3.76916
3.76484
3.73739
3.69578
3.64965
3.60605
3.56585
3.52519
3.48809
3.47174
3.49324
3.55358
3.63604
3.71789
3.78244
3.82445
3.84895
3.8644
3.87257
3.86592
3.83896
3.80438
3.79426
3.8317
3.90442
3.9797
4.03373
4.06262
4.07455
4.07673
4.0682
4.04106
3.98872
3.91526
3.8375
3.77731
3.75045
3.75991
3.79643
3.8439
3.88589
3.91198
3.92189
3.92524
3.93534
3.95972
3.99437
4.02735
4.04747
4.04979
4.03589
4.01243
3.9903
3.97991
3.981
3.9799
3.9619
3.9243
3.87579
3.82646
3.78019
3.7361
3.69735
3.67742
3.692
3.7392
3.79429
3.83111
3.84636
3.85699
3.87227
3.88711
3.89725
3.9007
3.8952
3.88133
3.8644
3.85192
3.85088
3.86601
3.89663
3.93477
3.96775
3.9837
3.97304
3.92807
3.84775
3.74575
3.65318
3.60804
3.62811
3.69185
3.76271
3.82171
3.86606
3.89453
3.90334
3.89123
3.86257
3.82591
3.79164
3.76964
3.76509
3.77373
3.78272
3.77934
3.75936
3.72748
3.69247
3.66327
3.64788
3.65321
3.68374
3.73648
3.80239
3.87749
3.96328
4.05441
4.13353
4.18205
4.1935
4.17402
4.13633
4.09461
4.05983
4.03659
4.02376
4.017
4.01285
4.01152
4.01383
4.01311
3.99288
3.93719
3.85418
3.79344
3.79524
3.82837
3.84959
3.85053
3.8367
3.81128
3.7772
3.74572
3.7405
3.78295
3.87013
3.97882
4.08472
4.17025
4.22387
4.23843
4.21343
4.15996
4.10061
4.0577
4.03877
4.03595
4.03877
4.04262
4.04481
4.03941
4.0184
3.97513
3.90681
3.81753
3.72225
3.64706
3.62041
3.65291
3.72492
3.80313
3.86428
3.90083
3.91463
3.90956
3.88567
3.83978
3.7741
3.70481
3.65535
3.62893
3.60124
3.55412
3.49551
3.4504
3.44396
3.48789
3.57602
3.68978
3.80855
3.91691
4.00605
4.07272
4.1168
4.13865
4.1384
4.11691
4.07646
4.02246
3.96429
3.91393
3.88277
3.87825
3.89892
3.93151
3.95658
3.96159
3.95056
3.9385
3.93453
3.93469
3.93024
3.91381
3.87938
3.82487
3.75859
3.70178
3.67685
3.68914
3.73007
3.79232
3.86855
3.94517
4.00917
4.05727
4.09466
4.12665
4.15223
4.16354
4.15093
4.1102
4.0457
3.96601
3.87714
3.78919
3.72796
3.70661
3.70742
3.72121
3.75762
3.82147
3.90322
3.98653
4.05729
4.10937
4.1463
4.17277
4.18369
4.16738
4.11832
4.04376
3.96074
3.88699
3.83172
3.79285
3.7611
3.72827
3.69891
3.69556
3.73422
3.79196
3.82942
3.83163
3.80932
3.78136
3.76309
3.76276
3.78071
3.8081
3.8281
3.82343
3.78782
3.73273
3.68203
3.65693
3.6641
3.696
3.74025
3.78796
3.83391
3.8715
3.89149
3.8881
3.86628
3.84216
3.83446
3.85256
3.89232
3.94427
4.00366
4.06862
4.12944
4.16647
4.16171
4.11038
4.02414
3.92516
3.83319
3.75677
3.69528
3.64801
3.62142
3.6261
3.66549
3.72832
3.79311
3.8413
3.86642
3.87143
3.86191
3.8435
3.82206
3.80275
3.78953
3.78433
3.78449
3.78169
3.76786
3.74665
3.73775
3.76118
3.81535
3.87968
3.93498
3.97334
3.99439
3.99907
3.98756
3.96142
3.92522
3.88368
3.83852
3.78905
3.73683
3.69189
3.67126
3.68629
3.73126
3.78938
3.84843
3.9048
3.95809
4.00506
4.03922
4.05702
4.06024
4.05108
4.02801
3.98764
3.92894
3.8548
3.77262
3.6997
3.66346
3.67725
3.72036
3.76027
3.78205
3.79242
3.80771
3.84075
3.8943
3.96099
4.02774
4.08125
4.10983
4.10231
4.04923
3.94879
3.81431
3.6743
3.55961
3.48697
3.45506
3.45551
3.48354
3.53538
3.60341
3.67959
3.75924
3.83982
3.91823
3.98865
4.04235
4.07111
4.07175
4.04871
4.01677
4.0031
4.03492
4.11384
4.2093
4.28091
4.29897
4.25196
4.14927
4.01826
3.89224
3.79582
3.74076
3.72852
3.75086
3.79255
3.8373
3.87203
3.89009
3.89323
3.89014
3.89067
3.89969
3.91498
3.93006
3.93799
3.93372
3.91498
3.88232
3.83915
3.79221
3.75262
3.73361
3.74334
3.77644
3.81453
3.83774
3.83746
3.81875
3.79191
3.76685
3.75505
3.76864
3.81101
3.86969
3.92429
3.96155
3.98155
3.9929
4.00575
4.02815
4.0638
4.1103
4.15926
4.19966
4.22203
4.22083
4.19329
4.13743
4.05523
3.95982
3.87646
3.82764
3.81276
3.8115
3.80566
3.78946
3.76682
3.74928
3.75188
3.78091
3.82681
3.87385
3.91329
3.94601
3.97717
4.01061
4.04446
4.07027
4.07719
4.05803
4.01195
3.94543
3.87439
3.82244
3.80708
3.82654
3.86636
3.9125
3.95543
3.98876
4.00789
4.00792
3.98148
3.92256
3.83589
3.74358
3.67888
3.66334
3.68926
3.73076
3.76604
3.7847
3.78517
3.77366
3.75641
3.72753
3.67806
3.61413
3.55642
3.52747
3.53722
3.57152
3.60045
3.60598
3.59444
3.58397
3.58854
3.61273
3.65117
3.68796
3.70235
3.68229
3.63453
3.5789
3.53532
3.5213
3.55252
3.63215
3.74195
3.85294
3.94536
4.0166
4.07426
4.12308
4.15991
4.18235
4.19446
4.19826
4.19051
4.17185
4.14838
4.12579
4.10853
4.10092
4.10054
4.09418
4.07016
4.0318
3.99501
3.97482
3.97393
3.98358
3.99456
4.0042
4.01148
4.00869
3.9806
3.91427
3.81554
3.71839
3.66378
3.66107
3.68626
3.71801
3.75105
3.782
3.80755
3.83402
3.87378
3.9321
4.00253
4.06781
4.10766
4.11383
4.09557
4.07011
4.05018
4.03807
4.02705
4.00736
3.97333
3.92772
3.88122
3.84818
3.84088
3.86106
3.89417
3.91785
3.91644
3.88574
3.83039
3.76175
3.69707
3.65692
3.65564
3.68891
3.73643
3.78121
3.81964
3.85465
3.88749
3.91646
3.93855
2.0819
2.13054
2.20298
2.29057
2.38204
2.46811
2.54344
2.60547
2.65269
2.68421
2.70035
2.70295
2.69536
2.68154
2.66492
2.64791
2.63248
2.61981
2.60917
2.59753
2.58193
2.56315
2.54655
2.53815
2.53882
2.54287
2.54312
2.5364
2.52453
2.5119
2.50236
2.49789
2.4986
2.50247
2.50588
2.50605
2.50365
2.50219
2.50602
2.51872
2.54159
2.57281
2.60771
2.64084
2.6675
2.68424
2.68869
2.67941
2.65658
2.62275
2.58314
2.54375
2.50923
2.48325
2.47103
2.4779
2.50219
2.53378
2.56192
2.58193
2.59532
2.60555
2.61283
2.61271
2.59994
2.57351
2.53932
2.50903
2.49475
2.50212
2.52698
2.5583
2.58499
2.60137
2.60839
2.61048
2.61055
2.60795
2.6
2.58494
2.5647
2.54541
2.5334
2.52808
2.51921
2.49578
2.46131
2.43571
2.43475
2.45322
2.47528
2.49027
2.49541
2.49223
2.48487
2.47928
2.48175
2.4966
2.52399
2.55893
2.59215
2.61269
2.61205
2.58929
2.55423
2.52367
2.51131
2.52003
2.54312
2.57103
2.59694
2.6184
2.6358
2.64968
2.6584
2.65833
2.64743
2.62952
2.61323
2.6043
2.6014
2.60099
2.60189
2.60445
2.60804
2.61071
2.60989
2.60336
2.59013
2.57142
2.5503
2.52998
2.51213
2.49682
2.48346
2.4717
2.46194
2.45523
2.45237
2.45263
2.45356
2.45218
2.44654
2.4375
2.42936
2.42728
2.43281
2.44332
2.45529
2.46651
2.47519
2.47868
2.47343
2.45642
2.42714
2.38915
2.34978
2.31786
2.30088
2.30347
2.32747
2.37178
2.43126
2.49604
2.55342
2.59126
2.60101
2.57961
2.53103
2.4678
2.4113
2.38481
2.39668
2.43223
2.46854
2.49135
2.49742
2.49001
2.47579
2.46283
2.45785
2.46376
2.4796
2.50351
2.53553
2.57736
2.62862
2.68407
2.7346
2.77095
2.787
2.78116
2.75614
2.71851
2.67708
2.63948
2.60907
2.58588
2.5703
2.56376
2.56586
2.57303
2.5813
2.59025
2.60318
2.62266
2.64702
2.6712
2.69015
2.70052
2.70061
2.68968
2.6675
2.63456
2.59288
2.54728
2.50601
2.47899
2.47362
2.49108
2.52568
2.56667
2.60136
2.61951
2.61669
2.59424
2.557
2.51076
2.4614
2.41542
2.38017
2.36216
2.36375
2.38168
2.40873
2.43741
2.46289
2.48324
2.49908
2.51339
2.53104
2.55614
2.58718
2.61605
2.63362
2.63522
2.62032
2.58919
2.54118
2.47576
2.3953
2.30925
2.23646
2.19848
2.20424
2.2465
2.31486
2.40252
2.50203
2.60243
2.69187
2.76109
2.80452
2.82013
2.80931
2.77674
2.72938
2.675
2.62077
2.57268
2.53537
2.51073
2.4967
2.48773
2.47718
2.4599
2.43482
2.40691
2.38629
2.38377
2.40599
2.45165
2.50916
2.56032
2.59068
2.59632
2.58207
2.55529
2.52305
2.4934
2.47528
2.4747
2.49175
2.52111
2.55391
2.58017
2.59349
2.59483
2.59135
2.59077
2.59602
2.60475
2.61306
2.61881
2.6217
2.62141
2.61618
2.60348
2.5816
2.55127
2.51682
2.48581
2.46543
2.4573
2.4559
2.45242
2.43936
2.41331
2.37648
2.33738
2.30869
2.30143
2.31976
2.36043
2.41563
2.47576
2.5302
2.56853
2.58401
2.57771
2.55957
2.54395
2.54178
2.55628
2.58595
2.62785
2.67557
2.71689
2.73743
2.72713
2.68471
2.61881
2.54393
2.47118
2.40368
2.34219
2.29121
2.25813
2.24861
2.26336
2.29803
2.34547
2.39752
2.44598
2.48406
2.50876
2.52261
2.53276
2.54702
2.56845
2.59403
2.61898
2.64193
2.66437
2.68536
2.69867
2.69591
2.673
2.63598
2.5996
2.57466
2.55823
2.54183
2.52276
2.50399
2.48861
2.47723
2.46951
2.46561
2.46623
2.47276
2.48744
2.51175
2.54363
2.57674
2.60373
2.62144
2.63292
2.64308
2.65236
2.65712
2.65452
2.64432
2.62789
2.60812
2.58949
2.57589
2.56873
2.5672
2.56814
2.56653
2.55881
2.54581
2.53159
2.51938
2.50879
2.49713
2.48304
2.46825
2.45604
2.44867
2.44664
2.45017
2.46083
2.48164
2.51549
2.56248
2.61848
2.67564
2.72457
2.75705
2.76812
2.75724
2.72827
2.68821
2.64508
2.60569
2.5736
2.54861
2.52789
2.50782
2.48587
2.46258
2.44191
2.42879
2.4257
2.43174
2.44351
2.45622
2.46465
2.46441
2.45377
2.43514
2.41502
2.40123
2.39869
2.40816
2.42841
2.45801
2.49401
2.53084
2.56167
2.58109
2.5868
2.58005
2.56534
2.54949
2.53977
2.54103
2.55374
2.57431
2.59711
2.61622
2.62662
2.62533
2.61298
2.59388
2.57375
2.5572
2.54785
2.54958
2.56536
2.59386
2.62802
2.65795
2.67593
2.67916
2.66918
2.6497
2.62477
2.5983
2.57324
2.54972
2.52409
2.49209
2.45606
2.42787
2.42031
2.4358
2.46713
2.5052
2.54304
2.57601
2.60118
2.61651
2.62072
2.61368
2.59725
2.57549
2.55346
2.53557
2.52533
2.52533
2.53545
2.55115
2.5651
2.57171
2.57117
2.56947
2.57328
2.58304
2.59223
2.59324
2.58226
2.5595
2.52712
2.48755
2.443
2.396
2.35039
2.31188
2.28733
2.28207
2.29626
2.32413
2.35763
2.3917
2.42631
2.46357
2.50314
2.54088
2.57176
2.59354
2.60797
2.61939
2.63173
2.64562
2.65764
2.66206
2.65321
2.62728
2.58406
2.5289
2.47343
2.43233
2.4155
2.42184
2.44163
2.46514
2.48774
2.50876
2.52701
2.53874
2.54076
2.53505
2.52912
2.53099
2.54232
2.55715
2.5673
2.5677
2.55716
2.53642
2.50676
2.47044
2.43204
2.39833
2.37576
2.36704
2.37125
2.38733
2.41594
2.45688
2.50708
2.5626
2.62127
2.68086
2.73573
2.77872
2.80516
2.81305
2.80099
2.76769
2.71409
2.64576
2.57197
2.50043
2.43534
2.38541
2.36672
2.3847
2.42143
2.45254
2.46668
2.46842
2.47172
2.4894
2.52343
2.5643
2.59933
2.62058
2.62716
2.62315
2.61348
2.60093
2.58621
2.57085
2.55856
2.55382
2.56033
2.5811
2.61861
2.6715
2.73094
2.78381
2.81974
2.83393
2.8252
2.79377
2.74139
2.67294
2.59716
2.52521
2.46765
2.4314
2.4178
2.42287
2.43945
2.4598
2.47763
2.4904
2.50094
2.51525
2.53563
2.55625
2.56799
2.56604
2.55221
2.53248
2.51361
2.50081
2.49592
2.49662
2.49768
2.49413
2.48445
2.47095
2.45747
2.44693
2.4407
2.43941
2.44296
2.44973
2.45733
2.46553
2.47867
2.50259
2.5366
2.57082
2.59311
2.5971
2.58432
2.56114
2.53368
2.50463
2.47376
2.44103
2.4087
2.38041
2.35829
2.34235
2.33342
2.33513
2.34938
2.36903
2.38104
2.37841
2.36639
2.35659
2.35445
2.35302
2.34035
2.31094
2.27082
2.23512
2.22036
2.23488
2.27501
2.33018
2.39011
2.44746
2.49603
2.5298
2.5464
2.55127
2.55441
2.56177
2.57241
2.58297
2.59183
2.59944
2.6067
2.61365
2.6195
2.62343
2.62572
2.62842
2.63478
2.64756
2.66699
2.69004
2.71127
2.72527
2.72895
2.72228
2.70704
2.6854
2.65967
2.63313
2.60976
2.59272
2.58292
2.57904
2.5788
2.58022
2.58191
2.5827
2.58106
2.57533
2.56436
2.54778
2.5262
2.50119
2.47576
2.45417
2.44
2.43318
2.42918
2.422
2.40952
2.39671
2.39282
2.40237
2.41915
2.43166
2.43332
2.42665
2.41956
2.41883
2.42604
2.43877
2.45374
2.46829
2.47987
2.48584
2.48435
2.47579
2.46301
2.45019
2.44144
2.43976
2.44605
2.45822
2.47219
2.48468
2.49537
2.50664
2.52099
2.53825
2.55429
2.56257
2.55786
2.53968
2.51313
2.48627
2.46539
2.45226
2.44453
2.43793
2.42909
2.41821
2.4096
2.40865
2.41784
2.43526
2.45645
2.47685
2.49295
2.50265
2.50617
2.50771
2.51527
2.53688
2.57459
2.62123
2.66372
2.69104
2.70044
2.69702
2.68522
2.66285
2.62675
2.57981
2.5291
2.47965
2.433
2.39062
2.35693
2.33906
2.34354
2.37192
2.41842
2.47157
2.51898
2.55117
2.56326
2.55474
2.52879
2.4913
2.45006
2.41316
2.38674
2.37341
2.37242
2.38114
2.39583
2.41223
2.42609
2.43392
2.43366
2.42551
2.41344
2.4051
2.40754
2.42178
2.4429
2.46479
2.48332
2.49837
2.51757
2.55283
2.6026
2.64595
2.66243
2.64667
2.60587
2.55337
2.50396
2.46966
2.456
2.46127
2.47882
2.50106
2.52274
2.54179
2.55745
2.56757
2.56816
2.55661
2.53628
2.51752
2.51202
2.52327
2.54313
2.5595
2.56579
2.56303
2.55642
2.55119
2.54999
2.55204
2.55385
2.55174
2.54455
2.53503
2.52898
2.53071
2.53767
2.54087
2.53232
2.51147
2.48517
2.46282
2.45112
2.45155
2.46104
2.47426
2.48618
2.49379
2.49641
2.49489
2.49051
2.48437
2.47744
2.47075
2.46565
2.46388
2.46654
2.47209
2.47579
2.47463
2.47516
2.49142
2.52735
2.56919
2.60099
2.61676
2.61736
2.60415
2.5772
2.53944
2.50155
2.47864
2.47854
2.49685
2.52497
2.55662
2.58705
2.61323
2.63671
2.6641
2.70077
2.74332
2.77972
2.79668
2.78604
2.74629
2.68178
2.60238
2.5239
2.46608
2.44535
2.46535
2.51401
2.57163
2.62066
2.64977
2.65409
2.63467
2.59787
2.55406
2.51439
2.48525
2.46539
2.44988
2.43606
2.42593
2.42437
2.43472
2.4553
2.4812
2.5082
2.53324
2.55347
2.56784
2.57889
2.59098
2.60608
2.62186
2.63343
2.63672
2.63111
2.61987
2.6087
2.60369
2.61047
2.63178
2.66352
2.69548
2.7181
2.72771
2.7263
2.71836
2.70909
2.70369
2.70493
2.70992
2.71045
2.6966
2.66116
2.60338
2.53179
2.46477
2.42341
2.41628
2.43302
2.45525
2.47015
2.47472
2.47352
2.4747
2.48572
2.50947
2.5425
2.57653
2.60176
2.60934
2.59247
2.5483
2.48225
3.20125
3.10745
3.02673
2.96494
2.9326
2.93859
2.97694
3.03049
3.08284
3.12387
3.14929
3.15863
3.15331
3.13634
3.1132
3.09078
3.07352
3.06117
3.05102
3.04081
3.0297
3.01838
3.00811
2.99986
2.99456
2.9941
3.0009
3.01643
3.04059
3.0722
3.10848
3.14409
3.17238
3.18904
3.19492
3.19588
3.20009
3.21419
3.23931
3.27003
3.29801
3.31641
3.32229
3.31653
3.3019
3.28181
3.25823
3.23024
3.19763
3.16439
3.13875
3.12979
3.1406
3.16565
3.19605
3.22402
3.24312
3.24762
3.23357
3.20118
3.1569
3.11181
3.07494
3.04729
3.02514
3.00627
2.98948
2.97433
2.96615
2.97619
3.00943
3.05455
3.09195
3.10924
3.10527
3.08372
3.04915
3.00876
2.97345
2.95325
2.95174
2.96551
2.98801
3.0125
3.03277
3.04409
3.04509
3.0386
3.02976
3.02274
3.01958
3.02161
3.02988
3.04492
3.06801
3.10079
3.14111
3.18063
3.20826
3.21451
3.19274
3.14032
3.06169
2.97139
2.89064
2.83415
2.80052
2.78024
2.76733
2.76187
2.76872
2.79409
2.84018
2.90217
2.96994
3.0327
3.08418
3.12471
3.15708
3.18203
3.19832
3.2043
3.19924
3.18454
3.16387
3.14119
3.1185
3.09575
3.07347
3.05649
3.05385
3.07154
3.10528
3.14338
3.17522
3.19578
3.20454
3.20189
3.18845
3.16847
3.1487
3.13269
3.12062
3.11435
3.11956
3.14062
3.17376
3.21065
3.2481
3.28665
3.32179
3.34216
3.33493
3.29038
3.2044
3.08272
2.94765
2.83781
2.78518
2.78816
2.82154
2.86482
2.9115
2.96466
3.0276
3.09294
3.1456
3.17658
3.18552
3.17387
3.14451
3.10451
3.06196
3.02568
3.00934
3.02529
3.07449
3.14586
3.22294
3.28932
3.33285
3.3494
3.34413
3.32844
3.31332
3.30422
3.30094
3.30115
3.30253
3.30278
3.29977
3.29187
3.27752
3.25544
3.22585
3.19138
3.15594
3.12236
3.09196
3.06733
3.0543
3.05783
3.07676
3.10452
3.1347
3.16562
3.19913
3.23306
3.25819
3.26388
3.24272
3.19182
3.11592
3.0316
2.96413
2.93168
2.93212
2.95097
2.97787
3.0104
3.04656
3.08002
3.10422
3.11844
3.12661
3.13011
3.12638
3.11639
3.10768
3.10362
3.09488
3.07087
3.03744
3.0183
3.03211
3.07068
3.10895
3.12538
3.10887
3.05836
2.98417
2.90677
2.84316
2.7953
2.76357
2.75511
2.76988
2.79745
2.82791
2.85639
2.88074
2.89934
2.91109
2.91678
2.92039
2.92847
2.94849
2.98646
3.04309
3.11056
3.17527
3.22559
3.25612
3.26596
3.25729
3.23741
3.21832
3.20979
3.212
3.21598
3.21086
3.18997
3.15272
3.10485
3.05772
3.02525
3.01814
3.03882
3.08075
3.1319
3.17882
3.2084
3.20852
3.17019
3.09261
2.98974
2.89194
2.8331
2.82703
2.85899
2.90523
2.95095
2.98958
3.01684
3.02996
3.0336
3.04494
3.08222
3.1412
3.19694
3.23053
3.24148
3.23926
3.23113
3.21703
3.19304
3.15852
3.11808
3.07615
3.0347
2.99774
2.97008
2.94821
2.92142
2.88458
2.84683
2.82798
2.84373
2.89298
2.96157
3.03315
3.09503
3.13976
3.16547
3.17496
3.17271
3.16228
3.14678
3.12946
3.1105
3.08683
3.05845
3.03157
3.01279
3.0038
3.00261
3.007
3.01508
3.0249
3.03499
3.04373
3.04785
3.04321
3.02783
3.0026
2.96931
2.9308
2.89535
2.87829
2.89258
2.93724
3.00095
3.07462
3.15475
3.2365
3.30886
3.35878
3.37872
3.36982
3.34028
3.30078
3.26015
3.22262
3.18709
3.14777
3.09731
3.03281
2.96262
2.90777
2.89072
2.91716
2.9716
3.03042
3.07536
3.09844
3.10243
3.09892
3.10132
3.1155
3.13744
3.16
3.18072
3.20176
3.22323
3.23887
3.23917
3.21894
3.18466
3.1552
3.14749
3.16002
3.17921
3.19436
3.20038
3.1948
3.17871
3.15762
3.13807
3.12554
3.12519
3.13838
3.15987
3.18283
3.20298
3.21906
3.23112
3.23803
3.23628
3.22106
3.18837
3.13732
3.07238
3.00517
2.95258
2.92798
2.93157
2.95181
2.97709
3.00307
3.03113
3.06307
3.09706
3.12724
3.14742
3.1557
3.15619
3.15684
3.16559
3.18698
3.21866
3.24944
3.26507
3.2579
3.22966
3.18603
3.13197
3.07341
3.02293
3.00116
3.02605
3.09604
3.18528
3.26006
3.29753
3.29067
3.2456
3.17949
3.11712
3.07969
3.07169
3.08525
3.11419
3.15527
3.20242
3.24616
3.27701
3.28779
3.27464
3.23924
3.1905
3.14201
3.10345
3.07479
3.05044
3.02792
3.01194
3.01035
3.02648
3.05609
3.09112
3.12492
3.15394
3.1763
3.19051
3.19598
3.19427
3.18766
3.17405
3.1455
3.09502
3.02648
2.96046
2.92616
2.93592
2.97481
3.02004
3.05791
3.08507
3.1035
3.11569
3.12216
3.122
3.11557
3.10639
3.1
3.10043
3.10724
3.11605
3.12182
3.12169
3.11499
3.1014
3.08026
3.05197
3.02007
2.99111
2.97194
2.96621
2.97309
2.98889
3.00884
3.02759
3.03904
3.03726
3.01911
2.98756
2.95347
2.93197
2.93282
2.9528
2.97955
3.00175
3.01495
3.02083
3.02387
3.02777
3.03334
3.03867
3.04114
3.039
3.03186
3.02063
3.00793
2.99851
2.99772
3.00738
3.02336
3.03955
3.0528
3.06327
3.07242
3.0815
3.09011
3.09596
3.09713
3.09456
3.09149
3.09028
3.09078
3.09137
3.0908
3.08975
3.09224
3.10548
3.13582
3.18234
3.2348
3.27866
3.30263
3.3032
3.28394
3.25109
3.21101
3.17242
3.14814
3.14906
3.17533
3.2156
3.25523
3.28426
3.29936
3.30153
3.29285
3.2749
3.24947
3.22007
3.19182
3.16868
3.15009
3.13147
3.1102
3.09132
3.08655
3.1069
3.15534
3.22478
3.30124
3.3691
3.41498
3.43011
3.41224
3.36757
3.31005
3.25605
3.21719
3.19677
3.19119
3.19212
3.18992
3.17826
3.15731
3.13239
3.10981
3.09516
3.09218
3.09917
3.10881
3.11317
3.10779
3.09327
3.07482
3.05948
3.05229
3.0548
3.06519
3.07858
3.08829
3.08891
3.07888
3.061
3.04116
3.02603
3.02292
3.04293
3.09417
3.16125
3.20794
3.20698
3.15632
3.07452
2.98705
2.91103
2.84968
2.80183
2.77408
2.77949
2.82469
2.9018
2.99201
3.07509
3.13799
3.17771
3.19821
3.20555
3.20503
3.20047
3.19345
3.18363
3.16975
3.14955
3.1201
3.07972
3.02921
2.97047
2.90694
2.84771
2.80813
2.80139
2.82885
2.88009
2.94077
2.99914
3.04761
3.0826
3.10364
3.11214
3.10988
3.09826
3.07853
3.05321
3.02647
3.00295
2.98554
2.97372
2.96583
2.96375
2.97242
2.99412
3.02471
3.05564
3.0787
3.08945
3.08796
3.07756
3.0621
3.04278
3.01766
2.98466
2.9454
2.90683
2.8809
2.88347
2.92713
3.0059
3.09326
3.16298
3.20445
3.21957
3.21434
3.19722
3.18265
3.18697
3.21503
3.25491
3.28787
3.29951
3.28364
3.24258
3.18714
3.1344
3.09767
3.0757
3.05615
3.02968
2.99744
2.96804
2.95045
2.94757
2.95491
2.96415
2.96952
2.97203
2.97629
2.98351
2.99123
2.99808
3.00621
3.02036
3.04576
3.08531
3.13648
3.19169
3.2429
3.28449
3.31198
3.32094
3.30854
3.27632
3.23111
3.18399
3.14756
3.1318
3.14018
3.16782
3.20404
3.23688
3.25668
3.25784
3.23958
3.2058
3.16341
3.11996
3.08273
3.05964
3.05739
3.07572
3.10479
3.13217
3.15183
3.16513
3.17458
3.17807
3.1694
3.14513
3.11024
3.07549
3.0505
3.04021
3.04443
3.05951
3.0807
3.10474
3.13179
3.16468
3.2047
3.24789
3.28616
3.31234
3.32366
3.32075
3.30441
3.27385
3.22838
3.17155
3.1127
3.06234
3.02677
3.00785
3.0042
3.01102
3.02159
3.03133
3.04076
3.05361
3.07185
3.09465
3.1213
3.15153
3.18271
3.20759
3.21584
3.19996
3.16165
3.11236
3.06474
3.02466
2.99373
2.97462
2.9704
2.98092
3.00191
3.02665
3.04823
3.06091
3.06049
3.04526
3.01706
2.98189
2.94843
2.92478
2.9157
2.92254
2.94502
2.98105
3.02564
3.0718
3.11173
3.13826
3.1482
3.14387
3.13069
3.11389
3.09765
3.08689
3.0876
3.10249
3.12617
3.14806
3.1605
3.16273
3.15817
3.14852
3.1307
3.09859
3.0478
2.98032
2.90666
2.84192
2.79732
2.77517
2.77263
2.78733
2.81822
2.86219
2.91235
2.9613
3.00579
3.04785
3.09127
3.13665
3.17964
3.21368
3.23361
3.2381
3.23119
3.22061
3.2115
3.20241
3.18945
3.17064
3.14353
3.10315
3.0469
2.98193
2.92505
2.89076
2.87862
2.87755
2.88485
2.9115
2.96108
3.01823
3.06529
3.09383
3.1006
3.08271
3.03989
2.98204
2.92911
2.89111
2.85739
2.81783
2.77795
2.75094
2.74586
2.76412
2.8024
2.85707
2.92521
3.0024
3.08132
3.15302
3.20891
3.24188
3.24741
3.22715
3.19213
3.15716
3.12799
3.09932
3.06678
3.03547
3.01879
3.02896
3.06794
3.12775
3.19743
3.26728
3.32835
3.37299
3.39692
3.4008
3.3901
3.37351
3.36004
3.35486
3.35634
3.35606
3.34265
3.30872
3.25648
3.19612
3.1372
3.08357
3.03625
2.9961
2.96138
2.92594
2.88461
2.84104
2.80761
2.7962
2.81076
2.84766
2.89843
2.95228
2.99959
3.03498
3.05845
3.07331
3.08289
3.08871
3.09148
3.09624
3.11833
3.17484
3.26121
3.35124
3.42291
3.46824
3.4859
3.47539
3.43743
3.37794
3.31148
3.25868
3.23387
3.23192
3.23255
3.21896
3.18894
3.15076
3.113
3.07904
3.04938
3.02622
3.01532
3.02313
3.05121
3.09244
3.13244
3.15509
3.14965
3.11571
3.06257
3.00397
2.95266
2.91834
2.90673
2.9176
2.94338
2.9728
2.99713
3.01375
3.02518
3.03651
3.05321
3.07873
3.11256
3.15052
2.60492
2.63966
2.66958
2.69157
2.70617
2.71604
2.72326
2.72792
2.72944
2.72847
2.72792
2.73154
2.74152
2.75703
2.77498
2.79126
2.80193
2.80447
2.79808
2.78317
2.7607
2.73263
2.70276
2.67603
2.65615
2.64383
2.63731
2.6345
2.63326
2.6311
2.62691
2.62294
2.62381
2.63313
2.65106
2.67343
2.69318
2.70361
2.70154
2.68841
2.66889
2.64826
2.63079
2.62036
2.62166
2.63806
2.66646
2.69682
2.71902
2.72871
2.72692
2.71702
2.70187
2.68327
2.66305
2.64381
2.62804
2.61638
2.60772
2.6018
2.60141
2.61108
2.63329
2.66608
2.7041
2.74076
2.76975
2.7868
2.79153
2.7866
2.77513
2.75877
2.73832
2.71507
2.69102
2.66844
2.6492
2.6347
2.62675
2.6291
2.64616
2.67756
2.71573
2.75057
2.77545
2.78935
2.79526
2.79742
2.79968
2.80527
2.81574
2.82965
2.8427
2.84919
2.84358
2.82156
2.78123
2.72441
2.65818
2.59459
2.54591
2.51736
2.50595
2.50897
2.52849
2.56276
2.59937
2.62352
2.62888
2.62003
2.60889
2.60988
2.63496
2.68891
2.76707
2.85669
2.94168
3.00763
3.04435
3.04613
3.01306
2.95627
2.9007
2.86957
2.8601
2.85053
2.82571
2.78497
2.73615
2.68968
2.65742
2.65014
2.66723
2.69392
2.71447
2.7229
2.72166
2.71504
2.70566
2.69537
2.687
2.68447
2.69132
2.70892
2.73505
2.76404
2.78817
2.79975
2.79244
2.76247
2.71086
2.64663
2.58645
2.54569
2.52808
2.52801
2.54091
2.56711
2.60808
2.65877
2.70532
2.73382
2.73856
2.72176
2.68912
2.647
2.60299
2.56837
2.55869
2.58588
2.64699
2.72631
2.80808
2.88189
2.94029
2.97639
2.98372
2.95776
2.8985
2.81374
2.72066
2.64244
2.5984
2.59371
2.61754
2.65239
2.68565
2.71422
2.74157
2.77165
2.80455
2.83693
2.86481
2.88546
2.89731
2.89843
2.88649
2.86077
2.82457
2.78537
2.75164
2.72758
2.71063
2.69479
2.67679
2.65954
2.65081
2.65848
2.68515
2.72582
2.77072
2.81058
2.84001
2.85739
2.86243
2.85421
2.83166
2.79617
2.75364
2.71319
2.68203
2.66055
2.64136
2.61497
2.58283
2.5662
2.58561
2.63062
2.67464
2.70372
2.7187
2.72678
2.73622
2.7527
2.77615
2.80031
2.81594
2.81636
2.8021
2.78116
2.7636
2.75524
2.75596
2.76222
2.77019
2.77854
2.78862
2.80112
2.81384
2.82296
2.82518
2.81777
2.79857
2.76818
2.73393
2.70975
2.70593
2.71842
2.73374
2.74052
2.73395
2.71502
2.68879
2.66227
2.64202
2.63176
2.63149
2.63886
2.65093
2.66458
2.67635
2.68285
2.68158
2.6716
2.65353
2.62966
2.60356
2.5794
2.56076
2.54971
2.54625
2.54898
2.55746
2.57322
2.59739
2.62789
2.65933
2.68516
2.70011
2.70155
2.68978
2.66806
2.64234
2.61986
2.60639
2.60382
2.61047
2.62547
2.65304
2.69881
2.75984
2.82463
2.88308
2.92977
2.95988
2.96813
2.95212
2.91529
2.86685
2.81906
2.7827
2.76287
2.75775
2.76084
2.7653
2.76751
2.76879
2.77315
2.78203
2.79139
2.79413
2.78478
2.76223
2.73026
2.69574
2.66513
2.6417
2.62576
2.61601
2.60941
2.60076
2.58387
2.55398
2.50994
2.45527
2.39808
2.34933
2.32018
2.31864
2.34583
2.39579
2.46074
2.53628
2.62085
2.71122
2.80037
2.8805
2.94689
2.99954
3.04202
3.07942
3.11492
3.1471
3.16971
3.17462
3.1554
3.10941
3.03867
2.95012
2.85613
2.77332
2.71657
2.69015
2.6862
2.69252
2.70058
2.70742
2.71216
2.71335
2.71115
2.70774
2.70404
2.69886
2.69147
2.68386
2.68058
2.68524
2.69645
2.7081
2.71392
2.71135
2.70131
2.68555
2.66529
2.64177
2.61699
2.59336
2.5732
2.55793
2.54732
2.5397
2.53359
2.52945
2.53041
2.54101
2.56364
2.59632
2.63453
2.67436
2.71386
2.75277
2.79124
2.82783
2.85878
2.87972
2.88871
2.8876
2.88093
2.87372
2.86988
2.87146
2.87814
2.88679
2.89172
2.88675
2.8681
2.83732
2.8026
2.77626
2.76733
2.77411
2.78519
2.78915
2.78325
2.77415
2.7702
2.77261
2.77481
2.77051
2.75954
2.74572
2.73276
2.72368
2.7223
2.73345
2.76075
2.80289
2.85203
2.89666
2.92614
2.93301
2.91333
2.86803
2.80571
2.74393
2.70328
2.69356
2.70821
2.73402
2.75836
2.7706
2.76735
2.7548
2.74228
2.73409
2.72992
2.7309
2.73994
2.75728
2.77834
2.79608
2.80484
2.80269
2.79141
2.77468
2.75631
2.73849
2.72072
2.70113
2.6804
2.66417
2.66032
2.67239
2.69547
2.71852
2.73017
2.72338
2.69751
2.65947
2.62313
2.60392
2.60975
2.63757
2.67949
2.72933
2.7821
2.83049
2.86543
2.88017
2.87275
2.84535
2.80239
2.74941
2.693
2.64052
2.59898
2.57339
2.56581
2.57579
2.6017
2.64168
2.69318
2.75107
2.80702
2.85141
2.87643
2.87862
2.8603
2.82948
2.7968
2.76911
2.7462
2.72594
2.71099
2.70736
2.71773
2.73773
2.75796
2.7691
2.76652
2.75187
2.73142
2.71398
2.70868
2.72004
2.74376
2.77081
2.79402
2.80893
2.81221
2.80173
2.77759
2.74217
2.69928
2.65335
2.6093
2.57354
2.55545
2.56605
2.61129
2.68474
2.76901
2.84494
2.89901
2.92527
2.92407
2.90039
2.86277
2.8217
2.78662
2.76228
2.74768
2.7394
2.73537
2.73477
2.73541
2.73331
2.7254
2.71255
2.6998
2.69383
2.69915
2.7155
2.73815
2.76067
2.77771
2.7861
2.78394
2.76972
2.74336
2.70775
2.66823
2.63077
2.60158
2.58705
2.59102
2.61083
2.63794
2.66321
2.68118
2.69075
2.69309
2.68985
2.68274
2.67324
2.66153
2.64579
2.62381
2.59639
2.56926
2.55027
2.54483
2.55406
2.57575
2.60619
2.64195
2.68142
2.72526
2.77473
2.82856
2.88104
2.92378
2.94944
2.95359
2.93443
2.89234
2.83107
2.76069
2.69871
2.66457
2.66763
2.70024
2.74433
2.78318
2.807
2.8124
2.80052
2.77574
2.7444
2.71327
2.68851
2.6756
2.67726
2.68896
2.70099
2.70967
2.72175
2.74469
2.7773
2.8121
2.84361
2.87059
2.89136
2.90152
2.89691
2.87696
2.84407
2.80102
2.75064
2.69816
2.65314
2.62733
2.62867
2.65644
2.70195
2.75304
2.79834
2.82944
2.8417
2.83429
2.80949
2.77214
2.7292
2.68871
2.65751
2.63826
2.62854
2.62426
2.62426
2.63149
2.64857
2.67283
2.69629
2.71039
2.71069
2.69868
2.68008
2.66153
2.6477
2.64052
2.64021
2.64657
2.65941
2.67739
2.69635
2.70864
2.70526
2.68083
2.63869
2.59174
2.55616
2.54254
2.55229
2.58055
2.62046
2.66516
2.70856
2.74547
2.77125
2.78236
2.77745
2.75747
2.72458
2.68186
2.6344
2.59044
2.55998
2.55072
2.56421
2.5966
2.64251
2.69725
2.75615
2.81332
2.86247
2.89849
2.91835
2.92141
2.90933
2.88556
2.85437
2.82017
2.78702
2.75704
2.72895
2.69884
2.66405
2.62693
2.59476
2.57541
2.57203
2.58166
2.59891
2.61975
2.64279
2.66804
2.69487
2.7202
2.73838
2.74371
2.7345
2.71539
2.6952
2.68124
2.67438
2.66955
2.66155
2.65071
2.64304
2.64561
2.66189
2.69032
2.72518
2.7578
2.77793
2.77656
2.74942
2.69983
2.63947
2.58539
2.55207
2.54295
2.54968
2.55871
2.5592
2.55051
2.54762
2.57169
2.62619
2.6936
2.75364
2.79236
2.80142
2.77843
2.72817
2.66273
2.59982
2.55798
2.54698
2.55991
2.5783
2.58581
2.57625
2.55371
2.52884
2.51308
2.51389
2.53375
2.57037
2.6168
2.66306
2.69936
2.71907
2.72061
2.70801
2.68949
2.67391
2.66627
2.66578
2.66756
2.66728
2.66492
2.66504
2.67274
2.691
2.72397
2.77606
2.83931
2.89121
2.91184
2.89472
2.84376
2.76793
2.67816
2.58541
2.50016
2.4332
2.39605
2.39793
2.4401
2.51295
2.5996
2.68348
2.75445
2.81067
2.85641
2.89561
2.9259
2.94012
2.93367
2.90861
2.87118
2.82704
2.77966
2.73244
2.69107
2.66199
2.64785
2.64595
2.65134
2.65991
2.66914
2.6781
2.68723
2.69765
2.70986
2.72257
2.73256
2.73617
2.73143
2.72013
2.70773
2.70054
2.70246
2.71388
2.73265
2.75528
2.77857
2.80056
2.81998
2.83526
2.84417
2.84431
2.83344
2.80969
2.77254
2.72425
2.6713
2.62413
2.59414
2.58839
2.60604
2.63947
2.67869
2.71436
2.73924
2.74921
2.74434
2.72815
2.70573
2.68167
2.6592
2.64037
2.6271
2.62182
2.62658
2.64135
2.66361
2.68974
2.71693
2.7438
2.76965
2.79332
2.8123
2.82313
2.82294
2.81172
2.79348
2.7749
2.76196
2.75873
2.76907
2.79399
2.82509
2.84742
2.8513
2.83811
2.81714
2.79891
2.78945
2.7881
2.78948
2.78772
2.77985
2.76719
2.75356
2.74134
2.72923
2.71369
2.69209
2.66518
2.63804
2.61927
2.61756
2.63701
2.67494
2.72364
2.77377
2.81744
2.84996
2.87037
2.8806
2.88388
2.88304
2.8798
2.87516
2.86957
2.86211
2.84999
2.82934
2.79795
2.7584
2.71845
2.68724
2.66981
2.66492
2.66804
2.67592
2.6889
2.70993
2.74018
2.77413
2.80049
2.80893
2.7957
2.76476
2.72548
2.68893
2.66269
2.64582
2.62974
2.60568
2.57086
2.52916
2.48792
2.45504
2.43713
2.43735
2.4523
2.47303
2.49166
2.50569
2.51652
2.52633
2.53692
2.54951
2.56423
2.57946
2.59162
2.59607
2.58916
2.57084
2.54618
2.52433
2.51548
2.52751
2.56318
2.61845
2.68386
2.74905
2.80657
2.85276
2.88616
2.90595
2.91177
2.90552
2.89383
2.88728
2.8944
2.91571
2.94434
2.97182
2.99218
3.00258
3.00275
2.99523
2.98556
2.98031
2.98274
2.98907
2.71674
2.70241
2.66935
2.61861
2.55704
2.4941
2.43824
2.39441
2.36362
2.34451
2.33697
2.34659
2.38226
2.44051
2.4986
2.53281
2.53606
2.51854
2.499
2.4936
2.50742
2.53418
2.56337
2.58735
2.60366
2.61333
2.61834
2.61987
2.61821
2.61305
2.60438
2.59318
2.58209
2.57531
2.57716
2.58964
2.61059
2.63379
2.65107
2.65495
2.64071
2.60736
2.55785
2.49874
2.43913
2.38859
2.35462
2.34027
2.34311
2.35703
2.37595
2.39753
2.42431
2.46031
2.50588
2.55624
2.60506
2.64822
2.68483
2.71581
2.74224
2.76415
2.78036
2.78922
2.79012
2.78413
2.77344
2.75952
2.74155
2.71626
2.68106
2.63932
2.60176
2.57724
2.56349
2.55255
2.54099
2.5317
2.53009
2.53977
2.56026
2.58741
2.61556
2.63943
2.65516
2.66096
2.65804
2.65078
2.64506
2.64439
2.64729
2.64822
2.64114
2.62227
2.591
2.5496
2.50241
2.45436
2.40996
2.37365
2.34964
2.34055
2.34577
2.36171
2.38368
2.40724
2.42821
2.44289
2.44892
2.44636
2.43757
2.42622
2.41645
2.41255
2.41822
2.43468
2.45934
2.4869
2.51283
2.53665
2.56196
2.59252
2.62733
2.65954
2.68045
2.68534
2.67656
2.6613
2.64603
2.63194
2.61583
2.59374
2.56413
2.52914
2.49474
2.46817
2.45306
2.44685
2.44397
2.44138
2.4412
2.44894
2.46887
2.49979
2.53447
2.56298
2.57724
2.57428
2.55717
2.5335
2.512
2.49914
2.49758
2.50649
2.52266
2.54221
2.56262
2.584
2.60796
2.63508
2.66344
2.68892
2.70621
2.70993
2.69722
2.67296
2.65219
2.64987
2.66495
2.68395
2.69684
2.70169
2.69989
2.69237
2.6798
2.66386
2.64679
2.6297
2.61167
2.59049
2.56425
2.5331
2.49986
2.46903
2.44474
2.42871
2.4197
2.41497
2.41261
2.41319
2.41897
2.43064
2.4447
2.45567
2.46127
2.46453
2.47138
2.48659
2.51133
2.54299
2.57622
2.60473
2.62348
2.63075
2.62883
2.62258
2.61615
2.61045
2.6034
2.59258
2.57736
2.55924
2.54073
2.52349
2.50705
2.48936
2.46921
2.44822
2.43095
2.42192
2.42134
2.42311
2.41854
2.40377
2.38555
2.38049
2.40444
2.4583
2.52649
2.58941
2.63451
2.65849
2.66438
2.65827
2.6472
2.63718
2.63125
2.62885
2.62704
2.62215
2.61098
2.59154
2.56422
2.533
2.50491
2.48654
2.47975
2.48191
2.49011
2.50258
2.51659
2.52866
2.5372
2.54321
2.54791
2.55053
2.54811
2.53739
2.51731
2.49072
2.46446
2.44648
2.44071
2.44391
2.44829
2.44822
2.44412
2.44168
2.44725
2.46294
2.48513
2.50696
2.52252
2.52923
2.52735
2.51867
2.50546
2.48883
2.46787
2.44188
2.41368
2.38953
2.37501
2.37189
2.37889
2.393
2.40989
2.42451
2.43285
2.43361
2.42902
2.42475
2.42884
2.44783
2.48158
2.52209
2.5576
2.57876
2.58174
2.56791
2.54239
2.51181
2.48183
2.45496
2.4301
2.40391
2.3733
2.33817
2.30422
2.28364
2.28838
2.31904
2.36391
2.40932
2.44736
2.47649
2.49842
2.51452
2.52366
2.52304
2.511
2.48988
2.46632
2.44846
2.44047
2.43943
2.43916
2.43802
2.44069
2.44975
2.46163
2.47326
2.4862
2.50342
2.52502
2.5474
2.56568
2.577
2.58224
2.58469
2.58675
2.5876
2.58377
2.57237
2.55404
2.53215
2.5089
2.48305
2.45219
2.4164
2.37924
2.34613
2.32249
2.3126
2.31827
2.33783
2.36672
2.39991
2.43364
2.46543
2.49321
2.51502
2.52935
2.53566
2.53461
2.52746
2.51497
2.49712
2.47397
2.4471
2.41974
2.39596
2.3795
2.37305
2.37822
2.3949
2.4198
2.44574
2.46357
2.466
2.45027
2.41915
2.38041
2.34545
2.32613
2.32989
2.35622
2.39693
2.44047
2.47699
2.50122
2.51209
2.51051
2.49794
2.47711
2.45348
2.43466
2.4268
2.4311
2.44412
2.46084
2.47731
2.49082
2.49887
2.49861
2.48756
2.46532
2.43546
2.40548
2.38426
2.37751
2.38447
2.3991
2.4142
2.4243
2.42664
2.42242
2.4172
2.41881
2.43265
2.4577
2.48635
2.50823
2.51457
2.50074
2.4677
2.42246
2.37679
2.34266
2.32598
2.32308
2.32331
2.31581
2.29594
2.26774
2.24147
2.22877
2.23856
2.27433
2.33325
2.40748
2.4873
2.56444
2.63289
2.68794
2.72578
2.74508
2.74908
2.74563
2.74444
2.75243
2.76948
2.78808
2.79785
2.79196
2.77093
2.74194
2.71483
2.69721
2.691
2.69194
2.6929
2.68871
2.67845
2.66383
2.6464
2.62684
2.60618
2.58607
2.56682
2.54611
2.51978
2.48519
2.44411
2.40227
2.36544
2.33655
2.3159
2.30282
2.29631
2.2948
2.29648
2.30042
2.30783
2.32058
2.33779
2.3552
2.36827
2.37447
2.37314
2.36529
2.35422
2.3447
2.34004
2.33948
2.33915
2.33567
2.32898
2.32263
2.32227
2.33399
2.36239
2.40763
2.4639
2.52161
2.5715
2.6071
2.62477
2.62352
2.60593
2.58
2.55788
2.54875
2.55209
2.5599
2.56336
2.55709
2.54059
2.51771
2.49522
2.48096
2.4823
2.50317
2.5405
2.5845
2.62328
2.64735
2.65143
2.63466
2.60024
2.55496
2.50819
2.47005
2.44895
2.44892
2.46784
2.49794
2.52934
2.55489
2.57334
2.5884
2.60446
2.62237
2.6385
2.64753
2.64587
2.63323
2.61165
2.58421
2.55486
2.52862
2.51104
2.506
2.51173
2.52128
2.52832
2.53038
2.52751
2.52026
2.50941
2.49633
2.48369
2.47636
2.48227
2.51011
2.56329
2.63557
2.71366
2.78395
2.83673
2.86596
2.86844
2.84475
2.8007
2.74697
2.69582
2.65574
2.62861
2.61131
2.59942
2.58995
2.58277
2.58026
2.58482
2.5962
2.61109
2.62501
2.63451
2.63769
2.63418
2.62574
2.61653
2.61115
2.61148
2.6158
2.62112
2.62614
2.63153
2.63743
2.64156
2.64101
2.6356
2.62896
2.62577
2.62835
2.63523
2.64279
2.64766
2.64761
2.64116
2.62783
2.6092
2.58883
2.56911
2.54864
2.52395
2.49418
2.46351
2.4394
2.42857
2.43385
2.45354
2.48278
2.51579
2.54777
2.57589
2.59877
2.61498
2.62167
2.61551
2.5943
2.55832
2.51109
2.46003
2.41605
2.39061
2.39039
2.41406
2.45369
2.49945
2.54297
2.57856
2.60362
2.61808
2.62303
2.61978
2.61002
2.59484
2.57313
2.54279
2.50422
2.46191
2.42387
2.40022
2.4
2.42533
2.46812
2.51417
2.55083
2.57099
2.57308
2.55878
2.53024
2.48854
2.43545
2.37722
2.32607
2.29646
2.29867
2.33399
2.39217
2.4547
2.50442
2.5323
2.5375
2.52475
2.50137
2.47359
2.44483
2.41831
2.40073
2.40144
2.42579
2.46901
2.5177
2.55724
2.5785
2.58158
2.57638
2.57743
2.59313
2.61848
2.6402
2.64713
2.63519
2.60682
2.56952
2.53454
2.51302
2.50983
2.52112
2.53819
2.55277
2.55867
2.55199
2.53191
2.50212
2.47055
2.44646
2.43581
2.43872
2.45052
2.46531
2.47909
2.49095
2.50201
2.51319
2.52389
2.5329
2.54019
2.54753
2.55713
2.56941
2.58232
2.59254
2.59741
2.59606
2.5899
2.58203
2.57566
2.5724
2.57138
2.56987
2.56498
2.55479
2.539
2.51878
2.49623
2.47369
2.4533
2.43688
2.42531
2.41773
2.41101
2.40016
2.38051
2.35155
2.32081
2.30248
2.30597
2.32553
2.34515
2.35173
2.34154
2.31966
2.29754
2.28892
2.30266
2.33681
2.38022
2.42019
2.44913
2.46674
2.4784
2.49124
2.50921
2.53013
2.54715
2.55391
2.55034
2.54469
2.5481
2.56515
2.59076
2.61598
2.63373
2.64028
2.63513
2.62045
2.60061
2.58156
2.56953
2.56878
2.57932
2.59698
2.61599
2.63219
2.64481
2.65507
2.66312
2.66664
2.6627
2.6508
2.63337
2.61328
2.591
2.5646
2.53283
2.49797
2.46565
2.44198
2.43143
2.43636
2.45636
2.4878
2.52526
2.56383
2.59975
2.63004
2.65218
2.66436
2.66651
2.66089
2.65155
2.6426
2.63641
2.63338
2.63324
2.63552
2.63864
2.63884
2.63114
2.61178
2.58019
2.53966
2.49784
2.46591
2.4549
2.46957
2.50541
2.55245
2.60116
2.64471
2.67758
2.69519
2.69544
2.68005
2.65332
2.61967
2.58211
2.5428
2.50402
2.4682
2.4376
2.41489
2.40293
2.4027
2.4117
2.42618
2.44518
2.47023
2.50068
2.53116
2.55433
2.56518
2.56292
2.55016
2.53062
2.50732
2.48216
2.45683
2.43311
2.41209
2.39401
2.37932
2.36871
2.36162
2.35592
2.3503
2.34706
2.3512
2.36641
2.39198
2.42284
2.4519
2.47256
2.48082
2.47645
2.4638
2.45153
2.45002
2.46663
2.50195
2.54943
2.5979
2.63451
2.64772
2.63108
2.58754
2.53206
2.48672
2.46736
2.4751
2.50125
2.53427
2.56223
2.57502
2.56788
2.54352
2.5112
2.48383
2.47324
2.48565
2.51968
2.56784
2.62052
2.66878
2.70529
2.72533
2.72781
2.71511
2.69118
2.65979
2.62388
2.586
2.54852
2.51283
2.47879
2.44568
2.41539
2.39537
2.39656
2.42424
2.4704
2.52042
2.56537
2.60478
2.64086
2.67334
2.69886
2.71378
2.71685
2.70989
2.69623
2.6776
2.65188
2.61354
2.55723
2.48389
2.40701
2.35224
2.34243
2.3782
2.43941
2.50479
2.56348
2.61231
2.64964
2.673
2.68106
2.67707
2.66914
2.66565
2.67025
2.68186
2.69751
2.71298
2.72175
2.71523
2.68587
2.63512
2.58197
2.5495
2.53399
2.51408
2.48556
2.46278
2.45647
2.46215
2.46831
2.46796
2.46139
2.45177
2.44103
2.43063
2.42521
2.43238
2.45691
2.49474
2.53446
2.56522
2.58258
2.58891
2.58986
2.59008
2.5909
2.59117
2.59002
2.58876
2.59094
2.60042
2.6177
2.63735
2.64994
2.64774
2.62872
2.59696
2.56081
2.53013
2.51293
3.2281
3.22731
3.22903
3.23104
3.23404
3.24157
3.25755
3.28186
3.30866
3.32946
3.33725
3.32956
3.30893
3.28044
3.24831
3.21446
3.17991
3.14669
3.11732
3.09203
3.06665
3.03352
2.98498
2.91818
2.83858
2.76022
2.70079
2.6737
2.68307
2.72468
2.7896
2.86703
2.94642
3.01898
3.07846
3.12109
3.1457
3.15376
3.149
3.13491
3.11212
3.08045
3.04396
3.01155
2.99088
2.98179
2.97794
2.97433
2.97305
2.98221
3.00897
3.053
3.1059
3.15602
3.19265
3.20682
3.19085
3.14019
3.05841
2.96235
2.87837
2.82624
2.80754
2.81115
2.82604
2.85063
2.89146
2.94777
3.00306
3.04003
3.05408
3.05036
3.03618
3.01713
2.99635
2.9759
2.95882
2.95091
2.9589
2.98484
3.02238
3.05954
3.08643
3.10157
3.11139
3.12349
3.14162
3.16607
3.19443
3.22026
3.23241
3.21771
3.16641
3.07737
2.96123
2.83952
2.7377
2.67432
2.65539
2.67913
2.73813
2.81333
2.88043
2.92659
2.95478
2.97632
3.00231
3.03727
3.07644
3.10885
3.12428
3.1175
3.0876
3.0356
2.96395
2.87943
2.79671
2.73682
2.71727
2.74057
2.79377
2.85831
2.91835
2.96425
2.99348
3.00915
3.01718
3.02361
3.03198
3.04163
3.04871
3.0496
3.04312
3.0307
3.01599
3.00451
3.00328
3.01903
3.05388
3.10104
3.14678
3.17845
3.18884
3.17472
3.13619
3.07691
3.00245
2.92457
2.87028
2.8647
2.9002
2.94728
2.98571
3.01298
3.0353
3.05555
3.06754
3.06179
3.03554
2.99598
2.95571
2.92638
2.91445
2.91965
2.93655
2.95802
2.97856
2.99582
3.01043
3.02475
3.0424
3.06691
3.09783
3.12877
3.15151
3.16201
3.16225
3.15703
3.15077
3.147
3.14756
3.15083
3.15163
3.1448
3.1315
3.12321
3.13383
3.16267
3.19244
3.20483
3.19062
3.15018
3.09017
3.01816
2.94102
2.87209
2.83025
2.81648
2.80654
2.77778
2.72602
2.66238
2.6064
2.5802
2.60106
2.67322
2.78372
2.90686
3.01619
3.09519
3.13998
3.15532
3.14915
3.12889
3.10037
3.06776
3.03359
2.99896
2.96428
2.93057
2.90014
2.87499
2.85561
2.84268
2.83928
2.84968
2.87609
2.91749
2.96938
3.02274
3.06582
3.08972
3.09256
3.07966
3.06045
3.04472
3.03995
3.05003
3.07475
3.10952
3.14596
3.17396
3.18535
3.17675
3.14948
3.10706
3.05343
2.9944
2.9394
2.89884
2.87846
2.87768
2.89281
2.9198
2.95442
2.99154
3.02477
3.04749
3.0553
3.04862
3.03313
3.01667
3.00406
2.99365
2.97901
2.95637
2.93306
2.92294
2.92843
2.93888
2.94939
2.96766
3.00238
3.05131
3.10226
3.14271
3.16613
3.17119
3.15963
3.13738
3.11655
3.11223
3.13307
3.1751
3.22524
3.26901
3.29572
3.3003
3.28306
3.24817
3.20195
3.15233
3.10868
3.07966
3.0693
3.07537
3.09134
3.10906
3.12094
3.12232
3.11214
3.09148
3.06169
3.02496
2.98758
2.95903
2.94249
2.92929
2.90818
2.87702
2.8464
2.83497
2.8552
2.90141
2.9567
3.00687
3.04352
3.06188
3.06168
3.04831
3.03007
3.01246
2.9952
2.97408
2.9449
2.90671
2.86302
2.82086
2.78894
2.77589
2.7884
2.82797
2.88922
2.96241
3.03754
3.10689
3.16636
3.21617
3.2595
3.29928
3.33437
3.35817
3.36036
3.33151
3.26953
3.18486
3.09832
3.02839
2.97763
2.93452
2.88978
2.85161
2.84394
2.87998
2.94575
3.02073
3.09465
3.16114
3.21177
3.23943
3.24266
3.22644
3.20066
3.17731
3.16624
3.17098
3.18722
3.20546
3.21568
3.21133
3.19055
3.15506
3.10862
3.05828
3.01622
2.99462
2.99446
3.00299
3.00529
2.9962
2.98247
2.97637
2.98627
3.01042
3.03893
3.06113
3.07119
3.06853
3.05557
3.03551
3.01262
2.99382
2.98765
2.99799
3.01984
3.04357
3.05953
3.05751
3.02947
2.97699
2.91389
2.86052
2.83302
2.83477
2.85658
2.8857
2.91503
2.94426
2.97483
3.0061
3.03621
3.06451
3.09221
3.12063
3.14898
3.17416
3.19239
3.19932
3.19096
3.16718
3.13328
3.09652
3.0633
3.03696
3.01209
2.97736
2.93244
2.89571
2.88865
2.91365
2.95307
2.98558
2.99787
2.9881
2.965
2.9429
2.93399
2.94252
2.96571
2.99701
3.02818
3.05208
3.06683
3.07675
3.08644
3.09492
3.09998
3.10522
3.11744
3.13876
3.16325
3.181
3.18497
3.17486
3.15596
3.13408
3.11172
3.08827
3.06288
3.03747
3.01757
3.00934
3.01508
3.03321
3.06012
3.08881
3.1085
3.11135
3.10194
3.09621
3.10423
3.12006
3.13461
3.14565
3.15333
3.15637
3.15429
3.1496
3.14404
3.13288
3.10879
3.0805
3.08355
3.14061
3.22327
3.29251
3.33355
3.34786
3.34267
3.32751
3.3119
3.30264
3.30176
3.30646
3.31055
3.30668
3.28964
3.2601
3.22613
3.19882
3.18379
3.17725
3.17045
3.15673
3.13493
3.1086
3.08328
3.06395
3.05346
3.05204
3.05716
3.06387
3.06634
3.06098
3.04894
3.03574
3.02807
3.02977
3.03955
3.05163
3.05798
3.05175
3.03059
2.99763
2.95874
2.91831
2.87897
2.84657
2.83261
2.84729
2.8912
2.95683
3.03377
3.11019
3.17378
3.21412
3.22549
3.20895
3.17277
3.1296
3.09116
3.06555
3.05757
3.06767
3.09027
3.11533
3.1324
3.13414
3.11746
3.0831
3.03554
2.98453
2.94659
2.94034
2.97292
3.03139
3.09414
3.14675
3.18512
3.21064
3.2259
3.23273
3.23122
3.21877
3.19074
3.14378
3.08062
3.01082
2.94548
2.89148
2.85106
2.82408
2.81009
2.80815
2.81396
2.81935
2.81923
2.82001
2.83778
2.88392
2.95172
3.02074
3.07133
3.0934
3.08747
3.06286
3.03323
3.00753
2.98393
2.95692
2.92754
2.90174
2.88279
2.86848
2.85526
2.84336
2.83785
2.8449
2.86652
2.89841
2.93277
2.96277
2.98485
2.99828
3.00269
2.99802
2.9908
3.0009
3.04425
3.10547
3.15581
3.18436
3.19723
3.20384
3.20913
3.21324
3.21453
3.2118
3.20381
3.1872
3.15681
3.11178
3.06292
3.0231
2.98703
2.94103
2.89283
2.86796
2.86856
2.86319
2.82563
2.75509
2.6691
2.59571
2.5671
2.59838
2.67
2.75066
2.82398
2.88549
2.93287
2.96428
2.98003
2.98343
2.97989
2.9748
2.97182
2.97283
2.97812
2.98528
2.98855
2.98055
2.95613
2.91684
2.8729
2.83969
2.82802
2.83489
2.84577
2.84819
2.84092
2.82966
2.8171
2.79855
2.76619
2.71763
2.66296
2.62336
2.61652
2.6426
2.68943
2.74497
2.801
2.85066
2.8864
2.9012
2.89321
2.86819
2.83322
2.79184
2.75276
2.73289
2.74366
2.7848
2.84779
2.91792
2.97833
3.01576
3.02435
3.00814
2.9813
2.96252
2.96477
2.98893
3.02726
3.07177
3.11867
3.16699
3.21569
3.26262
3.30484
3.33802
3.35558
3.34961
3.31402
3.24836
3.16128
3.07192
3.00493
2.97715
2.98601
3.01364
3.04066
3.05543
3.05533
3.04508
3.03379
3.03076
3.0414
3.06504
3.09583
3.12526
3.14451
3.14623
3.12656
3.087
3.03536
2.98435
2.94749
2.93393
2.94542
2.97778
3.02425
3.07737
3.12982
3.17546
3.21035
3.23313
3.24434
3.24556
3.23856
3.22527
3.2087
3.19432
3.18959
3.19911
3.21862
3.23685
3.24398
3.23662
3.21675
3.18954
3.16244
3.14311
3.13501
3.13545
3.13901
3.14124
3.13941
3.13384
3.12881
3.12846
3.13122
3.12997
3.11773
3.09282
3.0605
3.02943
3.00558
2.99043
2.9841
2.98751
3.00219
3.03026
3.07227
3.12386
3.17618
3.22027
3.24997
3.26209
3.25614
3.23434
3.20137
3.16347
3.12723
3.09858
3.08119
3.07392
3.06999
3.06137
3.04607
3.03093
3.02595
3.03629
3.05904
3.08693
3.11412
3.13738
3.15396
3.16059
3.15437
3.13415
3.10186
3.0639
3.03065
3.01163
3.00877
3.01504
3.02081
3.02109
3.01671
3.01055
3.00341
2.99338
2.97813
2.95757
2.93412
2.91084
2.88949
2.87028
2.85305
2.83921
2.83223
2.83546
2.84879
2.86782
2.88736
2.90452
2.91798
2.92671
2.93299
2.94444
2.9676
3.00046
3.03672
3.07237
3.10381
3.1248
3.1282
3.11098
3.07898
3.04696
3.0285
3.02438
3.02678
3.03042
3.03465
3.04038
3.04897
3.06265
3.08342
3.11037
3.13855
3.15988
3.1654
3.15007
3.11877
3.08617
3.06365
3.04835
3.03098
3.00782
2.98254
2.96321
2.95824
2.9715
2.99902
3.03105
3.05763
3.07236
3.07216
3.05579
3.02376
2.97917
2.92823
2.87955
2.84224
2.82313
2.82505
2.84781
2.89013
2.94846
3.01312
3.06973
3.10696
3.12176
3.11833
3.10381
3.08388
3.06145
3.0392
3.02045
3.00542
2.98913
2.96603
2.93726
2.9111
2.89507
2.88951
2.89181
2.90426
2.93128
2.96795
3.00149
3.02365
3.03498
3.04029
3.04332
3.04387
3.03883
3.02478
3.00006
2.96602
2.9286
2.89765
2.88239
2.88605
2.90434
2.92767
2.94513
2.9483
2.93356
2.90254
2.863
2.82921
2.81578
2.82692
2.85389
2.88315
2.90534
2.91808
2.92219
2.91658
2.89865
2.87054
2.84303
2.82997
2.83794
2.86206
2.89218
2.92053
2.94396
2.96238
2.97726
2.99065
3.00401
3.01642
3.02456
3.0249
3.01577
2.99689
2.96863
2.93384
2.90003
2.8767
2.86895
2.87572
2.89451
2.92568
2.9722
3.03603
3.11353
3.19393
3.26384
3.31353
3.33942
3.34215
3.32316
3.28338
3.22464
3.15146
3.0712
2.99276
2.92657
2.88293
2.86547
2.86673
2.87404
2.87903
2.88107
2.88449
2.89316
2.90684
2.92277
2.93956
2.95876
2.98274
3.01175
3.04283
3.07165
3.09533
3.11498
3.13624
3.1658
3.20511
3.24645
3.27587
3.28094
3.25852
3.21627
