-5.75045
-5.7388
-5.71549
-5.70415
-5.69314
-5.68568
-5.68179
-5.67757
-5.674
-5.67237
-5.66946
-5.66946
-5.66947
-5.66915
-5.66884
-5.66787
-5.6682
-5.6682
-5.66723
-5.66658
-5.66593
-5.66593
-5.66722
-5.66657
-5.66787
-5.66851
-5.66819
-5.66883
-5.66818
-5.66818
-5.66818
-5.66818
-5.66916
-5.66916
-5.66851
-5.66948
-5.67046
-5.66981
-5.67078
-5.67208
-5.67402
-5.6724
-5.67239
-5.67336
-5.67401
-5.67401
-5.67401
-5.67239
-5.67272
-5.67434
-5.67401
-5.67239
-5.67272
-5.67401
-5.67272
-5.6711
-5.67013
-5.66948
-5.66721
-5.66786
-5.66591
-5.66818
-5.6698
-5.6711
-5.67175
-5.67142
-5.67304
-5.67401
-5.67531
-5.67401
-5.67336
-5.6753
-5.6779
-5.67822
-5.6766
-5.67531
-5.67628
-5.67531
-5.67466
-5.67434
-5.67304
-5.67336
-5.67271
-5.674
-5.67174
-5.67304
-5.67304
-5.67336
-5.67142
-5.67336
-5.67434
-5.67433
-5.67595
-5.67498
-5.67563
-5.67466
-5.67433
-5.67498
-5.67433
-5.67336
-5.67142
-5.67078
-5.67143
-5.67013
-5.66916
-5.66916
-5.66787
-5.66819
-5.66722
-5.66786
-5.66883
-5.66754
-5.66786
-5.66851
-5.66948
-5.66916
-5.66981
-5.66981
-5.67305
-5.6737
-5.67435
-5.67823
-5.6805
-5.68017
-5.67888
-5.67725
-5.67758
-5.67823
-5.67855
-5.67887
-5.67985
-5.67985
-5.68082
-5.67791
-5.67629
-5.67596
-5.67564
-5.6737
-5.67272
-5.6737
-5.6724
-5.67175
-5.67305
-5.67402
-5.67402
-5.67272
-5.67402
-5.67143
-5.6711
-5.67046
-5.67078
-5.67013
-5.67014
-5.67078
-5.67111
-5.6724
-5.67208
-5.67176
-5.67305
-5.67273
-5.67241
-5.67111
-5.66852
-5.67013
-5.6711
-5.6711
-5.67046
-5.67337
-5.67272
-5.67369
-5.67466
-5.67239
-5.67498
-5.67531
-5.67628
-5.67563
-5.67531
-5.67887
-5.67758
-5.67758
-5.67531
-5.67628
-5.67563
-5.67563
-5.67401
-5.67563
-5.67433
-5.6766
-5.67725
-5.68049
-5.67855
-5.67563
-5.67498
-5.67531
-5.67466
-5.67466
-5.67434
-5.67401
-5.67304
-5.67498
-5.67466
-5.67239
-5.67369
-5.67595
-5.67628
-5.67434
-5.67369
-5.67305
-5.6724
-5.67046
-5.67272
-5.67272
-5.6724
-5.67369
-5.67628
-5.67693
-5.67693
-5.67499
-5.67402
-5.67531
-5.67531
-5.67628
-5.67564
-5.67467
-5.67273
-5.67175
-5.67175
-5.67078
-5.67013
-5.67078
-5.67207
-5.67401
-5.67272
-5.67304
-5.67207
-5.67046
-5.67143
-5.67143
-5.67175
-5.6737
-5.67305
-5.67337
-5.67175
-5.67046
-5.67272
-5.67466
-5.67337
-5.67369
-5.67628
-5.67855
-5.67629
-5.67597
-5.67694
-5.67532
-5.67467
-5.67402
-5.67435
-5.67499
-5.67629
-5.67661
-5.67693
-5.67693
-5.67855
-5.67855
-5.67791
-5.67726
-5.67499
-5.67337
-5.67175
-5.67272
-5.67433
-5.67239
-5.67498
-5.6779
-5.67693
-5.67532
-5.67532
-5.67467
-5.67726
-5.67693
-5.67661
-5.67564
-5.67693
-5.67596
-5.67693
-5.67661
-5.67467
-5.67661
-5.67694
-5.67823
-5.67499
-5.67273
-5.6737
-5.67337
-5.67499
-5.67564
-5.67402
-5.67596
-5.67726
-5.6779
-5.67758
-5.67888
-5.67726
-5.67499
-5.67597
-5.67402
-5.67305
-5.67272
-5.67305
-5.67564
-5.67531
-5.67305
-5.6724
-5.67045
-5.6698
-5.66948
-5.67078
-5.67078
-5.67045
-5.6724
-5.67596
-5.67693
-5.67661
-5.67661
-5.67661
-5.67629
-5.67629
-5.67499
-5.67628
-5.67628
-5.67434
-5.67466
-5.67466
-5.67499
-5.67434
-5.67564
-5.67628
-5.67434
-5.67305
-5.6724
-5.67434
-5.6724
-5.67143
-5.6711
-5.67078
-5.67045
-5.67304
-5.67142
-5.67045
-5.66948
-5.66851
-5.67272
-5.6724
-5.67304
-5.67369
-5.67272
-5.67272
-5.67434
-5.67628
-5.67693
-5.67563
-5.67466
-5.67434
-5.67434
-5.67531
-5.67434
-5.67498
-5.67499
-5.67531
-5.67693
-5.67693
-5.67661
-5.67563
-5.67369
-5.67175
-5.67337
-5.67142
-5.67012
-5.67012
-5.66883
-5.66721
-5.66689
-5.66689
-5.67012
-5.67109
-5.67368
-5.67401
-5.67562
-5.6753
-5.67498
-5.67725
-5.67628
-5.67466
-5.67336
-5.67045
-5.67142
-5.66916
-5.66818
-5.6698
-5.66883
-5.6685
-5.66882
-5.66785
-5.66721
-5.66689
-5.66786
-5.67077
-5.67175
-5.67369
-5.67466
-5.67272
-5.67401
-5.67272
-5.67595
-5.67401
-5.67304
-5.67498
-5.67628
-5.67757
-5.67725
-5.67854
-5.67757
-5.67368
-5.67271
-5.67401
-5.67401
-5.67401
-5.67401
-5.67336
-5.67466
-5.67304
-5.67466
-5.67433
-5.67369
-5.67174
-5.67239
-5.67174
-5.67239
-5.67304
-5.67142
-5.67077
-5.66948
-5.67271
-5.67271
-5.67271
-5.67368
-5.67271
-5.6753
-5.67628
-5.67692
-5.67563
-5.6766
-5.67337
-5.67466
-5.67402
-5.67434
-5.67434
-5.67499
-5.67467
-5.67499
-5.67369
-5.67337
-5.67271
-5.67465
-5.67336
-5.67433
-5.67433
-5.6753
-5.67433
-5.67466
-5.67498
-5.67369
-5.67401
-5.67369
-5.67434
-5.67434
-5.67596
-5.67564
-5.67661
-5.67499
-5.67693
-5.67563
-5.67369
-5.67143
-5.67013
-5.6711
-5.67078
-5.67142
-5.67175
-5.67175
-5.67175
-5.67207
-5.67142
-5.67077
-5.67207
-5.67304
-5.67208
-5.67143
-5.67273
-5.6724
-5.67143
-5.67305
-5.67175
-5.67337
-5.67207
-5.67239
-5.67401
-5.67563
-5.67434
-5.67466
-5.67402
-5.67402
-5.6737
-5.67305
-5.67337
-5.67337
-5.67401
-5.67563
-5.67466
-5.67498
-5.67531
-5.67401
-5.67563
-5.67466
-5.67369
-5.67337
-5.67434
-5.67272
-5.67499
-5.67434
-5.67434
-5.67466
-5.67498
-5.6779
-5.67692
-5.67627
-5.67595
-5.67498
-5.67595
-5.67628
-5.67628
-5.67466
-5.67596
-5.67628
-5.67758
-5.67466
-5.67337
-5.67336
-5.67336
-5.67336
-5.67433
-5.67498
-5.67498
-5.67531
-5.67596
-5.67531
-5.67402
-5.67596
-5.67596
-5.67499
-5.67499
-5.67402
-5.67369
-5.6724
-5.67273
-5.6737
-5.67273
-5.6737
-5.67337
-5.67499
-5.67111
-5.67111
-5.6724
-5.67143
-5.67078
-5.66949
-5.67078
-5.66917
-5.67079
-5.67014
-5.66982
-5.66917
-5.67014
-5.66982
-5.66884
-5.67014
-5.66949
-5.66948
-5.67046
-5.67175
-5.67175
-5.67208
-5.6724
-5.67402
-5.67402
-5.6737
-5.67273
-5.67532
-5.6763
-5.67597
-5.67921
-5.67791
-5.67597
-5.67661
-5.67564
-5.67499
-5.67564
-5.67629
-5.675
-5.67565
-5.675
-5.67435
-5.67662
-5.67532
-5.67662
-5.675
-5.675
-5.67241
-5.67306
-5.67046
-5.67144
-5.67144
-5.66917
-5.6695
-5.6695
-5.66982
-5.67145
-5.67404
-5.67339
-5.67501
-5.6763
-5.6763
-5.67662
-5.67532
-5.67208
-5.67402
-5.67208
-5.66949
-5.66949
-5.66723
-5.66626
-5.66723
-5.6682
-5.66982
-5.67112
-5.67177
-5.67371
-5.67339
-5.6763
-5.67662
-5.67597
-5.67792
-5.67791
-5.67921
-5.67921
-5.67824
-5.67791
-5.67565
-5.67727
-5.67371
-5.675
-5.67532
-5.67467
-5.67499
-5.67467
-5.67499
-5.67467
-5.67337
-5.67305
-5.67306
-5.67338
-5.67306
-5.67403
-5.67532
-5.675
-5.67403
-5.67565
-5.67338
-5.67533
-5.675
-5.67403
-5.67468
-5.675
-5.675
-5.67598
-5.67306
-5.67339
-5.67209
-5.67047
-5.67079
-5.67176
-5.6695
-5.66885
-5.66821
-5.66951
-5.67275
-5.67501
-5.67501
-5.67533
-5.67436
-5.67597
-5.675
-5.675
-5.67338
-5.67306
-5.67176
-5.67241
-5.67338
-5.67565
-5.67533
-5.67371
-5.67177
-5.67112
-5.67112
-5.67144
-5.67273
-5.67403
-5.6737
-5.67402
-5.67305
-5.67273
-5.6737
-5.67241
-5.67241
-5.67144
-5.6708
-5.67306
-5.67339
-5.67436
-5.67533
-5.67662
-5.67824
-5.67727
-5.67597
-5.67565
-5.675
-5.67759
-5.67759
-5.67694
-5.6763
-5.67468
-5.67371
-5.67306
-5.67209
-5.67339
-5.67371
-5.67339
-5.67112
-5.67144
-5.67241
-5.67209
-5.67306
-5.67371
-5.67242
-5.67274
-5.67501
-5.67339
-5.67177
-5.67468
-5.67274
-5.67306
-5.67241
-5.67241
-5.67176
-5.6737
-5.67176
-5.67305
-5.67047
-5.67176
-5.67209
-5.67274
-5.67177
-5.67274
-5.67113
-5.67275
-5.67339
-5.67501
-5.67306
-5.67177
-5.67047
-5.67047
-5.66917
-5.66885
-5.66755
-5.66885
-5.66982
-5.66724
-5.66788
-5.66724
-5.66756
-5.66854
-5.66886
-5.66756
-5.66789
-5.66821
-5.6708
-5.6708
-5.67144
-5.67112
-5.67274
-5.67371
-5.67339
-5.67274
-5.67371
-5.67339
-5.67371
-5.67695
-5.67468
-5.67501
-5.67372
-5.67307
-5.67404
-5.67696
-5.67631
-5.67372
-5.67274
-5.67372
-5.67404
-5.67372
-5.67663
-5.67371
-5.67339
-5.67469
-5.67436
-5.67339
-5.67371
-5.67274
-5.67469
-5.67696
-5.67858
-5.67663
-5.67502
-5.67566
-5.67437
-5.67533
-5.67436
-5.6763
-5.67695
-5.67566
-5.67339
-5.67436
-5.67339
-5.67371
-5.67435
-5.67274
-5.67209
-5.67144
-5.67047
-5.67145
-5.67015
-5.66788
-5.67144
-5.67306
-5.67112
-5.67403
-5.67533
-5.67404
-5.67436
-5.67339
-5.67371
-5.67306
-5.67501
-5.67371
-5.67242
-5.67339
-5.67274
-5.67306
-5.67306
-5.67112
-5.67176
-5.67306
-5.67144
-5.67111
-5.67371
-5.67371
-5.67273
-5.67338
-5.67435
-5.67824
-5.67824
-5.67825
-5.67793
-5.67825
-5.67696
-5.67501
-5.67501
-5.67371
-5.67274
-5.67241
-5.67209
-5.67306
-5.67436
-5.67306
-5.67339
-5.67242
-5.67242
-5.67275
-5.67275
-5.67307
-5.67275
-5.67372
-5.6734
-5.67307
-5.67339
-5.67177
-5.67015
-5.67015
-5.67177
-5.67177
-5.67403
-5.67565
-5.67533
-5.67825
-5.67727
-5.67598
-5.67501
-5.67469
-5.67501
-5.67663
-5.67533
-5.67565
-5.67501
-5.67403
-5.67435
-5.67629
-5.675
-5.67532
-5.675
-5.67468
-5.67597
-5.67662
-5.67598
-5.67371
-5.67404
-5.67242
-5.67048
-5.67113
-5.67372
-5.67598
-5.67339
-5.6763
-5.67404
-5.67339
-5.67339
-5.67403
-5.675
-5.67533
-5.67727
-5.67597
-5.675
-5.67306
-5.67338
-5.67144
-5.67306
-5.67597
-5.67759
-5.67694
-5.67662
-5.67274
-5.67338
-5.67468
-5.67273
-5.67111
-5.67111
-5.67079
-5.67112
-5.67209
-5.67079
-5.6695
-5.67015
-5.67241
-5.67112
-5.67177
-5.67144
-5.67177
-5.67371
-5.67306
-5.67468
-5.67727
-5.67888
-5.67953
-5.68083
-5.67856
-5.67889
-5.67792
-5.67695
-5.67695
-5.67468
-5.6763
-5.67662
-5.67856
-5.67953
-5.6805
-5.67791
-5.67694
-5.67564
-5.6737
-5.6724
-5.67144
-5.67079
-2.91997
-2.91965
-2.91998
-2.91608
-2.91541
-2.91667
-2.91633
-2.916
-2.91763
-2.91667
-2.9157
-2.917
-2.91701
-2.91345
-2.91185
-2.91379
-2.91639
-2.91541
-2.9167
-2.91897
-2.91767
-2.91669
-2.91862
-2.91991
-2.91829
-2.91862
-2.92089
-2.92089
-2.9196
-2.9209
-2.92122
-2.9222
-2.92414
-2.92479
-2.92511
-2.92283
-2.92154
-2.92154
-2.92283
-2.92122
-2.92219
-2.92057
-2.92186
-2.92251
-2.92607
-2.92575
-2.92542
-2.92347
-2.92411
-2.92346
-2.92314
-2.92606
-2.92574
-2.92638
-2.92314
-2.92023
-2.92055
-2.91925
-2.91861
-2.91958
-2.91893
-2.91893
-2.91666
-2.91763
-2.91569
-2.91634
-2.91764
-2.91829
-2.92024
-2.92186
-2.92024
-2.92089
-2.92088
-2.92282
-2.92347
-2.92218
-2.91959
-2.91862
-2.91862
-2.91796
-2.91828
-2.91828
-2.91861
-2.91699
-2.917
-2.917
-2.9157
-2.91668
-2.91603
-2.91861
-2.91894
-2.91732
-2.91635
-2.91894
-2.91991
-2.91959
-2.91894
-2.91603
-2.91571
-2.91441
-2.91376
-2.91246
-2.91083
-2.91019
-2.91181
-2.91085
-2.91054
-2.91215
-2.91441
-2.91149
-2.91117
-2.90859
-2.91313
-2.91345
-2.91473
-2.91407
-2.91342
-2.91602
-2.91766
-2.91961
-2.92026
-2.9196
-2.9183
-2.91733
-2.91506
-2.91635
-2.91376
-2.91376
-2.91473
-2.91377
-2.9141
-2.91313
-2.91443
-2.9154
-2.91637
-2.92026
-2.92092
-2.92124
-2.92577
-2.92317
-2.92024
-2.91732
-2.91699
-2.91667
-2.91701
-2.91896
-2.92253
-2.92027
-2.92124
-2.92124
-2.92091
-2.91993
-2.91992
-2.91958
-2.91829
-2.91733
-2.91702
-2.91605
-2.91476
-2.9154
-2.91378
-2.91539
-2.91797
-2.92088
-2.92153
-2.92121
-2.92024
-2.92316
-2.92025
-2.91766
-2.91765
-2.91862
-2.91733
-2.91831
-2.91864
-2.91767
-2.91929
-2.91864
-2.91766
-2.91666
-2.91375
-2.91474
-2.91605
-2.91475
-2.91539
-2.91668
-2.91603
-2.91959
-2.92153
-2.92185
-2.91862
-2.91798
-2.91831
-2.918
-2.91962
-2.92123
-2.92058
-2.92154
-2.9212
-2.92021
-2.92054
-2.91959
-2.92026
-2.91671
-2.91767
-2.91572
-2.91604
-2.91605
-2.9154
-2.91669
-2.91797
-2.91699
-2.91602
-2.91668
-2.91669
-2.91767
-2.91605
-2.91605
-2.9154
-2.91508
-2.91443
-2.91474
-2.91441
-2.91375
-2.91699
-2.91668
-2.91798
-2.9154
-2.91638
-2.91735
-2.91637
-2.91507
-2.91506
-2.92057
-2.9209
-2.92188
-2.92414
-2.92349
-2.92315
-2.9199
-2.91861
-2.91798
-2.91799
-2.91509
-2.91314
-2.91508
-2.91572
-2.917
-2.9183
-2.91895
-2.91831
-2.91701
-2.91732
-2.91861
-2.91796
-2.91991
-2.91668
-2.91767
-2.91573
-2.91573
-2.91702
-2.91766
-2.9196
-2.91896
-2.91961
-2.92123
-2.92123
-2.92058
-2.91961
-2.91961
-2.92025
-2.91701
-2.91896
-2.91863
-2.92154
-2.92316
-2.92543
-2.92285
-2.92188
-2.92091
-2.91896
-2.92187
-2.92089
-2.92154
-2.92025
-2.92122
-2.91993
-2.92187
-2.91992
-2.92218
-2.92024
-2.91831
-2.92123
-2.91994
-2.92188
-2.92059
-2.91929
-2.91864
-2.91832
-2.91766
-2.91636
-2.9154
-2.91573
-2.9154
-2.9154
-2.91605
-2.91702
-2.91767
-2.91669
-2.91701
-2.91732
-2.92056
-2.91798
-2.9183
-2.91992
-2.92155
-2.91961
-2.91799
-2.91605
-2.91637
-2.91637
-2.91605
-2.91864
-2.91928
-2.91896
-2.91798
-2.9183
-2.91862
-2.92056
-2.92023
-2.92057
-2.92026
-2.92156
-2.92448
-2.92221
-2.92253
-2.92091
-2.92058
-2.92058
-2.91993
-2.91928
-2.91636
-2.91539
-2.91443
-2.91509
-2.9138
-2.9151
-2.91801
-2.91639
-2.91443
-2.91637
-2.91539
-2.91442
-2.9154
-2.9167
-2.9167
-2.91573
-2.9167
-2.91606
-2.91574
-2.91736
-2.91607
-2.91769
-2.91477
-2.91606
-2.91508
-2.91248
-2.91409
-2.91505
-2.91668
-2.91766
-2.91735
-2.91736
-2.91736
-2.91865
-2.92059
-2.9222
-2.92026
-2.91993
-2.91962
-2.91929
-2.92091
-2.92058
-2.91927
-2.91992
-2.91927
-2.92089
-2.92154
-2.92187
-2.92123
-2.92285
-2.91994
-2.92091
-2.92221
-2.9193
-2.918
-2.918
-2.92059
-2.92091
-2.92123
-2.92024
-2.91863
-2.91801
-2.91834
-2.91607
-2.91185
-2.90991
-2.90958
-2.91249
-2.91313
-2.91313
-2.91152
-2.91251
-2.91478
-2.91769
-2.91639
-2.91671
-2.91767
-2.91572
-2.91508
-2.9154
-2.9154
-2.91573
-2.91639
-2.9177
-2.9177
-2.91705
-2.91542
-2.91412
-2.91508
-2.91314
-2.91184
-2.91185
-2.91089
-2.91219
-2.91576
-2.91608
-2.91477
-2.91476
-2.91541
-2.91444
-2.91769
-2.91899
-2.91898
-2.91963
-2.91996
-2.91835
-2.91998
-2.92128
-2.92161
-2.92258
-2.92224
-2.91996
-2.91801
-2.91834
-2.92028
-2.9219
-2.91963
-2.91897
-2.92028
-2.91868
-2.91965
-2.92094
-2.92093
-2.9206
-2.92027
-2.91962
-2.91962
-2.91994
-2.92221
-2.92416
-2.92157
-2.92287
-2.92319
-2.92157
-2.92254
-2.92351
-2.92319
-2.92125
-2.9193
-2.92027
-2.91832
-2.91735
-2.91897
-2.91897
-2.91735
-2.91541
-2.91573
-2.91768
-2.9164
-2.91479
-2.91512
-2.91382
-2.91509
-2.91541
-2.91671
-2.91737
-2.91899
-2.91963
-2.918
-2.92221
-2.92286
-2.92351
-2.92059
-2.92157
-2.92416
-2.92287
-2.91996
-2.92092
-2.92059
-2.91962
-2.91767
-2.91767
-2.91734
-2.91734
-2.91638
-2.91607
-2.91802
-2.9164
-2.91672
-2.91607
-2.91671
-2.91412
-2.91542
-2.91477
-2.91315
-2.91476
-2.91507
-2.91637
-2.91802
-2.91901
-2.91933
-2.91899
-2.9167
-2.91572
-2.91702
-2.91639
-2.91542
-2.9164
-2.91802
-2.9177
-2.91672
-2.91478
-2.91672
-2.91543
-2.91607
-2.91476
-2.9154
-2.91799
-2.91832
-2.91477
-2.91575
-2.91478
-2.91446
-2.91348
-2.9151
-2.9151
-2.91444
-2.91736
-2.91767
-2.92026
-2.91831
-2.91994
-2.92092
-2.91964
-2.91931
-2.91769
-2.92027
-2.92189
-2.92189
-2.9206
-2.91802
-2.91641
-2.91641
-2.91609
-2.91382
-2.91348
-2.91574
-2.91541
-2.91702
-2.91864
-2.91832
-2.91833
-2.91801
-2.92027
-2.92125
-2.92222
-2.92061
-2.91932
-2.91965
-2.91836
-2.91965
-2.9219
-2.9235
-2.92155
-2.92059
-2.91671
-2.91704
-2.91703
-2.91637
-2.91863
-2.91897
-2.91801
-2.91867
-2.919
-2.91868
-2.91446
-2.91575
-2.91768
-2.91735
-2.91831
-2.91734
-2.91702
-2.91799
-2.91832
-2.92027
-2.91898
-2.92157
-2.92125
-2.91865
-2.91865
-2.91994
-2.91669
-2.91604
-2.91604
-2.91669
-2.92058
-2.92091
-2.91896
-2.91993
-2.92154
-2.91927
-2.91798
-2.91896
-2.91864
-2.92027
-2.91832
-2.91929
-2.92026
-2.92058
-2.92123
-2.92123
-2.91928
-2.91928
-2.91798
-2.91863
-2.9209
-2.92058
-2.91799
-2.91604
-2.91604
-2.91475
-2.91669
-2.91573
-2.91767
-2.918
-2.91703
-2.91637
-2.91313
-2.9141
-2.91377
-2.91539
-2.91734
-2.91993
-2.91896
-2.91992
-2.92056
-2.91861
-2.91829
-2.917
-2.9183
-2.91635
-2.917
-2.91538
-2.91377
-2.91701
-2.91571
-2.91409
-2.91473
-2.91473
-2.91408
-2.91376
-2.91571
-2.91765
-2.92153
-2.91958
-2.9199
-2.92184
-2.92249
-2.9212
-2.92217
-2.92314
-2.92282
-2.92282
-2.92153
-2.92024
-2.9196
-2.91927
-2.91992
-2.91829
-2.91634
-2.91634
-2.91666
-2.91504
-2.91537
-2.91375
-2.91407
-2.91343
-2.91408
-2.91604
-2.91539
-2.91668
-2.91797
-2.91861
-2.91893
-2.91861
-2.91894
-2.91959
-2.92088
-2.92056
-2.91959
-2.92057
-2.92154
-2.92089
-2.92089
-2.92154
-2.91895
-2.91799
-2.91896
-2.91766
-2.92024
-2.91732
-2.91731
-2.91538
-2.91506
-2.91376
-2.91343
-2.91375
-2.91666
-2.91925
-2.9186
-2.91861
-2.91733
-2.92025
-2.91896
-2.92091
-2.91961
-2.91927
-2.9157
-2.91634
-2.91506
-2.91216
-2.91281
-2.91411
-2.91572
-2.91539
-2.91311
-2.91181
-2.91311
-2.91247
-2.9128
-2.91281
-2.91249
-2.91378
-2.91281
-2.91443
-2.91507
-2.91668
-2.9196
-2.9196
-2.91701
-2.91928
-2.92057
-2.92088
-2.92218
-2.92413
-2.92608
-2.9248
-2.92642
-2.92512
-2.92447
-2.92381
-2.92413
-2.92348
-2.92186
-2.91896
-2.91637
-2.91509
-2.91639
-2.91542
-2.91639
-2.91737
-2.91672
-2.91574
-2.91508
-2.91636
-2.91506
-2.91312
-2.91281
-2.91379
-2.91509
-2.91542
-2.91638
-2.91669
-2.91572
-2.91638
-2.91932
-2.91868
-2.91803
-2.92029
-2.92092
-2.92253
-2.9209
-2.92188
-2.92188
-2.92221
-2.91962
-2.91768
-2.91832
-2.91541
-2.91671
-2.91639
-2.91607
-2.91509
-2.9167
-2.91605
-2.91572
-2.91508
-2.91638
-2.91833
-2.91768
-2.91704
-2.918
-2.91703
-2.91702
-2.91896
-2.91895
-2.91862
-2.91798
-2.91831
-2.91897
-2.91962
-2.91832
-2.91897
-2.91605
-2.91637
-2.91604
-2.91442
-2.91571
-2.91701
-2.91604
-2.9167
-2.91896
-2.91896
-2.91799
-2.91831
-2.91994
-2.91929
-2.91865
-2.91865
-2.91864
-2.91832
-2.91767
-2.91734
-2.91637
-2.91831
-2.91668
-2.91667
-2.91734
-2.91834
-2.91802
-2.91833
-2.91768
-2.91865
-2.9193
-2.91962
-2.91994
-2.91831
-2.91766
-2.917
-2.91798
-2.91831
-2.91832
-2.91897
-2.9193
-2.92059
-2.9193
-2.91865
-2.918
-2.91799
-2.91735
-2.9167
-2.91929
-2.92026
-2.92123
-2.91993
-2.9209
-2.92317
-2.92544
-2.92576
-2.92447
-2.92642
-2.9235
-2.92252
-2.92316
-2.92155
-2.92155
-2.9222
-2.92253
-2.91929
-2.91929
-2.91832
-2.91832
-2.9167
-2.91799
-2.91734
-2.91896
-2.92123
-2.91962
-2.91994
-2.91767
-2.91767
-2.91735
-2.91767
-2.91702
-2.91669
-2.91702
-2.91442
-2.91572
-2.91701
-2.91734
-2.91896
-2.92058
-2.91864
-2.91962
-2.92124
-2.9235
-2.92253
-2.92285
-2.92382
-2.92544
-2.9222
-2.92026
-2.92123
-2.92252
-2.92414
-2.92284
-2.92188
-2.92188
-2.92156
-2.92188
-2.92157
-2.9206
-2.92157
-2.92028
-2.91994
-2.92252
-2.92219
-2.92347
-2.92509
-2.92412
-2.92122
-2.92187
-2.92188
-2.92188
-2.92156
-2.91962
-2.9193
-2.92027
-2.91929
-2.91831
-2.91863
-2.91798
-2.91572
-2.91605
-2.91573
-2.91669
-2.91894
-2.91796
-2.91958
-2.91635
-2.91571
-2.91863
-2.91508
-2.91573
-2.91606
-2.91443
-2.91798
-2.91636
-2.91895
-2.92058
-2.92122
-2.92155
-2.92219
-2.92089
-2.92024
-2.91991
-2.92056
-2.92121
-2.92122
-3.66046
-3.66013
-3.65755
-3.65594
-3.65691
-3.65789
-3.65919
-3.65919
-3.65757
-3.65756
-3.65691
-3.65658
-3.65787
-3.65689
-3.6543
-3.65463
-3.65496
-3.65334
-3.65432
-3.65432
-3.65464
-3.6569
-3.65852
-3.65625
-3.6556
-3.65496
-3.65625
-3.65691
-3.65561
-3.65627
-3.65497
-3.65368
-3.65562
-3.65562
-3.65594
-3.6582
-3.6582
-3.6582
-3.65852
-3.66014
-3.65981
-3.66272
-3.66305
-3.66242
-3.65952
-3.65823
-3.6592
-3.65693
-3.6566
-3.65756
-3.65917
-3.6582
-3.65853
-3.65756
-3.6608
-3.66015
-3.66016
-3.65886
-3.65822
-3.65724
-3.65724
-3.6582
-3.65756
-3.65756
-3.65659
-3.65692
-3.65725
-3.65887
-3.66016
-3.65821
-3.65885
-3.65852
-3.65982
-3.66014
-3.65981
-3.66111
-3.65917
-3.65756
-3.65659
-3.65789
-3.66113
-3.65983
-3.65789
-3.65594
-3.65529
-3.65529
-3.6527
-3.65334
-3.65399
-3.65561
-3.65561
-3.65723
-3.65691
-3.65723
-3.65691
-3.65821
-3.66112
-3.66372
-3.66405
-3.66308
-3.66307
-3.66178
-3.6621
-3.66015
-3.65885
-3.6569
-3.65431
-3.65593
-3.65659
-3.65595
-3.65627
-3.65692
-3.65562
-3.65658
-3.65722
-3.65658
-3.65561
-3.65626
-3.65691
-3.65724
-3.65821
-3.6595
-3.66014
-3.65884
-3.65982
-3.66046
-3.66144
-3.66014
-3.66176
-3.66305
-3.66499
-3.6637
-3.665
-3.66565
-3.66468
-3.66534
-3.6608
-3.66048
-3.65723
-3.65918
-3.6569
-3.65819
-3.66013
-3.65787
-3.65819
-3.65885
-3.66145
-3.66242
-3.66145
-3.66177
-3.66209
-3.66111
-3.66176
-3.66176
-3.66143
-3.65917
-3.65593
-3.65302
-3.65335
-3.65529
-3.65302
-3.65431
-3.65334
-3.65269
-3.65367
-3.654
-3.65562
-3.65561
-3.65496
-3.65658
-3.65625
-3.65594
-3.65562
-3.654
-3.6553
-3.65628
-3.65562
-3.65724
-3.6582
-3.65884
-3.66045
-3.66239
-3.66239
-3.66046
-3.65982
-3.6595
-3.66307
-3.6608
-3.65854
-3.65886
-3.66049
-3.66081
-3.66211
-3.66404
-3.66467
-3.66272
-3.66338
-3.66178
-3.6592
-3.65887
-3.65951
-3.65951
-3.66242
-3.66016
-3.65951
-3.65918
-3.65852
-3.65658
-3.65722
-3.6582
-3.65626
-3.65594
-3.65691
-3.65627
-3.6553
-3.65367
-3.65497
-3.65885
-3.65886
-3.65983
-3.6582
-3.65755
-3.65559
-3.65591
-3.65753
-3.65851
-3.6569
-3.65756
-3.6608
-3.66144
-3.65885
-3.65916
-3.66013
-3.65884
-3.66079
-3.66209
-3.66145
-3.65983
-3.6595
-3.65982
-3.65852
-3.65948
-3.65753
-3.65591
-3.65624
-3.65689
-3.65981
-3.66144
-3.66403
-3.66468
-3.66436
-3.66112
-3.66112
-3.65982
-3.65852
-3.6569
-3.65496
-3.65755
-3.65916
-3.66078
-3.65722
-3.65658
-3.65755
-3.65821
-3.65723
-3.65561
-3.6569
-3.65496
-3.65302
-3.65432
-3.65302
-3.65269
-3.65495
-3.65786
-3.65818
-3.66013
-3.65949
-3.66014
-3.65981
-3.66013
-3.65884
-3.65819
-3.65561
-3.65529
-3.65432
-3.65626
-3.6556
-3.65722
-3.65592
-3.65658
-3.65691
-3.65756
-3.65789
-3.65691
-3.65755
-3.65755
-3.65722
-3.65657
-3.65559
-3.65559
-3.65688
-3.65559
-3.6556
-3.6582
-3.65788
-3.65594
-3.65464
-3.65496
-3.65592
-3.65689
-3.65754
-3.65593
-3.65625
-3.65334
-3.65431
-3.6569
-3.65981
-3.65981
-3.66078
-3.66014
-3.65917
-3.66014
-3.66111
-3.6611
-3.66305
-3.66177
-3.66145
-3.66047
-3.65981
-3.65915
-3.65818
-3.65753
-3.65883
-3.65949
-3.66047
-3.66112
-3.65982
-3.65981
-3.66078
-3.66304
-3.66304
-3.66401
-3.66046
-3.66112
-3.66046
-3.6611
-3.66239
-3.66336
-3.66304
-3.6611
-3.66144
-3.66144
-3.66113
-3.65821
-3.65789
-3.65885
-3.65787
-3.65754
-3.65818
-3.65623
-3.6585
-3.65883
-3.65852
-3.65917
-3.65821
-3.65659
-3.65594
-3.65658
-3.65787
-3.65722
-3.65593
-3.65819
-3.66014
-3.65982
-3.6595
-3.6608
-3.66241
-3.66176
-3.6624
-3.66467
-3.66305
-3.66305
-3.66272
-3.65917
-3.65755
-3.65853
-3.65983
-3.66145
-3.66048
-3.65886
-3.65982
-3.65948
-3.65623
-3.65914
-3.65915
-3.66175
-3.6608
-3.66145
-3.66015
-3.66047
-3.6595
-3.6582
-3.6569
-3.65657
-3.6585
-3.65915
-3.65948
-3.66014
-3.66241
-3.66144
-3.66047
-3.65982
-3.65885
-3.65787
-3.65754
-3.65754
-3.6569
-3.65853
-3.65691
-3.65627
-3.65885
-3.66079
-3.66176
-3.65981
-3.65786
-3.65819
-3.65658
-3.65496
-3.65658
-3.65722
-3.6569
-3.65658
-3.65852
-3.65917
-3.65659
-3.65562
-3.65658
-3.65593
-3.65431
-3.65333
-3.65462
-3.65495
-3.65462
-3.65397
-3.65527
-3.65625
-3.65496
-3.6569
-3.654
-3.65368
-3.65466
-3.6553
-3.65594
-3.6569
-3.65689
-3.65754
-3.65981
-3.65593
-3.6569
-3.65528
-3.65723
-3.65917
-3.6582
-3.65561
-3.65366
-3.65302
-3.65431
-3.65141
-3.65174
-3.65466
-3.65272
-3.65628
-3.65595
-3.65594
-3.65593
-3.6569
-3.65916
-3.65884
-3.65852
-3.65885
-3.65982
-3.65982
-3.65626
-3.65562
-3.6553
-3.65563
-3.65531
-3.65595
-3.65659
-3.65497
-3.65464
-3.65366
-3.65431
-3.65431
-3.65496
-3.65594
-3.65692
-3.65401
-3.6553
-3.65336
-3.65238
-3.65367
-3.65464
-3.65594
-3.65885
-3.65691
-3.6582
-3.65787
-3.65689
-3.6569
-3.65625
-3.65367
-3.65529
-3.65335
-3.65367
-3.65335
-3.65562
-3.65432
-3.65464
-3.65432
-3.65464
-3.65593
-3.65658
-3.65917
-3.65886
-3.65951
-3.65951
-3.65822
-3.65919
-3.65822
-3.65854
-3.65853
-3.65788
-3.65627
-3.65627
-3.65724
-3.65529
-3.65593
-3.65496
-3.65529
-3.65562
-3.65595
-3.65758
-3.65855
-3.65887
-3.65628
-3.65595
-3.65691
-3.65561
-3.65659
-3.65464
-3.65594
-3.65595
-3.65465
-3.65466
-3.65433
-3.65336
-3.65498
-3.65498
-3.65595
-3.65659
-3.65788
-3.65626
-3.65594
-3.65561
-3.65723
-3.65821
-3.65821
-3.65821
-3.65918
-3.65983
-3.66049
-3.66146
-3.66049
-3.65984
-3.66113
-3.6621
-3.66048
-3.66145
-3.66275
-3.66469
-3.66468
-3.66306
-3.66533
-3.66533
-3.66501
-3.66436
-3.66307
-3.66015
-3.65951
-3.66178
-3.66113
-3.66049
-3.66276
-3.66437
-3.66405
-3.6634
-3.66437
-3.66015
-3.6582
-3.65658
-3.65787
-3.65917
-3.65724
-3.65595
-3.65595
-3.65465
-3.65627
-3.6566
-3.65692
-3.65693
-3.65434
-3.65401
-3.65498
-3.65401
-3.65595
-3.65432
-3.65432
-3.65464
-3.65464
-3.65237
-3.65173
-3.65238
-3.65529
-3.65692
-3.65757
-3.65951
-3.6621
-3.65789
-3.65822
-3.65854
-3.66016
-3.6621
-3.6595
-3.65625
-3.65851
-3.6598
-3.65948
-3.65884
-3.65853
-3.65756
-3.65627
-3.65498
-3.6566
-3.65498
-3.65368
-3.6553
-3.65724
-3.65561
-3.65917
-3.66111
-3.66468
-3.66209
-3.65918
-3.65983
-3.66242
-3.66146
-3.65757
-3.6579
-3.6579
-3.66016
-3.65789
-3.65724
-3.65789
-3.65788
-3.65853
-3.65756
-3.65917
-3.65885
-3.6595
-3.65951
-3.65822
-3.65564
-3.65401
-3.65724
-3.65627
-3.65691
-3.65918
-3.65822
-3.6553
-3.65725
-3.65789
-3.65497
-3.6527
-3.65399
-3.65303
-3.65368
-3.65789
-3.65886
-3.65789
-3.65983
-3.66015
-3.66015
-3.66016
-3.66016
-3.65984
-3.65692
-3.65659
-3.65886
-3.65594
-3.65691
-3.65918
-3.66015
-3.6608
-3.66177
-3.65918
-3.65983
-3.65821
-3.6579
-3.65855
-3.6592
-3.65693
-3.65595
-3.65659
-3.65723
-3.65852
-3.65982
-3.65886
-3.6608
-3.65951
-3.66016
-3.66178
-3.66243
-3.66276
-3.66405
-3.66274
-3.66144
-3.65723
-3.65821
-3.65659
-3.65853
-3.65788
-3.65756
-3.65627
-3.65854
-3.65854
-3.65789
-3.65983
-3.65886
-3.65757
-3.65854
-3.65789
-3.65659
-3.65724
-3.65789
-3.65984
-3.65952
-3.65952
-3.65887
-3.66016
-3.65984
-3.66048
-3.66048
-3.66145
-3.66209
-3.66241
-3.66467
-3.66176
-3.66241
-3.66145
-3.65952
-3.65919
-3.65887
-3.65595
-3.65789
-3.65757
-3.65692
-3.65919
-3.65822
-3.65854
-3.65854
-3.65659
-3.65723
-3.65756
-3.65853
-3.65984
-3.6579
-3.65854
-3.6553
-3.65562
-3.65821
-3.65659
-3.65692
-3.65692
-3.65659
-3.65562
-3.65433
-3.654
-3.65529
-3.65464
-3.65529
-3.65594
-3.65821
-3.65821
-3.65984
-3.6566
-3.65789
-3.66048
-3.66242
-3.65853
-3.65756
-3.65756
-3.65886
-3.65853
-3.65658
-3.65626
-3.65561
-3.65561
-3.65594
-3.65464
-3.65497
-3.6566
-3.65368
-3.65725
-3.65563
-3.65659
-3.65626
-3.65594
-3.65561
-3.65594
-3.65594
-3.65627
-3.65659
-3.65465
-3.65594
-3.65756
-3.65789
-3.65821
-3.6608
-3.65854
-3.6579
-3.65822
-3.65758
-3.66114
-3.66049
-3.66049
-3.65983
-3.65821
-3.65626
-3.65465
-3.6553
-3.65433
-3.65628
-3.65595
-3.6566
-3.65627
-3.65821
-3.65757
-3.65952
-3.65952
-3.66115
-3.65953
-3.6579
-3.6579
-3.65789
-3.65692
-3.65691
-3.65627
-3.6553
-3.65595
-3.65757
-3.65561
-3.65529
-3.65239
-3.65402
-3.65435
-3.65661
-3.65789
-3.65755
-3.65755
-3.65821
-3.66015
-3.65659
-3.65692
-3.65756
-3.65821
-3.65853
-3.65821
-3.65885
-3.65659
-3.65789
-3.65659
-3.65788
-3.65755
-3.65755
-3.65594
-3.65691
-3.65562
-3.65853
-3.65918
-3.66015
-3.65853
-3.65983
-3.65983
-3.65691
-3.65821
-3.66079
-3.65853
-3.65821
-3.65886
-3.65886
-3.65529
-3.654
-3.65561
-3.65723
-3.6595
-3.66145
-3.66016
-3.66243
-3.66146
-3.66081
-3.66145
-3.66048
-3.66145
-3.66048
-3.66016
-3.65984
-3.65789
-3.65757
-3.65822
-3.66016
-3.66049
-3.66049
-3.6579
-3.6566
-3.65854
-3.65757
-3.65854
-3.65725
-3.65854
-3.66081
-3.65887
-3.65887
-3.65855
-3.65854
-3.65659
-3.65659
-3.65659
-3.65628
-3.65855
-3.65726
-3.65888
-3.6579
-3.65919
-3.65887
-3.65919
-3.65757
-3.65693
-3.65596
-3.65563
-3.65531
-3.65531
-3.65725
-3.65887
-3.6579
-3.65887
-3.6553
-3.65595
-3.65563
-3.65564
-3.65564
-3.65466
-3.65304
-3.65401
-3.65143
-3.65014
-3.65241
-3.65338
-3.6537
-3.65435
-3.65629
-3.65759
-3.66017
-3.65952
-3.65855
-3.6579
-3.66082
-3.66082
-3.66017
-3.65693
-3.65758
-3.65628
-3.65563
-3.65532
-3.65661
-3.65726
-3.65856
-3.65888
-3.65856
-3.65597
-3.65888
-3.65856
-3.65921
-3.66083
-3.65986
-3.65954
-3.66018
-3.65953
-3.65889
-3.65889
-3.87145
-3.87113
-3.87016
-3.87243
-3.87243
-3.87307
-3.87146
-3.87081
-3.86789
-3.86854
-3.86822
-3.8679
-3.86758
-3.86725
-3.86757
-3.86659
-3.86788
-3.86821
-3.8695
-3.87112
-3.87015
-3.87015
-3.8708
-3.87242
-3.8721
-3.87113
-3.87178
-3.87048
-3.87015
-3.86982
-3.86983
-3.86983
-3.86886
-3.86983
-3.87243
-3.87502
-3.87405
-3.87404
-3.87468
-3.87565
-3.87435
-3.87338
-3.87241
-3.87371
-3.87338
-3.87209
-3.87015
-3.86886
-3.86757
-3.86887
-3.86789
-3.87112
-3.87015
-3.8721
-3.87242
-3.87275
-3.8734
-3.87372
-3.87339
-3.87048
-3.87048
-3.86983
-3.86886
-3.86659
-3.86594
-3.86561
-3.86496
-3.86626
-3.86659
-3.8653
-3.86725
-3.8679
-3.87048
-3.87081
-3.87307
-3.8721
-3.8734
-3.87211
-3.87438
-3.8747
-3.87372
-3.87469
-3.87502
-3.876
-3.87503
-3.8747
-3.87437
-3.8747
-3.87179
-3.87082
-3.86953
-3.86855
-3.8679
-3.86563
-3.86433
-3.86336
-3.86628
-3.8692
-3.8692
-3.86888
-3.86855
-3.86984
-3.86984
-3.87146
-3.87276
-3.87081
-3.87146
-3.87243
-3.87016
-3.87243
-3.87179
-3.87373
-3.86984
-3.87081
-3.87145
-3.87113
-3.87113
-3.87114
-3.87113
-3.87146
-3.8708
-3.87177
-3.8721
-3.8747
-3.87374
-3.87147
-3.87017
-3.86984
-3.86984
-3.8721
-3.87404
-3.87275
-3.87275
-3.86983
-3.87048
-3.8721
-3.87339
-3.87016
-3.87275
-3.87308
-3.87405
-3.87211
-3.87243
-3.87276
-3.87178
-3.8721
-3.87178
-3.8695
-3.86853
-3.86756
-3.86659
-3.86594
-3.86334
-3.864
-3.86691
-3.86627
-3.8653
-3.86724
-3.86789
-3.86723
-3.8682
-3.87015
-3.87113
-3.87081
-3.87049
-3.87113
-3.87016
-3.86951
-3.86983
-3.86982
-3.87079
-3.8708
-3.87145
-3.87145
-3.87146
-3.86985
-3.86888
-3.8692
-3.8705
-3.8692
-3.87114
-3.87276
-3.87211
-3.87146
-3.87307
-3.8721
-3.87113
-3.87017
-3.8679
-3.86596
-3.86532
-3.86823
-3.87049
-3.87049
-3.86887
-3.86919
-3.8679
-3.86919
-3.86887
-3.87017
-3.87277
-3.87342
-3.87472
-3.87374
-3.87503
-3.8747
-3.87146
-3.87081
-3.87018
-3.8705
-3.8718
-3.8705
-3.86823
-3.8679
-3.87016
-3.86952
-3.86855
-3.87115
-3.8718
-3.86985
-3.87017
-3.87082
-3.87017
-3.86919
-3.87048
-3.86951
-3.86919
-3.86985
-3.87245
-3.86953
-3.86824
-3.87083
-3.86888
-3.87438
-3.87372
-3.87371
-3.87468
-3.87695
-3.87405
-3.87211
-3.87244
-3.8705
-3.87049
-3.8692
-3.86854
-3.86789
-3.86789
-3.86725
-3.86854
-3.86951
-3.86919
-3.87017
-3.86855
-3.8692
-3.86725
-3.86758
-3.86887
-3.86758
-3.86531
-3.86337
-3.86499
-3.86725
-3.86726
-3.86823
-3.86953
-3.86597
-3.86727
-3.86564
-3.86823
-3.86758
-3.86596
-3.86628
-3.86822
-3.86985
-3.8705
-3.8705
-3.87051
-3.87083
-3.8718
-3.87115
-3.87115
-3.8718
-3.87018
-3.87018
-3.86759
-3.86824
-3.86824
-3.86629
-3.86564
-3.86725
-3.86919
-3.87017
-3.8692
-3.87116
-3.87052
-3.87278
-3.87051
-3.87018
-3.86921
-3.86953
-3.87018
-3.87051
-3.87051
-3.8705
-3.86855
-3.86823
-3.86823
-3.86953
-3.87083
-3.87019
-3.87278
-3.87277
-3.8692
-3.86693
-3.86888
-3.86856
-3.8663
-3.8676
-3.86663
-3.86533
-3.86889
-3.8676
-3.86824
-3.86792
-3.86857
-3.8676
-3.86792
-3.86759
-3.86856
-3.86921
-3.87018
-3.87246
-3.87278
-3.87246
-3.87149
-3.87181
-3.87278
-3.87148
-3.8718
-3.87375
-3.8718
-3.87277
-3.87115
-3.87277
-3.87082
-3.86921
-3.86921
-3.8676
-3.86889
-3.86825
-3.86954
-3.86954
-3.8676
-3.87019
-3.8689
-3.86857
-3.8676
-3.86921
-3.87114
-3.87017
-3.87051
-3.8689
-3.86988
-3.87184
-3.87282
-3.87087
-3.86795
-3.86794
-3.86857
-3.86726
-3.86629
-3.86792
-3.8676
-3.86889
-3.8676
-3.8689
-3.86987
-3.86987
-3.86955
-3.87149
-3.87312
-3.87183
-3.87085
-3.87052
-3.86857
-3.86921
-3.86921
-3.86727
-3.86565
-3.8663
-3.86792
-3.86663
-3.86631
-3.86826
-3.86923
-3.87053
-3.8702
-3.86987
-3.87084
-3.87181
-3.87245
-3.87148
-3.87148
-3.87148
-3.8718
-3.87213
-3.87278
-3.87245
-3.87245
-3.87116
-3.87019
-3.87117
-3.86955
-3.86955
-3.86761
-3.86923
-3.86857
-3.86889
-3.86889
-3.86888
-3.86758
-3.86694
-3.86629
-3.86759
-3.86792
-3.8676
-3.86695
-3.86565
-3.86532
-3.86629
-3.86532
-3.86629
-3.86727
-3.86598
-3.86501
-3.86565
-3.8666
-3.8708
-3.8708
-3.86952
-3.87277
-3.87147
-3.86921
-3.87017
-3.87049
-3.86693
-3.86757
-3.86854
-3.86724
-3.86692
-3.86822
-3.86952
-3.86856
-3.87018
-3.87083
-3.8692
-3.87016
-3.87015
-3.87015
-3.87144
-3.86821
-3.86919
-3.87016
-3.8679
-3.86531
-3.86564
-3.86628
-3.86725
-3.86919
-3.87016
-3.86887
-3.8666
-3.86563
-3.86659
-3.86659
-3.86821
-3.86757
-3.86595
-3.8666
-3.86822
-3.86822
-3.86984
-3.87082
-3.87017
-3.87115
-3.87212
-3.86758
-3.8679
-3.86789
-3.86498
-3.86433
-3.86531
-3.86725
-3.8679
-3.86725
-3.86629
-3.8679
-3.86757
-3.8666
-3.8666
-3.86724
-3.86789
-3.86854
-3.86919
-3.86789
-3.86757
-3.86951
-3.86951
-3.86887
-3.8692
-3.87244
-3.87114
-3.87114
-3.86887
-3.86985
-3.87081
-3.86855
-3.86692
-3.86854
-3.86886
-3.86854
-3.87049
-3.86855
-3.86919
-3.8692
-3.86855
-3.87114
-3.87179
-3.87308
-3.87372
-3.87275
-3.87275
-3.87276
-3.87308
-3.87373
-3.87309
-3.87147
-3.87179
-3.87341
-3.87211
-3.87081
-3.87242
-3.87403
-3.87598
-3.87695
-3.87664
-3.87664
-3.87665
-3.87568
-3.87632
-3.87599
-3.87405
-3.87372
-3.87339
-3.8708
-3.86951
-3.86789
-3.86658
-3.86528
-3.86625
-3.86593
-3.86691
-3.8653
-3.86757
-3.86855
-3.86951
-3.8708
-3.87435
-3.87435
-3.87306
-3.87306
-3.87306
-3.87501
-3.87501
-3.87243
-3.87372
-3.87404
-3.87404
-3.87372
-3.87274
-3.87338
-3.87338
-3.87111
-3.87013
-3.86916
-3.86851
-3.86852
-3.87015
-3.87307
-3.87244
-3.8718
-3.87115
-3.87276
-3.87308
-3.87405
-3.87242
-3.87338
-3.87143
-3.87338
-3.87274
-3.8721
-3.87017
-3.86985
-3.87081
-3.87016
-3.8682
-3.86884
-3.86949
-3.87015
-3.8708
-3.87016
-3.87146
-3.87243
-3.87049
-3.87146
-3.86952
-3.86822
-3.86886
-3.87047
-3.86851
-3.86786
-3.86657
-3.86496
-3.86497
-3.8666
-3.86725
-3.86498
-3.86692
-3.86692
-3.8695
-3.87014
-3.86982
-3.86885
-3.87079
-3.87047
-3.87015
-3.86691
-3.87015
-3.87111
-3.87014
-3.87046
-3.8711
-3.86981
-3.87144
-3.87177
-3.87113
-3.87404
-3.87242
-3.87145
-3.87145
-3.86983
-3.87113
-3.87177
-3.87434
-3.87207
-3.87239
-3.87208
-3.87047
-3.8695
-3.86918
-3.86949
-3.86851
-3.8698
-3.86916
-3.86722
-3.86593
-3.86561
-3.86593
-3.8669
-3.86561
-3.86562
-3.86562
-3.86724
-3.86821
-3.87014
-3.87045
-3.87142
-3.87013
-3.87176
-3.87241
-3.87144
-3.87177
-3.87048
-3.8708
-3.87242
-3.87209
-3.87338
-3.86916
-3.87045
-3.87111
-3.87046
-3.87014
-3.87241
-3.87273
-3.87435
-3.87111
-3.87337
-3.87304
-3.87401
-3.87369
-3.87305
-3.87144
-3.87177
-3.87274
-3.87728
-3.87598
-3.87695
-3.87791
-3.87661
-3.87434
-3.87628
-3.87563
-3.87434
-3.87304
-3.87337
-3.87337
-3.87402
-3.87338
-3.87274
-3.8695
-3.87079
-3.87047
-3.86853
-3.86756
-3.86885
-3.86885
-3.86819
-3.86981
-3.86787
-3.86756
-3.86854
-3.86952
-3.86919
-3.87016
-3.87015
-3.87176
-3.86949
-3.87209
-3.87306
-3.87404
-3.87404
-3.87242
-3.87339
-3.87242
-3.87177
-3.87112
-3.86951
-3.87113
-3.86983
-3.87112
-3.87112
-3.8695
-3.87047
-3.87015
-3.87145
-3.87274
-3.87177
-3.87177
-3.8695
-3.86886
-3.86918
-3.86886
-3.86984
-3.86887
-3.86823
-3.86563
-3.86757
-3.86724
-3.86789
-3.86692
-3.86659
-3.86854
-3.86918
-3.87047
-3.87241
-3.87371
-3.87243
-3.87405
-3.87406
-3.87729
-3.87437
-3.87405
-3.87405
-3.87372
-3.8734
-3.87243
-3.87243
-3.87469
-3.8734
-3.87275
-3.87275
-3.87372
-3.87339
-3.87177
-3.87306
-3.87468
-3.87371
-3.87371
-3.87307
-3.87307
-3.87113
-3.87016
-3.87145
-3.8721
-3.87145
-3.87242
-3.87371
-3.87371
-3.87144
-3.87111
-3.87306
-3.87338
-3.87371
-3.87306
-3.87436
-3.87339
-3.87372
-3.8734
-3.87211
-3.87341
-3.87211
-3.87081
-3.8708
-3.87241
-3.87177
-3.87274
-3.86918
-3.8695
-3.8666
-3.86854
-3.86984
-3.86984
-3.86985
-3.86952
-3.86919
-3.87048
-3.86821
-3.86885
-3.86885
-3.87015
-3.87112
-3.87146
-3.87308
-3.87374
-3.87471
-3.87439
-3.87373
-3.87276
-3.87277
-3.87373
-3.87373
-3.87114
-3.87243
-3.87178
-3.86983
-3.87048
-3.86984
-3.8705
-3.86953
-3.86823
-3.86888
-3.86985
-3.86855
-3.87017
-3.86725
-3.86725
-3.86499
-3.86402
-3.86532
-3.86597
-3.86791
-3.86824
-3.86726
-3.87146
-3.87307
-3.87306
-3.87468
-3.87112
-3.87113
-3.87114
-3.86953
-3.87019
-3.8689
-3.8702
-3.8689
-3.8705
-3.8692
-3.86789
-3.86853
-3.86723
-3.86756
-3.86853
-3.86886
-3.86952
-3.87082
-3.87276
-3.87276
-3.87146
-3.86952
-3.86984
-3.86822
-3.86693
-3.86661
-3.86985
-3.86985
-3.87017
-3.86919
-3.87016
-3.87113
-3.87081
-3.86952
-3.87049
-3.87017
-3.8692
-3.87082
-3.87114
-3.8692
-3.86887
-3.86984
-3.86919
-3.86855
-3.86693
-3.86855
-3.86952
-3.8705
-3.86887
-3.87049
-3.86983
-3.8708
-3.86886
-3.86821
-3.86822
-3.86725
-3.86919
-3.86758
-3.86822
-3.86823
-3.86726
-3.86661
-3.86531
-3.86724
-3.86724
-3.86594
-3.86983
-3.87016
-3.87049
-3.87308
-3.87179
-3.87049
-3.87017
-3.86984
-3.87146
-3.87147
-3.8705
-3.87018
-3.87148
-3.87083
-3.87245
-3.87471
-3.87179
-3.87147
-3.86985
-3.86985
-3.87179
-3.87081
-3.87114
-3.86984
-3.86822
-3.86596
-3.86758
-3.86856
-3.8663
-3.86695
-3.86824
-3.86824
-3.86824
-3.86921
-3.86889
-3.86661
-3.8679
-3.86692
-3.86692
-3.87049
-3.8705
-3.86953
-3.87019
-3.86986
-3.86921
-3.86856
-3.86823
-3.86661
-3.86628
-3.86822
-3.86888
-3.86855
-3.86629
-3.86532
-3.86369
-3.86595
-3.86466
-3.84269
-3.84334
-3.84367
-3.84432
-3.84593
-3.84723
-3.84723
-3.84626
-3.84593
-3.84593
-3.84529
-3.84562
-3.84724
-3.84853
-3.8482
-3.84852
-3.84885
-3.84658
-3.84659
-3.84529
-3.84432
-3.8427
-3.84237
-3.84431
-3.8482
-3.84853
-3.84756
-3.84498
-3.84401
-3.84174
-3.84173
-3.84367
-3.844
-3.84497
-3.84497
-3.84432
-3.84692
-3.84854
-3.84886
-3.84723
-3.84593
-3.84593
-3.84496
-3.84464
-3.84627
-3.84627
-3.84465
-3.84659
-3.8453
-3.84691
-3.84497
-3.84724
-3.84368
-3.84336
-3.84368
-3.844
-3.84336
-3.844
-3.84335
-3.84464
-3.84529
-3.84561
-3.84723
-3.84853
-3.84595
-3.84596
-3.84693
-3.84822
-3.84918
-3.84626
-3.844
-3.84433
-3.84304
-3.84433
-3.84433
-3.84562
-3.84303
-3.84141
-3.844
-3.84432
-3.84269
-3.8456
-3.8456
-3.84592
-3.84593
-3.84626
-3.84562
-3.84691
-3.84885
-3.84755
-3.84723
-3.84852
-3.84658
-3.84594
-3.84432
-3.84141
-3.84076
-3.84044
-3.83979
-3.84302
-3.84464
-3.84561
-3.84755
-3.84496
-3.84593
-3.84755
-3.84691
-3.84529
-3.84367
-3.84303
-3.84303
-3.84303
-3.84302
-3.84399
-3.84334
-3.84237
-3.84075
-3.84107
-3.84204
-3.84076
-3.84141
-3.84174
-3.84335
-3.8453
-3.84594
-3.84788
-3.84626
-3.84659
-3.84595
-3.84725
-3.84757
-3.84821
-3.84821
-3.8482
-3.84885
-3.84885
-3.84756
-3.84594
-3.84658
-3.84691
-3.84561
-3.84625
-3.84755
-3.84658
-3.84594
-3.84561
-3.84431
-3.84172
-3.84042
-3.83977
-3.84042
-3.84043
-3.8427
-3.84497
-3.84594
-3.84562
-3.84595
-3.84238
-3.84303
-3.844
-3.84464
-3.84626
-3.84561
-3.84497
-3.84432
-3.84497
-3.84594
-3.84658
-3.84562
-3.84821
-3.84724
-3.84756
-3.84594
-3.84528
-3.84561
-3.84497
-3.84433
-3.84465
-3.84303
-3.84076
-3.84011
-3.8427
-3.84335
-3.84658
-3.84626
-3.84528
-3.84625
-3.84625
-3.8469
-3.8482
-3.84659
-3.8453
-3.84401
-3.84498
-3.84498
-3.8453
-3.84627
-3.84788
-3.84885
-3.85079
-3.85046
-3.84852
-3.84722
-3.84884
-3.84625
-3.84593
-3.84917
-3.8482
-3.85047
-3.8495
-3.84756
-3.84788
-3.84659
-3.84627
-3.84724
-3.84822
-3.84692
-3.84789
-3.84659
-3.84496
-3.84658
-3.84528
-3.84334
-3.84366
-3.84528
-3.84593
-3.84755
-3.84658
-3.85047
-3.84788
-3.84723
-3.84756
-3.84756
-3.84595
-3.84724
-3.84626
-3.84497
-3.84302
-3.84335
-3.84367
-3.84529
-3.84367
-3.844
-3.84399
-3.84626
-3.84593
-3.84723
-3.84723
-3.84788
-3.8508
-3.85015
-3.8495
-3.85047
-3.84917
-3.8482
-3.84722
-3.84722
-3.8456
-3.84464
-3.84593
-3.84367
-3.84529
-3.84044
-3.84109
-3.84207
-3.84336
-3.84466
-3.84627
-3.84367
-3.84495
-3.84462
-3.84657
-3.84754
-3.84593
-3.84529
-3.84335
-3.84303
-3.84173
-3.84238
-3.84043
-3.84173
-3.84075
-3.84302
-3.84141
-3.84303
-3.84562
-3.84594
-3.84626
-3.84625
-3.84527
-3.8443
-3.84754
-3.8482
-3.84756
-3.84789
-3.84725
-3.84789
-3.84822
-3.84756
-3.84788
-3.84691
-3.84561
-3.84625
-3.84593
-3.84529
-3.84594
-3.84562
-3.84496
-3.84496
-3.84399
-3.8427
-3.84368
-3.844
-3.84174
-3.84206
-3.84304
-3.844
-3.84238
-3.84334
-3.84463
-3.84172
-3.84625
-3.8456
-3.84787
-3.84528
-3.84594
-3.84562
-3.84562
-3.84659
-3.84658
-3.84626
-3.84626
-3.84755
-3.84885
-3.8482
-3.84658
-3.84593
-3.84657
-3.84495
-3.84657
-3.84722
-3.84625
-3.8482
-3.84917
-3.84788
-3.84626
-3.84593
-3.84463
-3.84495
-3.84624
-3.84818
-3.84494
-3.84235
-3.83976
-3.83911
-3.83944
-3.84009
-3.84204
-3.84301
-3.84398
-3.84657
-3.84722
-3.84819
-3.84851
-3.85077
-3.8498
-3.85174
-3.85077
-3.84915
-3.84786
-3.84818
-3.84882
-3.8472
-3.84655
-3.84752
-3.84623
-3.84721
-3.8469
-3.84787
-3.84722
-3.84625
-3.84689
-3.84786
-3.84753
-3.84752
-3.84719
-3.84719
-3.84978
-3.84849
-3.84623
-3.84494
-3.84656
-3.84721
-3.84592
-3.84625
-3.84593
-3.84592
-3.84721
-3.84721
-3.84753
-3.8485
-3.85076
-3.84849
-3.84914
-3.84881
-3.84622
-3.84719
-3.84784
-3.84752
-3.84687
-3.84752
-3.84493
-3.84591
-3.84494
-3.84462
-3.84462
-3.84332
-3.84332
-3.84396
-3.84525
-3.84493
-3.84526
-3.84688
-3.84462
-3.84364
-3.84299
-3.84461
-3.84299
-3.84299
-3.84202
-3.84364
-3.84299
-3.84267
-3.8443
-3.84365
-3.84333
-3.84105
-3.84234
-3.84168
-3.84232
-3.84297
-3.84233
-3.8446
-3.84429
-3.84267
-3.84397
-3.84429
-3.84558
-3.84493
-3.84202
-3.8417
-3.8417
-3.84105
-3.83975
-3.83943
-3.83716
-3.83846
-3.84073
-3.84235
-3.84105
-3.84299
-3.84395
-3.84234
-3.84364
-3.84333
-3.84301
-3.84172
-3.84204
-3.84171
-3.84494
-3.84591
-3.84493
-3.84623
-3.84558
-3.84591
-3.84558
-3.84429
-3.84461
-3.84299
-3.84364
-3.84332
-3.84397
-3.84559
-3.84462
-3.84495
-3.84592
-3.84624
-3.84624
-3.84655
-3.84816
-3.84784
-3.84785
-3.84786
-3.84754
-3.84852
-3.84916
-3.84754
-3.84657
-3.8456
-3.84722
-3.84528
-3.84495
-3.8443
-3.8485
-3.85044
-3.85012
-3.85076
-3.85076
-3.84947
-3.84979
-3.84753
-3.84753
-3.84753
-3.84948
-3.84948
-3.84657
-3.84722
-3.84754
-3.84754
-3.84689
-3.8485
-3.84818
-3.84786
-3.84689
-3.84462
-3.84494
-3.84559
-3.84592
-3.84495
-3.84754
-3.84721
-3.84656
-3.8472
-3.84656
-3.84526
-3.84462
-3.84462
-3.84462
-3.84429
-3.84397
-3.84365
-3.843
-3.84364
-3.84397
-3.84656
-3.84753
-3.84558
-3.84558
-3.84688
-3.8472
-3.84591
-3.84526
-3.84592
-3.84624
-3.84624
-3.84462
-3.84397
-3.84364
-3.84557
-3.84622
-3.84751
-3.84849
-3.84559
-3.84721
-3.84656
-3.84818
-3.84882
-3.8485
-3.84849
-3.84816
-3.84978
-3.84881
-3.84979
-3.84688
-3.84688
-3.84623
-3.84623
-3.84655
-3.84526
-3.8417
-3.84332
-3.84364
-3.84396
-3.84363
-3.84201
-3.84136
-3.84428
-3.84622
-3.8472
-3.84753
-3.84494
-3.84526
-3.84558
-3.84785
-3.8459
-3.84785
-3.84557
-3.84525
-3.8446
-3.84686
-3.84557
-3.84622
-3.84493
-3.84688
-3.84817
-3.8472
-3.84979
-3.84785
-3.84558
-3.84526
-3.84461
-3.84396
-3.84364
-3.84525
-3.84623
-3.84493
-3.84428
-3.84298
-3.84589
-3.84588
-3.84654
-3.84687
-3.84656
-3.84624
-3.8456
-3.84495
-3.8456
-3.84495
-3.84558
-3.8459
-3.84686
-3.84815
-3.84654
-3.84783
-3.84784
-3.85076
-3.85011
-3.8485
-3.84754
-3.84818
-3.84883
-3.84786
-3.84656
-3.84656
-3.84558
-3.8459
-3.84687
-3.84622
-3.8488
-3.84816
-3.84816
-3.84719
-3.84751
-3.84654
-3.84752
-3.84591
-3.84494
-3.84527
-3.8443
-3.84235
-3.84429
-3.84299
-3.84331
-3.84525
-3.84655
-3.84849
-3.84687
-3.84526
-3.84364
-3.84494
-3.84494
-3.84558
-3.84494
-3.84591
-3.84462
-3.84397
-3.84462
-3.84429
-3.84429
-3.84235
-3.84493
-3.84169
-3.84137
-3.84007
-3.8404
-3.84267
-3.84365
-3.84495
-3.84592
-3.84624
-3.84624
-3.84365
-3.843
-3.84267
-3.84202
-3.84299
-3.84364
-3.84365
-3.84333
-3.84462
-3.84429
-3.84591
-3.84591
-3.84786
-3.84851
-3.84883
-3.84722
-3.84495
-3.84397
-3.84397
-3.84364
-3.84364
-3.84267
-3.84266
-3.83974
-3.84234
-3.84332
-3.8417
-3.84106
-3.84009
-3.84138
-3.84235
-3.84332
-3.84396
-3.84526
-3.84429
-3.84365
-3.84397
-3.84527
-3.84267
-3.84526
-3.84429
-3.84688
-3.84622
-3.84525
-3.84331
-3.84493
-3.84785
-3.84721
-3.84721
-3.84753
-3.84526
-3.84655
-3.84655
-3.84687
-3.84655
-3.84461
-3.84299
-3.84396
-3.84397
-3.84462
-3.84365
-3.84527
-3.84527
-3.84462
-3.84818
-3.84817
-3.84785
-3.84849
-3.84558
-3.84526
-3.84332
-3.84267
-3.84203
-3.84235
-3.8417
-3.84332
-3.84559
-3.84462
-3.84559
-3.8472
-3.84687
-3.84947
-3.84785
-3.84786
-3.84753
-3.84818
-3.84689
-3.84786
-3.84591
-3.84656
-3.84753
-3.84752
-3.84687
-3.8472
-3.84946
-3.84882
-3.84753
-3.84657
-3.84463
-3.84237
-3.84495
-3.84267
-3.84396
-3.84396
-3.84429
-3.84397
-3.84721
-3.8469
-3.84528
-3.84528
-3.84399
-3.84463
-3.84495
-3.84624
-3.84527
-3.84462
-3.84397
-3.84721
-3.84818
-3.84851
-3.84786
-3.84787
-3.84852
-3.84625
-3.84463
-3.8456
-3.84528
-3.84593
-3.84593
-3.84691
-3.84691
-3.84626
-3.84496
-3.84431
-3.84399
-3.84431
-3.84333
-3.84397
-3.84202
-3.84299
-3.84559
-3.84625
-3.84658
-3.84561
-3.84366
-3.84269
-3.84365
-3.84429
-3.84494
-3.84558
-3.84526
-3.84624
-3.84657
-3.84624
-3.84689
-3.84884
-3.84657
-3.84723
-3.84885
-3.84787
-3.84528
-3.84495
-3.84527
-3.84495
-3.84463
-3.84528
-3.84626
-3.84561
-3.84593
-3.84625
-3.84916
-3.85013
-3.84819
-3.84948
-3.84883
-3.84722
-3.84495
-3.84366
-3.84625
-3.84787
-3.84788
-3.84658
-3.84464
-3.84528
-3.84302
-3.84464
-3.84269
-3.84204
-3.84237
-3.84269
-3.84561
-3.84463
-3.8456
-3.84754
-3.84852
-3.84787
-3.84657
-3.84462
-3.84365
-3.84236
-3.84171
-3.84269
-3.84463
-3.84236
-3.84171
-3.84495
-3.84592
-3.84592
-3.8443
-3.84527
-3.84495
-3.8456
-3.84397
-3.84364
-3.84526
-3.84559
-3.8456
-3.84398
-3.84333
-3.84203
-3.84268
-3.84301
-3.84268
-3.84204
-3.84333
-3.84333
-3.843
-3.84235
-3.84559
-3.84429
-3.8443
-3.84365
-3.84203
-3.84462
-3.84204
-3.84172
-3.8456
-3.84818
-3.84688
-3.84623
-3.84687
-3.84656
-3.84689
-3.84527
-3.84463
-3.84657
-3.84787
-3.8469
-3.84626
-3.84788
-3.84787
-3.84528
-3.84819
-3.84884
-3.84657
-3.84528
-3.84592
-3.84625
-3.84528
-3.84528
-3.84463
-3.84625
-3.84496
-3.84528
-3.84658
-3.84237
-3.84237
-3.84075
-3.8401
-3.83848
-3.84107
-3.84495
-3.84302
-3.84464
-3.84529
-3.84788
-3.84659
-3.84626
-3.84463
-3.84431
-3.84463
-3.84398
-3.84366
-3.84172
-3.84367
-3.84432
-3.84691
-3.84885
-3.84821
-3.84626
-3.84626
-3.84658
-3.84366
-3.84204
-3.84334
-3.8427
-3.84399
-3.8427
-3.84464
-3.84238
-3.84238
-3.84432
-3.84464
-3.84496
-3.84561
-3.84626
-3.84562
-3.84562
-3.84561
-3.51144
-3.51144
-3.51143
-3.51337
-3.51208
-3.51305
-3.51208
-3.51143
-3.51111
-3.5124
-3.50982
-3.5082
-3.50918
-3.50626
-3.50529
-3.50432
-3.50788
-3.51046
-3.50917
-3.5082
-3.5082
-3.51176
-3.51273
-3.50982
-3.51079
-3.50755
-3.50658
-3.5069
-3.50722
-3.50431
-3.50366
-3.50528
-3.50495
-3.50495
-3.50463
-3.50625
-3.50626
-3.50464
-3.50497
-3.50821
-3.5108
-3.51015
-3.50917
-3.50949
-3.51078
-3.51208
-3.51403
-3.51371
-3.51501
-3.51209
-3.51143
-3.51142
-3.51142
-3.51111
-3.51144
-3.51273
-3.50949
-3.51111
-3.50852
-3.5095
-3.50917
-3.51144
-3.51112
-3.51014
-3.51079
-3.51046
-3.51111
-3.51241
-3.51241
-3.51144
-3.51176
-3.51208
-3.5111
-3.51077
-3.51272
-3.51596
-3.51629
-3.51695
-3.51696
-3.51404
-3.5121
-3.5134
-3.5108
-3.51079
-3.51144
-3.50819
-3.50819
-3.50884
-3.50787
-3.51176
-3.50982
-3.51079
-3.5095
-3.51015
-3.51112
-3.51209
-3.51112
-3.51079
-3.51208
-3.51338
-3.51241
-3.51403
-3.51339
-3.51048
-3.51178
-3.51048
-3.51113
-3.51015
-3.50852
-3.50916
-3.50819
-3.50754
-3.50561
-3.50756
-3.50886
-3.50919
-3.50983
-3.51177
-3.51015
-3.51047
-3.51078
-3.51046
-3.50755
-3.50691
-3.50691
-3.504
-3.50594
-3.50659
-3.50885
-3.50821
-3.50626
-3.50821
-3.50756
-3.50983
-3.51112
-3.51112
-3.51176
-3.51338
-3.51499
-3.51467
-3.51241
-3.51339
-3.51177
-3.5121
-3.51372
-3.5108
-3.50886
-3.5095
-3.51014
-3.50982
-3.51048
-3.50919
-3.50821
-3.50917
-3.50949
-3.50916
-3.51078
-3.51144
-3.51307
-3.51696
-3.51373
-3.51438
-3.51438
-3.51406
-3.51502
-3.51598
-3.51662
-3.51695
-3.51565
-3.51436
-3.51404
-3.5121
-3.51307
-3.51436
-3.51468
-3.51404
-3.51404
-3.51437
-3.51501
-3.51113
-3.50951
-3.50983
-3.50821
-3.50756
-3.50951
-3.51113
-3.51049
-3.51373
-3.51276
-3.51243
-3.51438
-3.51438
-3.51276
-3.50984
-3.51178
-3.51242
-3.51241
-3.51306
-3.51371
-3.5134
-3.51113
-3.51209
-3.51112
-3.50853
-3.50789
-3.50822
-3.50692
-3.50855
-3.50725
-3.50596
-3.50499
-3.50596
-3.50725
-3.50821
-3.50723
-3.50917
-3.50949
-3.5095
-3.50886
-3.51081
-3.50984
-3.51016
-3.51081
-3.51178
-3.51274
-3.51436
-3.51501
-3.51631
-3.51534
-3.51567
-3.51567
-3.51405
-3.51372
-3.5108
-3.51112
-3.51144
-3.5095
-3.5095
-3.51047
-3.50983
-3.50692
-3.5053
-3.50432
-3.50497
-3.50626
-3.50594
-3.50692
-3.50951
-3.50887
-3.51016
-3.51275
-3.5134
-3.51404
-3.51469
-3.51372
-3.51404
-3.51468
-3.51403
-3.51339
-3.51436
-3.51468
-3.51566
-3.51663
-3.51437
-3.51243
-3.51146
-3.51113
-3.5108
-3.50788
-3.50659
-3.50789
-3.50983
-3.5108
-3.5121
-3.50919
-3.51049
-3.51276
-3.51275
-3.51372
-3.51209
-3.5121
-3.51015
-3.5108
-3.50822
-3.5079
-3.50595
-3.50498
-3.50368
-3.50627
-3.50821
-3.50886
-3.50984
-3.5108
-3.5108
-3.51177
-3.51209
-3.51209
-3.51177
-3.51146
-3.51114
-3.51179
-3.51276
-3.51308
-3.5134
-3.51405
-3.5134
-3.5147
-3.51308
-3.51308
-3.51211
-3.50952
-3.50919
-3.50984
-3.50887
-3.50952
-3.50887
-3.51017
-3.5079
-3.50563
-3.50724
-3.50692
-3.50757
-3.50725
-3.50887
-3.50984
-3.51017
-3.51049
-3.5105
-3.51049
-3.5108
-3.51047
-3.50853
-3.50951
-3.50953
-3.50889
-3.50889
-3.50727
-3.50986
-3.50889
-3.50985
-3.50887
-3.50887
-3.50919
-3.5079
-3.5092
-3.50985
-3.50759
-3.50727
-3.50694
-3.50662
-3.50888
-3.50889
-3.50824
-3.50856
-3.50953
-3.5079
-3.5066
-3.50822
-3.50887
-3.50985
-3.50985
-3.50985
-3.50888
-3.51018
-3.50694
-3.50727
-3.50629
-3.50887
-3.50854
-3.50756
-3.5095
-3.50918
-3.51048
-3.51243
-3.51438
-3.51341
-3.51439
-3.51342
-3.51309
-3.51275
-3.51015
-3.51015
-3.51048
-3.50952
-3.51146
-3.51082
-3.5134
-3.51341
-3.51342
-3.51342
-3.51277
-3.51179
-3.51243
-3.51145
-3.5121
-3.51308
-3.51114
-3.51081
-3.51437
-3.51468
-3.51533
-3.51338
-3.51468
-3.5163
-3.51501
-3.51437
-3.5134
-3.51275
-3.51242
-3.51242
-3.5121
-3.51308
-3.51308
-3.51114
-3.51276
-3.51243
-3.51276
-3.51178
-3.51178
-3.51113
-3.51307
-3.50886
-3.50724
-3.5066
-3.50563
-3.50789
-3.50788
-3.50852
-3.51047
-3.51177
-3.51275
-3.51081
-3.51081
-3.50918
-3.50788
-3.50949
-3.50852
-3.50853
-3.50854
-3.50822
-3.50919
-3.50854
-3.50789
-3.50725
-3.50951
-3.51178
-3.5134
-3.51599
-3.51275
-3.51242
-3.51403
-3.51241
-3.51241
-3.51306
-3.51209
-3.51339
-3.51307
-3.51275
-3.51404
-3.51534
-3.51599
-3.51794
-3.51664
-3.51275
-3.51113
-3.50982
-3.51047
-3.50885
-3.50983
-3.51178
-3.51211
-3.51309
-3.51179
-3.51147
-3.51211
-3.51307
-3.515
-3.51241
-3.50982
-3.5082
-3.50756
-3.50887
-3.50628
-3.50629
-3.50629
-3.50889
-3.50985
-3.51017
-3.50887
-3.50886
-3.50918
-3.51015
-3.51177
-3.51242
-3.5121
-3.51243
-3.51244
-3.51245
-3.51472
-3.51439
-3.51536
-3.51341
-3.51309
-3.51438
-3.51308
-3.51438
-3.51469
-3.51146
-3.51501
-3.51275
-3.51048
-3.51113
-3.51178
-3.51114
-3.51308
-3.51341
-3.51502
-3.51373
-3.51211
-3.51081
-3.51114
-3.50888
-3.50985
-3.51115
-3.51114
-3.50984
-3.51145
-3.51047
-3.50756
-3.50789
-3.5066
-3.5053
-3.50693
-3.50823
-3.5092
-3.51049
-3.51048
-3.5108
-3.51274
-3.51533
-3.51793
-3.51761
-3.516
-3.51503
-3.51471
-3.51309
-3.51568
-3.516
-3.51438
-3.51308
-3.51664
-3.51599
-3.51372
-3.51274
-3.51307
-3.51437
-3.51502
-3.51794
-3.51761
-3.51599
-3.5147
-3.51308
-3.51341
-3.51276
-3.51082
-3.5121
-3.51113
-3.51177
-3.5121
-3.51275
-3.51243
-3.5134
-3.51114
-3.50855
-3.51049
-3.51308
-3.5134
-3.51501
-3.51404
-3.51436
-3.51339
-3.51242
-3.51145
-3.51145
-3.51016
-3.51048
-3.51016
-3.5108
-3.50983
-3.51015
-3.51079
-3.50951
-3.51113
-3.51243
-3.51308
-3.51534
-3.51533
-3.51403
-3.51242
-3.51113
-3.51178
-3.51179
-3.51082
-3.51082
-3.51114
-3.50919
-3.50951
-3.51047
-3.51112
-3.51209
-3.5095
-3.5108
-3.50918
-3.51145
-3.51242
-3.51242
-3.51209
-3.51403
-3.51306
-3.51435
-3.51533
-3.51469
-3.51405
-3.51211
-3.51341
-3.51276
-3.51341
-3.51502
-3.51631
-3.51468
-3.51435
-3.515
-3.51403
-3.51306
-3.51112
-3.51242
-3.51211
-3.51503
-3.51535
-3.51438
-3.51599
-3.51436
-3.51144
-3.51144
-3.51404
-3.51502
-3.51502
-3.51372
-3.5134
-3.51372
-3.51242
-3.51047
-3.50756
-3.50594
-3.50626
-3.50497
-3.50757
-3.51047
-3.51209
-3.51208
-3.50853
-3.51047
-3.51113
-3.50919
-3.5092
-3.5092
-3.50953
-3.50952
-3.50822
-3.50691
-3.50658
-3.50658
-3.50561
-3.5069
-3.50657
-3.5082
-3.51015
-3.51242
-3.5134
-3.51372
-3.51695
-3.51533
-3.51274
-3.51209
-3.5082
-3.50917
-3.50918
-3.5095
-3.50983
-3.5095
-3.51307
-3.51307
-3.51242
-3.51371
-3.51208
-3.51208
-3.5124
-3.51014
-3.51241
-3.51241
-3.51274
-3.51015
-3.51144
-3.51338
-3.51337
-3.51434
-3.51435
-3.51273
-3.51436
-3.51404
-3.51502
-3.51436
-3.51435
-3.51435
-3.51337
-3.51305
-3.51499
-3.51564
-3.51531
-3.51596
-3.51434
-3.51272
-3.51078
-3.51111
-3.51111
-3.51079
-3.51079
-3.50918
-3.50983
-3.50853
-3.50918
-3.50788
-3.50982
-3.50787
-3.50852
-3.50723
-3.50658
-3.50561
-3.50691
-3.50788
-3.50917
-3.51078
-3.50949
-3.51014
-3.50949
-3.50982
-3.51144
-3.50982
-3.51047
-3.51014
-3.50885
-3.50886
-3.50788
-3.50788
-3.50788
-3.50917
-3.50852
-3.50982
-3.50788
-3.51016
-3.50984
-3.50886
-3.5095
-3.51143
-3.5124
-3.51306
-3.51469
-3.51469
-3.51565
-3.51824
-3.51759
-3.5137
-3.51338
-3.51209
-3.50885
-3.50691
-3.50658
-3.50691
-3.50626
-3.50787
-3.50528
-3.50431
-3.50495
-3.50625
-3.50884
-3.50917
-3.51177
-3.51178
-3.51243
-3.51178
-3.51372
-3.51372
-3.51371
-3.51241
-3.51305
-3.51176
-3.51241
-3.51274
-3.51274
-3.51436
-3.51404
-3.51436
-3.51597
-3.51468
-3.51662
-3.51888
-3.51921
-3.51727
-3.51533
-3.51532
-3.51598
-3.51533
-3.51274
-3.51371
-3.51371
-3.51209
-3.51144
-3.51176
-3.51079
-3.50982
-3.51111
-3.50884
-3.51078
-3.51013
-3.51176
-3.50917
-3.50691
-3.5082
-3.50723
-3.50723
-3.50625
-3.5069
-3.50948
-3.50948
-3.50786
-3.50754
-3.50786
-3.50657
-3.50884
-3.51013
-3.50884
-3.50916
-3.50787
-3.51078
-3.5124
-3.51467
-3.51143
-3.51207
-3.51336
-3.5153
-3.51595
-3.5166
-3.51725
-3.51596
-3.51402
-3.51208
-3.51272
-3.51401
-3.51272
-3.51272
-3.51273
-3.51208
-3.51207
-3.51013
-3.5111
-3.5111
-3.51337
-3.51014
-3.51079
-3.51305
-3.51498
-3.5166
-3.51789
-3.51693
-3.51725
-3.5166
-3.51531
-3.51531
-3.51499
-3.51434
-3.51272
-3.51304
-3.51433
-3.51175
-3.51369
-3.51337
-3.51629
-3.51499
-3.51401
-3.51272
-3.51175
-3.51336
-3.514
-3.51206
-3.51238
-3.50883
-3.50786
-3.50787
-3.50819
-3.51045
-3.51012
-3.5098
-3.51077
-3.51013
-3.50916
-3.50948
-3.50981
-3.50819
-3.5111
-3.51078
-3.50916
-3.50948
-3.50948
-3.50948
-3.50948
-3.51208
-3.51175
-3.5137
-3.5124
-3.51046
-3.51143
-3.51304
-3.51272
-3.5124
-3.51208
-3.50852
-3.51014
-3.51014
-3.5111
-3.50883
-3.50885
-3.50821
-3.50853
-3.51112
-3.51176
-3.51143
-3.5098
-3.5098
-3.51111
-3.51241
-3.51176
-3.51175
-3.51208
-3.50981
-3.50916
-3.50851
-3.51046
-3.51176
-3.51241
-3.51176
-3.51144
-3.51047
-3.51371
-3.51532
-3.51499
-3.51467
-3.51337
-3.51499
-3.51305
-3.51175
-3.51304
-3.51305
-3.51467
-3.51629
-3.51565
-3.51468
-3.51339
-3.51338
-3.51209
-3.51047
-3.5082
-3.50529
-3.50626
-3.50755
-3.50787
-3.50657
-3.50949
-3.51111
-3.51273
-3.51144
-3.51047
-3.51015
-3.50853
-3.50982
-3.5095
-3.51112
-3.50853
-3.50561
-3.5056
-3.50787
-3.50819
-3.50982
-3.51079
-3.51533
-3.51339
-3.51403
-3.51436
-3.51501
-3.51566
-3.51404
