2.08235
2.02247
1.92275
1.78602
1.61744
1.42555
1.22276
1.02513
0.850444
0.714541
0.627497
0.591114
0.599118
0.639761
0.699234
0.764588
0.825514
0.875002
0.909251
0.927193
0.929874
0.919883
0.900779
0.876566
0.851309
0.828693
0.811897
0.803597
0.805938
0.820433
0.847713
0.887174
0.936645
0.992417
1.04975
1.10371
1.15003
1.18569
1.20919
1.22063
1.22163
1.21488
1.20355
1.19078
1.17894
1.16928
1.16193
1.15617
1.15094
1.14526
1.13846
1.13015
1.12016
1.10862
1.09591
1.08268
1.07004
1.05944
1.05257
1.05086
1.05511
1.06496
1.07886
1.09461
1.11014
1.1242
1.13653
1.14748
1.1574
1.16609
1.17298
1.1773
1.17863
1.17695
1.17271
1.16643
1.15863
1.14942
1.1386
1.12604
1.11226
1.09857
1.08689
1.07912
1.07594
1.07627
1.07764
1.07712
1.07231
1.06191
1.04594
1.02574
1.00372
0.982839
0.965872
0.954871
0.95094
0.95422
0.964086
0.979356
0.998263
1.0185
1.03723
1.05151
1.05878
1.0574
1.04707
1.02894
1.00549
0.980197
0.957084
0.94025
0.933191
0.938122
0.95579
0.985229
1.02408
1.06892
1.11587
1.16099
1.20075
1.23251
1.25463
1.2667
1.26949
1.26469
1.25463
1.24191
1.22872
1.2162
1.20417
1.19143
1.17669
1.15938
1.14015
1.12043
1.10151
1.08397
1.06777
1.05283
1.03918
1.02695
1.01615
1.00675
0.998741
0.992628
0.989349
0.990114
0.995824
1.00666
1.02192
1.04031
1.06038
1.08086
1.10081
1.11932
1.13545
1.14781
1.15463
1.15412
1.14507
1.12782
1.10468
1.07973
1.05766
1.04186
1.0329
1.02876
1.02668
1.02518
1.02466
1.02662
1.03252
1.04272
1.05632
1.07159
1.08689
1.10093
1.11291
1.12215
1.12815
1.13079
1.13044
1.12802
1.12504
1.12306
1.12334
1.12625
1.13125
1.13698
1.14181
1.14448
1.14433
1.14153
1.13669
1.13028
1.12269
1.11434
1.10593
1.09831
1.09234
1.08847
1.08681
1.08702
1.08837
1.08984
1.09061
1.0902
1.08866
1.08643
1.08421
1.08297
1.08342
1.0858
1.08987
1.09488
1.0998
1.10382
1.10659
1.10824
1.1094
1.11064
1.11181
1.11191
1.10927
1.10247
1.09112
1.07606
1.05951
1.04437
1.03348
1.0287
1.03043
1.03751
1.04763
1.058
1.06589
1.06933
1.06728
1.05975
1.04762
1.03249
1.01657
1.0024
0.992836
0.9905
0.997172
1.01321
1.03722
1.06645
1.09746
1.12699
1.15254
1.1726
1.18641
1.19398
1.19576
1.19242
1.18477
1.1738
1.16048
1.14592
1.13105
1.11672
1.10331
1.09083
1.07915
1.0684
1.05943
1.05396
1.05403
1.06104
1.07466
1.09239
1.11021
1.1239
1.1305
1.12925
1.12168
1.11108
1.10118
1.09477
1.093
1.09504
1.09885
1.10212
1.10315
1.10138
1.09743
1.09256
1.08798
1.08418
1.08082
1.07714
1.0726
1.06746
1.0629
1.06072
1.0625
1.06868
1.07792
1.08762
1.09508
1.0983
1.09642
1.0897
1.07926
1.06654
1.05289
1.03935
1.02668
1.01553
1.00656
1.0005
0.998066
0.999961
1.00659
1.01778
1.03285
1.05079
1.07045
1.09068
1.11006
1.12701
1.13966
1.1463
1.14599
1.13912
1.12772
1.11469
1.10281
1.09397
1.08881
1.08722
1.08873
1.09273
1.09858
1.10565
1.11326
1.12058
1.12669
1.13042
1.13051
1.12573
1.11556
1.10038
1.08171
1.06198
1.04395
1.03001
1.02167
1.01925
1.02193
1.02801
1.03535
1.04196
1.04667
1.04949
1.05113
1.05243
1.05385
1.05545
1.05738
1.06025
1.06509
1.07273
1.08335
1.09613
1.1093
1.12076
1.12881
1.13246
1.1315
1.1262
1.11711
1.10511
1.09195
1.08057
1.07427
1.07479
1.08127
1.09105
1.10147
1.11104
1.11941
1.12697
1.13431
1.14198
1.14993
1.15735
1.16293
1.16524
1.16331
1.15675
1.14535
1.1291
1.10835
1.08417
1.05865
1.03469
1.01535
1.00304
0.998906
1.00293
1.0143
1.03147
1.05254
1.07506
1.09612
1.1129
1.12356
1.12779
1.12679
1.12235
1.11582
1.10771
1.09814
1.08748
1.07649
1.06616
1.0575
1.05132
1.0482
1.04855
1.05242
1.0593
1.06811
1.07735
1.08541
1.09095
1.09331
1.09245
1.08893
1.08378
1.07805
1.07231
1.06684
1.06153
1.05629
1.05119
1.04654
1.04279
1.04034
1.03949
1.04027
1.04258
1.0463
1.0513
1.05753
1.06504
1.07392
1.08417
1.09555
1.10723
1.1178
1.12541
1.12816
1.12446
1.11353
1.09582
1.07304
1.04821
1.02508
1.00752
0.998733
1.00062
1.01323
1.03476
1.06218
1.09187
1.12068
1.14654
1.16869
1.18728
1.2026
1.21454
1.22252
1.22566
1.22343
1.21589
1.20354
1.18717
1.16778
1.14636
1.12393
1.1014
1.07971
1.05967
1.04194
1.02733
1.01692
1.0123
1.01516
1.02623
1.0443
1.06585
1.08609
1.10044
1.106
1.10206
1.08989
1.07211
1.05208
1.03333
1.01901
1.01165
1.01292
1.0232
1.04128
1.06429
1.08823
1.10875
1.12204
1.12578
1.11974
1.10642
1.09062
1.07786
1.0717
1.0722
1.07721
1.08456
1.09293
1.10173
1.11039
1.11813
1.12412
1.12788
1.12895
1.12672
1.12032
1.1092
1.09416
1.07767
1.06369
1.0561
1.05731
1.06736
1.08391
1.10309
1.12087
1.13377
1.13953
1.13715
1.12681
1.10993
1.08914
1.06809
1.05091
1.04124
1.04108
1.05
1.06546
1.08406
1.10265
1.11904
1.13206
1.14144
1.14758
1.15134
1.15366
1.15521
1.15601
1.15559
1.15329
1.14854
1.14108
1.13081
1.11768
1.10155
1.08246
1.06119
1.03977
1.02145
1.00986
1.00743
1.01411
1.02737
1.04313
1.0572
1.06613
1.06774
1.06124
1.04747
1.02902
1.00998
0.995004
0.987913
0.990712
1.00327
1.02398
1.05073
1.08136
1.11373
1.14559
1.1745
1.19799
1.21404
1.22141
1.21995
1.2108
1.19598
1.17792
1.15892
1.1408
1.12468
1.11105
1.09946
1.08881
1.07762
1.06446
1.04873
1.0309
1.01263
0.996295
0.984348
0.978541
0.97958
0.987216
1.00059
1.01888
1.04123
1.0666
1.09339
1.11912
1.14081
1.15548
1.16082
1.1557
1.14048
1.11708
1.08854
1.05848
1.03057
1.00797
0.993007
0.986925
0.989826
1.00089
1.01844
1.04059
1.06557
1.09182
1.11803
1.14303
1.16549
1.18402
1.19745
1.20507
1.20694
1.2039
1.19741
1.1891
1.18048
1.17253
1.16518
1.15723
1.14683
1.13206
1.11159
1.08523
1.05415
1.0209
0.989184
0.963129
0.946249
0.940358
0.945085
0.958272
0.97694
0.998237
1.01995
1.04086
1.06068
1.07983
1.09888
1.11802
1.13649
1.15268
1.16461
1.17066
1.17027
1.16408
1.1537
1.14132
1.12898
1.11825
1.11032
1.10603
1.10589
1.11018
1.11866
1.13012
1.14221
1.15187
1.15625
1.15364
1.14366
1.12736
1.10708
1.08584
1.06684
1.05259
1.04458
1.04311
1.04741
1.05592
1.06666
1.07751
1.08664
1.09258
1.09428
1.09114
1.08294
1.07006
1.05367
1.03609
1.02076
1.01111
1.00912
1.01471
1.02643
1.0422
1.05975
1.07671
1.09104
1.10142
1.10732
1.10893
1.10691
1.10218
1.09591
1.08921
1.08301
1.07814
1.07538
1.07544
1.07861
1.0846
1.09235
1.10018
1.10626
1.10917
1.10828
1.10391
1.09722
1.08991
1.08386
1.08055
1.08097
1.08526
1.0927
1.10183
1.11063
1.11694
1.11911
1.11631
1.10869
1.09722
1.08325
1.06839
1.05466
1.04458
1.041
1.0463
1.06157
1.086
1.11696
1.15045
1.18203
1.20769
1.22404
1.22867
1.22013
1.19832
1.16474
1.12248
1.07578
1.02948
0.988051
0.955365
0.934578
0.927681
0.934973
0.954703
0.983412
1.01682
1.05057
1.08079
1.10454
1.12002
1.1267
1.12533
1.11761
1.10598
1.09347
1.0832
1.07784
1.07875
1.0857
1.09727
1.11164
1.12739
1.14348
1.15943
1.17488
1.18936
1.20203
1.21153
1.21631
1.21493
1.20655
1.19125
1.17003
1.14453
1.11687
1.0893
1.06399
1.04265
1.0259
1.01331
1.00404
0.997734
0.995081
0.99751
1.00635
1.02177
1.04219
1.06454
1.08504
1.10033
1.10839
1.10901
1.10329
1.09304
1.08004
1.06565
1.05071
1.03598
1.02228
1.01069
1.00252
0.999143
1.00157
1.01
1.02373
1.04125
1.06047
1.07931
1.09631
1.11081
1.12297
1.13316
1.14156
1.14792
1.15167
1.15239
1.15012
1.14551
1.13986
1.13454
1.13043
1.12745
1.12444
1.1195
1.11084
1.09755
1.08004
1.06014
1.04072
1.02483
1.01481
1.01167
1.01526
1.02478
1.03946
1.05859
1.08148
1.10712
1.13379
1.15899
1.17966
1.19291
1.19671
1.19079
1.17695
1.15865
1.1399
1.12398
1.11254
1.10592
1.10382
1.1059
1.11192
1.12149
1.13342
1.14542
1.15475
1.15897
1.15649
1.1469
1.13058
1.10841
1.08203
1.05386
1.02711
1.00507
0.990361
0.984287
0.986756
0.996685
1.01243
1.03214
1.05393
1.07587
1.09616
1.11308
1.12493
1.13005
1.12735
1.11696
1.10031
1.07996
1.05911
1.04089
1.02762
1.0207
1.02084
1.02806
1.04175
1.06049
1.08209
1.10389
1.12341
1.13876
1.14902
1.15445
1.1562
1.15558
1.15348
1.15017
1.14568
1.14008
1.13371
1.12689
1.11983
1.11229
1.10399
1.09472
1.08467
1.07453
1.06524
1.05777
1.05278
1.05044
1.05029
1.05129
1.05195
1.0507
1.04648
1.03909
1.02948
1.0194
1.01081
1.00507
1.00258
1.00285
1.00517
1.00907
1.01442
1.02129
1.02953
1.03859
1.04758
1.05552
1.06175
1.06639
1.07054
1.07603
1.0845
1.09688
1.11287
1.131
1.14916
1.16501
1.17658
1.18234
1.18135
1.17333
1.15878
1.13905
1.11654
1.09444
1.0763
1.06529
1.06344
1.07123
1.08728
1.10847
1.13054
3.88123
3.78949
3.60387
3.33371
3.00934
2.6832
2.41081
2.22449
2.12804
2.10799
2.14511
2.22306
2.32957
2.45099
2.56917
2.66612
2.7309
2.76056
2.75656
2.72137
2.65907
2.57794
2.49071
2.4113
2.35033
2.312
2.29403
2.2909
2.29783
2.31185
2.3294
2.34576
2.35741
2.36383
2.36766
2.37438
2.39035
2.41844
2.45543
2.49401
2.52745
2.55258
2.57032
2.58346
2.59263
2.59434
2.58493
2.5663
2.54604
2.53242
2.52898
2.53268
2.53635
2.53375
2.52372
2.5099
2.49721
2.4888
2.48513
2.48518
2.48824
2.49426
2.50355
2.51657
2.53432
2.557
2.58081
2.59926
2.60877
2.60962
2.60142
2.58275
2.55624
2.52904
2.50854
2.49778
2.49328
2.48829
2.47986
2.47282
2.47622
2.49625
2.53178
2.57565
2.61887
2.65393
2.67633
2.68519
2.68219
2.67058
2.6542
2.63664
2.61998
2.60366
2.5841
2.55718
2.52191
2.48196
2.44122
2.39966
2.358
2.32394
2.31038
2.3265
2.36921
2.424
2.47382
2.50852
2.53136
2.55871
2.60277
2.65278
2.68797
2.70081
2.69966
2.70002
2.71579
2.75139
2.7977
2.83757
2.85727
2.85361
2.83141
2.79737
2.75685
2.7156
2.68123
2.66057
2.65722
2.67108
2.69597
2.72002
2.73419
2.73722
2.73019
2.71093
2.67536
2.61949
2.54292
2.45436
2.37104
2.31214
2.29175
2.3129
2.3644
2.42602
2.47824
2.50822
2.5107
2.48698
2.44356
2.39028
2.34047
2.31328
2.32886
2.39215
2.48507
2.58008
2.65618
2.70383
2.72239
2.71743
2.69862
2.67706
2.66049
2.65059
2.64467
2.63924
2.63216
2.62339
2.61514
2.61113
2.61346
2.62007
2.62507
2.62162
2.60367
2.56783
2.51925
2.47887
2.47033
2.49032
2.51367
2.52521
2.52754
2.52787
2.52953
2.53531
2.55172
2.58519
2.63468
2.68949
2.73452
2.75682
2.74869
2.70863
2.64116
2.55727
2.47708
2.42912
2.43442
2.48524
2.54861
2.59355
2.60923
2.60317
2.58792
2.56885
2.54302
2.50789
2.47203
2.45809
2.48764
2.55718
2.64146
2.71874
2.78019
2.82266
2.84258
2.83673
2.80588
2.75754
2.70603
2.6683
2.65615
2.67003
2.69885
2.7257
2.73534
2.72057
2.68464
2.63859
2.59489
2.56122
2.53642
2.51154
2.47619
2.42819
2.37915
2.34834
2.34772
2.3728
2.40726
2.43364
2.44084
2.42796
2.4048
2.38584
2.37971
2.38344
2.38861
2.39081
2.39412
2.40871
2.44368
2.50025
2.57039
2.64076
2.6987
2.73692
2.75531
2.75945
2.75702
2.75197
2.74208
2.72356
2.69689
2.6661
2.63426
2.60202
2.57075
2.54342
2.52288
2.51148
2.51404
2.53586
2.57398
2.61505
2.64473
2.65547
2.64697
2.62415
2.59449
2.56466
2.53757
2.51208
2.48627
2.46106
2.44246
2.4399
2.45997
2.5009
2.55391
2.60881
2.65742
2.69384
2.71501
2.72169
2.71812
2.71096
2.70736
2.70999
2.71378
2.71105
2.6969
2.66958
2.62891
2.5751
2.5093
2.43731
2.37274
2.33134
2.31966
2.33338
2.36513
2.40648
2.44705
2.48035
2.5053
2.52138
2.5266
2.51911
2.49949
2.47004
2.43288
2.39064
2.35058
2.32545
2.32851
2.36622
2.43412
2.51856
2.6022
2.66976
2.71204
2.72728
2.71961
2.69571
2.66275
2.62845
2.60183
2.59199
2.60343
2.63242
2.66887
2.70062
2.71592
2.70617
2.67111
2.62073
2.57059
2.53491
2.52025
2.52479
2.5426
2.56876
2.60061
2.63516
2.66648
2.68678
2.68991
2.67224
2.63193
2.56937
2.48867
2.39872
2.31402
2.25409
2.23702
2.26898
2.33881
2.42405
2.5022
2.55925
2.59288
2.61039
2.62239
2.63561
2.64873
2.65465
2.64682
2.62443
2.59385
2.56575
2.55055
2.55459
2.57817
2.61554
2.65781
2.69692
2.7282
2.74945
2.75955
2.75786
2.74468
2.72149
2.69048
2.65319
2.61039
2.56749
2.54153
2.54927
2.58001
2.60459
2.60686
2.5889
2.55966
2.52699
2.49717
2.4802
2.49081
2.53171
2.58297
2.62034
2.63245
2.62004
2.5906
2.55591
2.52942
2.52033
2.53014
2.55711
2.59941
2.6513
2.69922
2.72754
2.72762
2.69995
2.6525
2.59812
2.551
2.52172
2.51283
2.51724
2.52201
2.51531
2.49329
2.46288
2.43886
2.43606
2.45996
2.50394
2.55705
2.6153
2.68429
2.76802
2.85604
2.92662
2.96062
2.94991
2.89632
2.80972
2.70956
2.61881
2.54972
2.49978
2.46401
2.44545
2.45342
2.49192
2.54754
2.59572
2.62095
2.62387
2.61335
2.59815
2.58545
2.58141
2.58941
2.60762
2.62932
2.64628
2.65175
2.64301
2.6223
2.59528
2.56761
2.54183
2.51691
2.49094
2.46467
2.44281
2.43101
2.43127
2.44101
2.45745
2.48019
2.50993
2.54475
2.57748
2.59526
2.58405
2.54026
2.48226
2.44042
2.42895
2.43985
2.45609
2.468
2.4795
2.49861
2.52729
2.56206
2.59938
2.63617
2.66696
2.68346
2.6796
2.65619
2.62073
2.58402
2.55693
2.54929
2.5687
2.61667
2.68406
2.75276
2.80492
2.8315
2.83252
2.81182
2.77321
2.7207
2.65879
2.5911
2.5211
2.45908
2.42907
2.45487
2.52334
2.58754
2.61174
2.59361
2.55796
2.53888
2.55488
2.59931
2.65522
2.709
2.75186
2.77844
2.78584
2.77327
2.74185
2.69448
2.63673
2.57936
2.5383
2.52743
2.54924
2.59243
2.63893
2.67306
2.68618
2.67573
2.64286
2.59052
2.52375
2.45084
2.38302
2.33255
2.30931
2.31526
2.34078
2.37102
2.39696
2.41975
2.44656
2.48434
2.53482
2.59235
2.64609
2.68478
2.70116
2.69192
2.65688
2.60023
2.53201
2.46756
2.42286
2.40815
2.42437
2.4649
2.52106
2.58632
2.65639
2.72653
2.78915
2.83376
2.84959
2.82884
2.77041
2.68359
2.58857
2.50906
2.45909
2.43579
2.42532
2.41908
2.42399
2.45648
2.52353
2.61181
2.69479
2.74754
2.75704
2.72379
2.65836
2.57601
2.49383
2.42928
2.39586
2.39852
2.43493
2.49885
2.57793
2.6548
2.71513
2.75182
2.76345
2.75305
2.72724
2.69469
2.66322
2.63671
2.61428
2.59175
2.56451
2.53088
2.49405
2.46187
2.44351
2.44387
2.45946
2.47923
2.49032
2.48446
2.46161
2.42889
2.39569
2.36708
2.34221
2.31971
2.30296
2.29808
2.3064
2.32218
2.33915
2.35734
2.38231
2.41886
2.46685
2.52245
2.58089
2.63714
2.68563
2.72147
2.7431
2.75395
2.76144
2.77234
2.78678
2.79777
2.79693
2.78048
2.75155
2.71841
2.69062
2.67425
2.66931
2.67109
2.67391
2.67392
2.66937
2.65887
2.64037
2.61166
2.57286
2.52866
2.48723
2.45544
2.43311
2.41356
2.3905
2.36334
2.33648
2.3157
2.30476
2.30521
2.31916
2.35003
2.3982
2.4581
2.52168
2.58267
2.63575
2.67379
2.68853
2.67496
2.63591
2.58206
2.52741
2.48284
2.45307
2.43861
2.43957
2.45651
2.48709
2.52315
2.55297
2.56656
2.56051
2.54012
2.51798
2.50821
2.51931
2.55048
2.59468
2.64485
2.69629
2.74452
2.78402
2.81047
2.82362
2.82634
2.82094
2.80642
2.77895
2.73512
2.67566
2.60777
2.54336
2.49315
2.46002
2.43773
2.41743
2.3949
2.3737
2.36342
2.37389
2.40883
2.46312
2.52528
2.58092
2.61581
2.61998
2.59263
2.54453
2.49502
2.46271
2.45208
2.44953
2.43618
2.40167
2.34758
2.28518
2.23227
2.20723
2.21942
2.26421
2.32871
2.39954
2.46609
2.52023
2.55604
2.57099
2.56725
2.55231
2.53608
2.52557
2.52105
2.5198
2.52305
2.53838
2.57435
2.63044
2.69359
2.74448
2.76782
2.75874
2.72364
2.67731
2.63783
2.62055
2.63242
2.66975
2.72133
2.77381
2.81566
2.83718
2.83029
2.78948
2.7144
2.61194
2.49709
2.3908
2.31339
2.2751
2.27159
2.28863
2.31089
2.3285
2.342
2.36639
2.42298
2.51337
2.61059
2.68211
2.70926
2.69005
2.63711
2.5732
2.52156
2.49457
2.48981
2.49754
2.51007
2.52485
2.5425
2.56489
2.5912
2.61485
2.62784
2.62875
2.62421
2.6234
2.63225
2.65059
2.67194
2.6869
2.68789
2.67121
2.63606
2.58488
2.52535
2.47098
2.43647
2.43097
2.45383
2.49567
2.54249
2.58123
2.60429
2.61057
2.60309
2.58597
2.56391
2.54272
2.52905
2.5273
2.53514
2.5442
2.54742
2.54516
2.54299
2.54438
2.54606
2.53984
2.5183
2.47902
2.42485
2.36272
2.30105
2.24698
2.20497
2.17909
2.18169
2.23536
2.34394
2.47279
2.5834
2.66111
2.70783
2.72931
2.72941
2.70985
2.67306
2.62563
2.5793
2.54799
2.54221
2.56311
2.6018
2.64544
2.68304
2.70818
2.71894
2.71658
2.70388
2.68422
2.66049
2.6341
2.60399
2.56768
2.52647
2.48839
2.46323
2.45467
2.45936
2.47104
2.48251
2.48682
2.48189
2.47417
2.4752
2.49207
2.52199
2.55565
2.58409
2.60186
2.60714
2.601
2.58661
2.5678
2.54858
2.53321
2.52478
2.52307
2.52459
2.52585
2.52464
2.52017
2.51271
2.50356
2.49444
2.48714
2.48369
2.48702
2.50123
2.52965
2.57173
2.62184
2.67252
2.71742
2.75143
2.76983
2.76924
2.75012
2.71728
2.67811
2.63813
2.5981
2.55607
2.51296
2.47542
2.45239
2.44824
2.46011
2.48064
2.50255
2.52118
2.53295
2.53246
2.51264
2.46877
2.40429
2.33184
2.26942
2.2347
2.23905
2.28385
2.36072
2.45593
2.55526
2.64718
2.72344
2.77812
2.80663
2.80628
2.77837
2.7302
2.67358
2.61881
2.56853
2.51742
2.45889
2.39307
2.33165
2.2947
2.29778
2.34044
2.41139
2.49969
2.59285
2.67338
2.72599
2.74754
2.74721
2.73703
2.72298
2.70345
2.67421
2.63394
2.58658
2.53971
2.50121
2.47703
2.47008
2.47911
2.49786
1.78748
1.84061
1.9157
2.00558
2.09974
2.18637
2.25577
2.30249
2.32555
2.32677
2.31007
2.28177
2.25044
2.22513
2.21212
2.21313
2.2258
2.24506
2.26476
2.27974
2.28763
2.28949
2.2892
2.29175
2.3008
2.31671
2.33592
2.35228
2.35948
2.3531
2.3311
2.29346
2.24183
2.1802
2.11456
2.05176
1.99723
1.95344
1.92102
1.90264
1.9056
1.9384
2.0023
2.08541
2.16659
2.22592
2.25205
2.24449
2.21177
2.1686
2.13013
2.10631
2.10028
2.11032
2.13177
2.15835
2.18329
2.20079
2.20745
2.20392
2.19517
2.18789
2.18667
2.1915
2.19828
2.20138
2.196
2.17967
2.1529
2.11973
2.08708
2.06217
2.05031
2.05468
2.07647
2.11481
2.16532
2.22018
2.27027
2.30758
2.32793
2.33156
2.32183
2.30246
2.27625
2.24609
2.21655
2.19296
2.1787
2.17444
2.1795
2.19274
2.21177
2.23331
2.25437
2.27233
2.284
2.28559
2.27395
2.24801
2.20903
2.1599
2.10441
2.04792
1.99852
1.9655
1.95572
1.97015
2.003
2.04367
2.08017
2.10369
2.11419
2.12169
2.1384
2.16817
2.20592
2.24364
2.27437
2.29301
2.29749
2.2895
2.27342
2.25369
2.23273
2.21082
2.18712
2.16156
2.13716
2.12053
2.11876
2.13467
2.16485
2.20079
2.23204
2.25005
2.25039
2.23309
2.20112
2.15919
2.11328
2.0708
2.04091
2.0324
2.04758
2.07815
2.10983
2.13108
2.13754
2.13081
2.11471
2.09271
2.06786
2.0437
2.02492
2.01576
2.0169
2.02349
2.02699
2.02096
2.00589
1.98941
1.98102
1.9854
1.9999
2.01861
2.03822
2.0602
2.08917
2.12936
2.18138
2.24104
2.30022
2.3494
2.38026
2.38791
2.37201
2.33695
2.29081
2.24378
2.20649
2.18755
2.19069
2.2125
2.24339
2.2721
2.29106
2.29838
2.29553
2.28321
2.25932
2.21973
2.1624
2.09364
2.03192
2.00067
2.00884
2.04154
2.07491
2.09397
2.09796
2.09421
2.08821
2.07958
2.06638
2.052
2.04659
2.06129
2.09933
2.15545
2.22083
2.28688
2.34578
2.39143
2.42034
2.43199
2.42844
2.41194
2.38229
2.33715
2.27754
2.21172
2.1532
2.11442
2.10082
2.10948
2.13092
2.15322
2.16668
2.16773
2.15997
2.15209
2.15324
2.16732
2.19001
2.212
2.22363
2.21805
2.1921
2.14675
2.08799
2.02705
1.97802
1.95327
1.95879
1.99157
2.04097
2.09323
2.13675
2.165
2.17686
2.17502
2.16383
2.14718
2.12749
2.10684
2.08806
2.07414
2.06731
2.06904
2.08047
2.101
2.12596
2.14753
2.15976
2.16267
2.16048
2.15635
2.14962
2.13707
2.11625
2.08886
2.06277
2.04964
2.05774
2.08549
2.12326
2.16142
2.19618
2.22936
2.26441
2.30178
2.33724
2.3639
2.37596
2.37254
2.36063
2.35394
2.36294
2.38413
2.40358
2.40863
2.3931
2.35615
2.30062
2.23217
2.15798
2.08523
2.02135
1.97668
1.96417
1.99015
2.04521
2.10946
2.1651
2.20195
2.21658
2.21202
2.19736
2.18378
2.17748
2.17635
2.17379
2.16447
2.14623
2.11966
2.08832
2.05785
2.03333
2.01656
2.00579
1.99786
1.99276
1.99704
2.01766
2.04728
2.06657
2.06464
2.04821
2.03478
2.04106
2.0739
2.12723
2.18619
2.23521
2.26432
2.27081
2.25826
2.23492
2.21156
2.19729
2.19433
2.19645
2.19392
2.18163
2.16385
2.15172
2.15647
2.18348
2.23009
2.28658
2.33913
2.37399
2.38121
2.3575
2.30634
2.23676
2.16103
2.09322
2.0466
2.0297
2.04314
2.07927
2.12507
2.16697
2.19477
2.20418
2.197
2.17934
2.15919
2.14351
2.13585
2.13564
2.13923
2.14134
2.13649
2.12193
2.10083
2.08182
2.07431
2.0834
2.10883
2.14696
2.19312
2.24122
2.28339
2.31124
2.3183
2.30145
2.26127
2.20301
2.13953
2.09149
2.07894
2.10785
2.16595
2.23184
2.28639
2.31824
2.32401
2.30584
2.26901
2.22062
2.16946
2.12726
2.10613
2.11007
2.13053
2.153
2.16562
2.16269
2.14515
2.11998
2.09805
2.08996
2.10023
2.1236
2.14831
2.16268
2.16037
2.14161
2.11233
2.08206
2.06094
2.05604
2.06814
2.09207
2.12027
2.14765
2.1736
2.1992
2.22377
2.24381
2.25436
2.25074
2.23008
2.1924
2.14133
2.08349
2.02703
1.98028
1.95084
1.9441
1.96115
1.99881
2.05199
2.11623
2.18612
2.2514
2.29763
2.31332
2.29661
2.25711
2.2123
2.17901
2.16522
2.16953
2.18714
2.21382
2.24622
2.28067
2.31316
2.34031
2.36125
2.37883
2.3979
2.42084
2.44401
2.45891
2.45582
2.4272
2.37047
2.2895
2.19416
2.09748
2.01211
1.94746
1.90846
1.89536
1.90358
1.92593
1.95727
1.99683
2.04414
2.09406
2.1377
2.16694
2.17862
2.17624
2.16908
2.16823
2.18164
2.21084
2.25211
2.29944
2.34609
2.38484
2.40895
2.41303
2.39466
2.35634
2.30574
2.25238
2.2023
2.15619
2.11296
2.07368
2.04288
2.02602
2.02611
2.04112
2.06385
2.08487
2.09669
2.09655
2.08611
2.06955
2.05155
2.03671
2.02963
2.03464
2.05498
2.09143
2.14111
2.19712
2.25078
2.29467
2.32386
2.33543
2.32817
2.30353
2.26657
2.22405
2.18111
2.13985
2.10131
2.06894
2.05023
2.05326
2.08058
2.12613
2.17754
2.2217
2.24894
2.25476
2.24059
2.21326
2.18302
2.15999
2.15121
2.15902
2.18081
2.21054
2.24109
2.2659
2.2803
2.28225
2.27204
2.25101
2.22117
2.18616
2.15211
2.12651
2.11514
2.11991
2.13847
2.16599
2.19804
2.23224
2.26737
2.30037
2.32539
2.33615
2.32986
2.30953
2.28148
2.25095
2.21915
2.18471
2.14713
2.1085
2.07307
2.04569
2.0301
2.02619
2.02953
2.0351
2.04117
2.04944
2.06196
2.07815
2.09363
2.1014
2.09481
2.07034
2.0291
1.97624
1.91864
1.8633
1.81859
1.79516
1.80196
1.83919
1.89711
1.96362
2.0319
2.10046
2.16755
2.22769
2.27471
2.30552
2.31999
2.31884
2.30314
2.27525
2.24013
2.20508
2.17785
2.1642
2.16623
2.18312
2.2127
2.25199
2.29665
2.34075
2.378
2.40286
2.41134
2.402
2.37569
2.33353
2.27597
2.20499
2.12698
2.05264
1.99419
1.96195
1.96176
1.99355
2.0508
2.12065
2.18728
2.23659
2.25987
2.25486
2.22498
2.17832
2.12542
2.0767
2.03996
2.01915
2.01437
2.02393
2.0457
2.07752
2.11566
2.1541
2.18546
2.20331
2.20343
2.18557
2.15402
2.11592
2.07829
2.04647
2.02438
2.01597
2.02542
2.05527
2.10317
2.16011
2.21263
2.24919
2.26551
2.26533
2.2569
2.24762
2.24015
2.23199
2.21829
2.19579
2.16468
2.12945
2.09829
2.08051
2.08079
2.09582
2.11654
2.13441
2.1456
2.15097
2.15311
2.15345
2.15225
2.14918
2.14358
2.135
2.12464
2.11579
2.11214
2.11523
2.1236
2.13392
2.1437
2.15417
2.17056
2.19708
2.231
2.26201
2.27812
2.27181
2.24288
2.19721
2.14473
2.09821
2.06962
2.0641
2.07795
2.10318
2.13249
2.16017
2.1803
2.187
2.17736
2.15438
2.12569
2.10023
2.08479
2.08246
2.09265
2.11218
2.1368
2.16248
2.18643
2.20738
2.22564
2.24194
2.25596
2.26612
2.2719
2.27594
2.28283
2.29589
2.31439
2.33397
2.34871
2.3529
2.3424
2.31547
2.27267
2.21611
2.14908
2.07604
2.00363
1.94051
1.89549
1.8754
1.88378
1.91909
1.97256
2.03086
2.08307
2.1257
2.16084
2.19122
2.21656
2.23356
2.23787
2.22628
2.19851
2.15904
2.11794
2.08825
2.07876
2.08863
2.10921
2.13021
2.14508
2.15324
2.15901
2.16744
2.17984
2.19255
2.20034
2.2
2.1911
2.17447
2.15193
2.12845
2.11264
2.113
2.1326
2.16694
2.20688
2.24328
2.26995
2.2848
2.2895
2.288
2.28448
2.28162
2.27995
2.27926
2.28048
2.28654
2.3001
2.32131
2.34716
2.37364
2.39745
2.41571
2.42411
2.41658
2.38824
2.33854
2.27266
2.19979
2.12993
2.07064
2.02507
1.99233
1.96939
1.95383
1.9451
1.94477
1.95492
1.97552
2.00392
2.03687
2.07122
2.10286
2.12663
2.13765
2.13287
2.11236
2.08059
2.04626
2.01989
2.00949
2.01713
2.03847
2.06554
2.09109
2.11202
2.13011
2.15043
2.17799
2.21403
2.25399
2.28867
2.30873
2.30919
2.29101
2.25937
2.22175
2.18722
2.16498
2.15892
2.1637
2.17014
2.17552
2.18703
2.21272
2.24941
2.28236
2.29653
2.28677
2.26107
2.23549
2.22268
2.22372
2.23125
2.23805
2.24112
2.24076
2.23788
2.23285
2.2258
2.21625
2.20184
2.17868
2.14585
2.10994
2.08242
2.07004
2.06948
2.07323
2.07701
2.08128
2.08879
2.10098
2.11621
2.12977
2.13637
2.13392
2.1252
2.11577
2.10998
2.10822
2.1073
2.10344
2.0955
2.08601
2.07964
2.08033
2.08932
2.10454
2.1211
2.133
2.13609
2.13032
2.11943
2.10843
2.10098
2.09849
2.10021
2.10381
2.10721
2.11043
2.11503
2.12165
2.1284
2.1322
2.13131
2.12664
2.12142
2.11955
2.12346
2.13261
2.1431
2.14915
2.14528
2.12926
2.10341
2.0747
2.05327
2.04922
2.06771
2.10596
2.15522
2.20477
2.24596
2.27561
2.29669
2.3145
2.33146
2.34504
2.34986
2.34202
2.32161
2.29212
2.25753
2.22061
2.1831
2.14711
2.11571
2.09225
2.07825
2.07229
2.07076
2.07055
2.07183
2.07907
2.09739
2.12706
2.16205
2.19406
2.21713
2.22872
2.22901
2.22033
2.20668
2.19281
2.18281
2.17891
2.18071
2.18516
2.18798
2.1861
2.18002
2.17397
2.17278
2.1781
2.18709
2.19448
2.19569
2.18834
2.17262
2.151
2.12799
2.10897
2.09799
2.09557
2.09884
2.10423
2.11087
2.12177
2.14136
2.17018
2.20296
2.0218
2.0488
2.07396
2.09593
2.11345
2.12623
2.1354
2.14322
2.15162
2.16042
2.16652
2.16533
2.15337
2.12991
2.09669
2.05706
2.01508
1.97495
1.94073
1.91584
1.90259
1.90123
1.90908
1.92089
1.93074
1.93404
1.9289
1.91897
1.91423
1.92512
1.95431
1.99682
2.04537
2.09303
2.13337
2.161
2.17297
2.1698
2.15507
2.13396
2.11142
2.09083
2.07365
2.06078
2.05449
2.05926
2.07949
2.11441
2.15552
2.19146
2.2171
2.23652
2.2566
2.27968
2.30154
2.31484
2.31459
2.30089
2.27764
2.2483
2.21269
2.16889
2.11711
2.0615
2.00887
1.96651
1.94048
1.93275
1.93889
1.94937
1.95432
1.94796
1.9305
1.90718
1.88497
1.86874
1.85895
1.85191
1.84309
1.83229
1.8259
1.83182
1.85161
1.87963
1.90916
1.9375
1.96589
1.99592
2.02617
2.05194
2.06812
2.07341
2.07201
2.07119
2.07705
2.0916
2.11254
2.13472
2.1521
2.1605
2.15937
2.15181
2.1422
2.13284
2.1228
2.11059
2.09848
2.09181
2.09296
2.09785
2.09973
2.09466
2.083
2.06794
2.05304
2.04
2.02792
2.01452
1.99857
1.98224
1.97128
1.97191
1.98555
2.00573
2.02133
2.02382
2.01228
1.99362
1.97827
1.9747
1.98555
2.00817
2.03789
2.07127
2.107
2.14524
2.18571
2.22574
2.25992
2.28172
2.28569
2.26891
2.23116
2.17461
2.10366
2.02495
1.94637
1.87487
1.81452
1.76671
1.73308
1.71732
1.72389
1.7542
1.80343
1.86131
1.9171
1.96498
2.00564
2.04382
2.08397
2.12677
2.16877
2.20374
2.22533
2.22914
2.2145
2.1854
2.15029
2.11989
2.10332
2.10499
2.12364
2.15362
2.18661
2.21339
2.22592
2.22012
2.19734
2.16248
2.11984
2.072
2.02232
1.97641
1.94108
1.92207
1.92119
1.93428
1.95342
1.97078
1.98182
1.98627
1.98666
1.98583
1.9858
1.98868
1.99815
2.01972
2.05722
2.10735
2.15905
2.19938
2.21931
2.21649
2.19568
2.16767
2.14449
2.132
2.12604
2.11661
2.09661
2.06636
2.03204
2.00126
1.97926
1.96658
1.95906
1.95001
1.93357
1.90839
1.87805
1.84844
1.82477
1.81227
1.82053
1.86065
1.93108
2.01359
2.08756
2.14035
2.16699
2.16737
2.14523
2.10781
2.06528
2.0295
2.01132
2.01595
2.03966
2.07159
2.10013
2.1179
2.12269
2.11614
2.10188
2.08397
2.06602
2.05101
2.04158
2.03941
2.04319
2.04861
2.05062
2.04646
2.03699
2.02517
2.01375
2.00404
1.99644
1.99253
1.99608
2.01086
2.03622
2.06647
2.09411
2.11327
2.12076
2.11611
2.10251
2.08621
2.07501
2.0756
2.09113
2.12015
2.15688
2.19364
2.22353
2.24234
2.24843
2.24167
2.22327
2.19594
2.16261
2.1244
2.08055
2.0303
1.97456
1.91643
1.86194
1.82045
1.80188
1.81002
1.83889
1.87525
1.90509
1.91973
1.91839
1.90654
1.8921
1.88103
1.87491
1.87185
1.86999
1.87062
1.87866
1.89953
1.93505
1.98114
2.02929
2.07041
2.09824
2.11182
2.11619
2.11999
2.13068
2.15008
2.17388
2.1955
2.2101
2.21596
2.21371
2.20486
2.19051
2.17146
2.14887
2.12469
2.10136
2.08128
2.06666
2.05969
2.06167
2.07063
2.08061
2.08432
2.0773
2.05999
2.03726
2.01602
2.00032
1.9882
1.97454
1.95696
1.93866
1.92649
1.92672
1.94121
1.96644
1.99583
2.02297
2.04399
2.05763
2.06404
2.06368
2.05667
2.04336
2.02575
2.00972
2.00576
2.02649
2.07983
2.16263
2.26012
2.35098
2.41412
2.43366
2.40192
2.32164
2.20738
2.08401
1.97862
1.9072
1.86929
1.85727
1.86623
1.89316
1.93301
1.97873
2.0241
2.06518
2.09832
2.11779
2.11704
2.09295
2.04926
1.99655
1.94952
1.92191
1.92055
1.94338
1.98333
2.03325
2.08747
2.14082
2.18767
2.22242
2.24098
2.24152
2.22487
2.19445
2.15547
2.11324
2.0723
2.03624
2.00772
1.98808
1.9771
1.97366
1.97729
1.98931
2.01135
2.04219
2.07586
2.10358
2.11746
2.11304
2.08975
2.0506
2.00156
1.95107
1.90839
1.88115
1.87327
1.88434
1.91021
1.94417
1.97829
2.00565
2.02287
2.03137
2.03615
2.04203
2.04942
2.05318
2.04534
2.0201
1.97905
1.93558
1.91257
1.92624
1.96856
2.01615
2.05195
2.07136
2.07709
2.07404
2.06792
2.0653
2.07316
2.09557
2.13094
2.17298
2.213
2.24163
2.25082
2.23642
2.20024
2.15061
2.10013
2.0616
2.04414
2.05037
2.07595
2.11139
2.14618
2.17234
2.18607
2.18767
2.1799
2.16584
2.14724
2.12458
2.09892
2.07405
2.05613
2.0503
2.05717
2.07295
2.09252
2.11196
2.12976
2.14566
2.15903
2.16688
2.16413
2.14561
2.10911
2.05835
2.00385
1.95872
1.93046
1.91776
1.91601
1.92147
1.92984
1.93479
1.92997
1.91287
1.88731
1.86138
1.84218
1.8321
1.83046
1.83673
1.85151
1.87527
1.90739
1.94656
1.99069
2.03587
2.07645
2.10707
2.12488
2.12947
2.12162
2.10243
2.07404
2.04125
2.01135
1.99208
1.98804
1.99822
2.01718
2.03879
2.05922
2.07706
2.0922
2.1044
2.11374
2.12086
2.12735
2.13515
2.14558
2.15801
2.16968
2.17637
2.17406
2.16049
2.13522
2.09902
2.05448
2.00781
1.96928
1.9504
1.95928
1.9962
2.05304
2.11635
2.17217
2.21032
2.22625
2.22039
2.19656
2.15991
2.11517
2.06537
2.01175
1.95603
1.90356
1.86392
1.84682
1.85571
1.88489
1.9225
1.95576
1.9753
1.97849
1.97195
1.96946
1.98213
2.01142
2.05274
2.1012
2.15157
2.19638
2.22658
2.23449
2.21647
2.17332
2.10976
2.03306
1.95143
1.87315
1.80699
1.76335
1.75321
1.78415
1.85582
1.95794
2.07308
2.18223
2.26934
2.32376
2.34113
2.32415
2.28177
2.22682
2.17267
2.1312
2.11134
2.11379
2.12744
2.13464
2.12132
2.08383
2.0305
1.97994
1.95285
1.95889
1.99138
2.03585
2.08014
2.11636
2.13881
2.14265
2.12388
2.08016
2.01227
1.92655
1.83763
1.76708
1.73513
1.75019
1.80471
1.88096
1.96042
2.02943
2.08061
2.11155
2.12402
2.12398
2.11979
2.11833
2.12185
2.12757
2.13013
2.12443
2.10773
2.08097
2.049
2.02013
2.00441
2.01068
2.04241
2.09427
2.15343
2.20623
2.24417
2.26529
2.27101
2.26225
2.23803
2.19715
2.14179
2.08226
2.0376
2.02311
2.03489
2.05374
2.06193
2.05182
2.02553
1.9921
1.96284
1.94617
1.94443
1.95439
1.97076
1.98999
2.01137
2.03412
2.05307
2.05885
2.04342
2.00642
1.9588
1.92126
1.91416
1.94362
1.99985
2.06806
2.13569
2.19255
2.2302
2.24324
2.23098
2.19827
2.1543
2.10931
2.0709
2.04185
2.02143
2.00735
1.99675
1.98653
1.97449
1.96126
1.95098
1.95024
1.96564
2.0009
2.05408
2.11663
2.1757
2.21822
2.23463
2.22083
2.17901
2.11726
2.0471
1.97906
1.91973
1.87219
1.83914
1.82426
1.82987
1.85341
1.88722
1.92213
1.95127
1.97121
1.98119
1.98188
1.97451
1.96121
1.94562
1.93359
1.93245
1.94816
1.98136
2.02485
2.06555
2.09013
2.09121
2.07096
2.04011
2.01287
2.00031
2.00616
2.02678
2.05406
2.07893
2.09445
2.09754
2.08903
2.07196
2.04988
2.0254
2.00007
1.97547
1.95495
1.94394
1.94642
1.96095
1.98179
2.00356
2.02467
2.04687
2.07262
2.10273
2.13638
2.17249
2.20978
2.24449
2.26961
2.27797
2.26598
2.235
2.19045
2.13959
2.08926
2.04366
2.00383
1.96981
1.94551
1.94095
1.96387
2.00748
2.05487
2.09324
2.11876
2.13304
2.1392
2.1399
2.13624
2.12792
2.11479
2.09807
2.07953
2.05952
2.03736
2.01329
1.98967
1.97028
1.95874
1.95732
1.96612
1.98347
2.00611
2.02935
2.04729
2.05482
2.04985
2.03357
2.00863
1.97784
1.94398
1.91067
1.88295
1.86633
1.86513
1.88108
1.91332
1.95895
2.01391
2.07345
2.13225
2.18394
2.22145
2.23841
2.23095
2.199
2.14746
2.08645
2.02933
1.98767
1.96716
1.96736
1.98411
2.01118
2.04079
2.06465
2.07616
2.07134
2.04896
2.01098
1.96388
1.91925
1.8906
1.88823
1.91526
1.96725
2.03467
2.10557
2.16862
2.21621
2.24578
2.25873
2.25762
2.2447
2.22261
2.19468
2.16403
2.13319
2.10671
2.09228
2.09527
2.11196
2.13141
2.14375
2.14573
2.13993
2.13034
2.11946
2.10951
2.10458
2.10906
2.12389
2.1442
2.16084
2.16462
2.14953
2.11417
2.06197
2.00125
1.94453
1.90577
1.89521
1.91581
1.96316
2.02769
2.09617
2.15328
2.18514
2.18265
2.14384
2.0746
1.98813
1.9016
1.83148
1.78904
1.77826
1.79582
1.83272
1.87774
1.92148
1.95925
1.99081
2.01842
2.04451
2.07012
2.09439
2.11437
2.12621
2.12715
2.11677
2.09742
2.07401
2.05357
2.04356
2.04793
2.06462
2.08687
2.10726
2.12056
2.12443
2.11927
2.10789
2.09501
2.08488
2.07942
2.07839
2.08095
2.0852
2.08669
2.07966
2.06112
2.0334
2.00381
1.98138
1.97247
1.97793
1.99384
2.01415
2.03323
2.04689
2.05197
2.04586
2.02716
1.99658
1.95797
1.91906
1.89051
1.88221
1.89818
1.93439
1.98179
2.03181
2.07883
2.12036
2.15647
2.1888
2.21985
2.25103
2.28
2.30022
2.30496
2.29126
2.26036
2.21619
2.16389
2.10908
2.05712
2.01215
1.977
1.95374
1.94428
1.95014
1.97151
2.00604
2.04809
2.08943
2.12185
2.13996
2.14158
2.12649
2.09622
2.05376
2.00322
1.95018
1.90304
1.87253
1.86758
1.89031
1.93412
1.98656
2.03511
2.07112
2.09121
2.09671
2.09292
2.08698
2.0852
2.09005
2.09935
2.10821
2.11194
2.10874
2.10049
2.09178
2.08725
2.11019
2.11215
2.11372
2.11081
2.10229
2.09022
2.07815
2.06819
2.05999
2.05172
2.04115
2.02584
2.00427
1.97819
1.9542
1.94095
1.94299
1.9578
1.97907
2.00171
2.02413
2.04791
2.07648
2.11238
2.15445
2.19723
2.23327
2.25637
2.26332
2.25447
2.23355
2.2068
2.18056
2.15866
2.14091
2.12405
2.10402
2.07806
2.04588
2.01127
1.9822
1.96753
1.97098
1.98852
2.01124
2.03141
2.04557
2.05369
2.05686
2.0558
2.05095
2.04276
2.03197
2.01909
2.00359
1.98438
1.96078
1.93338
1.90466
1.87927
1.8632
1.86167
1.87656
1.90458
1.93725
1.96323
1.97449
1.97454
1.98012
2.00682
2.05198
2.10075
2.14239
2.17486
2.20056
2.22119
2.23543
2.23987
2.23273
2.21664
2.19856
2.18679
2.18657
2.19742
2.21363
2.22703
2.23027
2.21982
2.19783
2.17146
2.14898
2.13526
2.13129
2.13527
2.14237
2.14517
2.1373
2.11796
2.09173
2.06369
2.03557
2.0069
1.9796
1.95928
1.95197
1.95957
1.97862
2.00216
2.02324
2.03732
2.04264
2.03901
2.0266
2.00637
1.98131
1.95756
1.94332
1.94546
1.96563
1.999
2.03658
2.06975
2.09363
2.10932
2.12307
2.14277
2.17237
2.20856
2.24256
2.2648
2.2694
2.25644
2.23166
2.20323
2.17692
2.15355
2.13005
2.10353
2.07397
2.04483
2.02137
2.00784
2.00457
2.00695
2.00777
2.00147
1.98759
1.97094
1.95883
1.95727
1.96831
1.98943
2.01544
2.04148
2.06467
2.08373
2.09758
2.10525
2.10697
2.10549
2.10573
2.11147
2.12212
2.133
2.13949
2.14057
2.139
2.13853
2.14044
2.14218
2.13952
2.13084
2.12004
2.11524
2.1215
2.13514
2.14647
2.14658
2.13155
2.10217
2.06206
2.01605
1.9694
1.92719
1.89432
1.8753
1.87352
1.8904
1.92472
1.97254
2.02771
2.08259
2.12893
2.15911
2.16773
2.15318
2.11838
2.07002
2.01674
1.96682
1.92632
1.89833
1.88384
1.88338
1.89761
1.92613
1.96658
2.01575
2.07052
2.12753
2.1821
2.22899
2.2645
2.28653
2.29338
2.28299
2.25426
2.20865
2.15116
2.08933
2.03021
1.97833
1.93613
1.90551
1.88846
1.88585
1.89542
1.91137
1.92826
1.94541
1.96606
1.99037
2.01288
2.02772
2.03413
2.03619
2.03873
2.04422
2.05263
2.06265
2.07276
2.0815
2.08721
2.08905
2.08845
2.08826
2.08948
2.08908
2.08173
2.06426
2.03819
2.00703
1.97338
1.93983
1.91195
1.89788
1.90353
1.92887
1.96882
2.01735
2.0702
2.12443
2.17588
2.21733
2.2395
2.23513
2.20264
2.14796
2.0838
2.0264
1.99013
1.9822
2.00047
2.03622
2.07911
2.12014
2.15274
2.17391
2.18546
2.1921
2.19824
2.20693
2.21852
2.22798
2.22578
2.20436
2.16311
2.10904
2.05504
2.01554
2.00026
2.01127
2.04344
2.08632
2.12718
2.15518
2.16437
2.15394
2.12716
2.08998
2.0497
2.01369
1.98771
1.97434
1.97219
1.97677
1.98382
1.9927
2.00625
2.02756
2.05614
2.08667
2.11112
2.12247
2.11695
2.09398
2.05586
2.00792
1.95818
1.9153
1.88644
1.87611
1.88554
1.9122
1.94972
1.98936
2.02249
2.04379
2.0528
2.0529
2.0486
2.04305
2.03778
2.03346
2.03065
2.02989
2.03218
2.03936
2.05453
2.08027
2.11548
2.15406
2.1876
2.20875
2.21284
2.1979
2.16435
2.11517
2.05627
1.99662
1.94703
1.91653
1.90943
1.9255
1.962
2.01452
2.07605
2.13753
2.19084
2.23068
2.25368
2.25772
2.24342
2.21494
2.17797
2.1369
2.09322
2.04688
1.998
1.94843
1.90197
1.86517
1.84822
1.86053
1.90301
1.96621
2.03596
2.0985
2.14323
2.16473
2.16263
2.13996
2.10192
2.05561
2.01097
1.98034
1.97475
1.99851
2.0471
2.11093
2.18129
2.25172
2.31579
2.36531
2.39234
2.39256
2.36668
2.31979
2.25894
2.19036
2.11828
2.04538
1.97491
1.91291
1.86781
1.84638
1.84969
1.87235
1.90675
1.94724
1.99111
2.03609
2.07795
2.11066
2.12892
2.13044
2.11731
2.0958
2.07449
2.06083
2.05763
2.06203
2.06805
2.07019
2.06552
2.05391
2.03826
2.02374
2.0154
2.01547
2.0222
2.03064
2.03447
2.02762
2.00545
1.96587
1.91099
1.84918
1.79532
1.76644
1.77361
1.81562
1.88037
1.95207
2.0176
2.0695
2.10555
2.12747
2.13974
2.14747
2.15359
2.15829
2.16072
2.16111
2.16151
2.16431
2.16982
2.17542
2.17819
2.17823
2.17958
2.18784
2.20615
2.23224
2.25829
2.27383
2.27047
2.2446
2.1986
2.13931
2.07526
2.01424
1.96122
1.91864
1.88753
1.86795
1.85954
1.86199
1.87483
1.89716
1.92753
1.96326
2.00016
2.03272
2.05509
2.06332
2.05699
2.04058
2.02409
2.02041
2.03917
2.08015
2.13256
2.18116
2.21497
2.23324
2.24454
2.25631
2.26474
2.2591
2.23293
2.18807
2.13182
2.07304
2.01939
1.97603
1.94544
1.92832
1.92463
1.93435
1.95682
1.99
2.03017
2.07225
2.11008
2.13769
2.15132
2.1502
2.13665
2.11516
2.09149
2.0708
2.05576
2.04621
2.04102
2.04061
2.04514
2.05049
2.04957
2.03893
2.02204
2.00594
1.99641
1.99583
2.00448
2.02095
2.04181
2.06293
2.08147
2.0968
2.10948
2.11953
2.12638
2.12985
2.13046
2.12912
2.12668
2.12401
2.12201
2.12178
2.12391
2.12727
2.12836
2.12241
2.10564
2.07732
2.04019
2.00105
1.97051
1.9599
1.97527
2.01218
2.05784
2.0988
2.12675
2.13923
2.13702
2.12232
2.09897
2.07323
2.05217
2.04044
2.03798
2.04068
2.04307
2.04179
2.03667
2.02882
2.01847
2.00413
1.98444
1.96044
1.93643
1.91861
1.91269
1.92261
1.9498
1.9918
2.04196
2.09135
2.13174
2.15756
2.16628
2.15795
2.13484
2.10142
2.06452
2.03243
2.01274
2.00933
2.02082
2.043
2.07155
2.10282
2.13352
2.16156
2.18592
2.20527
2.21729
2.21931
2.20943
2.1877
2.15671
2.1203
2.08143
2.04135
2.0022
1.97055
1.95712
1.97112
2.01401
2.07717
2.14505
2.20106
2.23194
2.22978
2.19254
2.12448
2.03613
1.94294
1.86114
1.80297
1.77433
1.77554
1.80299
1.85077
1.91208
1.97943
2.04447
2.09943
2.13981
2.16514
2.17641
2.17405
2.15831
2.13102
2.09669
2.06153
2.03142
2.01055
2.0016
2.00645
2.02605
2.05929
2.10156
2.14481
2.18019
2.20103
2.20392
2.18807
2.15541
2.11073
2.06161
2.0171
1.98449
1.96719
1.96403
1.97116
1.98442
2.00095
2.01992
2.04177
2.06577
2.08836
2.1042
2.10923
2.10297
2.08829
2.06989
2.0523
2.03914
2.03327
2.03714
2.05203
2.07678
2.10665
2.1343
2.1529
2.15923
2.15429
2.14137
2.12356
2.10288
2.08179
2.06423
2.05442
2.05381
2.06005
2.06909
2.07821
2.08699
2.09632
2.10649
2.11561
2.11965
2.1142
2.09648
2.06608
2.02456
1.97518
1.92257
1.87279
1.83312
1.81112
1.81245
1.83797
1.88163
1.93213
1.97777
2.01105
2.03039
2.03919
2.04358
2.0499
2.0621
2.07946
2.09685
2.10754
2.10722
2.09629
2.07877
2.0593
2.04125
2.02829
2.02607
2.03973
2.06831
2.10271
2.13056
2.14312
2.13844
2.12028
2.09561
2.07172
2.05325
2.04171
2.03837
2.04679
2.06941
2.10185
2.1339
2.15647
2.16545
2.16146
2.1484
2.132
2.11806
2.11035
2.10967
2.1147
2.12308
2.13239
2.14055
2.14557
2.14619
2.1421
2.13393
2.12233
2.10729
2.08992
2.07526
2.07093
2.08009
2.09788
2.11612
2.12922
2.13519
2.13369
2.1244
2.10664
2.08021
2.04691
2.01156
1.98128
1.96309
1.96119
1.97489
1.99761
2.01885
2.0279
2.01862
1.99299
1.96138
1.93721
1.93035
1.94369
1.97346
2.01109
2.04576
2.06789
2.07215
2.05884
2.03273
2.00087
1.97071
1.94922
1.94099
1.9466
1.96398
1.9908
2.02498
2.06382
2.10338
2.13943
2.16927
2.1932
2.21423
2.23554
2.25758
2.27643
2.28518
2.27716
2.24954
2.20441
2.14711
2.08322
2.01756
1.95584
1.90758
1.8853
1.89774
1.94187
2.00216
2.05945
2.10048
2.12146
2.12557
2.11909
2.10886
2.10114
2.10101
2.11101
2.12995
2.1539
2.17884
2.20243
2.22333
2.23963
2.24819
2.24577
2.23085
2.20563
2.17653
2.15125
2.13382
2.12248
2.11189
2.09611
2.07032
2.03172
1.98092
1.92259
1.86422
1.81337
1.77563
1.75435
1.75066
1.76296
1.7877
1.82109
1.86006
1.90181
1.94403
1.98521
2.02455
2.06132
2.09457
2.12339
2.14669
2.16315
2.17163
2.17211
2.16637
2.1569
2.14525
2.13148
2.11635
2.10348
2.09849
2.1055
2.12421
2.15051
2.1789
2.20483
2.22543
2.23881
2.24295
2.23548
2.2155
2.18519
2.14902
2.11054
2.07113
2.03348
2.00478
1.9929
1.99932
2.01791
2.03925
2.05611
2.06589
2.0697
2.06904
2.06339
2.05135
2.03358
2.01394
1.99784
1.98931
1.98944
1.99685
2.00922
2.02392
2.03807
2.04773
2.04835
2.03599
2.00988
1.97502
1.94238
1.92554
1.93436
1.9698
2.0242
2.08738
2.15182
2.21312
2.26747
2.30976
2.33473
2.33972
2.32687
2.30231
2.27261
2.24117
2.20762
2.17058
2.1297
2.08652
2.04379
2.00443
1.97123
1.94599
1.9287
1.91646
1.90436
1.88915
1.87207
1.85703
1.8476
1.84684
1.85783
1.88141
1.91347
1.94603
1.97112
1.98445
1.98617
1.98028
1.97287
1.97088
1.98035
2.00417
2.04039
2.08329
2.12588
2.16182
2.18631
2.19681
2.19345
2.17841
2.1545
2.12518
2.09466
2.06738
2.04608
2.03092
2.01981
2.01019
2.00046
1.98989
1.9779
1.9639
1.94909
1.93723
1.93237
1.93452
1.93915
1.94117
1.93915
2.26114
2.2427
2.22549
2.21518
2.21436
2.22302
2.24019
2.26539
2.29805
2.33632
2.37647
2.41297
2.44029
2.45546
2.45891
2.45323
2.44219
2.42943
2.41671
2.40305
2.38647
2.36675
2.34509
2.32134
2.29349
2.26082
2.22605
2.19361
2.16603
2.14269
2.12248
2.1069
2.10062
2.10878
2.13357
2.17226
2.21897
2.26703
2.30964
2.34032
2.35478
2.35282
2.33954
2.32371
2.31305
2.30906
2.30657
2.29724
2.27492
2.2392
2.19766
2.16582
2.15735
2.17023
2.19097
2.21151
2.23137
2.25074
2.26882
2.28375
2.29242
2.29151
2.2804
2.26232
2.24319
2.22799
2.21797
2.21107
2.20408
2.19458
2.18255
2.17143
2.16796
2.18064
2.21598
2.27436
2.34782
2.42193
2.48114
2.51374
2.51481
2.48592
2.43329
2.36599
2.29483
2.23049
2.18144
2.1519
2.14087
2.14301
2.15169
2.16212
2.17243
2.18226
2.19112
2.19827
2.20352
2.20741
2.21138
2.21774
2.22861
2.2438
2.25935
2.26831
2.26353
2.24123
2.20342
2.15742
2.11298
2.08103
2.07385
2.10073
2.15863
2.23188
2.30211
2.35594
2.38695
2.39402
2.37998
2.35163
2.31918
2.29386
2.28306
2.28558
2.29224
2.29434
2.29212
2.29322
2.30228
2.31609
2.32974
2.34144
2.35048
2.35539
2.35546
2.35234
2.35015
2.35365
2.36612
2.38851
2.41868
2.45061
2.47546
2.48465
2.47301
2.4399
2.38914
2.32975
2.27444
2.23136
2.19596
2.15631
2.10717
2.05621
2.01919
2.01024
2.03325
2.07994
2.136
2.18915
2.23228
2.26057
2.26922
2.25435
2.21707
2.16635
2.11629
2.07879
2.05831
2.05348
2.06028
2.07426
2.09186
2.11113
2.13122
2.15175
2.1732
2.19675
2.22314
2.25189
2.28208
2.31386
2.34828
2.38517
2.42168
2.45354
2.4776
2.49174
2.49356
2.48041
2.45116
2.40665
2.34903
2.28138
2.20904
2.14097
2.08909
2.06253
2.05987
2.06915
2.07934
2.09143
2.11589
2.15839
2.21242
2.26646
2.31267
2.34739
2.36788
2.37113
2.3546
2.31786
2.26447
2.20295
2.14535
2.10381
2.08673
2.09653
2.12842
2.17198
2.21521
2.2491
2.27023
2.28108
2.28875
2.30159
2.32448
2.35478
2.38308
2.39865
2.39525
2.37304
2.33751
2.29706
2.25992
2.23171
2.21458
2.20841
2.21175
2.22143
2.23234
2.23941
2.24147
2.24315
2.25238
2.27423
2.30677
2.34258
2.37374
2.39537
2.40551
2.40356
2.3891
2.36238
2.326
2.28554
2.24826
2.22036
2.20524
2.2035
2.21383
2.23272
2.25418
2.27077
2.27548
2.26502
2.24178
2.21327
2.18779
2.17012
2.16088
2.15878
2.16164
2.16542
2.16341
2.1488
2.11883
2.0778
2.03611
2.00483
1.99017
1.99187
2.00578
2.02592
2.04552
2.05981
2.06946
2.07999
2.09726
2.12289
2.15247
2.17884
2.19781
2.21148
2.22629
2.24906
2.28334
2.32751
2.37482
2.4157
2.44127
2.44693
2.43443
2.41046
2.38262
2.35587
2.3314
2.30744
2.28084
2.24998
2.21861
2.1954
2.18557
2.18532
2.18782
2.18974
2.19033
2.1898
2.19002
2.1941
2.20415
2.21975
2.23842
2.25687
2.2719
2.2804
2.27946
2.26796
2.24956
2.23376
2.23339
2.2578
2.30624
2.36645
2.42076
2.45402
2.45791
2.43167
2.38086
2.31618
2.25171
2.20067
2.16957
2.156
2.15292
2.15486
2.1594
2.16444
2.16785
2.16987
2.17226
2.17437
2.17349
2.16704
2.15388
2.13653
2.12366
2.12596
2.14735
2.18184
2.21958
2.25401
2.2828
2.30491
2.31839
2.32137
2.31417
2.30067
2.28814
2.28548
2.29948
2.33154
2.37623
2.42355
2.46254
2.48412
2.48167
2.45129
2.39386
2.31955
2.24977
2.20732
2.1982
2.20968
2.22685
2.24427
2.2637
2.28571
2.30406
2.30878
2.2939
2.26202
2.22273
2.18726
2.16198
2.14443
2.12656
2.10294
2.07585
2.05345
2.04448
2.05437
2.08401
2.13033
2.18727
2.24668
2.30093
2.34618
2.3836
2.41685
2.44785
2.47468
2.49318
2.50042
2.49643
2.48295
2.46133
2.43183
2.39474
2.35179
2.30631
2.26145
2.21816
2.1743
2.12618
2.07366
2.02505
1.99434
1.98948
2.00391
2.02219
2.03235
2.0313
2.02408
2.0215
2.036
2.07502
2.13538
2.20496
2.27045
2.32328
2.36068
2.38357
2.39414
2.3942
2.38457
2.36555
2.33758
2.30238
2.26365
2.22771
2.2027
2.19545
2.20736
2.23359
2.26678
2.30117
2.33411
2.36384
2.38679
2.39779
2.39268
2.371
2.3373
2.30081
2.27301
2.26182
2.26744
2.28395
2.30365
2.31927
2.32356
2.31006
2.27598
2.22537
2.16905
2.1205
2.09089
2.08616
2.10653
2.14713
2.19919
2.25163
2.29308
2.31364
2.3067
2.27107
2.21266
2.14414
2.08108
2.0363
2.01728
2.02654
2.06309
2.1227
2.19731
2.27543
2.34427
2.39372
2.41908
2.42042
2.40012
2.36113
2.30716
2.24387
2.17841
2.11783
2.06825
2.03528
2.0231
2.03283
2.06183
2.10397
2.15106
2.19577
2.23464
2.2689
2.30228
2.33749
2.37347
2.40504
2.42454
2.42473
2.40183
2.3585
2.3051
2.25616
2.22268
2.20863
2.21305
2.23219
2.25926
2.28549
2.30287
2.30725
2.29997
2.28779
2.28079
2.28802
2.31221
2.34819
2.38679
2.42008
2.44302
2.45177
2.44288
2.41482
2.37066
2.31739
2.26154
2.206
2.15301
2.1088
2.08248
2.07825
2.09125
2.11102
2.12755
2.13622
2.13931
2.14226
2.14638
2.14618
2.13591
2.11716
2.0991
2.0917
2.1005
2.12645
2.16765
2.21945
2.27492
2.32624
2.36675
2.39175
2.39921
2.39045
2.37107
2.3501
2.33598
2.3323
2.33706
2.34548
2.35283
2.35589
2.35235
2.3404
2.32037
2.29665
2.27705
2.26819
2.27068
2.27791
2.28036
2.27161
2.25333
2.23566
2.23086
2.24332
2.26668
2.29053
2.3064
2.30883
2.29526
2.26652
2.22736
2.18559
2.14939
2.1243
2.11161
2.10935
2.11406
2.122
2.12886
2.13051
2.12544
2.11778
2.11744
2.13454
2.17183
2.22265
2.27593
2.3218
2.35366
2.36663
2.35623
2.31993
2.2602
2.18739
2.11726
2.06377
2.03412
2.02942
2.04805
2.08666
2.13885
2.19417
2.2403
2.26872
2.27801
2.27412
2.26847
2.27311
2.29353
2.32552
2.35915
2.38495
2.397
2.39356
2.37663
2.35074
2.32161
2.29487
2.27441
2.2606
2.2507
2.24242
2.23729
2.24065
2.25823
2.29206
2.33781
2.38613
2.42679
2.45038
2.44793
2.41352
2.34866
2.2637
2.17347
2.0906
2.02222
1.97285
1.94674
1.94629
1.96938
2.00897
2.0551
2.09786
2.13063
2.15139
2.16262
2.16939
2.17729
2.19062
2.2108
2.2363
2.26353
2.28882
2.30941
2.32313
2.32778
2.32187
2.30671
2.28751
2.27225
2.26846
2.27981
2.3039
2.33315
2.35817
2.37216
2.37374
2.36643
2.35613
2.34833
2.34592
2.34784
2.34881
2.34058
2.31522
2.2696
2.20891
2.14485
2.08868
2.04522
2.01463
1.99723
1.99458
2.00794
2.03722
2.08075
2.1354
2.19623
2.25727
2.31387
2.36444
2.40832
2.44227
2.46104
2.46174
2.44672
2.42285
2.39836
2.37835
2.36246
2.34565
2.3217
2.28701
2.24324
2.19716
2.15758
2.13061
2.11728
2.1149
2.11992
2.12983
2.14407
2.16325
2.18696
2.21211
2.23385
2.24901
2.25865
2.26753
2.28112
2.303
2.33323
2.36666
2.39403
2.40538
2.39472
2.36521
2.33444
2.32636
2.34585
2.37259
2.3876
2.38902
2.38448
2.38029
2.37711
2.37151
2.35912
2.33737
2.30645
2.26877
2.22768
2.18642
2.14783
2.11532
2.09353
2.08801
2.10235
2.13499
2.1784
2.22154
2.25395
2.26814
2.26034
2.23098
2.18496
2.13069
2.07861
2.03939
2.02137
2.02624
2.04743
2.07393
2.0964
2.11094
2.11917
2.12656
2.13967
2.16327
2.19828
2.24165
2.2886
2.3354
2.38061
2.42321
2.46072
2.48974
2.50789
2.5154
2.51415
2.50573
2.48975
2.4645
2.42952
2.38827
2.34846
2.31875
2.30366
2.30028
2.29982
2.29305
2.27592
2.25042
2.22037
2.18832
2.15751
2.13349
2.12214
2.12743
2.14994
2.18619
2.22919
2.27105
2.30648
2.33349
2.35134
2.35817
2.35173
2.33101
2.297
2.25274
2.20373
2.15795
2.12382
2.10681
2.10709
2.11986
2.13713
2.15092
2.15697
2.15713
2.15734
2.16246
2.17205
2.18141
2.1877
2.19432
2.20795
2.23213
2.2639
2.29493
2.31527
2.31828
2.30505
2.28385
2.26394
2.25019
2.24296
2.24065
2.24155
2.24481
2.2503
2.25747
2.26519
2.27238
2.27888
2.28584
2.29457
2.30392
2.30904
2.30424
2.28813
2.26423
2.23668
2.20663
2.17504
2.14615
2.12633
2.11941
2.12268
2.12762
2.1253
2.11276
2.09538
2.08287
2.08197
2.09307
2.11196
2.13347
2.15365
2.16974
2.1797
2.18255
2.17892
2.1714
2.16475
2.16466
2.17472
2.19353
2.21557
2.23602
2.25307
2.2657
2.27199
2.27158
2.26755
2.2645
2.26474
2.26649
2.2651
2.25612
2.23989
2.22649
2.23089
2.25372
2.27699
2.2842
2.27294
2.25121
2.23149
2.22553
2.2385
2.26568
2.2963
2.32144
2.33982
2.35627
2.37601
2.40081
2.42926
2.45832
2.48412
2.50206
2.50726
2.49565
2.46566
2.41912
2.36067
2.29669
2.23365
2.17678
2.12946
2.09371
2.07122
2.06356
2.07128
2.0929
2.12427
2.15847
2.18828
2.21004
2.22512
2.23629
2.243
2.24158
2.22981
2.21023
2.18935
2.17421
2.16948
2.1758
2.19024
2.20833
2.22612
2.24132
2.2534
2.26237
2.26726
2.26598
2.2568
2.2404
2.22136
2.20723
2.20531
2.21863
2.24459
2.277
2.30956
2.33774
2.35929
2.37271
2.37578
2.36561
2.34009
