1.74027
1.74218
1.74331
1.74373
1.74351
1.74274
1.74147
1.73979
1.73778
1.73555
1.73319
1.73081
1.72849
1.72628
1.72415
1.72207
1.71995
1.71768
1.71519
1.71247
1.70955
1.70655
1.70366
1.70111
1.6991
1.69784
1.69744
1.69792
1.69922
1.70118
1.70357
1.70617
1.70871
1.71099
1.71282
1.71409
1.7147
1.71462
1.71384
1.71235
1.71019
1.70743
1.70423
1.7009
1.69788
1.69577
1.69517
1.6965
1.69983
1.70481
1.71084
1.71718
1.72323
1.72853
1.73287
1.7362
1.73862
1.74028
1.74144
1.74233
1.74318
1.74418
1.74545
1.74702
1.74886
1.75088
1.75292
1.75483
1.75641
1.75746
1.75779
1.75717
1.75534
1.75208
1.74713
1.74036
1.73182
1.7219
1.71151
1.70205
1.6951
1.69183
1.69251
1.69645
1.70237
1.70902
1.71541
1.72089
1.72509
1.72777
1.72888
1.72854
1.72711
1.7251
1.72318
1.72203
1.72231
1.72453
1.72897
1.73551
1.74352
1.75199
1.75984
1.76621
1.7707
1.77332
1.77445
1.77468
1.77461
1.7747
1.77515
1.77585
1.77652
1.77675
1.77621
1.77465
1.772
1.76836
1.76395
1.75913
1.75434
1.75005
1.74667
1.74449
1.74362
1.74403
1.74556
1.74802
1.75123
1.75505
1.75939
1.7641
1.76903
1.77393
1.77853
1.78253
1.78566
1.78767
1.78835
1.78757
1.78526
1.78148
1.77644
1.77055
1.76442
1.75872
1.75409
1.75088
1.74901
1.74803
1.74719
1.7457
1.74295
1.73875
1.73344
1.72792
1.72339
1.72086
1.72073
1.72266
1.72589
1.72969
1.73363
1.73762
1.74176
1.74618
1.75087
1.75572
1.76048
1.76488
1.76871
1.77179
1.77406
1.7755
1.77613
1.77601
1.7752
1.77376
1.77172
1.76912
1.76597
1.76227
1.75804
1.75329
1.74805
1.74237
1.73636
1.73014
1.72397
1.71818
1.71323
1.70955
1.7075
1.70717
1.70837
1.71068
1.71361
1.71672
1.7197
1.72242
1.72481
1.72689
1.72865
1.73009
1.73117
1.73184
1.73206
1.73181
1.73113
1.73009
1.72878
1.72731
1.72572
1.72403
1.72221
1.72018
1.71795
1.71558
1.71324
1.71121
1.70975
1.7091
1.70932
1.71032
1.71187
1.71367
1.71539
1.71678
1.71764
1.71785
1.71739
1.71626
1.71454
1.71234
1.70984
1.70721
1.70465
1.70237
1.70053
1.69926
1.69863
1.69862
1.69914
1.70001
1.70103
1.70198
1.70267
1.70297
1.70285
1.70231
1.70146
1.70039
1.69925
1.69816
1.69719
1.69639
1.69577
1.69526
1.6948
1.69428
1.69361
1.69272
1.69155
1.69008
1.68834
1.68639
1.68432
1.68224
1.6803
1.67865
1.67749
1.677
1.67739
1.67879
1.68123
1.6846
1.68864
1.69297
1.69712
1.70063
1.70306
1.704
1.7031
1.70009
1.69487
1.68765
1.67915
1.67066
1.66387
1.66022
1.66025
1.66338
1.66826
1.67354
1.67831
1.68221
1.68528
1.68773
1.68981
1.6917
1.69353
1.6953
1.69701
1.6986
1.70002
1.70124
1.70223
1.70301
1.70357
1.70394
1.7041
1.704
1.70358
1.70272
1.70134
1.69933
1.69668
1.69346
1.68991
1.68638
1.68334
1.68129
1.68064
1.68163
1.68421
1.6881
1.69281
1.69778
1.70249
1.70655
1.70972
1.7119
1.71311
1.71341
1.7129
1.71169
1.70988
1.70756
1.70481
1.70174
1.69845
1.69507
1.69177
1.6887
1.686
1.6838
1.6822
1.68128
1.6811
1.68171
1.68315
1.68541
1.68842
1.69204
1.69607
1.70029
1.70446
1.70839
1.71192
1.71495
1.71739
1.71922
1.72045
1.72111
1.72124
1.72092
1.72025
1.71934
1.71828
1.71719
1.71613
1.71517
1.71433
1.71361
1.71302
1.71258
1.71233
1.71231
1.71259
1.71317
1.71399
1.7149
1.71563
1.7158
1.71498
1.71279
1.70898
1.70369
1.69762
1.69209
1.68873
1.68878
1.69234
1.69825
1.70464
1.70975
1.7125
1.71253
1.71014
1.70605
1.70121
1.69664
1.69313
1.69112
1.69056
1.69098
1.69169
1.69205
1.69157
1.6901
1.68781
1.68511
1.68258
1.68081
1.68034
1.68149
1.68438
1.68886
1.69454
1.70091
1.70743
1.71363
1.71915
1.72378
1.72745
1.73016
1.73198
1.73301
1.73335
1.73312
1.73241
1.73129
1.72985
1.72814
1.72624
1.72422
1.72216
1.72014
1.71822
1.71645
1.71482
1.71328
1.71176
1.71013
1.70829
1.70613
1.70362
1.70076
1.69765
1.69445
1.69137
1.68867
1.6866
1.68539
1.68517
1.68597
1.68771
1.69024
1.69335
1.69682
1.70042
1.704
1.70742
1.71058
1.71343
1.71594
1.71811
1.71992
1.7214
1.72256
1.72342
1.72399
1.72428
1.72429
1.72401
1.72344
1.72256
1.72136
1.71983
1.718
1.71589
1.71358
1.71114
1.70865
1.70619
1.70383
1.70159
1.6995
1.69755
1.69573
1.69406
1.69258
1.69137
1.69052
1.69015
1.69037
1.69124
1.6928
1.69502
1.69781
1.70102
1.70444
1.7078
1.71079
1.71306
1.71424
1.71399
1.71207
1.70844
1.70344
1.69786
1.6929
1.6898
1.68937
1.69155
1.69553
1.7002
1.70467
1.70849
1.7116
1.71416
1.71639
1.71841
1.72023
1.72178
1.72297
1.72371
1.72398
1.72381
1.72332
1.72262
1.72185
1.7211
1.72044
1.71986
1.71928
1.7186
1.71766
1.71636
1.7146
1.71239
1.7098
1.70696
1.70405
1.70121
1.69851
1.69597
1.69345
1.69076
1.6876
1.68366
1.67867
1.67251
1.66532
1.65759
1.65013
1.64403
1.6403
1.63958
1.64193
1.64687
1.65366
1.66154
1.66991
1.67825
1.68607
1.69283
1.69798
1.70108
1.70203
1.70127
1.69981
1.69912
1.70057
1.70478
1.71139
1.71926
1.7271
1.73397
1.73934
1.74313
1.74547
1.74661
1.74683
1.74642
1.74564
1.74474
1.7439
1.74328
1.74292
1.74282
1.74288
1.74297
1.74288
1.74243
1.74143
1.73973
1.73727
1.73404
1.73014
1.72574
1.72113
1.71665
1.71265
1.70945
1.7073
1.70631
1.70648
1.70765
1.70959
1.71202
1.71463
1.71718
1.71946
1.72137
1.72286
1.72391
1.72455
1.72478
1.7246
1.72397
1.72289
1.72135
1.71943
1.71728
1.71511
1.7132
1.71185
1.71126
1.71151
1.71256
1.71421
1.71623
1.71837
1.72039
1.72212
1.72342
1.72418
1.72431
1.72377
1.72254
1.72069
1.71844
1.71618
1.71448
1.71397
1.71518
1.71829
1.72307
1.72892
1.73508
1.74082
1.74562
1.74916
1.75133
1.75217
1.75182
1.75046
1.74833
1.74564
1.74257
1.73928
1.73585
1.73237
1.72893
1.72564
1.7227
1.72036
1.71884
1.71836
1.719
1.72071
1.72334
1.72661
1.73021
1.73379
1.737
1.73956
1.74125
1.74201
1.74196
1.7414
1.74073
1.74034
1.74046
1.74107
1.74191
1.7426
1.74275
1.7421
1.74053
1.73807
1.73492
1.73136
1.72775
1.72445
1.72178
1.7199
1.71879
1.71823
1.71786
1.71732
1.71637
1.71506
1.71366
1.71265
1.71248
1.71332
1.71507
1.71733
1.71966
1.72169
1.72322
1.72416
1.72455
1.72446
1.72406
1.72355
1.72313
1.72298
1.72319
1.72373
1.72445
1.72513
1.72554
1.72547
1.72476
1.72332
1.72112
1.71816
1.71451
1.71027
1.7056
1.7007
1.69582
1.69125
1.68727
1.68411
1.68191
1.68069
1.68035
1.68073
1.68162
1.68279
1.68406
1.68527
1.68628
1.68702
1.68741
1.68741
1.68697
1.68608
1.68471
1.68285
1.68045
1.6775
1.67393
1.66968
1.66471
1.65909
1.65307
1.64718
1.64223
1.63914
1.63859
1.64064
1.64464
1.6494
1.65357
1.65593
1.65552
1.65165
1.64407
1.63326
1.62091
1.60999
1.60381
1.60415
1.61006
1.61863
1.62695
1.63334
1.63741
1.63955
1.64037
1.64044
1.64011
1.63958
1.63892
1.63816
1.63731
1.63639
1.63548
1.63466
1.63411
1.634
1.63448
1.63561
1.63733
1.63941
1.64156
1.64344
1.64479
1.64542
1.64524
1.64429
1.64267
1.64058
1.63827
1.636
1.63404
1.63258
1.63174
1.63151
1.63178
1.63241
1.63321
1.63402
1.63473
1.63527
1.63562
1.63579
1.63582
1.63575
1.63563
1.6355
1.63538
1.63529
1.63525
1.63524
1.63524
1.6352
1.63505
1.63469
1.63396
1.63271
1.6308
1.62815
1.62487
1.62137
1.61839
1.61686
1.61764
1.6211
1.62695
1.6343
1.64208
1.64939
1.6556
1.6604
1.66368
1.66542
1.66563
1.66432
1.66153
1.65745
1.65248
1.64731
1.64294
1.64038
1.6403
1.64275
1.64712
1.65245
1.65779
1.66251
1.6663
1.66912
1.67108
1.67237
1.67316
1.67358
1.6737
1.67355
1.67313
1.67242
1.67138
1.67005
1.66851
1.66689
1.66539
1.66418
1.66343
1.66318
1.66339
1.66397
1.66481
1.66588
1.66721
1.66892
1.6711
1.67381
1.67702
1.6806
1.68439
1.68818
1.6918
1.69513
1.69807
1.70056
1.70259
1.70415
1.70526
1.70591
1.70612
1.70591
1.70528
1.70423
1.70277
1.70093
1.69872
1.69622
1.69348
1.69062
1.68773
1.68493
1.68235
1.68006
1.6781
1.67646
1.67509
1.67391
1.67283
1.67179
1.67076
1.66981
1.66905
1.66866
1.6688
1.66963
1.67122
1.67354
1.67648
1.67987
1.68354
1.68734
1.69115
1.6949
1.69851
1.70194
1.70512
1.70796
1.71035
1.71216
1.71322
1.71336
1.71243
1.71034
1.70714
1.70314
1.69892
1.69531
1.69313
1.69287
1.69442
1.69711
1.69991
1.70187
1.70231
1.70102
1.69824
1.69461
1.69105
1.68859
1.68801
1.68964
1.69329
1.69836
1.70408
1.70977
1.71489
1.71911
1.72223
1.72419
1.72496
1.72459
1.72318
1.72082
1.71768
1.71392
1.7097
1.70518
1.70049
1.69569
1.69085
1.68601
1.68128
1.67679
1.67273
1.6693
1.66672
1.66517
1.66484
1.66585
1.66825
1.67194
1.67663
1.6819
1.68721
1.6921
1.6962
1.69933
1.70144
1.70262
1.70301
1.70277
1.70206
1.70102
1.69979
1.69846
1.69709
1.69574
1.69447
1.69329
1.69222
1.69127
1.69044
1.68973
1.68911
1.68856
1.68807
1.6876
1.68712
1.6866
1.68601
1.6853
1.68444
1.68339
1.68211
1.68059
1.6788
1.67678
1.67456
1.67223
1.66988
1.66765
1.66567
1.66402
1.66277
1.66188
1.66126
1.66075
1.66016
1.65926
1.65786
1.65578
1.6529
1.64923
1.64488
1.64019
1.63564
1.63184
1.62935
1.62855
1.62945
1.63176
1.63498
1.63855
1.64205
1.64518
1.64778
1.64981
1.65127
1.65222
1.65272
1.65284
1.65265
1.65226
1.65175
1.65123
1.65078
1.65051
1.65045
1.65062
1.65101
1.65156
1.65217
1.65275
1.65321
1.65345
1.65342
1.65308
1.65241
1.65143
1.65017
1.64867
1.64699
1.64517
1.64323
1.64113
1.63883
1.63623
1.63321
1.6297
1.62569
1.62133
1.61697
1.61313
1.61048
1.60966
1.6111
1.61484
1.62048
1.62733
1.63462
1.64174
1.64826
1.65403
1.659
1.66323
1.66679
1.66977
1.67221
1.67415
1.67559
1.67652
1.6769
1.67668
1.67581
1.67425
1.67199
1.66909
1.66568
1.66198
1.65827
1.65486
1.65201
1.64988
1.64854
1.64796
1.64808
1.64881
1.65004
1.65165
1.65354
1.6556
1.65784
1.66033
1.66324
1.6668
1.67115
1.67631
1.68209
1.68811
1.69394
1.6991
1.70323
1.70609
1.70754
1.70757
1.70627
1.70376
1.70024
1.6959
1.69094
1.68551
1.6797
1.67353
1.66693
1.65976
1.65189
1.64349
1.63534
1.62882
1.6255
1.62625
1.63075
1.63792
1.64665
1.65623
1.66633
1.67661
1.6866
1.69573
1.70346
1.70941
1.71341
1.71548
1.71579
1.71465
1.71248
1.7098
1.70715
1.70503
1.70374
1.70335
1.70366
1.7043
1.70485
1.70494
1.70434
1.70296
1.70088
1.69831
1.69553
1.69284
1.69044
1.68841
1.68674
1.6854
1.68447
1.68416
1.68474
1.68639
1.68906
1.69242
1.69602
1.69935
1.70207
1.70399
1.7051
1.70547
1.70527
1.70464
1.70374
1.70269
1.70158
1.70049
1.69946
1.69851
1.69763
1.69682
1.696
1.69511
1.69404
1.6927
1.69101
1.68895
1.68662
1.68419
1.68197
1.68031
1.67955
1.67991
1.68145
1.68402
1.68733
1.69099
1.69462
1.6979
1.7006
1.70259
1.70385
1.70443
1.70445
1.70407
1.70349
1.70293
1.70259
1.7026
1.70298
1.70363
1.70436
1.7049
1.70498
1.7044
1.70305
1.70096
1.6983
1.69535
1.69243
1.68985
1.68783
1.68641
1.68552
1.68499
1.68461
1.68424
1.68378
1.68324
1.6827
1.68226
1.68206
1.68222
1.6828
1.68387
1.68541
1.68739
1.68974
1.69236
1.69516
1.69805
1.70091
1.70368
1.70626
1.7086
1.71063
1.7123
1.71359
1.71446
1.71488
1.71483
1.71432
1.71333
1.71187
1.70996
1.70762
1.70493
1.70193
1.69875
1.69549
1.69232
1.6894
1.68689
1.68495
1.6837
1.68323
1.68353
1.68457
1.68625
1.68843
1.69093
1.6936
1.69628
1.69882
1.70112
1.70309
1.70471
1.70594
1.70679
1.70732
1.70757
1.70763
1.70757
1.70748
1.70738
1.7073
1.7072
1.707
1.70662
1.70594
1.70489
1.70339
1.70139
1.69893
1.69607
1.69296
1.68981
1.68693
1.68461
1.68317
1.68285
1.68379
1.68598
1.68928
1.69344
1.69815
1.70309
1.70795
1.7125
1.71655
1.71998
1.72272
1.72473
1.72598
1.72647
1.72621
1.72522
1.72352
1.72114
1.71812
1.71453
1.71042
1.70588
1.70097
1.69577
1.69034
1.68473
1.67902
1.67327
1.6676
1.66216
1.65714
1.65274
1.64915
1.64656
1.64504
1.64462
1.64524
1.64676
1.64902
1.6518
1.65489
1.65803
1.66101
1.6636
1.66556
1.66667
1.6667
1.66551
1.66316
1.65998
1.65675
1.6545
1.65425
1.65655
1.66118
1.66734
1.67396
1.68013
1.68529
1.68922
1.69193
1.69358
1.69436
1.69447
1.69406
1.69329
1.69226
1.69107
1.68977
1.6884
1.68699
1.68554
1.68402
1.6824
1.6806
1.67852
1.67602
1.67292
1.66902
1.66415
1.65819
1.65125
1.64376
1.63657
1.63081
1.62756
1.62733
1.62976
1.6338
1.6382
1.64194
1.64452
1.64592
1.64644
1.64653
1.64655
1.64667
1.64683
1.64683
1.64642
1.64542
1.64385
1.64183
1.63955
1.63711
1.63432
1.63068
1.62542
1.61785
1.60793
1.59716
1.58896
1.58747
1.59485
1.60947
1.62713
1.64385
1.6574
1.66724
1.67368
1.67732
1.67872
1.67833
1.67654
1.67372
1.67026
1.66664
1.66332
1.66066
1.65886
1.65781
1.65723
1.65671
1.65585
1.65437
1.65213
1.6491
1.64537
1.64113
1.63667
1.63241
1.62884
1.62649
1.62583
1.62705
1.63007
1.63446
1.63962
1.64488
1.64964
1.65347
1.65608
1.65738
1.65739
1.65622
1.65406
1.65118
1.64786
1.64444
1.64124
1.63856
1.63662
1.63555
1.63538
1.63602
1.6373
1.63899
1.64088
1.64275
1.64443
1.64581
1.64682
1.64748
1.64781
1.64788
1.6478
1.64763
1.64747
1.64739
1.64741
1.64757
1.64785
1.64822
1.64862
1.64899
1.64928
1.64942
1.64937
1.64911
1.64864
1.64799
1.64721
1.64639
1.6456
1.64493
1.64445
1.64424
1.64433
1.64475
1.64549
1.64651
1.64774
1.64908
1.65045
1.65175
1.65292
1.6539
1.6547
1.65534
1.65587
1.65637
1.6569
1.65751
1.65826
1.65916
1.66021
1.66139
1.66266
1.66397
1.66529
1.66658
1.66781
1.66896
1.67001
1.67094
1.67174
1.67239
1.67287
1.67314
1.67314
1.6728
1.67206
1.67082
1.66902
1.66661
1.6636
1.66013
1.65647
1.653
1.65025
1.64872
1.64875
1.65045
1.65363
1.65791
1.66282
1.66794
1.67294
1.67762
1.68185
1.68558
1.68879
1.69146
1.6936
1.69522
1.69633
1.69695
1.69713
1.69695
1.6965
1.69594
1.69541
1.69506
1.695
1.69527
1.69586
1.69663
1.6974
1.69794
1.69801
1.69742
1.69606
1.69394
1.69122
1.68818
1.68515
1.6824
1.68008
1.67812
1.67624
1.67402
1.67098
1.66675
1.66122
1.65481
1.64865
1.64444
1.64384
1.64765
1.65528
1.66514
1.67544
1.68483
1.69258
1.69843
1.70234
1.70443
1.70489
1.70408
1.70254
1.70093
1.69993
1.70004
1.70139
1.70378
1.70674
1.70977
1.71245
1.71456
1.71605
1.717
1.71756
1.71786
1.71805
1.71821
1.7184
1.71866
1.71899
1.71937
1.71978
1.72015
1.72041
1.7205
1.72037
1.72004
1.71957
1.71906
1.71866
1.71849
1.71861
1.719
1.71957
1.72015
1.72055
1.72061
1.72022
1.71935
1.71802
1.71631
1.71427
1.71192
1.70923
1.70614
1.70261
1.69876
1.6949
1.69155
1.68931
1.6887
1.68988
1.69256
1.69617
1.7
1.70346
1.70615
1.70792
1.70877
1.70885
1.70835
1.70748
1.70643
1.70534
1.70432
1.70345
1.70284
1.70264
1.70302
1.70416
1.70613
1.70884
1.71203
1.71528
1.71811
1.72006
1.72076
1.71998
1.71756
1.7135
1.70789
1.70101
1.69334
1.68556
1.67855
1.6732
1.67017
1.66965
1.67136
1.67463
1.67869
1.68288
1.68671
1.68992
1.69237
1.69402
1.69488
1.69501
1.69448
1.6934
1.69189
1.69012
1.68827
1.68654
1.68509
1.68405
1.68347
1.68334
1.68356
1.68398
1.68444
1.68477
1.68483
1.68452
1.68378
1.68261
1.68103
1.67913
1.677
1.67479
1.67262
1.67063
1.66894
1.66762
1.6667
1.66616
1.66592
1.66589
1.66593
1.66592
1.66576
1.66537
1.66472
1.66379
1.66261
1.66125
1.65974
1.65814
1.65647
1.6547
1.65281
1.65073
1.64844
1.64597
1.64344
1.64111
1.6393
1.63832
1.63835
1.63937
1.64115
1.64332
1.6455
1.64737
1.6487
1.64942
1.64954
1.64918
1.64852
1.64774
1.64704
1.64658
1.64645
1.64667
1.64718
1.64788
1.64859
1.64915
1.64938
1.64914
1.64838
1.6471
1.64547
1.64372
1.6422
1.64129
1.64128
1.64231
1.64431
1.64701
1.65008
1.65316
1.65597
1.65831
1.6601
1.66131
1.66196
1.6621
1.66176
1.66102
1.6599
1.65846
1.65676
1.65486
1.65286
1.65087
1.64902
1.64743
1.64617
1.64523
1.64448
1.64365
1.64235
1.64013
1.63654
1.63131
1.62454
1.61699
1.6101
1.60575
1.60544
1.60951
1.61696
1.62608
1.63522
1.64335
1.65003
1.65522
1.65907
1.66173
1.66333
1.66387
1.66326
1.66131
1.65773
1.65223
1.64458
1.63483
1.62351
1.61189
1.60186
1.59546
1.59402
1.59753
1.60474
1.61384
1.6232
1.63169
1.63865
1.64384
1.64723
1.64901
1.64951
1.64917
1.64849
1.64793
1.64788
1.64851
1.64986
1.65181
1.65415
1.65665
1.65909
1.66131
1.66317
1.6646
1.66556
1.66604
1.66605
1.66562
1.66478
1.66361
1.66217
1.66056
1.65888
1.65727
1.65582
1.65463
1.65377
1.65326
1.6531
1.6532
1.65349
1.65384
1.65413
1.65424
1.65405
1.65348
1.65248
1.65104
1.64923
1.64719
1.64514
1.64337
1.64217
1.64181
1.64246
1.64412
1.64666
1.6498
1.65323
1.65667
1.65986
1.66264
1.66491
1.6666
1.6677
1.6682
1.6681
1.66742
1.66615
1.6643
1.66192
1.65909
1.65594
1.65268
1.64959
1.64698
1.64517
1.64442
1.64487
1.64651
1.64918
1.65259
1.65638
1.6602
1.66376
1.6668
1.66916
1.67076
1.67156
1.67156
1.67084
1.66945
1.66752
1.66517
1.66255
1.6598
1.65708
1.65452
1.65223
1.6503
1.64879
1.6477
1.64703
1.64674
1.64678
1.64707
1.64751
1.648
1.6484
1.64859
1.64845
1.6479
1.6469
1.64546
1.64368
1.64169
1.63967
1.63776
1.63609
1.63469
1.63351
1.63249
1.63155
1.63066
1.62982
1.62912
1.62869
1.6287
1.62934
1.63074
1.63295
1.63582
1.63908
1.64237
1.6453
1.6476
1.64912
1.64983
1.64982
1.64923
1.64827
1.64712
1.64592
1.64478
1.64375
1.64282
1.64194
1.64104
1.64001
1.63876
1.63722
1.63534
1.63311
1.63058
1.62785
1.62507
1.62241
1.62007
1.61824
1.61706
1.61664
1.61698
1.61805
1.61973
1.62187
1.62429
1.62684
1.62935
1.63171
1.63383
1.63566
1.63716
1.63833
1.63918
1.63974
1.64003
1.64008
1.6399
1.63952
1.63893
1.63814
1.63712
1.63588
1.6344
1.63269
1.63079
1.62878
1.62675
1.62487
1.62331
1.62224
1.62181
1.62209
1.62309
1.62472
1.62682
1.6292
1.63164
1.63395
1.63598
1.63757
1.63862
1.63905
1.63875
1.63768
1.63577
1.63299
1.62932
1.62483
1.61961
1.61385
1.60776
1.60161
1.59563
1.59003
1.58496
1.58063
1.57736
1.57565
1.57606
1.57895
1.58421
1.59121
1.59898
1.60655
1.61323
1.61867
1.62278
1.62567
1.62752
1.62855
1.62894
1.62887
1.62848
1.62787
1.62712
1.62627
1.62534
1.62429
1.62308
1.62162
1.61978
1.61745
1.61451
1.61088
1.60658
1.60177
1.59675
1.592
1.58804
1.58532
1.58411
1.58437
1.58587
1.58824
1.5911
1.59413
1.59709
1.59977
1.60201
1.60369
1.60473
1.60509
1.60478
1.60385
1.60239
1.60055
1.59851
1.59646
1.5946
1.59313
1.59219
1.59183
1.59206
1.59278
1.59383
1.59501
1.59611
1.59691
1.5972
1.5968
1.59558
1.59342
1.59031
1.5863
1.58162
1.57672
1.57222
1.56886
1.56729
1.56781
1.57027
1.57413
1.57862
1.58304
1.58681
1.58962
1.5913
1.59181
1.59117
1.58942
1.58665
1.58296
1.57853
1.57361
1.56857
1.56385
1.55991
1.55712
1.55567
1.55553
1.55646
1.55808
1.56003
1.56199
1.56374
1.56518
1.56626
1.56701
1.56747
1.56769
1.56773
1.56763
1.56744
1.56718
1.56686
1.5665
1.5661
1.56565
1.56516
1.56463
1.56405
1.56343
1.56279
1.56213
1.56147
1.56085
1.56028
1.5598
1.55943
1.55922
1.55917
1.55933
1.55969
1.56027
1.56107
1.56207
1.56326
1.56462
1.56611
1.56771
1.56938
1.57109
1.5728
1.5745
1.57614
1.57772
1.57921
1.58059
1.58186
1.58299
1.58398
1.58481
1.58547
1.58596
1.58626
1.58636
1.58623
1.58588
1.58525
1.58433
1.58309
1.58149
1.57954
1.57731
1.57495
1.57269
1.57089
1.56994
1.57015
1.57169
1.5745
1.57832
1.58275
1.58737
1.59184
1.59589
1.59939
1.60223
1.60438
1.60579
1.60643
1.60624
1.60517
1.6032
1.60032
1.59659
1.59213
1.58712
1.58184
1.57676
1.57258
1.57022
1.57055
1.57395
1.58007
1.58783
1.59589
1.60315
1.60893
1.61296
1.61528
1.61601
1.61526
1.61313
1.60967
1.60503
1.59948
1.59359
1.58815
1.58418
1.58254
1.58373
1.58757
1.59333
1.59992
1.60629
1.61159
1.61527
1.61707
1.61696
1.61503
1.61153
1.60684
1.60145
1.596
1.59121
1.5878
1.58633
1.58712
1.59015
1.5951
1.60141
1.60845
1.61562
1.62241
1.62847
1.6336
1.63769
1.64073
1.64276
1.64384
1.64404
1.64345
1.64214
1.64018
1.63764
1.63459
1.6311
1.62727
1.62316
1.61888
1.61451
1.61019
1.60609
1.60243
1.59952
1.59767
1.59712
1.59797
1.60012
1.6033
1.60713
1.61126
1.61541
1.61938
1.62307
1.62642
1.62943
1.6321
1.63445
1.6365
1.63824
1.63969
1.64085
1.6417
1.64224
1.64245
1.64235
1.64193
1.64122
1.64026
1.6391
1.63784
1.63656
1.63535
1.6343
1.63345
1.63282
1.63237
1.63203
1.63172
1.63134
1.63084
1.63017
1.6293
1.62821
1.62685
1.62519
1.62318
1.62085
1.61834
1.61592
1.61394
1.61277
1.61268
1.61374
1.61584
1.61873
1.62207
1.62556
1.62895
1.63207
1.63485
1.63728
1.63941
1.64132
1.64305
1.64465
1.64613
1.64743
1.6485
1.64923
1.64949
1.64914
1.64804
1.6461
1.6433
1.63977
1.63582
1.63194
1.62881
1.62703
1.62701
1.6288
1.63206
1.63626
1.64085
1.6454
1.64965
1.65345
1.65675
1.65951
1.66167
1.66311
1.66362
1.66294
1.66076
1.65673
1.65049
1.64187
1.63107
1.61894
1.60731
1.59869
1.59548
1.59871
1.60749
1.61958
1.63263
1.64497
1.6558
1.6649
1.67242
1.67863
1.68379
1.68818
1.692
1.6954
1.69852
1.70142
1.70416
1.70675
1.70922
1.71153
1.71367
1.71561
1.7173
1.71869
1.71969
1.72025
1.72027
1.71965
1.71831
1.71616
1.71315
1.70931
1.70469
1.69947
1.69386
1.68807
1.68225
1.67638
1.67029
1.66374
1.65661
1.6492
1.64239
1.63755
1.63597
1.63829
1.64413
1.65244
1.66201
1.67187
1.68129
1.68975
1.69685
1.70234
1.70612
1.70826
1.70893
1.70838
1.70688
1.70472
1.70216
1.69946
1.69683
1.69445
1.69246
1.69096
1.69
1.68957
1.68962
1.69006
1.69076
1.69159
1.69239
1.69302
1.69334
1.69324
1.69261
1.6914
1.68958
1.68716
1.68423
1.68093
1.67749
1.6742
1.67134
1.66919
1.66788
1.66743
1.66768
1.66841
1.66933
1.6702
1.67083
1.67108
1.67089
1.67024
1.66916
1.66768
1.66588
1.66382
1.6616
1.65933
1.65711
1.65506
1.65324
1.65172
1.65054
1.64967
1.64908
1.64872
1.64856
1.64858
1.64882
1.64938
1.65037
1.65188
1.65394
1.65649
1.65936
1.66235
1.66521
1.66774
1.66977
1.6712
1.67198
1.67211
1.67162
1.67061
1.66919
1.66749
1.66566
1.66379
1.66191
1.65992
1.65765
1.65492
1.65162
1.64781
1.64379
1.63999
1.63687
1.63476
1.63389
1.63441
1.63649
1.64026
1.64566
1.6524
1.65997
1.66774
1.67511
1.68152
1.68657
1.68995
1.69146
1.69101
1.68861
1.68437
1.67855
1.6715
1.66372
1.65582
1.64844
1.64222
1.63766
1.63512
1.63473
1.63646
1.64015
1.64552
1.65223
1.65986
1.66792
1.67594
1.68343
1.68996
1.69516
1.69878
1.70067
1.70083
1.69944
1.69685
1.69359
1.6903
1.68751
1.68559
1.68458
1.6843
1.6844
1.68452
1.68437
1.68373
1.68247
1.68055
1.67813
1.67553
1.67325
1.67184
1.67174
1.67308
1.6757
1.67916
1.68298
1.6867
1.69001
1.69272
1.69477
1.69617
1.697
1.69734
1.69727
1.69689
1.69628
1.69551
1.69464
1.69371
1.69275
1.69177
1.69077
1.68974
1.68864
1.68741
1.68598
1.68425
1.68212
1.67946
1.67616
1.67215
1.66744
1.66213
1.65645
1.65077
1.64555
1.6414
1.63894
1.63875
1.64122
1.64634
1.65364
1.66231
1.67139
1.68008
1.68779
1.69422
1.69928
1.70301
1.70553
1.70699
1.70754
1.70734
1.70653
1.70524
1.70359
1.70169
1.69965
1.69756
1.6955
1.69355
1.69179
1.69033
1.6893
1.68882
1.689
1.68987
1.69136
1.69331
1.69548
1.69759
1.69941
1.70074
1.70142
1.70139
1.70058
1.69893
1.69643
1.69306
1.68893
1.68431
1.67969
1.67568
1.67289
1.67172
1.67221
1.67409
1.67705
1.68084
1.68536
1.69062
1.69655
1.70291
1.70936
1.71547
1.72083
1.72516
1.7283
1.7302
1.7309
1.73047
1.72899
1.72646
1.72288
1.71816
1.71223
1.70511
1.69703
1.68857
1.68077
1.67492
1.67226
1.67341
1.67809
1.68527
1.69351
1.70154
1.70846
1.7138
1.71743
1.71945
1.72004
1.7194
1.71772
1.71516
1.71185
1.70795
1.70363
1.69913
1.69473
1.69072
1.6874
1.685
1.68367
1.68345
1.68426
1.68595
1.68835
1.69125
1.69447
1.69785
1.70126
1.70457
1.70769
1.71055
1.71309
1.71529
1.71714
1.71867
1.71989
1.72085
1.72155
1.72201
1.72222
1.72217
1.72183
1.72116
1.72015
1.71873
1.71683
1.71437
1.71124
1.70738
1.70279
1.69757
1.69197
1.68639
1.68132
1.67725
1.67452
1.67322
1.67318
1.67397
1.67504
1.67588
1.67612
1.67561
1.67438
1.67263
1.67063
1.66864
1.6669
1.66557
1.66477
1.66456
1.66501
1.66616
1.66802
1.67056
1.6737
1.67732
1.68124
1.68525
1.68918
1.69282
1.69605
1.69878
1.70097
1.7026
1.7037
1.70431
1.7045
1.70431
1.70381
1.70306
1.70211
1.70102
1.69985
1.69863
1.69743
1.69626
1.69519
1.69421
1.69335
1.6926
1.69193
1.6913
1.69066
1.68995
1.6891
1.68806
1.68676
1.68518
1.68331
1.68117
1.67879
1.67619
1.67339
1.67038
1.66712
1.6636
1.65985
1.65599
1.6523
1.64911
1.64682
1.64571
1.6459
1.64726
1.64948
1.65217
1.65492
1.65747
1.65969
1.66167
1.6636
1.66577
1.66843
1.6717
1.67554
1.67977
1.68411
1.68827
1.692
1.69513
1.69759
1.69936
1.70048
1.70102
1.70108
1.70076
1.7002
1.69951
1.69881
1.69821
1.6978
1.69766
1.69785
1.6984
1.6993
1.70053
1.70201
1.70365
1.70535
1.70695
1.7083
1.70921
1.70944
1.70874
1.70683
1.70347
1.69852
1.69216
1.68508
1.67853
1.67412
1.6732
1.67614
1.68215
1.68968
1.69719
1.70362
1.7085
1.71176
1.7136
1.71429
1.71414
1.71344
1.71247
1.71146
1.71065
1.71017
1.7101
1.71039
1.71094
1.71158
1.71215
1.71251
1.71257
1.71229
1.71167
1.71075
1.70958
1.70823
1.70679
1.70537
1.7041
1.70311
1.70252
1.70238
1.70271
1.70346
1.70453
1.70581
1.70716
1.70846
1.70964
1.71066
1.71155
1.71237
1.71325
1.71435
1.71582
1.7178
1.72036
1.7235
1.72712
1.73106
1.73512
1.73912
1.74287
1.74624
1.74911
1.75141
1.75308
1.75405
1.75427
1.7537
1.75231
1.75012
1.74724
1.74387
1.74038
1.7372
1.7348
1.73353
1.73353
1.73464
1.7365
1.73865
1.74066
1.74222
1.74316
1.74341
1.74302
1.74209
1.74075
1.73912
1.73729
1.73534
1.7333
1.73113
1.72877
1.72615
1.72321
1.71989
1.71622
1.71227
1.7082
1.70423
1.70059
1.69755
1.69531
1.69403
1.69376
1.69445
1.69599
1.69818
1.70079
1.70358
1.70634
1.70895
1.71136
1.71363
1.71586
1.71816
1.7206
1.72315
1.72573
1.72821
1.73044
1.73234
1.73386
1.73504
1.73593
1.73661
1.73713
1.73755
1.73784
1.73793
1.73771
1.737
1.73559
1.73327
1.72982
1.72512
1.71918
1.71223
1.70474
1.69737
1.69078
1.6855
1.68189
1.68013
1.68043
1.683
1.68798
1.69525
1.70433
1.71446
1.72475
1.73436
1.74262
1.74913
1.75373
1.75646
1.75757
1.75742
1.75647
1.75515
1.75381
1.75259
1.75139
1.74992
1.74775
1.74451
1.73999
1.73426
1.72774
1.72128
1.716
1.713
1.71299
1.71596
1.72112
1.72717
1.73276
1.73676
1.73845
1.73751
1.73391
1.72787
1.71976
1.71016
1.69986
1.68988
1.68149
1.67593
1.67408
1.67608
1.68131
1.68868
1.69704
1.70557
1.71376
1.72139
1.7284
1.73477
1.74048
1.74551
1.74982
1.75335
1.75603
1.75776
1.75848
1.75814
1.75675
1.7544
1.75128
1.74767
1.74392
1.74039
1.73746
1.73546
1.73472
1.73545
1.73773
1.74138
1.74597
1.75094
1.75568
1.75965
1.76246
1.76388
1.76378
1.76214
1.75902
1.75456
1.74901
1.7427
1.7361
1.72976
1.72427
1.72016
1.71779
1.71725
1.71833
1.72062
1.7236
1.72675
1.72969
1.73218
1.73412
1.73552
1.73647
1.73709
1.73748
1.73775
1.73794
1.73808
1.73817
1.73822
1.7382
1.73812
1.73798
1.73775
1.73742
1.73692
1.73621
1.73523
1.73397
1.73242
1.73065
1.72873
1.72676
1.72484
1.72306
1.72149
1.72022
1.71936
1.71904
1.71938
1.72047
1.72232
1.72487
1.72793
1.73128
1.73464
1.73779
1.74053
1.74271
1.74422
1.74501
1.74499
1.7441
1.74225
1.73931
1.73515
1.72967
1.72282
1.71471
1.70566
1.69632
1.68756
1.68036
1.67554
1.67349
1.67412
1.67699
1.68149
1.68707
1.69323
1.69959
1.7058
1.71155
1.71663
1.72086
1.72416
1.72651
1.72797
1.72865
1.72871
1.72834
1.72778
1.72725
1.72699
1.72718
1.72796
1.72937
1.73141
1.73398
1.73693
1.74009
1.74327
1.74632
1.74911
1.75155
1.75358
1.75519
1.75639
1.75721
1.75768
1.75786
1.7578
1.75756
1.7572
1.75676
1.75627
1.75575
1.75519
1.75456
1.75377
1.75272
1.75127
1.74924
1.74652
1.74303
1.73887
1.73434
1.73
1.72659
1.72483
1.72517
1.72758
1.73153
1.73625
1.74094
1.74499
1.74799
1.74979
1.75036
1.74981
1.74827
1.74597
1.74312
1.73999
1.7368
1.73376
1.73102
1.72867
1.72676
1.72531
1.72434
1.72384
1.72383
1.72427
1.72511
1.72627
1.72763
1.72911
1.73059
1.73201
1.73331
1.73446
1.73545
1.73628
1.73694
1.73743
1.73771
1.73777
1.73753
1.73694
1.73589
1.7343
1.73206
1.72911
1.72542
1.72104
1.71614
1.71097
1.70589
1.70127
1.69742
1.69451
1.69253
1.69139
1.69093
1.69105
1.69174
1.69299
1.69478
1.69704
1.69961
1.70226
1.70475
1.70687
1.70847
1.70946
1.70982
1.7096
1.70887
1.70775
1.70635
1.7048
1.70323
1.70176
1.70046
1.6994
1.69859
1.69801
1.69759
1.69725
1.69687
1.69633
1.69554
1.69438
1.6928
1.69078
1.68834
1.68558
1.68264
1.67973
1.67711
1.67501
1.67363
1.67308
1.67339
1.67443
1.67602
1.67793
1.67993
1.68182
1.68348
1.68483
1.68587
1.68663
1.68718
1.68762
1.68801
1.68843
1.68893
1.68953
1.69023
1.691
1.69181
1.69261
1.69337
1.69407
1.6947
1.69528
1.69585
1.69649
1.69726
1.69821
1.69938
1.70073
1.70221
1.70366
1.70493
1.70579
1.70603
1.70545
1.70385
1.70113
1.69726
1.69235
1.6867
1.68081
1.67534
1.67101
1.6685
1.66831
1.67066
1.67543
1.68215
1.69005
1.69829
1.7061
1.71293
1.71854
1.72293
1.72627
1.72887
1.73106
1.73314
1.73535
1.73785
1.74066
1.74369
1.74675
1.74961
1.75199
1.7536
1.75417
1.75341
1.75107
1.74691
1.74084
1.73305
1.72419
1.71549
1.70849
1.70449
1.70389
1.70604
1.70967
1.71357
1.71702
1.71986
1.72228
1.72464
1.72728
1.73047
1.73429
1.73872
1.7436
1.74866
1.75362
1.75819
1.76213
1.76526
1.76747
1.76868
1.76887
1.76805
1.76624
1.76356
1.76017
1.75636
1.75249
1.74899
1.74624
1.74446
1.74359
1.74337
1.74333
1.74297
1.74188
1.7398
1.73668
1.73268
1.72821
1.72385
1.7203
1.71822
1.718
1.71971
1.72308
1.72762
1.73279
1.73812
1.7433
1.74814
1.75255
1.75649
1.75994
1.7629
1.76536
1.76731
1.76875
1.76969
1.77012
1.77008
1.76956
1.76859
1.76719
1.76537
1.76316
1.76059
1.7577
1.75452
1.75111
1.74754
1.74389
1.74025
1.7367
1.73333
1.73022
1.72743
1.72501
1.72299
1.72136
1.72013
1.71927
1.71877
1.71857
1.71863
1.71888
1.71923
1.71956
1.71975
1.7197
1.71929
1.71848
1.71727
1.71573
1.71398
1.71221
1.71061
1.70944
1.7089
1.70913
1.71018
1.71192
1.7141
1.71638
1.71838
1.7198
1.72043
1.72019
1.71915
1.71749
1.71544
1.71331
1.71141
1.70997
1.70917
1.70907
1.70962
1.71067
1.71205
1.71356
1.71501
1.7163
1.71736
1.71815
1.71869
1.71901
1.71914
1.71912
1.71898
1.71871
1.7183
1.71773
1.71694
1.71589
1.71452
1.71276
1.71058
1.70794
1.70481
1.7012
1.69712
1.6926
1.6877
1.6825
1.67711
1.67165
1.66626
1.66111
1.65637
1.65225
1.64894
1.64668
1.64563
1.64594
1.64766
1.65071
1.65485
1.65966
1.66456
1.66895
1.67227
1.67412
1.6743
1.67284
1.67004
1.66646
1.66284
1.66
1.65858
1.6589
1.66083
1.66387
1.66731
1.67051
1.67301
1.67463
1.67544
1.6757
1.6757
1.67571
1.6759
1.67629
1.67675
1.67705
1.67689
1.67597
1.67397
1.67061
1.66569
1.65907
1.65075
1.64094
1.6301
1.61891
1.6083
1.59925
1.59261
1.58898
1.5885
1.59093
1.59564
1.60179
1.60845
1.61476
1.62002
1.62381
1.62602
1.62686
1.62683
1.62664
1.62699
1.62835
1.6308
1.63407
1.6376
1.64082
1.64329
1.64474
1.64509
1.64441
1.64285
1.64063
1.63801
1.63526
1.63264
1.63038
1.62867
1.6276
1.62717
1.62733
1.62793
1.62882
1.62982
1.63075
1.63147
1.63185
1.63178
1.63123
1.63018
1.62869
1.62684
1.62476
1.62258
1.62042
1.61841
1.61659
1.61502
1.61372
1.61274
1.61212
1.61195
1.61228
1.61316
1.61458
1.61646
1.61865
1.62095
1.62318
1.62515
1.62674
1.62785
1.62847
1.62862
1.62835
1.62773
1.62685
1.62582
1.62473
1.62367
1.62271
1.62192
1.62133
1.62092
1.62069
1.62057
1.62052
1.62046
1.62034
1.62009
1.61968
1.61909
1.61831
1.61736
1.61628
1.61511
1.61393
1.61279
1.61177
1.61091
1.61025
1.6098
1.60954
1.60943
1.60943
1.60946
1.60949
1.60946
1.60934
1.60913
1.60882
1.60842
1.60793
1.6074
1.60683
1.60625
1.60569
1.60515
1.60465
1.6042
1.60381
1.60349
1.60322
1.60301
1.60286
1.60277
1.60273
1.60275
1.6028
1.60288
1.60299
1.60311
1.60323
1.60337
1.60355
1.6038
1.60416
1.6047
1.60545
1.60644
1.60765
1.60902
1.61041
1.61166
1.61253
1.61279
1.61224
1.61075
1.60838
1.60538
1.6023
1.59985
1.59876
1.59947
1.60196
1.60577
1.61016
1.61441
1.61799
1.62058
1.6221
1.62259
1.62219
1.62106
1.6194
1.61743
1.61536
1.61342
1.61181
1.61069
1.61017
1.61027
1.61095
1.61213
1.61368
1.61549
1.61747
1.61955
1.62168
1.62382
1.62595
1.62804
1.63004
1.63193
1.63363
1.6351
1.63626
1.63703
1.63733
1.63711
1.63632
1.63495
1.63309
1.63093
1.62877
1.62701
1.62607
1.62626
1.6277
1.63025
1.63355
1.63715
1.64061
1.64358
1.64587
1.6474
1.64818
1.64833
1.64799
1.6473
1.64643
1.6455
1.64462
1.64383
1.64314
1.64253
1.64193
1.64127
1.64052
1.63961
1.63855
1.63733
1.63598
1.63456
1.6331
1.63167
1.6303
1.62904
1.62796
1.62709
1.62653
1.62636
1.62669
1.62762
1.62921
1.63147
1.63432
1.63762
1.64116
1.64474
1.64814
1.65123
1.65389
1.65608
1.65779
1.65906
1.65993
1.66044
1.66065
1.66059
1.66032
1.65987
1.65926
1.65855
1.65775
1.65691
1.65606
1.65524
1.65448
1.65381
1.65326
1.65282
1.6525
1.65227
1.65211
1.65195
1.65174
1.65141
1.65086
1.64999
1.6487
1.6469
1.64449
1.64143
1.63774
1.63352
1.629
1.62452
1.62047
1.61728
1.61532
1.61478
1.61573
1.61808
1.62169
1.62636
1.63186
1.6379
1.64413
1.6502
1.65577
1.66063
1.66464
1.66778
1.67011
1.67174
1.67278
1.67338
1.67364
1.67367
1.67355
1.67336
1.67315
1.67297
1.67285
1.6728
1.67282
1.67287
1.67292
1.6729
1.67271
1.67229
1.67153
1.67038
1.66878
1.66671
1.6642
1.66132
1.6582
1.65502
1.65202
1.64941
1.64742
1.64617
1.64573
1.64602
1.64689
1.64812
1.64945
1.65069
1.65167
1.65233
1.65269
1.65282
1.65287
1.65299
1.65336
1.65416
1.65554
1.6576
1.66035
1.66371
1.66746
1.67131
1.67495
1.67811
1.68061
1.68233
1.68325
1.68341
1.6829
1.68178
1.68016
1.67808
1.67556
1.67262
1.66921
1.66533
1.66091
1.65594
1.65041
1.64437
1.63801
1.63169
1.626
1.62171
1.61961
1.62027
1.62385
1.62992
1.63766
1.64606
1.65419
1.66141
1.66737
1.67195
1.6752
1.67728
1.67835
1.67857
1.67808
1.67699
1.6754
1.67336
1.67095
1.66821
1.66521
1.66203
1.65879
1.65564
1.65274
1.65024
1.6483
1.64698
1.6463
1.64619
1.6465
1.64706
1.64769
1.64822
1.64853
1.64852
1.64814
1.64738
1.64624
1.64475
1.64298
1.64097
1.63878
1.63647
1.63407
1.63161
1.62906
1.62642
1.62369
1.62092
1.61825
1.61592
1.61422
1.61347
1.61389
1.61552
1.61823
1.62173
1.62566
1.62965
1.63342
1.63678
1.63962
1.64193
1.64374
1.64512
1.64615
1.6469
1.6474
1.64763
1.64752
1.64692
1.64564
1.64345
1.64012
1.63541
1.62922
1.62159
1.6129
1.60398
1.59614
1.59089
1.58937
1.59177
1.59722
1.60421
1.61128
1.61743
1.62223
1.62561
1.62776
1.62891
1.62931
1.62917
1.62865
1.62789
1.62696
1.6259
1.62469
1.62329
1.62159
1.61949
1.61689
1.6137
1.60995
1.6057
1.60117
1.59665
1.59252
1.58917
1.58694
1.58604
1.58653
1.58833
1.59122
1.59496
1.59923
1.60376
1.6083
1.61264
1.61661
1.62012
1.62311
1.62557
1.62751
1.62897
1.62999
1.63063
1.63094
1.63097
1.63077
1.63039
1.62989
1.6293
1.62866
1.62802
1.62737
1.62675
1.62613
1.62551
1.62483
1.62404
1.62306
1.62181
1.62018
1.61806
1.61537
1.61204
1.60807
1.60353
1.59863
1.59363
1.58893
1.58494
1.58207
1.58065
1.5809
1.58285
1.58631
1.59087
1.59595
1.60097
1.60545
1.60908
1.61179
1.61368
1.61499
1.61593
1.61671
1.61738
1.61792
1.61819
1.61803
1.61728
1.61595
1.61414
1.61213
1.61027
1.60889
1.6082
1.60818
1.60856
1.60897
1.60894
1.60809
1.60617
1.60312
1.5992
1.59502
1.59154
1.58992
1.59117
1.59577
1.60347
1.61334
1.62414
1.63468
1.64407
1.65181
1.65769
1.66173
1.66399
1.66456
1.66351
1.66083
1.65645
1.65035
1.64256
1.63341
1.62363
1.61452
1.60771
1.60469
1.60612
1.61146
1.61931
1.62802
1.63626
1.64321
1.6485
1.65205
1.65395
1.6544
1.65363
1.6519
1.64948
1.64659
1.64345
1.64018
1.63689
1.63372
1.6309
1.62879
1.62778
1.6282
1.63013
1.63337
1.63753
1.64216
1.64686
1.65139
1.65561
1.65945
1.66284
1.66572
1.66806
1.66982
1.67099
1.67158
1.67165
1.67125
1.67045
1.66937
1.66812
1.66683
1.66564
1.66467
1.66401
1.66366
1.66354
1.66351
1.66334
1.66282
1.66172
1.6599
1.65729
1.65393
1.64996
1.64562
1.64118
1.63699
1.63337
1.63065
1.62912
1.62898
1.63027
1.63288
1.63655
1.64092
1.64557
1.65015
1.65431
1.65782
1.66052
1.66232
1.66322
1.66329
1.66268
1.66156
1.66018
1.6588
1.65766
1.65699
1.65693
1.65755
1.65883
1.66065
1.66283
1.66518
1.66747
1.66949
1.67106
1.67203
1.67228
1.67174
1.67039
1.66826
1.66544
1.6621
1.65847
1.65482
1.65144
1.64858
1.64638
1.64491
1.6441
1.64378
1.64371
1.64363
1.6432
1.64202
1.63957
1.63533
1.62892
1.62053
1.6113
1.60346
1.59968
1.60169
1.60921
1.62017
1.63207
1.64306
1.65222
1.6594
1.66476
1.6686
1.67123
1.67289
1.67381
1.67416
1.67411
1.67376
1.67322
1.67256
1.67183
1.67108
1.67035
1.66967
1.66907
1.66857
1.66811
1.66759
1.66678
1.66536
1.66294
1.65911
1.65359
1.6463
1.63762
1.62839
1.61994
1.61378
1.61111
1.61244
1.61745
1.62514
1.63423
1.64347
1.65193
1.65898
1.66432
1.66789
1.6698
1.67027
1.66961
1.66817
1.66634
1.66449
1.66296
1.66204
1.66186
1.66245
1.66372
1.66548
1.66749
1.66947
1.67118
1.67238
1.67288
1.67254
1.67132
1.66926
1.66656
1.66354
1.6606
1.65815
1.65646
1.65557
1.65526
1.65513
1.65478
1.65388
1.65234
1.65027
1.64799
1.64594
1.64457
1.64421
1.64501
1.6469
1.64963
1.65287
1.65625
1.65943
1.66218
1.66434
1.66583
1.66668
1.66694
1.66675
1.66622
1.66551
1.66472
1.66396
1.66325
1.66261
1.66199
1.66134
1.66057
1.65964
1.65852
1.65721
1.6558
1.65444
1.65336
1.65285
1.65317
1.65446
1.65674
1.65982
1.66338
1.66706
1.67051
1.67346
1.67572
1.67722
1.67793
1.67785
1.67701
1.67545
1.6732
1.6703
1.66682
1.66288
1.65862
1.65428
1.65014
1.64651
1.64369
1.64193
1.64139
1.64209
1.64393
1.64669
1.65006
1.65368
1.65722
1.6604
1.66306
1.66513
1.66666
1.66776
1.66859
1.66929
1.66997
1.67069
1.67146
1.67224
1.67296
1.67355
1.67391
1.67398
1.67373
1.67317
1.67234
1.67137
1.67039
1.66961
1.66921
1.66935
1.67012
1.67151
1.67342
1.67568
1.67805
1.68028
1.68211
1.6833
1.68367
1.68303
1.68125
1.67822
1.67392
1.66836
1.66171
1.65426
1.64655
1.63929
1.63333
1.62941
1.62796
1.62882
1.6314
1.63482
1.63833
1.64143
1.644
1.64617
1.64826
1.6506
1.65346
1.65694
1.66099
1.66539
1.66986
1.67402
1.67755
1.68013
1.6816
1.68191
1.68127
1.68012
1.67908
1.67884
1.67991
1.68241
1.68599
1.69003
1.69376
1.69653
1.69788
1.69757
1.69552
1.69179
1.68659
1.68019
1.67299
1.66547
1.65816
1.65155
1.64607
1.64195
1.63927
1.63793
1.63772
1.63843
1.63985
1.64189
1.64449
1.64767
1.65147
1.65595
1.66111
1.66691
1.67321
1.67978
1.68636
1.69266
1.69843
1.70348
1.70766
1.71088
1.71309
1.71425
1.71434
1.71333
1.7112
1.70792
1.70344
1.69767
1.69045
1.68159
1.67086
1.65826
1.64423
1.63006
1.61778
1.60954
1.60648
1.60804
1.61227
1.61687
1.62013
1.6213
1.62065
1.61928
1.61873
1.62042
1.62496
1.63196
1.64029
1.64869
1.65623
1.66241
1.66712
1.67046
1.67262
1.67385
1.67432
1.67423
1.67371
1.67288
1.67185
1.67068
1.66944
1.66819
1.66695
1.66577
1.66464
1.66358
1.66256
1.66158
1.66059
1.65957
1.65848
1.65729
1.65598
1.65454
1.65297
1.65131
1.6496
1.64792
1.64635
1.64497
1.64381
1.6429
1.64219
1.6416
1.641
1.64023
1.63914
1.63761
1.63555
1.63298
1.63006
1.62709
1.62449
1.62276
1.62232
1.62339
1.6259
1.62952
1.63375
1.63812
1.64222
1.6458
1.64872
1.65095
1.65254
1.65355
1.65408
1.65422
1.65408
1.65371
1.65321
1.65261
1.65197
1.6513
1.65062
1.64992
1.64923
1.64856
1.64795
1.64748
1.64724
1.6473
1.64777
1.64869
1.65009
1.65197
1.65426
1.6569
1.65977
1.66278
1.66584
1.66885
1.67175
1.67451
1.6771
1.67951
1.68173
1.68378
1.68566
1.68737
1.6889
1.69024
1.69137
1.69226
1.6929
1.69325
1.69328
1.69298
1.69231
1.69129
1.68989
1.68814
1.68607
1.6837
1.68108
1.67829
1.67537
1.6724
1.66946
1.66663
1.66404
1.66183
1.66023
1.65945
1.65969
1.66105
1.6635
1.66687
1.67089
1.67526
1.67971
1.68405
1.68813
1.69185
1.69514
1.69796
1.70024
1.70195
1.70306
1.70353
1.70336
1.70252
1.701
1.69878
1.6958
1.69202
1.68739
1.68188
1.67552
1.66844
1.66095
1.65357
1.64699
1.64201
1.63928
1.63911
1.64138
1.64555
1.65091
1.65681
1.66274
1.66841
1.67365
1.67839
1.68256
1.68607
1.68887
1.6909
1.69217
1.69272
1.69266
1.69217
1.69143
1.69068
1.69012
1.68992
1.6902
1.69101
1.69235
1.69414
1.6963
1.6987
1.70123
1.70379
1.70629
1.70865
1.71082
1.71275
1.7144
1.71573
1.71671
1.7173
1.71744
1.71709
1.71619
1.71467
1.71249
1.70959
1.70596
1.70159
1.69654
1.69091
1.68487
1.67859
1.67226
1.666
1.6598
1.65355
1.64706
1.64028
1.63349
1.62752
1.62372
1.62346
1.62747
1.63533
1.64563
1.65658
1.66668
1.67498
1.68109
1.68499
1.68691
1.68716
1.68613
1.68419
1.68174
1.67917
1.67683
1.67509
1.67419
1.6743
1.67538
1.67729
1.67973
1.68236
1.68485
1.68692
1.68837
1.68908
1.68901
1.68818
1.68665
1.68455
1.68204
1.67932
1.67664
1.67419
1.67211
1.67045
1.66909
1.66781
1.66627
1.66411
1.66101
1.65672
1.65118
1.64456
1.63732
1.63022
1.62435
1.6209
1.62085
1.62452
1.63129
1.63986
1.64873
1.65669
1.66304
1.66758
1.6704
1.67174
1.67191
1.67117
1.66978
1.66792
1.66575
1.6634
1.66095
1.65847
1.65603
1.65366
1.65138
1.64921
1.64715
1.64519
1.64332
1.6415
1.6397
1.6379
1.63604
1.6341
1.63205
1.62987
1.62756
1.62514
1.62268
1.62029
1.61814
1.61646
1.61548
1.61541
1.61642
1.61852
1.62163
1.62554
1.62999
1.63468
1.63934
1.64377
1.64783
1.65144
1.65459
1.65728
1.65956
1.66146
1.66303
1.66431
1.66535
1.66617
1.6668
1.66727
1.66758
1.66777
1.66786
1.66787
1.66782
1.66775
1.66769
1.66766
1.66767
1.66773
1.66783
1.66793
1.66798
1.6679
1.6676
1.66699
1.66597
1.66445
1.6624
1.65977
1.6566
1.65298
1.64906
1.64508
1.64138
1.63836
1.63642
1.63584
1.63671
1.63887
1.64199
1.64579
1.65008
1.65482
1.66
1.66554
1.6712
1.67667
1.68168
1.68611
1.69008
1.69383
1.69763
1.70167
1.70594
1.71026
1.71433
1.7178
1.72037
1.72182
1.72199
1.72086
1.71848
1.71506
1.71095
1.70659
1.70249
1.69907
1.69654
1.69493
1.69407
1.69375
1.69383
1.69427
1.69509
1.69637
1.69812
1.70028
1.70272
1.70526
1.70773
1.70995
1.71184
1.71334
1.71444
1.71522
1.71577
1.7162
1.71665
1.71721
1.71792
1.7188
1.71976
1.7207
1.72147
1.7219
1.72183
1.72111
1.71961
1.71725
1.71401
1.70999
1.70542
1.70074
1.69651
1.69333
1.69164
1.69158
1.69289
1.69509
1.69759
1.69995
1.70193
1.70347
1.70467
1.70563
1.70645
1.70715
1.70769
1.70796
1.7079
1.70746
1.70667
1.70565
1.70455
1.70356
1.70285
1.70254
1.70268
1.70322
1.70406
1.70505
1.70604
1.70688
1.7075
1.70789
1.70817
1.7085
1.70914
1.71028
1.71201
1.71422
1.71663
1.71878
1.72013
1.72011
1.71822
1.71408
1.70755
1.69887
1.68871
1.67821
1.6687
1.66134
1.65688
1.65548
1.65679
1.66014
1.66467
1.66955
1.67415
1.67809
1.68127
1.68385
1.68612
1.68842
1.69103
1.69409
1.69754
1.70124
1.70498
1.70855
1.71182
1.71472
1.71722
1.71931
1.721
1.7223
1.72321
1.72374
1.72388
1.72362
1.72297
1.72194
1.72052
1.71876
1.71667
1.71429
1.71167
1.70889
1.70603
1.7032
1.70052
1.69812
1.69611
1.69459
1.69359
1.69309
1.69302
1.69326
1.69365
1.69402
1.69416
1.69391
1.69314
1.69181
1.69003
1.68805
1.6862
1.68482
1.68407
1.68381
1.68356
1.68266
1.68038
1.67625
1.67017
1.66263
1.65464
1.64765
1.64312
1.64204
1.64461
1.65014
1.65727
1.66446
1.67036
1.67408
1.67524
1.67394
1.67078
1.66683
1.66353
1.66231
1.66408
1.66878
1.6755
1.68293
1.68989
1.69564
1.69988
1.7026
1.70397
1.70419
1.70344
1.7019
1.69969
1.69692
1.69371
1.69018
1.68651
1.68292
1.67965
1.67698
1.67512
1.67424
1.67437
1.67542
1.67721
1.6795
1.68202
1.68455
1.68692
1.689
1.69073
1.6921
1.69313
1.69386
1.69436
1.6947
1.69495
1.69519
1.69548
1.69585
1.69629
1.69675
1.69713
1.69726
1.69696
1.69598
1.69405
1.69087
1.68617
1.67969
1.67125
1.66077
1.64838
1.63443
1.61961
1.60509
1.5926
1.58439
1.5826
1.58835
1.60095
1.61809
1.63684
1.65469
1.67012
1.68247
1.69168
1.69793
1.70141
1.70223
1.70041
1.69593
1.68892
1.67998
1.67046
1.66245
1.65818
1.65889
1.66416
1.67214
1.68068
1.68821
1.69403
1.69805
1.70056
1.70193
1.7025
1.70256
1.70231
1.70187
1.70132
1.70069
1.69999
1.6992
1.6983
1.69725
1.69601
1.69454
1.69278
1.69069
1.68825
1.68543
1.68228
1.67888
1.67538
1.67201
1.66908
1.66691
1.66581
1.66596
1.66741
1.67002
1.67353
1.67765
1.68209
1.6866
1.691
1.69512
1.69886
1.70211
1.70479
1.70685
1.70828
1.70907
1.70928
1.70895
1.70817
1.70707
1.70577
1.70446
1.70333
1.70255
1.70231
1.70272
1.70381
1.70552
1.70772
1.71018
1.71267
1.71494
1.71678
1.71801
1.71849
1.71813
1.7169
1.71482
1.712
1.70864
1.70498
1.70136
1.6981
1.69544
1.69353
1.69235
1.69176
1.69153
1.69139
1.69111
1.69045
1.68925
1.68744
1.685
1.68203
1.67872
1.67537
1.67235
1.67009
1.66897
1.6693
1.67123
1.67472
1.67956
1.68542
1.69192
1.69865
1.7052
1.71126
1.71655
1.72089
1.72413
1.72623
1.72715
1.7269
1.72553
1.7231
1.71974
1.71561
1.71093
1.70603
1.70125
1.69702
1.69371
1.69162
1.69092
1.69158
1.69342
1.69611
1.69928
1.70258
1.70574
1.70854
1.71088
1.71273
1.71411
1.71508
1.71571
1.71609
1.71632
1.71649
1.71669
1.71699
1.71745
1.71811
1.719
1.72008
1.72133
1.72265
1.72395
1.72508
1.7259
1.72622
1.72586
1.72465
1.72243
1.71913
1.71482
1.70977
1.70448
1.69968
1.69615
1.69452
1.69507
1.69759
1.70158
1.70635
1.7113
1.71594
1.71993
1.72304
1.72514
1.72613
1.72594
1.72458
1.72211
1.71869
1.71457
1.71011
1.70579
1.70212
1.69963
1.69881
1.69996
1.7032
1.70836
1.71503
1.72259
1.73036
1.73762
1.74377
1.74835
1.75106
1.75184
1.7508
1.74832
1.7449
1.74118
1.7377
1.73478
1.73248
1.73057
1.72868
1.72647
1.72374
1.72045
1.71676
1.71296
1.70941
1.70648
1.70445
1.70348
1.70358
1.70463
1.7064
1.70865
1.71118
1.71379
1.71637
1.71883
1.72112
1.72319
1.72501
1.72652
1.72766
1.72835
1.72855
1.72819
1.72729
1.72588
1.72407
1.72203
1.71993
1.71797
1.71624
1.71478
1.71347
1.71213
1.71056
1.7086
1.7062
1.70344
1.70049
1.69762
1.69506
1.69299
1.69153
1.69071
1.69058
1.69116
1.69246
1.69443
1.69692
1.69971
1.70256
1.70525
1.7076
1.70953
1.71102
1.71208
1.71278
1.71314
1.71323
1.71306
1.71261
1.71187
1.71077
1.70923
1.70713
1.70436
1.70081
1.69637
1.69099
1.6847
1.67764
1.67014
1.66267
1.65588
1.65048
1.64714
1.64625
1.64786
1.65164
1.657
1.66322
1.66963
1.67567
1.68089
1.68501
1.68787
1.68941
1.6896
1.68849
1.68612
1.68255
1.67788
1.67228
1.66602
1.65943
1.65297
1.64715
1.64248
1.63946
1.6384
1.63941
1.64236
1.64685
1.65237
1.65837
1.66435
1.66994
1.6749
1.67913
1.68262
1.68543
1.68764
1.68938
1.69074
1.69181
1.69264
1.69329
1.69375
1.69402
1.69404
1.69376
1.6931
1.69196
1.69029
1.68804
1.68524
1.68199
1.67852
1.67513
1.67219
1.67002
1.66883
1.66859
1.66911
1.67003
1.67095
1.67156
1.6717
1.6714
1.67089
1.67055
1.67076
1.67181
1.67377
1.67649
1.67963
1.68285
1.68584
1.68841
1.69046
1.69199
1.69302
1.6936
1.69377
1.69361
1.69322
1.69269
1.69216
1.69171
1.69141
1.6913
1.69134
1.69146
1.6916
1.69167
1.69157
1.69123
1.69055
1.68946
1.68789
1.68584
1.68338
1.68071
1.67815
1.67612
1.67499
1.67505
1.67638
1.67882
1.6821
1.68584
1.68972
1.69347
1.69692
1.69996
1.70256
1.70468
1.70633
1.70751
1.70822
1.70847
1.7083
1.70773
1.70679
1.70555
1.70406
1.7024
1.70065
1.6989
1.69723
1.6957
1.69433
1.69315
1.69216
1.69133
1.69064
1.69009
1.68967
1.68939
1.68929
1.68937
1.68967
1.69019
1.69089
1.69172
1.69258
1.69335
1.69388
1.69398
1.69346
1.6921
1.68971
1.68613
1.68129
1.6753
1.66852
1.66159
1.65544
1.65113
1.64957
1.65117
1.65572
1.66244
1.67028
1.67825
1.68564
1.69207
1.6974
1.70167
1.70499
1.70751
1.70937
1.71072
1.71166
1.7123
1.71273
1.71302
1.71324
1.71343
1.71364
1.71387
1.71416
1.71451
1.71492
1.71539
1.71593
1.71654
1.71722
1.718
1.71889
1.71992
1.72111
1.72248
1.72404
1.72578
1.72771
1.72978
1.73197
1.73422
1.73647
1.73865
1.74069
1.7425
1.744
1.7451
1.74571
1.74573
1.74506
1.74363
1.74136
1.7382
1.73416
1.72932
1.72386
1.71808
1.71238
1.70725
1.70321
1.70069
1.69997
1.70113
1.70404
1.70844
1.714
1.72041
1.72733
1.73446
1.74151
1.74821
1.75433
1.7597
1.7642
1.76776
1.77037
1.77204
1.77283
1.77278
1.77197
1.77046
1.76832
1.76563
1.76251
1.75915
1.7558
1.75276
1.75037
1.74889
1.74847
1.74907
1.75051
1.75249
1.7547
1.75684
1.7587
1.76013
1.76103
1.76135
1.76107
1.7602
1.75875
1.7568
1.75445
1.75185
1.74918
1.74665
1.74443
1.74268
1.74147
1.74081
1.74066
1.74097
1.74167
1.7427
1.74402
1.74561
1.74739
1.7493
1.75123
1.75305
1.75463
1.75585
1.75663
1.75688
1.75658
1.75572
1.75433
1.75244
1.75014
1.74751
1.74468
1.74175
1.73885
1.73607
1.73351
1.7312
1.72917
1.72739
1.72584
1.72445
1.72318
1.72195
1.72072
1.71941
1.71796
1.71633
1.71455
1.71272
1.71113
1.71018
1.71029
1.71173
1.71452
1.71832
1.72257
1.72665
1.73005
1.73241
1.73359
1.73358
1.73248
1.73045
1.72767
1.72432
1.72056
1.71653
1.7123
1.70793
1.70344
1.69885
1.69425
1.68974
1.68555
1.68189
1.67899
1.67697
1.67581
1.67536
1.6754
1.67567
1.676
1.67628
1.67652
1.67676
1.67709
1.67756
1.67824
1.67914
1.68025
1.68152
1.68292
1.68437
1.68582
1.68722
1.68852
1.68968
1.69069
1.69151
1.69214
1.69255
1.69274
1.6927
1.6924
1.69185
1.69104
1.68997
1.68865
1.68713
1.68546
1.68372
1.68202
1.68047
1.67919
1.6783
1.67789
1.67798
1.67858
1.67966
1.68113
1.68291
1.68488
1.68693
1.68897
1.69088
1.69257
1.69395
1.69491
1.69538
1.69527
1.69447
1.69291
1.69051
1.6872
1.68293
1.67772
1.67165
1.66496
1.65805
1.65157
1.64631
1.64303
1.64224
1.64397
1.64775
1.65282
1.65836
1.66374
1.66853
1.67255
1.67574
1.67813
1.67976
1.68073
1.68114
1.68111
1.68081
1.6804
1.68006
1.67994
1.68014
1.68069
1.68152
1.68254
1.6836
1.68457
1.68532
1.68578
1.68591
1.68568
1.68511
1.68425
1.68314
1.68185
1.68045
1.67903
1.67768
1.6765
1.67558
1.67501
1.67487
1.6752
1.67601
1.67728
1.6789
1.68076
1.68271
1.6846
1.68631
1.68772
1.68877
1.68942
1.68967
1.68954
1.68906
1.68827
1.6872
1.68587
1.6843
1.6825
1.68047
1.67826
1.6759
1.67344
1.67095
1.66847
1.66601
1.66354
1.66102
1.65842
1.65577
1.65319
1.65096
1.64946
1.64912
1.65033
1.65324
1.65772
1.66334
1.66951
1.67562
1.68121
1.68595
1.68971
1.69245
1.6942
1.69504
1.69504
1.69432
1.693
1.69123
1.68918
1.68704
1.685
1.68319
1.68165
1.68034
1.67914
1.67785
1.67624
1.67411
1.67128
1.66764
1.66316
1.65788
1.65197
1.64574
1.63958
1.63394
1.62921
1.62558
1.62299
1.6211
1.61948
1.61773
1.61565
1.61334
1.61116
1.6097
1.60959
1.61134
1.61518
1.621
1.62832
1.63644
1.64464
1.65228
1.6589
1.66425
1.66827
1.671
1.67257
1.67316
1.67292
1.67202
1.67059
1.6687
1.66641
1.66368
1.66048
1.65673
1.65238
1.64749
1.64227
1.63717
1.63282
1.62985
1.62867
1.62921
1.63096
1.63311
1.63489
1.63579
1.63563
1.63458
1.63305
1.63161
1.63079
1.63102
1.63243
1.63492
1.63814
1.64164
1.64499
1.64784
1.64999
1.65134
1.65191
1.6518
1.65113
1.65007
1.64877
1.64737
1.64598
1.64468
1.6435
1.64242
1.64138
1.64034
1.63923
1.63804
1.6368
1.6356
1.63461
1.63403
1.63409
1.63495
1.63671
1.63933
1.64268
1.64653
1.65063
1.65473
1.65866
1.66226
1.66546
1.66822
1.67055
1.67244
1.67393
1.67504
1.67579
1.67621
1.67634
1.67623
1.67591
1.67547
1.67496
1.67447
1.67405
1.67371
1.67345
1.67321
1.67286
1.67229
1.67138
1.67002
1.66816
1.6658
1.66301
1.65989
1.6566
1.65331
1.65021
1.64748
1.64531
1.64386
1.64327
1.64364
1.64501
1.6473
1.65038
1.65405
1.6581
1.66234
1.66665
1.67101
1.67541
1.67985
1.68429
1.68859
1.69257
1.69602
1.69872
1.7005
1.70125
1.70093
1.69957
1.69727
1.69423
1.69068
1.68693
1.68323
1.67978
1.67663
1.67371
1.67086
1.66798
1.66511
1.66241
1.66011
1.65836
1.6572
1.65658
1.6565
1.65706
1.65851
1.66103
1.66457
1.66878
1.67309
1.67688
1.67972
1.68144
1.68216
1.68224
1.68217
1.68243
1.68339
1.68516
1.68761
1.69041
1.69311
1.69527
1.69655
1.69678
1.69599
1.6944
1.6924
1.69047
1.68911
1.68865
1.6892
1.69058
1.69238
1.69403
1.69493
1.69457
1.69263
1.68912
1.68452
1.67982
1.67628
1.67505
1.6765
1.68009
1.68461
1.68877
1.69164
1.69284
1.69241
1.69067
1.68799
1.68471
1.68103
1.67703
1.67274
1.66827
1.66396
1.66038
1.65831
1.65845
1.66117
1.66631
1.67326
1.68118
1.68925
1.69688
1.70371
1.70966
1.71477
1.71919
1.72306
1.7265
1.72963
1.73248
1.7351
1.73749
1.73964
1.74155
1.74321
1.74463
1.7458
1.74673
1.74745
1.74795
1.74825
1.74837
1.74829
1.74802
1.74753
1.74679
1.74574
1.74429
1.74235
1.7398
1.7365
1.73235
1.72731
1.72146
1.71509
1.70875
1.70319
1.69923
1.69746
1.69801
1.70043
1.70383
1.70718
1.70952
1.71012
1.70853
1.70461
1.69871
1.69175
1.68528
1.68116
1.68094
1.68511
1.69284
1.70252
1.71248
1.72151
1.72903
1.73491
1.73929
1.74245
1.74468
1.74627
1.74745
1.7484
1.74926
1.75009
1.75094
1.75181
1.75267
1.7535
1.75424
1.75484
1.75524
1.75535
1.7551
1.75441
1.75322
1.75151
1.74931
1.74676
1.74409
1.7416
1.73967
1.73861
1.73865
1.73978
1.74186
1.7446
1.74767
1.75079
1.75375
1.75641
1.75873
1.76067
1.76225
1.76348
1.76437
1.76493
1.76517
1.76511
1.76478
1.76421
1.76345
1.76253
1.76149
1.76035
1.75913
1.75786
1.75657
1.75532
1.75419
1.75332
1.75285
1.75294
1.75374
1.75534
1.75778
1.76101
1.76488
1.76922
1.77377
1.7783
1.78258
1.78641
1.78966
1.79224
1.79412
1.79532
1.79588
1.79591
1.79553
1.7949
1.79419
1.79358
1.79323
1.79327
1.79378
1.79478
1.79622
1.79798
1.79995
1.802
1.804
1.8059
1.80766
1.80927
1.81074
1.81204
1.81314
1.81394
1.81435
1.81427
1.81365
1.8125
1.81085
1.80878
1.80638
1.8037
1.80072
1.79743
1.79383
1.79006
1.78642
1.78346
1.78181
1.78212
1.7848
1.78989
1.79702
1.80553
1.81459
1.82344
1.83148
1.83837
1.84394
1.84822
1.85132
1.85341
1.85466
1.85524
1.85525
1.85478
1.85384
1.85238
1.85034
1.84759
1.84401
1.8395
1.83401
1.82761
1.82046
1.81287
1.80524
1.79796
1.79139
1.7858
1.78141
1.77843
1.77713
1.77783
1.78077
1.78604
1.7934
1.80227
1.81183
1.82113
1.82933
1.83576
1.84002
1.84194
1.84156
1.8391
1.8349
1.82932
1.82267
1.8152
1.80723
1.79924
1.79202
1.78644
1.78305
1.78169
1.78169
1.78227
1.78299
1.7838
1.78481
1.78604
1.78749
1.78933
1.79212
1.79665
1.80354
1.81278
1.82363
1.83494
1.84559
1.8548
1.86224
1.86789
1.87193
1.87462
1.87621
1.87691
1.87687
1.87616
1.87479
1.87272
1.86989
1.8662
1.86156
1.85587
1.84909
1.84124
1.8324
1.8228
1.8128
1.80294
1.79392
1.78651
1.78143
1.77919
1.7799
1.78324
1.78857
1.79513
1.80227
1.80949
1.81649
1.82304
1.82897
1.83411
1.83829
1.84137
1.84322
1.84383
1.8432
1.84142
1.83863
1.83502
1.8308
1.82619
1.82142
1.81666
1.81205
1.80766
1.80347
1.79948
1.79561
1.79187
1.78829
1.78497
1.78209
1.77986
1.77852
1.77822
1.77901
1.78083
1.78344
1.78649
1.78949
1.79193
1.7933
1.79321
1.79142
1.7879
1.78283
1.77656
1.76954
1.76221
1.75494
1.74798
1.74148
1.73558
1.73039
1.72599
1.7224
1.71963
1.71776
1.71695
1.7175
1.71975
1.7239
1.72993
1.73751
1.74604
1.75483
1.76318
1.77053
1.77648
1.78078
1.78331
1.78403
1.78291
1.77997
1.77523
1.76878
1.76076
1.75146
1.74131
1.73084
1.72067
1.71137
1.7034
1.69705
1.69237
1.68927
1.68746
1.68662
1.68668
1.68787
1.69066
1.69533
1.70158
1.70859
1.71543
1.72146
1.72656
1.7309
1.7348
1.73846
1.74194
1.74515
1.74799
1.75036
1.75218
1.75347
1.75422
1.75448
1.75432
1.75378
1.75297
1.75198
1.75094
1.74996
1.74918
1.74868
1.74852
1.74871
1.74923
1.74999
1.75091
1.75189
1.75287
1.75383
1.75481
1.75593
1.75732
1.7591
1.7613
1.76387
1.76662
1.76934
1.77177
1.77374
1.77513
1.77588
1.77598
1.77545
1.77432
1.77262
1.77038
1.76773
1.7649
1.76226
1.7603
1.75946
1.75999
1.76184
1.76462
1.76781
1.77088
1.77349
1.77554
1.7771
1.77838
1.77957
1.78075
1.78186
1.78268
1.78289
1.78216
1.78027
1.77723
1.77337
1.76935
1.76603
1.76425
1.76456
1.767
1.7712
1.7765
1.78225
1.78791
1.79311
1.7976
1.80126
1.80398
1.80568
1.80629
1.80574
1.80397
1.80097
1.79673
1.79131
1.78484
1.77755
1.76977
1.76198
1.75474
1.74868
1.74434
1.74207
1.74196
1.74375
1.74693
1.75089
1.75501
1.75881
1.76197
1.76437
1.76603
1.76707
1.76767
1.768
1.76822
1.76843
1.76868
1.769
1.76941
1.76993
1.77057
1.77135
1.77231
1.77347
1.77484
1.77641
1.77816
1.78004
1.78199
1.78392
1.78572
1.78729
1.78848
1.78919
1.78929
1.78865
1.78718
1.78479
1.78144
1.77711
1.77189
1.76597
1.75963
1.75326
1.74727
1.74197
1.73753
1.73393
1.73109
1.72895
1.72764
1.72743
1.72865
1.73145
1.73572
1.74105
1.7469
1.75271
1.75806
1.76273
1.7666
1.76971
1.77213
1.77397
1.77534
1.77635
1.77708
1.77763
1.77805
1.7784
1.77872
1.77904
1.77939
1.77976
1.78014
1.78047
1.78065
1.78053
1.77989
1.7784
1.77564
1.7711
1.76435
1.75522
1.74427
1.73312
1.72436
1.72058
1.72283
1.72996
1.73945
1.7489
1.75688
1.76299
1.7674
1.77049
1.77266
1.7742
1.7753
1.7761
1.77666
1.77704
1.77728
1.7774
1.77741
1.77732
1.77711
1.77674
1.77618
1.77536
1.77423
1.7728
1.77109
1.76922
1.76738
1.76582
1.76484
1.76467
1.76549
1.76732
1.77004
1.77341
1.77713
1.78086
1.78434
1.78738
1.78985
1.79171
1.79299
1.79375
1.79407
1.79403
1.79371
1.79315
1.79242
1.79156
1.79062
1.78966
1.78877
1.78804
1.78756
1.78741
1.78762
1.78819
1.78904
1.79005
1.79108
1.79194
1.79251
1.79266
1.79233
1.79149
1.79015
1.78836
1.78619
1.78373
1.78106
1.77828
1.77548
1.77275
1.77015
1.76774
1.76554
1.76353
1.76166
1.75984
1.75794
1.75588
1.75368
1.75151
1.74977
1.74901
1.74982
1.75256
1.7572
1.76328
1.77005
1.77678
1.78289
1.78808
1.79227
1.79555
1.79809
1.80008
1.80168
1.80302
1.80415
1.80506
1.80572
1.80605
1.80594
1.80532
1.80409
1.80221
1.79962
1.79632
1.79233
1.78767
1.78242
1.77667
1.77054
1.76418
1.75778
1.75156
1.74579
1.74081
1.73701
1.73485
1.73466
1.73652
1.74009
1.74465
1.74927
1.75306
1.75544
1.75624
1.75575
1.75464
1.7538
1.75404
1.75587
1.75929
1.76386
1.76889
1.77369
1.77774
1.78075
1.78257
1.78323
1.78279
1.78139
1.77924
1.77659
1.77376
1.77109
1.76894
1.76754
1.76703
1.76737
1.76843
1.77002
1.77198
1.77418
1.77656
1.77907
1.78166
1.78424
1.78667
1.78879
1.79042
1.79138
1.79155
1.79082
1.78916
1.78657
1.78315
1.77906
1.77457
1.77001
1.76573
1.76209
1.75931
1.75752
1.75664
1.75651
1.75688
1.75751
1.75824
1.75895
1.75961
1.76026
1.76093
1.76167
1.76251
1.76342
1.76432
1.7651
1.76562
1.76571
1.76528
1.76424
1.76265
1.76062
1.75838
1.75621
1.75437
1.75304
1.75228
1.75201
1.75212
1.75247
1.75301
1.75374
1.7546
1.75533
1.75542
1.7541
1.75066
1.74485
1.73752
1.73078
1.72755
1.72994
1.73784
1.74902
1.76051
1.77007
1.77658
1.7798
1.77991
1.77731
1.77247
1.76602
1.75866
1.75115
1.74412
1.73802
1.73313
1.72975
1.72822
1.72882
1.73145
1.73553
1.74019
1.74455
1.74801
1.75031
1.7515
1.75176
1.75132
1.75039
1.74912
1.74762
1.74596
1.74422
1.74251
1.74101
1.73992
1.73945
1.7398
1.74107
1.74323
1.74617
1.74967
1.75345
1.75719
1.76055
1.76316
1.76461
1.76447
1.76231
1.75784
1.75109
1.7427
1.73408
1.72722
1.72385
1.72458
1.72856
1.73417
1.73993
1.74507
1.74946
1.7533
1.75688
1.76035
1.76375
1.76703
1.77007
1.77272
1.77481
1.77614
1.77646
1.7755
1.77297
1.76858
1.7621
1.75348
1.74299
1.73138
1.71995
1.71033
1.70409
1.70201
1.70388
1.70855
1.7145
1.72039
1.72542
1.72944
1.73281
1.73621
1.74022
1.74514
1.75086
1.75696
1.76292
1.76829
1.77276
1.77618
1.77853
1.77985
1.78024
1.77981
1.7787
1.77704
1.77503
1.77287
1.77079
1.76903
1.76781
1.76726
1.76745
1.76831
1.7697
1.77137
1.7731
1.77471
1.77607
1.77715
1.77792
1.77836
1.77839
1.77791
1.7768
1.77498
1.7725
1.76951
1.76628
1.76315
1.76039
1.75814
1.75631
1.75467
1.75285
1.75053
1.7475
1.74386
1.73999
1.73662
1.73465
1.73487
1.73761
1.74253
1.74867
1.75484
1.75999
1.7635
1.76522
1.76547
1.76486
1.76407
1.76355
1.76337
1.76325
1.76271
1.76139
1.75922
1.75653
1.75396
1.75225
1.75195
1.7532
1.75574
1.75902
1.76248
1.76563
1.76823
1.77017
1.77148
1.77225
1.77257
1.77252
1.77213
1.77142
1.77034
1.76885
1.76686
1.76429
1.76108
1.75717
1.75254
1.74715
1.74094
1.73383
1.72569
1.71645
1.70629
1.69583
1.68619
1.67884
1.67528
1.6766
1.6831
1.694
1.70755
1.72162
1.73443
1.74497
1.75302
1.75887
1.76304
1.76604
1.76825
1.76988
1.77098
1.77152
1.77142
1.77061
1.76909
1.76687
1.76404
1.76069
1.75694
1.75292
1.7487
1.74432
1.73976
1.73494
1.7298
1.72427
1.71842
1.71242
1.70658
1.70134
1.6971
1.69421
1.69293
1.69346
1.69605
1.70087
1.70782
1.7164
1.72573
1.73483
1.74288
1.74942
1.75431
1.75768
1.75982
1.76105
1.76171
1.76205
1.76223
1.76235
1.76239
1.7623
1.762
1.76141
1.76044
1.75898
1.75685
1.75383
1.7496
1.7439
1.73661
1.72796
1.71874
1.7103
1.70427
1.70198
1.70375
1.70868
1.71512
1.72138
1.72635
1.72969
1.7317
1.73299
1.73425
1.736
1.73852
1.74178
1.7456
1.7497
1.75383
1.75775
1.76133
1.7644
1.76683
1.76843
1.76901
1.76832
1.76617
1.76247
1.75733
1.75124
1.74514
1.74025
1.73778
1.73834
1.74167
1.74676
1.75235
1.75739
1.76124
1.76366
1.76472
1.76458
1.76347
1.76161
1.75918
1.75638
1.75343
1.75052
1.74789
1.74573
1.74416
1.74326
1.74301
1.74333
1.74412
1.74524
1.74654
1.74793
1.7493
1.75062
1.75184
1.75296
1.75397
1.75489
1.75569
1.75638
1.75693
1.75732
1.75752
1.75752
1.7573
1.7569
1.75634
1.75566
1.75494
1.75422
1.75357
1.75303
1.75259
1.75225
1.75198
1.75172
1.75141
1.75101
1.75047
1.74979
1.74897
1.74803
1.74703
1.74604
1.7451
1.74429
1.74365
1.74321
1.74295
1.74285
1.74282
1.74276
1.74255
1.74202
1.74103
1.73943
1.73709
1.73397
1.73014
1.72582
1.72146
1.71764
1.715
1.71399
1.71471
1.71685
1.71983
1.72294
1.72562
1.72748
1.72837
1.72833
1.72754
1.72627
1.72479
1.7234
1.72231
1.72162
1.72138
1.72153
1.72195
1.72254
1.72318
1.72382
1.72442
1.725
1.72562
1.72632
1.72719
1.72828
1.72961
1.73115
1.73285
1.73461
1.73632
1.73786
1.73914
1.74011
1.74075
1.74107
1.74113
1.74098
1.7407
1.74036
1.74001
1.73968
1.7394
1.73917
1.73898
1.73883
1.73868
1.73851
1.73826
1.73791
1.73742
1.73675
1.73587
1.73477
1.73345
1.73192
1.73019
1.72831
1.72632
1.72425
1.72216
1.72006
1.71797
1.71585
1.71361
1.71114
1.70826
1.70479
1.70062
1.69577
1.69048
1.68526
1.68079
1.67772
1.67639
1.67674
1.67842
1.68104
1.68437
1.68837
1.69306
1.69846
1.70442
1.71071
1.71697
1.72283
1.72793
1.73199
1.7348
1.73623
1.73624
1.73487
1.73217
1.72831
1.72351
1.7181
1.71249
1.70719
1.70268
1.69933
1.69734
1.69667
1.69702
1.69796
1.69902
1.69982
1.70014
1.70004
1.69981
1.69986
1.70058
1.70216
1.7045
1.70724
1.70994
1.71217
1.71363
1.71418
1.71381
1.71262
1.71077
1.70845
1.70588
1.70327
1.70081
1.69863
1.69682
1.69538
1.69426
1.69339
1.69265
1.69197
1.69126
1.6905
1.68967
1.6888
1.68792
1.68709
1.68636
1.68578
1.68541
1.68528
1.68543
1.68585
1.68655
1.6875
1.68865
1.68995
1.69133
1.69272
1.69404
1.6952
1.69613
1.69674
1.69698
1.69679
1.69615
1.69504
1.69355
1.69176
1.68983
1.68795
1.6863
1.685
1.68413
1.68364
1.68344
1.68338
1.68335
1.68325
1.68308
1.68284
1.68259
1.68235
1.68216
1.68199
1.68183
1.68165
1.68142
1.68114
1.68081
1.68044
1.68006
1.67972
1.67945
1.67932
1.67941
1.67979
1.68052
1.68164
1.68318
1.68508
1.68728
1.68968
1.6922
1.69471
1.69712
1.69933
1.70125
1.70272
1.70357
1.70351
1.70219
1.69911
1.69376
1.68574
1.67514
1.66307
1.65187
1.64451
1.64306
1.64723
1.6546
1.6623
1.66849
1.67266
1.67528
1.67713
1.67894
1.68111
1.68374
1.68665
1.68949
1.69186
1.69342
1.69388
1.69311
1.6911
1.68803
1.68423
1.68015
1.67636
1.67342
1.67178
1.67169
1.67313
1.67582
1.67929
1.68302
1.68655
1.6895
1.69167
1.69297
1.69347
1.69329
1.69264
1.69173
1.6908
1.69003
1.68958
1.6895
1.68978
1.69035
1.69106
1.69174
1.69224
1.69243
1.69223
1.69167
1.69084
1.68994
1.68923
1.68898
1.68948
1.69092
1.69341
1.69689
1.7012
1.70608
1.71123
1.71634
1.72116
1.72548
1.72918
1.7322
1.73452
1.73617
1.73719
1.73762
1.73753
1.73696
1.73593
1.73448
1.7326
1.73029
1.72755
1.72436
1.72071
1.71666
1.7123
1.70777
1.70335
1.69931
1.69599
1.69365
1.69247
1.69247
1.69358
1.69567
1.69858
1.70216
1.70626
1.71074
1.71545
1.72021
1.72485
1.72921
1.73315
1.73658
1.73943
1.74165
1.74324
1.74418
1.74447
1.74412
1.74316
1.74159
1.73947
1.73686
1.73385
1.73055
1.72709
1.72358
1.72012
1.71676
1.71349
1.7103
1.70718
1.70412
1.70121
1.69856
1.69634
1.69469
1.69377
1.69363
1.69427
1.69563
1.69756
1.69991
1.70253
1.70527
1.708
1.71065
1.71314
1.71544
1.71754
1.71942
1.72112
1.72263
1.72397
1.72518
1.72626
1.72722
1.72806
1.72877
1.72931
1.72963
1.72968
1.7294
1.72876
1.72776
1.72641
1.72481
1.72306
1.72134
1.71981
1.71866
1.71802
1.71797
1.71851
1.71956
1.72093
1.72236
1.72353
1.72413
1.72388
1.72265
1.7205
1.71776
1.71501
1.71296
1.71227
1.71334
1.71613
1.72027
1.72518
1.73023
1.73492
1.73891
1.74201
1.74417
1.74547
1.74606
1.74616
1.74603
1.74591
1.74598
1.74639
1.74717
1.74824
1.74942
1.75047
1.75107
1.75087
1.74956
1.7469
1.74277
1.73736
1.7312
1.72525
1.72083
1.71927
1.72142
1.72726
1.73593
1.74604
1.75625
1.76552
1.77327
1.77924
1.78345
1.78602
1.78718
1.78724
1.78654
1.78551
1.78457
1.7841
1.78435
1.78539
1.78701
1.78883
1.79028
1.79073
1.78958
1.78636
1.78092
1.77362
1.76548
1.75806
1.75293
1.75093
1.7519
1.75497
1.75927
1.76429
1.76991
1.7761
1.78269
1.78932
1.79553
1.8009
1.8051
1.80795
1.8094
1.80946
1.80819
1.80566
1.80196
1.79713
1.79122
1.7843
1.77652
1.76822
1.76013
1.75337
1.74933
1.74919
1.75331
1.76099
1.77079
1.78113
1.79079
1.79912
1.80591
1.81125
1.81542
1.81876
1.82164
1.8244
1.82729
1.83038
1.83343
1.83592
1.8371
1.83623
1.83274
1.82656
1.81819
1.80884
1.80024
1.79422
1.79205
1.79376
1.79809
1.80308
1.80699
1.80888
1.80878
1.80738
1.80568
1.80464
1.80487
1.80657
1.80951
1.81326
1.8173
1.82121
1.82469
1.8276
1.82987
1.83152
1.83262
1.83326
1.83351
1.83342
1.83301
1.83229
1.83128
1.83
1.82851
1.82694
1.82543
1.82411
1.82308
1.82235
1.82182
1.82125
1.82033
1.8187
1.81607
1.81226
1.80737
1.80172
1.79587
1.79047
1.78603
1.78284
1.78081
1.77964
1.7789
1.77814
1.77704
1.77547
1.77369
1.77236
1.7725
1.77505
1.78037
1.78797
1.79677
1.80546
1.81292
1.81832
1.82113
1.82108
1.81812
1.81245
1.80452
1.79506
1.78496
1.77522
1.76671
1.76008
1.75568
1.7536
1.75372
1.7557
1.75908
1.76331
1.76787
1.77231
1.7763
1.77964
1.78219
1.78389
1.78468
1.78454
1.78348
1.78157
1.77891
1.77571
1.77222
1.76875
1.76559
1.76297
1.76099
1.75961
1.75865
1.75781
1.75678
1.75526
1.75307
1.75016
1.74661
1.74264
1.73856
1.73468
1.73128
1.72858
1.72669
1.72566
1.72545
1.726
1.72726
1.72912
1.73151
1.7343
1.73737
1.74058
1.74377
1.7468
1.74957
1.75198
1.75397
1.75553
1.75667
1.75741
1.75783
1.758
1.75803
1.75803
1.7581
1.75835
1.75883
1.75955
1.76049
1.76156
1.76263
1.76356
1.76417
1.76432
1.76387
1.7627
1.76076
1.75803
1.75457
1.75048
1.74595
1.7412
1.73652
1.73219
1.72856
1.72596
1.72469
1.72495
1.72674
1.72983
1.73385
1.73833
1.74283
1.74702
1.75072
1.75384
1.75639
1.75834
1.75959
1.75993
1.75899
1.75631
1.75142
1.74405
1.73447
1.72386
1.71448
1.70909
1.70963
1.71605
1.72641
1.73813
1.74919
1.75855
1.76598
1.77162
1.77576
1.77866
1.78054
1.78153
1.78171
1.78113
1.77983
1.77788
1.77531
1.7722
1.76859
1.76454
1.76007
1.7552
1.74991
1.74421
1.73812
1.73175
1.72528
1.71905
1.71353
1.70927
1.70684
1.7067
1.70901
1.7136
1.71994
1.72729
1.73486
1.74199
1.74824
1.75338
1.75735
1.76019
1.76203
1.763
1.76324
1.76286
1.76196
1.76061
1.75887
1.75678
1.75437
1.75166
1.74869
1.7455
1.74214
1.73869
1.73525
1.73194
1.72887
1.72614
1.72383
1.72196
1.72052
1.71945
1.71866
1.7181
1.71771
1.71748
1.71746
1.71772
1.71834
1.71936
1.72079
1.72255
1.7245
1.72646
1.72824
1.72966
1.73059
1.73093
1.73063
1.72971
1.72827
1.72643
1.72442
1.72249
1.72092
1.71994
1.7197
1.7202
1.72129
1.72271
1.72412
1.72523
1.72584
1.72585
1.7253
1.72433
1.7231
1.72178
1.72048
1.71927
1.71814
1.71712
1.71622
1.71551
1.71511
1.71517
1.71586
1.71731
1.71954
1.72248
1.7259
1.72949
1.73294
1.73597
1.73837
1.74005
1.74096
1.74116
1.74072
1.73974
1.73833
1.73659
1.73463
1.73253
1.73036
1.7282
1.72608
1.72404
1.72211
1.72029
1.71861
1.71707
1.71566
1.7144
1.71326
1.71225
1.71133
1.7105
1.70971
1.70894
1.70813
1.70724
1.70619
1.70491
1.70336
1.70152
1.69944
1.69729
1.69528
1.69368
1.69268
1.69228
1.69225
1.69217
1.69158
1.69023
1.68822
1.68612
1.68486
1.68533
1.68799
1.69262
1.69847
1.70457
1.71012
1.71467
1.71807
1.72042
1.72196
1.72296
1.7237
1.7244
1.7252
1.72618
1.72731
1.72854
1.72977
1.73088
1.7318
1.73242
1.7327
1.73261
1.73213
1.73131
1.73023
1.72904
1.72792
1.72711
1.72689
1.72747
1.72905
1.73169
1.73533
1.73979
1.74481
1.75006
1.75521
1.75994
1.76397
1.76705
1.76896
1.76953
1.7686
1.76613
1.76223
1.7572
1.75162
1.74627
1.742
1.73955
1.73932
1.7413
1.7451
1.7501
1.75564
1.76109
1.76596
1.76987
1.77256
1.77387
1.77368
1.77196
1.76872
1.76414
1.75853
1.75241
1.74649
1.74147
1.73796
1.73632
1.73668
1.73891
1.74272
1.74758
1.75284
1.7578
1.76189
1.76474
1.76623
1.7665
1.7658
1.76449
1.76295
1.7615
1.76038
1.75975
1.75967
1.76012
1.76107
1.76247
1.76428
1.76645
1.7689
1.77151
1.77414
1.77662
1.77878
1.78046
1.78153
1.78189
1.7815
1.78036
1.77848
1.77594
1.77283
1.76929
1.76548
1.76156
1.7577
1.75407
1.75079
1.74795
1.74557
1.74363
1.74208
1.74085
1.73985
1.73903
1.73832
1.73769
1.73713
1.73659
1.73605
1.73547
1.73482
1.73404
1.73311
1.73205
1.73091
1.72976
1.72868
1.72777
1.72706
1.72654
1.72617
1.72585
1.72551
1.72509
1.72457
1.72397
1.72334
1.72276
1.72231
1.72208
1.72216
1.7226
1.72348
1.72482
1.72662
1.72885
1.73144
1.73428
1.73727
1.74031
1.7433
1.74616
1.74885
1.75135
1.75365
1.75574
1.75763
1.75931
1.76079
1.76205
1.76306
1.76376
1.76411
1.76401
1.76338
1.76211
1.7601
1.75727
1.75359
1.74907
1.74377
1.73784
1.73142
1.72473
1.71801
1.71169
1.70639
1.70292
1.70201
1.70395
1.70835
1.71433
1.72082
1.72701
1.73243
1.737
1.74085
1.74417
1.74714
1.74984
1.75227
1.75436
1.75603
1.75727
1.75813
1.7588
1.75953
1.76059
1.76211
1.76404
1.76613
1.76804
1.76943
1.77006
1.76984
1.76881
1.76712
1.76497
1.76261
1.76028
1.75824
1.75669
1.7558
1.75566
1.75626
1.75755
1.75938
1.7616
1.76412
1.76688
1.7699
1.77319
1.77671
1.78031
1.78381
1.78696
1.78954
1.79135
1.79224
1.79206
1.79072
1.7881
1.78414
1.77887
1.77246
1.76527
1.75787
1.751
1.74541
1.74169
1.74009
1.74048
1.74247
1.74548
1.74894
1.75237
1.75538
1.75768
1.75911
1.75957
1.75905
1.75758
1.75523
1.75212
1.74837
1.74414
1.73965
1.7352
1.73117
1.72796
1.72594
1.72533
1.72612
1.72812
1.73096
1.73425
1.73761
1.74076
1.74348
1.74567
1.74728
1.74829
1.74875
1.74872
1.74831
1.74764
1.74688
1.74617
1.74566
1.74544
1.74557
1.74602
1.74669
1.74746
1.74818
1.74873
1.74899
1.74889
1.74838
1.74748
1.7462
1.74461
1.7428
1.74088
1.73898
1.73726
1.73587
1.73496
1.73464
1.73498
1.73601
1.73767
1.73989
1.74253
1.74547
1.74854
1.75162
1.75459
1.75734
1.75981
1.76194
1.76369
1.76508
1.7661
1.76677
1.76714
1.76723
1.7671
1.76678
1.76633
1.76579
1.76526
1.7648
1.76452
1.7645
1.76481
1.76549
1.76656
1.76795
1.76961
1.77142
1.77328
1.77507
1.77669
1.77806
1.77912
1.77983
1.78016
1.78011
1.77969
1.77892
1.77781
1.77641
1.77474
1.77283
1.7707
1.76836
1.76582
1.76308
1.76013
1.75698
1.75364
1.75014
1.74654
1.7429
1.73934
1.736
1.73305
1.73069
1.7291
1.72843
1.7288
1.73024
1.73266
1.73591
1.73971
1.74375
1.74764
1.75104
1.75359
1.75503
1.75513
1.75377
1.75094
1.74668
1.74107
1.73411
1.72576
1.71593
1.70492
1.6938
1.68471
1.68023
1.68193
1.68922
1.69961
1.71022
1.71905
1.72528
1.72891
1.73038
1.73018
1.72879
1.72651
1.72355
1.72
1.71587
1.71115
1.70585
1.70015
1.69442
1.68926
1.6854
1.68341
1.68349
1.68526
1.68795
1.6906
1.69234
1.69256
1.69095
1.68749
1.68239
1.67614
1.66945
1.66318
1.65818
1.65512
1.65427
1.65546
1.65819
1.66174
1.66544
1.66876
1.67137
1.67313
1.67406
1.67426
1.67388
1.67308
1.67201
1.6708
1.66954
1.6683
1.66713
1.66605
1.66507
1.66419
1.6634
1.66271
1.6621
1.66159
1.66118
1.66089
1.66074
1.66073
1.66089
1.66121
1.66171
1.66237
1.66319
1.66414
1.6652
1.66635
1.66755
1.66876
1.66996
1.6711
1.67213
1.673
1.67366
1.67404
1.67407
1.67369
1.67284
1.67147
1.66957
1.6672
1.66448
1.6616
1.6588
1.65633
1.65434
1.65282
1.65152
1.65003
1.64794
1.64503
1.64157
1.6385
1.6372
1.63901
1.64443
1.65286
1.66291
1.67308
1.68227
1.68998
1.69612
1.70086
1.70443
1.70708
1.70902
1.71042
1.71139
1.71203
1.71239
1.71252
1.71246
1.71223
1.71188
1.71146
1.71103
1.71065
1.71036
1.7102
1.71012
1.71006
1.70994
1.70966
1.70916
1.70843
1.7075
1.70646
1.70542
1.70452
1.70389
1.70367
1.70397
1.70487
1.70641
1.70855
1.71123
1.71431
1.71763
1.72098
1.72418
1.72702
1.7293
1.73086
1.73153
1.7312
1.72982
1.72745
1.72429
1.72065
1.71694
1.71364
1.71116
1.70978
1.70967
1.71082
1.71313
1.71639
1.72031
1.72454
1.72872
1.73252
1.73566
1.73798
1.73937
1.73983
1.73939
1.73812
1.73611
1.73347
1.73034
1.72691
1.72342
1.72016
1.71745
1.71554
1.71461
1.71468
1.71557
1.71697
1.71846
1.71962
1.72012
1.71984
1.71884
1.7174
1.71591
1.71478
1.7143
1.71451
1.71528
1.71629
1.7172
1.71771
1.71763
1.71692
1.71561
1.71385
1.71182
1.7097
1.70767
1.70582
1.70417
1.70269
1.70128
1.69986
1.69838
1.69686
1.6954
1.69415
1.69325
1.69278
1.69272
1.69297
1.69338
1.69376
1.69399
1.69397
1.6937
1.69326
1.69273
1.69226
1.69193
1.69184
1.69203
1.69247
1.69313
1.69389
1.69467
1.69534
1.6958
1.69594
1.69568
1.69496
1.69371
1.69192
1.6896
1.68681
1.68367
1.68036
1.67711
1.67416
1.67173
1.66995
1.66884
1.66831
1.66821
1.66831
1.66843
1.66839
1.66807
1.66739
1.66634
1.66492
1.66319
1.66123
1.65914
1.65703
1.65499
1.65308
1.65133
1.64974
1.64828
1.64696
1.6458
1.64486
1.64419
1.64385
1.64388
1.64426
1.64494
1.64581
1.64676
1.64765
1.64836
1.64879
1.64889
1.64863
1.64806
1.64724
1.64628
1.64532
1.64449
1.64393
1.64373
1.64395
1.64459
1.64561
1.64692
1.64843
1.65002
1.65161
1.65311
1.65446
1.65563
1.65661
1.65739
1.65798
1.6584
1.65866
1.65879
1.65881
1.65872
1.65854
1.65828
1.65793
1.65751
1.657
1.65638
1.65566
1.65481
1.65383
1.65271
1.65144
1.65004
1.64851
1.64688
1.64518
1.64342
1.64162
1.63979
1.63794
1.63603
1.63406
1.63199
1.62981
1.62752
1.62514
1.62275
1.62047
1.61842
1.61671
1.61537
1.61434
1.61344
1.61248
1.6113
1.60994
1.60862
1.60771
1.60761
1.60862
1.61081
1.61401
1.6179
1.62209
1.62627
1.63021
1.63378
1.63693
1.63966
1.642
1.64398
1.64564
1.64701
1.64813
1.649
1.64965
1.65007
1.65025
1.65016
1.64973
1.64888
1.64747
1.64533
1.64223
1.63793
1.63217
1.62484
1.61609
1.6065
1.5972
1.58967
1.58519
1.58424
1.58622
1.58985
1.59374
1.59692
1.59896
1.59986
1.59988
1.59937
1.59869
1.59816
1.59801
1.59835
1.59922
1.60054
1.60219
1.60403
1.60592
1.60776
1.60949
1.61107
1.61252
1.61384
1.61506
1.61621
1.61733
1.61845
1.61959
1.62078
1.62202
1.62333
1.62472
1.62616
1.62764
1.62911
1.63046
1.63156
1.63219
1.63202
1.63061
1.62737
1.62169
1.61314
1.60202
1.58995
1.58016
1.5763
1.58024
1.59052
1.60344
1.61537
1.62416
1.62909
1.63036
1.62847
1.62409
1.6179
1.61069
1.60334
1.59673
1.59166
1.58872
1.58818
1.59003
1.59394
1.5994
1.60573
1.61231
1.61858
1.62419
1.62892
1.63273
1.63563
1.63774
1.6392
1.64017
1.64083
1.64132
1.64171
1.64199
1.642
1.64148
1.64007
1.63741
1.63332
1.62802
1.62229
1.61748
1.61512
1.61623
1.62075
1.62759
1.63525
1.64248
1.64858
1.65335
1.65694
1.65962
1.66165
1.66324
1.66453
1.66558
1.66641
1.66699
1.6673
1.66726
1.66683
1.66596
1.66457
1.66263
1.66009
1.65694
1.65318
1.64889
1.64421
1.63936
1.63465
1.63043
1.62704
1.62475
1.62364
1.62364
1.62446
1.62573
1.62707
1.62817
1.62886
1.62911
1.62905
1.62895
1.62912
1.62991
1.63157
1.63423
1.63784
1.6422
1.64702
1.65195
1.65671
1.66106
1.66487
1.66804
1.67053
1.67236
1.67351
1.674
1.6738
1.67289
1.6712
1.66866
1.66519
1.66075
1.65537
1.64921
1.64267
1.63636
1.63105
1.62745
1.62598
1.62659
1.62883
1.63199
1.63541
1.63858
1.6412
1.64316
1.64443
1.64503
1.64501
1.64445
1.64342
1.64203
1.64042
1.63872
1.63712
1.63575
1.63475
1.6342
1.63413
1.63452
1.63526
1.63625
1.63735
1.63841
1.63931
1.63998
1.64038
1.64051
1.64043
1.64022
1.63998
1.63975
1.63957
1.6394
1.63918
1.63878
1.6381
1.63707
1.63568
1.63398
1.63212
1.63033
1.62883
1.62784
1.62745
1.62766
1.62837
1.62939
1.63054
1.63168
1.63271
1.63358
1.6343
1.63486
1.63527
1.63554
1.63564
1.63557
1.6353
1.63481
1.6341
1.63317
1.63204
1.63076
1.62939
1.62801
1.6267
1.62556
1.62465
1.62406
1.6238
1.62388
1.62426
1.62483
1.62548
1.62603
1.62631
1.62607
1.62509
1.62311
1.61987
1.61514
1.60877
1.60082
1.59163
1.58211
1.57377
1.56852
1.56793
1.57234
1.5805
1.59023
1.59938
1.60653
1.61115
1.61336
1.61365
1.6127
1.6112
1.60975
1.60874
1.60832
1.60841
1.60879
1.60916
1.6093
1.60909
1.60852
1.60769
1.6068
1.60607
1.60571
1.6059
1.6067
1.60811
1.61004
1.6123
1.6147
1.61701
1.61905
1.62064
1.62165
1.62199
1.62162
1.6205
1.61868
1.61619
1.61314
1.60964
1.60583
1.60186
1.59789
1.59409
1.59065
1.5878
1.58578
1.58484
1.5852
1.58699
1.59024
1.59484
1.60053
1.60693
1.6136
1.62008
1.62596
1.63092
1.63476
1.63739
1.63886
1.63933
1.63903
1.63828
1.63741
1.63673
1.6365
1.63681
1.63761
1.63862
1.63947
1.63971
1.63903
1.6373
1.63472
1.63175
1.62908
1.62745
1.62752
1.62971
1.63408
1.64034
1.64785
1.6558
1.66343
1.67013
1.67555
1.67959
1.68227
1.68376
1.68424
1.68391
1.68295
1.6815
1.67969
1.67757
1.67521
1.67265
1.67
1.66743
1.6652
1.66366
1.66321
1.66414
1.66655
1.67026
1.67485
1.67973
1.68437
1.68841
1.6917
1.69433
1.69653
1.69859
1.70066
1.7027
1.70444
1.70542
1.70517
1.70322
1.69925
1.69313
1.68508
1.67572
1.66622
1.65812
1.65293
1.65153
1.65383
1.6589
1.66553
1.6727
1.67976
1.68643
1.69265
1.69848
1.70399
1.70924
1.71426
1.71901
1.72343
1.72743
1.73087
1.73362
1.73551
1.73639
1.73613
1.73462
1.73185
1.72788
1.72292
1.71734
1.71165
1.70647
1.70245
1.70016
1.69997
1.70199
1.70598
1.71149
1.71788
1.72453
1.73089
1.73654
1.7412
1.74471
1.74696
1.74788
1.74737
1.74535
1.74178
1.73667
1.73024
1.72294
1.71553
1.70899
1.7043
1.70219
1.7028
1.70572
1.71007
1.7149
1.71939
1.72304
1.72567
1.72733
1.72823
1.72858
1.72862
1.7285
1.72834
1.72821
1.7281
1.72801
1.7279
1.72772
1.7274
1.72689
1.72615
1.72517
1.72396
1.72258
1.72109
1.71957
1.71807
1.71663
1.71524
1.71383
1.71229
1.71045
1.70812
1.70511
1.70127
1.69655
1.69113
1.68543
1.68016
1.67621
1.67439
1.6751
1.67812
1.68273
1.68801
1.69314
1.69758
1.70108
1.70361
1.70527
1.70621
1.7066
1.70657
1.70624
1.70572
1.70505
1.7043
1.70349
1.70265
1.70179
1.70091
1.70001
1.69908
1.69812
1.69711
1.69603
1.69487
1.69362
1.69226
1.69079
1.68919
1.68747
1.68562
1.68366
1.6816
1.67948
1.67731
1.67515
1.67304
1.67101
1.66911
1.66734
1.66569
1.66411
1.66251
1.6608
1.65886
1.65663
1.65408
1.65132
1.64854
1.64605
1.6442
1.64334
1.6437
1.64537
1.64826
1.65214
1.6567
1.66162
1.66659
1.6714
1.67585
1.67984
1.68332
1.68626
1.68866
1.69057
1.69202
1.69307
1.69379
1.69425
1.69453
1.69469
1.6948
1.69491
1.69502
1.69513
1.69517
1.69505
1.69466
1.69389
1.69261
1.69073
1.68819
1.68498
1.68115
1.67678
1.672
1.66696
1.66179
1.65668
1.65191
1.64785
1.64501
1.64386
1.64462
1.64718
1.65105
1.65559
1.66018
1.66441
1.66805
1.67099
1.67322
1.67471
1.67542
1.67524
1.67407
1.67183
1.66846
1.66403
1.65877
1.65306
1.64741
1.64242
1.63858
1.63621
1.63532
1.63562
1.63656
1.63747
1.63778
1.63716
1.63572
1.63403
1.63302
1.6336
1.63632
1.6411
1.64724
1.65383
1.66
1.66519
1.6691
1.67166
1.67295
1.67307
1.67214
1.67028
1.66764
1.6644
1.66078
1.65707
1.65364
1.65084
1.64896
1.64817
1.64844
1.64962
1.65145
1.65367
1.65604
1.65844
1.6608
1.66309
1.66535
1.66756
1.66971
1.67177
1.67368
1.67538
1.67683
1.67806
1.67914
1.68021
1.68143
1.68296
1.6849
1.68723
1.68984
1.69246
1.69478
1.69642
1.69704
1.69633
1.69408
1.69024
1.68495
1.67867
1.67217
1.66646
1.66261
1.66139
1.66306
1.66723
1.67304
1.67941
1.68536
1.69022
1.69366
1.6957
1.69659
1.69675
1.69663
1.69657
1.69676
1.69715
1.69757
1.69779
1.69758
1.69677
1.69531
1.6933
1.69107
1.6892
1.68842
1.68935
1.69222
1.69676
1.70229
1.70803
1.7133
1.71766
1.72088
1.72287
1.72362
1.72318
1.72168
1.71933
1.71645
1.71338
1.71048
1.70799
1.70603
1.70458
1.70351
1.70267
1.70192
1.70116
1.70038
1.69963
1.69905
1.69877
1.69896
1.6997
1.70103
1.70288
1.7051
1.70751
1.70994
1.71226
1.71437
1.71627
1.71798
1.71953
1.72095
1.72223
1.72332
1.72416
1.72468
1.72481
1.72452
1.72385
1.72283
1.72157
1.72016
1.7187
1.71727
1.71593
1.71471
1.71363
1.71271
1.71196
1.71139
1.71099
1.71076
1.71065
1.71064
1.71068
1.71074
1.71079
1.71082
1.71078
1.71066
1.71042
1.71004
1.7095
1.70881
1.708
1.70711
1.70619
1.70525
1.70428
1.70319
1.70186
1.70015
1.69785
1.6948
1.69085
1.686
1.68047
1.67478
1.66975
1.66633
1.66522
1.66658
1.66993
1.67435
1.67887
1.68273
1.68549
1.68701
1.68727
1.68637
1.6844
1.68144
1.67763
1.67316
1.66834
1.66362
1.65953
1.65657
1.65501
1.65487
1.65584
1.6575
1.65941
1.66125
1.66283
1.66411
1.66512
1.66591
1.66652
1.66697
1.66726
1.66736
1.66722
1.66682
1.66615
1.6652
1.664
1.66258
1.66099
1.65927
1.65744
1.65554
1.6536
1.65166
1.64981
1.64816
1.64683
1.64594
1.64558
1.64577
1.64645
1.6475
1.64877
1.65011
1.65136
1.65243
1.65325
1.65378
1.65404
1.65404
1.6538
1.65338
1.65279
1.65209
1.6513
1.65046
1.64959
1.6487
1.64781
1.64693
1.64606
1.6452
1.64435
1.6435
1.64265
1.6418
1.64095
1.64009
1.63922
1.63834
1.63744
1.63652
1.63556
1.63455
1.63354
1.63256
1.63173
1.63117
1.63104
1.63149
1.63262
1.63443
1.6368
1.63953
1.64227
1.64464
1.64619
1.64648
1.64509
1.64169
1.63613
1.62859
1.61968
1.61048
1.60245
1.59704
1.59519
1.59691
1.60124
1.60663
1.61149
1.61467
1.61571
1.61487
1.61295
1.611
1.61
1.61049
1.61249
1.6156
1.61924
1.6229
1.62619
1.62894
1.63108
1.63265
1.6337
1.63433
1.63463
1.63472
1.63475
1.63486
1.63522
1.63597
1.63719
1.63888
1.64096
1.64327
1.64559
1.64772
1.64942
1.65053
1.65091
1.65048
1.64919
1.64705
1.64411
1.64045
1.63623
1.63165
1.62698
1.62249
1.61849
1.61523
1.61289
1.61159
1.61138
1.61221
1.61404
1.61676
1.6202
1.62417
1.62842
1.63269
1.63672
1.64034
1.64341
1.64589
1.64781
1.64923
1.65024
1.65095
1.65146
1.65183
1.65213
1.65237
1.65255
1.65262
1.65254
1.6522
1.65151
1.65034
1.64856
1.64605
1.64266
1.6383
1.63288
1.62642
1.61909
1.61131
1.6038
1.59753
1.59353
1.59256
1.59472
1.5995
1.60591
1.61288
1.61956
1.62543
1.63029
1.63413
1.63708
1.63931
1.64102
1.64237
1.64351
1.64457
1.64562
1.64671
1.64788
1.6491
1.65037
1.65163
1.65285
1.65398
1.65498
1.65584
1.65654
1.65711
1.65755
1.65792
1.65827
1.65865
1.65911
1.65969
1.6604
1.66121
1.66205
1.66277
1.66315
1.66286
1.66145
1.6584
1.65307
1.64495
1.63394
1.62086
1.60782
1.598
1.5942
1.59722
1.60537
1.61578
1.62596
1.63442
1.64058
1.64431
1.64571
1.64499
1.64246
1.63854
1.63383
1.62903
1.62492
1.6222
1.62137
1.62255
1.62552
1.62978
1.6347
1.63971
1.64439
1.64848
1.65189
1.65462
1.65676
1.6584
1.65965
1.66058
1.66124
1.6617
1.66197
1.66209
1.66208
1.66198
1.66182
1.66164
1.66148
1.66134
1.66123
1.66111
1.66092
1.66057
1.65996
1.65897
1.65751
1.65551
1.65297
1.64997
1.64667
1.64336
1.64038
1.63812
1.63695
1.63711
1.63866
1.64148
1.64526
1.64961
1.65407
1.65823
1.66175
1.66437
1.66589
1.66618
1.66517
1.66282
1.65918
1.65438
1.64864
1.64233
1.63597
1.63015
1.62551
1.62257
1.62164
1.6227
1.62552
1.62964
1.63457
1.63988
1.6453
1.65072
1.65621
1.6619
1.66789
1.67416
1.68051
