-6.6311
-6.65665
-6.67345
-6.6865
-6.68841
-6.67914
-6.66122
-6.63634
-6.60194
-6.56736
-6.53568
-6.50695
-6.48583
-6.47531
-6.47609
-6.48958
-6.50969
-6.53452
-6.56158
-6.5861
-6.60704
-6.6272
-6.63648
-6.64264
-6.64278
-6.63713
-6.62841
-6.61764
-6.60215
-6.58395
-6.56687
-6.54962
-6.53186
-6.52108
-6.51469
-6.51131
-6.51153
-6.51284
-6.51637
-6.51652
-6.50768
-6.49717
-6.48887
-6.47971
-6.47848
-6.48086
-6.48961
-6.50482
-6.5199
-6.54007
-6.56399
-6.58967
-6.61693
-6.64355
-6.66592
-6.67746
-6.67758
-6.66702
-6.64781
-6.6223
-6.59263
-6.56178
-6.53743
-6.52087
-6.51278
-6.51128
-6.51859
-6.53222
-6.54668
-6.56225
-6.58072
-6.5958
-6.60685
-6.61881
-6.62753
-6.63341
-6.62994
-6.61892
-6.59937
-6.57759
-6.55522
-6.53234
-6.51278
-6.49671
-6.48419
-6.47302
-6.47056
-6.47206
-6.47941
-6.49076
-6.50648
-6.52239
-6.53551
-6.54474
-6.55038
-6.5564
-6.56127
-6.56767
-6.57559
-6.58584
-6.59608
-6.6063
-6.61704
-6.62904
-6.6409
-6.65014
-6.65801
-6.66459
-6.66741
-6.66532
-6.65961
-6.64921
-6.63666
-6.62412
-6.61406
-6.59776
-6.58486
-6.57312
-6.56263
-6.55274
-6.54233
-6.53353
-6.52746
-6.52398
-6.52048
-6.51985
-6.51687
-6.51845
-6.52232
-6.52883
-6.53612
-6.54131
-6.54011
-6.53133
-6.51658
-6.49616
-6.47455
-6.45696
-6.44874
-6.45017
-6.46299
-6.48506
-6.51362
-6.54667
-6.58253
-6.61616
-6.64439
-6.66243
-6.66801
-6.66094
-6.63945
-6.61267
-6.58263
-6.55644
-6.53469
-6.52365
-6.52094
-6.52456
-6.5328
-6.54144
-6.54583
-6.54624
-6.54323
-6.53126
-6.52174
-6.51599
-6.51809
-6.52846
-6.54672
-6.56722
-6.58879
-6.60407
-6.61504
-6.62006
-6.62136
-6.61822
-6.6176
-6.61763
-6.62081
-6.62625
-6.63216
-6.64085
-6.65215
-6.66404
-6.67479
-6.67904
-6.67836
-6.67267
-6.65963
-6.63506
-6.60379
-6.56785
-6.53187
-6.50044
-6.48327
-6.47568
-6.47676
-6.48967
-6.5093
-6.53101
-6.55568
-6.5799
-6.5995
-6.61656
-6.62876
-6.63309
-6.63082
-6.62192
-6.60753
-6.59313
-6.57925
-6.56382
-6.5509
-6.53943
-6.52644
-6.51592
-6.50973
-6.50873
-6.51493
-6.53083
-6.55656
-6.58453
-6.61275
-6.63638
-6.6506
-6.65553
-6.6512
-6.63799
-6.61629
-6.58815
-6.55531
-6.51723
-6.47811
-6.44651
-6.42625
-6.41535
-6.41977
-6.43716
-6.46248
-6.50017
-6.53755
-6.57669
-6.60919
-6.63331
-6.65371
-6.66183
-6.66753
-6.66539
-6.66271
-6.65708
-6.65408
-6.65091
-6.64796
-6.64192
-6.63226
-6.62056
-6.60795
-6.59876
-6.59139
-6.5949
-6.60316
-6.6162
-6.63156
-6.64622
-6.65148
-6.64954
-6.63375
-6.60877
-6.5775
-6.54607
-6.52071
-6.50497
-6.4986
-6.49915
-6.50273
-6.5072
-6.50593
-6.50358
-6.50087
-6.49418
-6.48913
-6.48417
-6.48008
-6.47971
-6.48069
-6.49097
-6.50316
-6.51792
-6.53519
-6.55068
-6.56629
-6.58056
-6.59651
-6.60386
-6.60363
-6.59861
-6.59105
-6.58714
-6.58612
-6.59224
-6.59933
-6.60707
-6.6104
-6.60971
-6.60371
-6.59593
-6.59151
-6.5914
-6.60003
-6.61591
-6.63856
-6.66461
-6.69077
-6.70939
-6.72054
-6.71916
-6.70221
-6.66983
-6.63163
-6.59153
-6.55621
-6.52756
-6.5059
-6.49231
-6.48747
-6.49371
-6.50952
-6.53477
-6.56957
-6.60769
-6.63988
-6.66174
-6.67012
-6.66603
-6.64719
-6.62058
-6.58449
-6.54605
-6.50844
-6.47434
-6.44826
-6.42904
-6.41716
-6.41909
-6.43944
-6.46604
-6.49899
-6.53801
-6.57345
-6.60814
-6.63414
-6.65354
-6.66676
-6.67155
-6.66785
-6.66258
-6.64702
-6.62645
-6.59943
-6.56743
-6.53331
-6.50332
-6.47335
-6.45385
-6.44163
-6.43818
-6.43659
-6.43995
-6.44644
-6.45874
-6.47823
-6.50386
-6.53764
-6.57007
-6.6008
-6.6274
-6.64375
-6.65657
-6.65432
-6.6452
-6.6307
-6.61701
-6.60652
-6.59466
-6.58789
-6.58391
-6.57939
-6.57455
-6.56582
-6.55507
-6.54708
-6.54533
-6.55699
-6.57998
-6.61229
-6.64591
-6.68215
-6.70915
-6.73075
-6.73899
-6.72733
-6.70531
-6.67028
-6.63234
-6.59489
-6.5608
-6.52402
-6.48898
-6.45323
-6.41727
-6.38395
-6.35944
-6.34614
-6.34497
-6.35699
-6.3864
-6.42418
-6.47051
-6.51791
-6.56454
-6.60628
-6.63878
-6.66234
-6.67808
-6.68927
-6.69252
-6.69178
-6.68907
-6.68586
-6.68412
-6.67787
-6.6702
-6.6584
-6.63924
-6.61714
-6.59345
-6.57202
-6.55501
-6.5416
-6.53241
-6.52666
-6.52658
-6.526
-6.52713
-6.52888
-6.53331
-6.54071
-6.55199
-6.56708
-6.58399
-6.60011
-6.61591
-6.62725
-6.63394
-6.63528
-6.6328
-6.62716
-6.62119
-6.613
-6.60583
-6.5988
-6.58763
-6.57741
-6.56845
-6.56048
-6.55477
-6.55455
-6.55534
-6.55818
-6.5622
-6.56634
-6.5625
-6.55023
-6.53403
-6.51176
-6.48778
-6.46523
-6.44876
-6.44044
-6.43617
-6.43528
-6.43678
-6.43628
-6.44092
-6.44935
-6.46217
-6.4837
-6.51019
-6.54443
-6.58262
-6.62624
-6.66391
-6.69278
-6.70941
-6.70875
-6.69372
-6.66679
-6.63171
-6.59345
-6.55835
-6.53348
-6.51992
-6.51828
-6.52583
-6.54071
-6.55783
-6.57528
-6.59208
-6.60623
-6.61917
-6.6286
-6.63319
-6.63168
-6.63246
-6.63334
-6.63443
-6.63208
-6.62818
-6.62569
-6.62368
-6.62225
-6.62179
-6.62386
-6.62388
-6.62558
-6.62387
-6.61957
-6.60949
-6.59584
-6.57976
-6.56242
-6.54655
-6.53098
-6.52226
-6.51746
-6.51676
-6.5168
-6.51703
-6.51641
-6.51598
-6.51319
-6.51293
-6.51265
-6.5128
-6.51778
-6.52112
-6.52775
-6.53289
-6.53848
-6.54512
-6.55336
-6.56135
-6.57115
-6.58075
-6.5918
-6.60329
-6.60748
-6.60944
-6.60316
-6.59179
-6.57539
-6.55974
-6.54483
-6.53203
-6.52075
-6.50844
-6.5007
-6.49957
-6.50434
-6.5153
-6.52961
-6.54554
-6.55433
-6.55823
-6.55628
-6.55487
-6.55648
-6.56656
-6.58404
-6.60191
-6.62192
-6.63154
-6.63185
-6.6239
-6.61289
-6.6021
-6.59226
-6.58752
-6.58658
-6.58327
-6.57649
-6.56562
-6.5528
-6.54091
-6.52915
-6.52256
-6.52085
-6.52579
-6.53471
-6.54665
-6.55816
-6.56965
-6.58128
-6.59227
-6.59969
-6.60894
-6.61517
-6.61724
-6.61137
-6.59619
-6.57746
-6.55309
-6.52422
-6.49931
-6.48271
-6.48766
-6.51621
-6.56238
-6.61708
-6.66501
-6.70139
-6.71785
-6.71731
-6.70538
-6.67943
-6.64905
-6.62162
-6.59832
-6.58238
-6.57317
-6.57313
-6.57893
-6.58708
-6.59706
-6.60299
-6.60168
-6.59079
-6.57239
-6.54808
-6.51987
-6.49133
-6.46765
-6.45362
-6.45093
-6.45403
-6.46373
-6.47901
-6.49247
-6.50391
-6.51131
-6.51431
-6.5145
-6.51157
-6.50392
-6.49873
-6.49599
-6.49924
-6.50976
-6.52439
-6.542
-6.557
-6.57202
-6.58893
-6.60328
-6.62407
-6.64581
-6.66178
-6.6789
-6.69162
-6.69643
-6.69579
-6.69044
-6.68313
-6.67283
-6.66872
-6.66377
-6.66401
-6.66512
-6.66272
-6.6554
-6.64226
-6.62285
-6.59599
-6.56896
-6.54456
-6.52505
-6.51741
-6.51913
-6.53347
-6.5554
-6.58274
-6.60664
-6.62852
-6.64101
-6.64179
-6.63428
-6.62028
-6.60348
-6.58231
-6.56014
-6.53987
-6.52231
-6.50708
-6.49703
-6.49235
-6.49358
-6.50237
-6.51505
-6.5313
-6.54595
-6.55717
-6.56305
-6.56919
-6.56925
-6.56639
-6.5641
-6.56095
-6.56128
-6.5676
-6.57787
-6.58756
-6.5955
-6.60101
-6.60235
-6.59894
-6.58756
-6.57309
-6.5589
-6.54646
-6.53442
-6.52079
-6.50584
-6.49684
-6.49679
-6.50443
-6.52413
-6.54892
-6.57972
-6.61157
-6.63302
-6.64331
-6.64546
-6.63618
-6.61845
-6.59684
-6.5796
-6.571
-6.57475
-6.58782
-6.60537
-6.62619
-6.64379
-6.6596
-6.6714
-6.6779
-6.67948
-6.674
-6.66357
-6.64954
-6.63366
-6.61523
-6.5948
-6.58058
-6.56318
-6.54158
-6.51684
-6.49358
-6.46793
-6.44407
-6.42663
-6.41871
-6.42404
-6.44194
-6.47099
-6.50651
-6.54503
-6.57785
-6.60351
-6.62026
-6.62953
-6.6275
-6.61834
-6.60243
-6.58605
-6.56676
-6.55008
-6.53895
-6.53135
-6.52869
-6.53029
-6.53473
-6.54391
-6.55467
-6.56519
-6.57862
-6.59242
-6.60321
-6.60727
-6.60857
-6.60164
-6.59109
-6.57624
-6.56019
-6.54016
-6.51895
-6.49388
-6.47072
-6.44511
-6.42357
-6.40896
-6.40627
-6.41714
-6.44233
-6.48325
-6.53802
-6.59432
-6.64896
-6.69419
-6.72574
-6.74136
-6.74192
-6.73074
-6.71009
-6.68924
-6.67314
-6.66607
-6.6709
-6.67998
-6.6936
-6.70847
-6.72084
-6.72678
-6.72711
-6.72155
-6.71227
-6.70191
-6.68772
-6.6706
-6.64998
-6.62413
-6.59478
-6.55758
-6.51779
-6.48015
-6.44505
-6.41598
-6.40018
-6.39589
-6.39995
-6.41059
-6.42245
-6.43019
-6.43044
-6.4233
-6.4105
-6.39871
-6.39637
-6.40243
-6.42193
-6.45279
-6.49122
-6.52995
-6.56811
-6.59956
-6.62072
-6.63707
-6.6418
-6.63794
-6.63313
-6.6259
-6.61914
-6.61203
-6.60438
-6.59808
-6.5946
-6.59578
-6.60022
-6.60644
-6.6132
-6.61966
-6.62151
-6.61965
-6.61456
-6.61109
-6.60227
-6.59181
-6.58255
-6.57196
-6.56424
-6.56
-6.56197
-6.57218
-6.59106
-6.61357
-6.64115
-6.67202
-6.69552
-6.7094
-6.7197
-6.72228
-6.71586
-6.70273
-6.68556
-6.66643
-6.6425
-6.61378
-6.58402
-6.55109
-6.52258
-6.49825
-6.48127
-6.47183
-6.46688
-6.46826
-6.47106
-6.479
-6.48888
-6.50348
-6.51881
-6.53356
-6.53984
-6.5392
-6.52616
-6.50067
-6.47147
-6.44208
-6.41654
-6.40289
-6.39764
-6.40505
-6.42532
-6.45005
-6.4821
-6.51468
-6.54205
-6.56598
-6.5884
-6.60654
-6.6237
-6.64481
-6.66713
-6.6856
-6.70026
-6.70789
-6.70814
-6.70566
-6.69747
-6.68313
-6.66521
-6.64397
-6.62013
-6.59824
-6.57614
-6.55388
-6.53607
-6.52851
-6.52671
-6.53613
-6.55621
-6.58557
-6.61509
-6.6384
-6.65903
-6.66814
-6.66479
-6.65084
-6.62801
-6.59673
-6.56259
-6.53257
-6.51092
-6.49626
-6.49228
-6.49874
-6.51634
-6.53731
-6.55806
-6.57378
-6.58595
-6.59162
-6.59124
-6.58817
-6.58016
-6.5668
-6.5525
-6.54034
-6.52699
-6.5196
-6.51993
-6.52658
-6.53634
-6.55413
-6.5777
-6.59969
-6.62585
-6.6501
-6.67188
-6.68742
-6.69989
-6.70132
-6.69335
-6.67323
-6.64783
-6.61291
-6.57211
-6.52897
-6.48917
-6.45592
-6.43138
-6.4202
-6.42179
-6.43805
-6.46419
-6.49403
-6.52125
-6.54985
-6.57002
-6.58667
-6.5983
-6.601
-6.60218
-6.60152
-6.5956
-6.59206
-6.58576
-6.57946
-6.5721
-6.56166
-6.55526
-6.55
-6.55154
-6.55465
-6.56081
-6.56941
-6.57858
-6.58529
-6.58991
-6.59065
-6.5899
-6.58817
-6.58404
-6.57371
-6.55903
-6.5424
-6.52141
-6.50103
-6.48027
-6.4631
-6.4523
-6.44832
-6.44868
-6.45674
-6.47049
-6.49488
-6.52669
-6.56419
-6.60385
-6.63718
-6.66456
-6.68177
-6.69059
-6.69223
-6.68672
-6.67709
-6.66349
-6.64907
-6.63224
-6.61176
-6.58916
-6.56613
-6.54148
-6.51831
-6.49649
-6.47634
-6.46228
-6.45586
-6.45367
-6.45955
-6.471
-6.48992
-6.5157
-6.54781
-6.5792
-6.61151
-6.64104
-6.669
-6.69359
-6.71226
-6.72799
-6.73488
-6.73385
-6.72226
-6.70529
-6.68493
-6.6618
-6.63161
-6.60572
-6.57387
-6.54632
-6.52558
-6.51094
-6.50516
-6.51111
-6.52717
-6.55091
-6.57895
-6.61198
-6.64314
-6.66859
-6.68656
-6.69231
-6.6875
-6.67396
-6.64846
-6.61559
-6.57539
-6.53653
-6.50319
-6.4788
-6.46524
-6.46755
-6.48035
-6.499
-6.52168
-6.5421
-6.56062
-6.57408
-6.58508
-6.58975
-6.58955
-6.58086
-6.56888
-6.55285
-6.53534
-6.5135
-6.49134
-6.47551
-6.47148
-6.47968
-6.49566
-6.51394
-6.52867
-6.53867
-6.54229
-6.54535
-6.55072
-6.56323
-6.58366
-6.60526
-6.62504
-6.63735
-6.63617
-6.62763
-6.61273
-6.59971
-6.59152
-6.59159
-6.59578
-6.60989
-6.62719
-6.64284
-6.66355
-6.67895
-6.69047
-6.69242
-6.68552
-6.66982
-6.64924
-6.62643
-6.60515
-6.59218
-6.5844
-6.58102
-6.5821
-6.58516
-6.58591
-6.58823
-6.58637
-6.57819
-6.56557
-6.55024
-6.5323
-6.51938
-6.50942
-6.50613
-6.51071
-6.51893
-6.53071
-6.54192
-6.55485
-6.57237
-6.59086
-6.60653
-6.62009
-6.62938
-6.63137
-6.62901
-6.61925
-6.60316
-6.58082
-6.56097
-6.54726
-6.5395
-6.5406
-6.54727
-6.55687
-6.56566
-6.57186
-6.57151
-6.56546
-6.55396
-6.54345
-6.53733
-6.53499
-6.53866
-6.55158
-6.56813
-6.58271
-6.59436
-6.59319
-6.58467
-6.57006
-6.55664
-6.54888
-6.55035
-6.55432
-6.56982
-6.58405
-6.59642
-6.60677
-6.61087
-6.60927
-6.60794
-6.60462
-6.60658
-6.60969
-6.61372
-6.61737
-6.62247
-6.61794
-6.61005
-6.5944
-6.56933
-6.54021
-6.50705
-6.47915
-6.46098
-6.45375
-6.45982
-6.47972
-6.50854
-6.54107
-6.57679
-6.61016
-6.6384
-6.65896
-6.67204
-6.67584
-6.67079
-6.65595
-6.63371
-6.60676
-6.5794
-6.55469
-6.53121
-6.51472
-6.50088
-6.49494
-6.48971
-6.48825
-6.48378
-6.4811
-6.4791
-6.47585
-6.47679
-6.48287
-6.4954
-6.51478
-6.53803
-6.56344
-6.58542
-6.60157
-6.60765
-6.60855
-6.59915
-6.58273
-6.56383
-6.54844
-6.53771
-6.53508
-6.53904
-6.54756
-6.56033
-6.57191
-6.58284
-6.59013
-6.59317
-6.59186
-6.59121
-6.59212
-6.60087
-6.61466
-6.62885
-6.64113
-6.64594
-6.64822
-6.64591
-6.63446
-6.62086
-6.61013
-6.60371
-6.60118
-6.60276
-6.60762
-6.61053
-6.61042
-6.6105
-6.60995
-6.60571
-6.59874
-6.59362
-6.59408
-6.59718
-6.60098
-6.6044
-6.60643
-6.59991
-6.58883
-6.57355
-6.55235
-6.5319
-6.50921
-6.49185
-6.48129
-6.47702
-6.47894
-6.48254
-6.48802
-6.49162
-6.49322
-6.49637
-6.50104
-6.50991
-6.52276
-6.53763
-6.55109
-6.56331
-6.5693
-6.56725
-6.55932
-6.54595
-6.5347
-6.52525
-6.52393
-6.52789
-6.53872
-6.55403
-6.57184
-6.59199
-6.6108
-6.62871
-6.64137
-6.64958
-6.65674
-6.66035
-6.66157
-6.66096
-6.65946
-6.65735
-6.65549
-6.65206
-6.64751
-6.63559
-6.61984
-6.59296
-6.56265
-6.52528
-6.4897
-6.46006
-6.44128
-6.43571
-6.44532
-6.46176
-6.48465
-6.50873
-6.52866
-6.54766
-6.55799
-6.56553
-6.56838
-6.56941
-6.56853
-6.56925
-6.57284
-6.58013
-6.59278
-6.61069
-6.62843
-6.64186
-6.65111
-6.65119
-6.64044
-6.62
-6.5964
-6.57465
-6.56058
-6.55489
-6.55864
-6.56786
-6.57944
-6.5862
-6.5858
-6.57953
-6.5666
-6.55083
-6.54256
-6.54008
-6.55178
-6.57434
-6.60551
-6.63648
-6.66888
-6.69154
-6.70448
-6.71095
-6.7103
-6.70586
-6.70173
-6.69795
-6.69373
-6.68291
-6.66634
-6.64682
-6.6237
-6.596
-6.57092
-6.5429
-6.51944
-6.49941
-6.48567
-6.47581
-6.46532
-6.4577
-6.45153
-6.44636
-6.44382
-6.44311
-6.44657
-6.45139
-6.45489
-6.45682
-6.45632
-6.45612
-6.46094
-6.472
-6.49558
-6.52665
-6.56375
-6.60636
-6.64461
-6.67322
-6.68985
-6.6937
-6.68323
-6.6635
-6.64403
-6.61879
-6.59857
-6.57975
-6.56571
-6.564
-6.56664
-6.58295
-6.60284
-6.62572
-6.64155
-6.65186
-6.65177
-6.64315
-6.62982
-6.61296
-6.59968
-6.58706
-6.58337
-6.58447
-6.58734
-6.59194
-6.5911
-6.58442
-6.57316
-6.55921
-6.54053
-6.52895
-6.52286
-6.52639
-6.53581
-6.55149
-6.57659
-6.59941
-6.62049
-6.63546
-6.64467
-6.64435
-6.63483
-6.6195
-6.59941
-6.57858
-6.56008
-6.54959
-6.54937
-6.55903
-6.57937
-6.59861
-6.61246
-6.62022
-6.61607
-6.59943
-6.57195
-6.53603
-6.50161
-6.47427
-6.45792
-6.45252
-6.46248
-6.47845
-6.49468
-6.51129
-6.52765
-6.54051
-6.55255
-6.56445
-6.57598
-6.58701
-6.60106
-6.61466
-6.62168
-6.62385
-6.62145
-6.61571
-6.60852
-6.60822
-6.60974
-6.61838
-6.62736
-6.6355
-6.63878
-6.63417
-6.62526
-6.61866
-6.61181
-6.61203
-6.61043
-6.61726
-6.62812
-6.64284
-6.65459
-6.66244
-6.66262
-6.65357
-6.63709
-6.6131
-6.5864
-6.56078
-6.53483
-6.50843
-6.48858
-6.46981
-6.45756
-6.45475
-6.46414
-6.48212
-6.50381
-6.52591
-6.5476
-6.56433
-6.57841
-6.58905
-6.59691
-6.60612
-6.61537
-6.62034
-6.63122
-6.63606
-6.63617
-6.62525
-6.6094
-6.589
-6.56697
-6.54595
-6.53089
-6.52438
-6.5242
-6.52823
-6.53324
-6.53679
-6.53546
-6.53076
-6.51992
-6.50818
-6.49564
-6.48297
-6.47862
-6.48151
-6.49129
-6.50445
-6.52408
-6.54155
-6.55843
-6.57381
-6.58549
-6.59645
-6.61122
-6.62238
-6.64041
-6.66423
-6.68804
-6.71206
-6.73058
-6.74208
-6.74067
-6.7282
-6.70894
-6.68154
-6.65153
-6.62555
-6.60504
-6.59269
-6.58785
-6.58544
-6.58214
-6.57495
-6.5636
-6.54463
-6.52659
-6.50805
-6.49568
-6.49092
-6.4929
-6.50363
-6.5213
-6.53839
-6.55425
-6.57058
-6.58178
-6.58675
-6.58829
-6.5843
-6.57717
-6.56821
-6.5589
-6.55427
-6.55102
-6.54491
-6.54183
-6.54288
-6.54832
-6.55769
-6.5694
-6.58236
-6.59028
-6.59519
-6.59232
-6.5795
-6.56185
-6.53815
-6.51203
-6.48782
-6.47042
-6.46339
-6.46586
-6.47804
-6.49555
-6.51887
-6.54407
-6.56791
-6.58668
-6.60011
-6.60436
-6.5996
-6.58594
-6.57169
-6.55383
-6.53318
-6.52137
-6.51969
-6.53027
-6.55099
-6.58034
-6.61165
-6.64263
-6.67094
-6.69188
-6.70666
-6.71234
-6.70723
-6.69355
-6.67143
-6.64562
-6.62012
-6.59723
-6.5758
-6.56103
-6.55041
-6.54362
-6.54145
-6.542
-6.54549
-6.54861
-6.55198
-6.55056
-6.54642
-6.53897
-6.53078
-6.5238
-6.52451
-6.52808
-6.53559
-6.54623
-6.55581
-6.56801
-6.57736
-6.58649
-6.59256
-6.59403
-6.59176
-6.58469
-6.57186
-6.55904
-6.54691
-6.54516
-6.54652
-6.5575
-6.56788
-6.57742
-6.57868
-6.56971
-6.55668
-6.53951
-6.52265
-6.51343
-6.5146
-6.52516
-6.54164
-6.55815
-6.57219
-6.58132
-6.58487
-6.58282
-6.58
-6.57458
-6.56915
-6.56186
-6.55776
-6.55525
-6.55146
-6.55051
-6.54951
-6.54495
-6.54019
-6.53378
-6.52781
-6.52418
-6.52548
-6.53372
-6.54715
-6.56656
-6.58415
-6.59886
-6.61331
-6.61751
-6.61963
-6.61504
-6.60773
-6.59956
-6.59297
-6.5854
-6.57991
-6.57423
-6.573
-6.57439
-6.57805
-6.58563
-6.59278
-6.6012
-6.6076
-6.61569
-6.62202
-6.62616
-6.62919
-6.62852
-6.62319
-6.61813
-6.61392
-6.61098
-6.60825
-6.60128
-6.59022
-6.57379
-6.55543
-6.54007
-6.52715
-6.52722
-6.53158
-6.54298
-6.55318
-6.5669
-6.57991
-6.59106
-6.60436
-6.61933
-6.63712
-6.6536
-6.66846
-6.67664
-6.67493
-6.66424
-6.64216
-6.61604
-6.57911
-6.54532
-6.51415
-6.48766
-6.46612
-6.45627
-6.4535
-6.45987
-6.47066
-6.48841
-6.50435
-6.5238
-6.53982
-6.55457
-6.56505
-6.57607
-6.58359
-6.59294
-6.59904
-6.60301
-6.60492
-6.60407
-6.59794
-6.58814
-6.57586
-6.56713
-6.55534
-6.54834
-6.53942
-6.52996
-6.52062
-6.5086
-6.49799
-6.49271
-6.49429
-6.50432
-6.52131
-6.55004
-6.58635
-6.62473
-6.66119
-6.6863
-6.70201
-6.70708
-6.7039
-6.69376
-6.67541
-6.65119
-6.62246
-6.59448
-6.56947
-6.54644
-6.52821
-6.52063
-6.51988
-6.52817
-6.54763
-6.56952
-6.59233
-6.60576
-6.61256
-6.61289
-6.60533
-6.59764
-6.5894
-6.58568
-6.58524
-6.58703
-6.58942
-6.59229
-6.59198
-6.59329
-6.58806
-6.5842
-6.57543
-6.564
-6.54777
-6.53664
-6.52374
-6.51911
-6.5186
-6.52082
-6.52646
-6.53222
-6.54086
-6.55802
-6.57978
-6.60512
-6.62577
-6.6421
-6.65048
-6.6503
-6.64489
-6.63295
-6.61936
-6.60507
-6.5934
-6.58817
-6.58829
-6.58997
-6.59627
-6.59654
-6.59194
-6.58245
-6.56609
-6.54766
-6.52948
-6.51655
-6.51191
-6.51317
-6.52234
-6.53951
-6.56006
-6.58359
-6.60302
-6.61942
-6.62933
-6.63499
-6.63256
-6.62148
-6.60066
-6.57411
-6.54148
-6.51188
-6.48846
-6.4737
-6.47421
-6.48633
-6.51019
-6.53882
-6.5678
-6.5911
-6.61033
-6.6202
-6.62459
-6.61933
-6.60927
-6.59278
-6.57289
-6.55284
-6.53994
-6.53368
-6.53712
-6.54343
-6.55599
-6.57408
-6.59739
-6.61758
-6.63455
-6.64626
-6.6532
-6.65377
-6.64923
-6.64217
-6.62973
-6.61345
-6.59538
-6.57714
-6.56158
-6.54751
-6.53899
-6.53526
-6.54475
-6.56478
-6.59114
-6.62097
-6.64799
-6.66136
-6.66285
-6.64826
-6.62293
-6.58777
-6.54608
-6.51057
-6.47597
-6.45209
-6.43704
-6.43413
-6.43864
-6.45911
-6.48882
-6.52269
-6.55672
-6.58784
-6.60842
-6.61769
-6.61286
-6.60264
-6.58979
-6.57909
-6.57213
-6.57027
-6.57739
-6.59038
-6.61131
-6.63023
-6.65003
-6.67143
-6.68453
-6.69028
-6.68466
-6.67088
-6.6446
-6.61395
-6.57988
-6.54693
-6.52652
-6.51657
-6.52048
-6.53663
-6.55766
-6.58506
-6.60958
-6.62592
-6.63165
-6.62878
-6.61953
-6.604
-6.5888
-6.57257
-6.55723
-6.54623
-6.53444
-6.52274
-6.51067
-6.49395
-6.48062
-6.47091
-6.46635
-6.47064
-6.48679
-6.51184
-6.54083
-6.56996
-6.59508
-6.61163
-6.62246
-6.62407
-6.6168
-6.60462
-6.58684
-6.57283
-6.55816
-6.54338
-6.5257
-6.50852
-6.49344
-6.48266
-6.47938
-6.48572
-6.50315
-6.52618
-6.55616
-6.58426
-6.6148
-6.64036
-6.66144
-6.67806
-6.68993
-6.69343
-6.6939
-6.69033
-6.67918
-6.665
-6.64815
-6.63069
-6.613
-6.60017
-6.5903
-6.58515
-6.58467
-6.58754
-6.59286
-6.60325
-6.61148
-6.61982
-6.62617
-6.63004
-6.62877
-6.61769
-6.60101
-6.57625
-6.54483
-6.50842
-6.4674
-6.42684
-6.39313
-6.37056
-6.36372
-6.37702
-6.40787
-6.45404
-6.50482
-6.55466
-6.59329
-6.6216
-6.63378
-6.63391
-6.62586
-6.60906
-6.58363
-6.55492
-6.52502
-6.50113
-6.49064
-6.49115
-6.50594
-6.5361
-6.57674
-6.61862
-6.6575
-6.68917
-6.70795
-6.71032
-6.69781
-6.68035
-6.65143
-6.62175
-6.59004
-6.56438
-6.54497
-6.53099
-6.5249
-6.52229
-6.53221
-6.54806
-6.57486
-6.60495
-6.63577
-6.66488
-6.6865
-6.69904
-6.70054
-6.6895
-6.66942
-6.6379
-6.5981
-6.55617
-6.51516
-6.47794
-6.45403
-6.44601
-6.45249
-6.4726
-6.49991
-6.53104
-6.56189
-6.58702
-6.60525
-6.61422
-6.62135
-6.62203
-6.61972
-6.61635
-6.61247
-6.6058
-6.60255
-6.60052
-6.5982
-6.592
-6.58487
-6.57895
-6.57041
-6.5624
-6.55693
-6.55951
-6.56442
-6.57105
-6.57523
-6.57083
-6.55777
-6.53356
-6.50735
-6.48023
-6.45759
-6.44498
-6.43899
-6.44429
-6.45649
-6.48065
-6.50739
-6.5351
-6.56142
-6.58236
-6.59996
-6.60982
-6.61365
-6.60679
-6.59443
-6.58075
-6.56487
-6.55502
-6.55555
-6.56465
-6.58194
-6.6079
-6.63713
-6.66577
-6.68917
-6.70627
-6.71483
-6.71125
-6.69775
-6.67173
-6.63884
-6.6036
-6.57147
-6.5431
-6.52648
-6.51334
-6.51321
-6.51756
-6.52789
-6.54279
-6.55799
-6.56971
-6.57662
-6.57984
-6.58005
-6.57434
-6.566
-6.55889
-6.55021
-6.54452
-6.53932
-6.54198
-6.54755
-6.55997
-6.56917
-6.57698
-6.57785
-6.57798
-6.57358
-6.56893
-6.56251
-6.55161
-6.53959
-6.52102
-6.50432
-6.48864
-6.47671
-6.47319
-6.47579
-6.4889
-6.50534
-6.53217
-6.56449
-6.59999
-6.64103
-6.68236
-6.71972
-6.74888
-6.76593
-6.77008
-6.75663
-6.72883
-6.69055
-6.64496
-6.59837
-6.55528
-6.5168
-6.48647
-6.46634
-6.45532
-6.45427
-6.46286
-6.47972
-6.50498
-6.53577
-6.56942
-6.60396
-6.63452
-6.65753
-6.67103
-6.67517
-6.67096
-6.65621
-6.63337
-6.60575
-6.57798
-6.55541
-6.5415
-6.53836
-6.5431
-6.55585
-6.56665
-6.57267
-6.57134
-6.56439
-6.55669
-6.5503
-6.54606
-6.539
-6.52646
-6.51458
-6.49972
-6.48864
-6.47661
-6.47184
-6.4645
-6.45406
-6.44667
-6.44002
-6.44188
-6.45449
-6.47221
-6.49697
-6.52503
-6.55304
-6.58093
-6.60733
-6.62451
-6.63623
-6.64108
-6.64368
-6.64354
-6.64531
-6.64968
-6.65425
-6.65894
-6.65693
-6.65193
-6.64542
-6.63477
-6.62109
-6.60871
-6.59784
-6.58834
-6.57953
-6.57649
-6.57443
-6.57467
-6.57995
-6.58692
-6.59003
-6.59636
-6.60108
-6.60096
-6.60039
-6.59933
-6.59809
-6.5961
-6.58873
-6.58227
-6.57306
-6.56528
-6.56098
-6.5596
-6.56144
-6.56131
-6.55949
-6.55266
-6.54529
-6.53458
-6.52798
-6.52331
-6.52392
-6.52615
-6.53431
-6.53742
-6.5414
-6.5391
-6.53031
-6.51655
-6.49923
-6.4794
-6.46062
-6.44207
-6.42907
-6.42886
-6.43673
-6.45489
-6.48452
-6.52261
-6.5636
-6.60256
-6.63361
-6.65605
-6.66858
-6.67683
-6.67787
-6.68148
-6.68045
-6.67805
-6.67023
-6.65727
-6.6417
-6.62223
-6.6059
-6.595
-6.58848
-6.59092
-6.60011
-6.6102
-6.62523
-6.6397
-6.65028
-6.659
-6.66441
-6.66182
-6.65137
-6.6309
-6.5995
-6.56819
-6.53872
-6.5131
-6.49831
-6.49392
-6.50346
-6.5175
-6.53267
-6.55023
-6.56267
-6.56713
-6.56653
-6.55999
-6.55171
-6.54107
-6.53185
-6.52551
-6.52488
-6.53326
-6.54715
-6.56673
-6.58557
-6.59843
-6.60793
-6.60401
-6.59229
-6.5748
-6.55245
-6.53131
-6.51302
-6.50306
-6.5021
-6.50626
-6.51331
-6.52521
-6.53479
-6.54281
-6.54863
-6.54907
-6.54931
-6.54782
-6.54453
-6.54521
-6.5522
-6.56965
-6.59396
-6.62674
-6.66436
-6.70184
-6.73608
-6.76064
-6.77296
-6.77185
-6.75357
-6.7222
-6.68191
-6.6362
-6.59367
-6.55152
-6.51838
-6.49675
-6.48472
-6.48178
-6.48284
-6.49001
-6.49938
-6.50819
-6.51622
-6.52054
-6.52464
-6.52508
-6.52113
-6.51588
-6.51234
-6.51187
-6.51489
-6.52266
-6.52997
-6.53787
-6.54489
-6.55111
-6.55413
-6.55786
-6.56173
-6.56322
-6.56978
-6.57715
-6.58406
-6.58881
-6.59108
-6.58783
-6.58142
-6.57075
-6.55784
-6.54515
-6.53741
-6.53447
-6.53321
-6.5324
-6.53124
-6.52577
-6.51505
-6.503
-6.48876
-6.47947
-6.47357
-6.47719
-6.48799
-6.50908
-6.53505
-6.56669
-6.59717
-6.62914
-6.66059
-6.69727
-6.7327
-6.76366
-6.79318
-6.81522
-6.82583
-6.82454
-6.8087
-6.77766
-6.73367
-6.67863
-6.61865
-6.55786
-6.50318
-6.45858
-6.4289
-6.41679
-6.42123
-6.43549
-6.45689
-6.48399
-6.50343
-6.52108
-6.52863
-6.52739
-6.52071
-6.50877
-6.49655
-6.49107
-6.49205
-6.5019
-6.51932
-6.54143
-6.56305
-6.58396
-6.60204
-6.61431
-6.62117
-6.6279
-6.62796
-6.62686
-6.62246
-6.61587
-6.60844
-6.59954
-6.58661
-6.56887
-6.54594
-6.5167
-6.48743
-6.4599
-6.44188
-6.43452
-6.44034
-6.45557
-6.47678
-6.50136
-6.52803
-6.5528
-6.58065
-6.60695
-6.63255
-6.65541
-6.67004
-6.68018
-6.68061
-6.67229
-6.65798
-6.64007
-6.62611
-6.61197
-6.59734
-6.58764
-6.57856
-6.56687
-6.55057
-6.53373
-6.5147
-6.49581
-6.47932
-6.46914
-6.46342
-6.46398
-6.47114
-6.48889
-6.51308
-6.54221
-6.57242
-6.60313
-6.63196
-6.65735
-6.68248
-6.69944
-6.71307
-6.7151
-6.71128
-6.69374
-6.66486
-6.63253
-6.59845
-6.55968
-6.52321
-6.48996
-6.45808
-6.43106
-6.4127
-6.40227
-6.40004
-6.40721
-6.4204
-6.43755
-6.46054
-6.48512
-6.5129
-6.53838
-6.55936
-6.57544
-6.58629
-6.59062
-6.58855
-6.58303
-6.57593
-6.56757
-6.55903
-6.55273
-6.5442
-6.53974
-6.53687
-6.54003
-6.55218
-6.56657
-6.58085
-6.59561
-6.6026
-6.59972
-6.58371
-6.56022
-6.53751
-6.51612
-6.50665
-6.51267
-6.53095
-6.56234
-6.59693
-6.62782
-6.65252
-6.66754
-6.67342
-6.67161
-6.67176
-6.67089
-6.66456
-6.65432
-6.63802
-6.61578
-6.59476
-6.57872
-6.56441
-6.55626
-6.55581
-6.56249
-6.57452
-6.5921
-6.60682
-6.62585
-6.63946
-6.64744
-6.65107
-6.64423
-6.62782
-6.59907
-6.56443
-6.52737
-6.49347
-6.47065
-6.45936
-6.46259
-6.48031
-6.51323
-6.55059
-6.59402
-6.63641
-6.67063
-6.69763
-6.71127
-6.70929
-6.69522
-6.66976
-6.63688
-6.59663
-6.5592
-6.53203
-6.51521
-6.51081
-6.5143
-6.52888
-6.54544
-6.56187
-6.57161
-6.57342
-6.56443
-6.54938
-6.53027
-6.51122
-6.49432
-6.48241
-6.47845
-6.47967
-6.48818
-6.49813
-6.51223
-6.52531
-6.5388
-6.54985
-6.55772
-6.56125
-6.55893
-6.55238
-6.54346
-6.53399
-6.52577
-6.52245
-6.52685
-6.53598
-6.55232
-6.57203
-6.5915
-6.61632
-6.64188
-6.6702
-6.69634
-6.7184
-6.73515
-6.7461
-6.74774
-6.73854
-6.72179
-6.69866
-6.67503
-6.6495
-6.62209
-6.5985
-6.57356
-6.55257
-6.53564
-6.52877
-6.53663
-6.55519
-6.58219
-6.60958
-6.6336
-6.64727
-6.65145
-6.6434
-6.62701
-6.60459
-6.57967
-6.56069
-6.54407
-6.53254
-6.53001
-6.53154
-6.5392
-6.54928
-6.56063
-6.57011
-6.57954
-6.58339
-6.58098
-6.57355
-6.55896
-6.54182
-6.52072
-6.50568
-6.48828
-6.47936
-6.47903
-6.4868
-6.49683
-6.50671
-6.51567
-6.51753
-6.50762
-6.48799
-6.46035
-6.43452
-6.40787
-6.39017
-6.39022
-6.40954
-6.44798
-6.50534
-6.5701
-6.63389
-6.69152
-6.73602
-6.76825
-6.78794
-6.78988
-6.7781
-6.75617
-6.72434
-6.68995
-6.65936
-6.63712
-6.61492
-6.59539
-6.58027
-6.56496
-6.55174
-6.5402
-6.53826
-6.54512
-6.56184
-6.58507
-6.60919
-6.62897
-6.63915
-6.64064
-6.62784
-6.60786
-6.58104
-6.55
-6.52597
-6.50517
-6.49188
-6.48688
-6.48979
-6.50254
-6.518
-6.53483
-6.55363
-6.57655
-6.59815
-6.61968
-6.64021
-6.65646
-6.66424
-6.66602
-6.66239
-6.64857
-6.63015
-6.60603
-6.57944
-6.55515
-6.53719
-6.52813
-6.52871
-6.54045
-6.55679
-6.57357
-6.58565
-6.59512
-6.59649
-6.59131
-6.58125
-6.56651
-6.5504
-6.53652
-6.52542
-6.51821
-6.50995
-6.4985
-6.48149
-6.4653
-6.44733
-6.43058
-6.42326
-6.42234
-6.43238
-6.44973
-6.47506
-6.4997
-6.52901
-6.55871
-6.58726
-6.61644
-6.64359
-6.66468
-6.68286
-6.69474
-6.69965
-6.70029
-6.69807
-6.68754
-6.67291
-6.65322
-6.63394
-6.6146
-6.60252
-6.59672
-6.59677
-6.60324
-6.60925
-6.62017
-6.63026
-6.63862
-6.63974
-6.63347
-6.62064
-6.60003
-6.5707
-6.53832
-6.5075
-6.47459
-6.45108
-6.44058
-6.4443
-6.46341
-6.49616
-6.53311
-6.56717
-6.59062
-6.60343
-6.60046
-6.58684
-6.56706
-6.54774
-6.53043
-6.51895
-6.51858
-6.52295
-6.53666
-6.55164
-6.56576
-6.5769
-6.58429
-6.58408
-6.58113
-6.57092
-6.5615
-6.55531
-6.55275
-6.55525
-6.56517
-6.5813
-6.60519
-6.63698
-6.67039
-6.69985
-6.71837
-6.72922
-6.72875
-6.71807
-6.69257
-6.66245
-6.63254
-6.60458
-6.58171
-6.56477
-6.55206
-6.5486
-6.5472
-6.55058
-6.55625
-6.56156
-6.56531
-6.56765
-6.56444
-6.56028
-6.55418
-6.54797
-6.54996
-6.55456
-6.56327
-6.57253
-6.57683
-6.57702
-6.57547
-6.56792
-6.56411
-6.5616
-6.55923
-6.56101
-6.56321
-6.56497
-6.57017
-6.57383
-6.57403
-6.57468
-6.5746
-6.57656
-6.57996
-6.58654
-6.59372
-6.60432
-6.61661
-6.62995
-6.63882
-6.64734
-6.65052
-6.64647
-6.63629
-6.61794
-6.59379
-6.56949
-6.54667
-6.53394
-6.53023
-6.53459
-6.5457
-6.55619
-6.56362
-6.56323
-6.55588
-6.5392
-6.5238
-6.5141
-6.51069
-6.51523
-6.52789
-6.54325
-6.56203
-6.57901
-6.5905
-6.59939
-6.60246
-6.59683
-6.58873
-6.57735
-6.56701
-6.55819
-6.55539
-6.558
-6.5649
-6.57282
-6.58132
-6.5842
-6.58489
-6.57912
-6.5716
-6.56326
-6.55322
-6.54594
-6.53737
-6.52583
-6.5148
-6.50347
-6.48797
-6.47333
-6.45931
-6.45003
-6.44748
-6.45535
-6.47457
-6.50263
-6.53651
-6.57375
-6.61043
-6.6443
-6.67202
-6.69383
-6.70896
-6.7192
-6.72478
-6.72519
-6.71819
-6.70882
-6.6978
-6.68827
-6.67956
-6.677
-6.67412
-6.67541
-6.6771
-6.67519
-6.67044
-6.66468
-6.65159
-6.63547
-6.61866
-6.60494
-6.59455
-6.58582
-6.57946
-6.57639
-6.57168
-6.56081
-6.54354
-6.51772
-6.48548
-6.44795
-6.41266
-6.38291
-6.36618
-6.36351
-6.37567
-6.40144
-6.43536
-6.47676
-6.51931
-6.55968
-6.59559
-6.62456
-6.64796
-6.66626
-6.67663
-6.67768
-6.66871
-6.65669
-6.63517
-6.61226
-6.58862
-6.56654
-6.55012
-6.53999
-6.5357
-6.5387
-6.55012
-6.56731
-6.5908
-6.61591
-6.63866
-6.65391
-6.66095
-6.66054
-6.65184
-6.63323
-6.60794
-6.57678
-6.54573
-6.52218
-6.50423
-6.4983
-6.49554
-6.49626
-6.50152
-6.50933
-6.51913
-6.5296
-6.5427
-6.56045
-6.57722
-6.59273
-6.60584
-6.61569
-6.61862
-6.61159
-6.59965
-6.58035
-6.56532
-6.55402
-6.55485
-6.56605
-6.58289
-6.60476
-6.62723
-6.64451
-6.65744
-6.66508
-6.67113
-6.67793
-6.68188
-6.68575
-6.68444
-6.67525
-6.65679
-6.63074
-6.59617
-6.56055
-6.52625
-6.49328
-6.46658
-6.44888
-6.44075
-6.44417
-6.45725
-6.47662
-6.49894
-6.52163
-6.53876
-6.55094
-6.55379
-6.55056
-6.5403
-6.52888
-6.52039
-6.5191
-6.52661
-6.54155
-6.56159
-6.58264
-6.60451
-6.62088
-6.63093
-6.63736
-6.64559
-6.64846
-6.64974
-6.64781
-6.64611
-6.64357
-6.63933
-6.63452
-6.62872
-6.62523
-6.62141
-6.61971
-6.61763
-6.61459
-6.60743
-6.59669
-6.58352
-6.56722
-6.55137
-6.54068
-6.53735
-6.53858
-6.54762
-6.55916
-6.56799
-6.57173
-6.56956
-6.56926
-6.56764
-6.56827
-6.56624
-6.56739
-6.56512
-6.56034
-6.55128
-6.54335
-6.53703
-6.53756
-6.54294
-6.5516
-6.56536
-6.57705
-6.58633
-6.59125
-6.58943
-6.58274
-6.57466
-6.56581
-6.55786
-6.554
-6.54957
-6.54282
-6.53382
-6.51846
-6.50156
-6.48834
-6.47818
-6.4747
-6.47913
-6.49289
-6.51503
-6.54651
-6.58067
-6.61766
-6.65447
-6.68853
-6.71571
-6.72967
-6.73242
-6.72783
-6.71503
-6.6985
-6.67821
-6.65407
-6.6305
-6.60815
-6.59097
-6.58005
-6.5751
-6.57531
-6.5756
-6.57538
-6.56963
-6.56105
-6.54788
-6.53207
-6.52026
-6.51124
-6.51188
-6.51905
-6.53151
-6.54855
-6.56868
-6.58869
-6.60935
-6.63074
-6.65103
-6.66535
-6.6723
-6.66945
-6.65916
-6.63895
-6.61469
-6.58834
-6.56005
-6.53353
-6.51519
-6.50677
-6.50447
-6.50502
-6.50981
-6.51308
-6.51315
-6.51026
-6.50245
-6.49037
-6.48157
-6.47611
-6.47205
-6.47292
-6.47915
-6.49147
-6.504
-6.52406
-6.54601
-6.57337
-6.59968
-6.62364
-6.64333
-6.65417
-6.65844
-6.64975
-6.63732
-6.6258
-6.60975
-6.59709
-6.58531
-6.57957
-6.57186
-6.5648
-6.55881
-6.5534
-6.55302
-6.55316
-6.56249
-6.57845
-6.59925
-6.61949
-6.63863
-6.65372
-6.66149
-6.66164
-6.66389
-6.66162
-6.65738
-6.65463
-6.65063
-6.64877
-6.6441
-6.6349
-6.62736
-6.61568
-6.59985
-6.57904
-6.55454
-6.53153
-6.50658
-6.47959
-6.45279
-6.42878
-6.40804
-6.39998
-6.40705
-6.43106
-6.46623
-6.50621
-6.54348
-6.57496
-6.59818
-6.61659
-6.63193
-6.64711
-6.67006
-6.69443
-6.72094
-6.74036
-6.75421
-6.75788
-6.74699
-6.7228
-6.68264
-6.63183
-6.57459
-6.51827
-6.47102
-6.44045
-6.42711
-6.43359
-6.45795
-6.49152
-6.52805
-6.56075
-6.58715
-6.60822
-6.61808
-6.62084
-6.61746
-6.60787
-6.59437
-6.57535
-6.55775
-6.54324
-6.53672
-6.53235
-6.53369
-6.53775
-6.54487
-6.54952
-6.5582
-6.56543
-6.57018
-6.57294
-6.57186
-6.57004
-6.56594
-6.55752
-6.55229
-6.54391
-6.53348
-6.5221
-6.50335
-6.47972
-6.45491
-6.43155
-6.41819
-6.41444
-6.42393
-6.44646
-6.48694
-6.53961
-6.60186
-6.66844
-6.73081
-6.78047
-6.81553
-6.82918
-6.82534
-6.79956
-6.75295
-6.69223
-6.62698
-6.56261
-6.51967
-6.49601
-6.50073
-6.52489
-6.56112
-6.59507
-6.62583
-6.64911
-6.66623
-6.67469
-6.67291
-6.66021
-6.63977
-6.61428
-6.58923
-6.56327
-6.54841
-6.53854
-6.53437
-6.53309
-6.53169
-6.53364
-6.53526
-6.5388
-6.54127
-6.53857
-6.52671
-6.50971
-6.48788
-6.46337
-6.4402
-6.4231
-6.41643
-6.42117
-6.44439
-6.47937
-6.52686
-6.58173
-6.63537
-6.68174
-6.71292
-6.72692
-6.72216
-6.69843
-6.66182
-6.62046
-6.58139
-6.54575
-6.51989
-6.50809
-6.5141
-6.53446
-6.56162
-6.59343
-6.62458
-6.65017
-6.66809
-6.67775
-6.67469
-6.65886
-6.62849
-6.58524
-6.54063
-6.497
-6.46399
-6.44181
-6.43281
-6.43829
-6.45275
-6.47227
-6.49719
-6.52264
-6.55147
-6.57974
-6.60494
-6.62642
-6.64739
-6.66643
-6.68369
-6.69402
-6.70164
-6.70649
-6.70288
-6.69072
-6.67881
-6.65949
-6.6374
-6.61326
-6.59073
-6.5715
-6.55342
-6.53742
-6.52348
-6.51077
-6.50072
-6.49164
-6.48155
-6.46949
-6.45924
-6.45728
-6.46637
-6.48962
-6.52425
-6.56765
-6.61503
-6.66001
-6.69253
-6.7121
-6.71748
-6.70697
-6.68778
-6.6562
-6.62186
-6.58881
-6.56598
-6.55365
-6.55292
-6.56503
-6.58965
-6.61972
-6.65245
-6.67958
-6.70047
-6.71471
-6.71288
-6.69991
-6.6719
-6.63204
-6.5813
-6.52701
-6.47556
-6.43241
-6.40781
-6.39265
-6.38724
-6.39306
-6.40335
-6.42023
-6.44333
-6.47083
-6.50356
-6.53704
-6.56737
-6.58938
-6.6035
-6.61294
-6.61756
-6.61741
-6.6167
-6.61526
-6.61351
-6.61381
-6.61471
-6.61582
-6.61706
-6.61817
-6.61723
-6.6145
-6.60804
-6.59839
-6.58247
-6.56684
-6.55147
-6.53879
-6.52938
-6.53005
-6.53471
-6.5474
-6.56228
-6.5814
-6.60339
-6.62153
-6.63508
-6.64668
-6.65327
-6.65699
-6.6549
-6.64912
-6.64159
-6.62856
-6.61794
-6.60566
-6.5949
-6.58935
-6.58801
-6.59505
-6.60947
-6.62937
-6.64724
-6.6619
-6.6712
-6.66891
-6.65435
-6.63063
-6.59866
-6.5604
-6.52233
-6.48707
-6.46061
-6.44381
-6.43848
-6.44432
-6.45835
-6.47683
-6.49511
-6.51053
-6.52008
-6.52018
-6.51583
-6.50807
-6.50238
-6.49645
-6.49864
-6.50554
-6.5151
-6.52947
-6.5494
-6.56948
-6.58788
-6.6021
-6.61047
-6.60706
-6.59481
-6.57466
-6.55108
-6.52238
-6.49885
-6.48579
-6.48648
-6.49664
-6.51501
-6.54153
-6.57055
-6.59938
-6.62387
-6.64326
-6.6565
-6.65918
-6.65198
-6.63541
-6.61293
-6.58691
-6.5578
-6.53248
-6.51732
-6.51442
-6.5287
-6.55953
-6.60158
-6.65408
-6.70724
-6.75091
-6.77988
-6.78651
-6.77709
-6.74905
-6.71102
-6.67438
-6.6398
-6.61834
-6.60658
-6.59804
-6.58756
-6.57206
-6.54884
-6.51839
-6.48489
-6.44948
-6.41728
-6.39057
-6.37334
-6.36968
-6.38392
-6.41819
-6.4661
-6.52631
-6.59084
-6.65058
-6.69893
-6.73464
-6.75514
-6.75418
-6.73717
-6.70177
-6.65284
-6.59664
-6.53603
-6.48075
-6.43665
-6.41094
-6.40773
-6.42407
-6.45713
-6.50412
-6.55465
-6.60307
-6.64392
-6.67156
-6.68587
-6.68332
-6.67051
-6.65043
-6.62809
-6.60826
-6.59422
-6.5892
-6.58669
-6.58573
-6.58416
-6.57263
-6.55247
-6.52458
-6.48929
-6.45172
-6.41773
-6.39129
-6.37614
-6.37488
-6.38979
-6.4117
-6.44054
-6.47404
-6.50338
-6.52786
-6.54128
-6.55024
-6.55835
-6.56876
-6.58296
-6.60425
-6.62924
-6.65784
-6.68619
-6.70876
-6.72499
-6.72673
-6.71661
-6.69492
-6.66331
-6.62803
-6.59284
-6.56167
-6.54039
-6.53548
-6.54573
-6.56749
-6.59386
-6.62252
-6.64703
-6.66508
-6.67646
-6.68038
-6.6755
-6.65559
-6.62992
-6.60031
-6.5655
-6.53528
-6.51163
-6.50108
-6.50419
-6.51753
-6.53756
-6.56169
-6.58752
-6.6032
-6.6123
-6.61291
-6.60129
-6.58236
-6.56146
-6.53786
-6.51721
-6.50258
-6.49158
-6.48667
-6.48924
-6.49481
-6.50311
-6.51212
-6.51904
-6.52426
-6.52767
-6.53161
-6.53802
-6.54356
-6.54966
-6.5575
-6.56906
-6.57766
-6.58469
-6.59397
-6.5968
-6.59964
-6.60042
-6.59803
-6.60105
-6.60598
-6.62052
-6.63671
-6.65233
-6.6657
-6.67173
-6.67125
-6.66284
-6.64575
-6.62354
-6.60213
-6.57838
-6.56152
-6.54867
-6.54389
-6.54447
-6.54846
-6.55623
-6.562
-6.56801
-6.56921
-6.56705
-6.56182
-6.55818
-6.55282
-6.54617
-6.54171
-6.54312
-6.55072
-6.5629
-6.57298
-6.5805
-6.58107
-6.57981
-6.57066
-6.56297
-6.55353
-6.54605
-6.53966
-6.53743
-6.53937
-6.54375
-6.55109
-6.56556
-6.58186
-6.60315
-6.62524
-6.65074
-6.67114
-6.68916
-6.69636
-6.69493
-6.68553
-6.66555
-6.6397
-6.60587
-6.56825
-6.52981
-6.49283
-6.46326
-6.44384
-6.44012
-6.44804
-6.46379
-6.48549
-6.50701
-6.52543
-6.53946
-6.55125
-6.56305
-6.57156
-6.57879
-6.5889
-6.60297
-6.61462
-6.62392
-6.63522
-6.63931
-6.63857
-6.63216
-6.62542
-6.61797
-6.6153
-6.61518
-6.61665
-6.62016
-6.62495
-6.63207
-6.63748
-6.6419
-6.64342
-6.63901
-6.62498
-6.5994
-6.57238
-6.53911
-6.50615
-6.47859
-6.45666
-6.44264
-6.43288
-6.42787
-6.42421
-6.42516
-6.43183
-6.44852
-6.47417
-6.50656
-6.54297
-6.57916
-6.60861
-6.62725
-6.63252
-6.62943
-6.62182
-6.60821
-6.59061
-6.57358
-6.55845
-6.54032
-6.52265
-6.50654
-6.49542
-6.49272
-6.49708
-6.51534
-6.54566
-6.58275
-6.62018
-6.65341
-6.67653
-6.68382
-6.6801
-6.66676
-6.64683
-6.62336
-6.60653
-6.59416
-6.58762
-6.58452
-6.59251
-6.60117
-6.61144
-6.61927
-6.62136
-6.61978
-6.60756
-6.58219
-6.55251
-6.52101
-6.48962
-6.46744
-6.4538
-6.4499
-6.46115
-6.48322
-6.5139
-6.55047
-6.57944
-6.60283
-6.61785
-6.62451
-6.62033
-6.61003
-6.59283
-6.57297
-6.54912
-6.52742
-6.5117
-6.50415
-6.5092
-6.5293
-6.55447
-6.58903
-6.62658
-6.66628
-6.69895
-6.72026
-6.7254
-6.71598
-6.69154
-6.65849
-6.62225
-6.59266
-6.5745
-6.56675
-6.56498
-6.56898
-6.57016
-6.57507
-6.57629
-6.5759
-6.5753
-6.574
-6.57761
-6.58421
-6.59629
-6.60982
-6.62336
-6.63051
-6.63106
-6.62562
-6.61423
-6.59827
-6.57904
-6.55835
-6.54135
-6.52622
-6.51404
-6.50466
-6.49937
-6.49051
-6.48294
-6.47766
-6.47622
-6.47856
-6.48238
-6.48644
-6.48888
-6.48355
-6.47975
-6.47445
-6.47247
-6.47875
-6.49106
-6.508
-6.52347
-6.53906
-6.55338
-6.56341
-6.56984
-6.57464
-6.57863
-6.5817
-6.58648
-6.59154
-6.59968
-6.61108
-6.62071
-6.63005
-6.63513
-6.6366
-6.63475
-6.63024
-6.62212
-6.61283
-6.60521
-6.59905
-6.59572
-6.59489
-6.59878
-6.60505
-6.61071
-6.6152
-6.61511
-6.60783
-6.59528
-6.57728
-6.55993
-6.54822
-6.54153
-6.54465
-6.55706
-6.57013
-6.58879
-6.60491
-6.62032
-6.63513
-6.64469
-6.65006
-6.64594
-6.62767
-6.60187
-6.57327
-6.5451
-6.52176
-6.5085
-6.50644
-6.5141
-6.53071
-6.54949
-6.57372
-6.59227
-6.60151
-6.60315
-6.59733
-6.58627
-6.56977
-6.55487
-6.53922
-6.52663
-6.52185
-6.52354
-6.53021
-6.54534
-6.56861
-6.59527
-6.62105
-6.63738
-6.64254
-6.64679
-6.64241
-6.63672
-6.62894
-6.61823
-6.60875
-6.59357
-6.57645
-6.5563
-6.5333
-6.51794
-6.50567
-6.50069
-6.50095
-6.50733
-6.52362
-6.53951
-6.55894
-6.57673
-6.59057
-6.59868
-6.60467
-6.60748
-6.61232
-6.61163
-6.61346
-6.61165
-6.60553
-6.5969
-6.58375
-6.56532
-6.54762
-6.53276
-6.51938
-6.50291
-6.49386
-6.49116
-6.49702
-6.51195
-6.53519
-6.56665
-6.59683
-6.62386
-6.64318
-6.65537
-6.65736
-6.65101
-6.63519
-6.61539
-6.59043
-6.56811
-6.54832
-6.53331
-6.52558
-6.52384
-6.52854
-6.54067
-6.56007
-6.58302
-6.61441
-6.64457
-6.67384
-6.6945
-6.70246
-6.69931
-6.68226
-6.65913
-6.62977
-6.5995
-6.57341
-6.55006
-6.53572
-6.52815
-6.52485
-6.52731
-6.53461
-6.5474
-6.56385
-6.57916
-6.59383
-6.60303
-6.60267
-6.59461
-6.58107
-6.56166
-6.54201
-6.52005
-6.50307
-6.48451
-6.46718
-6.45113
-6.43464
-6.42536
-6.41953
-6.42481
-6.4444
-6.47795
-6.52299
-6.57289
-6.62351
-6.66762
-6.70197
-6.72566
-6.74163
-6.74682
-6.74438
-6.73042
-6.70815
-6.67651
-6.64359
-6.60718
-6.57242
-6.54512
-6.52388
-6.51064
-6.5036
-6.50149
-6.50311
-6.50616
-6.5068
-6.50988
-6.51174
-6.51534
-6.51609
-6.51737
-6.51938
-6.52598
-6.53756
-6.55001
-6.57156
-6.59192
-6.61469
-6.63715
-6.65518
-6.66997
-6.67528
-6.6758
-6.66954
-6.66115
-6.65059
-6.64245
-6.63484
-6.62685
-6.61787
-6.60552
-6.58761
-6.56519
-6.5412
-6.51466
-6.49487
-6.48241
-6.48067
-6.48716
-6.50012
-6.51986
-6.54222
-6.56534
-6.58148
-6.58954
-6.58689
-6.57782
-6.55965
-6.53596
-6.51736
-6.50487
-6.50147
-6.50672
-6.52238
-6.54641
-6.57077
-6.59334
-6.60924
-6.61531
-6.614
-6.60467
-6.59298
-6.58127
-6.56806
-6.56007
-6.56112
-6.5625
-6.56469
-6.57107
-6.57719
-6.58576
-6.5983
-6.60964
-6.6219
-6.63022
-6.62972
-6.62055
-6.60595
-6.58852
-6.56836
-6.5478
-6.52802
-6.51394
-6.50773
-6.51086
-6.52603
-6.54967
-6.58261
-6.61598
-6.64807
-6.67094
-6.68502
-6.68404
-6.66752
-6.63393
-6.58964
-6.53751
-6.48737
-6.44186
-6.40894
-6.39045
-6.3881
-6.39662
-6.41636
-6.44346
-6.47537
-6.51229
-6.55029
-6.58724
-6.61488
-6.6363
-6.64811
-6.64905
-6.64795
-6.65023
-6.66004
-6.67575
-6.695
-6.71086
-6.71837
-6.71702
-6.70674
-6.69311
-6.67409
-6.65563
-6.63375
-6.60877
-6.58448
-6.56145
-6.54144
-6.53073
-6.53278
-6.54124
-6.55686
-6.57499
-6.59166
-6.60331
-6.60944
-6.61023
-6.6048
-6.59531
-6.5851
-6.57224
-6.55907
-6.54815
-6.53987
-6.52993
-6.52064
-6.50681
-6.49527
-6.48785
-6.48496
-6.48628
-6.49415
-6.50578
-6.52112
-6.54037
-6.5627
-6.58409
-6.60549
-6.62217
-6.63021
-6.63663
-6.63578
-6.63369
-6.62918
-6.62578
-6.62341
-6.61959
-6.61378
-6.60531
-6.59718
-6.58587
-6.57562
-6.56719
-6.55859
-6.5517
-6.54764
-6.54176
-6.53653
-6.53255
-6.53455
-6.53908
-6.5441
-6.54634
-6.55075
-6.55326
-6.55181
-6.55124
-6.55149
-6.55086
-6.54756
-6.53866
-6.52659
-6.50914
-6.49158
-6.4767
-6.46424
-6.45692
-6.45396
-6.45644
-6.46289
-6.47295
-6.48765
-6.50875
-6.53467
-6.56394
-6.59483
-6.6233
-6.64738
-6.66594
-6.67405
-6.67582
-6.67251
-6.66097
-6.64416
-6.62719
-6.60758
-6.58996
-6.5795
-6.57268
-6.57814
-6.59092
-6.60486
-6.62213
-6.63453
-6.644
-6.64829
-6.64495
-6.63651
-6.62697
-6.61606
-6.60958
-6.60515
-6.60485
-6.60806
-6.61333
-6.61799
-6.62369
-6.62505
-6.62556
-6.6162
-6.60267
-6.58282
-6.5606
-6.53506
-6.51389
-6.50168
-6.49802
-6.49714
-6.50075
-6.5058
-6.51224
-6.52131
-6.53122
-6.54002
-6.54473
-6.54673
-6.54351
-6.53656
-6.52637
-6.52089
-6.51718
-6.51901
-6.52365
-6.53127
-6.54168
-6.55079
-6.56239
-6.57357
-6.58594
-6.59931
-6.60638
-6.61068
-6.60807
-6.60143
-6.59274
-6.58299
-6.57443
-6.56937
-6.56768
-6.57298
-6.57942
-6.59069
-6.60614
-6.61689
-6.62677
-6.63427
-6.6302
-6.6215
-6.61237
-6.59939
-6.58904
-6.58123
-6.57767
-6.57648
-6.57821
-6.57923
-6.58417
-6.58809
-6.59113
-6.58985
-6.58947
-6.58554
-6.57913
-6.57219
-6.56288
-6.55365
-6.53839
-6.5226
-6.50523
-6.48694
-6.47057
-6.45695
-6.44999
-6.45337
-6.46321
-6.48033
-6.50333
-6.52824
-6.55082
-6.57183
-6.58692
-6.60089
-6.61219
-6.62767
-6.6434
-6.66207
-6.68528
-6.7043
-6.71846
-6.72321
-6.71726
-6.70112
-6.67497
-6.63937
-6.60078
-6.56428
-6.53503
-6.51517
-6.51136
-6.52247
-6.54611
-6.57198
-6.5962
-6.61208
-6.62231
-6.62313
-6.61145
-6.5995
-6.58031
-6.5654
-6.55407
-6.54485
-6.54041
-6.54178
-6.5456
-6.55259
-6.55741
-6.56099
-6.56302
-6.56484
-6.56804
-6.57066
-6.57041
-6.57274
-6.5693
-6.56286
-6.55346
-6.54187
-6.52758
-6.5167
-6.50969
-6.50531
-6.50461
-6.50452
-6.50633
-6.50666
-6.50862
-6.51098
-6.51277
-6.51667
-6.51993
-6.51723
-6.51453
-6.50864
-6.50674
-6.50858
-6.51362
-6.52513
-6.53493
-6.54497
-6.5565
-6.56439
-6.5743
-6.58657
-6.5981
-6.61238
-6.62454
-6.63541
-6.64901
-6.66068
-6.67279
-6.68272
-6.68568
-6.68606
-6.68027
-6.67037
-6.65622
-6.64304
-6.63014
-6.61825
-6.6079
-6.59746
-6.58377
-6.56597
-6.54095
-6.51414
-6.48344
-6.45676
-6.43535
-6.42181
-6.41924
-6.43319
-6.45773
-6.4891
-6.52372
-6.56009
-6.59414
-6.62145
-6.64243
-6.65924
-6.67023
-6.67766
-6.6818
-6.67714
-6.66351
-6.64249
-6.61022
-6.57001
-6.53364
-6.49761
-6.46359
-6.44007
-6.42924
-6.43573
-6.45435
-6.4865
-6.52607
-6.57215
-6.61742
-6.66155
-6.70081
-6.72896
-6.74494
-6.74845
-6.74145
-6.72275
-6.7026
-6.67629
-6.64766
-6.61926
-6.59273
-6.57005
-6.54841
-6.53127
-6.51485
-6.50178
-6.493
-6.48903
-6.49081
-6.49676
-6.50807
-6.52447
-6.5408
-6.55911
-6.57447
-6.58603
-6.59242
-6.59261
-6.58605
-6.57833
-6.56566
-6.55016
-6.53535
-6.5222
-6.51994
-6.52055
-6.52973
-6.54422
-6.55386
-6.56495
-6.57665
-6.58348
-6.59236
-6.60254
-6.60701
-6.612
-6.6117
-6.60849
-6.60176
-6.59332
-6.58409
-6.57231
-6.56619
-6.56291
-6.56346
-6.56666
-6.57271
-6.58244
-6.59175
-6.60545
-6.61493
-6.62962
-6.64023
-6.65206
-6.65933
-6.66247
-6.66148
-6.65502
-6.64795
-6.63746
-6.62721
-6.61533
-6.60325
-6.58942
-6.57728
-6.56564
-6.55677
-6.55088
-6.54418
-6.5343
-6.52214
-6.5113
-6.49906
-6.48705
-6.47856
-6.47084
-6.46475
-6.46121
-6.45554
-6.4505
-6.45064
-6.45476
-6.4667
-6.48111
-6.50044
-6.52426
-6.55144
-6.57857
-6.60521
-6.62223
-6.63342
-6.63876
-6.63499
-6.62658
-6.6181
-6.61234
-6.60681
-6.60732
-6.61262
-6.62604
-6.64315
-6.66097
-6.67275
-6.68149
-6.6817
-6.67847
-6.66941
-6.66613
-6.66746
-6.66452
-6.6539
-6.63699
-6.61182
-6.58293
-6.55165
-6.52292
-6.49821
-6.47553
-6.46144
-6.45154
-6.44943
-6.45262
-6.46777
-6.49065
-6.51817
-6.54942
-6.57664
-6.60118
-6.61803
-6.62763
-6.63139
-6.62567
-6.61886
-6.60541
-6.58841
-6.56812
-6.54736
-6.52704
-6.50433
-6.48598
-6.46911
-6.4576
-6.45085
-6.45204
-6.45937
-6.47511
-6.49402
-6.51862
-6.54847
-6.58442
-6.62315
-6.65931
-6.69408
-6.71752
-6.73042
-6.72481
-6.70428
-6.67463
-6.63655
-6.59654
-6.56354
-6.54175
-6.52733
-6.52328
-6.53189
-6.54642
-6.56314
-6.58027
-6.59595
-6.6091
-6.6166
-6.61848
-6.61165
-6.6027
-6.59522
-6.58857
-6.58382
-6.57907
-6.56483
-6.5452
-6.51773
-6.4864
-6.45313
-6.42841
-6.40865
-6.39583
-6.39198
-6.39613
-6.40738
-6.42297
-6.44356
-6.46909
-6.49817
-6.53168
-6.56761
-6.60318
-6.63318
-6.65305
-6.66388
-6.66454
-6.65893
-6.64384
-6.62426
-6.6059
-6.58695
-6.56889
-6.55406
-6.53994
-6.53096
-6.52569
-6.52604
-6.53344
-6.54344
-6.55558
-6.56545
-6.57552
-6.58331
-6.58568
-6.58574
-6.58193
-6.57441
-6.56692
-6.56281
-6.56
-6.5592
-6.55624
-6.55007
-6.54485
-6.53584
-6.52448
-6.51554
-6.50488
-6.49808
-6.49612
-6.50005
-6.511
-6.5291
-6.54979
-6.57556
-6.59848
-6.62078
-6.64025
-6.65155
-6.65305
-6.64745
-6.63256
-6.61289
-6.59345
-6.57424
-6.55597
-6.54519
-6.54102
-6.54299
-6.55081
-6.56264
-6.57763
-6.59105
-6.59667
-6.60018
-6.59833
-6.59373
-6.59001
-6.58969
-6.59447
-6.6039
-6.61282
-6.62258
-6.62613
-6.62778
-6.62426
-6.61477
-6.60114
-6.58462
-6.56241
-6.54124
-6.53004
-6.52263
-6.52446
-6.52696
-6.5387
-6.55205
-6.56541
-6.57839
-6.59338
-6.6025
-6.6066
-6.60313
-6.5943
-6.58002
-6.56403
-6.54641
-6.53194
-6.52142
-6.51546
-6.51411
-6.5196
-6.53159
-6.54761
-6.56547
-6.58325
-6.59707
-6.60628
-6.60687
-6.60032
-6.58385
-6.56141
-6.53544
-6.50715
-6.48479
-6.46369
-6.45175
-6.4511
-6.46332
-6.4874
-6.52161
-6.56042
-6.60278
-6.64333
-6.67315
-6.69251
-6.70001
-6.69501
-6.68278
-6.664
-6.64058
-6.61702
-6.59169
-6.56904
-6.55228
-6.54154
-6.53416
-6.5305
-6.5296
-6.53267
-6.53491
-6.54184
-6.54805
-6.5542
-6.56188
-6.57442
-6.5838
-6.59155
-6.59182
-6.58889
-6.58091
-6.56691
-6.55126
-6.53708
-6.5223
-6.51391
-6.51154
-6.51665
-6.52732
-6.5439
-6.56214
-6.5818
-6.59732
-6.6073
-6.61132
-6.61034
-6.60441
-6.59921
-6.58848
-6.57766
-6.5676
-6.55556
-6.54602
-6.53665
-6.52716
-6.52382
-6.51969
-6.51721
-6.51469
-6.51394
-6.51054
-6.5075
-6.5088
-6.5147
-6.52475
-6.53508
-6.54566
-6.55125
-6.55442
-6.5521
-6.54419
-6.53344
-6.52452
-6.51939
-6.52306
-6.52583
-6.53582
-6.54844
-6.56283
-6.57582
-6.58514
-6.5868
-6.58379
-6.57606
-6.56977
-6.56387
-6.56627
-6.57116
-6.5777
-6.58493
-6.59297
-6.59673
-6.59886
-6.59859
-6.59643
-6.59189
-6.58199
-6.5765
-6.5703
-6.56841
-6.56996
-6.57523
-6.58118
-6.58887
-6.59416
-6.5972
-6.59634
-6.59402
-6.5937
-6.5949
-6.59884
-6.60242
-6.60134
-6.59336
-6.58096
-6.56381
-6.54791
-6.53674
-6.52632
-6.51933
-6.51488
-6.51126
-6.50952
-6.50905
-6.5077
-6.50585
-6.50598
-6.5068
-6.50565
-6.50975
-6.51187
-6.51641
-6.52657
-6.53709
-6.55177
-6.57043
-6.58908
-6.60705
-6.61793
-6.62432
-6.62514
-6.62278
-6.61728
-6.61259
-6.60529
-6.59446
-6.5866
-6.58119
-6.58503
-6.59552
-6.61116
-6.62497
-6.63342
-6.63356
-6.62213
-6.60308
-6.57896
-6.55305
-6.52973
-6.50826
-6.49028
-6.47672
-6.47009
-6.47287
-6.47945
-6.48754
-6.49794
-6.50741
-6.51908
-6.52985
-6.53841
-6.54683
-6.55071
-6.5559
-6.56267
-6.56967
-6.57771
-6.58494
-6.59261
-6.60358
-6.61075
-6.61977
-6.62237
-6.63126
-6.63548
-6.63931
-6.64412
-6.64652
-6.65002
-6.65563
-6.65583
-6.65316
-6.64177
-6.62326
-6.60043
-6.57313
-6.5453
-6.51573
-6.48782
-6.46309
-6.44427
-6.42781
-6.41907
-6.42236
-6.43268
-6.45243
-6.48236
-6.52142
-6.56178
-6.6019
-6.64108
-6.67115
-6.6871
-6.69278
-6.68571
-6.67058
-6.64641
-6.62257
-6.60272
-6.59422
-6.59603
-6.60556
-6.62273
-6.63918
-6.65059
-6.65545
-6.6512
-6.64172
-6.62713
-6.60856
-6.58463
-6.56273
-6.54565
-6.53094
-6.52336
-6.52082
-6.52446
-6.53162
-6.5392
-6.54695
-6.55717
-6.56752
-6.58092
-6.59568
-6.61309
-6.6303
-6.64104
-6.6485
-6.6486
-6.64074
-6.62434
-6.60376
-6.58547
-6.5762
-6.57136
-6.57209
-6.57884
-6.58084
-6.57791
-6.57057
-6.55915
-6.55384
-6.54889
-6.54486
-6.53747
-6.52445
-6.50606
-6.48351
-6.46072
-6.44834
-6.4457
-6.45612
-6.47556
-6.49541
-6.518
-6.53542
-6.55509
-6.57489
-6.59457
-6.61964
-6.6448
-6.67171
-6.69822
-6.71882
-6.73353
-6.74336
-6.7453
-6.73806
-6.72599
-6.70733
-6.68474
-6.65772
-6.63033
-6.60746
-6.59023
-6.57924
-6.57608
-6.57255
-6.57432
-6.57548
-6.57323
-6.57
-6.5606
-6.54473
-6.52179
-6.49263
-6.45817
-6.42166
-6.39658
-6.38568
-6.39276
-6.41689
-6.4538
-6.49371
-6.52963
-6.55478
-6.57302
-6.58477
-6.5907
-6.59807
-6.60453
-6.61074
-6.6192
-6.62825
-6.638
-6.64211
-6.64385
-6.64325
-6.64158
-6.63951
-6.63795
-6.63818
-6.64021
-6.63967
-6.63135
-6.61403
-6.58318
-6.5458
-6.50579
-6.47323
-6.45855
-6.46027
-6.48098
-6.51739
-6.55967
-6.60196
-6.63321
-6.65171
-6.65612
-6.64729
-6.62846
-6.60736
-6.59547
-6.59782
-6.61479
-6.63718
-6.65682
-6.66614
-6.66411
-6.65672
-6.64497
-6.6305
-6.61045
-6.58889
-6.56203
-6.53388
-6.50538
-6.47769
-6.45304
-6.43634
-6.42594
-6.42339
-6.42796
-6.43821
-6.45348
-6.46782
-6.48437
-6.49779
-6.50936
-6.5194
-6.52714
-6.5317
-6.5335
-6.53978
-6.54685
-6.56304
-6.58302
-6.61153
-6.64067
-6.66201
-6.67637
-6.67977
-6.67344
-6.65455
-6.63174
-6.6101
-6.593
-6.58198
-6.57669
-6.58173
-6.59311
-6.60927
-6.62469
-6.63986
-6.65054
-6.65517
-6.65419
-6.64608
-6.63083
-6.60882
-6.57779
-6.54845
-6.52062
-6.49672
-6.47859
-6.4643
-6.45253
-6.44374
-6.43505
-6.43082
-6.43036
-6.43611
-6.44968
-6.47051
-6.4966
-6.52961
-6.56248
-6.59749
-6.63606
-6.6734
-6.7117
-6.74706
-6.77642
-6.79771
-6.80768
-6.80364
-6.78853
-6.76189
-6.72564
-6.68294
-6.63062
-6.57501
-6.51705
-6.4629
-6.41967
-6.39053
-6.38456
-6.39752
-6.42668
-6.46946
-6.52266
-6.57425
-6.62576
-6.6655
-6.69359
-6.70593
-6.70396
-6.69184
-6.67207
-6.64832
-6.62605
-6.60898
-6.59517
-6.5883
-6.58529
-6.58535
-6.58601
-6.58845
-6.58857
-6.58615
-6.58234
-6.58042
-6.57781
-6.57842
-6.57798
-6.57838
-6.57765
-6.57792
-6.57783
-6.57797
-6.57275
-6.56226
-6.54881
-6.53661
-6.52565
-6.51858
-6.51593
-6.51725
-6.52218
-6.52962
-6.54043
-6.55668
-6.57515
-6.59743
-6.62216
-6.64879
-6.67037
-6.68606
-6.6943
-6.69372
-6.68294
-6.66177
-6.63281
-6.59434
-6.55348
-6.5141
-6.48016
-6.45243
-6.44004
-6.4439
-6.46528
-6.4993
-6.54578
-6.59726
-6.64832
-6.69145
-6.72234
-6.74089
-6.73836
-6.72005
-6.69009
-6.64958
-6.60077
-6.54795
-6.49244
-6.44105
-6.39838
-6.37063
-6.35836
-6.36644
-6.38947
-6.42683
-6.4687
-6.51228
-6.55153
-6.58086
-6.59981
-6.60511
-6.60152
-6.58988
-6.57621
-6.56195
-6.55008
-6.53923
-6.53029
-6.52133
-6.51434
-6.51223
-6.52168
-6.53814
-6.56261
-6.58948
-6.61984
-6.65176
-6.6804
-6.70721
-6.72914
-6.73883
-6.73623
-6.72781
-6.71406
-6.69358
-6.66866
-6.64319
-6.61699
-6.59391
-6.57519
-6.55856
-6.5505
-6.54913
-6.55477
-6.55973
-6.56432
-6.56706
-6.56568
-6.56206
-6.55622
-6.55035
-6.54695
-6.54157
-6.53776
-6.53248
-6.52365
-6.51134
-6.49456
-6.48181
-6.46897
-6.46566
-6.47168
-6.48571
-6.50597
-6.53311
-6.56334
-6.59348
-6.61878
-6.64103
-6.6564
-6.67003
-6.67787
-6.67949
-6.67745
-6.66859
-6.65775
-6.64478
-6.62995
-6.61912
-6.60956
-6.59516
-6.5826
-6.56972
-6.55025
-6.52813
-6.50516
-6.4848
-6.46917
-6.46092
-6.46252
-6.46936
-6.48424
-6.50437
-6.52353
-6.54347
-6.5612
-6.57552
-6.58373
-6.58439
-6.57739
-6.56736
-6.55685
-6.54807
-6.54462
-6.54609
-6.55683
-6.57058
-6.5884
-6.60654
-6.62278
-6.63601
-6.64666
-6.65227
-6.65798
-6.6668
-6.67111
-6.67443
-6.66816
-6.65789
-6.63856
-6.60961
-6.57324
-6.53149
-6.48936
-6.45211
-6.42362
-6.40941
-6.41157
-6.43177
-6.4615
-6.49854
-6.53445
-6.56289
-6.58103
-6.58741
-6.58361
-6.57644
-6.56654
-6.55564
-6.54737
-6.54036
-6.5394
-6.54459
-6.56
-6.58461
-6.61451
-6.64386
-6.6693
-6.68957
-6.7009
-6.70746
-6.70735
-6.69937
-6.69123
-6.67509
-6.65433
-6.63144
-6.60873
-6.58933
-6.57632
-6.57155
-6.57257
-6.57944
-6.59191
-6.60864
-6.62595
-6.63735
-6.64231
-6.63207
-6.6116
-6.58073
-6.54816
-6.51649
-6.4913
-6.47744
-6.47771
-6.49007
-6.51313
-6.54385
-6.57352
-6.60063
-6.62038
-6.62594
-6.62359
-6.61285
-6.59395
-6.56941
-6.54485
-6.51971
-6.50151
-6.48785
-6.4828
-6.48707
-6.49947
-6.515
-6.53521
-6.55858
-6.58507
-6.61315
-6.63806
-6.65921
-6.67421
-6.6831
-6.68751
-6.68483
-6.67278
-6.66124
-6.64717
-6.63098
-6.61538
-6.6005
-6.58681
-6.5793
-6.57999
-6.5831
-6.59298
-6.6012
-6.60962
-6.61517
-6.61673
-6.61361
-6.61088
-6.60861
-6.60751
-6.60764
-6.60953
-6.61224
-6.61215
-6.60772
-6.59369
-6.57447
-6.54625
-6.51481
-6.48221
-6.45469
-6.43765
-6.43395
-6.44198
-6.46143
-6.48609
-6.51195
-6.53887
-6.56093
-6.57725
-6.59391
-6.60884
-6.62176
-6.63039
-6.6332
-6.63084
-6.62543
-6.61852
-6.61645
-6.60985
-6.60325
-6.59019
-6.5726
-6.55062
-6.52744
-6.50575
-6.48995
-6.48199
-6.48594
-6.50264
-6.52567
-6.55997
-6.60138
-6.6442
-6.68227
-6.71199
-6.73168
-6.7402
-6.73692
-6.72443
-6.70315
-6.67639
-6.64304
-6.60892
-6.5684
-6.52353
-6.48335
-6.44657
-6.41879
-6.39954
-6.39757
-6.41173
-6.43854
-6.47835
-6.52767
-6.57796
-6.62926
-6.67281
-6.70509
-6.7262
-6.73252
-6.72627
-6.70997
-6.68445
-6.65382
-6.61778
-6.57995
-6.54249
-6.50869
-6.47867
-6.4531
-6.4387
-6.43677
-6.44532
-6.4682
-6.49989
-6.53424
-6.57017
-6.60113
-6.62596
-6.6395
-6.64422
-6.63688
-6.61971
-6.5978
-6.57606
-6.56
-6.55551
-6.5581
-6.56991
-6.58813
-6.60961
-6.63118
-6.6467
-6.65885
-6.66791
-6.67297
-6.67796
-6.68087
-6.68526
-6.69285
-6.69127
-6.68598
-6.67066
-6.64043
-6.60518
-6.56224
-6.51572
-6.47641
-6.44802
-6.43282
-6.42974
-6.43873
-6.4568
-6.48217
-6.51263
-6.54005
-6.56253
-6.57571
-6.57559
-6.56438
-6.54489
-6.52068
-6.4987
-6.48038
-6.47357
-6.47756
-6.4941
-6.51934
-6.55144
-6.58494
-6.61414
-6.6371
-6.64588
-6.64715
-6.63906
-6.62688
-6.61407
-6.60241
-6.59995
-6.60889
-6.62412
-6.64794
-6.6736
-6.6936
-6.7045
-6.70208
-6.68925
-6.66557
-6.63345
-6.60224
-6.57445
-6.55094
-6.53583
-6.52481
-6.51954
-6.51405
-6.50823
-6.50038
-6.49014
-6.47867
-6.47668
-6.4794
-6.49469
-6.51828
-6.5506
-6.58601
-6.62151
-6.65202
-6.67833
-6.69524
-6.70039
-6.69403
-6.67571
-6.63926
-6.59602
-6.54467
-6.48586
-6.43206
-6.38979
-6.36727
-6.36594
-6.38346
-6.41675
-6.45902
-6.50286
-6.54501
-6.57794
-6.60646
-6.62562
-6.6397
-6.64812
-6.64963
-6.64876
-6.63693
-6.62485
-6.6094
-6.59439
-6.5817
-6.57316
-6.56501
-6.55536
-6.54961
-6.54866
-6.54656
-6.55171
-6.55809
-6.57013
-6.58569
-6.59694
-6.60917
-6.61588
-6.61801
-6.615
-6.60793
-6.59505
-6.5795
-6.5643
-6.54719
-6.53263
-6.52059
-6.51459
-6.51432
-6.51722
-6.52516
-6.53642
-6.54992
-6.56558
-6.57846
-6.58926
-6.5983
-6.60644
-6.61422
-6.62197
-6.62945
-6.63704
-6.6452
-6.64856
-6.65065
-6.64903
-6.64375
-6.63347
-6.62427
-6.61048
-6.59501
-6.58491
-6.57504
-6.57258
-6.58017
-6.59581
-6.61307
-6.63015
-6.64081
-6.64188
-6.63617
-6.61721
-6.59091
-6.55755
-6.51907
-6.47992
-6.44502
-6.41594
-6.39918
-6.3959
-6.40779
-6.43391
-6.46832
-6.50663
-6.54273
-6.57545
-6.59412
-6.60119
-6.59665
-6.58713
-6.57395
-6.55854
-6.5529
-6.55382
-6.56273
-6.57888
-6.60242
-6.62484
-6.63996
-6.64498
-6.642
-6.6255
-6.6027
-6.5789
-6.55813
-6.54471
-6.54005
-6.54143
-6.54667
-6.55188
-6.55426
-6.55406
-6.55559
-6.55439
-6.55743
-6.55495
-6.55349
-6.55575
-6.55761
-6.56189
-6.56569
-6.56727
-6.56389
-6.56048
-6.55052
-6.5428
-6.53611
-6.53323
-6.53344
-6.54244
-6.5542
-6.5678
-6.57804
-6.5876
-6.59605
-6.60054
-6.60069
-6.60237
-6.60497
-6.6107
-6.61598
-6.61936
-6.61989
-6.61145
-6.59678
-6.57712
-6.5529
-6.52821
-6.50557
-6.48538
-6.4695
-6.4587
-6.45918
-6.46781
-6.48737
-6.51748
-6.55209
-6.59157
-6.62981
-6.66245
-6.68935
-6.7023
-6.70513
-6.69248
-6.67145
-6.64835
-6.62399
-6.6023
-6.58183
-6.56568
-6.55365
-6.54271
-6.53474
-6.52921
-6.52601
-6.52697
-6.53246
-6.53989
-6.55211
-6.56565
-6.58327
-6.60346
-6.62058
-6.63518
-6.64238
-6.64363
-6.64157
-6.6401
-6.63781
-6.63979
-6.6374
-6.63399
-6.62991
-6.62204
-6.6118
-6.60045
-6.59415
-6.59535
-6.59208
-6.59045
-6.58423
-6.57334
-6.55713
-6.54061
-6.52274
-6.50441
-6.48799
-6.47527
-6.46756
-6.46157
-6.45963
-6.45966
-6.46568
-6.47316
-6.48203
-6.49412
-6.51182
-6.52975
-6.54989
-6.56891
-6.58411
-6.58943
-6.58915
-6.58121
-6.56704
-6.55231
-6.53444
-6.521
-6.5192
-6.52124
-6.53223
-6.54589
-6.56634
-6.58856
-6.61472
-6.63645
-6.65268
-6.65875
-6.65562
-6.64308
-6.62215
-6.59876
-6.57709
-6.56048
-6.55551
-6.56264
-6.58083
-6.60497
-6.63193
-6.6586
-6.67886
-6.69338
-6.69878
-6.69469
-6.68177
-6.6577
-6.62258
-6.57838
-6.53
-6.48103
-6.43443
-6.39482
-6.36719
-6.35931
-6.37081
-6.39942
-6.44012
-6.4893
-6.53727
-6.58557
-6.62871
-6.66588
-6.68925
-6.69849
-6.69556
-6.67569
-6.639
-6.59327
-6.54166
-6.49163
-6.45155
-6.43009
-6.42516
-6.4355
-6.45811
-6.4824
-6.50336
-6.51212
-6.51176
-6.50333
-6.49388
-6.48997
-6.50196
-6.53
-6.57345
-6.62678
-6.6756
-6.71723
-6.74886
-6.76875
-6.77411
-6.76671
-6.75238
-6.7361
-6.71901
-6.70162
-6.68815
-6.67394
-6.66404
-6.65289
-6.64386
-6.63448
-6.62509
-6.61554
-6.60198
-6.58437
-6.56321
-6.54392
-6.52537
-6.50954
-6.4939
-6.48324
-6.47513
-6.47427
-6.47458
-6.47723
-6.48326
-6.48656
-6.48964
-6.49164
-6.49673
-6.50182
-6.51144
-6.52279
-6.53347
-6.54838
-6.56
-6.57154
-6.58371
-6.59227
-6.59631
-6.60054
-6.60469
-6.60579
-6.60387
-6.60447
-6.60192
-6.59952
-6.59373
-6.58347
-6.56675
-6.54666
-6.52641
-6.50935
-6.49982
-6.49396
-6.48925
-6.48408
-6.47972
-6.4799
-6.49138
-6.51157
-6.53678
-6.57065
-6.60509
-6.63633
-6.6617
-6.6796
-6.68475
-6.67925
-6.66708
-6.65338
-6.63873
-6.62514
-6.61404
-6.60602
-6.60353
-6.60617
-6.61047
-6.62149
-6.63448
-6.65392
-6.67508
-6.68651
-6.68869
-6.6788
-6.65506
-6.61776
-6.56933
-6.52185
-6.48392
-6.46394
-6.4612
-6.47458
-6.49992
-6.52728
-6.55346
-6.5721
-6.58526
-6.59353
-6.59925
-6.60502
-6.61382
-6.62486
-6.6371
-6.64772
-6.66032
-6.66961
-6.67323
-6.67145
-6.66488
-6.65377
-6.63662
-6.61107
-6.58049
-6.54055
-6.49996
-6.45776
-6.42001
-6.39186
-6.37833
-6.38257
-6.4005
-6.436
-6.47405
-6.51537
-6.55604
-6.58961
-6.61659
-6.63747
-6.65077
-6.65613
-6.6505
-6.63769
-6.61997
-6.60017
-6.5926
-6.60593
-6.64257
-6.68571
-6.72129
-6.73895
-6.74368
-6.73484
-6.71486
-6.69365
-6.66812
-6.64069
-6.61734
-6.59454
-6.57542
-6.56302
-6.55235
-6.54368
-6.53259
-6.5208
-6.5063
-6.49071
-6.47482
-6.4671
-6.46501
-6.47292
-6.49327
-6.52321
-6.55738
-6.58658
-6.60664
-6.6205
-6.62428
-6.61783
-6.60823
-6.59305
-6.57546
-6.55869
-6.543
-6.53011
-6.52507
-6.52933
-6.54609
-6.57434
-6.60612
-6.63549
-6.65993
-6.67713
-6.68638
-6.68423
-6.67279
-6.65242
-6.62954
-6.60237
-6.57456
-6.5502
-6.52839
-6.51097
-6.49666
-6.48876
-6.48386
-6.48106
-6.47485
-6.46568
-6.45398
-6.43891
-6.42329
-6.41613
-6.41964
-6.43824
-6.46712
-6.50579
-6.54994
-6.59802
-6.64749
-6.69143
-6.7298
-6.761
-6.78103
-6.79378
-6.78938
-6.77563
-6.75061
-6.71918
-6.67873
-6.63349
-6.59176
-6.55951
-6.53392
-6.51833
-6.51025
-6.51331
-6.52048
-6.52621
-6.53482
-6.54286
-6.54724
-6.54739
-6.53937
-6.52521
-6.50371
-6.4813
-6.46332
-6.4498
-6.4466
-6.44892
-6.4541
-6.46213
-6.46735
-6.47034
-6.47691
-6.48781
-6.50509
-6.5282
-6.55577
-6.58633
-6.61407
-6.63572
-6.65299
-6.66497
-6.66851
-6.66438
-6.65233
-6.63875
-6.62367
-6.60892
-6.59255
-6.57824
-6.56753
-6.56181
-6.56021
-6.56148
-6.55985
-6.55727
-6.55228
-6.54951
-6.54906
-6.55188
-6.55843
-6.56089
-6.56207
-6.56003
-6.5584
-6.55497
-6.55556
-6.55805
-6.56267
-6.56771
-6.57278
-6.58641
-6.6018
-6.61638
-6.62642
-6.6279
-6.61828
-6.60853
-6.60196
-6.60075
-6.60891
-6.61714
-6.62371
-6.6316
-6.63399
-6.62679
-6.61248
-6.59381
-6.57476
-6.55757
-6.54606
-6.53578
-6.5332
-6.53409
-6.53585
-6.53961
-6.54167
-6.54256
-6.54312
-6.54051
-6.54136
-6.55076
-6.56643
-6.58774
-6.6128
-6.6325
-6.64685
-6.65276
-6.65016
-6.63666
-6.6178
-6.59505
-6.56974
-6.54341
-6.52315
-6.5108
-6.50525
-6.50787
-6.51582
-6.52748
-6.54215
-6.54975
-6.55521
-6.55673
-6.55469
-6.54629
-6.53168
-6.5143
-6.49699
-6.47965
-6.46941
-6.46684
-6.47442
-6.491
-6.51178
-6.53123
-6.54965
-6.56421
-6.57391
-6.58251
-6.59045
-6.59662
-6.60154
-6.60497
-6.60456
-6.60107
-6.59888
-6.5951
-6.59166
-6.5908
-6.59142
-6.59493
-6.60064
-6.60621
-6.61304
-6.61494
-6.61674
-6.61781
-6.61297
-6.6033
-6.59538
-6.5882
-6.57936
-6.57467
-6.57202
-6.57495
-6.5813
-6.59325
-6.60856
-6.62341
-6.63596
-6.64177
-6.63938
-6.63229
-6.61556
-6.59382
-6.56768
-6.54616
-6.53013
-6.52226
-6.5181
-6.51872
-6.52768
-6.53536
-6.54363
-6.54852
-6.5515
-6.5479
-6.54382
-6.53343
-6.52196
-6.51372
-6.51102
-6.5159
-6.52874
-6.5435
-6.55869
-6.56943
-6.57434
-6.57287
-6.5649
-6.55057
-6.53311
-6.51846
-6.50287
-6.49004
-6.4822
-6.47825
-6.47471
-6.47646
-6.48193
-6.49507
-6.51077
-6.52834
-6.54391
-6.55432
-6.55881
-6.55737
-6.55001
-6.54057
-6.5326
-6.5304
-6.53931
-6.55568
-6.58144
-6.61084
-6.63769
-6.66222
-6.68461
-6.70027
-6.70842
-6.71056
-6.70588
-6.69377
-6.68071
-6.66679
-6.65665
-6.6518
-6.65057
-6.65172
-6.65204
-6.6464
-6.63348
-6.61334
-6.58934
-6.564
-6.53609
-6.51093
-6.49291
-6.48094
-6.47322
-6.46625
-6.46508
-6.46876
-6.47162
-6.47716
-6.48499
-6.49507
-6.5104
-6.52792
-6.54579
-6.56565
-6.58294
-6.59603
-6.60473
-6.6085
-6.60621
-6.60343
-6.59706
-6.58938
-6.57793
-6.56732
-6.5508
-6.52673
-6.4992
-6.46742
-6.43386
-6.40483
-6.38408
-6.37743
-6.38723
-6.41517
-6.45691
-6.50495
-6.56053
-6.61366
-6.66203
-6.70309
-6.73326
-6.7534
-6.76034
-6.75704
-6.74106
-6.71936
-6.68939
-6.65756
-6.62578
-6.60229
-6.58581
-6.57966
-6.57975
-6.58173
-6.58291
-6.57513
-6.56053
-6.53743
-6.50906
-6.47937
-6.45433
-6.43629
-6.42882
-6.42815
-6.43335
-6.44582
-6.46609
-6.48964
-6.51872
-6.54929
-6.57884
-6.60608
-6.6319
-6.65258
-6.66851
-6.67698
-6.68208
-6.68264
-6.67779
-6.66902
-6.64944
-6.62325
-6.58901
-6.55212
-6.51362
-6.4811
-6.45401
-6.44162
-6.43551
-6.43618
-6.44525
-6.4609
-6.4815
-6.50504
-6.53014
-6.55346
-6.57252
-6.5882
-6.59959
-6.60983
-6.61803
-6.62886
-6.63415
-6.64156
-6.64171
-6.63476
-6.62203
-6.60491
-6.58659
-6.56847
-6.55299
-6.54208
-6.53401
-6.52711
-6.521
-6.51428
-6.50988
-6.50874
-6.51178
-6.5242
-6.54627
-6.56977
-6.59081
-6.60491
-6.61517
-6.61654
-6.61068
-6.59802
-6.58418
-6.57164
-6.56184
-6.5575
-6.56121
-6.56926
-6.58135
-6.59748
-6.61366
-6.62834
-6.63877
-6.65034
-6.65839
-6.66593
-6.66485
-6.66077
-6.65079
-6.63614
-6.61794
-6.6032
-6.58522
-6.57382
-6.57208
-6.57319
-6.57977
-6.58664
-6.59824
-6.60522
-6.61084
-6.607
-6.59156
-6.56855
-6.53834
-6.50331
-6.4707
-6.4465
-6.43322
-6.42818
-6.43424
-6.44311
-6.45393
-6.46355
-6.46912
-6.47317
-6.47725
-6.48553
-6.49909
-6.5179
-6.54623
-6.57777
-6.60899
-6.63493
-6.65834
-6.678
-6.69198
-6.70279
-6.70894
-6.71429
-6.71697
-6.71657
-6.71305
-6.70835
-6.69976
-6.68834
-6.67294
-6.65383
-6.62613
-6.59193
-6.55449
-6.51971
-6.49136
-6.47235
-6.46699
-6.4728
-6.48743
-6.50432
-6.51756
-6.52813
-6.53321
-6.53075
-6.52288
-6.50765
-6.49076
-6.47149
-6.45292
-6.44215
-6.43798
-6.44744
-6.46713
-6.49695
-6.53826
-6.58052
-6.62086
-6.65902
-6.68953
-6.71409
-6.72726
-6.72894
-6.72568
-6.71903
-6.70741
-6.69048
-6.66833
-6.64157
-6.61193
-6.58371
-6.55992
-6.53731
-6.52012
-6.50897
-6.50242
-6.50311
-6.50729
-6.51566
-6.52653
-6.54257
-6.55959
-6.57482
-6.59153
-6.60699
-6.62338
-6.64047
-6.65928
-6.67469
-6.68361
-6.68259
-6.67344
-6.65477
-6.62742
-6.59234
-6.55527
-6.52278
-6.49366
-6.47047
-6.45484
-6.44711
-6.45005
-6.46368
-6.4858
-6.51385
-6.54862
-6.58041
-6.60644
-6.62442
-6.63167
-6.63352
-6.62694
-6.61055
-6.58943
-6.56431
-6.53854
-6.51857
-6.50232
-6.49343
-6.49301
-6.49938
-6.51374
-6.52801
-6.54454
-6.56009
-6.57216
-6.5803
-6.58579
-6.58616
-6.58533
-6.58161
-6.58076
-6.57571
-6.57617
-6.57934
-6.58338
-6.58418
-6.58805
-6.59777
-6.61028
-6.62701
-6.64795
-6.6746
-6.70135
-6.7234
-6.73683
-6.73875
-6.7289
-6.70884
-6.6806
-6.64504
-6.60152
-6.56223
-6.52428
-6.49051
-6.4649
-6.44661
-6.43382
-6.42812
-6.42425
-6.42586
-6.43065
-6.43864
-6.44725
-6.45734
-6.46857
-6.47744
-6.48434
-6.48946
-6.48771
-6.48373
-6.47396
-6.46225
-6.45215
-6.44172
-6.44427
-6.46159
-6.49504
-6.54054
-6.59424
-6.65023
-6.7052
-6.75157
-6.78792
-6.8104
-6.81933
-6.81457
-6.80517
-6.78531
-6.76262
-6.74228
-6.72153
-6.70229
-6.68624
-6.6688
-6.64731
-6.62173
-6.59153
-6.56648
-6.54017
-6.51924
-6.50762
-6.50133
-6.49981
-6.50183
-6.50437
-6.51272
-6.52085
-6.52573
-6.5286
-6.5251
-6.51584
-6.50125
-6.48374
-6.46538
-6.45076
-6.44327
-6.44597
-6.46088
-6.48795
-6.52001
-6.55285
-6.58382
-6.61099
-6.62903
-6.64127
-6.64344
-6.63883
-6.6273
-6.6146
-6.59349
-6.57537
-6.55707
-6.54072
-6.52367
-6.51245
-6.50417
-6.50178
-6.50515
-6.51138
-6.51805
-6.52441
-6.53104
-6.53692
-6.54053
-6.54372
-6.54483
-6.54343
-6.54095
-6.53642
-6.53617
-6.53919
-6.55161
-6.5712
-6.59305
-6.6201
-6.64641
-6.66596
-6.68053
-6.68577
-6.67962
-6.66848
-6.65243
-6.63094
-6.60966
-6.59378
-6.57943
-6.56951
-6.56396
-6.56349
-6.56055
-6.56112
-6.56038
-6.56379
-6.5672
-6.57805
-6.58708
-6.60013
-6.60684
-6.60751
-6.59774
-6.58249
-6.55729
-6.52941
-6.50036
-6.46879
-6.44017
-6.41467
-6.39963
-6.39433
-6.40211
-6.42103
-6.45273
-6.49719
-6.54598
-6.59858
-6.64904
-6.69258
-6.72356
-6.74231
-6.74514
-6.73588
-6.71491
-6.6879
-6.65674
-6.62855
-6.59912
-6.56932
-6.53568
-6.50537
-6.47875
-6.45912
-6.45159
-6.45659
-6.47505
-6.50304
-6.53298
-6.56722
-6.59474
-6.61959
-6.63465
-6.64226
-6.64421
-6.64095
-6.63296
-6.62142
-6.60931
-6.59333
-6.57682
-6.56257
-6.5526
-6.54493
-6.54009
-6.53578
-6.53229
-6.53038
-6.53212
-6.53835
-6.55302
-6.57656
-6.60562
-6.63732
-6.66684
-6.68673
-6.69977
-6.70454
-6.69752
-6.68572
-6.67146
-6.65375
-6.6348
-6.6183
-6.60874
-6.60425
-6.61007
-6.6158
-6.62133
-6.62515
-6.61891
-6.60504
-6.58317
-6.55993
-6.5376
-6.51994
-6.51081
-6.50778
-6.51335
-6.52508
-6.5361
-6.5478
-6.55676
-6.56257
-6.56421
-6.56035
-6.55245
-6.54345
-6.53691
-6.5302
-6.52841
-6.5245
-6.51993
-6.51206
-6.50443
-6.49911
-6.49619
-6.49736
-6.50227
-6.5107
-6.52428
-6.53834
-6.55361
-6.57083
-6.58602
-6.60054
-6.61516
-6.62527
-6.63452
-6.63863
-6.63958
-6.63344
-6.62004
-6.60396
-6.58665
-6.57368
-6.56705
-6.56851
-6.57965
-6.59641
-6.61745
-6.63302
-6.63785
-6.6351
-6.62099
-6.60059
-6.57254
-6.5445
-6.51799
-6.50103
-6.4932
-6.49482
-6.50521
-6.51876
-6.53803
-6.55931
-6.58227
-6.60684
-6.63165
-6.6537
-6.67319
-6.68798
-6.69804
-6.70172
-6.69586
-6.68424
-6.67428
-6.65973
-6.64918
-6.64032
-6.63551
-6.63487
-6.63626
-6.63459
-6.6324
-6.62331
-6.60604
-6.57879
-6.5503
-6.51477
-6.47983
-6.44802
-6.42249
-6.40431
-6.39535
-6.39594
-6.40477
-6.42719
-6.45145
-6.47992
-6.50763
-6.53308
-6.55493
-6.57033
-6.58608
-6.59804
-6.60082
-6.5973
-6.59062
-6.58446
-6.57997
-6.58074
-6.58424
-6.59042
-6.60071
-6.60999
-6.61604
-6.61145
-6.6056
-6.59357
-6.57729
-6.55799
-6.53995
-6.53324
-6.53447
-6.54927
-6.57354
-6.60276
-6.63088
-6.65559
-6.6748
-6.68265
-6.68472
-6.67587
-6.65986
-6.63827
-6.61221
-6.5825
-6.54844
-6.51934
-6.49888
-6.48627
-6.47758
-6.4842
-6.49379
-6.50322
-6.51435
-6.52388
-6.53188
-6.53896
-6.55042
-6.56592
-6.58344
-6.60751
-6.63312
-6.65533
-6.6726
-6.67936
-6.67783
-6.66946
-6.65501
-6.64063
-6.62369
-6.60948
-6.59881
-6.58923
-6.58305
-6.57834
-6.56972
-6.56231
-6.5512
-6.54054
-6.53038
-6.52704
-6.52351
-6.52224
-6.51979
-6.52045
-6.52314
-6.52658
-6.53466
-6.54288
-6.54931
-6.55374
-6.55451
-6.55526
-6.55395
-6.55513
-6.56024
-6.56667
-6.57257
-6.57848
-6.58422
-6.58695
-6.58762
-6.58713
-6.58757
-6.59316
-6.59833
-6.60329
-6.60808
-6.60978
-6.60737
-6.60456
-6.60265
-6.60257
-6.60876
-6.61932
-6.62754
-6.63171
-6.62786
-6.61451
-6.58734
-6.55543
-6.52496
-6.49581
-6.47437
-6.46711
-6.47573
-6.49788
-6.53139
-6.56521
-6.59585
-6.61431
-6.62057
-6.61299
-6.59509
-6.57234
-6.54718
-6.52935
-6.51793
-6.51857
-6.53027
-6.55438
-6.58695
-6.62637
-6.66418
-6.69713
-6.72357
-6.74192
-6.74969
-6.74852
-6.73959
-6.72836
-6.71081
-6.68988
-6.66516
-6.6394
-6.60607
-6.56726
-6.52765
-6.49149
-6.46488
-6.44829
-6.44389
-6.44945
-6.46416
-6.47951
-6.49485
-6.50399
-6.50795
-6.50514
-6.50027
-6.49866
-6.50059
-6.50884
-6.52254
-6.54065
-6.5654
-6.59442
-6.62204
-6.64517
-6.66407
-6.67597
-6.67816
-6.67413
-6.66845
-6.65909
-6.64469
-6.63162
-6.61573
-6.59262
-6.5682
-6.54311
-6.52065
-6.50068
-6.49172
-6.49343
-6.50517
-6.52508
-6.54965
-6.57361
-6.5919
-6.60283
-6.60212
-6.59409
-6.57744
-6.55884
-6.54243
-6.53379
-6.53525
-6.54706
-6.56233
-6.58322
-6.6056
-6.62251
-6.63186
-6.63484
-6.62439
-6.61165
-6.58761
-6.564
-6.54419
-6.53668
-6.53791
-6.54164
-6.54795
-6.55149
-6.55566
-6.56375
-6.5745
-6.58559
-6.59638
-6.60979
-6.61897
-6.62385
-6.6244
-6.62237
-6.61849
-6.62292
-6.63253
-6.64848
-6.66281
-6.67836
-6.68676
-6.68552
-6.67641
-6.65917
-6.63284
-6.60443
-6.575
-6.54916
-6.53049
-6.51757
-6.51782
-6.52621
-6.54616
-6.56543
-6.58146
-6.59101
-6.59275
-6.58105
-6.56469
-6.54601
-6.52683
-6.51292
-6.50257
-6.49166
-6.48215
-6.46996
-6.46008
-6.45805
-6.46616
-6.48313
-6.51303
-6.54547
-6.57948
-6.60543
-6.62836
-6.64156
-6.6478
-6.64297
-6.63736
-6.62772
-6.61827
-6.61105
-6.60862
-6.61156
-6.62075
-6.63275
-6.64014
-6.64216
-6.63517
-6.61986
-6.6008
-6.58285
-6.56711
-6.55482
-6.54969
-6.54994
-6.55552
-6.56054
-6.56668
-6.57205
-6.57234
-6.57246
-6.57128
-6.57328
-6.57577
-6.58245
-6.59337
-6.60716
-6.61542
-6.61828
-6.61903
-6.61783
-6.61334
-6.60399
-6.59208
-6.58129
-6.57298
-6.56513
-6.56309
-6.5626
-6.56686
-6.57418
-6.58625
-6.59504
-6.60252
-6.61064
-6.61632
-6.61878
-6.62284
-6.62365
-6.6222
-6.61526
-6.60671
-6.5978
-6.58797
-6.57857
-6.5701
-6.56433
-6.56243
-6.55613
-6.55019
-6.5419
-6.52836
-6.51059
-6.49383
-6.47375
-6.45523
-6.44474
-6.44448
-6.45461
-6.47592
-6.50876
-6.54579
-6.58211
-6.61396
-6.63965
-6.66055
-6.6753
-6.68359
-6.68476
-6.67978
-6.66594
-6.64383
-6.61834
-6.59235
-6.56266
-6.53171
-6.50385
-6.4828
-6.4698
-6.46924
-6.47889
-6.49917
-6.52559
-6.55531
-6.58734
-6.62143
-6.6588
-6.69182
-6.71723
-6.73081
-6.73606
-6.72918
-6.7123
-6.68894
-6.65849
-6.62814
-6.60288
-6.57635
-6.55328
-6.53733
-6.52472
-6.51125
-6.50126
-6.49026
-6.48387
-6.48558
-6.49886
-6.52114
-6.55056
-6.58392
-6.61366
-6.63107
-6.63712
-6.63163
-6.61299
-6.59136
-6.56798
-6.54894
-6.53558
-6.53028
-6.53122
-6.53591
-6.54053
-6.54471
-6.55117
-6.56068
-6.57069
-6.58582
-6.60103
-6.61784
-6.63082
-6.63901
-6.64041
-6.63729
-6.63024
-6.61708
-6.60364
-6.58926
-6.5793
-6.57425
-6.57492
-6.57554
-6.57971
-6.58418
-6.58882
-6.59177
-6.59498
-6.59363
-6.59598
-6.5975
-6.60239
-6.60805
-6.62081
-6.63094
-6.6368
-6.64118
-6.63832
-6.6292
-6.61719
-6.60367
-6.58278
-6.56155
-6.54185
-6.52006
-6.50458
-6.4921
-6.48748
-6.48974
-6.49864
-6.50752
-6.51626
-6.52207
-6.52365
-6.52389
-6.52688
-6.53839
-6.5595
-6.58437
-6.61105
-6.63853
-6.66387
-6.68233
-6.69576
-6.69533
-6.68519
-6.66533
-6.63927
-6.60947
-6.57867
-6.5476
-6.52012
-6.49829
-6.48144
-6.47565
-6.47816
-6.48405
-6.49731
-6.51395
-6.5267
-6.53934
-6.54966
-6.55889
-6.56949
-6.57645
-6.58559
-6.59213
-6.59415
-6.59329
-6.59025
-6.58567
-6.5849
-6.58297
-6.5841
-6.58993
-6.59304
-6.59605
-6.60151
-6.60469
-6.60944
-6.61344
-6.61566
-6.61482
-6.60924
-6.60056
-6.58448
-6.56101
-6.53629
-6.51166
-6.48727
-6.46974
-6.45858
-6.46111
-6.47733
-6.50549
-6.54662
-6.58996
-6.63061
-6.66282
-6.68799
-6.70137
-6.70546
-6.70139
-6.69313
-6.67862
-6.66133
-6.64579
-6.62906
-6.61147
-6.59297
-6.57555
-6.56183
-6.55696
-6.56292
-6.57511
-6.58963
-6.60474
-6.62121
-6.63717
-6.65457
-6.66682
-6.6661
-6.65623
-6.63738
-6.6132
-6.58904
-6.56135
-6.54205
-6.52569
-6.51501
-6.5058
-6.49852
-6.4928
-6.48781
-6.49234
-6.49739
-6.50713
-6.51545
-6.52224
-6.52687
-6.52725
-6.52707
-6.52981
-6.53452
-6.54659
-6.56449
-6.58672
-6.60572
-6.62272
-6.6329
-6.63901
-6.63954
-6.63521
-6.62604
-6.61536
-6.60512
-6.59971
-6.59527
-6.59629
-6.59978
-6.60001
-6.59684
-6.59237
-6.582
-6.5613
-6.54021
-6.51878
-6.50145
-6.49372
-6.49234
-6.50059
-6.51499
-6.53334
-6.55652
-6.57646
-6.59519
-6.61149
-6.62218
-6.62675
-6.62576
-6.61551
-6.60542
-6.59608
-6.59405
-6.59818
-6.60562
-6.60928
-6.60983
-6.60411
-6.59688
-6.58531
-6.57308
-6.56061
-6.54809
-6.53846
-6.53182
-6.52901
-6.53015
-6.53309
-6.54119
-6.54583
-6.5522
-6.55523
-6.55957
-6.56622
-6.57656
-6.59662
-6.61728
-6.64003
-6.66146
-6.67604
-6.68468
-6.68503
-6.67314
-6.65566
-6.63506
-6.60861
-6.58496
-6.56523
-6.54535
-6.53326
-6.52664
-6.52576
-6.53014
-6.5363
-6.5459
-6.55355
-6.56272
-6.57222
-6.58052
-6.58813
-6.59367
-6.59556
-6.59558
-6.59596
-6.60247
-6.6114
-6.61852
-6.62456
-6.62074
-6.60823
-6.59135
-6.57519
-6.55877
-6.54333
-6.53095
-6.52353
-6.52259
-6.52313
-6.52595
-6.5232
-6.52049
-6.51221
-6.49814
-6.48655
-6.4756
-6.46771
-6.46325
-6.46301
-6.46209
-6.46317
-6.47459
-6.49493
-6.52486
-6.5596
-6.59664
-6.62833
-6.65295
-6.66651
-6.67567
-6.67746
-6.67611
-6.67348
-6.67286
-6.67518
-6.6764
-6.67483
-6.67292
-6.66976
-6.66253
-6.65354
-6.64582
-6.63974
-6.63914
-6.63836
-6.63694
-6.63209
-6.62053
-6.60758
-6.59421
-6.57655
-6.55576
-6.53407
-6.51412
-6.49547
-6.47811
-6.46789
-6.46064
-6.46094
-6.46289
-6.46409
-6.4641
-6.46061
-6.45882
-6.45589
-6.4614
-6.46945
-6.48337
-6.50215
-6.52393
-6.54819
-6.5747
-6.59865
-6.62633
-6.64556
-6.66204
-6.67725
-6.68719
-6.6907
-6.68895
-6.67969
-6.66795
-6.64848
-6.62288
-6.59389
-6.56499
-6.5434
-6.5326
-6.53221
-6.53989
-6.55231
-6.56633
-6.58224
-6.60114
-6.62357
-6.64557
-6.66355
-6.67783
-6.68329
-6.68522
-6.67702
-6.6617
-6.64105
-6.61801
-6.59779
-6.57709
-6.55233
-6.52304
-6.49119
-6.45841
-6.43261
-6.41683
-6.41246
-6.42199
-6.44073
-6.46693
-6.49595
-6.52197
-6.5408
-6.55542
-6.56374
-6.56579
-6.5643
-6.5661
-6.57322
-6.5898
-6.61633
-6.64406
-6.66939
-6.68576
-6.69019
-6.68519
-6.67286
-6.65719
-6.64341
-6.63083
-6.6211
-6.61513
-6.61711
-6.61737
-6.61646
-6.61077
-6.59945
-6.58401
-6.56959
-6.55918
-6.55299
-6.55234
-6.55571
-6.56366
-6.56638
-6.56703
-6.56427
-6.55628
-6.54568
-6.53135
-6.51947
-6.50728
-6.49567
-6.48941
-6.49402
-6.502
-6.51299
-6.52513
-6.5299
-6.52815
-6.51962
-6.50812
-6.49584
-6.48768
-6.4845
-6.48405
-6.49029
-6.50036
-6.51556
-6.53548
-6.5601
-6.58666
-6.61283
-6.63835
-6.65834
-6.66865
-6.66557
-6.6511
-6.6268
-6.59623
-6.56798
-6.54531
-6.53111
-6.5269
-6.53928
-6.56268
-6.59127
-6.62764
-6.66257
-6.69177
-6.71272
-6.72403
-6.72162
-6.70893
-6.68503
-6.65246
-6.61574
-6.575
-6.53876
-6.51224
-6.49721
-6.48862
-6.49256
-6.4994
-6.50313
-6.50441
-6.50615
-6.5064
-6.51025
-6.51439
-6.52487
-6.53444
-6.541
-6.5467
-6.55028
-6.55188
-6.55566
-6.55937
-6.56894
-6.58012
-6.59216
-6.60274
-6.60847
-6.60916
-6.60773
-6.60373
-6.6002
-6.59849
-6.59653
-6.59337
-6.58816
-6.58013
-6.56932
-6.56007
-6.55102
-6.54625
-6.54377
-6.54209
-6.53975
-6.53761
-6.53186
-6.52404
-6.51601
-6.51258
-6.51027
-6.51335
-6.51763
-6.52084
-6.52289
-6.52709
-6.53486
-6.54339
-6.55543
-6.56882
-6.58268
-6.59418
-6.60895
-6.62023
-6.63359
-6.649
-6.66283
-6.67296
-6.67851
-6.6799
-6.67516
-6.6648
-6.64784
-6.62239
-6.59268
-6.5548
-6.51865
-6.48903
-6.47141
-6.47137
-6.48934
-6.51541
-6.55013
-6.57921
-6.60472
-6.61887
-6.62505
-6.62004
-6.61043
-6.5986
-6.5874
-6.58179
-6.58005
-6.58201
-6.58316
-6.58473
-6.57957
-6.56968
-6.55237
-6.52986
-6.50582
-6.47815
-6.45695
-6.44227
-6.43868
-6.44545
-6.46426
-6.49527
-6.53344
-6.57326
-6.61006
-6.63866
-6.65739
-6.65946
-6.6484
-6.62277
-6.58937
-6.55567
-6.52488
-6.50921
-6.50431
-6.51204
-6.52815
-6.54455
-6.56013
-6.57402
-6.58245
-6.58881
-6.59086
-6.59582
-6.60214
-6.61281
-6.6221
-6.63223
-6.63807
-6.63831
-6.6352
-6.62475
-6.60613
-6.58511
-6.56225
-6.54134
-6.52332
-6.51082
-6.50321
-6.49894
-6.50083
-6.50312
-6.51232
-6.52384
-6.53848
-6.55456
-6.57083
-6.58502
-6.59301
-6.59611
-6.59649
-6.59
-6.58224
-6.56779
-6.55112
-6.53471
-6.52187
-6.51642
-6.51983
-6.53199
-6.55321
-6.57643
-6.59658
-6.61495
-6.62859
-6.63322
-6.63632
-6.63528
-6.63809
-6.6376
-6.63806
-6.63284
-6.62653
-6.61613
-6.60094
-6.58467
-6.56809
-6.55522
-6.54663
-6.54132
-6.53945
-6.53896
-6.54191
-6.53986
-6.53744
-6.53601
-6.5353
-6.53276
-6.52968
-6.52789
-6.53075
-6.53479
-6.54007
-6.54648
-6.55068
-6.54966
-6.54615
-6.54214
-6.54085
-6.55047
-6.5714
-6.59631
-6.61765
-6.62731
-6.62353
-6.60843
-6.58504
-6.56039
-6.53682
-6.52037
-6.51548
-6.52692
-6.55173
-6.58321
-6.62007
-6.65066
-6.6662
-6.66843
-6.65896
-6.63616
-6.60342
-6.5728
-6.54455
-6.52128
-6.51067
-6.51409
-6.53183
-6.5568
-6.58632
-6.61886
-6.64648
-6.66941
-6.68503
-6.6896
-6.68426
-6.67121
-6.65187
-6.62242
-6.58501
-6.54832
-6.51278
-6.48374
-6.46632
-6.46328
-6.47461
-6.49767
-6.53046
-6.56471
-6.60069
-6.63177
-6.65345
-6.66576
-6.66515
-6.65539
-6.63417
-6.60839
-6.58075
-6.55756
-6.53929
-6.52984
-6.53329
-6.54408
-6.56213
-6.58077
-6.59242
-6.59434
-6.58726
-6.5721
-6.55161
-6.52848
-6.51221
-6.50078
-6.49722
-6.50061
-6.51168
-6.53098
-6.54588
-6.56138
-6.57093
-6.57398
-6.57172
-6.56808
-6.56318
-6.56119
-6.56207
-6.57077
-6.58496
-6.60148
-6.62222
-6.63994
-6.65394
-6.66478
-6.67186
-6.67699
-6.67962
-6.68155
-6.67608
-6.67024
-6.6578
-6.63881
-6.61692
-6.59181
-6.56638
-6.54038
-6.51658
-6.49168
-6.47189
-6.45421
-6.44083
-6.43316
-6.43284
-6.44647
-6.47005
-6.50367
-6.54291
-6.57633
-6.60225
-6.6183
-6.62582
-6.62745
-6.62644
-6.62743
-6.62673
-6.62673
-6.62822
-6.62809
-6.62723
-6.62385
-6.61877
-6.61166
-6.60478
-6.59829
-6.59779
-6.60529
-6.61952
-6.63718
-6.65437
-6.66936
-6.67417
-6.66813
-6.65204
-6.62665
-6.591
-6.55471
-6.52049
-6.49075
-6.47109
-6.45754
-6.45581
-6.46097
-6.47076
-6.49152
-6.51128
-6.53419
-6.55385
-6.5696
-6.57984
-6.58409
-6.58009
-6.57639
-6.57327
-6.57735
-6.58863
-6.60595
-6.62857
-6.65166
-6.66896
-6.68113
-6.6847
-6.67959
-6.67117
-6.6575
-6.63983
-6.62318
-6.60708
-6.59185
-6.57648
-6.56136
-6.54008
-6.51472
-6.48767
-6.45705
-6.43487
-6.42112
-6.42049
-6.43246
-6.45509
-6.48236
-6.51151
-6.53657
-6.5604
-6.58058
-6.59891
-6.61633
-6.63714
-6.65867
-6.68277
-6.70446
-6.72205
-6.73132
-6.72655
-6.70949
-6.68103
-6.64454
-6.60638
-6.56786
-6.53523
-6.51226
-6.50104
-6.50258
-6.51122
-6.52824
-6.54642
-6.56501
-6.58474
-6.60224
-6.61889
-6.63425
-6.64489
-6.64802
-6.64211
-6.62923
-6.60539
-6.57042
-6.5306
-6.49556
-6.46214
-6.4375
-6.42213
-6.41839
-6.42308
-6.43577
-6.45653
-6.48305
-6.51278
-6.54538
-6.57497
-6.59798
-6.61153
-6.61587
-6.60596
-6.59194
-6.57425
-6.56058
-6.55443
-6.56101
-6.58098
-6.60764
-6.63361
-6.654
-6.66454
-6.6666
-6.65448
-6.63658
-6.62067
-6.60984
-6.60912
-6.60898
-6.60753
-6.60082
-6.58889
-6.57352
-6.55421
-6.53507
-6.52082
-6.51102
-6.51015
-6.51831
-6.53226
-6.54941
-6.56627
-6.58188
-6.58726
-6.58542
-6.57517
-6.56347
-6.54927
-6.53974
-6.53426
-6.53881
-6.54951
-6.5661
-6.59032
-6.6154
-6.64176
-6.6642
-6.68005
-6.6918
-6.69602
-6.69042
-6.67987
-6.65985
-6.63707
-6.60845
-6.58188
-6.55993
-6.54174
-6.52808
-6.5135
-6.5019
-6.49402
-6.48933
-6.4827
-6.48143
-6.48269
-6.48187
-6.48217
-6.48432
-6.48831
-6.49577
-6.50921
-6.52516
-6.54562
-6.56536
-6.58604
-6.60516
-6.62606
-6.64569
-6.65917
-6.66854
-6.67403
-6.67278
-6.66902
-6.66255
-6.65388
-6.64339
-6.63179
-6.6186
-6.60706
-6.59485
-6.58409
-6.57661
-6.56948
-6.56386
-6.56113
-6.56049
-6.56153
-6.5586
-6.55436
-6.54611
-6.53361
-6.52316
-6.51375
-6.51192
-6.51982
-6.53947
-6.57038
-6.60235
-6.63953
-6.66963
-6.68987
-6.69843
-6.69562
-6.68235
-6.66371
-6.64175
-6.62256
-6.60837
-6.59956
-6.59414
-6.58957
-6.58304
-6.57537
-6.55987
-6.54124
-6.51271
-6.47962
-6.4428
-6.40695
-6.37757
-6.35982
-6.35891
-6.37549
-6.40894
-6.45386
-6.50786
-6.56423
-6.61803
-6.67004
-6.71253
-6.74231
-6.75495
-6.75077
-6.73049
-6.69576
-6.65031
-6.5967
-6.53986
-6.48645
-6.44025
-6.40832
-6.38982
-6.39065
-6.40612
-6.43089
-6.46817
-6.50701
-6.55037
-6.59217
-6.62917
-6.66537
-6.69585
-6.72212
-6.73673
-6.74102
-6.73097
-6.71229
-6.6864
-6.65747
-6.63548
-6.61955
-6.61182
-6.61041
-6.61341
-6.61705
-6.6224
-6.62481
-6.6205
-6.61426
-6.59675
-6.57361
-6.55005
-6.528
-6.51142
-6.49959
-6.49515
-6.49785
-6.50408
-6.51485
-6.52206
-6.53177
-6.53569
-6.53861
-6.53539
-6.52881
-6.52522
-6.52828
-6.54035
-6.55975
-6.58522
-6.61421
-6.6449
-6.67015
-6.68275
-6.68992
-6.68073
-6.66287
-6.63401
-6.59645
-6.55719
-6.51063
-6.4656
-6.42377
-6.39215
-6.37822
-6.38163
-6.40162
-6.4396
-6.49145
-6.54172
-6.58863
-6.62695
-6.65754
-6.67433
-6.68321
-6.67956
-6.67092
-6.65904
-6.64556
-6.63519
-6.63484
-6.63674
-6.64554
-6.65267
-6.65942
-6.66211
-6.66025
-6.65137
-6.63604
-6.611
-6.58045
-6.54163
-6.50605
-6.47686
-6.45818
-6.45696
-6.46722
-6.48876
-6.51613
-6.54217
-6.56539
-6.58247
-6.59135
-6.59278
-6.58863
-6.5762
-6.56118
-6.55049
-6.54564
-6.54421
-6.54954
-6.56243
-6.57773
-6.59517
-6.61038
-6.61924
-6.62397
-6.62434
-6.61962
-6.60964
-6.59982
-6.5915
-6.58567
-6.58043
-6.57236
-6.56282
-6.54919
-6.52912
-6.50599
-6.48302
-6.45847
-6.44104
-6.42973
-6.42435
-6.42765
-6.43571
-6.44743
-6.4617
-6.4786
-6.49708
-6.51627
-6.53619
-6.55503
-6.57286
-6.58762
-6.59725
-6.60015
-6.59739
-6.59355
-6.58837
-6.58276
-6.58385
-6.59692
-6.61388
-6.63797
-6.66552
-6.69014
-6.71095
-6.72294
-6.72381
-6.72011
-6.70908
-6.68933
-6.6659
-6.63659
-6.60966
-6.5875
-6.57257
-6.56306
-6.56265
-6.56667
-6.57895
-6.58916
-6.60216
-6.61178
-6.61185
-6.60481
-6.59164
-6.57217
-6.55226
-6.5337
-6.51861
-6.50736
-6.502
-6.50326
-6.50492
-6.51107
-6.51753
-6.52275
-6.52725
-6.53071
-6.53647
-6.54608
-6.55908
-6.56996
-6.58251
-6.58937
-6.59172
-6.59175
-6.58018
-6.56646
-6.5477
-6.53051
-6.51393
-6.49911
-6.48899
-6.48272
-6.486
-6.49835
-6.51493
-6.53428
-6.55164
-6.56439
-6.56852
-6.56806
-6.56435
-6.55726
-6.54659
-6.53447
-6.51898
-6.50418
-6.4887
-6.47415
-6.46192
-6.45882
-6.46652
-6.48454
-6.50849
-6.54082
-6.57874
-6.61959
-6.65311
-6.68015
-6.697
-6.69919
-6.69587
-6.68449
-6.67041
-6.65801
-6.6493
-6.65021
-6.65839
-6.67575
-6.69442
-6.71355
-6.72722
-6.7307
-6.72073
-6.69631
-6.66169
-6.61902
-6.57119
-6.52806
-6.49096
-6.46654
-6.45752
-6.46035
-6.47661
-6.49488
-6.50989
-6.521
-6.52231
-6.51738
-6.51112
-6.50233
-6.49715
-6.50084
-6.51138
-6.52532
-6.54111
-6.55401
-6.56268
-6.56882
-6.56691
-6.5618
-6.55589
-6.55396
-6.55635
-6.56373
-6.57477
-6.58756
-6.59626
-6.60442
-6.60765
-6.61116
-6.61442
-6.61828
-6.62286
-6.62719
-6.63165
-6.63357
-6.62839
-6.61673
-6.59864
-6.57682
-6.55162
-6.52358
-6.49899
-6.47954
-6.46654
-6.45841
-6.45883
-6.47078
-6.49036
-6.51732
-6.54719
-6.57459
-6.60004
-6.61842
-6.63251
-6.63939
-6.64073
-6.63151
-6.61359
-6.58755
-6.55578
-6.52907
-6.51067
-6.50125
-6.50553
-6.5211
-6.5457
-6.5727
-6.59897
-6.6202
-6.63547
-6.64307
-6.65188
-6.6593
-6.66457
-6.66725
-6.67016
-6.66766
-6.66098
-6.64723
-6.63068
-6.61082
-6.58901
-6.57365
-6.55723
-6.54606
-6.53724
-6.53076
-6.52885
-6.52824
-6.5273
-6.52936
-6.52847
-6.52867
-6.52831
-6.53054
-6.53484
-6.54494
-6.55841
-6.57312
-6.59339
-6.61364
-6.63603
-6.65258
-6.66488
-6.66643
-6.65924
-6.64939
-6.63496
-6.62146
-6.60828
-6.59602
-6.58429
-6.57154
-6.55916
-6.54404
-6.52867
-6.51773
-6.50928
-6.50913
-6.51426
-6.52473
-6.54155
-6.56404
-6.58271
-6.59797
-6.61049
-6.61674
-6.61798
-6.61233
-6.60409
-6.59495
-6.58742
-6.58391
-6.58109
-6.58259
-6.58891
-6.59558
-6.60305
-6.60914
-6.61368
-6.61572
-6.61407
-6.6069
-6.59469
-6.57827
-6.56039
-6.54142
-6.52553
-6.51685
-6.51656
-6.52752
-6.53908
-6.55835
-6.57893
-6.59903
-6.61579
-6.62339
-6.62776
-6.62021
-6.60077
-6.56794
-6.52939
-6.4945
-6.47016
-6.46396
-6.47024
-6.48203
-6.49765
-6.50893
-6.52115
-6.52845
-6.53772
-6.54292
-6.54967
-6.55882
-6.56488
-6.57412
-6.58228
-6.58517
-6.58608
-6.58241
-6.57965
-6.5752
-6.57152
-6.57255
-6.57158
-6.57089
-6.56748
-6.55925
-6.54965
-6.53767
-6.5247
-6.51718
-6.51701
-6.52513
-6.53943
-6.5643
-6.59217
-6.61978
-6.64173
-6.65988
-6.6642
-6.65733
-6.63994
-6.6192
-6.59829
-6.58224
-6.5717
-6.56745
-6.56611
-6.5667
-6.56395
-6.5579
-6.54904
-6.54568
-6.55056
-6.55952
-6.57588
-6.59454
-6.61692
-6.63273
-6.64451
-6.6488
-6.64471
-6.62961
-6.60925
-6.58872
-6.56914
-6.55108
-6.54315
-6.54096
-6.54582
-6.55195
-6.55881
-6.56526
-6.56988
-6.57649
-6.58322
-6.59141
-6.59923
-6.60224
-6.60029
-6.59246
-6.58106
-6.57067
-6.56006
-6.55979
-6.56117
-6.56511
-6.56285
-6.55586
-6.54436
-6.53416
-6.52696
-6.5276
-6.53182
-6.53919
-6.54622
-6.55504
-6.56923
-6.58449
-6.59923
-6.6111
-6.62417
-6.63545
-6.64103
-6.64341
-6.64588
-6.63915
-6.63069
-6.61559
-6.59427
-6.57423
-6.55775
-6.5483
-6.54316
-6.54738
-6.55147
-6.55971
-6.56827
-6.57482
-6.57833
-6.5769
-6.5696
-6.55749
-6.54254
-6.52523
-6.51556
-6.51433
-6.52166
-6.53656
-6.55696
-6.57602
-6.58746
-6.5941
-6.58793
-6.57342
-6.55279
-6.5314
-6.5126
-6.50105
-6.49284
-6.49123
-6.49377
-6.50104
-6.513
-6.53502
-6.56285
-6.59393
-6.62011
-6.63928
-6.64977
-6.64983
-6.64506
-6.63802
-6.62563
-6.61468
-6.60075
-6.59148
-6.58621
-6.58284
-6.583
-6.58165
-6.5755
-6.56562
-6.55215
-6.5469
-6.54764
-6.55877
-6.57655
-6.60054
-6.62213
-6.64011
-6.64575
-6.63819
-6.61883
-6.59031
-6.5575
-6.51919
-6.48454
-6.45514
-6.43798
-6.42905
-6.43338
-6.44945
-6.48012
-6.51852
-6.56121
-6.60586
-6.64687
-6.67682
-6.69651
-6.70191
-6.69444
-6.6758
-6.65209
-6.62487
-6.59202
-6.56033
-6.53137
-6.504
-6.48417
-6.47187
-6.46963
-6.47913
-6.49566
-6.51935
-6.54619
-6.57848
-6.61077
-6.64298
-6.67068
-6.69666
-6.71832
-6.73415
-6.74073
-6.74577
-6.74421
-6.73674
-6.72459
-6.70275
-6.67511
-6.63785
-6.59396
-6.548
-6.50331
-6.46486
-6.43728
-6.42345
-6.4237
-6.43955
-6.46268
-6.48814
-6.511
-6.53019
-6.53937
-6.5444
-6.54299
-6.53999
-6.53651
-6.53245
-6.53505
-6.5412
-6.5503
-6.55765
-6.56386
-6.56742
-6.56768
-6.56651
-6.5633
-6.56136
-6.56113
-6.56061
-6.56753
-6.57266
-6.57639
-6.57819
-6.58146
-6.589
-6.59619
-6.60861
-6.61725
-6.61873
-6.60845
-6.59376
-6.57742
-6.56363
-6.55791
-6.56097
-6.57058
-6.58555
-6.60092
-6.61834
-6.63197
-6.64456
-6.65298
-6.65275
-6.6478
-6.64049
-6.62932
-6.61637
-6.6037
-6.58834
-6.57381
-6.55827
-6.54421
-6.53678
-6.53387
-6.53899
-6.54785
-6.55866
-6.57111
-6.58533
-6.59413
-6.5944
-6.59085
-6.57997
-6.56509
-6.5445
-6.52412
-6.50713
-6.49087
-6.47906
-6.47146
-6.4706
-6.47667
-6.49151
-6.51057
-6.53534
-6.55858
-6.58138
-6.59792
-6.61142
-6.61859
-6.62156
-6.61903
-6.61693
-6.61376
-6.61304
-6.6127
-6.614
-6.61795
-6.62055
-6.62058
-6.61934
-6.61758
-6.61238
-6.60508
-6.59689
-6.58787
-6.57445
-6.5623
-6.54935
-6.53544
-6.52148
-6.51119
-6.50724
-6.51245
-6.52636
-6.54146
-6.56275
-6.58106
-6.59392
-6.60268
-6.61314
-6.6179
-6.61931
-6.62373
-6.63011
-6.63629
-6.64003
-6.64032
-6.63965
-6.63985
-6.63947
-6.63865
-6.63784
-6.63247
-6.63261
-6.63053
-6.63526
-6.64069
-6.64714
-6.65566
-6.65822
-6.65424
-6.64133
-6.62071
-6.59214
-6.55501
-6.51598
-6.4778
-6.44605
-6.42257
-6.41457
-6.41416
-6.42285
-6.44059
-6.4631
-6.48556
-6.50745
-6.52286
-6.53144
-6.53545
-6.5315
-6.52534
-6.51676
-6.5143
-6.51716
-6.52969
-6.55079
-6.57933
-6.60882
-6.63638
-6.66281
-6.68685
-6.70815
-6.72461
-6.73363
-6.73916
-6.73801
-6.72958
-6.71758
-6.70077
-6.68148
-6.65793
-6.63079
-6.60133
-6.57545
-6.55406
-6.54189
-6.53594
-6.53684
-6.54004
-6.54438
-6.54702
-6.54642
-6.54315
-6.5393
-6.53286
-6.52366
-6.5125
-6.50163
-6.49025
-6.4818
-6.47817
-6.4829
-6.49542
-6.51275
-6.53254
-6.54859
-6.56269
-6.57334
-6.58158
-6.59193
-6.59389
-6.59392
-6.58618
-6.57568
-6.56783
-6.55822
-6.55525
-6.55576
-6.56189
-6.57207
-6.58714
-6.60683
-6.62914
-6.65575
-6.67853
-6.69571
-6.70346
-6.70216
-6.69239
-6.67579
-6.65957
-6.6425
-6.62608
-6.61262
-6.5988
-6.58585
-6.57598
-6.56278
-6.54573
-6.52238
-6.49654
-6.47006
-6.45431
-6.44449
-6.4505
-6.46649
-6.49161
-6.51883
-6.54196
-6.55985
-6.56836
-6.5736
-6.57176
-6.57225
-6.57599
-6.58384
-6.59302
-6.60676
-6.61937
-6.63171
-6.64466
-6.65639
-6.66472
-6.66792
-6.6708
-6.66403
-6.64857
-6.62581
-6.59573
-6.56001
-6.52055
-6.48493
-6.4519
-6.43321
-6.42799
-6.43854
-6.46046
-6.49488
-6.53936
-6.58387
-6.62451
-6.65416
-6.67002
-6.6734
-6.66268
-6.64406
-6.62117
-6.59345
-6.56768
-6.54473
-6.52732
-6.51436
-6.5052
-6.50172
-6.49999
-6.50559
-6.51189
-6.5214
-6.53412
-6.54828
-6.56009
-6.56781
-6.57046
-6.56529
-6.55622
-6.5448
-6.5366
-6.53482
-6.53799
-6.55142
-6.57003
-6.58893
-6.60519
-6.61997
-6.62718
-6.62528
-6.61772
-6.60598
-6.59121
-6.57421
-6.55936
-6.54779
-6.53587
-6.52938
-6.52469
-6.52771
-6.5395
-6.56141
-6.58808
-6.61485
-6.63754
-6.64819
-6.64608
-6.63246
-6.6124
-6.58663
-6.56441
-6.54966
-6.54512
-6.55138
-6.56235
-6.57559
-6.58717
-6.59333
-6.59106
-6.58495
-6.57139
-6.55021
-6.53124
-6.51463
-6.50964
-6.5158
-6.5346
-6.55821
-6.58306
-6.60637
-6.62401
-6.63606
-6.64157
-6.64372
-6.64431
-6.64551
-6.6481
-6.6455
-6.6356
-6.61949
-6.60387
-6.58261
-6.55718
-6.53742
-6.52666
-6.51961
-6.52286
-6.53359
-6.54607
-6.55732
-6.57014
-6.58175
-6.58865
-6.59427
-6.5979
-6.60145
-6.60515
-6.6055
-6.60343
-6.60006
-6.59371
-6.59297
-6.59607
-6.60568
-6.61728
-6.62807
-6.635
-6.63349
-6.62254
-6.60454
-6.58388
-6.56502
-6.55223
-6.55022
-6.55526
-6.56372
-6.57108
-6.57241
-6.5705
-6.56058
-6.54206
-6.51801
-6.48813
-6.45308
-6.42321
-6.39974
-6.38689
-6.39175
-6.41198
-6.44888
-6.50071
-6.55302
-6.60788
-6.65925
-6.70267
-6.73573
-6.75951
-6.76667
-6.75994
-6.74594
-6.72654
-6.69941
-6.67289
-6.64375
-6.61207
-6.57718
-6.53983
-6.4997
-6.46715
-6.44773
-6.44702
-6.46692
-6.50723
-6.55297
-6.59264
-6.62345
-6.64254
-6.64983
-6.65126
-6.64627
-6.64256
-6.63445
-6.62334
-6.60678
-6.58233
-6.55106
-6.52127
-6.49505
-6.47726
-6.46599
-6.46486
-6.47184
-6.48108
-6.49417
-6.50771
-6.52326
-6.53568
-6.54355
-6.55411
-6.56417
-6.5737
-6.57976
-6.58289
-6.58181
-6.58058
-6.57562
-6.57025
-6.56378
-6.55741
-6.55171
-6.54743
-6.54345
-6.54704
-6.55025
-6.55691
-6.56463
-6.5733
-6.58338
-6.59317
-6.59907
-6.60113
-6.59558
-6.58246
-6.56467
-6.54431
-6.52533
-6.50702
-6.49317
-6.48547
-6.48567
-6.49087
-6.5057
-6.52595
-6.55344
-6.58719
-6.61903
-6.65022
-6.67486
-6.69025
-6.6939
-6.68332
-6.66548
-6.64325
-6.61813
-6.59455
