1.16018
1.16145
1.1622
1.16248
1.16234
1.16183
1.16098
1.15986
1.15852
1.15703
1.15546
1.15388
1.15233
1.15085
1.14944
1.14805
1.14663
1.14512
1.14346
1.14165
1.1397
1.1377
1.13578
1.13407
1.13274
1.13189
1.13163
1.13195
1.13281
1.13412
1.13572
1.13745
1.13914
1.14066
1.14188
1.14272
1.14313
1.14308
1.14256
1.14157
1.14012
1.13829
1.13616
1.13393
1.13192
1.13051
1.13011
1.131
1.13322
1.13654
1.14056
1.14479
1.14882
1.15235
1.15525
1.15747
1.15908
1.16019
1.16096
1.16155
1.16212
1.16279
1.16363
1.16468
1.16591
1.16725
1.16862
1.16988
1.17094
1.17164
1.17186
1.17144
1.17023
1.16805
1.16475
1.16024
1.15454
1.14793
1.14101
1.1347
1.13006
1.12789
1.12834
1.13097
1.13492
1.13935
1.1436
1.14726
1.15006
1.15185
1.15258
1.15236
1.1514
1.15007
1.14879
1.14802
1.14821
1.14969
1.15265
1.15701
1.16235
1.16799
1.17322
1.17748
1.18047
1.18221
1.18297
1.18312
1.18307
1.18313
1.18343
1.1839
1.18435
1.1845
1.18414
1.1831
1.18134
1.17891
1.17597
1.17275
1.16956
1.1667
1.16445
1.16299
1.16241
1.16269
1.16371
1.16534
1.16748
1.17003
1.17292
1.17607
1.17935
1.18262
1.18569
1.18836
1.19044
1.19178
1.19223
1.19171
1.19017
1.18765
1.18429
1.18037
1.17628
1.17248
1.1694
1.16725
1.16601
1.16535
1.16479
1.1638
1.16197
1.15916
1.15563
1.15195
1.14893
1.14724
1.14715
1.14844
1.15059
1.15313
1.15575
1.15841
1.16117
1.16412
1.16725
1.17048
1.17365
1.17659
1.17914
1.1812
1.18271
1.18366
1.18408
1.184
1.18347
1.18251
1.18115
1.17941
1.17731
1.17485
1.17203
1.16886
1.16537
1.16158
1.15757
1.15343
1.14931
1.14546
1.14215
1.1397
1.13833
1.13811
1.13891
1.14046
1.14241
1.14448
1.14647
1.14828
1.14987
1.15126
1.15243
1.1534
1.15411
1.15456
1.1547
1.15454
1.15409
1.15339
1.15252
1.15154
1.15048
1.14936
1.14814
1.14679
1.1453
1.14372
1.14216
1.1408
1.13984
1.1394
1.13955
1.14022
1.14125
1.14245
1.14359
1.14452
1.14509
1.14524
1.14492
1.14417
1.14302
1.14156
1.13989
1.13814
1.13643
1.13491
1.13369
1.13284
1.13242
1.13241
1.13276
1.13334
1.13402
1.13465
1.13511
1.13532
1.13523
1.13488
1.13431
1.1336
1.13284
1.1321
1.13146
1.13093
1.13051
1.13017
1.12987
1.12952
1.12908
1.12848
1.1277
1.12672
1.12556
1.12426
1.12288
1.12149
1.1202
1.1191
1.11832
1.118
1.11826
1.11919
1.12082
1.12307
1.12576
1.12865
1.13141
1.13375
1.13537
1.136
1.1354
1.1334
1.12992
1.1251
1.11943
1.11378
1.10925
1.10681
1.10684
1.10892
1.11217
1.11569
1.11887
1.12147
1.12352
1.12515
1.12654
1.1278
1.12902
1.1302
1.13134
1.1324
1.13335
1.13416
1.13482
1.13534
1.13571
1.13596
1.13606
1.136
1.13572
1.13515
1.13422
1.13289
1.13112
1.12898
1.12661
1.12425
1.12223
1.12086
1.12043
1.12109
1.12281
1.1254
1.12854
1.13185
1.13499
1.1377
1.13981
1.14127
1.14207
1.14227
1.14193
1.14113
1.13992
1.13837
1.13654
1.13449
1.1323
1.13005
1.12785
1.1258
1.124
1.12254
1.12147
1.12085
1.12073
1.12114
1.1221
1.12361
1.12561
1.12803
1.13071
1.13352
1.13631
1.13893
1.14128
1.1433
1.14493
1.14615
1.14697
1.1474
1.14749
1.14728
1.14683
1.14622
1.14552
1.14479
1.14409
1.14345
1.14289
1.14241
1.14201
1.14172
1.14155
1.14154
1.14173
1.14211
1.14266
1.14327
1.14375
1.14386
1.14332
1.14186
1.13932
1.1358
1.13175
1.12806
1.12582
1.12585
1.12823
1.13217
1.13643
1.13983
1.14166
1.14169
1.14009
1.13736
1.13414
1.13109
1.12875
1.12741
1.12704
1.12732
1.1278
1.12803
1.12771
1.12673
1.1252
1.12341
1.12172
1.12054
1.12023
1.121
1.12292
1.1259
1.12969
1.13394
1.13829
1.14242
1.1461
1.14919
1.15163
1.15344
1.15465
1.15534
1.15557
1.15541
1.15494
1.1542
1.15323
1.1521
1.15083
1.14948
1.14811
1.14676
1.14548
1.1443
1.14321
1.14219
1.14117
1.14009
1.13886
1.13742
1.13575
1.13384
1.13177
1.12963
1.12758
1.12578
1.1244
1.1236
1.12345
1.12398
1.12514
1.12683
1.1289
1.13121
1.13362
1.136
1.13828
1.14039
1.14229
1.14396
1.1454
1.14662
1.1476
1.14838
1.14895
1.14933
1.14952
1.14953
1.14934
1.14896
1.14837
1.14757
1.14655
1.14533
1.14393
1.14239
1.14076
1.1391
1.13746
1.13589
1.1344
1.133
1.1317
1.13048
1.12937
1.12839
1.12758
1.12701
1.12677
1.12691
1.12749
1.12853
1.13001
1.13187
1.13401
1.1363
1.13854
1.14053
1.14204
1.14283
1.14266
1.14138
1.13896
1.13563
1.13191
1.1286
1.12654
1.12625
1.1277
1.13035
1.13347
1.13645
1.13899
1.14106
1.14277
1.14426
1.14561
1.14682
1.14786
1.14865
1.14914
1.14932
1.14921
1.14888
1.14841
1.1479
1.1474
1.14696
1.14657
1.14619
1.14573
1.14511
1.14424
1.14307
1.14159
1.13987
1.13798
1.13603
1.13414
1.13234
1.13065
1.12897
1.12717
1.12507
1.12244
1.11911
1.11501
1.11022
1.10506
1.10009
1.09602
1.09354
1.09306
1.09462
1.09791
1.10244
1.1077
1.11327
1.11883
1.12405
1.12855
1.13198
1.13405
1.13469
1.13418
1.13321
1.13275
1.13371
1.13652
1.14092
1.14617
1.1514
1.15598
1.15956
1.16209
1.16365
1.16441
1.16455
1.16428
1.16376
1.16316
1.1626
1.16218
1.16195
1.16188
1.16192
1.16198
1.16192
1.16162
1.16095
1.15982
1.15818
1.15603
1.15342
1.15049
1.14742
1.14443
1.14176
1.13963
1.1382
1.13754
1.13765
1.13843
1.13973
1.14134
1.14309
1.14478
1.14631
1.14758
1.14857
1.14928
1.1497
1.14986
1.14973
1.14931
1.14859
1.14757
1.14629
1.14485
1.1434
1.14214
1.14123
1.14084
1.14101
1.1417
1.14281
1.14416
1.14558
1.14693
1.14808
1.14894
1.14945
1.14954
1.14918
1.14836
1.14712
1.14563
1.14412
1.14299
1.14265
1.14345
1.14553
1.14871
1.15262
1.15672
1.16055
1.16374
1.1661
1.16755
1.16811
1.16788
1.16698
1.16555
1.16376
1.16171
1.15952
1.15723
1.15492
1.15262
1.15043
1.14847
1.1469
1.1459
1.14557
1.146
1.14714
1.14889
1.15108
1.15348
1.15586
1.158
1.1597
1.16083
1.16134
1.16131
1.16093
1.16049
1.16023
1.16031
1.16071
1.16127
1.16173
1.16183
1.1614
1.16035
1.15871
1.15661
1.15424
1.15183
1.14964
1.14786
1.1466
1.14586
1.14549
1.14524
1.14488
1.14425
1.14337
1.14244
1.14177
1.14165
1.14222
1.14338
1.14489
1.14644
1.14779
1.14881
1.14944
1.1497
1.14964
1.14938
1.14903
1.14875
1.14865
1.1488
1.14915
1.14963
1.15009
1.15036
1.15031
1.14984
1.14888
1.14741
1.14544
1.14301
1.14018
1.13707
1.1338
1.13054
1.1275
1.12485
1.12274
1.12127
1.12046
1.12023
1.12049
1.12108
1.12186
1.12271
1.12351
1.12419
1.12468
1.12494
1.12494
1.12465
1.12405
1.12314
1.1219
1.1203
1.11833
1.11595
1.11312
1.10981
1.10606
1.10205
1.09812
1.09482
1.09276
1.09239
1.09376
1.09643
1.0996
1.10238
1.10396
1.10368
1.1011
1.09605
1.08884
1.0806
1.07332
1.06921
1.06943
1.07337
1.07909
1.08463
1.08889
1.09161
1.09303
1.09358
1.09363
1.09341
1.09305
1.09262
1.09211
1.09154
1.09093
1.09032
1.08978
1.08941
1.08933
1.08965
1.09041
1.09155
1.09294
1.09437
1.09563
1.09653
1.09695
1.09683
1.09619
1.09511
1.09372
1.09218
1.09067
1.08936
1.08839
1.08783
1.08767
1.08785
1.08827
1.0888
1.08934
1.08982
1.09018
1.09041
1.09053
1.09055
1.0905
1.09042
1.09033
1.09025
1.0902
1.09017
1.09016
1.09016
1.09013
1.09003
1.08979
1.08931
1.08848
1.0872
1.08543
1.08325
1.08092
1.07893
1.07791
1.07843
1.08074
1.08463
1.08953
1.09472
1.09959
1.10373
1.10693
1.10912
1.11028
1.11042
1.10955
1.10769
1.10497
1.10165
1.09821
1.09529
1.09359
1.09353
1.09517
1.09808
1.10163
1.1052
1.10834
1.11087
1.11274
1.11406
1.11492
1.11544
1.11572
1.1158
1.1157
1.11542
1.11494
1.11425
1.11337
1.11234
1.11126
1.11026
1.10946
1.10895
1.10878
1.10893
1.10931
1.10987
1.11059
1.11148
1.11261
1.11407
1.11587
1.11801
1.1204
1.12293
1.12545
1.12787
1.13009
1.13204
1.13371
1.13506
1.1361
1.13684
1.13727
1.13742
1.13727
1.13685
1.13615
1.13518
1.13395
1.13248
1.13081
1.12899
1.12708
1.12515
1.12329
1.12157
1.12004
1.11873
1.11764
1.11673
1.11594
1.11522
1.11452
1.11384
1.11321
1.1127
1.11244
1.11253
1.11309
1.11415
1.1157
1.11765
1.11991
1.12236
1.12489
1.12744
1.12993
1.13234
1.13463
1.13675
1.13864
1.14023
1.14144
1.14215
1.14224
1.14162
1.14023
1.13809
1.13543
1.13261
1.13021
1.12875
1.12858
1.12962
1.13141
1.13328
1.13458
1.13487
1.13402
1.13216
1.12974
1.12737
1.12573
1.12534
1.12643
1.12886
1.13224
1.13605
1.13984
1.14326
1.14607
1.14815
1.14946
1.14997
1.14973
1.14878
1.14722
1.14512
1.14261
1.1398
1.13679
1.13366
1.13046
1.12723
1.12401
1.12085
1.11786
1.11515
1.11287
1.11115
1.11012
1.10989
1.11057
1.11216
1.11462
1.11776
1.12127
1.12481
1.12806
1.1308
1.13288
1.13429
1.13508
1.13534
1.13518
1.1347
1.13402
1.1332
1.1323
1.13139
1.1305
1.12965
1.12886
1.12814
1.12751
1.12696
1.12648
1.12607
1.12571
1.12538
1.12507
1.12475
1.1244
1.12401
1.12353
1.12296
1.12226
1.12141
1.12039
1.1192
1.11785
1.11637
1.11482
1.11325
1.11177
1.11044
1.10935
1.10851
1.10792
1.10751
1.10717
1.10677
1.10618
1.10524
1.10385
1.10194
1.09948
1.09659
1.09346
1.09043
1.08789
1.08624
1.0857
1.0863
1.08784
1.08998
1.09237
1.0947
1.09679
1.09852
1.09987
1.10085
1.10148
1.10181
1.10189
1.10177
1.10151
1.10117
1.10082
1.10052
1.10034
1.1003
1.10041
1.10067
1.10104
1.10145
1.10184
1.10214
1.1023
1.10228
1.10205
1.1016
1.10095
1.10011
1.09911
1.098
1.09678
1.09548
1.09409
1.09256
1.09082
1.08881
1.08646
1.08379
1.08089
1.07798
1.07542
1.07365
1.07311
1.07407
1.07656
1.08032
1.08489
1.08975
1.09449
1.09884
1.10268
1.106
1.10882
1.11119
1.11318
1.11481
1.1161
1.11706
1.11768
1.11793
1.11779
1.11721
1.11617
1.11466
1.11273
1.11045
1.10799
1.10552
1.10324
1.10134
1.09992
1.09903
1.09864
1.09872
1.09921
1.10003
1.1011
1.10236
1.10374
1.10523
1.10688
1.10883
1.1112
1.1141
1.11754
1.12139
1.12541
1.12929
1.13273
1.13549
1.13739
1.13836
1.13838
1.13751
1.13584
1.13349
1.1306
1.12729
1.12367
1.1198
1.11569
1.11129
1.1065
1.10126
1.09566
1.09022
1.08588
1.08367
1.08416
1.08717
1.09195
1.09776
1.10416
1.11089
1.11774
1.1244
1.13049
1.13564
1.13961
1.14227
1.14365
1.14386
1.1431
1.14165
1.13987
1.1381
1.13669
1.13583
1.13557
1.13578
1.1362
1.13657
1.13663
1.13622
1.1353
1.13392
1.13221
1.13036
1.12856
1.12696
1.12561
1.12449
1.1236
1.12298
1.12277
1.12316
1.12426
1.12604
1.12828
1.13068
1.1329
1.13471
1.136
1.13673
1.13698
1.13684
1.13643
1.13582
1.13512
1.13439
1.13366
1.13297
1.13234
1.13176
1.13121
1.13067
1.13007
1.12936
1.12847
1.12734
1.12597
1.12441
1.12279
1.12131
1.12021
1.1197
1.11994
1.12097
1.12268
1.12489
1.12733
1.12975
1.13193
1.13373
1.13506
1.1359
1.13629
1.1363
1.13604
1.13566
1.13529
1.13506
1.13507
1.13532
1.13575
1.13624
1.1366
1.13665
1.13627
1.13537
1.13397
1.1322
1.13023
1.12829
1.12657
1.12522
1.12427
1.12368
1.12332
1.12307
1.12282
1.12252
1.12216
1.1218
1.12151
1.12138
1.12148
1.12187
1.12258
1.12361
1.12493
1.12649
1.12824
1.13011
1.13203
1.13394
1.13578
1.13751
1.13906
1.14042
1.14154
1.14239
1.14297
1.14325
1.14322
1.14288
1.14222
1.14125
1.13997
1.13842
1.13662
1.13462
1.1325
1.13033
1.12821
1.12626
1.12459
1.1233
1.12247
1.12215
1.12235
1.12305
1.12417
1.12562
1.12729
1.12907
1.13085
1.13254
1.13408
1.1354
1.13647
1.13729
1.13786
1.13821
1.13838
1.13842
1.13838
1.13832
1.13826
1.1382
1.13813
1.138
1.13774
1.1373
1.13659
1.13559
1.13426
1.13262
1.13071
1.12864
1.12654
1.12462
1.12307
1.12211
1.1219
1.12253
1.12399
1.12619
1.12896
1.1321
1.13539
1.13863
1.14167
1.14437
1.14666
1.14848
1.14982
1.15065
1.15098
1.15081
1.15015
1.14901
1.14742
1.14541
1.14302
1.14028
1.13725
1.13398
1.13051
1.12689
1.12316
1.11934
1.11551
1.11173
1.10811
1.10476
1.10182
1.09944
1.0977
1.09669
1.09641
1.09683
1.09784
1.09935
1.1012
1.10326
1.10536
1.10734
1.10907
1.11038
1.11111
1.11113
1.11034
1.10877
1.10666
1.1045
1.103
1.10284
1.10436
1.10745
1.11156
1.11597
1.12008
1.12352
1.12614
1.12796
1.12906
1.12958
1.12964
1.12937
1.12886
1.12818
1.12738
1.12651
1.1256
1.12466
1.12369
1.12268
1.1216
1.1204
1.11901
1.11735
1.11528
1.11268
1.10943
1.10546
1.10083
1.09584
1.09105
1.08721
1.08504
1.08488
1.0865
1.0892
1.09213
1.09462
1.09634
1.09728
1.09763
1.09769
1.0977
1.09778
1.09789
1.09789
1.09761
1.09695
1.0959
1.09455
1.09304
1.0914
1.08954
1.08712
1.08362
1.07857
1.07195
1.06477
1.0593
1.05831
1.06323
1.07298
1.08476
1.0959
1.10493
1.11149
1.11579
1.11821
1.11915
1.11889
1.1177
1.11581
1.11351
1.11109
1.10888
1.10711
1.1059
1.10521
1.10482
1.10447
1.1039
1.10292
1.10142
1.0994
1.09691
1.09409
1.09112
1.08827
1.08589
1.08433
1.08389
1.0847
1.08671
1.08964
1.09308
1.09659
1.09976
1.10231
1.10405
1.10492
1.10493
1.10414
1.10271
1.10079
1.09858
1.09629
1.09416
1.09237
1.09108
1.09037
1.09025
1.09068
1.09153
1.09266
1.09392
1.09517
1.09629
1.09721
1.09788
1.09832
1.09854
1.09859
1.09853
1.09842
1.09832
1.09826
1.09828
1.09838
1.09857
1.09881
1.09908
1.09933
1.09952
1.09961
1.09958
1.09941
1.09909
1.09866
1.09814
1.09759
1.09707
1.09662
1.0963
1.09616
1.09622
1.0965
1.09699
1.09767
1.09849
1.09939
1.1003
1.10117
1.10194
1.1026
1.10313
1.10356
1.10392
1.10425
1.1046
1.10501
1.10551
1.10611
1.10681
1.10759
1.10844
1.10931
1.1102
1.11106
1.11188
1.11264
1.11334
1.11396
1.11449
1.11493
1.11525
1.11542
1.11542
1.1152
1.11471
1.11388
1.11268
1.11107
1.10907
1.10676
1.10431
1.102
1.10017
1.09915
1.09917
1.1003
1.10242
1.10527
1.10855
1.11196
1.1153
1.11841
1.12124
1.12372
1.12586
1.12764
1.12907
1.13015
1.13089
1.1313
1.13142
1.1313
1.131
1.13063
1.13027
1.13004
1.13
1.13018
1.13057
1.13108
1.1316
1.13196
1.13201
1.13161
1.13071
1.1293
1.12748
1.12546
1.12343
1.1216
1.12006
1.11875
1.11749
1.11601
1.11399
1.11116
1.10748
1.10321
1.0991
1.09629
1.09589
1.09843
1.10352
1.1101
1.11696
1.12322
1.12839
1.13229
1.1349
1.13628
1.13659
1.13605
1.13502
1.13395
1.13329
1.13336
1.13426
1.13585
1.13783
1.13985
1.14163
1.14304
1.14403
1.14467
1.14504
1.14524
1.14537
1.14548
1.1456
1.14577
1.14599
1.14625
1.14652
1.14677
1.14694
1.147
1.14691
1.14669
1.14638
1.14604
1.14578
1.14566
1.14574
1.146
1.14638
1.14677
1.14704
1.14708
1.14681
1.14623
1.14535
1.14421
1.14285
1.14128
1.13949
1.13743
1.13508
1.13251
1.12993
1.1277
1.12621
1.1258
1.12658
1.12837
1.13078
1.13334
1.13564
1.13743
1.13861
1.13918
1.13923
1.1389
1.13832
1.13762
1.13689
1.13621
1.13563
1.13523
1.13509
1.13535
1.13611
1.13742
1.13923
1.14136
1.14352
1.1454
1.1467
1.14718
1.14665
1.14504
1.14233
1.13859
1.13401
1.12889
1.1237
1.11903
1.11547
1.11345
1.1131
1.11424
1.11642
1.11913
1.12192
1.12448
1.12661
1.12825
1.12935
1.12992
1.13001
1.12966
1.12893
1.12792
1.12674
1.12551
1.12436
1.12339
1.1227
1.12232
1.12223
1.12237
1.12265
1.12296
1.12318
1.12322
1.12301
1.12252
1.12174
1.12069
1.11942
1.118
1.11652
1.11508
1.11375
1.11262
1.11175
1.11113
1.11077
1.11061
1.11059
1.11062
1.11061
1.11051
1.11025
1.10981
1.10919
1.10841
1.1075
1.1065
1.10543
1.10431
1.10313
1.10187
1.10049
1.09896
1.09731
1.09563
1.09407
1.09287
1.09222
1.09224
1.09291
1.0941
1.09555
1.097
1.09824
1.09913
1.09961
1.09969
1.09945
1.09901
1.09849
1.09803
1.09772
1.09763
1.09778
1.09812
1.09859
1.09906
1.09943
1.09958
1.09943
1.09892
1.09807
1.09698
1.09581
1.0948
1.09419
1.09419
1.09488
1.0962
1.09801
1.10005
1.10211
1.10398
1.10554
1.10673
1.10754
1.10797
1.10806
1.10784
1.10735
1.1066
1.10564
1.1045
1.10324
1.1019
1.10058
1.09935
1.09829
1.09745
1.09682
1.09632
1.09577
1.0949
1.09342
1.09103
1.08754
1.08303
1.07799
1.0734
1.0705
1.07029
1.07301
1.07798
1.08405
1.09015
1.09557
1.10002
1.10348
1.10604
1.10782
1.10889
1.10925
1.10884
1.10754
1.10516
1.10149
1.09639
1.08988
1.08234
1.07459
1.06791
1.06364
1.06268
1.06502
1.06983
1.0759
1.08214
1.08779
1.09244
1.09589
1.09815
1.09934
1.09967
1.09945
1.09899
1.09862
1.09858
1.09901
1.09991
1.10121
1.10277
1.10443
1.10606
1.10754
1.10878
1.10973
1.11037
1.11069
1.1107
1.11041
1.10986
1.10907
1.10811
1.10704
1.10592
1.10484
1.10388
1.10309
1.10251
1.10218
1.10206
1.10213
1.10233
1.10256
1.10276
1.10283
1.1027
1.10232
1.10165
1.10069
1.09949
1.09813
1.09676
1.09558
1.09478
1.09454
1.09497
1.09608
1.09777
1.09986
1.10215
1.10445
1.10657
1.10843
1.10994
1.11106
1.1118
1.11213
1.11207
1.11161
1.11076
1.10953
1.10795
1.10606
1.10396
1.10179
1.09972
1.09798
1.09678
1.09628
1.09658
1.09768
1.09945
1.10172
1.10425
1.1068
1.10917
1.1112
1.11278
1.11384
1.11437
1.11438
1.11389
1.11297
1.11168
1.11011
1.10836
1.10653
1.10472
1.10301
1.10149
1.1002
1.09919
1.09847
1.09802
1.09783
1.09785
1.09805
1.09834
1.09867
1.09893
1.09906
1.09897
1.0986
1.09793
1.09698
1.09579
1.09446
1.09311
1.09184
1.09073
1.08979
1.08901
1.08833
1.0877
1.0871
1.08655
1.08608
1.08579
1.0858
1.08622
1.08716
1.08863
1.09055
1.09272
1.09491
1.09687
1.0984
1.09941
1.09989
1.09988
1.09949
1.09885
1.09808
1.09728
1.09652
1.09583
1.09521
1.09463
1.09403
1.09334
1.09251
1.09148
1.09022
1.08874
1.08705
1.08524
1.08338
1.08161
1.08005
1.07882
1.07804
1.07776
1.07799
1.0787
1.07982
1.08125
1.08286
1.08456
1.08623
1.08781
1.08922
1.09044
1.09144
1.09222
1.09279
1.09316
1.09335
1.09338
1.09327
1.09301
1.09262
1.09209
1.09142
1.09059
1.0896
1.08846
1.08719
1.08585
1.0845
1.08325
1.08221
1.08149
1.0812
1.08139
1.08206
1.08315
1.08455
1.08613
1.08776
1.0893
1.09065
1.09171
1.09242
1.0927
1.0925
1.09179
1.09051
1.08866
1.08622
1.08322
1.07974
1.0759
1.07184
1.06774
1.06376
1.06002
1.05664
1.05375
1.05158
1.05044
1.05071
1.05263
1.05614
1.06081
1.06599
1.07103
1.07549
1.07911
1.08185
1.08378
1.08501
1.0857
1.08596
1.08592
1.08565
1.08525
1.08475
1.08418
1.08356
1.08286
1.08206
1.08108
1.07986
1.0783
1.07634
1.07392
1.07106
1.06785
1.0645
1.06133
1.05869
1.05688
1.05607
1.05625
1.05725
1.05882
1.06073
1.06276
1.06473
1.06651
1.06801
1.06913
1.06982
1.07006
1.06985
1.06923
1.06826
1.06703
1.06567
1.0643
1.06307
1.06209
1.06146
1.06122
1.06137
1.06185
1.06255
1.06334
1.06408
1.06461
1.0648
1.06453
1.06372
1.06228
1.0602
1.05753
1.05442
1.05115
1.04815
1.04591
1.04486
1.0452
1.04685
1.04942
1.05242
1.05536
1.05787
1.05975
1.06087
1.06121
1.06078
1.05961
1.05776
1.0553
1.05235
1.04907
1.04572
1.04257
1.03994
1.03808
1.03711
1.03702
1.03764
1.03872
1.04002
1.04133
1.0425
1.04345
1.04418
1.04467
1.04498
1.04512
1.04515
1.04509
1.04496
1.04478
1.04457
1.04433
1.04406
1.04377
1.04344
1.04309
1.0427
1.04229
1.04186
1.04142
1.04098
1.04056
1.04018
1.03986
1.03962
1.03948
1.03945
1.03955
1.03979
1.04018
1.04071
1.04138
1.04218
1.04308
1.04408
1.04514
1.04625
1.04739
1.04854
1.04966
1.05076
1.05181
1.05281
1.05373
1.05457
1.05533
1.05598
1.05654
1.05698
1.05731
1.05751
1.05757
1.05749
1.05725
1.05684
1.05622
1.05539
1.05432
1.05303
1.05154
1.04996
1.04846
1.04726
1.04662
1.04676
1.04779
1.04967
1.05222
1.05517
1.05825
1.06123
1.06393
1.06626
1.06815
1.06959
1.07053
1.07095
1.07083
1.07011
1.0688
1.06688
1.06439
1.06142
1.05808
1.05456
1.05117
1.04839
1.04681
1.04703
1.0493
1.05338
1.05855
1.06393
1.06877
1.07262
1.07531
1.07686
1.07734
1.07684
1.07542
1.07312
1.07002
1.06632
1.06239
1.05877
1.05612
1.05503
1.05582
1.05838
1.06222
1.06662
1.07086
1.07439
1.07684
1.07805
1.07797
1.07669
1.07436
1.07122
1.06763
1.064
1.06081
1.05853
1.05755
1.05808
1.0601
1.0634
1.06761
1.0723
1.07708
1.08161
1.08565
1.08907
1.09179
1.09382
1.09517
1.09589
1.09603
1.09563
1.09476
1.09345
1.09176
1.08972
1.0874
1.08485
1.08211
1.07925
1.07634
1.07346
1.07072
1.06829
1.06635
1.06511
1.06475
1.06532
1.06675
1.06887
1.07142
1.07418
1.07694
1.07959
1.08204
1.08428
1.08629
1.08807
1.08964
1.091
1.09216
1.09313
1.0939
1.09447
1.09482
1.09497
1.0949
1.09462
1.09415
1.0935
1.09274
1.09189
1.09104
1.09023
1.08953
1.08897
1.08855
1.08825
1.08802
1.08781
1.08756
1.08723
1.08678
1.0862
1.08547
1.08457
1.08346
1.08212
1.08057
1.0789
1.07728
1.07596
1.07518
1.07512
1.07583
1.07723
1.07915
1.08138
1.08371
1.08597
1.08805
1.0899
1.09152
1.09294
1.09421
1.09537
1.09644
1.09742
1.09829
1.099
1.09949
1.09966
1.09942
1.09869
1.0974
1.09554
1.09318
1.09054
1.08796
1.08587
1.08469
1.08468
1.08586
1.08804
1.09084
1.0939
1.09694
1.09976
1.1023
1.1045
1.10634
1.10778
1.10874
1.10908
1.10863
1.10718
1.10448
1.10033
1.09458
1.08738
1.0793
1.07154
1.06579
1.06365
1.06581
1.07166
1.07972
1.08842
1.09665
1.10386
1.10993
1.11495
1.11909
1.12253
1.12545
1.128
1.13027
1.13234
1.13428
1.1361
1.13784
1.13948
1.14102
1.14245
1.14374
1.14487
1.14579
1.14646
1.14683
1.14685
1.14643
1.14554
1.1441
1.1421
1.13954
1.13646
1.13298
1.12924
1.12538
1.1215
1.11759
1.11353
1.10916
1.1044
1.09946
1.09493
1.0917
1.09065
1.09219
1.09608
1.10162
1.10801
1.11458
1.12086
1.1265
1.13123
1.13489
1.13742
1.13884
1.13929
1.13892
1.13792
1.13648
1.13477
1.13297
1.13122
1.12963
1.12831
1.12731
1.12667
1.12638
1.12641
1.1267
1.12717
1.12773
1.12826
1.12868
1.12889
1.12882
1.12841
1.1276
1.12639
1.12478
1.12282
1.12062
1.11833
1.11613
1.11423
1.11279
1.11192
1.11162
1.11179
1.11227
1.11289
1.11347
1.11388
1.11405
1.11392
1.11349
1.11277
1.11179
1.11058
1.10921
1.10773
1.10622
1.10474
1.10337
1.10216
1.10115
1.10036
1.09978
1.09938
1.09915
1.09904
1.09905
1.09921
1.09959
1.10025
1.10125
1.10263
1.10433
1.10624
1.10823
1.11014
1.11183
1.11318
1.11413
1.11465
1.11474
1.11442
1.11374
1.11279
1.11166
1.11044
1.1092
1.10794
1.10661
1.1051
1.10328
1.10108
1.09854
1.09586
1.09333
1.09124
1.08984
1.08926
1.08961
1.091
1.09351
1.09711
1.1016
1.10665
1.11183
1.11674
1.12101
1.12438
1.12663
1.12764
1.12734
1.12574
1.12292
1.11903
1.11433
1.10915
1.10388
1.09896
1.09481
1.09177
1.09008
1.08982
1.09097
1.09343
1.09702
1.10149
1.10657
1.11195
1.1173
1.12229
1.12664
1.13011
1.13252
1.13378
1.13389
1.13296
1.13123
1.12906
1.12686
1.12501
1.12373
1.12306
1.12287
1.12293
1.12301
1.12291
1.12249
1.12164
1.12037
1.11875
1.11702
1.1155
1.11456
1.11449
1.11539
1.11713
1.11944
1.12199
1.12447
1.12667
1.12848
1.12984
1.13078
1.13134
1.13156
1.13151
1.13126
1.13086
1.13034
1.12976
1.12914
1.1285
1.12785
1.12718
1.12649
1.12576
1.12494
1.12399
1.12284
1.12141
1.11964
1.11744
1.11477
1.11163
1.10809
1.1043
1.10051
1.09704
1.09427
1.09262
1.0925
1.09415
1.09756
1.10243
1.1082
1.11426
1.12005
1.12519
1.12948
1.13285
1.13534
1.13702
1.13799
1.13836
1.13823
1.13769
1.13682
1.13572
1.13446
1.1331
1.13171
1.13033
1.12903
1.12786
1.12689
1.1262
1.12588
1.126
1.12658
1.12757
1.12887
1.13032
1.13173
1.13294
1.13382
1.13428
1.13426
1.13372
1.13262
1.13095
1.12871
1.12595
1.12287
1.11979
1.11712
1.11526
1.11448
1.1148
1.11606
1.11803
1.12056
1.12358
1.12708
1.13103
1.13528
1.13958
1.14365
1.14722
1.15011
1.1522
1.15346
1.15393
1.15365
1.15266
1.15098
1.14859
1.14544
1.14149
1.13674
1.13135
1.12572
1.12051
1.11662
1.11484
1.1156
1.11873
1.12351
1.12901
1.13436
1.13897
1.14253
1.14496
1.1463
1.14669
1.14626
1.14515
1.14344
1.14123
1.13863
1.13576
1.13276
1.12982
1.12715
1.12493
1.12334
1.12245
1.1223
1.12284
1.12397
1.12557
1.1275
1.12965
1.1319
1.13417
1.13638
1.13846
1.14036
1.14206
1.14352
1.14476
1.14578
1.1466
1.14723
1.1477
1.14801
1.14815
1.14811
1.14788
1.14744
1.14677
1.14582
1.14455
1.14291
1.14083
1.13826
1.13519
1.13171
1.12798
1.12426
1.12088
1.11817
1.11634
1.11548
1.11546
1.11598
1.11669
1.11725
1.11741
1.11707
1.11625
1.11509
1.11375
1.11243
1.11127
1.11038
1.10984
1.10971
1.11001
1.11077
1.11201
1.1137
1.1158
1.11821
1.12082
1.1235
1.12612
1.12855
1.1307
1.13252
1.13398
1.13506
1.1358
1.13621
1.13633
1.13621
1.13587
1.13537
1.13474
1.13402
1.13323
1.13242
1.13162
1.13084
1.13012
1.12947
1.1289
1.1284
1.12795
1.12753
1.12711
1.12664
1.12607
1.12537
1.1245
1.12345
1.12221
1.12078
1.11919
1.11746
1.11559
1.11358
1.11141
1.10907
1.10657
1.104
1.10153
1.09941
1.09788
1.09714
1.09727
1.09817
1.09966
1.10145
1.10328
1.10498
1.10646
1.10778
1.10907
1.11051
1.11229
1.11447
1.11703
1.11985
1.12274
1.12551
1.128
1.13009
1.13173
1.13291
1.13365
1.13401
1.13405
1.13384
1.13347
1.13301
1.13254
1.13214
1.13186
1.13177
1.1319
1.13227
1.13287
1.13368
1.13467
1.13577
1.1369
1.13797
1.13887
1.13947
1.13963
1.13916
1.13789
1.13564
1.13234
1.12811
1.12339
1.11902
1.11608
1.11547
1.11743
1.12143
1.12645
1.13146
1.13575
1.139
1.14117
1.1424
1.14286
1.14276
1.1423
1.14164
1.14098
1.14043
1.14011
1.14006
1.14026
1.14063
1.14106
1.14144
1.14167
1.14171
1.14152
1.14111
1.1405
1.13972
1.13882
1.13786
1.13691
1.13607
1.13541
1.13501
1.13492
1.13514
1.13564
1.13636
1.13721
1.1381
1.13897
1.13976
1.14044
1.14103
1.14158
1.14217
1.1429
1.14388
1.1452
1.14691
1.149
1.15141
1.15404
1.15675
1.15941
1.16191
1.16416
1.16608
1.16761
1.16872
1.16937
1.16951
1.16913
1.16821
1.16675
1.16482
1.16258
1.16025
1.15813
1.15653
1.15569
1.15568
1.15642
1.15766
1.1591
1.16044
1.16148
1.1621
1.16227
1.16201
1.1614
1.1605
1.15941
1.15819
1.1569
1.15553
1.15408
1.15251
1.15077
1.1488
1.14659
1.14414
1.14151
1.1388
1.13615
1.13373
1.1317
1.13021
1.12935
1.12917
1.12963
1.13066
1.13212
1.13386
1.13572
1.13756
1.1393
1.14091
1.14242
1.14391
1.14544
1.14706
1.14877
1.15049
1.15214
1.15363
1.15489
1.15591
1.15669
1.15729
1.15774
1.15809
1.15837
1.15856
1.15862
1.15847
1.158
1.15706
1.15552
1.15322
1.15008
1.14612
1.14148
1.13649
1.13158
1.12718
1.12367
1.12126
1.12009
1.12029
1.122
1.12532
1.13016
1.13622
1.14297
1.14983
1.15624
1.16175
1.16609
1.16915
1.17098
1.17171
1.17162
1.17098
1.1701
1.16921
1.1684
1.1676
1.16661
1.16517
1.16301
1.16
1.15617
1.15183
1.14752
1.144
1.142
1.14199
1.14397
1.14741
1.15145
1.15517
1.15784
1.15897
1.15834
1.15594
1.15191
1.14651
1.14011
1.13324
1.12659
1.12099
1.11729
1.11605
1.11739
1.12088
1.12578
1.13136
1.13704
1.1425
1.14759
1.15227
1.15651
1.16032
1.16368
1.16655
1.1689
1.17068
1.17184
1.17232
1.1721
1.17117
1.1696
1.16752
1.16512
1.16261
1.16026
1.15831
1.15697
1.15648
1.15697
1.15849
1.16092
1.16398
1.1673
1.17045
1.1731
1.17497
1.17592
1.17585
1.17476
1.17268
1.16971
1.166
1.1618
1.1574
1.15317
1.14951
1.14678
1.14519
1.14483
1.14555
1.14708
1.14906
1.15117
1.15313
1.15478
1.15608
1.15701
1.15765
1.15806
1.15832
1.1585
1.15862
1.15872
1.15878
1.15881
1.1588
1.15875
1.15865
1.1585
1.15828
1.15795
1.15747
1.15682
1.15598
1.15495
1.15376
1.15248
1.15117
1.14989
1.1487
1.14766
1.14681
1.14624
1.14603
1.14625
1.14698
1.14821
1.14991
1.15195
1.15418
1.15643
1.15853
1.16035
1.1618
1.16282
1.16334
1.16333
1.16273
1.1615
1.15954
1.15677
1.15312
1.14855
1.14314
1.13711
1.13088
1.12504
1.12024
1.11703
1.11566
1.11608
1.11799
1.121
1.12471
1.12882
1.13306
1.1372
1.14104
1.14442
1.14724
1.14944
1.15101
1.15198
1.15243
1.15247
1.15223
1.15185
1.1515
1.15133
1.15145
1.15197
1.15291
1.15427
1.15599
1.15795
1.16006
1.16218
1.16422
1.16607
1.1677
1.16905
1.17013
1.17093
1.17147
1.17179
1.17191
1.17187
1.17171
1.17147
1.17117
1.17084
1.1705
1.17013
1.16971
1.16918
1.16848
1.16751
1.16616
1.16435
1.16202
1.15925
1.15622
1.15333
1.15106
1.14989
1.15012
1.15172
1.15435
1.1575
1.16063
1.16332
1.16533
1.16653
1.16691
1.16654
1.16551
1.16398
1.16208
1.15999
1.15787
1.15584
1.15401
1.15245
1.15117
1.15021
1.14956
1.14923
1.14922
1.14951
1.15007
1.15084
1.15176
1.15274
1.15373
1.15467
1.15554
1.1563
1.15697
1.15752
1.15796
1.15828
1.15848
1.15851
1.15836
1.15796
1.15726
1.1562
1.15471
1.15274
1.15028
1.14736
1.14409
1.14064
1.13726
1.13418
1.13161
1.12967
1.12836
1.12759
1.12728
1.12737
1.12783
1.12866
1.12985
1.13136
1.13307
1.13484
1.1365
1.13791
1.13898
1.13964
1.13988
1.13973
1.13925
1.1385
1.13756
1.13653
1.13549
1.13451
1.13364
1.13294
1.1324
1.13201
1.13173
1.1315
1.13124
1.13089
1.13036
1.12959
1.12854
1.12719
1.12556
1.12372
1.12176
1.11982
1.11807
1.11667
1.11575
1.11539
1.11559
1.11628
1.11735
1.11862
1.11995
1.12122
1.12232
1.12322
1.12391
1.12442
1.12479
1.12508
1.12534
1.12562
1.12596
1.12635
1.12682
1.12733
1.12787
1.12841
1.12892
1.12938
1.1298
1.13019
1.13057
1.13099
1.1315
1.13214
1.13292
1.13382
1.13481
1.13578
1.13662
1.13719
1.13735
1.13696
1.1359
1.13409
1.1315
1.12823
1.12447
1.12054
1.11689
1.11401
1.11233
1.11221
1.11377
1.11696
1.12143
1.1267
1.13219
1.1374
1.14195
1.14569
1.14862
1.15085
1.15258
1.15404
1.15542
1.1569
1.15857
1.16044
1.16246
1.1645
1.16641
1.16799
1.16907
1.16944
1.16894
1.16738
1.16461
1.16056
1.15537
1.14946
1.14366
1.139
1.13633
1.13593
1.13736
1.13978
1.14238
1.14468
1.14657
1.14819
1.14976
1.15152
1.15364
1.15619
1.15915
1.1624
1.16577
1.16908
1.17212
1.17475
1.17684
1.17831
1.17912
1.17925
1.1787
1.1775
1.17571
1.17345
1.17091
1.16833
1.166
1.16416
1.16297
1.1624
1.16225
1.16222
1.16198
1.16126
1.15987
1.15778
1.15512
1.15214
1.14923
1.14687
1.14548
1.14533
1.14647
1.14872
1.15175
1.15519
1.15875
1.1622
1.16543
1.16837
1.17099
1.1733
1.17527
1.17691
1.17821
1.17917
1.17979
1.18008
1.18005
1.17971
1.17906
1.17813
1.17691
1.17544
1.17373
1.1718
1.16968
1.16741
1.16503
1.1626
1.16017
1.1578
1.15556
1.15348
1.15162
1.15001
1.14866
1.14757
1.14675
1.14618
1.14584
1.14571
1.14575
1.14592
1.14615
1.14637
1.1465
1.14646
1.14619
1.14565
1.14485
1.14382
1.14266
1.14147
1.14041
1.13963
1.13926
1.13942
1.14012
1.14128
1.14273
1.14425
1.14559
1.14653
1.14695
1.14679
1.1461
1.14499
1.14363
1.14221
1.14094
1.13998
1.13944
1.13938
1.13974
1.14045
1.14137
1.14237
1.14334
1.1442
1.14491
1.14543
1.14579
1.14601
1.1461
1.14608
1.14598
1.1458
1.14553
1.14515
1.14463
1.14393
1.14301
1.14184
1.14039
1.13863
1.13654
1.13413
1.13141
1.1284
1.12513
1.12167
1.11807
1.11443
1.11084
1.10741
1.10425
1.1015
1.0993
1.09778
1.09708
1.09729
1.09844
1.10047
1.10324
1.10644
1.10971
1.11263
1.11485
1.11608
1.1162
1.11522
1.11336
1.11097
1.10856
1.10666
1.10572
1.10593
1.10722
1.10925
1.11154
1.11367
1.11534
1.11642
1.11696
1.11713
1.11713
1.11714
1.11727
1.11752
1.11783
1.11803
1.11793
1.11731
1.11598
1.11374
1.11046
1.10604
1.1005
1.09396
1.08673
1.07927
1.0722
1.06616
1.06174
1.05932
1.059
1.06062
1.06376
1.06786
1.0723
1.07651
1.08001
1.08254
1.08401
1.08457
1.08455
1.08443
1.08466
1.08556
1.0872
1.08938
1.09173
1.09388
1.09553
1.09649
1.09673
1.09628
1.09524
1.09376
1.09201
1.09017
1.08842
1.08692
1.08578
1.08507
1.08478
1.08488
1.08528
1.08588
1.08654
1.08717
1.08765
1.0879
1.08786
1.08749
1.08679
1.08579
1.08456
1.08317
1.08172
1.08028
1.07894
1.07773
1.07668
1.07581
1.07516
1.07475
1.07463
1.07485
1.07544
1.07639
1.07764
1.0791
1.08064
1.08212
1.08343
1.08449
1.08523
1.08565
1.08575
1.08556
1.08515
1.08457
1.08388
1.08315
1.08244
1.08181
1.08128
1.08088
1.08061
1.08046
1.08038
1.08035
1.08031
1.08022
1.08006
1.07979
1.07939
1.07887
1.07824
1.07752
1.07674
1.07595
1.07519
1.07451
1.07394
1.0735
1.0732
1.07303
1.07296
1.07295
1.07297
1.07299
1.07297
1.0729
1.07276
1.07255
1.07228
1.07196
1.0716
1.07122
1.07083
1.07046
1.0701
1.06977
1.06947
1.06921
1.06899
1.06881
1.06867
1.06857
1.06851
1.06849
1.0685
1.06853
1.06859
1.06866
1.06874
1.06882
1.06892
1.06903
1.0692
1.06944
1.0698
1.0703
1.07096
1.07177
1.07268
1.07361
1.07444
1.07502
1.07519
1.07483
1.07384
1.07225
1.07025
1.0682
1.06657
1.06584
1.06631
1.06797
1.07051
1.07344
1.07627
1.07866
1.08039
1.0814
1.08173
1.08146
1.08071
1.0796
1.07828
1.07691
1.07561
1.07454
1.0738
1.07345
1.07351
1.07397
1.07475
1.07578
1.07699
1.07832
1.0797
1.08112
1.08255
1.08397
1.08536
1.0867
1.08795
1.08909
1.09007
1.09084
1.09135
1.09156
1.09141
1.09088
1.08997
1.08873
1.08729
1.08585
1.08468
1.08405
1.08417
1.08514
1.08683
1.08904
1.09144
1.09374
1.09572
1.09725
1.09826
1.09879
1.09889
1.09866
1.0982
1.09762
1.097
1.09641
1.09589
1.09543
1.09502
1.09462
1.09418
1.09368
1.09308
1.09236
1.09155
1.09065
1.08971
1.08873
1.08778
1.08686
1.08603
1.0853
1.08473
1.08435
1.08424
1.08446
1.08508
1.08614
1.08764
1.08954
1.09174
1.09411
1.09649
1.09876
1.10082
1.10259
1.10405
1.1052
1.10604
1.10662
1.10696
1.1071
1.10706
1.10688
1.10658
1.10618
1.1057
1.10517
1.10461
1.10404
1.10349
1.10299
1.10254
1.10217
1.10188
1.10166
1.10151
1.1014
1.1013
1.10116
1.10094
1.10057
1.09999
1.09914
1.09793
1.09633
1.09429
1.09182
1.08901
1.086
1.08301
1.08031
1.07819
1.07688
1.07652
1.07715
1.07872
1.08113
1.08424
1.08791
1.09193
1.09609
1.10013
1.10385
1.10709
1.10976
1.11185
1.11341
1.11449
1.11519
1.11559
1.11576
1.11578
1.1157
1.11557
1.11543
1.11531
1.11523
1.1152
1.11521
1.11525
1.11528
1.11526
1.11514
1.11486
1.11436
1.11359
1.11252
1.11114
1.10946
1.10754
1.10546
1.10335
1.10135
1.09961
1.09828
1.09745
1.09715
1.09735
1.09793
1.09875
1.09964
1.10046
1.10111
1.10155
1.10179
1.10188
1.10191
1.10199
1.10224
1.10277
1.10369
1.10506
1.1069
1.10914
1.11164
1.11421
1.11663
1.11874
1.1204
1.12155
1.12217
1.12227
1.12193
1.12119
1.12011
1.11872
1.11704
1.11508
1.11281
1.11022
1.10727
1.10396
1.10027
1.09625
1.09201
1.08779
1.084
1.08114
1.07974
1.08018
1.08256
1.08661
1.09177
1.09737
1.10279
1.10761
1.11158
1.11463
1.1168
1.11819
1.1189
1.11905
1.11872
1.11799
1.11693
1.11558
1.11397
1.11214
1.11014
1.10802
1.10586
1.10376
1.10183
1.10016
1.09887
1.09799
1.09754
1.09746
1.09766
1.09804
1.09846
1.09881
1.09902
1.09901
1.09876
1.09825
1.09749
1.0965
1.09532
1.09398
1.09252
1.09098
1.08938
1.08774
1.08604
1.08428
1.08246
1.08061
1.07883
1.07728
1.07615
1.07565
1.07592
1.07701
1.07882
1.08116
1.08377
1.08643
1.08895
1.09118
1.09308
1.09462
1.09583
1.09675
1.09744
1.09794
1.09827
1.09842
1.09835
1.09795
1.09709
1.09564
1.09341
1.09028
1.08615
1.08106
1.07527
1.06932
1.0641
1.06059
1.05958
1.06118
1.06482
1.06948
1.07419
1.07829
1.08148
1.08374
1.08517
1.08594
1.08621
1.08611
1.08577
1.08526
1.08464
1.08393
1.08313
1.08219
1.08106
1.07966
1.07792
1.0758
1.0733
1.07047
1.06745
1.06443
1.06168
1.05945
1.05796
1.05736
1.05769
1.05888
1.06082
1.0633
1.06615
1.06918
1.0722
1.07509
1.07774
1.08008
1.08207
1.08371
1.08501
1.08598
1.08666
1.08709
1.08729
1.08731
1.08718
1.08693
1.08659
1.0862
1.08578
1.08534
1.08492
1.0845
1.08409
1.08367
1.08322
1.08269
1.08204
1.08121
1.08012
1.07871
1.07691
1.07469
1.07204
1.06902
1.06575
1.06242
1.05929
1.05663
1.05472
1.05377
1.05394
1.05524
1.05754
1.06058
1.06397
1.06732
1.0703
1.07272
1.07452
1.07579
1.07666
1.07729
1.0778
1.07826
1.07862
1.0788
1.07868
1.07819
1.0773
1.07609
1.07475
1.07351
1.0726
1.07214
1.07212
1.07237
1.07264
1.07263
1.07206
1.07078
1.06875
1.06613
1.06335
1.06103
1.05995
1.06078
1.06385
1.06898
1.07556
1.08276
1.08979
1.09605
1.10121
1.10513
1.10782
1.10932
1.10971
1.10901
1.10722
1.1043
1.10023
1.09504
1.08894
1.08242
1.07635
1.07181
1.0698
1.07074
1.0743
1.07954
1.08535
1.09084
1.09548
1.099
1.10137
1.10264
1.10294
1.10242
1.10127
1.09965
1.09773
1.09563
1.09345
1.09126
1.08915
1.08727
1.08586
1.08519
1.08547
1.08675
1.08891
1.09169
1.09477
1.09791
1.10093
1.10374
1.1063
1.10856
1.11048
1.11204
1.11321
1.11399
1.11439
1.11443
1.11416
1.11364
1.11291
1.11208
1.11122
1.11042
1.10978
1.10934
1.1091
1.10903
1.109
1.1089
1.10855
1.10782
1.1066
1.10486
1.10262
1.09997
1.09708
1.09412
1.09132
1.08891
1.0871
1.08608
1.08599
1.08685
1.08859
1.09104
1.09394
1.09705
1.1001
1.10287
1.10522
1.10701
1.10821
1.10881
1.10886
1.10845
1.10771
1.10679
1.10586
1.10511
1.10466
1.10462
1.10504
1.10589
1.1071
1.10855
1.11012
1.11164
1.11299
1.11404
1.11468
1.11485
1.1145
1.11359
1.11217
1.11029
1.10806
1.10565
1.10322
1.10096
1.09905
1.09759
1.09661
1.09607
1.09585
1.09581
1.09575
1.09547
1.09468
1.09305
1.09022
1.08595
1.08035
1.0742
1.06897
1.06645
1.0678
1.0728
1.08011
1.08805
1.09537
1.10148
1.10627
1.10984
1.1124
1.11415
1.11526
1.11587
1.11611
1.11607
1.11584
1.11548
1.11504
1.11456
1.11406
1.11357
1.11311
1.11271
1.11238
1.11208
1.11173
1.11119
1.11024
1.10863
1.10608
1.10239
1.09753
1.09174
1.08559
1.07996
1.07585
1.07407
1.07496
1.0783
1.08343
1.08948
1.09565
1.10129
1.10598
1.10954
1.11192
1.1132
1.11351
1.11308
1.11212
1.11089
1.10966
1.10864
1.10802
1.1079
1.1083
1.10915
1.11032
1.11166
1.11298
1.11412
1.11492
1.11525
1.11503
1.11421
1.11284
1.11104
1.10902
1.10706
1.10543
1.10431
1.10371
1.1035
1.10342
1.10319
1.10259
1.10156
1.10018
1.09866
1.0973
1.09638
1.09614
1.09667
1.09793
1.09976
1.10192
1.10417
1.10629
1.10812
1.10956
1.11055
1.11112
1.1113
1.11116
1.11081
1.11034
1.10982
1.10931
1.10884
1.10841
1.108
1.10756
1.10705
1.10643
1.10568
1.10481
1.10386
1.10296
1.10224
1.1019
1.10211
1.10297
1.10449
1.10654
1.10892
1.11138
1.11367
1.11564
1.11715
1.11815
1.11862
1.11857
1.11801
1.11697
1.11547
1.11353
1.11122
1.10858
1.10575
1.10285
1.10009
1.09767
1.09579
1.09462
1.09426
1.09473
1.09595
1.09779
1.10004
1.10245
1.10481
1.10693
1.10871
1.11009
1.11111
1.11184
1.11239
1.11286
1.11331
1.11379
1.11431
1.11483
1.11531
1.1157
1.11594
1.11599
1.11582
1.11545
1.1149
1.11425
1.1136
1.11307
1.11281
1.1129
1.11341
1.11434
1.11561
1.11712
1.1187
1.12019
1.1214
1.1222
1.12245
1.12202
1.12083
1.11882
1.11594
1.11224
1.1078
1.10284
1.0977
1.09286
1.08888
1.08628
1.08531
1.08588
1.0876
1.08988
1.09222
1.09429
1.096
1.09745
1.09884
1.1004
1.10231
1.10463
1.10732
1.11026
1.11324
1.11602
1.11837
1.12009
1.12106
1.12127
1.12085
1.12008
1.11939
1.11923
1.11994
1.1216
1.124
1.12668
1.12917
1.13102
1.13192
1.13171
1.13034
1.12786
1.12439
1.12012
1.11532
1.11031
1.10544
1.10103
1.09738
1.09463
1.09285
1.09195
1.09182
1.09228
1.09324
1.09459
1.09632
1.09844
1.10098
1.10397
1.10741
1.11128
1.11547
1.11986
1.12424
1.12844
1.13229
1.13565
1.13844
1.14059
1.14206
1.14283
1.14289
1.14222
1.1408
1.13862
1.13563
1.13178
1.12697
1.12106
1.11391
1.1055
1.09616
1.08671
1.07852
1.07302
1.07099
1.07203
1.07485
1.07791
1.08009
1.08087
1.08043
1.07952
1.07916
1.08028
1.08331
1.08797
1.09352
1.09913
1.10415
1.10827
1.11141
1.11364
1.11508
1.1159
1.11622
1.11615
1.11581
1.11526
1.11456
1.11379
1.11296
1.11212
1.1113
1.11051
1.10976
1.10905
1.10837
1.10772
1.10706
1.10638
1.10565
1.10486
1.10399
1.10303
1.10198
1.10087
1.09973
1.09861
1.09757
1.09664
1.09588
1.09527
1.0948
1.0944
1.094
1.09349
1.09276
1.09174
1.09036
1.08866
1.08671
1.08472
1.08299
1.08184
1.08155
1.08226
1.08394
1.08634
1.08917
1.09208
1.09482
1.0972
1.09915
1.10063
1.10169
1.10237
1.10272
1.10282
1.10272
1.10248
1.10214
1.10174
1.10131
1.10087
1.10041
1.09995
1.09949
1.09904
1.09863
1.09832
1.09816
1.0982
1.09851
1.09913
1.10006
1.10131
1.10284
1.1046
1.10651
1.10852
1.11056
1.11256
1.1145
1.11634
1.11807
1.11967
1.12116
1.12252
1.12378
1.12491
1.12593
1.12682
1.12758
1.12817
1.1286
1.12883
1.12885
1.12865
1.12821
1.12752
1.1266
1.12543
1.12404
1.12246
1.12072
1.11886
1.11691
1.11494
1.11297
1.11109
1.10936
1.10789
1.10682
1.1063
1.10646
1.10736
1.109
1.11125
1.11393
1.11684
1.11981
1.1227
1.12542
1.1279
1.1301
1.13197
1.1335
1.13464
1.13537
1.13569
1.13557
1.13502
1.134
1.13252
1.13053
1.12801
1.12493
1.12126
1.11701
1.11229
1.1073
1.10238
1.098
1.09467
1.09285
1.09274
1.09425
1.09703
1.10061
1.10454
1.10849
1.11227
1.11577
1.11893
1.1217
1.12405
1.12591
1.12727
1.12811
1.12848
1.12844
1.12811
1.12762
1.12712
1.12674
1.12661
1.1268
1.12734
1.12823
1.12943
1.13086
1.13247
1.13416
1.13586
1.13753
1.1391
1.14055
1.14183
1.14293
1.14382
1.14447
1.14486
1.14496
1.14473
1.14413
1.14312
1.14166
1.13973
1.13731
1.13439
1.13103
1.12728
1.12325
1.11906
1.11484
1.11066
1.10653
1.10237
1.09804
1.09352
1.08899
1.08501
1.08248
1.08231
1.08498
1.09022
1.09708
1.10439
1.11112
1.11666
1.12073
1.12333
1.1246
1.12477
1.12409
1.1228
1.12116
1.11944
1.11789
1.11673
1.11613
1.1162
1.11692
1.11819
1.11982
1.12158
1.12324
1.12461
1.12558
1.12606
1.12601
1.12545
1.12443
1.12303
1.12136
1.11955
1.11776
1.11613
1.11474
1.11363
1.11273
1.11187
1.11085
1.10941
1.10734
1.10448
1.10079
1.09637
1.09154
1.08681
1.0829
1.0806
1.08057
1.08301
1.08753
1.09324
1.09915
1.10446
1.1087
1.11172
1.1136
1.1145
1.11461
1.11412
1.11319
1.11195
1.1105
1.10893
1.1073
1.10565
1.10402
1.10244
1.10092
1.09947
1.0981
1.0968
1.09555
1.09433
1.09314
1.09193
1.09069
1.0894
1.08804
1.08658
1.08504
1.08343
1.08179
1.08019
1.07876
1.07764
1.07699
1.07694
1.07761
1.07901
1.08108
1.08369
1.08666
1.08978
1.09289
1.09584
1.09855
1.10096
1.10306
1.10485
1.10637
1.10764
1.10869
1.10954
1.11023
1.11078
1.1112
1.11151
1.11172
1.11185
1.11191
1.11191
1.11188
1.11184
1.11179
1.11177
1.11178
1.11182
1.11189
1.11195
1.11199
1.11193
1.11173
1.11133
1.11064
1.10964
1.10826
1.10651
1.1044
1.10199
1.09937
1.09672
1.09425
1.09224
1.09095
1.09056
1.09114
1.09258
1.09466
1.09719
1.10005
1.10321
1.10667
1.11036
1.11413
1.11778
1.12112
1.12408
1.12672
1.12922
1.13175
1.13444
1.13729
1.14017
1.14288
1.1452
1.14691
1.14788
1.148
1.14724
1.14565
1.14338
1.14063
1.13773
1.135
1.13271
1.13103
1.12995
1.12938
1.12917
1.12922
1.12951
1.13006
1.13092
1.13208
1.13352
1.13515
1.13684
1.13848
1.13997
1.14123
1.14222
1.14296
1.14348
1.14385
1.14414
1.14443
1.1448
1.14528
1.14587
1.14651
1.14714
1.14765
1.14793
1.14788
1.1474
1.1464
1.14483
1.14267
1.13999
1.13695
1.13383
1.131
1.12888
1.12776
1.12772
1.1286
1.13006
1.13173
1.1333
1.13462
1.13565
1.13644
1.13709
1.13763
1.1381
1.13846
1.13864
1.1386
1.1383
1.13778
1.1371
1.13636
1.1357
1.13523
1.13503
1.13512
1.13548
1.13604
1.1367
1.13736
1.13792
1.13833
1.1386
1.13878
1.139
1.13943
1.14019
1.14134
1.14282
1.14442
1.14585
1.14675
1.14674
1.14548
1.14272
1.13837
1.13258
1.12581
1.11881
1.11246
1.10756
1.10459
1.10365
1.10453
1.10676
1.10978
1.11304
1.1161
1.11873
1.12085
1.12257
1.12408
1.12561
1.12736
1.12939
1.1317
1.13416
1.13665
1.13903
1.14121
1.14315
1.14481
1.1462
1.14733
1.1482
1.14881
1.14916
1.14925
1.14908
1.14865
1.14796
1.14702
1.14584
1.14444
1.14286
1.14112
1.13926
1.13735
1.13547
1.13368
1.13208
1.13074
1.12973
1.12906
1.12872
1.12868
1.12884
1.1291
1.12934
1.12944
1.12927
1.12876
1.12787
1.12669
1.12536
1.12413
1.12322
1.12272
1.12254
1.12238
1.12177
1.12026
1.1175
1.11345
1.10842
1.10309
1.09844
1.09541
1.09469
1.09641
1.10009
1.10485
1.10964
1.11358
1.11606
1.11683
1.11596
1.11385
1.11122
1.10902
1.10821
1.10939
1.11252
1.117
1.12195
1.12659
1.13042
1.13325
1.13507
1.13598
1.13612
1.13563
1.1346
1.13313
1.13128
1.12914
1.12679
1.12434
1.12195
1.11977
1.11799
1.11675
1.11616
1.11624
1.11695
1.11814
1.11966
1.12135
1.12304
1.12461
1.126
1.12715
1.12807
1.12875
1.12924
1.12958
1.1298
1.12997
1.13013
1.13032
1.13057
1.13086
1.13117
1.13142
1.13151
1.13131
1.13065
1.12937
1.12725
1.12412
1.1198
1.11417
1.10718
1.09892
1.08962
1.07974
1.07006
1.06174
1.05626
1.05507
1.0589
1.0673
1.07873
1.09123
1.10313
1.11341
1.12165
1.12779
1.13195
1.13427
1.13482
1.13361
1.13062
1.12595
1.11999
1.11364
1.1083
1.10545
1.10593
1.10944
1.11476
1.12045
1.12548
1.12935
1.13204
1.13371
1.13462
1.135
1.13504
1.13487
1.13458
1.13421
1.13379
1.13333
1.1328
1.1322
1.1315
1.13068
1.12969
1.12852
1.12713
1.1255
1.12362
1.12152
1.11925
1.11692
1.11467
1.11272
1.11127
1.11054
1.11064
1.11161
1.11334
1.11569
1.11844
1.12139
1.1244
1.12733
1.13008
1.13257
1.13474
1.13652
1.1379
1.13885
1.13938
1.13952
1.1393
1.13878
1.13805
1.13718
1.13631
1.13555
1.13503
1.13487
1.13514
1.13587
1.13702
1.13848
1.14012
1.14178
1.14329
1.14452
1.14534
1.14566
1.14542
1.1446
1.14321
1.14134
1.13909
1.13665
1.13424
1.13207
1.1303
1.12902
1.12823
1.12784
1.12768
1.1276
1.12741
1.12696
1.12617
1.12496
1.12333
1.12135
1.11915
1.11691
1.1149
1.11339
1.11265
1.11287
1.11415
1.11648
1.1197
1.12362
1.12795
1.13243
1.1368
1.14084
1.14437
1.14726
1.14942
1.15082
1.15143
1.15127
1.15035
1.14874
1.14649
1.14374
1.14062
1.13735
1.13417
1.13135
1.12914
1.12775
1.12728
1.12772
1.12895
1.13074
1.13285
1.13506
1.13716
1.13902
1.14059
1.14182
1.14274
1.14338
1.1438
1.14406
1.14421
1.14433
1.14446
1.14466
1.14496
1.14541
1.146
1.14672
1.14755
1.14844
1.1493
1.15006
1.1506
1.15081
1.15057
1.14976
1.14828
1.14609
1.14321
1.13985
1.13632
1.13312
1.13076
1.12968
1.13005
1.13173
1.13438
1.13757
1.14087
1.14396
1.14662
1.1487
1.1501
1.15075
1.15063
1.14972
1.14807
1.14579
1.14304
1.14008
1.13719
1.13475
1.13309
1.13254
1.13331
1.13547
1.13891
1.14335
1.1484
1.15357
1.15841
1.16251
1.16556
1.16737
1.16789
1.1672
1.16554
1.16327
1.16079
1.15846
1.15652
1.15499
1.15371
1.15245
1.15098
1.14916
1.14697
1.14451
1.14197
1.13961
1.13765
1.1363
1.13566
1.13572
1.13642
1.1376
1.1391
1.14079
1.14253
1.14425
1.14589
1.14741
1.1488
1.15001
1.15101
1.15177
1.15224
1.15236
1.15213
1.15153
1.15059
1.14938
1.14802
1.14662
1.14531
1.14416
1.14318
1.14231
1.14142
1.14037
1.13907
1.13747
1.13562
1.13366
1.13174
1.13004
1.12866
1.12769
1.12714
1.12705
1.12744
1.12831
1.12962
1.13128
1.13314
1.13504
1.13683
1.1384
1.13969
1.14068
1.14139
1.14185
1.1421
1.14215
1.14204
1.14174
1.14125
1.14051
1.13948
1.13809
1.13624
1.13387
1.13091
1.12733
1.12313
1.11843
1.11343
1.10845
1.10392
1.10032
1.09809
1.0975
1.09857
1.10109
1.10466
1.10881
1.11309
1.11711
1.12059
1.12334
1.12525
1.12627
1.1264
1.12566
1.12408
1.1217
1.11859
1.11486
1.11068
1.10629
1.10198
1.0981
1.09499
1.09297
1.09227
1.09294
1.0949
1.0979
1.10158
1.10558
1.10957
1.11329
1.1166
1.11942
1.12175
1.12362
1.1251
1.12625
1.12716
1.12787
1.12843
1.12886
1.12917
1.12935
1.12936
1.12917
1.12873
1.12797
1.12686
1.12536
1.12349
1.12133
1.11901
1.11675
1.11479
1.11335
1.11255
1.11239
1.11274
1.11335
1.11397
1.11437
1.11447
1.11427
1.11393
1.1137
1.11384
1.11454
1.11585
1.11766
1.11976
1.1219
1.12389
1.1256
1.12697
1.12799
1.12868
1.12907
1.12918
1.12908
1.12881
1.12846
1.1281
1.1278
1.12761
1.12753
1.12756
1.12764
1.12774
1.12778
1.12772
1.12749
1.12704
1.12631
1.12526
1.12389
1.12225
1.12047
1.11877
1.11741
1.11666
1.1167
1.11758
1.11922
1.1214
1.12389
1.12648
1.12898
1.13128
1.13331
1.13504
1.13646
1.13755
1.13834
1.13881
1.13898
1.13887
1.13849
1.13786
1.13703
1.13604
1.13493
1.13377
1.1326
1.13149
1.13046
1.12955
1.12877
1.12811
1.12755
1.1271
1.12673
1.12645
1.12626
1.12619
1.12625
1.12645
1.12679
1.12726
1.12781
1.12839
1.1289
1.12925
1.12932
1.12897
1.12807
1.12647
1.12409
1.12086
1.11687
1.11235
1.10773
1.10363
1.10076
1.09971
1.10078
1.10381
1.10829
1.11352
1.11883
1.12376
1.12805
1.1316
1.13445
1.13666
1.13834
1.13958
1.14048
1.1411
1.14153
1.14182
1.14201
1.14216
1.14229
1.14242
1.14258
1.14277
1.14301
1.14328
1.1436
1.14395
1.14436
1.14481
1.14533
1.14593
1.14661
1.14741
1.14832
1.14936
1.15052
1.15181
1.15319
1.15465
1.15615
1.15765
1.1591
1.16046
1.16167
1.16267
1.1634
1.16381
1.16382
1.16338
1.16242
1.1609
1.1588
1.15611
1.15288
1.14924
1.14539
1.14158
1.13817
1.13547
1.13379
1.13332
1.13409
1.13603
1.13896
1.14267
1.14694
1.15155
1.15631
1.16101
1.16547
1.16956
1.17314
1.17613
1.17851
1.18024
1.18136
1.18188
1.18185
1.18132
1.18031
1.17888
1.17709
1.17501
1.17277
1.17053
1.16851
1.16691
1.16593
1.16564
1.16605
1.167
1.16833
1.1698
1.17123
1.17247
1.17342
1.17402
1.17424
1.17405
1.17346
1.1725
1.1712
1.16963
1.1679
1.16612
1.16443
1.16296
1.16179
1.16098
1.16054
1.16044
1.16065
1.16111
1.1618
1.16268
1.16374
1.16493
1.1662
1.16748
1.1687
1.16975
1.17057
1.17108
1.17125
1.17105
1.17048
1.16955
1.16829
1.16676
1.16501
1.16312
1.16117
1.15923
1.15738
1.15567
1.15413
1.15278
1.15159
1.15056
1.14964
1.14879
1.14797
1.14715
1.14627
1.14531
1.14422
1.14303
1.14181
1.14076
1.14012
1.14019
1.14115
1.14301
1.14555
1.14838
1.1511
1.15336
1.15494
1.15573
1.15572
1.15498
1.15363
1.15178
1.14955
1.14704
1.14435
1.14153
1.13862
1.13562
1.13257
1.1295
1.1265
1.1237
1.12126
1.11933
1.11798
1.11721
1.11691
1.11693
1.11711
1.11733
1.11752
1.11768
1.11784
1.11806
1.11837
1.11883
1.11943
1.12016
1.12101
1.12194
1.12291
1.12388
1.12481
1.12568
1.12646
1.12713
1.12768
1.12809
1.12837
1.1285
1.12846
1.12827
1.1279
1.12736
1.12664
1.12577
1.12475
1.12364
1.12248
1.12135
1.12031
1.11946
1.11887
1.11859
1.11865
1.11906
1.11977
1.12076
1.12194
1.12325
1.12462
1.12598
1.12725
1.12838
1.1293
1.12994
1.13026
1.13018
1.12965
1.12861
1.12701
1.1248
1.12196
1.11848
1.11444
1.10997
1.10537
1.10105
1.09754
1.09535
1.09483
1.09598
1.0985
1.10188
1.10558
1.10916
1.11236
1.11504
1.11716
1.11875
1.11984
1.12049
1.12076
1.12074
1.12054
1.12027
1.12004
1.11996
1.1201
1.12046
1.12101
1.12169
1.1224
1.12304
1.12355
1.12386
1.12394
1.12379
1.12341
1.12283
1.12209
1.12123
1.1203
1.11936
1.11846
1.11767
1.11705
1.11667
1.11658
1.1168
1.11734
1.11818
1.11926
1.1205
1.12181
1.12307
1.12421
1.12515
1.12584
1.12628
1.12645
1.12636
1.12604
1.12552
1.1248
1.12392
1.12287
1.12166
1.12032
1.11884
1.11727
1.11563
1.11397
1.11231
1.11067
1.10903
1.10735
1.10561
1.10385
1.10213
1.10064
1.09964
1.09942
1.10022
1.10216
1.10515
1.10889
1.11301
1.11708
1.1208
1.12397
1.12647
1.1283
1.12947
1.13003
1.13003
1.12955
1.12867
1.12748
1.12612
1.1247
1.12334
1.12213
1.1211
1.12023
1.11943
1.11856
1.11749
1.11607
1.11419
1.11176
1.10877
1.10525
1.10132
1.09716
1.09305
1.08929
1.08614
1.08372
1.08199
1.08074
1.07965
1.07849
1.0771
1.07556
1.07411
1.07313
1.07306
1.07423
1.07679
1.08067
1.08554
1.09096
1.09643
1.10152
1.10593
1.1095
1.11218
1.114
1.11505
1.11544
1.11528
1.11468
1.11373
1.11247
1.11094
1.10912
1.10699
1.10449
1.10159
1.09832
1.09485
1.09145
1.08854
1.08657
1.08578
1.08614
1.08731
1.08874
1.08993
1.09053
1.09042
1.08972
1.0887
1.08774
1.0872
1.08734
1.08829
1.08994
1.09209
1.09443
1.09666
1.09856
1.09999
1.10089
1.10127
1.1012
1.10076
1.10005
1.09918
1.09825
1.09732
1.09646
1.09567
1.09494
1.09426
1.09356
1.09282
1.09203
1.0912
1.0904
1.08974
1.08936
1.08939
1.08997
1.09114
1.09289
1.09512
1.09768
1.10042
1.10316
1.10577
1.10817
1.11031
1.11215
1.1137
1.11496
1.11595
1.11669
1.11719
1.11747
1.11756
1.11748
1.11727
1.11698
1.11664
1.11631
1.11603
1.11581
1.11564
1.11547
1.11524
1.11486
1.11425
1.11335
1.11211
1.11054
1.10867
1.10659
1.1044
1.10221
1.10014
1.09832
1.09687
1.09591
1.09551
1.09576
1.09667
1.0982
1.10025
1.1027
1.1054
1.10822
1.1111
1.11401
1.11694
1.1199
1.12286
1.12573
1.12838
1.13068
1.13248
1.13366
1.13416
1.13395
1.13304
1.13151
1.12949
1.12712
1.12462
1.12215
1.11985
1.11775
1.1158
1.1139
1.11199
1.11008
1.10828
1.10674
1.10557
1.1048
1.10439
1.10433
1.10471
1.10567
1.10735
1.10971
1.11252
1.11539
1.11792
1.11981
1.12096
1.12144
1.12149
1.12145
1.12162
1.12226
1.12344
1.12507
1.12694
1.12874
1.13018
1.13103
1.13119
1.13066
1.1296
1.12827
1.12698
1.12607
1.12577
1.12613
1.12705
1.12825
1.12935
1.12995
1.12971
1.12842
1.12608
1.12302
1.11988
1.11752
1.1167
1.11767
1.12006
1.12307
1.12584
1.12776
1.12856
1.12827
1.12711
1.12533
1.12314
1.12068
1.11802
1.11516
1.11218
1.10931
1.10692
1.10554
1.10564
1.10745
1.11087
1.11551
1.12079
1.12617
1.13125
1.13581
1.13977
1.14318
1.14613
1.1487
1.151
1.15308
1.15499
1.15673
1.15833
1.15976
1.16103
1.16214
1.16309
1.16387
1.16449
1.16496
1.1653
1.1655
1.16558
1.16553
1.16535
1.16502
1.16453
1.16382
1.16286
1.16157
1.15986
1.15766
1.1549
1.15154
1.14764
1.14339
1.13916
1.13546
1.13282
1.13164
1.13201
1.13362
1.13588
1.13812
1.13968
1.14008
1.13902
1.13641
1.13248
1.12784
1.12352
1.12077
1.12063
1.12341
1.12856
1.13502
1.14165
1.14768
1.15269
1.15661
1.15953
1.16163
1.16312
1.16418
1.16497
1.1656
1.16617
1.16673
1.16729
1.16787
1.16845
1.169
1.1695
1.1699
1.17016
1.17023
1.17007
1.1696
1.16881
1.16767
1.16621
1.16451
1.16272
1.16107
1.15978
1.15908
1.1591
1.15986
1.16124
1.16307
1.16511
1.16719
1.16916
1.17094
1.17248
1.17378
1.17484
1.17566
1.17625
1.17662
1.17678
1.17674
1.17652
1.17614
1.17563
1.17502
1.17432
1.17356
1.17275
1.17191
1.17105
1.17021
1.16946
1.16888
1.16856
1.16863
1.16916
1.17023
1.17185
1.174
1.17659
1.17948
1.18251
1.18553
1.18838
1.19094
1.19311
1.19483
1.19608
1.19688
1.19725
1.19727
1.19702
1.1966
1.19613
1.19572
1.19549
1.19551
1.19586
1.19652
1.19748
1.19866
1.19997
1.20133
1.20267
1.20393
1.2051
1.20618
1.20716
1.20803
1.20876
1.20929
1.20956
1.20951
1.2091
1.20833
1.20723
1.20585
1.20426
1.20246
1.20048
1.19828
1.19589
1.19337
1.19095
1.18897
1.18787
1.18808
1.18987
1.19326
1.19802
1.20369
1.20973
1.21562
1.22099
1.22558
1.2293
1.23215
1.23422
1.23561
1.23644
1.23682
1.23683
1.23652
1.23589
1.23492
1.23356
1.23173
1.22934
1.22633
1.22268
1.2184
1.21364
1.20858
1.20349
1.19864
1.19426
1.19053
1.18761
1.18562
1.18476
1.18522
1.18718
1.19069
1.1956
1.20152
1.20789
1.21409
1.21955
1.22384
1.22668
1.22796
1.22771
1.22607
1.22327
1.21955
1.21511
1.21014
1.20482
1.19949
1.19468
1.19096
1.1887
1.1878
1.1878
1.18818
1.18866
1.1892
1.18987
1.1907
1.19166
1.19289
1.19475
1.19777
1.20236
1.20852
1.21575
1.22329
1.23039
1.23654
1.24149
1.24526
1.24795
1.24975
1.25081
1.25128
1.25125
1.25077
1.24986
1.24848
1.2466
1.24414
1.24104
1.23725
1.23273
1.22749
1.2216
1.2152
1.20853
1.20196
1.19595
1.191
1.18762
1.18613
1.1866
1.18882
1.19238
1.19676
1.20151
1.20633
1.21099
1.21536
1.21931
1.22274
1.22553
1.22758
1.22882
1.22922
1.2288
1.22761
1.22576
1.22335
1.22053
1.21746
1.21428
1.21111
1.20804
1.2051
1.20232
1.19965
1.19708
1.19458
1.19219
1.18998
1.18806
1.18658
1.18568
1.18548
1.18601
1.18722
1.18896
1.19099
1.19299
1.19462
1.19553
1.19547
1.19428
1.19194
1.18855
1.18437
1.17969
1.17481
1.16996
1.16532
1.16099
1.15706
1.1536
1.15066
1.14826
1.14642
1.14517
1.14463
1.145
1.1465
1.14927
1.15329
1.15834
1.16403
1.16988
1.17545
1.18035
1.18432
1.18719
1.18888
1.18935
1.1886
1.18664
1.18349
1.17918
1.17384
1.16764
1.16087
1.15389
1.14711
1.14091
1.1356
1.13136
1.12825
1.12618
1.12497
1.12442
1.12445
1.12525
1.12711
1.13022
1.13439
1.13906
1.14362
1.14764
1.15104
1.15394
1.15653
1.15898
1.16129
1.16344
1.16533
1.1669
1.16812
1.16898
1.16948
1.16966
1.16954
1.16919
1.16865
1.16799
1.16729
1.16664
1.16612
1.16579
1.16568
1.16581
1.16615
1.16666
1.16727
1.16793
1.16858
1.16922
1.16987
1.17062
1.17155
1.17273
1.1742
1.17591
1.17775
1.17956
1.18118
1.1825
1.18342
1.18392
1.18399
1.18364
1.18288
1.18174
1.18025
1.17848
1.1766
1.17484
1.17353
1.17297
1.17333
1.17456
1.17642
1.17854
1.18059
1.18233
1.18369
1.18473
1.18559
1.18638
1.18717
1.18791
1.18846
1.1886
1.18811
1.18685
1.18482
1.18225
1.17957
1.17735
1.17617
1.17637
1.178
1.1808
1.18433
1.18817
1.19194
1.1954
1.1984
1.20084
1.20265
1.20378
1.20419
1.20382
1.20265
1.20065
1.19782
1.19421
1.18989
1.18503
1.17985
1.17465
1.16983
1.16579
1.16289
1.16138
1.16131
1.1625
1.16462
1.16726
1.17001
1.17254
1.17465
1.17625
1.17735
1.17805
1.17845
1.17867
1.17882
1.17895
1.17912
1.17933
1.17961
1.17995
1.18038
1.1809
1.18154
1.18232
1.18323
1.18428
1.18544
1.1867
1.18799
1.18928
1.19048
1.19152
1.19232
1.19279
1.19286
1.19243
1.19145
1.18986
1.18762
1.18474
1.18126
1.17731
1.17309
1.16884
1.16485
1.16131
1.15835
1.15596
1.15406
1.15263
1.15176
1.15162
1.15243
1.1543
1.15714
1.1607
1.1646
1.16847
1.17204
1.17515
1.17773
1.1798
1.18142
1.18264
1.18356
1.18423
1.18472
1.18508
1.18536
1.1856
1.18581
1.18603
1.18626
1.18651
1.18676
1.18698
1.1871
1.18702
1.1866
1.1856
1.18376
1.18073
1.17623
1.17015
1.16285
1.15541
1.14957
1.14705
1.14855
1.15331
1.15963
1.16593
1.17126
1.17533
1.17827
1.18033
1.18177
1.1828
1.18353
1.18407
1.18444
1.1847
1.18485
1.18493
1.18494
1.18488
1.18474
1.1845
1.18412
1.18357
1.18282
1.18186
1.18072
1.17948
1.17825
1.17722
1.17656
1.17645
1.17699
1.17821
1.18003
1.18227
1.18475
1.18724
1.18956
1.19159
1.19323
1.19447
1.19533
1.19584
1.19605
1.19602
1.1958
1.19543
1.19495
1.19437
1.19374
1.19311
1.19251
1.19203
1.19171
1.19161
1.19175
1.19213
1.19269
1.19337
1.19405
1.19463
1.19501
1.19511
1.19489
1.19432
1.19343
1.19224
1.19079
1.18915
1.18737
1.18552
1.18365
1.18183
1.1801
1.17849
1.17702
1.17569
1.17444
1.17322
1.17196
1.17059
1.16912
1.16768
1.16651
1.16601
1.16655
1.16838
1.17147
1.17552
1.18003
1.18452
1.18859
1.19205
1.19485
1.19703
1.19873
1.20005
1.20112
1.20201
1.20277
1.20338
1.20382
1.20403
1.20396
1.20355
1.20273
1.20147
1.19975
1.19755
1.19488
1.19178
1.18828
1.18445
1.18036
1.17612
1.17185
1.16771
1.16386
1.16054
1.15801
1.15657
1.15644
1.15768
1.16006
1.1631
1.16618
1.16871
1.17029
1.17083
1.1705
1.16976
1.1692
1.16936
1.17058
1.17286
1.17591
1.17926
1.18246
1.18516
1.18716
1.18838
1.18882
1.18853
1.1876
1.18616
1.18439
1.1825
1.18073
1.17929
1.17836
1.17802
1.17825
1.17895
1.18002
1.18132
1.18279
1.18437
1.18605
1.18777
1.18949
1.19111
1.19253
1.19361
1.19426
1.19437
1.19388
1.19277
1.19105
1.18876
1.18604
1.18305
1.18001
1.17716
1.17472
1.17288
1.17168
1.17109
1.171
1.17125
1.17168
1.17216
1.17263
1.17308
1.1735
1.17395
1.17445
1.17501
1.17561
1.17621
1.17674
1.17708
1.17714
1.17685
1.17616
1.1751
1.17375
1.17226
1.17081
1.16958
1.1687
1.16819
1.16801
1.16808
1.16831
1.16867
1.16916
1.16973
1.17022
1.17028
1.1694
1.1671
1.16324
1.15834
1.15386
1.1517
1.15329
1.15856
1.16601
1.17367
1.18004
1.18439
1.18653
1.18661
1.18487
1.18165
1.17735
1.17244
1.16743
1.16275
1.15868
1.15542
1.15317
1.15215
1.15255
1.1543
1.15702
1.16013
1.16303
1.16534
1.16688
1.16767
1.16784
1.16754
1.16692
1.16608
1.16508
1.16397
1.16281
1.16167
1.16067
1.15994
1.15964
1.15987
1.16071
1.16215
1.16411
1.16644
1.16896
1.17146
1.1737
1.17544
1.1764
1.17631
1.17487
1.1719
1.16739
1.1618
1.15605
1.15148
1.14924
1.14972
1.15237
1.15611
1.15995
1.16338
1.1663
1.16887
1.17125
1.17357
1.17584
1.17802
1.18005
1.18182
1.18321
1.18409
1.1843
1.18367
1.18198
1.17905
1.17473
1.16898
1.16199
1.15425
1.14663
1.14022
1.13606
1.13468
1.13592
1.13903
1.143
1.14692
1.15028
1.15296
1.15521
1.15747
1.16014
1.16342
1.16724
1.17131
1.17528
1.17886
1.18184
1.18412
1.18569
1.18657
1.18683
1.18654
1.1858
1.18469
1.18335
1.18191
1.18053
1.17936
1.17854
1.17817
1.1783
1.17888
1.1798
1.18091
1.18207
1.18314
1.18405
1.18476
1.18528
1.18557
1.1856
1.18528
1.18453
1.18332
1.18167
1.17967
1.17752
1.17544
1.1736
1.17209
1.17088
1.16978
1.16857
1.16702
1.165
1.16257
1.16
1.15775
1.15643
1.15658
1.15841
1.16169
1.16578
1.16989
1.17333
1.17566
1.17681
1.17698
1.17658
1.17605
1.1757
1.17558
1.1755
1.17514
1.17426
1.17281
1.17102
1.16931
1.16817
1.16796
1.1688
1.17049
1.17268
1.17498
1.17709
1.17882
1.18011
1.18098
1.1815
1.18171
1.18168
1.18142
1.18094
1.18023
1.17923
1.17791
1.1762
1.17405
1.17145
1.16836
1.16476
1.16063
1.15589
1.15046
1.1443
1.13753
1.13055
1.12413
1.11923
1.11685
1.11773
1.12207
1.12933
1.13837
1.14775
1.15629
1.16331
1.16868
1.17258
1.17536
1.17736
1.17883
1.17992
1.18065
1.18101
1.18094
1.18041
1.17939
1.17792
1.17602
1.17379
1.1713
1.16861
1.1658
1.16288
1.15984
1.15663
1.1532
1.14951
1.14561
1.14161
1.13772
1.13423
1.1314
1.12948
1.12862
1.12897
1.1307
1.13391
1.13855
1.14427
1.15049
1.15655
1.16192
1.16628
1.16954
1.17179
1.17321
1.17404
1.17447
1.1747
1.17482
1.1749
1.17493
1.17487
1.17467
1.17428
1.17363
1.17265
1.17123
1.16922
1.1664
1.1626
1.15774
1.15197
1.14583
1.1402
1.13618
1.13466
1.13583
1.13912
1.14341
1.14758
1.1509
1.15313
1.15446
1.15532
1.15616
1.15734
1.15901
1.16119
1.16373
1.16647
1.16922
1.17184
1.17422
1.17627
1.17788
1.17896
1.17934
1.17888
1.17745
1.17498
1.17155
1.1675
1.16343
1.16017
1.15852
1.15889
1.16111
1.16451
1.16824
1.17159
1.17416
1.17578
1.17648
1.17639
1.17565
1.17441
1.17279
1.17092
1.16895
1.16702
1.16526
1.16382
1.16277
1.16217
1.162
1.16222
1.16275
1.16349
1.16436
1.16528
1.1662
1.16708
1.16789
1.16864
1.16932
1.16992
1.17046
1.17092
1.17129
1.17155
1.17168
1.17168
1.17154
1.17127
1.17089
1.17044
1.16996
1.16948
1.16905
1.16868
1.16839
1.16817
1.16799
1.16781
1.16761
1.16734
1.16698
1.16653
1.16598
1.16535
1.16469
1.16402
1.1634
1.16286
1.16243
1.16214
1.16197
1.1619
1.16188
1.16184
1.1617
1.16135
1.16069
1.15962
1.15806
1.15598
1.15343
1.15055
1.14764
1.14509
1.14333
1.14266
1.14314
1.14457
1.14655
1.14863
1.15041
1.15165
1.15225
1.15222
1.1517
1.15084
1.14986
1.14894
1.1482
1.14775
1.14759
1.14768
1.14797
1.14836
1.14879
1.14921
1.14961
1.15
1.15041
1.15088
1.15146
1.15219
1.15307
1.1541
1.15524
1.15641
1.15755
1.15857
1.15943
1.16007
1.1605
1.16071
1.16075
1.16065
1.16047
1.16024
1.16
1.15978
1.1596
1.15944
1.15932
1.15922
1.15912
1.159
1.15884
1.15861
1.15828
1.15783
1.15725
1.15651
1.15563
1.15461
1.15346
1.15221
1.15088
1.1495
1.14811
1.14671
1.14531
1.1439
1.14241
1.14076
1.13884
1.13653
1.13375
1.13051
1.12699
1.12351
1.12053
1.11848
1.11759
1.11783
1.11895
1.1207
1.12292
1.12558
1.12871
1.1323
1.13628
1.14047
1.14465
1.14855
1.15196
1.15466
1.15653
1.15749
1.1575
1.15658
1.15478
1.15221
1.14901
1.1454
1.14166
1.13813
1.13512
1.13289
1.13156
1.13111
1.13135
1.13198
1.13268
1.13321
1.13343
1.13336
1.13321
1.13324
1.13372
1.13477
1.13633
1.13816
1.13996
1.14145
1.14242
1.14279
1.14254
1.14175
1.14051
1.13897
1.13725
1.13551
1.13387
1.13242
1.13121
1.13025
1.12951
1.12893
1.12844
1.12798
1.12751
1.127
1.12645
1.12587
1.12528
1.12473
1.12424
1.12385
1.12361
1.12352
1.12362
1.1239
1.12437
1.125
1.12577
1.12663
1.12756
1.12848
1.12936
1.13013
1.13075
1.13116
1.13132
1.1312
1.13076
1.13003
1.12903
1.12784
1.12655
1.1253
1.1242
1.12334
1.12275
1.12243
1.12229
1.12225
1.12223
1.12217
1.12205
1.12189
1.12172
1.12157
1.12144
1.12133
1.12122
1.1211
1.12095
1.12076
1.12054
1.12029
1.12004
1.11981
1.11963
1.11955
1.11961
1.11986
1.12034
1.1211
1.12212
1.12338
1.12485
1.12646
1.12813
1.1298
1.13141
1.13289
1.13417
1.13515
1.13571
1.13568
1.13479
1.13274
1.12917
1.12383
1.11676
1.10872
1.10124
1.09634
1.09538
1.09816
1.10307
1.1082
1.11232
1.11511
1.11685
1.11809
1.11929
1.12074
1.1225
1.12443
1.12632
1.12791
1.12895
1.12926
1.12874
1.1274
1.12535
1.12282
1.1201
1.11757
1.11561
1.11452
1.11446
1.11542
1.11721
1.11953
1.12202
1.12436
1.12633
1.12778
1.12865
1.12898
1.12886
1.12843
1.12782
1.1272
1.12669
1.12639
1.12633
1.12652
1.1269
1.12737
1.12783
1.12816
1.12829
1.12815
1.12778
1.12723
1.12663
1.12615
1.12599
1.12632
1.12728
1.12894
1.13126
1.13413
1.13739
1.14082
1.14423
1.14744
1.15032
1.15278
1.1548
1.15635
1.15744
1.15812
1.15842
1.15836
1.15797
1.15729
1.15632
1.15507
1.15353
1.1517
1.14957
1.14714
1.14444
1.14153
1.13852
1.13556
1.13287
1.13066
1.1291
1.12831
1.12831
1.12905
1.13045
1.13239
1.13477
1.13751
1.1405
1.14363
1.14681
1.1499
1.1528
1.15543
1.15772
1.15962
1.1611
1.16216
1.16279
1.16298
1.16275
1.1621
1.16106
1.15965
1.15791
1.1559
1.1537
1.15139
1.14906
1.14675
1.1445
1.14233
1.1402
1.13812
1.13608
1.13414
1.13238
1.13089
1.1298
1.12918
1.12909
1.12952
1.13042
1.1317
1.13327
1.13502
1.13684
1.13867
1.14043
1.14209
1.14363
1.14502
1.14628
1.14741
1.14842
1.14932
1.15012
1.15084
1.15148
1.15204
1.15251
1.15287
1.15309
1.15312
1.15293
1.15251
1.15184
1.15094
1.14987
1.14871
1.14756
1.14654
1.14577
1.14534
1.14531
1.14567
1.14637
1.14729
1.14824
1.14902
1.14942
1.14926
1.14844
1.147
1.14518
1.14334
1.14197
1.14152
1.14222
1.14409
1.14685
1.15012
1.15349
1.15662
1.15927
1.16134
1.16278
1.16364
1.16404
1.16411
1.16402
1.16394
1.16399
1.16426
1.16478
1.16549
1.16628
1.16698
1.16738
1.16725
1.16638
1.1646
1.16185
1.15824
1.15413
1.15017
1.14722
1.14618
1.14761
1.15151
1.15728
1.16403
1.17083
1.17702
1.18218
1.18616
1.18896
1.19068
1.19145
1.19149
1.19103
1.19034
1.18971
1.1894
1.18957
1.19026
1.19134
1.19255
1.19352
1.19382
1.19305
1.19091
1.18728
1.18241
1.17699
1.17204
1.16862
1.16729
1.16793
1.16998
1.17284
1.17619
1.17994
1.18406
1.18846
1.19288
1.19702
1.2006
1.2034
1.2053
1.20627
1.20631
1.20546
1.20378
1.20131
1.19809
1.19415
1.18954
1.18434
1.17881
1.17342
1.16891
1.16622
1.16613
1.16887
1.17399
1.18053
1.18742
1.19386
1.19941
1.20394
1.2075
1.21028
1.21251
1.21443
1.21626
1.21819
1.22025
1.22229
1.22395
1.22474
1.22415
1.22183
1.2177
1.21213
1.2059
1.20016
1.19615
1.1947
1.19584
1.19873
1.20206
1.20466
1.20592
1.20586
1.20492
1.20379
1.20309
1.20325
1.20438
1.20634
1.20884
1.21153
1.21414
1.21646
1.2184
1.21991
1.22101
1.22175
1.22218
1.22234
1.22228
1.22201
1.22153
1.22085
1.22
1.21901
1.21796
1.21695
1.21607
1.21539
1.2149
1.21454
1.21417
1.21355
1.21247
1.21071
1.20818
1.20491
1.20115
1.19725
1.19364
1.19069
1.18856
1.18721
1.18643
1.18593
1.18543
1.18469
1.18365
1.18246
1.18157
1.18167
1.18337
1.18691
1.19198
1.19784
1.20364
1.20861
1.21221
1.21409
1.21405
1.21208
1.2083
1.20302
1.19671
1.18998
1.18348
1.17781
1.17339
1.17045
1.16907
1.16915
1.17047
1.17272
1.17554
1.17858
1.18154
1.1842
1.18643
1.18813
1.18926
1.18979
1.18969
1.18899
1.18771
1.18594
1.18381
1.18148
1.17917
1.17706
1.17531
1.17399
1.17308
1.17243
1.17187
1.17118
1.17017
1.16871
1.16677
1.16441
1.16176
1.15904
1.15645
1.15419
1.15239
1.15113
1.15044
1.1503
1.15067
1.1515
1.15275
1.15434
1.1562
1.15825
1.16039
1.16251
1.16454
1.16638
1.16798
1.16932
1.17036
1.17111
1.17161
1.17189
1.172
1.17202
1.17202
1.17207
1.17223
1.17255
1.17303
1.17366
1.17437
1.17509
1.17571
1.17612
1.17622
1.17591
1.17514
1.17384
1.17202
1.16971
1.16699
1.16397
1.1608
1.15768
1.15479
1.15237
1.15064
1.1498
1.14997
1.15116
1.15322
1.1559
1.15889
1.16189
1.16468
1.16714
1.16923
1.17093
1.17222
1.17306
1.17329
1.17266
1.17087
1.16761
1.1627
1.15631
1.14924
1.14299
1.1394
1.13975
1.14403
1.15094
1.15875
1.16612
1.17237
1.17732
1.18108
1.18384
1.18578
1.18703
1.18769
1.1878
1.18742
1.18656
1.18525
1.18354
1.18146
1.17906
1.17636
1.17338
1.17013
1.16661
1.16281
1.15875
1.1545
1.15019
1.14603
1.14235
1.13951
1.13789
1.1378
1.13934
1.1424
1.14663
1.15152
1.15657
1.16133
1.1655
1.16892
1.17156
1.17346
1.17469
1.17533
1.17549
1.17524
1.17464
1.17374
1.17258
1.17119
1.16958
1.16777
1.16579
1.16366
1.16142
1.15913
1.15683
1.15463
1.15258
1.15076
1.14922
1.14797
1.14701
1.1463
1.14578
1.1454
1.14514
1.14499
1.14497
1.14515
1.14556
1.14624
1.14719
1.14836
1.14966
1.15097
1.15216
1.15311
1.15373
1.15395
1.15375
1.15314
1.15218
1.15096
1.14961
1.14833
1.14728
1.14663
1.14647
1.1468
1.14753
1.14847
1.14941
1.15015
1.15056
1.15056
1.1502
1.14955
1.14873
1.14785
1.14699
1.14618
1.14543
1.14475
1.14415
1.14368
1.14341
1.14345
1.14391
1.14487
1.14636
1.14832
1.1506
1.15299
1.15529
1.15731
1.15891
1.16003
1.16064
1.16078
1.16048
1.15983
1.15889
1.15773
1.15642
1.15502
1.15358
1.15213
1.15072
1.14936
1.14807
1.14686
1.14574
1.14471
1.14377
1.14293
1.14217
1.1415
1.14089
1.14033
1.13981
1.13929
1.13876
1.13816
1.13746
1.13661
1.13557
1.13435
1.13296
1.13152
1.13019
1.12912
1.12846
1.12819
1.12817
1.12811
1.12772
1.12682
1.12548
1.12408
1.12324
1.12355
1.12532
1.12841
1.13231
1.13638
1.14008
1.14311
1.14538
1.14695
1.14797
1.14864
1.14914
1.1496
1.15014
1.15078
1.15154
1.15236
1.15318
1.15392
1.15453
1.15495
1.15513
1.15507
1.15475
1.15421
1.15349
1.15269
1.15194
1.15141
1.15126
1.15165
1.1527
1.15446
1.15688
1.15986
1.16321
1.16671
1.17014
1.17329
1.17598
1.17803
1.17931
1.17968
1.17907
1.17742
1.17482
1.17147
1.16775
1.16418
1.16133
1.1597
1.15955
1.16087
1.1634
1.16674
1.17043
1.17406
1.17731
1.17991
1.18171
1.18258
1.18246
1.1813
1.17915
1.17609
1.17235
1.16828
1.16432
1.16098
1.15864
1.15755
1.15778
1.15928
1.16181
1.16505
1.16856
1.17187
1.17459
1.17649
1.17749
1.17767
1.1772
1.17633
1.1753
1.17433
1.17359
1.17317
1.17311
1.17341
1.17405
1.17498
1.17619
1.17763
1.17926
1.181
1.18276
1.18441
1.18585
1.18697
1.18768
1.18793
1.18767
1.1869
1.18565
1.18396
1.18189
1.17953
1.17699
1.17437
1.1718
1.16938
1.1672
1.1653
1.16371
1.16242
1.16139
1.16057
1.1599
1.15935
1.15888
1.15846
1.15808
1.15773
1.15737
1.15698
1.15654
1.15602
1.15541
1.1547
1.15394
1.15317
1.15246
1.15185
1.15137
1.15103
1.15078
1.15057
1.15034
1.15006
1.14972
1.14931
1.1489
1.14851
1.14821
1.14806
1.1481
1.1484
1.14899
1.14988
1.15108
1.15257
1.15429
1.15619
1.15818
1.16021
1.1622
1.16411
1.1659
1.16757
1.1691
1.17049
1.17175
1.17287
1.17386
1.1747
1.17537
1.17584
1.17607
1.17601
1.17558
1.17474
1.1734
1.17152
1.16906
1.16605
1.16252
1.15856
1.15428
1.14982
1.14534
1.14112
1.13759
1.13528
1.13468
1.13596
1.1389
1.14288
1.14722
1.15134
1.15495
1.158
1.16056
1.16278
1.16476
1.16656
1.16818
1.16957
1.17069
1.17151
1.17209
1.17253
1.17302
1.17372
1.17474
1.17602
1.17742
1.17869
1.17962
1.18004
1.17989
1.17921
1.17808
1.17665
1.17507
1.17352
1.17216
1.17113
1.17053
1.17044
1.17084
1.1717
1.17292
1.1744
1.17608
1.17792
1.17994
1.18213
1.18447
1.18688
1.18921
1.19131
1.19303
1.19423
1.19482
1.19471
1.19381
1.19206
1.18943
1.18591
1.18164
1.17685
1.17191
1.16733
1.16361
1.16113
1.16006
1.16032
1.16165
1.16365
1.16596
1.16825
1.17025
1.17179
1.17274
1.17305
1.1727
1.17172
1.17016
1.16808
1.16558
1.16276
1.15976
1.1568
1.15411
1.15197
1.15063
1.15022
1.15075
1.15208
1.15397
1.15617
1.15841
1.1605
1.16232
1.16378
1.16485
1.16553
1.16583
1.16581
1.16554
1.16509
1.16458
1.16411
1.16377
1.16363
1.16372
1.16401
1.16446
1.16497
1.16546
1.16582
1.16599
1.16592
1.16559
1.16498
1.16413
1.16307
1.16186
1.16058
1.15932
1.15817
1.15725
1.15664
1.15643
1.15666
1.15734
1.15845
1.15993
1.16169
1.16364
1.16569
1.16775
1.16973
1.17156
1.17321
1.17462
1.1758
1.17672
1.1774
1.17785
1.17809
1.17816
1.17807
1.17785
1.17755
1.1772
1.17684
1.17654
1.17635
1.17633
1.17654
1.177
1.1777
1.17864
1.17974
1.18095
1.18219
1.18338
1.18446
1.18537
1.18608
1.18655
1.18677
1.18674
1.18646
1.18595
1.18521
1.18427
1.18316
1.18189
1.18047
1.17891
1.17721
1.17538
1.17342
1.17132
1.16909
1.16676
1.16436
1.16193
1.15956
1.15733
1.15537
1.15379
1.15273
1.15229
1.15254
1.15349
1.15511
1.15727
1.15981
1.1625
1.1651
1.16736
1.16906
1.17002
1.17008
1.16918
1.16729
1.16446
1.16071
1.15608
1.1505
1.14395
1.13661
1.1292
1.12314
1.12015
1.12129
1.12615
1.13307
1.14015
1.14604
1.15018
1.15261
1.15358
1.15346
1.15252
1.15101
1.14903
1.14667
1.14392
1.14076
1.13723
1.13343
1.12961
1.12618
1.1236
1.12228
1.12232
1.12351
1.1253
1.12707
1.12822
1.12837
1.1273
1.12499
1.12159
1.11743
1.11297
1.10879
1.10545
1.10341
1.10284
1.10364
1.10546
1.10783
1.1103
1.11251
1.11424
1.11542
1.11604
1.11617
1.11592
1.11539
1.11467
1.11387
1.11303
1.1122
1.11142
1.1107
1.11005
1.10946
1.10894
1.10847
1.10807
1.10773
1.10745
1.10726
1.10716
1.10715
1.10726
1.10748
1.10781
1.10825
1.10879
1.10943
1.11014
1.1109
1.1117
1.11251
1.11331
1.11407
1.11475
1.11533
1.11577
1.11602
1.11605
1.11579
1.11522
1.11431
1.11305
1.11147
1.10965
1.10773
1.10587
1.10422
1.1029
1.10188
1.10101
1.10002
1.09863
1.09668
1.09438
1.09233
1.09147
1.09267
1.09629
1.10191
1.10861
1.11538
1.12152
1.12665
1.13075
1.1339
1.13628
1.13805
1.13935
1.14028
1.14093
1.14135
1.14159
1.14168
1.14164
1.14149
1.14126
1.14097
1.14069
1.14043
1.14024
1.14013
1.14008
1.14004
1.13996
1.13977
1.13944
1.13895
1.13833
1.13764
1.13695
1.13634
1.13593
1.13578
1.13598
1.13658
1.13761
1.13904
1.14082
1.14288
1.14509
1.14732
1.14945
1.15135
1.15287
1.15391
1.15435
1.15413
1.15321
1.15164
1.14953
1.1471
1.14463
1.14243
1.14077
1.13985
1.13978
1.14055
1.14209
1.14426
1.14687
1.1497
1.15248
1.15501
1.15711
1.15865
1.15958
1.15989
1.1596
1.15875
1.15741
1.15565
1.15356
1.15127
1.14895
1.14678
1.14497
1.1437
1.14308
1.14312
1.14371
1.14465
1.14564
1.14641
1.14675
1.14656
1.14589
1.14493
1.14394
1.14319
1.14286
1.14301
1.14352
1.14419
1.1448
1.14514
1.14509
1.14461
1.14374
1.14257
1.14121
1.1398
1.13844
1.13721
1.13611
1.13513
1.13419
1.13324
1.13225
1.13124
1.13027
1.12944
1.12883
1.12852
1.12848
1.12865
1.12892
1.12918
1.12932
1.12931
1.12914
1.12884
1.12849
1.12817
1.12795
1.1279
1.12802
1.12832
1.12875
1.12926
1.12978
1.13023
1.13053
1.13063
1.13046
1.12997
1.12914
1.12795
1.1264
1.12454
1.12245
1.12024
1.11808
1.11611
1.11449
1.1133
1.11256
1.11221
1.11214
1.11221
1.11229
1.11226
1.11204
1.1116
1.11089
1.10995
1.10879
1.10749
1.10609
1.10468
1.10333
1.10206
1.10089
1.09982
1.09885
1.09797
1.0972
1.09657
1.09613
1.0959
1.09592
1.09617
1.09663
1.09721
1.09784
1.09843
1.0989
1.09919
1.09926
1.09909
1.0987
1.09816
1.09752
1.09688
1.09633
1.09595
1.09582
1.09597
1.0964
1.09707
1.09795
1.09895
1.10001
1.10107
1.10207
1.10297
1.10376
1.10441
1.10493
1.10532
1.1056
1.10578
1.10586
1.10587
1.10581
1.10569
1.10552
1.10529
1.10501
1.10466
1.10426
1.10377
1.10321
1.10256
1.10181
1.10096
1.10003
1.09901
1.09792
1.09678
1.09561
1.09441
1.0932
1.09196
1.09069
1.08937
1.08799
1.08654
1.08501
1.08343
1.08183
1.08031
1.07894
1.0778
1.07692
1.07623
1.07563
1.07498
1.0742
1.0733
1.07242
1.07181
1.07174
1.07242
1.07387
1.07601
1.0786
1.08139
1.08418
1.08681
1.08919
1.09129
1.09311
1.09467
1.09599
1.0971
1.09801
1.09875
1.09933
1.09976
1.10004
1.10017
1.1001
1.09982
1.09925
1.09831
1.09689
1.09482
1.09195
1.08811
1.08323
1.07739
1.071
1.0648
1.05978
1.05679
1.05616
1.05748
1.0599
1.06249
1.06461
1.06597
1.06657
1.06659
1.06625
1.0658
1.06544
1.06534
1.06557
1.06615
1.06703
1.06813
1.06935
1.07061
1.07184
1.07299
1.07405
1.07501
1.07589
1.0767
1.07747
1.07822
1.07897
1.07973
1.08052
1.08135
1.08222
1.08315
1.08411
1.0851
1.08607
1.08697
1.08771
1.08812
1.08801
1.08707
1.08492
1.08113
1.07543
1.06801
1.05997
1.05344
1.05087
1.05349
1.06035
1.06896
1.07692
1.08277
1.08606
1.0869
1.08565
1.08272
1.0786
1.07379
1.06889
1.06449
1.06111
1.05915
1.05879
1.06002
1.06263
1.06626
1.07049
1.07487
1.07905
1.08279
1.08595
1.08848
1.09042
1.09183
1.0928
1.09345
1.09389
1.09421
1.09447
1.09466
1.09467
1.09432
1.09338
1.0916
1.08888
1.08535
1.08153
1.07832
1.07675
1.07749
1.0805
1.08506
1.09017
1.09499
1.09905
1.10223
1.10463
1.10641
1.10776
1.10882
1.10968
1.11039
1.11094
1.11133
1.11153
1.11151
1.11122
1.11064
1.10972
1.10842
1.10673
1.10462
1.10212
1.09926
1.09614
1.09291
1.08977
1.08695
1.08469
1.08316
1.08243
1.08242
1.08297
1.08382
1.08471
1.08545
1.08591
1.08607
1.08604
1.08597
1.08608
1.0866
1.08771
1.08949
1.09189
1.0948
1.09801
1.1013
1.10447
1.10738
1.10991
1.11202
1.11369
1.1149
1.11567
1.116
1.11587
1.11526
1.11413
1.11244
1.11013
1.10717
1.10358
1.09947
1.09511
1.09091
1.08736
1.08496
1.08398
1.0844
1.08589
1.08799
1.09027
1.09238
1.09413
1.09544
1.09628
1.09669
1.09668
1.0963
1.09562
1.09469
1.09361
1.09248
1.09141
1.0905
1.08983
1.08947
1.08942
1.08968
1.09018
1.09084
1.09157
1.09227
1.09288
1.09332
1.09358
1.09367
1.09362
1.09348
1.09332
1.09317
1.09305
1.09294
1.09278
1.09252
1.09207
1.09138
1.09045
1.08932
1.08808
1.08688
1.08589
1.08522
1.08497
1.08511
1.08558
1.08626
1.08703
1.08778
1.08847
1.08906
1.08953
1.08991
1.09018
1.09036
1.09043
1.09038
1.0902
1.08987
1.0894
1.08878
1.08803
1.08718
1.08626
1.08534
1.08447
1.0837
1.0831
1.08271
1.08254
1.08259
1.08284
1.08322
1.08365
1.08402
1.0842
1.08405
1.0834
1.08207
1.07991
1.07676
1.07252
1.06721
1.06109
1.05474
1.04918
1.04568
1.04529
1.04822
1.05367
1.06015
1.06625
1.07102
1.0741
1.07557
1.07577
1.07513
1.07413
1.07317
1.07249
1.07221
1.07228
1.07252
1.07277
1.07287
1.07273
1.07234
1.07179
1.0712
1.07071
1.07048
1.0706
1.07113
1.07208
1.07336
1.07487
1.07646
1.07801
1.07937
1.08042
1.0811
1.08133
1.08108
1.08034
1.07912
1.07746
1.07543
1.07309
1.07055
1.0679
1.06526
1.06272
1.06043
1.05853
1.05719
1.05656
1.0568
1.05799
1.06016
1.06323
1.06702
1.07128
1.07573
1.08005
1.08397
1.08728
1.08984
1.09159
1.09257
1.09289
1.09269
1.09219
1.09161
1.09116
1.091
1.09121
1.09174
1.09242
1.09298
1.09314
1.09268
1.09154
1.08981
1.08783
1.08605
1.08497
1.08501
1.08647
1.08939
1.09356
1.09857
1.10387
1.10895
1.11342
1.11704
1.11973
1.12152
1.12251
1.12282
1.1226
1.12196
1.121
1.11979
1.11838
1.1168
1.1151
1.11334
1.11162
1.11013
1.10911
1.1088
1.10942
1.11103
1.11351
1.11656
1.11982
1.12291
1.12561
1.1278
1.12955
1.13102
1.13239
1.13378
1.13513
1.13629
1.13695
1.13678
1.13548
1.13283
1.12876
1.12338
1.11714
1.11081
1.10541
1.10195
1.10102
1.10255
1.10593
1.11035
1.11513
1.11984
1.12429
1.12843
1.13232
1.13599
1.1395
1.14284
1.14601
1.14895
1.15162
1.15391
1.15574
1.15701
1.1576
1.15742
1.15642
1.15457
1.15192
1.14861
1.1449
1.1411
1.13765
1.13496
1.13344
1.13331
1.13466
1.13732
1.14099
1.14525
1.14969
1.15393
1.15769
1.1608
1.16314
1.16464
1.16525
1.16491
1.16357
1.16119
1.15778
1.15349
1.14863
1.14369
1.13933
1.1362
1.13479
1.1352
1.13714
1.14005
1.14327
1.14626
1.14869
1.15044
1.15156
1.15215
1.15239
1.15241
1.15233
1.15223
1.15214
1.15207
1.15201
1.15194
1.15181
1.1516
1.15126
1.15076
1.15011
1.14931
1.14839
1.14739
1.14638
1.14538
1.14442
1.14349
1.14255
1.14153
1.1403
1.13875
1.13674
1.13418
1.13104
1.12742
1.12362
1.1201
1.11747
1.11626
1.11673
1.11875
1.12182
1.12534
1.12876
1.13172
1.13405
1.13574
1.13684
1.13747
1.13773
1.13771
1.1375
1.13714
1.1367
1.1362
1.13566
1.1351
1.13453
1.13394
1.13334
1.13272
1.13208
1.1314
1.13069
1.12991
1.12908
1.12818
1.12719
1.12613
1.12498
1.12375
1.12244
1.12107
1.11965
1.11821
1.11677
1.11536
1.11401
1.11274
1.11156
1.11046
1.10941
1.10834
1.1072
1.10591
1.10442
1.10272
1.10088
1.09903
1.09737
1.09613
1.09556
1.0958
1.09692
1.09884
1.10143
1.10447
1.10774
1.11106
1.11426
1.11723
1.1199
1.12221
1.12417
1.12578
1.12705
1.12801
1.12872
1.1292
1.1295
1.12968
1.12979
1.12987
1.12994
1.13002
1.13009
1.13011
1.13003
1.12977
1.12926
1.1284
1.12715
1.12546
1.12332
1.12076
1.11785
1.11467
1.1113
1.10786
1.10446
1.10127
1.09857
1.09667
1.0959
1.09642
1.09812
1.1007
1.10372
1.10679
1.10961
1.11203
1.11399
1.11548
1.11648
1.11694
1.11683
1.11605
1.11455
1.11231
1.10936
1.10585
1.10204
1.09827
1.09494
1.09239
1.09081
1.09022
1.09041
1.09104
1.09165
1.09185
1.09144
1.09048
1.08936
1.08868
1.08907
1.09088
1.09406
1.09816
1.10255
1.10667
1.11012
1.11273
1.11444
1.1153
1.11538
1.11476
1.11352
1.11176
1.1096
1.10718
1.10472
1.10243
1.10056
1.09931
1.09878
1.09896
1.09975
1.10097
1.10244
1.10403
1.10563
1.1072
1.10873
1.11023
1.11171
1.11314
1.11452
1.11579
1.11692
1.11789
1.11871
1.11943
1.12014
1.12095
1.12197
1.12326
1.12482
1.12656
1.12831
1.12985
1.13095
1.13136
1.13089
1.12939
1.12682
1.1233
1.11911
1.11478
1.11098
1.10841
1.10759
1.10871
1.11149
1.11536
1.11961
1.12358
1.12682
1.12911
1.13047
1.13106
1.13117
1.13109
1.13105
1.13117
1.13143
1.13172
1.13186
1.13172
1.13118
1.13021
1.12887
1.12738
1.12614
1.12561
1.12623
1.12815
1.13117
1.13486
1.13868
1.1422
1.14511
1.14726
1.14858
1.14908
1.14879
1.14778
1.14622
1.1443
1.14225
1.14032
1.13866
1.13735
1.13639
1.13567
1.13511
1.13461
1.1341
1.13358
1.13309
1.1327
1.13251
1.13264
1.13314
1.13402
1.13525
1.13673
1.13834
1.13996
1.1415
1.14291
1.14418
1.14532
1.14635
1.1473
1.14815
1.14888
1.14944
1.14979
1.14987
1.14968
1.14923
1.14856
1.14771
1.14677
1.1458
1.14485
1.14395
1.14314
1.14242
1.14181
1.14131
1.14093
1.14066
1.14051
1.14044
1.14043
1.14045
1.14049
1.14053
1.14055
1.14052
1.14044
1.14028
1.14003
1.13966
1.1392
1.13866
1.13808
1.13746
1.13684
1.13618
1.13546
1.13458
1.13343
1.1319
1.12987
1.12723
1.124
1.12031
1.11652
1.11317
1.11089
1.11014
1.11105
1.11329
1.11624
1.11925
1.12182
1.12366
1.12467
1.12485
1.12425
1.12293
1.12096
1.11842
1.11544
1.11222
1.10908
1.10635
1.10438
1.10334
1.10324
1.10389
1.105
1.10628
1.1075
1.10855
1.10941
1.11008
1.1106
1.11101
1.11132
1.11151
1.11157
1.11148
1.11121
1.11076
1.11013
1.10933
1.10839
1.10733
1.10618
1.10496
1.10369
1.1024
1.10111
1.09987
1.09877
1.09789
1.0973
1.09706
1.09718
1.09763
1.09833
1.09918
1.10007
1.10091
1.10162
1.10216
1.10252
1.10269
1.10269
1.10254
1.10225
1.10186
1.10139
1.10087
1.10031
1.09972
1.09913
1.09854
1.09795
1.09737
1.0968
1.09623
1.09567
1.0951
1.09454
1.09397
1.09339
1.09281
1.09223
1.09163
1.09101
1.09037
1.0897
1.08902
1.08837
1.08782
1.08744
1.08736
1.08766
1.08841
1.08962
1.0912
1.09302
1.09485
1.09643
1.09746
1.09766
1.09673
1.09446
1.09076
1.08573
1.07978
1.07365
1.0683
1.06469
1.06346
1.0646
1.06749
1.07109
1.07433
1.07645
1.07714
1.07658
1.0753
1.074
1.07333
1.07366
1.07499
1.07706
1.0795
1.08193
1.08413
1.08596
1.08739
1.08843
1.08913
1.08955
1.08975
1.08981
1.08983
1.08991
1.09015
1.09065
1.09146
1.09258
1.09397
1.09551
1.09706
1.09848
1.09961
1.10035
1.1006
1.10032
1.09946
1.09804
1.09607
1.09363
1.09082
1.08777
1.08465
1.08166
1.07899
1.07682
1.07526
1.0744
1.07425
1.07481
1.07603
1.07784
1.08013
1.08278
1.08561
1.08846
1.09115
1.09356
1.0956
1.09726
1.09854
1.09949
1.10016
1.10064
1.10097
1.10122
1.10142
1.10158
1.1017
1.10175
1.10169
1.10147
1.10101
1.10022
1.09904
1.09736
1.09511
1.0922
1.08858
1.08428
1.07939
1.07421
1.0692
1.06502
1.06236
1.0617
1.06315
1.06634
1.07061
1.07525
1.0797
1.08362
1.08686
1.08942
1.09139
1.09287
1.09401
1.09491
1.09567
1.09638
1.09708
1.09781
1.09858
1.0994
1.10025
1.10109
1.1019
1.10265
1.10332
1.10389
1.10436
1.10474
1.10503
1.10528
1.10551
1.10576
1.10607
1.10646
1.10693
1.10747
1.10803
1.10852
1.10877
1.10857
1.10764
1.1056
1.10204
1.09663
1.08929
1.08057
1.07188
1.06533
1.0628
1.06481
1.07025
1.07719
1.08397
1.08962
1.09372
1.09621
1.09714
1.09666
1.09497
1.09236
1.08922
1.08602
1.08328
1.08147
1.08091
1.0817
1.08368
1.08652
1.0898
1.09314
1.09626
1.09899
1.10126
1.10308
1.10451
1.1056
1.10643
1.10705
1.1075
1.1078
1.10798
1.10806
1.10805
1.10799
1.10788
1.10776
1.10765
1.10756
1.10749
1.10741
1.10728
1.10705
1.10664
1.10598
1.105
1.10367
1.10198
1.09998
1.09778
1.09557
1.09358
1.09208
1.0913
1.0914
1.09244
1.09432
1.09684
1.09974
1.10271
1.10549
1.10784
1.10958
1.11059
1.11079
1.11011
1.10855
1.10612
1.10292
1.09909
1.09489
1.09064
1.08677
1.08368
1.08172
1.08109
1.0818
1.08368
1.08643
1.08971
1.09326
1.09687
1.10048
1.10414
1.10793
1.11193
1.11611
1.12034
