-5.01367
-5.01574
-5.02513
-5.03637
-5.04902
-5.06025
-5.06902
-5.07556
-5.07932
-5.08138
-5.08112
-5.07889
-5.07753
-5.0749
-5.07507
-5.07747
-5.08296
-5.09207
-5.10318
-5.11414
-5.12531
-5.13686
-5.14638
-5.1541
-5.1598
-5.16215
-5.16205
-5.15953
-5.15708
-5.15496
-5.15426
-5.15293
-5.15157
-5.1488
-5.14425
-5.13928
-5.1307
-5.12043
-5.11191
-5.10668
-5.10548
-5.11008
-5.12026
-5.13847
-5.16321
-5.19197
-5.22207
-5.24752
-5.26399
-5.27538
-5.27967
-5.27821
-5.27255
-5.26135
-5.24671
-5.22674
-5.20532
-5.1829
-5.15968
-5.13979
-5.12544
-5.11618
-5.11075
-5.10682
-5.10315
-5.09899
-5.09341
-5.08719
-5.08054
-5.07587
-5.07292
-5.07114
-5.07037
-5.0705
-5.07291
-5.0761
-5.07904
-5.08061
-5.08149
-5.081
-5.08236
-5.08373
-5.08526
-5.08963
-5.0925
-5.09604
-5.09873
-5.10157
-5.10817
-5.11676
-5.12585
-5.13547
-5.14428
-5.15068
-5.15591
-5.15852
-5.15675
-5.1525
-5.14442
-5.13419
-5.12173
-5.10928
-5.09799
-5.08886
-5.08348
-5.08368
-5.08726
-5.09301
-5.09613
-5.09466
-5.08882
-5.07955
-5.06924
-5.05961
-5.05303
-5.05003
-5.05038
-5.05136
-5.05268
-5.0528
-5.05111
-5.04907
-5.0475
-5.04537
-5.04352
-5.0434
-5.04372
-5.04492
-5.04657
-5.04822
-5.05156
-5.0553
-5.06071
-5.06664
-5.07635
-5.08892
-5.10344
-5.11927
-5.13496
-5.14802
-5.15694
-5.16252
-5.16479
-5.16552
-5.16603
-5.16637
-5.16886
-5.17291
-5.17874
-5.18348
-5.18812
-5.18673
-5.18442
-5.1806
-5.17286
-5.16402
-5.15362
-5.14437
-5.13663
-5.13375
-5.13557
-5.14394
-5.15578
-5.17017
-5.18339
-5.19131
-5.19262
-5.19084
-5.18486
-5.17608
-5.16905
-5.16362
-5.16312
-5.16481
-5.16535
-5.16631
-5.16763
-5.17043
-5.17481
-5.1824
-5.19195
-5.20066
-5.20376
-5.20154
-5.19325
-5.17842
-5.16168
-5.14744
-5.13531
-5.12568
-5.11632
-5.10723
-5.09871
-5.08962
-5.08161
-5.07668
-5.07324
-5.0749
-5.07869
-5.08974
-5.10403
-5.12017
-5.13951
-5.15727
-5.17133
-5.18116
-5.18483
-5.18105
-5.16938
-5.15248
-5.1336
-5.11652
-5.1097
-5.11572
-5.1347
-5.16147
-5.19147
-5.22278
-5.25072
-5.27394
-5.29295
-5.30533
-5.31284
-5.31319
-5.30629
-5.29181
-5.27212
-5.24765
-5.21859
-5.18983
-5.16035
-5.13396
-5.10994
-5.09179
-5.07928
-5.07158
-5.06811
-5.07019
-5.0793
-5.09417
-5.11744
-5.14631
-5.17552
-5.20214
-5.22285
-5.23464
-5.24003
-5.23744
-5.22941
-5.21631
-5.20071
-5.18225
-5.1634
-5.1469
-5.13356
-5.12355
-5.11666
-5.11115
-5.10916
-5.10731
-5.10439
-5.1028
-5.10167
-5.10358
-5.10688
-5.11444
-5.12323
-5.13426
-5.14383
-5.15173
-5.15518
-5.15303
-5.14717
-5.13766
-5.13141
-5.13039
-5.13531
-5.14769
-5.16551
-5.18436
-5.20349
-5.22012
-5.23375
-5.24365
-5.25212
-5.25663
-5.25883
-5.25686
-5.24979
-5.23729
-5.21905
-5.19776
-5.17392
-5.14819
-5.12471
-5.10027
-5.07916
-5.06276
-5.05192
-5.04837
-5.04935
-5.05061
-5.05121
-5.0505
-5.04925
-5.05056
-5.0553
-5.06437
-5.07801
-5.09589
-5.11532
-5.13477
-5.15284
-5.17059
-5.18415
-5.1944
-5.19994
-5.20225
-5.19917
-5.1919
-5.18409
-5.17686
-5.17331
-5.17142
-5.17479
-5.18041
-5.18664
-5.19173
-5.19295
-5.18854
-5.17832
-5.16386
-5.14559
-5.12618
-5.10825
-5.09303
-5.08347
-5.08287
-5.08684
-5.09589
-5.10833
-5.12264
-5.13526
-5.14199
-5.14243
-5.13503
-5.12035
-5.10279
-5.08345
-5.06419
-5.04496
-5.02783
-5.01632
-5.0097
-5.01152
-5.01874
-5.02957
-5.0398
-5.05063
-5.05984
-5.06832
-5.07669
-5.08658
-5.09808
-5.10953
-5.12034
-5.12566
-5.12651
-5.12289
-5.11714
-5.10875
-5.10008
-5.08743
-5.07184
-5.05498
-5.03515
-5.01385
-4.99466
-4.97746
-4.96929
-4.97147
-4.9861
-5.01002
-5.03954
-5.06825
-5.09218
-5.10593
-5.11302
-5.11342
-5.11476
-5.11663
-5.12614
-5.14285
-5.16503
-5.18989
-5.21128
-5.22658
-5.23514
-5.23651
-5.2323
-5.22361
-5.21086
-5.20026
-5.18857
-5.17996
-5.17307
-5.16785
-5.16126
-5.15306
-5.1437
-5.1377
-5.13707
-5.13982
-5.14157
-5.13854
-5.12968
-5.11985
-5.10902
-5.10436
-5.10768
-5.12031
-5.13965
-5.16159
-5.18106
-5.19393
-5.19868
-5.19596
-5.18752
-5.17722
-5.16541
-5.15453
-5.14461
-5.13555
-5.12659
-5.11707
-5.10629
-5.09595
-5.08221
-5.06348
-5.04054
-5.01394
-4.98957
-4.97581
-4.98002
-5.00551
-5.04734
-5.09571
-5.14062
-5.17546
-5.19663
-5.20547
-5.20365
-5.19352
-5.17992
-5.16424
-5.15148
-5.14315
-5.13833
-5.13911
-5.14196
-5.14715
-5.15239
-5.15488
-5.15328
-5.14643
-5.13272
-5.11395
-5.08947
-5.06542
-5.04802
-5.04088
-5.04139
-5.04635
-5.05503
-5.06185
-5.06867
-5.07631
-5.08387
-5.0919
-5.10272
-5.11448
-5.12632
-5.13913
-5.15075
-5.16095
-5.16817
-5.17102
-5.16653
-5.15592
-5.13904
-5.11852
-5.09797
-5.08172
-5.07044
-5.06479
-5.06224
-5.06378
-5.06729
-5.07092
-5.07324
-5.07149
-5.06571
-5.05171
-5.03456
-5.01286
-4.98986
-4.96829
-4.9499
-4.93946
-4.93508
-4.93805
-4.947
-4.96111
-4.98125
-5.00964
-5.0437
-5.08151
-5.117
-5.14664
-5.16932
-5.18458
-5.19242
-5.19358
-5.19161
-5.18579
-5.17721
-5.16497
-5.15205
-5.14039
-5.13579
-5.13699
-5.14778
-5.16197
-5.18
-5.19776
-5.2135
-5.22662
-5.2372
-5.2429
-5.24655
-5.24674
-5.24566
-5.24355
-5.23781
-5.22807
-5.21179
-5.18818
-5.1588
-5.12665
-5.0959
-5.06923
-5.05087
-5.04466
-5.0498
-5.06387
-5.08706
-5.11367
-5.13807
-5.1585
-5.17239
-5.18029
-5.18146
-5.17973
-5.17956
-5.18213
-5.18938
-5.19802
-5.20526
-5.20812
-5.20469
-5.1926
-5.1747
-5.14906
-5.11846
-5.08367
-5.04728
-5.0125
-4.98258
-4.96024
-4.9485
-4.95179
-4.96852
-4.99933
-5.03754
-5.07735
-5.11721
-5.15048
-5.17575
-5.19326
-5.20252
-5.20326
-5.19444
-5.17773
-5.15499
-5.12806
-5.09965
-5.07573
-5.06217
-5.05987
-5.06793
-5.07879
-5.08992
-5.09826
-5.10577
-5.11168
-5.11851
-5.12439
-5.13224
-5.14048
-5.14841
-5.15642
-5.16298
-5.16691
-5.16799
-5.16612
-5.16201
-5.15634
-5.14917
-5.14212
-5.13696
-5.13184
-5.12801
-5.12614
-5.1259
-5.12771
-5.13057
-5.13258
-5.13555
-5.13796
-5.14182
-5.14401
-5.14698
-5.15369
-5.16277
-5.17287
-5.18081
-5.18563
-5.18639
-5.18403
-5.17883
-5.17398
-5.17063
-5.1662
-5.1651
-5.16578
-5.16846
-5.17305
-5.1797
-5.18521
-5.18566
-5.1792
-5.16594
-5.1483
-5.12961
-5.11308
-5.10207
-5.09698
-5.09806
-5.10691
-5.11727
-5.12859
-5.14198
-5.15476
-5.17196
-5.19045
-5.21055
-5.22792
-5.23999
-5.24504
-5.24007
-5.22655
-5.20635
-5.18449
-5.16317
-5.14538
-5.13328
-5.128
-5.13002
-5.14039
-5.15494
-5.17454
-5.19698
-5.22134
-5.24574
-5.26809
-5.28657
-5.30081
-5.30978
-5.31217
-5.30827
-5.29672
-5.27965
-5.25681
-5.2282
-5.19625
-5.16248
-5.13186
-5.1065
-5.08816
-5.07631
-5.07022
-5.06729
-5.06577
-5.06289
-5.05949
-5.05385
-5.04821
-5.04338
-5.04183
-5.04564
-5.05662
-5.07068
-5.09189
-5.11567
-5.14092
-5.16525
-5.1846
-5.19655
-5.19955
-5.19343
-5.18016
-5.16069
-5.1369
-5.1121
-5.08769
-5.06486
-5.04526
-5.0298
-5.02152
-5.02055
-5.02484
-5.03593
-5.04944
-5.064
-5.07499
-5.08221
-5.08493
-5.08631
-5.08884
-5.0951
-5.10657
-5.12127
-5.13701
-5.14914
-5.16053
-5.16576
-5.16821
-5.16802
-5.1667
-5.16658
-5.16449
-5.16236
-5.16141
-5.15972
-5.15775
-5.15563
-5.15426
-5.1536
-5.15407
-5.15616
-5.16179
-5.16841
-5.17637
-5.1816
-5.17849
-5.1692
-5.15203
-5.12774
-5.10228
-5.07617
-5.05463
-5.04213
-5.0386
-5.04387
-5.05642
-5.0699
-5.07907
-5.08101
-5.0735
-5.05814
-5.03653
-5.01558
-4.99784
-4.98694
-4.98441
-4.98789
-4.9983
-5.01408
-5.03292
-5.05648
-5.08013
-5.10222
-5.11895
-5.12998
-5.13291
-5.13035
-5.12523
-5.11969
-5.11971
-5.12886
-5.1475
-5.17364
-5.20149
-5.22747
-5.24862
-5.26344
-5.27115
-5.27312
-5.27195
-5.2684
-5.26527
-5.26189
-5.2587
-5.25162
-5.24044
-5.22352
-5.19874
-5.16762
-5.13143
-5.09193
-5.05792
-5.03312
-5.02494
-5.03391
-5.05586
-5.08633
-5.11768
-5.14674
-5.16912
-5.18548
-5.19494
-5.19622
-5.19074
-5.18038
-5.1663
-5.15211
-5.14206
-5.13737
-5.13759
-5.14208
-5.14549
-5.1497
-5.15187
-5.1509
-5.14604
-5.13898
-5.12804
-5.11488
-5.0975
-5.07849
-5.05835
-5.04067
-5.02826
-5.02445
-5.02677
-5.03694
-5.05114
-5.06863
-5.08755
-5.10552
-5.12178
-5.13575
-5.14523
-5.14918
-5.14543
-5.13553
-5.11899
-5.09966
-5.08262
-5.07404
-5.07716
-5.08961
-5.10755
-5.12549
-5.14088
-5.15332
-5.16327
-5.16794
-5.1713
-5.17237
-5.17214
-5.16903
-5.16623
-5.1627
-5.15855
-5.15502
-5.1484
-5.14157
-5.13175
-5.1202
-5.1093
-5.09992
-5.09129
-5.08534
-5.08169
-5.08049
-5.08009
-5.08399
-5.0918
-5.10127
-5.11293
-5.12255
-5.13004
-5.13059
-5.12766
-5.11964
-5.11052
-5.09961
-5.0897
-5.08193
-5.07626
-5.07247
-5.07195
-5.07243
-5.0741
-5.07629
-5.0785
-5.08083
-5.082
-5.08567
-5.08973
-5.09382
-5.09757
-5.10078
-5.10078
-5.09896
-5.09343
-5.08736
-5.08086
-5.0758
-5.07126
-5.06593
-5.06016
-5.05467
-5.04917
-5.04451
-5.04229
-5.04259
-5.04475
-5.04797
-5.05295
-5.05842
-5.06246
-5.06573
-5.06885
-5.07363
-5.07874
-5.08591
-5.09488
-5.10482
-5.11526
-5.12684
-5.13803
-5.1493
-5.15845
-5.16218
-5.15949
-5.14853
-5.13161
-5.11082
-5.09085
-5.08055
-5.07842
-5.07994
-5.08219
-5.08086
-5.07121
-5.05289
-5.02735
-4.99843
-4.97107
-4.9499
-4.93955
-4.93901
-4.94903
-4.9688
-4.99259
-5.01785
-5.04009
-5.05573
-5.06264
-5.06216
-5.05266
-5.04032
-5.0271
-5.01281
-5.00146
-4.99555
-4.99775
-5.00636
-5.02056
-5.03723
-5.05501
-5.07056
-5.08469
-5.09707
-5.10512
-5.112
-5.11551
-5.11453
-5.11299
-5.11405
-5.11945
-5.13092
-5.14762
-5.16837
-5.189
-5.20915
-5.22445
-5.23335
-5.23602
-5.23004
-5.21531
-5.19367
-5.16881
-5.14214
-5.11642
-5.09403
-5.07589
-5.05969
-5.04882
-5.04183
-5.03786
-5.03675
-5.03894
-5.04646
-5.05918
-5.07447
-5.08716
-5.0974
-5.10009
-5.09412
-5.08179
-5.06622
-5.05273
-5.045
-5.04068
-5.03881
-5.03621
-5.03377
-5.03287
-5.03423
-5.03857
-5.04544
-5.05255
-5.05728
-5.05938
-5.06038
-5.05955
-5.05697
-5.05613
-5.05725
-5.0615
-5.06679
-5.07435
-5.08213
-5.0908
-5.09862
-5.10702
-5.11671
-5.12741
-5.13505
-5.13962
-5.14084
-5.13672
-5.12839
-5.11667
-5.09952
-5.08328
-5.06902
-5.05751
-5.04991
-5.04682
-5.04631
-5.04648
-5.05101
-5.05968
-5.07167
-5.08746
-5.10401
-5.11835
-5.13184
-5.14101
-5.14784
-5.15407
-5.16002
-5.16545
-5.1686
-5.17171
-5.17075
-5.16395
-5.14872
-5.12636
-5.09403
-5.0564
-5.01761
-4.98233
-4.95538
-4.93917
-4.93498
-4.9429
-4.96411
-4.99561
-5.03582
-5.07717
-5.11575
-5.14701
-5.16791
-5.17842
-5.18103
-5.18009
-5.17635
-5.17326
-5.16999
-5.16559
-5.16038
-5.15825
-5.15718
-5.15846
-5.16278
-5.17044
-5.17886
-5.18615
-5.19139
-5.19255
-5.19007
-5.18303
-5.17236
-5.16005
-5.14824
-5.13874
-5.13378
-5.13221
-5.13511
-5.13896
-5.14526
-5.15
-5.15217
-5.15029
-5.145
-5.13613
-5.12477
-5.11175
-5.10259
-5.09668
-5.0975
-5.10711
-5.1228
-5.14263
-5.16458
-5.18745
-5.21199
-5.23627
-5.25798
-5.27626
-5.28722
-5.29161
-5.28698
-5.27186
-5.24879
-5.21806
-5.18119
-5.14117
-5.09929
-5.06002
-5.02637
-5.00173
-4.98664
-4.98149
-4.98677
-4.99869
-5.01515
-5.03285
-5.04931
-5.06238
-5.07328
-5.08122
-5.08749
-5.09358
-5.099
-5.10222
-5.10398
-5.10339
-5.09855
-5.0909
-5.08282
-5.07558
-5.07162
-5.07216
-5.07784
-5.08948
-5.10364
-5.11814
-5.1302
-5.13726
-5.14101
-5.13776
-5.12949
-5.11697
-5.10271
-5.08867
-5.07752
-5.06965
-5.06742
-5.06872
-5.07185
-5.0738
-5.07541
-5.07411
-5.07478
-5.07771
-5.08444
-5.09352
-5.10437
-5.11747
-5.13119
-5.14368
-5.1536
-5.16011
-5.1595
-5.1534
-5.13892
-5.12093
-5.10338
-5.08639
-5.07209
-5.06275
-5.05815
-5.05918
-5.06068
-5.06266
-5.06397
-5.06558
-5.06393
-5.06261
-5.06112
-5.06079
-5.06356
-5.06791
-5.07288
-5.07892
-5.08394
-5.08431
-5.08163
-5.07217
-5.06005
-5.04666
-5.03432
-5.02874
-5.03359
-5.0481
-5.07223
-5.10222
-5.13337
-5.16173
-5.1853
-5.20218
-5.21165
-5.21539
-5.21356
-5.20733
-5.19767
-5.18787
-5.17959
-5.17142
-5.16675
-5.16548
-5.16604
-5.17015
-5.17287
-5.17652
-5.17987
-5.18078
-5.17926
-5.17516
-5.16714
-5.15618
-5.14306
-5.13021
-5.11599
-5.10255
-5.09084
-5.08384
-5.08234
-5.08646
-5.09458
-5.10474
-5.11505
-5.12308
-5.12546
-5.12296
-5.11633
-5.10696
-5.09695
-5.08889
-5.08684
-5.09025
-5.098
-5.10746
-5.11631
-5.12059
-5.12139
-5.11859
-5.11288
-5.10879
-5.10985
-5.11899
-5.13872
-5.16927
-5.20592
-5.24356
-5.27902
-5.30633
-5.32621
-5.33724
-5.33865
-5.3321
-5.31841
-5.30125
-5.28208
-5.26544
-5.25443
-5.24955
-5.2508
-5.25544
-5.25967
-5.26056
-5.25842
-5.25214
-5.24381
-5.23265
-5.22103
-5.20948
-5.1997
-5.18983
-5.17753
-5.16601
-5.15421
-5.14266
-5.12996
-5.11588
-5.09819
-5.07856
-5.0585
-5.03981
-5.02455
-5.01654
-5.01551
-5.02237
-5.0368
-5.05467
-5.07328
-5.09111
-5.10485
-5.11315
-5.11413
-5.11034
-5.10196
-5.09068
-5.07992
-5.06995
-5.061
-5.05445
-5.05247
-5.056
-5.06323
-5.07556
-5.09149
-5.10837
-5.12783
-5.14608
-5.16022
-5.1706
-5.17856
-5.18147
-5.17957
-5.1712
-5.15675
-5.13836
-5.11673
-5.09395
-5.07295
-5.05429
-5.04039
-5.0323
-5.03185
-5.03903
-5.05523
-5.07701
-5.09893
-5.11571
-5.12673
-5.12848
-5.1244
-5.11571
-5.10511
-5.09496
-5.08442
-5.07405
-5.06648
-5.0639
-5.06306
-5.06515
-5.07052
-5.0757
-5.08191
-5.08711
-5.08945
-5.08938
-5.08562
-5.07694
-5.06304
-5.04391
-5.02044
-4.99531
-4.97494
-4.96554
-4.97214
-4.99417
-5.02701
-5.06595
-5.10545
-5.14116
-5.17093
-5.19573
-5.21495
-5.22923
-5.23693
-5.23885
-5.2339
-5.22335
-5.2055
-5.18264
-5.15621
-5.1311
-5.11078
-5.09457
-5.0845
-5.07796
-5.07486
-5.07581
-5.08066
-5.08921
-5.10103
-5.11532
-5.127
-5.13625
-5.13956
-5.13758
-5.12871
-5.11539
-5.09569
-5.0723
-5.04612
-5.0219
-5.00404
-4.99482
-4.99499
-5.0041
-5.01719
-5.02712
-5.03223
-5.03066
-5.02452
-5.01762
-5.01351
-5.01586
-5.02657
-5.04297
-5.06683
-5.09034
-5.11164
-5.12696
-5.13264
-5.12793
-5.11215
-5.08565
-5.05114
-5.01297
-4.9746
-4.94224
-4.92006
-4.90908
-4.90952
-4.92105
-4.943
-4.97017
-5.00088
-5.03064
-5.05918
-5.08213
-5.10159
-5.1194
-5.13445
-5.14577
-5.15541
-5.16193
-5.16267
-5.15807
-5.14959
-5.13901
-5.13034
-5.12637
-5.12781
-5.13364
-5.13952
-5.14717
-5.15199
-5.15661
-5.15999
-5.16253
-5.16187
-5.1578
-5.14756
-5.13139
-5.10949
-5.08123
-5.05242
-5.02838
-5.01365
-5.01006
-5.01812
-5.03623
-5.06021
-5.08359
-5.105
-5.12186
-5.13264
-5.14142
-5.14684
-5.15209
-5.15749
-5.16262
-5.16785
-5.17284
-5.17887
-5.18386
-5.18602
-5.18574
-5.17938
-5.16867
-5.15188
-5.12959
-5.10316
-5.07572
-5.04923
-5.02517
-5.00476
-4.98965
-4.98014
-4.97831
-4.98353
-4.99534
-5.01335
-5.03415
-5.05826
-5.08672
-5.11765
-5.14728
-5.17548
-5.19788
-5.21491
-5.22495
-5.22978
-5.22849
-5.2226
-5.21229
-5.19998
-5.18511
-5.17051
-5.1568
-5.14374
-5.13245
-5.12269
-5.11246
-5.10147
-5.08973
-5.07915
-5.06851
-5.05924
-5.04933
-5.04005
-5.03164
-5.02435
-5.0198
-5.01721
-5.01805
-5.02175
-5.02812
-5.03765
-5.04918
-5.06128
-5.07228
-5.08199
-5.09059
-5.09819
-5.10743
-5.11963
-5.13213
-5.14791
-5.16364
-5.18074
-5.1931
-5.20161
-5.20393
-5.1965
-5.1816
-5.16087
-5.13978
-5.12385
-5.11315
-5.11183
-5.11461
-5.11894
-5.12291
-5.12348
-5.12097
-5.11598
-5.10696
-5.09401
-5.07589
-5.05384
-5.02801
-5.00233
-4.98166
-4.96962
-4.96795
-4.9757
-4.98993
-5.01001
-5.02977
-5.04828
-5.06673
-5.08642
-5.10559
-5.12574
-5.14493
-5.16205
-5.17494
-5.18264
-5.18566
-5.1855
-5.18429
-5.18401
-5.18281
-5.18207
-5.17855
-5.17412
-5.17021
-5.16742
-5.16593
-5.16484
-5.16193
-5.15485
-5.14367
-5.12987
-5.11455
-5.10013
-5.0853
-5.0736
-5.06808
-5.07174
-5.08253
-5.09909
-5.11573
-5.12721
-5.1339
-5.13412
-5.13062
-5.12401
-5.11535
-5.10491
-5.09516
-5.08696
-5.08259
-5.08052
-5.08176
-5.0836
-5.08349
-5.08353
-5.08372
-5.08613
-5.09211
-5.10242
-5.11505
-5.13053
-5.14455
-5.15695
-5.16702
-5.17726
-5.18681
-5.19642
-5.20549
-5.2153
-5.2232
-5.23391
-5.24442
-5.25321
-5.26153
-5.26544
-5.26563
-5.2617
-5.25274
-5.24162
-5.22793
-5.21182
-5.19595
-5.18125
-5.16994
-5.16248
-5.15814
-5.15564
-5.1534
-5.15107
-5.1444
-5.13533
-5.12751
-5.11986
-5.115
-5.11528
-5.11811
-5.12617
-5.13647
-5.14774
-5.15831
-5.16801
-5.17249
-5.17374
-5.16961
-5.16035
-5.14894
-5.13587
-5.12313
-5.11058
-5.10056
-5.09101
-5.08052
-5.06953
-5.06094
-5.05962
-5.06772
-5.08057
-5.09183
-5.10001
-5.10276
-5.1006
-5.09633
-5.09018
-5.08521
-5.07965
-5.0755
-5.07281
-5.07301
-5.07553
-5.08043
-5.08887
-5.09861
-5.1123
-5.12797
-5.14615
-5.16473
-5.18172
-5.19519
-5.20497
-5.20999
-5.21032
-5.2088
-5.20476
-5.19677
-5.18869
-5.18098
-5.17284
-5.16659
-5.15923
-5.15064
-5.14033
-5.1321
-5.12518
-5.12107
-5.12105
-5.12451
-5.13206
-5.14261
-5.15422
-5.16703
-5.18002
-5.19359
-5.20556
-5.21701
-5.22499
-5.2291
-5.22955
-5.22404
-5.21342
-5.19793
-5.17981
-5.16402
-5.1511
-5.14332
-5.14152
-5.14425
-5.15229
-5.1621
-5.17233
-5.18126
-5.18684
-5.18962
-5.19016
-5.1856
-5.17787
-5.16733
-5.15501
-5.13763
-5.1175
-5.09631
-5.07665
-5.06277
-5.05502
-5.05039
-5.04575
-5.03841
-5.0296
-5.01889
-5.00964
-5.00501
-5.00568
-5.01181
-5.02006
-5.02815
-5.03349
-5.03335
-5.02819
-5.01922
-5.00874
-5.0004
-4.99793
-5.00294
-5.01562
-5.03419
-5.05681
-5.08006
-5.10207
-5.12085
-5.13542
-5.14655
-5.1526
-5.15316
-5.15135
-5.14549
-5.13592
-5.12408
-5.11094
-5.09855
-5.08704
-5.08112
-5.07983
-5.08275
-5.08787
-5.09257
-5.09542
-5.0948
-5.09176
-5.08451
-5.07552
-5.06331
-5.0485
-5.03305
-5.01707
-5.00467
-4.99397
-4.98793
-4.98644
-4.99027
-4.99762
-5.00774
-5.01938
-5.02891
-5.03635
-5.04073
-5.04252
-5.04323
-5.0434
-5.04434
-5.04724
-5.05244
-5.06024
-5.06994
-5.08036
-5.0915
-5.10489
-5.11755
-5.12711
-5.13383
-5.1382
-5.14592
-5.16351
-5.18799
-5.21145
-5.22286
-5.22212
-5.20679
-5.18037
-5.14525
-5.10532
-5.0693
-5.04049
-5.02469
-5.02021
-5.02388
-5.03249
-5.04484
-5.05648
-5.06773
-5.08213
-5.09963
-5.11993
-5.14301
-5.16461
-5.18561
-5.20271
-5.21549
-5.22317
-5.2232
-5.21688
-5.20331
-5.18478
-5.16177
-5.13954
-5.11807
-5.09761
-5.08057
-5.06744
-5.05645
-5.04738
-5.04052
-5.03475
-5.03058
-5.02757
-5.02696
-5.02681
-5.02391
-5.01724
-5.00828
-5.00035
-4.99695
-5.00316
-5.01838
-5.04248
-5.0687
-5.09428
-5.1136
-5.12654
-5.13046
-5.12925
-5.12523
-5.12158
-5.12038
-5.12372
-5.1302
-5.13699
-5.14349
-5.14842
-5.14723
-5.14392
-5.13596
-5.12546
-5.1138
-5.10443
-5.09763
-5.0936
-5.09146
-5.09149
-5.09265
-5.09812
-5.10624
-5.11474
-5.11952
-5.1176
-5.11003
-5.09647
-5.08056
-5.0648
-5.05158
-5.04265
-5.04121
-5.04701
-5.05985
-5.07926
-5.10103
-5.12136
-5.13944
-5.15162
-5.15755
-5.1566
-5.14999
-5.13884
-5.12488
-5.10915
-5.09227
-5.07604
-5.06379
-5.05391
-5.04844
-5.04793
-5.05104
-5.05979
-5.07349
-5.09125
-5.11252
-5.1347
-5.15518
-5.17107
-5.18095
-5.18433
-5.17842
-5.16735
-5.15135
-5.13114
-5.10874
-5.08739
-5.07075
-5.0621
-5.06297
-5.07165
-5.08346
-5.09553
-5.10351
-5.1058
-5.09993
-5.08581
-5.06937
-5.05212
-5.03988
-5.03374
-5.0354
-5.0454
-5.06218
-5.08296
-5.10466
-5.12544
-5.14294
-5.15748
-5.16846
-5.18059
-5.19169
-5.20364
-5.21531
-5.22326
-5.22601
-5.2242
-5.21651
-5.20503
-5.19198
-5.17717
-5.1626
-5.14766
-5.13153
-5.11385
-5.09522
-5.079
-5.06857
-5.06711
-5.07697
-5.09752
-5.12604
-5.15455
-5.17511
-5.18364
-5.17935
-5.16481
-5.14674
-5.12994
-5.115
-5.10658
-5.10254
-5.10128
-5.10027
-5.09868
-5.09714
-5.09343
-5.08556
-5.07487
-5.06152
-5.04703
-5.03416
-5.02593
-5.02514
-5.03315
-5.05384
-5.08552
-5.12573
-5.16844
-5.20808
-5.24078
-5.26137
-5.26787
-5.26054
-5.2439
-5.22027
-5.1948
-5.17025
-5.14949
-5.13289
-5.12133
-5.11447
-5.11266
-5.11335
-5.11573
-5.11759
-5.11568
-5.10973
-5.09993
-5.0864
-5.07471
-5.06847
-5.06905
-5.07701
-5.08994
-5.106
-5.11945
-5.13051
-5.13619
-5.13512
-5.12868
-5.11697
-5.09866
-5.07739
-5.05689
-5.03855
-5.02358
-5.01437
-5.01052
-5.01251
-5.01852
-5.0277
-5.03807
-5.04723
-5.05258
-5.05652
-5.05687
-5.05677
-5.05524
-5.05539
-5.05628
-5.06093
-5.06903
-5.07948
-5.08907
-5.09253
-5.08537
-5.06962
-5.0465
-5.01916
-4.99013
-4.96459
-4.94578
-4.93423
-4.9308
-4.93129
-4.93626
-4.94494
-4.95691
-4.97216
-4.99264
-5.01478
-5.03824
-5.0597
-5.07748
-5.09084
-5.09689
-5.09484
-5.08756
-5.07759
-5.06744
-5.06016
-5.05631
-5.05621
-5.05918
-5.06713
-5.0777
-5.09004
-5.09946
-5.10408
-5.10022
-5.08821
-5.0672
-5.0387
-5.00868
-4.97948
-4.9567
-4.9442
-4.94716
-4.96636
-4.99693
-5.03744
-5.07987
-5.11852
-5.14967
-5.17308
-5.1881
-5.19511
-5.19789
-5.1965
-5.19084
-5.18341
-5.17407
-5.1626
-5.15075
-5.13704
-5.12513
-5.11466
-5.10686
-5.10065
-5.09428
-5.08697
-5.07674
-5.06152
-5.04021
-5.01196
-4.9802
-4.95157
-4.93425
-4.93389
-4.95443
-4.99009
-5.03545
-5.08218
-5.1288
-5.17009
-5.20717
-5.23665
-5.25755
-5.27005
-5.27313
-5.2658
-5.24889
-5.2227
-5.18958
-5.15517
-5.12217
-5.09401
-5.0719
-5.05869
-5.05307
-5.05431
-5.0609
-5.07136
-5.08051
-5.08648
-5.08861
-5.08636
-5.08515
-5.08641
-5.09187
-5.10253
-5.11899
-5.14125
-5.16517
-5.18778
-5.20656
-5.21806
-5.22002
-5.21276
-5.19459
-5.16998
-5.14045
-5.11363
-5.09378
-5.084
-5.08578
-5.09651
-5.11484
-5.13652
-5.15474
-5.16605
-5.16995
-5.16543
-5.15058
-5.12995
-5.10272
-5.0752
-5.05182
-5.03514
-5.02977
-5.03341
-5.04725
-5.07037
-5.10028
-5.135
-5.1721
-5.20638
-5.23209
-5.24638
-5.24801
-5.23652
-5.21201
-5.18125
-5.1477
-5.11727
-5.09432
-5.07962
-5.0698
-5.06536
-5.06279
-5.05919
-5.05254
-5.04084
-5.02592
-5.0107
-5.00223
-5.00414
-5.01557
-5.03514
-5.05744
-5.07869
-5.09777
-5.11361
-5.12789
-5.14032
-5.15085
-5.15677
-5.15559
-5.14757
-5.13146
-5.11067
-5.08883
-5.07316
-5.06782
-5.07493
-5.08665
-5.10018
-5.11124
-5.11787
-5.12134
-5.1211
-5.11952
-5.11396
-5.10628
-5.09942
-5.09751
-5.10316
-5.11514
-5.13327
-5.15336
-5.17429
-5.18995
-5.20155
-5.20729
-5.20648
-5.19937
-5.18885
-5.17793
-5.16811
-5.15975
-5.15457
-5.15371
-5.15429
-5.15429
-5.15332
-5.15067
-5.14685
-5.14407
-5.14371
-5.14762
-5.15413
-5.16523
-5.1773
-5.19136
-5.20404
-5.21445
-5.22267
-5.22877
-5.23095
-5.23084
-5.23041
-5.23201
-5.23544
-5.24162
-5.24921
-5.25646
-5.26402
-5.2692
-5.27188
-5.27073
-5.26667
-5.25672
-5.24306
-5.22422
-5.20321
-5.18005
-5.15807
-5.14045
-5.13122
-5.13391
-5.14751
-5.16609
-5.1865
-5.20507
-5.21699
-5.22126
-5.22003
-5.21509
-5.20738
-5.20155
-5.19832
-5.2004
-5.20885
-5.22117
-5.23545
-5.24988
-5.26226
-5.26943
-5.27137
-5.2666
-5.25479
-5.23528
-5.21096
-5.1826
-5.15284
-5.12526
-5.10505
-5.09228
-5.09033
-5.0965
-5.11028
-5.12485
-5.13967
-5.15319
-5.16569
-5.17664
-5.18942
-5.20349
-5.21906
-5.23648
-5.25314
-5.26565
-5.27263
-5.27294
-5.26436
-5.24555
-5.2173
-5.18263
-5.14434
-5.10711
-5.07488
-5.04977
-5.03264
-5.0243
-5.02375
-5.0319
-5.04822
-5.06987
-5.0966
-5.11994
-5.13933
-5.15185
-5.15582
-5.1534
-5.14739
-5.14094
-5.13389
-5.13119
-5.1346
-5.14334
-5.1541
-5.1652
-5.17331
-5.17717
-5.17752
-5.17335
-5.16814
-5.16417
-5.16365
-5.168
-5.17503
-5.18356
-5.19102
-5.19802
-5.20319
-5.20728
-5.20997
-5.21358
-5.22014
-5.22864
-5.23768
-5.24603
-5.24839
-5.24302
-5.22993
-5.20856
-5.17936
-5.14745
-5.11717
-5.09416
-5.08206
-5.08221
-5.09195
-5.11013
-5.13186
-5.15822
-5.18494
-5.21257
-5.23844
-5.26093
-5.27814
-5.29017
-5.29441
-5.29301
-5.28549
-5.2722
-5.25446
-5.23557
-5.21664
-5.19893
-5.18279
-5.16905
-5.15444
-5.14
-5.12459
-5.10966
-5.09806
-5.08972
-5.08795
-5.09094
-5.09844
-5.10489
-5.10543
-5.10097
-5.09032
-5.07615
-5.0605
-5.0462
-5.0335
-5.02701
-5.02476
-5.02864
-5.03584
-5.04293
-5.05004
-5.05469
-5.06008
-5.06823
-5.07912
-5.09357
-5.11092
-5.12746
-5.14334
-5.15816
-5.17142
-5.18214
-5.19295
-5.20109
-5.20802
-5.21277
-5.21606
-5.21956
-5.22283
-5.22474
-5.22554
-5.22432
-5.22141
-5.21757
-5.2123
-5.20966
-5.20882
-5.20816
-5.20748
-5.20468
-5.19865
-5.19064
-5.18099
-5.1707
-5.15888
-5.14621
-5.13288
-5.12061
-5.10994
-5.10004
-5.09322
-5.08853
-5.08494
-5.08108
-5.07735
-5.07351
-5.0731
-5.07581
-5.08276
-5.08932
-5.09575
-5.10248
-5.10902
-5.11613
-5.12279
-5.12693
-5.1287
-5.12857
-5.1237
-5.11619
-5.10819
-5.10119
-5.09446
-5.08729
-5.08116
-5.07432
-5.06675
-5.06021
-5.05258
-5.0467
-5.05001
-5.06551
-5.09196
-5.1264
-5.16028
-5.1886
-5.20525
-5.21076
-5.20606
-5.19252
-5.1727
-5.14621
-5.11335
-5.08009
-5.05085
-5.03309
-5.03208
-5.04469
-5.0668
-5.09681
-5.12788
-5.15789
-5.18685
-5.21148
-5.23241
-5.24644
-5.25462
-5.25756
-5.2542
-5.24454
-5.23113
-5.21236
-5.18982
-5.1653
-5.14286
-5.125
-5.11524
-5.11177
-5.11559
-5.12677
-5.14146
-5.15808
-5.17357
-5.18687
-5.19835
-5.20507
-5.20723
-5.20343
-5.19372
-5.17865
-5.16045
-5.14024
-5.11779
-5.09531
-5.07396
-5.0523
-5.03202
-5.01337
-4.99717
-4.98658
-4.9851
-4.99286
-5.00818
-5.02682
-5.04693
-5.06773
-5.08886
-5.11085
-5.13039
-5.14811
-5.16036
-5.16658
-5.1649
-5.15676
-5.14456
-5.13038
-5.11931
-5.11269
-5.1113
-5.11344
-5.11697
-5.12161
-5.12526
-5.12956
-5.13472
-5.14027
-5.14502
-5.14845
-5.15153
-5.15247
-5.15356
-5.1546
-5.15546
-5.15739
-5.15952
-5.16277
-5.1646
-5.16408
-5.16111
-5.1555
-5.14788
-5.13994
-5.13234
-5.12347
-5.11557
-5.1065
-5.09853
-5.0921
-5.08969
-5.09091
-5.09554
-5.10621
-5.11948
-5.1357
-5.15051
-5.16438
-5.17524
-5.18327
-5.18785
-5.19262
-5.19617
-5.19905
-5.20051
-5.20091
-5.19943
-5.19689
-5.19404
-5.189
-5.1791
-5.16736
-5.15181
-5.13438
-5.11836
-5.10555
-5.09874
-5.09856
-5.10293
-5.11323
-5.12508
-5.13716
-5.14711
-5.15146
-5.14904
-5.13912
-5.12292
-5.10196
-5.07662
-5.05244
-5.03054
-5.01358
-5.00092
-4.99227
-4.98855
-4.98719
-4.98758
-4.98548
-4.98022
-4.97215
-4.96283
-4.95081
-4.94027
-4.93202
-4.92823
-4.92898
-4.94104
-4.96549
-5.00117
-5.04558
-5.09099
-5.13087
-5.16004
-5.17775
-5.1807
-5.17156
-5.15037
-5.12238
-5.08996
-5.05768
-5.02888
-5.00767
-4.99584
-4.99385
-5.00128
-5.01329
-5.0276
-5.04229
-5.05429
-5.06174
-5.06641
-5.06678
-5.06443
-5.05898
-5.05221
-5.04443
-5.0392
-5.03798
-5.03961
-5.04415
-5.05023
-5.0579
-5.06395
-5.06917
-5.07168
-5.07103
-5.06676
-5.05959
-5.05108
-5.04248
-5.03503
-5.02797
-5.02328
-5.02066
-5.01972
-5.02057
-5.02192
-5.02437
-5.02969
-5.03579
-5.04189
-5.04885
-5.0545
-5.06127
-5.06506
-5.06676
-5.06925
-5.0696
-5.06981
-5.07113
-5.07511
-5.08063
-5.08703
-5.09366
-5.09832
-5.10012
-5.09852
-5.09451
-5.08906
-5.08056
-5.06981
-5.0566
-5.04119
-5.02363
-5.00536
-4.98726
-4.97085
-4.96212
-4.96428
-4.97791
-4.99987
-5.02681
-5.0536
-5.07679
-5.09366
-5.10361
-5.10884
-5.11054
-5.11164
-5.11539
-5.12315
-5.13698
-5.1558
-5.17907
-5.20405
-5.22852
-5.24698
-5.25696
-5.2577
-5.25078
-5.23873
-5.22425
-5.20903
-5.19433
-5.17922
-5.16299
-5.14535
-5.12631
-5.10687
-5.089
-5.0755
-5.0686
-5.06969
-5.07623
-5.08814
-5.10296
-5.1188
-5.13105
-5.1433
-5.15353
-5.16334
-5.17387
-5.18476
-5.19543
-5.20497
-5.21356
-5.21963
-5.22358
-5.22303
-5.21679
-5.20734
-5.19504
-5.17875
-5.1611
-5.14261
-5.12599
-5.11384
-5.10634
-5.10474
-5.10661
-5.10985
-5.11432
-5.11886
-5.12366
-5.12894
-5.1331
-5.1373
-5.14022
-5.14261
-5.14418
-5.14363
-5.14015
-5.13238
-5.11997
-5.10015
-5.07734
-5.05619
-5.04254
-5.03774
-5.04
-5.04249
-5.04253
-5.0406
-5.03848
-5.0417
-5.04938
-5.06166
-5.07491
-5.0897
-5.10381
-5.11651
-5.1261
-5.1337
-5.13856
-5.13995
-5.13879
-5.13733
-5.13319
-5.12651
-5.11646
-5.10471
-5.0905
-5.0765
-5.06079
-5.0449
-5.03334
-5.02871
-5.0347
-5.05188
-5.07482
-5.09933
-5.1184
-5.13038
-5.13531
-5.13687
-5.13659
-5.13567
-5.13421
-5.13301
-5.13286
-5.13129
-5.12728
-5.12121
-5.11025
-5.09636
-5.08025
-5.06382
-5.04809
-5.03449
-5.02728
-5.02659
-5.03299
-5.04613
-5.06467
-5.08711
-5.10808
-5.12583
-5.1424
-5.15357
-5.15978
-5.16177
-5.1564
-5.14637
-5.13321
-5.12031
-5.10931
-5.10285
-5.10124
-5.10593
-5.11739
-5.13106
-5.14687
-5.16051
-5.17217
-5.18021
-5.18597
-5.18865
-5.1886
-5.18679
-5.18465
-5.18164
-5.17803
-5.17489
-5.1718
-5.169
-5.16625
-5.16492
-5.16359
-5.16188
-5.1599
-5.15487
-5.14673
-5.13377
-5.11521
-5.09274
-5.0687
-5.0445
-5.02302
-5.00554
-4.994
-4.98697
-4.98479
-4.98702
-4.99026
-4.9904
-4.98906
-4.98401
-4.97656
-4.96888
-4.96379
-4.96252
-4.9673
-4.97566
-4.98901
-5.00547
-5.02247
-5.03725
-5.04857
-5.0567
-5.06483
-5.0782
-5.10188
-5.1295
-5.15489
-5.17233
-5.18013
-5.17994
-5.17123
-5.15733
-5.14288
-5.12935
-5.11688
-5.10741
-5.10061
-5.09354
-5.08788
-5.08425
-5.08135
-5.07926
-5.07481
-5.06694
-5.05501
-5.04215
-5.02952
-5.01904
-5.01218
-5.00789
-5.00703
-5.00905
-5.01451
-5.02403
-5.0382
-5.05534
-5.07328
-5.09151
-5.10638
-5.11901
-5.12461
-5.12409
-5.11755
-5.10435
-5.08929
-5.07317
-5.05658
-5.04092
-5.02757
-5.01737
-5.01247
-5.01232
-5.01886
-5.03025
-5.04997
-5.07419
-5.09877
-5.12112
-5.13861
-5.15134
-5.16002
-5.16767
-5.17587
-5.18361
-5.1908
-5.19718
-5.20048
-5.20084
-5.19816
-5.19412
-5.18758
-5.18184
-5.17649
-5.1744
-5.17691
-5.1829
-5.19277
-5.2047
-5.21627
-5.22264
-5.22284
-5.21411
-5.19692
-5.17327
-5.14636
-5.12434
-5.10808
-5.09781
-5.09187
-5.08795
-5.08431
-5.08494
-5.08902
-5.09685
-5.10969
-5.12511
-5.14197
-5.16023
-5.17951
-5.19843
-5.21308
-5.22159
-5.22311
-5.21614
-5.20264
-5.18624
-5.16898
-5.15411
-5.14352
-5.1352
-5.13192
-5.13103
-5.13411
-5.13896
-5.14304
-5.14337
-5.13937
-5.12835
-5.11135
-5.09149
-5.0732
-5.05829
-5.04854
-5.04276
-5.03778
-5.03279
-5.02663
-5.02122
-5.01871
-5.02139
-5.02973
-5.04319
-5.06173
-5.08248
-5.10574
-5.13011
-5.15103
-5.16825
-5.17979
-5.18441
-5.18208
-5.17603
-5.16867
-5.16144
-5.1573
-5.15662
-5.16051
-5.16719
-5.17395
-5.1802
-5.18675
-5.19041
-5.19324
-5.19307
-5.19304
-5.19318
-5.19182
-5.19082
-5.18844
-5.18335
-5.17697
-5.16776
-5.15655
-5.14539
-5.13454
-5.12732
-5.12322
-5.12152
-5.12073
-5.12091
-5.12015
-5.1171
-5.11195
-5.10468
-5.09774
-5.09005
-5.08428
-5.07931
-5.07572
-5.07578
-5.07959
-5.08637
-5.09875
-5.11297
-5.12664
-5.13818
-5.14484
-5.14518
-5.13915
-5.12542
-5.10697
-5.08285
-5.05972
-5.0413
-5.03433
-5.03927
-5.05154
-5.0655
-5.07407
-5.07435
-5.06837
-5.06236
-5.06127
-5.06426
-5.07207
-5.0841
-5.09959
-5.11555
-5.13277
-5.14921
-5.16224
-5.17118
-5.17601
-5.17893
-5.18142
-5.18439
-5.18932
-5.19914
-5.21182
-5.22582
-5.23498
-5.23931
-5.23604
-5.2241
-5.2047
-5.18155
-5.15738
-5.13647
-5.12256
-5.11823
-5.12169
-5.12675
-5.1309
-5.13255
-5.12896
-5.12181
-5.11135
-5.09926
-5.08539
-5.07261
-5.06293
-5.05645
-5.05514
-5.05855
-5.06654
-5.07883
-5.09211
-5.10435
-5.11495
-5.12093
-5.12192
-5.11598
-5.10338
-5.08784
-5.07082
-5.05555
-5.04776
-5.0459
-5.05127
-5.06077
-5.07344
-5.08691
-5.09823
-5.10671
-5.11244
-5.11516
-5.11553
-5.11227
-5.10888
-5.10462
-5.10183
-5.1032
-5.11055
-5.12362
-5.1384
-5.14866
-5.15328
-5.153
-5.14899
-5.14537
-5.14512
-5.15204
-5.16259
-5.1763
-5.18631
-5.19283
-5.19345
-5.19087
-5.18533
-5.17655
-5.16668
-5.15265
-5.13571
-5.11467
-5.0907
-5.06319
-5.0362
-5.01292
-4.99913
-4.9959
-5.0032
-5.01563
-5.03167
-5.04547
-5.05487
-5.05978
-5.06327
-5.06562
-5.06892
-5.07317
-5.07892
-5.08492
-5.09097
-5.09702
-5.09965
-5.0998
-5.09707
-5.09151
-5.08287
-5.07248
-5.06167
-5.05109
-5.04018
-5.03011
-5.02357
-5.01766
-5.01475
-5.0133
-5.01214
-5.01107
-5.01136
-5.01214
-5.01584
-5.0211
-5.02671
-5.03396
-5.04048
-5.04642
-5.05141
-5.05701
-5.06175
-5.06724
-5.07202
-5.07432
-5.07364
-5.07063
-5.06712
-5.06256
-5.05824
-5.05688
-5.05826
-5.05965
-5.06319
-5.06848
-5.07467
-5.08058
-5.08683
-5.09214
-5.09165
-5.08636
-5.07667
-5.06163
-5.04553
-5.03295
-5.02404
-5.02351
-5.02862
-5.03803
-5.04962
-5.06189
-5.07231
-5.08136
-5.0897
-5.09593
-5.10106
-5.10601
-5.1107
-5.11822
-5.131
-5.14682
-5.1644
-5.1847
-5.20164
-5.21544
-5.22148
-5.22159
-5.21407
-5.20423
-5.19157
-5.17921
-5.16724
-5.15499
-5.14333
-5.13263
-5.125
-5.1224
-5.12201
-5.12671
-5.13372
-5.14399
-5.15722
-5.17145
-5.18597
-5.19656
-5.19941
-5.19463
-5.18522
-5.17867
-5.18126
-5.19096
-5.20187
-5.20587
-5.19882
-5.18211
-5.15755
-5.12907
-5.09986
-5.07511
-5.05712
-5.04697
-5.04322
-5.04501
-5.0505
-5.05811
-5.06713
-5.07782
-5.08969
-5.10122
-5.11208
-5.12193
-5.13068
-5.13945
-5.14841
-5.16133
-5.17624
-5.19171
-5.20423
-5.21263
-5.21328
-5.20744
-5.19332
-5.17206
-5.14883
-5.123
-5.10042
-5.08287
-5.07663
-5.08048
-5.09254
-5.10774
-5.12069
-5.12848
-5.13118
-5.13035
-5.12691
-5.12301
-5.11658
-5.10889
-5.09763
-5.08781
-5.08346
-5.08965
-5.10195
-5.11211
-5.11167
-5.09805
-5.07605
-5.05135
-5.02983
-5.0162
-5.01081
-5.01667
-5.02999
-5.0495
-5.07181
-5.09468
-5.11694
-5.13547
-5.14854
-5.15766
-5.1603
-5.15844
-5.15132
-5.13987
-5.12555
-5.1112
-5.09679
-5.08467
-5.07439
-5.06388
-5.05331
-5.04438
-5.03619
-5.02962
-5.027
-5.02801
-5.0341
-5.0421
-5.05323
-5.06622
-5.08039
-5.09679
-5.11393
-5.13104
-5.14662
-5.16077
-5.1689
-5.17299
-5.17411
-5.16977
-5.16211
-5.15499
-5.14594
-5.13577
-5.12482
-5.11374
-5.1017
-5.09021
-5.07897
-5.06687
-5.05834
-5.05285
-5.05008
-5.04811
-5.04555
-5.04036
-5.03266
-5.02258
-5.01335
-5.00699
-5.00578
-5.00867
-5.01548
-5.0283
-5.04384
-5.06317
-5.08208
-5.10075
-5.11523
-5.12594
-5.13044
-5.13274
-5.12831
-5.1189
-5.10501
-5.08527
-5.06239
-5.03923
-5.01816
-5.00273
-4.99363
-4.98621
-4.97997
-4.97141
-4.9661
-4.96448
-4.96948
-4.97841
-4.98938
-4.99711
-4.9965
-4.98761
-4.97155
-4.9531
-4.93961
-4.93316
-4.93278
-4.94081
-4.95301
-4.96957
-4.98942
-5.0136
-5.04462
-5.07883
-5.11455
-5.15217
-5.18755
-5.21964
-5.24649
-5.26639
-5.27951
-5.2839
-5.27899
-5.2652
-5.24223
-5.21237
-5.17664
-5.14096
-5.10907
-5.08746
-5.07776
-5.07925
-5.08848
-5.10154
-5.1166
-5.13306
-5.14817
-5.1621
-5.17425
-5.18498
-5.19306
-5.19727
-5.1978
-5.19438
-5.18499
-5.17084
-5.15326
-5.13207
-5.11357
-5.09599
-5.08027
-5.06995
-5.06333
-5.0621
-5.06428
-5.07193
-5.08215
-5.09546
-5.10763
-5.11861
-5.12525
-5.12787
-5.12446
-5.11947
-5.11304
-5.10842
-5.10597
-5.10574
-5.10324
-5.09794
-5.08894
-5.0778
-5.06526
-5.05381
-5.04715
-5.04654
-5.05174
-5.05989
-5.06989
-5.08049
-5.08863
-5.09855
-5.1099
-5.12384
-5.1379
-5.14772
-5.15299
-5.15286
-5.14776
-5.1408
-5.13358
-5.12652
-5.12133
-5.11691
-5.11251
-5.10964
-5.10671
-5.10373
-5.09797
-5.09225
-5.08571
-5.07829
-5.07182
-5.06464
-5.05698
-5.04601
-5.03433
-5.0223
-5.0125
-5.00572
-5.00291
-5.00363
-5.00876
-5.0149
-5.02162
-5.02483
-5.02676
-5.0246
-5.0202
-5.01627
-5.01392
-5.012
-5.01182
-5.01198
-5.00903
-5.00285
-4.99732
-4.99571
-5.00196
-5.01499
-5.03091
-5.04895
-5.06493
-5.07774
-5.08895
-5.09824
-5.10519
-5.1115
-5.11657
-5.12169
-5.12506
-5.12718
-5.12815
-5.12657
-5.12197
-5.11354
-5.10224
-5.08853
-5.07624
-5.06808
-5.06649
-5.06908
-5.07596
-5.08477
-5.09359
-5.10027
-5.1069
-5.11258
-5.12074
-5.13398
-5.15388
-5.17742
-5.20458
-5.23336
-5.25925
-5.27897
-5.29082
-5.29593
-5.2941
-5.28649
-5.27554
-5.26324
-5.24939
-5.23545
-5.21986
-5.20559
-5.19123
-5.17791
-5.1652
-5.15573
-5.14798
-5.14519
-5.14465
-5.14712
-5.15335
-5.16205
-5.17374
-5.18552
-5.19714
-5.20521
-5.20804
-5.20683
-5.19976
-5.1879
-5.17164
-5.152
-5.13019
-5.10678
-5.08475
-5.06359
-5.048
-5.04108
-5.04171
-5.04685
-5.0553
-5.0654
-5.07455
-5.08078
-5.0846
-5.08315
-5.07866
-5.06963
-5.05716
-5.04409
-5.03282
-5.02336
-5.01871
-5.01854
-5.02309
-5.03122
-5.04349
-5.06032
-5.08256
-5.10806
-5.13597
-5.16309
-5.18407
-5.19796
-5.20608
-5.20788
-5.20318
-5.19601
-5.18593
-5.17677
-5.1668
-5.15889
-5.15213
-5.14956
-5.15135
-5.15809
-5.16787
-5.17648
-5.18054
-5.17819
-5.16927
-5.15406
-5.13451
-5.11129
-5.09375
-5.08817
-5.09989
-5.12673
-5.16017
-5.19188
-5.21383
-5.22105
-5.21887
-5.21125
-5.20344
-5.19996
-5.20321
-5.21254
-5.22344
-5.23272
-5.23728
-5.23544
-5.22465
-5.20418
-5.17644
-5.14558
-5.11613
-5.09261
-5.0758
-5.06521
-5.05906
-5.05405
-5.04896
-5.04316
-5.03824
-5.03537
-5.03456
-5.03676
-5.04126
-5.0473
-5.05621
-5.06739
-5.07855
-5.08526
-5.08508
-5.07763
-5.06398
-5.04475
-5.02445
-5.00322
-4.98476
-4.9718
-4.96974
-4.98133
-5.00084
-5.0263
-5.05185
-5.07317
-5.08879
-5.09908
-5.10616
-5.10864
-5.1096
-5.10884
-5.1054
-5.09972
-5.09395
-5.08845
-5.08618
-5.08753
-5.09453
-5.10417
-5.11536
-5.12436
-5.12991
-5.12987
-5.125
-5.11561
-5.10327
-5.08904
-5.07332
-5.05821
-5.04612
-5.0373
-5.03053
-5.02596
-5.02338
-5.01972
-5.01328
-5.00561
-4.99738
-4.9898
-4.98853
-4.99218
-5.00477
-5.02313
-5.04277
-5.06029
-5.0735
-5.07842
-5.07711
-5.07287
-5.06794
-5.06297
-5.05834
-5.05329
-5.0472
-5.04193
-5.03711
-5.03394
-5.03094
-5.03078
-5.03301
-5.0379
-5.04484
-5.0537
-5.06331
-5.0753
-5.08749
-5.09883
-5.10796
-5.11348
-5.11497
-5.11533
-5.11406
-5.1125
-5.11491
-5.12038
-5.12779
-5.13444
-5.13732
-5.13728
-5.12984
-5.11805
-5.10182
-5.08352
-5.06624
-5.05036
-5.03751
-5.02894
-5.0235
-5.02231
-5.02337
-5.02622
-5.0281
-5.02917
-5.03035
-5.03072
-5.03288
-5.03536
-5.04105
-5.05066
-5.06197
-5.07505
-5.08599
-5.09233
-5.09333
-5.09117
-5.08278
-5.06879
-5.05338
-5.03776
-5.02322
-5.0136
-5.00952
-5.0131
-5.02124
-5.0322
-5.04175
-5.04633
-5.04436
-5.03189
-5.01043
-4.98141
-4.95272
-4.9334
-4.93495
-4.95954
-4.99829
-5.0408
-5.08206
-5.11643
-5.14448
-5.16388
-5.17453
-5.17871
-5.17641
-5.17036
-5.16102
-5.14972
-5.13844
-5.12657
-5.11333
-5.09869
-5.08469
-5.06861
-5.05276
-5.03945
-5.02921
-5.02832
-5.03499
-5.05167
-5.07617
-5.10341
-5.13091
-5.1538
-5.17302
-5.18584
-5.19564
-5.20529
-5.21488
-5.22361
-5.22821
-5.23114
-5.22886
-5.22428
-5.21736
-5.20858
-5.19814
-5.1882
-5.17776
-5.16952
-5.15982
-5.15228
-5.14452
-5.13697
-5.12835
-5.11668
-5.10403
-5.0901
-5.07682
-5.06547
-5.05731
-5.0534
-5.0552
-5.05993
-5.06762
-5.07853
-5.08974
-5.10305
-5.11716
-5.1326
-5.148
-5.16014
-5.16887
-5.17198
-5.17261
-5.17248
-5.17163
-5.1739
-5.18114
-5.19168
-5.20737
-5.22595
-5.24442
-5.26075
-5.27067
-5.27479
-5.27306
-5.26503
-5.25288
-5.2371
-5.21682
-5.19484
-5.17167
-5.14901
-5.13133
-5.12036
-5.1178
-5.12067
-5.12491
-5.12884
-5.12785
-5.12343
-5.11717
-5.11266
-5.11046
-5.11111
-5.11659
-5.12491
-5.13522
-5.14651
-5.1559
-5.16618
-5.17876
-5.19358
-5.2134
-5.23504
-5.25273
-5.26266
-5.26255
-5.25381
-5.23453
-5.20961
-5.18231
-5.15119
-5.11806
-5.08081
-5.04283
-5.00541
-4.96864
-4.93864
-4.91775
-4.90794
-4.91351
-4.93649
-4.97423
-5.02187
-5.07475
-5.12704
-5.17127
-5.20835
-5.235
-5.25334
-5.26421
-5.26845
-5.27017
-5.27114
-5.27167
-5.27205
-5.27172
-5.26736
-5.25981
-5.24869
-5.23391
-5.21876
-5.20622
-5.19754
-5.19371
-5.19337
-5.19456
-5.19682
-5.20084
-5.20508
-5.20652
-5.20502
-5.19704
-5.18549
-5.17164
-5.15904
-5.14831
-5.1415
-5.13318
-5.12664
-5.12031
-5.11275
-5.10508
-5.09675
-5.08868
-5.07866
-5.06805
-5.05482
-5.04039
-5.02382
-5.00797
-4.99446
-4.98558
-4.98373
-4.98858
-4.99953
-5.01447
-5.0298
-5.04392
-5.0554
-5.06475
-5.07598
-5.09077
-5.11098
-5.13385
-5.15794
-5.18064
-5.19539
-5.20109
-5.19635
-5.18316
-5.16426
-5.14477
-5.12813
-5.11556
-5.11055
-5.11178
-5.1195
-5.13046
-5.14079
-5.148
-5.15137
-5.15099
-5.14582
-5.13852
-5.13004
-5.12121
-5.11217
-5.10145
-5.09017
-5.08199
-5.0787
-5.08049
-5.09147
-5.11124
-5.13802
-5.16808
-5.20062
-5.23182
-5.25519
-5.27232
-5.28014
-5.2798
-5.26992
-5.25167
-5.22501
-5.19432
-5.16173
-5.13496
-5.11796
-5.11318
-5.1185
-5.13226
-5.14982
-5.16813
-5.18379
-5.19565
-5.20433
-5.21187
-5.22126
-5.23192
-5.24282
-5.25372
-5.26031
-5.26103
-5.25481
-5.24089
-5.2198
-5.19308
-5.16183
-5.13075
-5.10132
-5.07616
-5.05574
-5.04131
-5.03109
-5.02623
-5.02745
-5.03095
-5.03911
-5.04981
-5.06037
-5.07094
-5.08034
-5.08951
-5.09833
-5.10979
-5.12312
-5.13822
-5.1539
-5.16631
-5.17312
-5.17213
-5.16409
-5.14742
-5.12429
-5.09814
-5.07555
-5.06028
-5.05524
-5.05917
-5.07101
-5.08624
-5.10423
-5.12624
-5.14807
-5.1702
-5.19188
-5.21053
-5.22266
-5.23151
-5.23581
-5.23719
-5.23728
-5.2367
-5.23385
-5.22912
-5.21998
-5.20668
-5.19129
-5.17634
-5.16365
-5.15553
-5.15354
-5.15504
-5.1601
-5.16764
-5.1769
-5.18831
-5.2009
-5.21378
-5.22521
-5.233
-5.23761
-5.2372
-5.23142
-5.22213
-5.20792
-5.19136
-5.17488
-5.15923
-5.14694
-5.13805
-5.13346
-5.13243
-5.13425
-5.14036
-5.14932
-5.16129
-5.17453
-5.19203
-5.21163
-5.23135
-5.24901
-5.26294
-5.27006
-5.26959
-5.26231
-5.24986
-5.2344
-5.21815
-5.2017
-5.18782
-5.1739
-5.15908
-5.14319
-5.12434
-5.10195
-5.07481
-5.04376
-5.00965
-4.97641
-4.94617
-4.91953
-4.90067
-4.8894
-4.89055
-4.90248
-4.92428
-4.95608
-4.99197
-5.02826
-5.06077
-5.08873
-5.10853
-5.12286
-5.13154
-5.13363
-5.13336
-5.13328
-5.13453
-5.14026
-5.14902
-5.16219
-5.17292
-5.17947
-5.17962
-5.17355
-5.16406
-5.15401
-5.1464
-5.14335
-5.1445
-5.1485
-5.15216
-5.15267
-5.14914
-5.14036
-5.13047
-5.11845
-5.10644
-5.09472
-5.08302
-5.0707
-5.05823
-5.04539
-5.03386
-5.02518
-5.02047
-5.02089
-5.02445
-5.03361
-5.04478
-5.05763
-5.0731
-5.08877
-5.10494
-5.11918
-5.12978
-5.1354
-5.1353
-5.12838
-5.11488
-5.09968
-5.08496
-5.07591
-5.07351
-5.07853
-5.08435
-5.09033
-5.09376
-5.09239
-5.08804
-5.08065
-5.07486
-5.07353
-5.07927
-5.09439
-5.11589
-5.14059
-5.16432
-5.18197
-5.19254
-5.19618
-5.19002
-5.17504
-5.14805
-5.11095
-5.07198
-5.03591
-5.01353
-5.00928
-5.01875
-5.03587
-5.05237
-5.06577
-5.07536
-5.08056
-5.0842
-5.08851
-5.09438
-5.10226
-5.11048
-5.11878
-5.12484
-5.12933
-5.13162
-5.13493
-5.13808
-5.14354
-5.15094
-5.1622
-5.17609
-5.1924
-5.20962
-5.22741
-5.24295
-5.25693
-5.26782
-5.2754
-5.27757
-5.27535
-5.26761
-5.25401
-5.23574
-5.21131
-5.18322
-5.15151
-5.1175
-5.08222
-5.04822
-5.01632
-4.99127
-4.97113
-4.95949
-4.95685
-4.96245
-4.97289
-4.98713
-5.00135
-5.01817
-5.03628
-5.06056
-5.09036
-5.12066
-5.14862
-5.16957
-5.18149
-5.18227
-5.17288
-5.15599
-5.13578
-5.11493
-5.09622
-5.0805
-5.06926
-5.06165
-5.05726
-5.05385
-5.05492
-5.05868
-5.065
-5.07728
-5.09141
-5.10614
-5.1176
-5.12454
-5.1274
-5.12249
-5.11198
-5.09778
-5.08141
-5.06726
-5.05801
-5.05408
-5.0564
-5.06293
-5.07331
-5.08518
-5.09699
-5.10883
-5.11923
-5.12703
-5.13464
-5.14231
-5.14908
-5.15504
-5.15811
-5.159
-5.15762
-5.15713
-5.1588
-5.16148
-5.1634
-5.16428
-5.1592
-5.14787
-5.13281
-5.11393
-5.09165
-5.06874
-5.04792
-5.03385
-5.02512
-5.02578
-5.03322
-5.04357
-5.05597
-5.06845
-5.07895
-5.08758
-5.09412
-5.09998
-5.10437
-5.10773
-5.10894
-5.10916
-5.11043
-5.11466
-5.12234
-5.13356
-5.14692
-5.16192
-5.1784
-5.19263
-5.2031
-5.20762
-5.20648
-5.19926
-5.1858
-5.17093
-5.15803
-5.14951
-5.14528
-5.14631
-5.14784
-5.15025
-5.14751
-5.13896
-5.12563
-5.1062
-5.08207
-5.05542
-5.02938
-5.0083
-4.995
-4.99092
-4.99679
-5.01239
-5.03248
-5.05461
-5.07792
-5.10111
-5.12375
-5.14419
-5.16213
-5.17609
-5.18726
-5.19764
-5.2094
-5.22333
-5.23801
-5.25258
-5.26371
-5.27122
-5.2736
-5.27016
-5.26164
-5.2472
-5.22924
-5.20954
-5.18861
-5.16689
-5.14642
-5.12815
-5.11211
-5.09627
-5.08073
-5.06465
-5.04983
-5.03863
-5.03114
-5.02905
-5.02977
-5.03093
-5.02999
-5.02908
-5.0288
-5.03089
-5.04175
-5.06115
-5.08863
-5.1234
-5.16081
-5.19713
-5.2273
-5.25101
-5.26449
-5.26836
-5.26012
-5.24065
-5.21207
-5.17325
-5.13401
-5.09731
-5.06908
-5.04824
-5.03389
-5.02555
-5.02674
-5.03875
-5.06084
-5.08994
-5.11905
-5.14462
-5.16244
-5.16879
-5.16761
-5.162
-5.15544
-5.15364
-5.15617
-5.16101
-5.1675
-5.1735
-5.17799
-5.17958
-5.1761
-5.16744
-5.15365
-5.13719
-5.11707
-5.09749
-5.07848
-5.06182
-5.04739
-5.03666
-5.0275
-5.02192
-5.01867
-5.01866
-5.02456
-5.03917
-5.05856
-5.07899
-5.09251
-5.09402
-5.08358
-5.06344
-5.0384
-5.01605
-4.99896
-4.99246
-4.99973
-5.01932
-5.04939
-5.08934
-5.1299
-5.16646
-5.19277
-5.20684
-5.20668
-5.19244
-5.16804
-5.14087
-5.11085
-5.08658
-5.06481
-5.04807
-5.03536
-5.02382
-5.01603
-5.01222
-5.01262
-5.01916
-5.03049
-5.04586
-5.06427
-5.08388
-5.10283
-5.12094
-5.13647
-5.15016
-5.15999
-5.16544
-5.16614
-5.16307
-5.15754
-5.14925
-5.14209
-5.13768
-5.1356
-5.13817
-5.14512
-5.15441
-5.1637
-5.17237
-5.17984
-5.18728
-5.1914
-5.1968
-5.20154
-5.20267
-5.19968
-5.19261
-5.18138
-5.16909
-5.15744
-5.14753
-5.14145
-5.14064
-5.14683
-5.1583
-5.17565
-5.19956
-5.2264
-5.25277
-5.27684
-5.29507
-5.30405
-5.30416
-5.2947
-5.27604
-5.24788
-5.21317
-5.17503
-5.13425
-5.09447
-5.059
-5.03038
-5.01043
-5.00004
-5.00047
-5.0074
-5.02138
-5.03859
-5.05733
-5.07904
-5.09968
-5.1186
-5.13073
-5.13676
-5.13332
-5.1228
-5.10413
-5.08093
-5.05746
-5.03638
-5.02463
-5.0237
-5.03635
-5.06159
-5.09129
-5.11902
-5.14208
-5.15664
-5.16468
-5.16808
-5.17144
-5.1762
-5.1812
-5.18856
-5.19638
-5.20486
-5.21197
-5.21661
-5.21731
-5.215
-5.20823
-5.19949
-5.1863
-5.17545
-5.16808
-5.16695
-5.17163
-5.18218
-5.19583
-5.20855
-5.21828
-5.22341
-5.22326
-5.21805
-5.20859
-5.19574
-5.18422
-5.17437
-5.16804
-5.16464
-5.16115
-5.15338
-5.13785
-5.11479
-5.08836
-5.06412
-5.05038
-5.04634
-5.04492
-5.04155
-5.03337
-5.02312
-5.00987
-4.99709
-4.98819
-4.9882
-4.99812
-5.01817
-5.04717
-5.08339
-5.12135
-5.15759
-5.19022
-5.21857
-5.24138
-5.2575
-5.26825
-5.27521
-5.27596
-5.27137
-5.26105
-5.24448
-5.22333
-5.19934
-5.17601
-5.15993
-5.15078
-5.15014
-5.15822
-5.17076
-5.18753
-5.20424
-5.2186
-5.22968
-5.23721
-5.24136
-5.24063
-5.23716
-5.22878
-5.21356
-5.19503
-5.17019
-5.14278
-5.11642
-5.09313
-5.07791
-5.07214
-5.07452
-5.08188
-5.09023
-5.0979
-5.10618
-5.11533
-5.12688
-5.13866
-5.15028
-5.16108
-5.17037
-5.17474
-5.17687
-5.17605
-5.17217
-5.16649
-5.16038
-5.15372
-5.14747
-5.14262
-5.13611
-5.12758
-5.11332
-5.096
-5.07422
-5.04959
-5.02494
-4.99978
-4.97546
-4.95495
-4.93691
-4.92292
-4.9141
-4.91516
-4.92745
-4.95498
-4.9927
-5.03792
-5.08109
-5.11775
-5.14197
-5.1534
-5.15153
-5.14003
-5.12339
-5.1051
-5.09167
-5.08456
-5.08103
-5.08076
-5.07936
-5.07654
-5.07259
-5.07138
-5.07522
-5.08538
-5.10141
-5.11976
-5.13742
-5.15271
-5.16424
-5.17063
-5.17031
-5.16424
-5.15436
-5.14432
-5.13591
-5.13432
-5.13604
-5.14005
-5.14335
-5.14174
-5.13718
-5.13048
-5.12489
-5.12277
-5.12402
-5.12826
-5.13344
-5.13673
-5.13505
-5.12999
-5.11974
-5.10538
-5.08903
-5.07241
-5.06039
-5.05088
-5.04348
-5.03974
-5.03997
-5.04472
-5.05177
-5.06106
-5.07039
-5.07887
-5.08504
-5.08999
-5.09378
-5.09666
-5.09883
-5.10153
-5.10314
-5.10446
-5.10668
-5.10816
-5.10983
-5.11364
-5.11841
-5.12403
-5.12738
-5.12812
-5.12608
-5.1221
-5.11577
-5.10958
-5.10742
-5.1087
-5.11394
-5.12385
-5.13532
-5.14568
-5.15291
-5.1567
-5.15723
-5.15527
-5.15075
-5.14776
-5.14513
-5.14602
-5.15058
-5.15578
-5.1654
-5.17799
-5.19389
-5.21256
-5.23262
-5.2516
-5.26828
-5.27893
-5.28377
-5.27899
-5.26596
-5.24441
-5.21821
-5.19006
-5.16287
-5.13955
-5.12114
-5.10928
-5.10427
-5.10515
-5.10919
-5.11641
-5.12283
-5.12679
-5.12635
-5.12175
-5.11088
-5.09539
-5.07812
-5.06322
-5.05115
-5.04619
-5.04671
-5.05289
-5.06118
-5.0698
-5.07921
-5.0899
-5.10459
-5.12128
-5.143
-5.16791
-5.19219
-5.21342
-5.22974
-5.23971
-5.24233
-5.23669
-5.22439
-5.20618
-5.18327
-5.15896
-5.133
-5.1106
-5.09051
-5.07447
-5.06312
-5.05512
-5.04943
-5.04684
-5.04267
-5.04045
-5.03772
-5.03226
-5.02555
-5.01704
-5.00948
-5.00269
-4.99834
-4.99613
-4.99745
-5.00169
-5.00806
-5.01793
-5.03032
-5.04653
-5.06874
-5.09795
-5.12992
-5.16616
-5.20194
-5.23477
-5.26156
-5.27903
-5.28578
-5.28083
-5.26438
-5.23646
-5.2012
-5.16051
-5.11876
-5.08132
-5.05074
-5.03091
-5.02296
-5.02723
-5.04248
-5.06476
-5.08793
-5.11111
-5.12977
-5.14179
-5.14632
-5.14505
-5.13815
-5.12741
-5.11444
-5.0964
-5.07512
-5.05297
-5.03107
-5.0138
-5.00498
-5.00809
-5.02101
-5.03923
-5.05969
-5.0755
-5.0874
-5.09508
-5.09846
-5.10454
-5.10837
-5.11448
-5.1222
-5.13086
-5.14157
-5.15186
-5.15959
-5.1638
-5.16354
-5.15819
-5.14875
-5.13451
-5.11589
-5.09282
-5.06959
-5.04509
-5.02417
-5.00765
-4.99721
-4.99198
-4.99451
-5.00241
-5.01678
-5.03654
-5.06095
-5.08719
-5.11358
-5.1369
-5.15616
-5.17132
-5.18428
-5.19432
-5.20342
-5.21164
-5.21676
-5.21702
-5.21096
-5.20032
-5.18549
-5.17116
-5.15818
-5.14954
-5.14531
-5.13976
-5.13562
-5.12949
-5.12305
-5.11777
-5.1156
-5.11763
-5.12287
-5.13314
-5.14435
-5.15608
-5.16908
-5.18105
-5.19127
-5.19781
-5.20062
-5.20075
-5.19755
-5.19155
-5.1813
-5.16657
-5.14797
-5.1263
-5.10316
-5.08101
-5.06255
-5.04842
-5.04001
-5.03675
-5.03739
-5.04295
-5.05005
-5.06121
-5.07857
-5.09747
-5.11424
-5.12354
-5.127
-5.12343
-5.11438
-5.10442
-5.0969
-5.09144
-5.08907
-5.0873
-5.08818
-5.09014
-5.09401
-5.10039
-5.10777
-5.11593
-5.12274
-5.12796
-5.13194
-5.13311
-5.13237
-5.13045
-5.12639
-5.12289
-5.11786
-5.11232
-5.11112
-5.11281
-5.11858
-5.13006
-5.14567
-5.16566
-5.1876
-5.20885
-5.22629
-5.23538
-5.23708
-5.2283
-5.21187
-5.18872
-5.1604
-5.12929
-5.09864
-5.07281
-5.05605
-5.05359
-5.06304
-5.08437
-5.11256
-5.14039
-5.16668
-5.18857
-5.20477
-5.21464
-5.21685
-5.20983
-5.19383
-5.16942
-5.14066
-5.10991
-5.08285
-5.06359
-5.0543
-5.05863
-5.07151
-5.08841
-5.10727
-5.1227
-5.13456
-5.14084
-5.1411
-5.13845
-5.1325
-5.12509
-5.11608
-5.1043
-5.09233
-5.08247
-5.07671
-5.07889
-5.08922
-5.10683
-5.12977
-5.15428
-5.17726
-5.19521
-5.20828
-5.21627
-5.21982
-5.21966
-5.21679
-5.20936
-5.19859
-5.18342
-5.16405
-5.14225
-5.12073
-5.10259
-5.09186
-5.09207
-5.10498
-5.12796
-5.15587
-5.18623
-5.2144
-5.23678
-5.25192
-5.25875
-5.25429
-5.24108
-5.21868
-5.18834
-5.1513
-5.11238
-5.07452
-5.04139
-5.01821
-5.00473
-4.9989
-5.00084
-5.00892
-5.02214
-5.04084
-5.06449
-5.08977
-5.11191
-5.12727
-5.13363
-5.12883
-5.11563
-5.09535
-5.07298
-5.05186
-5.0369
-5.03078
-5.03252
-5.04133
-5.05551
-5.06954
-5.08248
-5.0931
-5.09732
-5.09476
-5.08792
-5.07918
-5.06825
-5.06083
-5.06286
-5.0753
-5.0966
-5.12264
-5.14849
-5.16958
-5.18495
-5.19293
-5.19495
-5.19219
-5.18845
-5.18303
-5.18046
-5.17995
-5.18335
-5.18997
-5.19937
-5.20966
-5.21964
-5.22824
-5.23425
-5.23601
-5.23573
-5.23449
-5.2295
-5.21994
-5.20399
-5.18136
-5.15252
-5.12074
-5.08807
-5.0612
-5.03922
-5.02704
-5.02093
-5.02282
-5.0306
-5.04424
-5.05941
-5.07615
-5.09308
-5.10811
-5.12071
-5.13153
-5.13637
-5.13604
-5.13123
-5.12488
-5.11712
-5.10869
-5.10233
-5.09495
-5.0876
-5.08236
-5.07873
-5.0774
-5.07775
-5.08036
-5.08539
-5.09099
-5.09443
-5.09175
-5.08255
-5.07003
-5.05932
-5.05173
-5.05016
-5.05428
-5.0628
-5.07476
-5.09009
-5.106
-5.12184
-5.13405
-5.14305
-5.14866
-5.15026
-5.1516
-5.15337
-5.15493
-5.15507
-5.1547
-5.15063
-5.1461
-5.1433
-5.1449
-5.15447
-5.17167
-5.19441
-5.21885
-5.23879
-5.25047
-5.25323
-5.24583
-5.2304
-5.20633
-5.1804
-5.15475
-5.13277
-5.11845
-5.11384
-5.11737
-5.12592
-5.14007
-5.1556
-5.16849
-5.18172
-5.19087
-5.19446
-5.19355
-5.187
-5.17671
-5.16427
-5.15286
-5.14365
-5.13762
-5.13714
-5.14094
-5.14964
-5.15728
-5.16366
-5.16512
-5.16157
-5.15287
-5.14342
-5.13634
-5.13521
-5.14267
-5.15684
-5.17567
-5.19555
-5.21195
-5.22224
-5.2275
-5.2308
-5.23299
-5.23557
-5.2365
-5.23093
-5.21601
-5.19198
-5.16177
-5.1332
-5.11422
-5.10523
-5.10132
-5.09941
-5.09866
-5.10029
-5.10488
-5.11351
-5.1251
-5.1411
-5.15957
-5.1799
-5.20047
-5.21754
-5.22999
-5.23292
-5.22475
-5.20713
-5.18141
-5.15208
-5.12337
-5.1012
-5.0874
-5.08445
-5.0913
-5.10549
-5.12224
-5.1385
-5.15152
-5.16032
-5.16431
-5.16476
-5.1623
-5.15571
-5.15009
-5.14698
-5.14644
-5.14863
-5.15366
-5.16229
-5.17061
-5.17904
-5.18747
-5.19338
-5.19878
-5.20461
-5.21042
-5.21766
-5.22534
-5.23185
-5.23697
-5.23903
-5.23889
-5.23532
-5.22844
-5.21871
-5.20802
-5.19656
-5.18522
-5.17292
-5.16216
-5.15154
-5.14127
-5.13395
-5.12993
-5.1283
-5.13026
-5.13322
-5.13774
-5.14289
-5.14732
-5.14954
-5.14799
-5.14337
-5.13647
-5.12848
-5.1213
-5.11594
-5.1136
-5.11409
-5.11844
-5.12386
-5.12775
-5.13141
-5.1368
-5.14245
-5.15067
-5.15975
-5.16809
-5.17253
-5.17007
-5.16236
-5.14876
-5.12815
-5.10356
-5.07628
-5.0468
-5.02028
-4.99796
-4.98222
-4.97317
-4.96902
-4.97032
-4.97273
-4.97523
-4.97712
-4.97831
-4.97823
-4.97959
-4.98467
-4.9944
-5.0102
-5.02923
-5.05204
-5.07558
-5.09689
-5.11341
-5.12179
-5.12313
-5.1169
-5.10476
-5.08825
-5.06875
-5.0491
-5.03181
-5.02058
-5.01549
-5.01477
-5.01807
-5.0254
-5.0348
-5.04624
-5.05871
-5.07165
-5.08366
-5.09358
-5.10086
-5.10339
-5.10225
-5.09544
-5.08692
-5.07482
-5.06259
-5.05231
-5.04325
-5.03874
-5.0358
-5.03806
-5.04412
-5.0555
-5.07244
-5.09387
-5.116
-5.14059
-5.16385
-5.18414
-5.2011
-5.21248
-5.21762
-5.21728
-5.21176
-5.19809
-5.17836
-5.15453
-5.12586
-5.0966
-5.07056
-5.05072
-5.03679
-5.03257
-5.03628
-5.04658
-5.05988
-5.07438
-5.08683
-5.09634
-5.10119
-5.10137
-5.09802
-5.0931
-5.08507
-5.07706
-5.07047
-5.06444
-5.06159
-5.0598
-5.0587
-5.05842
-5.05675
-5.05659
-5.0564
-5.05654
-5.05828
-5.06365
-5.0719
-5.08281
-5.09306
-5.10139
-5.10429
-5.10318
-5.09838
-5.08757
-5.07441
-5.0602
-5.04735
-5.03762
-5.03002
-5.02757
-5.0304
-5.03838
-5.05169
-5.06791
-5.08893
-5.11075
-5.13494
-5.15746
-5.17738
-5.19237
-5.20316
-5.20692
-5.20511
-5.19859
-5.19112
-5.1838
-5.18133
-5.18182
-5.18872
-5.19753
-5.2065
-5.21251
-5.21367
-5.20812
-5.19668
-5.18076
-5.16258
-5.14479
-5.13099
-5.1243
-5.12398
-5.12977
-5.13682
-5.14142
-5.14191
-5.13503
-5.12472
-5.11201
-5.0984
-5.08446
-5.07385
-5.06422
-5.05792
-5.05138
-5.04598
-5.04328
-5.04518
-5.05579
-5.07371
-5.10116
-5.13362
-5.16763
-5.20128
-5.22827
-5.24912
-5.26267
-5.26725
-5.26438
-5.25372
-5.23738
-5.21727
-5.19508
-5.17277
-5.15536
-5.14553
-5.14629
-5.15558
-5.16939
-5.18364
-5.19371
-5.19723
-5.19132
-5.18009
-5.16337
-5.14254
-5.12184
-5.10004
-5.07926
-5.06369
-5.05053
-5.03957
-5.03018
-5.02321
-5.01833
-5.01581
-5.01757
-5.02471
-5.03633
-5.0524
-5.07214
-5.09227
-5.11125
-5.12793
-5.1417
-5.15184
-5.16071
-5.1682
-5.17876
-5.19004
-5.19837
-5.20267
-5.19768
-5.18265
-5.15766
-5.12766
-5.09801
-5.07366
-5.06033
-5.05894
-5.06769
-5.08256
-5.10147
-5.1206
-5.13692
-5.15043
-5.15887
-5.16016
-5.15507
-5.14095
-5.12332
-5.10084
-5.07969
-5.05847
-5.03942
-5.02111
-5.00607
-5.00183
-5.01126
-5.02763
-5.04629
-5.06016
-5.06938
-5.07603
-5.08234
-5.09118
-5.10223
-5.11542
-5.13023
-5.14317
-5.15403
-5.16451
-5.17099
-5.1742
-5.17323
-5.16967
-5.16137
-5.15426
-5.1522
-5.15863
-5.17374
-5.1937
-5.21448
-5.22611
-5.23019
-5.22755
-5.21639
-5.20244
-5.18695
-5.17001
-5.15524
-5.1448
-5.13915
-5.1381
-5.13909
-5.14031
-5.13778
-5.12938
-5.11863
-5.10539
-5.09233
-5.0807
-5.07235
-5.06599
-5.06122
-5.05754
-5.0567
-5.05826
-5.06011
-5.06481
-5.0685
-5.07298
-5.07708
-5.08245
-5.08955
-5.09948
-5.11142
-5.12395
-5.13638
-5.14848
-5.15975
-5.17187
-5.1811
-5.18761
-5.19061
-5.18918
-5.18215
-5.17177
-5.15621
-5.13971
-5.12104
-5.10613
-5.09484
-5.08828
-5.08482
-5.08452
-5.08385
-5.08278
-5.08183
-5.07976
-5.0779
-5.07547
-5.07572
-5.07578
-5.07656
-5.079
-5.08204
-5.08573
-5.08963
-5.09159
-5.09125
-5.0902
-5.08759
-5.08588
-5.08421
-5.0835
-5.08436
-5.08544
-5.08584
-5.08457
-5.08426
-5.08343
-5.08273
-5.08528
-5.08958
-5.09807
-5.10953
-5.12312
-5.13672
-5.15197
-5.16547
-5.17792
-5.18877
-5.19747
-5.20493
-5.20948
-5.21084
-5.20935
-5.20555
-5.19709
-5.18378
-5.16767
-5.14856
-5.12975
-5.11505
-5.10612
-5.10576
-5.11592
-5.13398
-5.15776
-5.185
-5.21342
-5.23736
-5.25641
-5.26744
-5.27155
-5.26775
-5.25927
-5.2478
-5.23833
-5.2303
-5.22508
-5.22528
-5.2294
-5.23274
-5.23413
-5.23331
-5.229
-5.21999
-5.20841
-5.19462
-5.18158
-5.17197
-5.16576
-5.16466
-5.16711
-5.17229
-5.1746
-5.17307
-5.16443
-5.15057
-5.13012
-5.10522
-5.07954
-5.054
-5.03352
-5.01867
-5.01144
-5.0098
-5.01251
-5.01615
-5.01932
-5.02117
-5.02078
-5.02104
-5.02297
-5.02882
-5.03954
-5.05294
-5.06827
-5.08238
-5.09472
-5.10256
-5.107
-5.10913
-5.11068
-5.11663
-5.12672
-5.14235
-5.1638
-5.1884
-5.21229
-5.23307
-5.24942
-5.25841
-5.25937
-5.25235
-5.24013
-5.22273
-5.20332
-5.18588
-5.17054
-5.15969
-5.1538
-5.15098
-5.1477
-5.14338
-5.13952
-5.13469
-5.13398
-5.13584
-5.14186
-5.1521
-5.16423
-5.17619
-5.18434
-5.18663
-5.18237
-5.17103
-5.15362
-5.12968
-5.10439
-5.08066
-5.06326
-5.05241
-5.05123
-5.05911
-5.0728
-5.09112
-5.11104
-5.13303
-5.15177
-5.16755
-5.17843
-5.18652
-5.18737
-5.18321
-5.17259
-5.15912
-5.14416
-5.13119
-5.12064
-5.11604
-5.11608
-5.11917
-5.12534
-5.13287
-5.14064
-5.14798
-5.15347
-5.15739
-5.15689
-5.15135
-5.1406
-5.12439
-5.10567
-5.08872
-5.0752
-5.06855
-5.07137
-5.0842
-5.10495
-5.12887
-5.15124
-5.16918
-5.17924
-5.18006
-5.17276
-5.15914
-5.14076
-5.12262
-5.10781
-5.09794
-5.09265
-5.09034
-5.0914
-5.09403
-5.09603
-5.09666
-5.09524
-5.09284
-5.09034
-5.08777
-5.08506
-5.08445
-5.08434
-5.08443
-5.08343
-5.08089
-5.07807
-5.07447
-5.07253
-5.07257
-5.07562
-5.0817
-5.08899
-5.09758
-5.10547
-5.11047
-5.11109
-5.10815
-5.10171
-5.09338
-5.0817
-5.06789
-5.05051
-5.03083
-5.00873
-4.98622
-4.96388
-4.94504
-4.93404
-4.93252
-4.94167
-4.95948
-4.98228
-5.00588
-5.02562
-5.03856
-5.04443
-5.04
-5.02866
-5.01285
-4.99562
-4.98174
-4.97352
-4.97294
-4.97611
-4.9847
-4.99323
-5.00142
-5.00651
-5.01025
-5.01505
-5.02033
-5.03004
-5.04596
-5.06672
-5.0904
-5.11282
-5.12952
-5.13778
-5.13989
-5.13515
-5.12566
-5.11187
-5.09855
-5.08584
-5.07557
-5.06781
-5.06686
-5.07247
-5.08542
-5.10417
-5.12571
-5.14605
-5.16349
-5.17423
-5.18063
-5.18443
-5.18728
-5.18995
-5.19055
-5.18765
-5.18222
-5.17545
-5.17068
-5.1662
-5.16378
-5.16136
-5.15825
-5.15396
-5.14828
-5.14223
-5.1394
-5.14061
-5.14527
-5.15286
-5.16065
-5.16505
-5.16547
-5.162
-5.15514
-5.14453
-5.13325
-5.12205
-5.11336
-5.10639
-5.10026
-5.09628
-5.0954
-5.09678
-5.10363
-5.11352
-5.12457
-5.13788
-5.15157
-5.1606
-5.16883
-5.1746
-5.17594
-5.1744
-5.17181
-5.1693
-5.16687
-5.16837
-5.1729
-5.17735
-5.18167
-5.18446
-5.18277
-5.17786
-5.16929
-5.15914
-5.14533
-5.12809
-5.10896
-5.08556
-5.05595
-5.0211
-4.98416
-4.94932
-4.92018
-4.90094
-4.89406
-4.90067
-4.91712
-4.94244
-4.97248
-5.00571
-5.03866
-5.06957
-5.09886
-5.12349
-5.14198
-5.15368
-5.1557
-5.14955
-5.13595
-5.11799
-5.09939
-5.08302
-5.07263
-5.06974
-5.07527
-5.08831
-5.10865
-5.13277
-5.15506
-5.17602
-5.18871
-5.19274
-5.18724
-5.17504
-5.15902
-5.14299
-5.12966
-5.12154
-5.12123
-5.12596
-5.13559
-5.14692
-5.15567
-5.16003
-5.15625
-5.1458
-5.12851
-5.10739
-5.08511
-5.0646
-5.04821
-5.03548
-5.03062
-5.02912
-5.03081
-5.03445
-5.04054
-5.04894
-5.06081
-5.07602
-5.09494
-5.11551
-5.13472
-5.15298
-5.16572
-5.17176
-5.17079
-5.1624
-5.14888
-5.13186
-5.11345
-5.09682
-5.08507
-5.07577
-5.07116
-5.0727
-5.07751
-5.08526
-5.09539
-5.10501
-5.11015
-5.10869
-5.10021
-5.08676
-5.0706
-5.05453
-5.03961
-5.02632
-5.01282
-5.002
-4.99636
-4.99618
-5.00298
-5.01708
-5.03797
-5.06154
-5.08621
-5.10786
-5.12642
-5.14112
-5.1525
-5.16029
-5.16418
-5.16796
-5.16911
-5.16962
-5.16968
-5.171
-5.17267
-5.17419
-5.17633
-5.17681
-5.17527
-5.17213
-5.16896
-5.16386
-5.16048
-5.15705
-5.15515
-5.15637
-5.15879
-5.16434
-5.17134
-5.17974
-5.18906
-5.19789
-5.20788
-5.21619
-5.22067
-5.22346
-5.22181
-5.21558
-5.20588
-5.19249
-5.17519
-5.15562
-5.13603
-5.11772
-5.10396
-5.09748
-5.09735
-5.10126
-5.10815
-5.11198
-5.11508
-5.11618
-5.11922
-5.12434
-5.13166
-5.14141
-5.14918
-5.15759
-5.16298
-5.16693
-5.17054
-5.17391
-5.17973
-5.18701
-5.1984
-5.21143
-5.22451
-5.23696
-5.24479
-5.24625
-5.24181
-5.23152
-5.21587
-5.19766
-5.17809
-5.15814
-5.13727
-5.11877
-5.10038
-5.08166
-5.0659
-5.05624
-5.05072
-5.04969
-5.04916
-5.04604
-5.03816
-5.02286
-5.00073
-4.97412
-4.94941
-4.93178
-4.92501
-4.92939
-4.9435
-4.96261
-4.98092
-4.99748
-5.01049
-5.02065
-5.02849
-5.03744
-5.04536
-5.05664
-5.06848
-5.081
-5.09669
-5.11436
-5.13277
-5.15155
-5.16787
-5.18127
-5.18959
-5.19416
-5.19115
-5.18234
-5.16737
-5.14875
-5.12554
-5.1032
-5.08601
-5.07312
-5.06511
-5.06092
-5.06013
-5.05863
-5.058
-5.05406
-5.04766
-5.04038
-5.03452
-5.03221
-5.03228
-5.03818
-5.04909
-5.063
-5.07775
-5.0934
-5.10859
-5.12263
-5.13194
-5.13141
-5.12287
-5.10841
-5.09394
-5.08171
-5.07534
-5.07384
-5.07645
-5.08038
-5.08661
-5.09414
-5.10062
-5.10509
-5.10686
-5.10552
-5.0987
-5.08778
-5.0736
-5.05911
-5.0419
-5.02527
-5.01134
-5.00395
-5.00463
-5.01318
-5.03133
-5.05259
-5.07649
-5.09922
-5.11997
-5.13907
-5.15617
-5.16838
-5.1786
-5.1871
-5.19172
-5.19164
-5.18702
-5.17645
-5.16045
-5.14077
-5.12039
-5.10175
-5.08494
-5.07188
-5.0599
-5.04871
-5.0352
-5.01966
-5.00596
-4.99935
-5.00062
-5.01311
-5.03518
-5.06509
-5.09826
-5.13299
-5.16517
-5.19623
-5.22218
-5.23976
-5.24929
-5.24794
-5.23452
-5.2118
-5.18013
-5.14632
-5.11237
-5.08145
-5.05732
-5.042
-5.03765
-5.04359
-5.05854
-5.07874
-5.10074
-5.12283
-5.14008
-5.15187
-5.15573
-5.1531
-5.14368
-5.12747
-5.1094
-5.09305
-5.08134
-5.07592
-5.07767
-5.08429
-5.0962
-5.10808
-5.11612
-5.1195
-5.1155
-5.10757
-5.09568
-5.0813
-5.06881
-5.05961
-5.05722
-5.06231
-5.07075
-5.07901
-5.08609
-5.08966
-5.08976
-5.08999
-5.09378
-5.10543
-5.12319
-5.14315
-5.16252
-5.17881
-5.18826
-5.19094
-5.18877
-5.18253
-5.17316
-5.16271
-5.15663
-5.15405
-5.15544
-5.1555
-5.15291
-5.14668
-5.1369
-5.12545
-5.11333
-5.1041
-5.1012
-5.10628
-5.11928
-5.13747
-5.15746
-5.17345
-5.18459
-5.18576
-5.17581
-5.15723
-5.13462
-5.10987
-5.08915
-5.07665
-5.07303
-5.07658
-5.08573
-5.09729
-5.10686
-5.11509
-5.11975
-5.11642
-5.10799
-5.0961
-5.08287
-5.07021
-5.0566
-5.04219
-5.02786
-5.01795
-5.01359
-5.01793
-5.03213
-5.05575
-5.08355
-5.11245
-5.139
-5.15813
-5.16668
-5.16502
-5.15436
-5.13749
-5.11547
-5.09099
-5.06641
-5.04514
-5.02994
-5.02242
-5.02602
-5.04078
-5.06419
-5.09401
-5.12602
-5.15627
-5.18241
-5.20155
-5.21311
-5.21855
-5.21853
-5.21511
-5.20987
-5.20544
-5.20045
-5.19636
-5.19188
-5.18451
-5.17361
-5.15658
-5.13393
-5.10675
-5.07956
-5.05539
-5.03665
-5.02769
-5.02913
-5.0403
-5.05695
-5.07556
-5.09143
-5.10086
-5.10284
-5.09719
-5.08626
-5.0781
-5.07657
-5.08477
-5.09951
-5.11745
-5.13462
-5.1493
-5.15946
-5.16282
-5.15935
-5.15156
-5.14188
-5.13274
-5.12676
-5.12454
-5.12452
-5.12594
-5.12978
-5.13691
-5.14661
-5.1607
-5.17636
-5.1923
-5.20819
-5.22209
-5.23349
-5.24148
-5.24737
-5.2491
-5.24734
-5.24147
-5.23311
-5.22017
-5.20368
-5.18619
-5.16747
-5.14924
-5.13289
-5.11879
-5.10772
-5.09794
-5.0871
-5.07583
-5.06315
-5.05098
-5.04151
-5.03649
-5.03511
-5.03891
-5.04312
-5.04937
-5.0568
-5.06394
-5.06941
-5.074
-5.07608
-5.07536
-5.07224
-5.06738
-5.06238
-5.0567
-5.05226
-5.04748
-5.04549
-5.04592
-5.04584
-5.04737
-5.04929
-5.05193
-5.05687
-5.06494
-5.07642
-5.09029
-5.10873
-5.12941
-5.15129
-5.17399
-5.19106
-5.20326
-5.21081
-5.21192
-5.20872
-5.20285
-5.19504
-5.1868
-5.17662
-5.16528
-5.15353
-5.14
-5.12412
-5.10602
-5.08598
-5.06381
-5.04017
-5.0182
-5.00259
-4.9965
-4.99755
-5.00757
-5.02571
-5.05017
-5.0789
-5.10989
-5.14089
-5.16861
-5.1922
-5.20976
-5.21957
-5.22179
-5.2188
-5.21705
-5.21937
-5.22596
-5.23433
-5.23995
-5.24165
-5.24041
-5.23777
-5.23419
-5.22942
-5.22311
-5.21733
-5.21278
-5.20683
-5.2003
-5.19201
-5.18011
-5.16457
-5.14417
-5.12154
-5.09762
-5.0743
-5.05436
-5.04091
-5.03398
-5.03271
-5.03779
-5.04696
-5.05739
-5.06899
-5.07991
-5.08919
-5.09685
-5.10505
-5.11415
-5.12279
-5.13056
-5.13583
-5.13893
-5.13796
-5.13416
-5.12764
-5.12064
-5.11284
-5.10472
-5.09693
-5.08996
-5.085
-5.07919
-5.07294
-5.06646
-5.06024
-5.05472
-5.05235
-5.05108
-5.05432
-5.05938
-5.06517
-5.07338
-5.08188
-5.09183
-5.10179
-5.11142
-5.11922
-5.12666
-5.13324
-5.14106
-5.14882
-5.15812
-5.17066
-5.1857
-5.20515
-5.22664
-5.24647
-5.2602
-5.26575
-5.25909
-5.24311
-5.22083
-5.19341
-5.16132
-5.12962
-5.09874
-5.07161
-5.05379
-5.04551
-5.04778
-5.0567
-5.07478
-5.09795
-5.12303
-5.14773
-5.16946
-5.18191
-5.18635
-5.18242
-5.16775
-5.14732
-5.12293
-5.09955
-5.0797
-5.06652
-5.06288
-5.06547
-5.07413
-5.08295
-5.08647
-5.08418
-5.07504
-5.06079
-5.04791
-5.03921
-5.03882
-5.04745
-5.06467
-5.08581
-5.10728
-5.12426
-5.13593
-5.14241
-5.14358
-5.14073
-5.13513
-5.12766
-5.11749
-5.11005
-5.10638
-5.10916
-5.11908
-5.13457
-5.15139
-5.16675
-5.17724
-5.18073
-5.17944
-5.17312
-5.16538
-5.15978
-5.1565
-5.1559
-5.15775
-5.15795
-5.15574
-5.14966
-5.14047
-5.12803
-5.11368
-5.09724
-5.0823
-5.07024
-5.06199
-5.05894
-5.06198
-5.07055
-5.08018
-5.08974
-5.09761
-5.10238
-5.10538
-5.10668
-5.10854
-5.1109
-5.11291
-5.11367
-5.112
-5.10952
-5.10774
-5.10411
-5.10267
-5.09977
-5.09452
-5.0887
-5.07971
-5.06996
-5.05888
-5.04792
-5.04077
-5.03834
-5.04032
-5.04831
-5.0622
-5.08149
-5.10471
-5.12967
-5.153
-5.17324
-5.18819
-5.19784
-5.20211
-5.20117
-5.19581
-5.18816
-5.17924
-5.16907
-5.15856
-5.14909
-5.14124
-5.13424
-5.12933
-5.12605
-5.12437
-5.12345
-5.12178
-5.12084
-5.12123
-5.12505
-5.13253
-5.14378
-5.15827
-5.17162
-5.18014
-5.18203
-5.1755
-5.16115
-5.1398
-5.11235
-5.07859
-5.04047
-5.00233
-4.96746
-4.93896
-4.92194
-4.92003
-4.93397
-4.96162
-4.99905
-5.03997
-5.0815
-5.11728
-5.14497
-5.16142
-5.17014
-5.17072
-5.16563
-5.15695
-5.14741
-5.14059
-5.13669
-5.13866
-5.144
-5.15079
-5.15741
-5.16264
-5.16455
-5.1616
-5.15486
-5.14597
-5.1348
-5.12193
-5.10924
-5.09823
-5.08949
-5.08404
-5.08246
-5.08343
-5.08466
-5.08692
-5.08711
-5.08862
-5.0895
-5.0869
-5.08447
-5.08236
-5.08281
-5.0859
-5.09488
-5.10647
-5.11909
-5.13063
-5.14117
-5.1463
-5.14665
-5.14333
-5.13494
-5.12431
-5.11123
-5.09586
-5.07823
-5.06002
-5.0418
-5.02394
-5.00847
-4.99897
-4.99873
-5.00878
-5.02784
-5.05436
-5.08692
-5.11955
-5.15053
-5.17629
-5.19698
-5.21195
-5.22111
-5.22387
-5.21957
-5.20825
-5.18925
-5.16332
-5.13097
-5.09385
-5.05535
-5.01733
-4.98224
-4.95132
-4.92622
-4.90608
-4.89177
-4.88558
-4.88902
-4.90253
-4.92405
-4.95252
-4.98504
-5.018
-5.04952
-5.07865
-5.10297
-5.1206
-5.13277
-5.13872
-5.13996
-5.13806
-5.13459
-5.12922
-5.12273
-5.11383
-5.10539
-5.09551
-5.08689
-5.07564
-5.06081
-5.04165
-5.01621
-4.98951
-4.9666
-4.95361
-4.95212
-4.96421
-4.98591
-5.01529
-5.0473
-5.08163
-5.11486
-5.14703
-5.17662
-5.20309
-5.2244
-5.24079
-5.24905
-5.24977
-5.24122
-5.22452
-5.20294
-5.17659
-5.15166
-5.13155
-5.11772
-5.10907
-5.10563
-5.10499
-5.10541
-5.10406
-5.09977
-5.09393
-5.08809
-5.08464
-5.08538
-5.09174
-5.1046
-5.12224
-5.14235
-5.16187
-5.1783
-5.19113
-5.19885
-5.20069
-5.19831
-5.19494
-5.19197
-5.19191
-5.19602
-5.20404
-5.21567
-5.22816
-5.23955
-5.24785
-5.25213
-5.25057
-5.24577
-5.23574
-5.22546
-5.21354
-5.20017
-5.18865
-5.17551
-5.16284
-5.1511
-5.14024
-5.13113
-5.12653
-5.12707
-5.13325
-5.1443
-5.1585
-5.17525
-5.18947
-5.19826
-5.19881
-5.18822
-5.16796
-5.13995
-5.1085
-5.08051
-5.06246
-5.05899
-5.0705
-5.09042
-5.11491
-5.13913
-5.16141
-5.17771
-5.18572
-5.18683
-5.1788
-5.16627
-5.15176
-5.1359
-5.12324
-5.11494
-5.1126
-5.11512
-5.12147
-5.13002
-5.13794
-5.14571
-5.15278
-5.16023
-5.16799
-5.17468
-5.17922
-5.18183
-5.17933
-5.17189
-5.16004
-5.14323
-5.12215
-5.09963
-5.07895
-5.06148
-5.04805
-5.0417
-5.03999
-5.04455
-5.05486
-5.07054
-5.09039
-5.11037
-5.12763
-5.13888
-5.14602
-5.14962
-5.14914
-5.14457
-5.139
-5.13219
-5.12675
-5.12434
-5.12608
-5.13325
-5.14686
-5.16465
-5.18116
-5.19481
-5.20357
-5.20329
-5.19308
-5.17483
-5.15163
-5.12578
-5.10321
-5.08456
-5.07469
-5.07413
-5.08019
-5.08949
-5.0987
-5.10453
-5.10518
-5.10258
-5.10107
-5.10283
-5.11141
-5.12479
-5.1441
-5.16573
-5.1838
-5.19597
-5.20263
-5.20272
-5.19734
-5.18606
-5.17084
-5.15399
-5.13562
-5.11972
-5.11035
-5.11118
-5.12052
-5.13821
-5.15896
-5.17927
-5.19697
-5.20626
-5.20629
-5.19596
-5.17773
-5.15445
-5.12895
-5.10724
-5.09257
-5.08382
-5.08244
-5.08417
-5.08734
-5.08917
-5.08748
-5.08349
-5.07552
-5.06801
-5.06366
-5.06653
-5.07592
-5.09274
-5.11148
-5.13094
-5.14613
-5.15617
-5.15904
-5.15671
-5.15048
-5.14122
-5.13036
-5.11962
-5.10876
-5.09763
-5.08804
-5.07785
-5.06955
-5.05975
-5.0503
-5.04005
-5.02953
-5.01366
-4.99643
-4.9793
-4.96645
-4.96512
-4.97697
-4.99714
-5.02084
-5.04221
-5.05675
-5.0638
-5.06529
-5.06424
-5.06296
-5.0656
-5.07441
-5.09173
-5.11765
-5.14755
-5.17926
-5.2086
-5.23067
-5.24333
-5.24605
-5.23927
-5.22341
-5.19999
-5.17171
-5.14411
-5.11707
-5.09264
-5.07152
-5.053
-5.03483
-5.01949
-5.00716
-4.9994
-4.9963
-4.99766
-5.00424
-5.01244
-5.02391
-5.03746
-5.0537
-5.07236
-5.0933
-5.11375
-5.13521
-5.15452
-5.17226
-5.1869
-5.2004
-5.21165
-5.22196
-5.229
-5.23553
-5.2415
-5.24507
-5.24581
-5.24515
-5.24497
-5.24376
-5.23986
-5.23553
-5.22916
-5.21893
-5.20314
-5.18498
-5.16444
-5.14484
-5.12717
-5.11023
-5.09387
-5.0755
-5.05735
-5.03617
-5.01496
-4.99603
-4.98121
-4.97216
-4.9702
-4.97403
-4.97995
-4.98658
-4.99687
-5.00857
-5.02333
-5.03989
-5.05653
-5.07236
-5.08424
-5.09243
-5.09517
-5.09458
-5.09153
-5.08782
-5.08608
-5.08846
-5.09784
-5.11281
-5.13123
-5.15264
-5.1748
-5.19551
-5.21316
-5.22441
-5.23009
-5.23004
-5.22502
-5.21578
-5.20374
-5.1891
-5.17496
-5.15945
-5.14276
-5.12588
-5.10765
-5.09267
-5.08251
-5.07745
-5.07926
-5.08593
-5.09856
-5.11438
-5.13144
-5.14814
-5.16256
-5.17586
-5.18797
-5.19826
-5.20574
-5.21141
-5.21196
-5.20881
-5.20035
-5.18864
-5.17224
-5.15428
-5.13613
-5.12188
-5.11225
-5.1074
-5.10443
-5.10441
-5.10643
-5.10927
-5.11413
-5.12037
-5.1267
-5.13203
-5.13583
-5.14207
-5.15228
-5.16642
-5.18495
-5.20334
-5.22044
-5.23246
-5.23718
-5.23509
-5.22703
-5.21134
-5.19128
-5.16529
-5.13574
-5.10616
-5.08029
-5.05915
-5.04385
-5.03329
-5.0278
-5.02334
-5.01801
-5.01298
-5.00562
-4.99988
-4.99645
-4.99606
-4.99995
-5.00486
-5.01196
-5.02062
-5.02896
-5.03595
-5.04105
-5.04396
-5.04139
-5.03278
-5.01863
-5.00314
-4.99043
-4.98561
-4.98832
-4.99565
-5.00497
-5.0113
-5.01215
-5.01021
-5.00606
-5.00261
-5.00167
-5.00799
-5.02041
-5.03677
-5.05256
-5.06669
-5.07946
-5.08746
-5.09296
-5.09669
-5.103
-5.11046
-5.11571
-5.12158
-5.12452
-5.12271
-5.11459
-5.09943
-5.07877
-5.05484
-5.0316
-5.00973
-4.99207
-4.97933
-4.97006
-4.96812
-4.97073
-4.97819
-4.98945
-5.00269
-5.0166
-5.0314
-5.0464
-5.06024
-5.07335
-5.0836
-5.09247
-5.09947
-5.10528
-5.11141
-5.12024
-5.1324
-5.14487
-5.15982
-5.17292
-5.18198
-5.18688
-5.18654
-5.18222
-5.17411
-5.16046
-5.14162
-5.12252
-5.10932
-5.10948
-5.12179
-5.14139
-5.15946
-5.1725
-5.17876
-5.17683
-5.16872
-5.15559
-5.13985
-5.12402
-5.11218
-5.10609
-5.10719
-5.1129
-5.12183
-5.13059
-5.13846
-5.14596
-5.15142
-5.15552
-5.15671
-5.15168
-5.14008
-5.12229
-5.09852
-5.07365
-5.04962
-5.02874
-5.01199
-5.00228
-5.00031
-5.00644
-5.02099
-5.04254
-5.06782
-5.09439
-5.12015
-5.14469
-5.16909
-5.18836
-5.20222
-5.21081
-5.21366
-5.21143
-5.20741
-5.20672
-5.21103
-5.21837
-5.2248
-5.22398
-5.21469
-5.19711
-5.17519
-5.14946
-5.1253
-5.10443
-5.08867
-5.07896
-5.07239
-5.07009
-5.0678
-5.06453
-5.05998
-5.05455
-5.05187
-5.05324
-5.05943
-5.06903
-5.07938
-5.08766
-5.09331
-5.0966
-5.0986
-5.10046
-5.10253
-5.10677
-5.11554
-5.12772
-5.14363
-5.15803
-5.16887
-5.17481
-5.17243
-5.15921
-5.1388
-5.11388
-5.08954
-5.06699
-5.04926
-5.03546
-5.02537
-5.01902
-5.0163
-5.01984
-5.02845
-5.04297
-5.05969
-5.07372
-5.08378
-5.089
-5.08955
-5.08683
-5.0821
-5.07937
-5.07882
-5.08379
-5.09602
-5.11539
-5.13885
-5.16295
-5.1835
-5.2023
-5.21726
-5.22902
-5.23725
-5.24258
-5.24577
-5.24763
-5.24803
-5.24497
-5.24046
-5.23136
-5.21705
-5.19753
-5.1749
-5.14851
-5.12141
-5.0971
-5.07668
-5.0585
-5.04661
-5.03908
-5.03473
-5.03242
-5.03147
-5.03083
-5.03072
-5.03182
-5.03486
-5.04234
-5.05256
-5.06826
-5.09021
-5.11635
-5.14355
-5.17218
-5.19724
-5.21771
-5.22918
-5.23071
-5.22112
-5.20283
-5.18047
-5.15888
-5.13918
-5.12005
-5.10038
-5.07826
-5.05431
-5.03101
-5.01074
-4.99442
-4.9828
-4.97592
-4.97093
-4.96746
-4.9656
-4.9646
-4.96705
-4.97482
-4.98529
-4.99814
-5.01082
-5.02324
-5.03268
-5.04116
-5.05022
-5.06296
-5.07941
-5.09953
-5.11972
-5.13917
-5.15771
-5.17283
-5.18496
-5.1959
-5.20502
-5.20986
-5.21005
-5.20595
-5.19746
-5.18293
-5.16543
-5.14517
-5.12324
-5.10288
-5.08335
-5.06556
-5.05005
-5.03739
-5.02802
-5.02181
-5.01899
-5.01669
-5.0157
-5.01635
-5.01927
-5.02641
-5.03517
-5.04674
-5.05807
-5.06716
-5.07595
-5.08124
-5.08478
-5.08738
-5.08946
-5.09157
-5.09672
-5.1044
-5.11573
-5.13042
-5.14654
-5.16076
-5.17158
-5.17678
-5.17509
-5.16677
-5.15437
-5.13675
-5.11562
-5.09495
-5.08001
-5.07491
-5.08227
-5.10002
-5.12503
-5.15265
-5.17791
-5.19777
-5.20988
-5.21105
-5.19958
-5.17631
-5.1435
-5.10484
-5.06693
-5.03391
-5.01042
-4.99854
-4.99801
-5.00656
-5.01719
-5.02909
-5.04083
-5.05477
-5.07319
-5.09754
-5.12592
-5.15406
-5.17754
-5.19359
-5.19734
-5.18935
-5.16755
-5.13526
-5.09614
-5.05697
-5.02318
-5.00114
-4.99598
-5.00719
-5.03219
-5.06391
-5.09344
-5.11903
-5.13618
-5.14491
-5.14641
-5.13891
-5.12546
-5.11177
-5.09793
-5.08633
-5.08084
-5.08029
-5.08346
-5.088
-5.09249
-5.09304
-5.09159
-5.08801
-5.08501
-5.08459
-5.08816
-5.09639
-5.10846
-5.12131
-5.13393
-5.14164
-5.14292
-5.13816
-5.12541
-5.10475
-5.07551
-5.04156
-5.00508
-4.97137
-4.94636
-4.93272
-4.93117
-4.93884
-4.95403
-4.97284
-4.99002
-5.00336
-5.01146
-5.01876
-5.02626
-5.03844
-5.05475
-5.07838
-5.10547
-5.13577
-5.16413
-5.1883
-5.20859
-5.2209
-5.2277
-5.23075
-5.231
-5.22898
-5.22659
-5.22419
-5.22088
-5.21355
-5.20067
-5.18198
-5.15827
-5.13204
-5.10787
-5.08399
-5.06499
-5.04851
-5.03473
-5.02309
-5.01537
-5.00975
-5.00917
-5.01127
-5.0171
-5.02559
-5.03441
-5.04491
-5.05335
-5.05904
-5.06538
-5.07115
-5.08101
-5.09522
-5.11408
-5.13936
-5.16741
-5.19707
-5.2231
-5.2434
-5.25534
-5.25945
-5.25525
-5.24242
-5.22351
-5.20072
-5.17785
-5.15621
-5.13716
-5.12303
-5.10992
-5.09759
-5.08863
-5.08159
-5.07772
-5.08061
-5.09119
-5.10837
-5.12878
-5.1491
-5.16757
-5.18127
-5.19197
-5.19967
-5.20217
-5.20026
-5.19351
-5.18122
-5.16627
-5.14847
-5.13169
-5.11958
-5.11381
-5.11348
-5.11808
-5.12334
-5.12891
-5.13449
-5.13925
-5.14659
-5.15263
-5.157
-5.159
-5.15713
-5.15246
-5.14525
-5.13975
-5.13603
-5.13187
-5.12845
-5.12216
-5.11079
-5.09599
-5.07888
-5.06141
-5.04733
-5.03778
-5.03518
-5.03783
-5.04635
-5.05844
-5.07255
-5.08697
-5.09943
-5.11089
-5.12098
-5.13033
-5.1385
-5.14435
-5.14825
-5.14809
-5.14616
-5.14029
-5.135
-5.12834
-5.12021
-5.1119
-5.10185
-5.09177
-5.08239
-5.07616
-5.07284
-5.07016
-5.07039
-5.07205
-5.07566
-5.0826
-5.09335
-5.10828
-5.12361
-5.13872
-5.15258
-5.16246
-5.16993
-5.17534
-5.1797
-5.18416
-5.18936
-5.19326
-5.19479
-5.19273
-5.18541
-5.17241
-5.15511
-5.13542
-5.11518
-5.09639
-5.07907
-5.06396
-5.05381
-5.05052
-5.0535
-5.06195
-5.0741
-5.08797
-5.10041
-5.11125
-5.11954
-5.12677
-5.13315
-5.14171
-5.1496
-5.15981
-5.17192
-5.18556
-5.20016
-5.21336
-5.22325
-5.23069
-5.233
-5.23102
-5.22543
-5.21767
-5.20919
-5.20318
-5.20125
-5.2023
-5.20603
-5.20981
-5.21229
-5.2111
-5.20492
-5.19473
-5.18087
-5.16476
-5.14944
-5.13749
-5.12679
-5.12048
-5.11724
-5.11608
-5.11616
-5.11502
-5.11087
-5.10353
-5.09242
-5.07947
-5.06848
-5.06149
-5.05953
-5.06353
-5.07355
-5.08623
-5.09791
-5.1075
-5.11639
-5.12258
-5.12913
-5.13554
-5.14773
-5.16527
-5.18497
-5.20531
-5.22369
-5.23528
-5.23873
-5.23431
-5.22308
-5.2077
-5.19143
-5.17554
-5.1628
-5.15707
-5.15791
-5.16357
-5.17345
-5.1818
-5.18674
-5.18782
-5.18272
-5.17362
-5.16098
-5.14802
-5.1353
-5.12527
-5.11934
-5.11763
-5.12038
-5.13022
-5.14575
-5.16568
-5.18701
-5.20399
-5.21505
-5.2222
-5.22614
-5.22755
-5.2248
-5.21627
-5.20024
-5.17795
-5.1508
-5.12269
-5.09736
-5.07543
-5.05977
-5.04916
-5.04106
-5.03512
-5.03019
-5.03308
-5.04763
-5.0718
-5.1012
-5.12666
-5.14306
-5.14842
-5.14114
-5.1282
-5.11348
-5.1026
-5.09877
-5.10089
-5.10479
-5.10719
-5.10997
-5.11361
-5.12146
-5.13117
-5.14405
-5.16066
-5.17576
-5.18882
-5.19818
-5.20117
-5.19849
-5.18935
-5.17404
-5.15374
-5.13473
-5.11832
-5.11047
-5.11197
-5.12126
-5.13724
-5.15714
-5.17648
-5.19096
-5.19858
-5.19702
-5.18549
-5.16566
-5.13994
-5.11044
-5.08293
-5.06259
-5.05464
-5.05896
-5.07426
-5.09493
-5.11711
-5.13622
-5.14867
-5.15648
-5.1614
-5.16452
-5.16872
-5.17363
-5.18007
-5.18702
-5.19249
-5.1958
-5.19633
-5.19256
-5.1845
-5.17397
-5.16142
-5.14692
-5.13303
-5.12019
-5.10918
-5.1028
-5.10313
-5.11094
-5.12474
-5.14415
-5.1669
-5.18625
-5.19912
-5.20337
-5.19698
-5.17951
-5.15459
-5.1266
-5.09917
-5.07647
-5.06392
-5.06215
-5.07078
-5.08735
-5.10764
-5.12821
-5.14594
-5.16104
-5.17299
-5.18319
-5.19229
-5.20071
-5.20678
-5.21207
-5.2158
-5.2185
-5.22341
-5.22414
-5.22365
-5.21888
-5.21288
-5.20175
-5.18951
-5.17488
-5.15765
-5.13974
-5.12084
-5.1012
-5.08139
-5.06446
-5.05206
-5.04773
-5.0529
-5.06504
-5.07999
-5.09664
-5.1113
-5.12272
-5.131
-5.13497
-5.13532
-5.13351
-5.12866
-5.12273
-5.11776
-5.11508
-5.11538
-5.11825
-5.12455
-5.13473
-5.15032
-5.17059
-5.19401
-5.22011
-5.24468
-5.26702
-5.2812
-5.28562
-5.27879
-5.25689
-5.22156
-5.17515
-5.12183
-5.07101
-5.03277
-5.0149
-5.01893
-5.03905
-5.06315
-5.08683
-5.10456
-5.11634
-5.12104
-5.12217
-5.11942
-5.11564
-5.11079
-5.1051
-5.10016
-5.09646
-5.09401
-5.09304
-5.09087
-5.08356
-5.06925
-5.04725
-5.01912
-4.99137
-4.97031
-4.96014
-4.9629
-4.97631
-4.99726
-5.01791
-5.03861
-5.05656
-5.07158
-5.08267
-5.08893
-5.08975
-5.08678
-5.0802
-5.07128
-5.06422
-5.05987
-5.06051
-5.06507
-5.07312
-5.08599
-5.10059
-5.11825
-5.13913
-5.16184
-5.18601
-5.21166
-5.23474
-5.25527
-5.27244
-5.2831
-5.28758
-5.28359
-5.2703
-5.24787
-5.21678
-5.18133
-5.14251
-5.10719
-5.08128
-5.06688
-5.06336
-5.06975
-5.08117
-5.0944
-5.10532
-5.11434
-5.12071
-5.12494
-5.12682
-5.1257
-5.12078
-5.11353
-5.10343
-5.08928
-5.07341
-5.05747
-5.04302
-5.03276
-5.02563
-5.02395
-5.02645
-5.03208
-5.04017
-5.04837
-5.05694
-5.06166
-5.06249
-5.06109
-5.06169
-5.06992
-5.08715
-5.11424
-5.14806
-5.18208
-5.2122
-5.23402
-5.24473
-5.24405
-5.23363
-5.21687
-5.19554
-5.17435
-5.15701
-5.14376
-5.1374
-5.13701
-5.13946
-5.14422
-5.14892
-5.1526
-5.15208
-5.1461
-5.13212
-5.11185
-5.08669
-5.063
-5.0466
-5.0416
-5.05036
-5.07047
-5.09716
-5.12272
-5.1444
-5.15863
-5.16494
-5.16446
-5.15796
-5.14885
-5.14029
-5.13445
-5.13328
-5.13144
-5.13101
-5.13101
-5.12809
-5.12461
-5.12437
-5.12921
-5.13757
-5.14799
-5.15778
-5.16465
-5.16808
-5.16642
-5.15766
-5.14272
-5.12251
-5.10153
-5.08043
-5.06718
-5.06144
-5.06196
-5.06884
-5.07865
-5.08926
-5.10061
-5.1102
-5.12115
-5.13165
-5.14221
-5.15203
-5.16065
-5.16502
-5.16614
-5.16334
-5.15788
-5.15153
-5.14756
-5.14535
-5.14567
-5.14735
-5.15119
-5.15553
-5.15606
-5.15135
-5.14045
-5.12479
-5.10594
-5.0889
-5.07442
-5.0675
-5.06759
-5.07418
-5.08786
-5.10447
-5.12248
-5.13966
-5.15551
-5.16793
-5.18017
-5.19302
-5.2042
-5.21603
-5.22589
-5.23441
-5.24025
-5.23967
-5.23457
-5.22463
-5.21149
-5.1961
-5.17733
-5.15694
-5.13441
-5.11172
-5.09103
-5.0761
-5.06796
-5.06785
-5.07854
-5.09661
-5.11834
-5.13924
-5.15741
-5.17094
-5.17814
-5.17984
-5.17668
-5.17098
-5.16606
-5.1622
-5.16188
-5.16675
-5.17604
-5.19196
-5.21213
-5.2342
-5.25714
-5.27653
-5.29106
-5.2986
-5.29913
-5.29124
-5.27523
-5.25174
-5.22392
-5.19362
-5.16787
-5.14822
-5.13814
-5.13733
-5.14456
-5.15484
-5.165
-5.17275
-5.17482
-5.173
-5.16823
-5.1612
-5.15365
-5.14732
-5.141
-5.13814
-5.13805
-5.14285
-5.15432
-5.17176
-5.1933
-5.21558
-5.2337
-5.24732
-5.25367
-5.25265
-5.24632
-5.23398
-5.21687
-5.19573
-5.17321
-5.14627
-5.11974
-5.09784
-5.08247
-5.07409
-5.07384
-5.07907
-5.08872
-5.09825
-5.1059
-5.10964
-5.10819
-5.10182
-5.08941
-5.07249
-5.05545
-5.03646
-5.01916
-5.00399
-4.99748
-5.00025
-5.01794
-5.04506
-5.07855
-5.1125
-5.14385
-5.16656
-5.18117
-5.18653
-5.1815
-5.16905
-5.14929
-5.12497
-5.09702
-5.07053
-5.04856
-5.03323
-5.02718
-5.02773
-5.03683
-5.05394
-5.07606
-5.10028
-5.12512
-5.14713
-5.16578
-5.17981
-5.18947
-5.19655
-5.19865
-5.19743
-5.19191
-5.182
-5.16607
-5.14497
-5.11837
-5.08668
-5.05265
-5.0218
-4.99956
-4.98987
-4.99506
-5.01429
-5.04626
-5.08534
-5.12849
-5.17292
-5.21333
-5.24626
-5.26985
-5.28196
-5.28329
-5.27264
-5.25158
-5.2235
-5.19234
-5.1616
-5.13473
-5.11243
-5.09729
-5.08948
-5.08805
-5.09179
-5.10034
-5.11051
-5.12027
-5.12764
-5.13242
-5.13156
-5.12512
-5.11389
-5.0978
-5.08112
-5.06536
-5.05335
-5.04519
-5.04127
-5.04008
-5.04385
-5.04656
-5.05208
-5.05976
-5.06812
-5.0798
-5.09548
-5.11206
-5.12751
-5.14081
-5.15219
-5.16077
-5.16605
-5.17078
-5.17641
-5.18151
-5.18782
-5.19133
-5.19427
-5.19595
-5.19467
-5.19307
-5.18969
-5.18291
-5.17255
-5.15883
-5.14183
-5.12417
-5.10784
-5.096
-5.08948
-5.08834
-5.08973
-5.08946
-5.08481
-5.07802
-5.0676
-5.05565
-5.04356
-5.03178
-5.02243
-5.01547
-5.00944
-5.00283
-4.99695
-4.99062
-4.98459
-4.98072
-4.98171
-4.99
-5.00392
-5.0181
-5.03273
-5.0453
-5.05325
-5.05533
-5.05243
-5.04696
-5.03882
-5.03251
-5.03338
-5.04272
-5.06173
-5.08761
-5.11378
-5.13579
-5.15334
-5.16271
-5.16414
-5.16046
-5.1482
-5.13126
-5.11122
-5.09008
-5.07073
-5.05759
-5.05138
-5.05102
-5.05587
-5.06362
-5.07406
-5.08347
-5.08943
-5.09197
-5.09143
-5.08839
-5.08272
-5.07622
-5.06899
-5.06076
-5.05548
-5.05467
-5.06106
-5.07448
-5.09447
-5.11861
-5.14404
-5.16787
-5.1862
-5.20028
-5.20859
-5.21151
-5.20858
-5.19975
-5.18616
-5.16795
-5.14821
-5.12932
-5.11381
-5.10035
-5.08943
-5.07921
-5.06947
-5.06108
-5.05459
-5.05022
-5.04812
-5.0485
-5.05034
-5.05476
-5.06322
-5.07454
-5.08625
-5.09978
-5.11128
-5.11972
-5.12647
-5.12841
-5.12787
-5.12454
-5.12187
-5.11914
-5.11859
-5.11932
-5.12058
-5.12066
-5.12006
-5.11915
-5.11852
-5.11999
-5.12572
-5.13472
-5.14419
-5.15332
-5.15958
-5.16324
-5.16331
-5.1603
-5.15346
-5.14283
-5.12945
-5.11369
-5.09897
-5.08747
-5.08241
-5.08681
-5.10124
-5.12318
-5.14628
-5.16812
-5.18518
-5.19689
-5.20181
-5.20049
-5.1952
-5.18808
-5.17695
-5.16631
-5.1558
-5.14491
-5.13546
-5.12286
-5.10865
-5.08988
-5.06472
-5.03441
-5.00407
-4.97821
-4.964
-4.96446
-4.97728
-4.99697
-5.021
-5.0454
-5.06882
-5.09
-5.10611
-5.1135
-5.11418
-5.10746
-5.0994
-5.09027
-5.08512
-5.08641
-5.08998
-5.09601
-5.10295
-5.10996
-5.11598
-5.12228
-5.12977
-5.13687
-5.14399
-5.14935
-5.14999
-5.14804
-5.14192
-5.13655
-5.1336
-5.13433
-5.13874
-5.14395
-5.15101
-5.16095
-5.17393
-5.18862
-5.2025
-5.21378
-5.21946
-5.22119
-5.21796
-5.20983
-5.19988
-5.18787
-5.1769
-5.16584
-5.15573
-5.14812
-5.14073
-5.13421
-5.12922
-5.12359
-5.1193
-5.11781
-5.12059
-5.12667
-5.134
-5.13802
-5.13416
-5.12336
-5.10512
-5.08147
-5.0563
-5.03336
-5.01801
-5.01153
-5.01568
-5.0304
-5.05154
-5.07604
-5.10007
-5.1201
-5.1358
-5.14761
-5.15788
-5.16333
-5.16687
-5.16889
-5.16925
-5.1707
-5.17387
-5.17881
-5.18321
-5.18816
-5.19327
-5.19609
-5.19959
-5.1989
-5.19525
-5.19172
-5.18809
-5.18404
-5.18022
-5.17536
-5.171
-5.1678
-5.1639
-5.16293
-5.16187
-5.16036
-5.15759
-5.1529
-5.14794
-5.14501
-5.14333
-5.14845
-5.15966
-5.17699
-5.19986
-5.22556
-5.25035
-5.27067
-5.28461
-5.29058
-5.28732
-5.27754
-5.26132
-5.24144
-5.22063
-5.19945
-5.17932
-5.16176
-5.14873
-5.14094
-5.14007
-5.14497
-5.15669
-5.17056
-5.18279
-5.18922
-5.18926
-5.18126
-5.16554
-5.14195
-5.11647
-5.09297
-5.07518
-5.06455
-5.06068
-5.05952
-5.06051
-5.05944
-5.05668
-5.05066
-5.0404
-5.02679
-5.01276
-5.0008
-4.9934
-4.99356
-5.00243
-5.02107
-5.04512
-5.07276
-5.09842
-5.11941
-5.13021
-5.12891
-5.1169
-5.09593
-5.07134
-5.04936
-5.03526
-5.03159
-5.03798
-5.0563
-5.07972
-5.10712
-5.13369
-5.15852
-5.1799
-5.19485
-5.20341
-5.2077
-5.20801
-5.20632
-5.20283
-5.19609
-5.18494
-5.16713
-5.14373
-5.11566
-5.08767
-5.06421
-5.04972
-5.04511
-5.05125
-5.0629
-5.07956
-5.09779
-5.11408
-5.12974
-5.14297
-5.15503
-5.16758
-5.17685
-5.18481
-5.18926
-5.1887
-5.1811
-5.16756
-5.14955
-5.13109
-5.11289
-5.09844
-5.08816
-5.07974
-5.07643
-5.08155
-5.09326
-5.11527
-5.13912
-5.16498
-5.18952
-5.20911
-5.22187
-5.22626
-5.22688
-5.22569
-5.22483
-5.22733
-5.23369
-5.24262
-5.25265
-5.26275
-5.26978
-5.27148
-5.26662
-5.25251
-5.22905
-5.1974
-5.16233
-5.12741
-5.0939
-5.06509
-5.03996
-5.02224
-5.01456
-5.01698
-5.0334
-5.0588
-5.09159
-5.12742
-5.16107
-5.18968
-5.21114
-5.22237
-5.22655
-5.22285
-5.21657
-5.2109
-5.20722
-5.20358
-5.20086
-5.19764
-5.19275
-5.188
-5.18292
-5.1788
-5.17598
-5.17241
-5.16852
-5.16237
-5.15469
-5.143
-5.12802
-5.11323
-5.10201
-5.10007
-5.1094
-5.12803
-5.14862
-5.1691
-5.18751
-5.20129
-5.20949
-5.21126
-5.20635
-5.19391
-5.17668
-5.15517
-5.13436
-5.11563
-5.10144
-5.09348
-5.09098
-5.09477
-5.10008
-5.10803
-5.1181
-5.12833
-5.13839
-5.14861
-5.15741
-5.16669
-5.17424
-5.17986
-5.18222
-5.17879
-5.16821
-5.14934
-5.12227
-5.08952
-5.05429
-5.02187
-4.99599
-4.9797
-4.97588
-4.98505
-5.00346
-5.02831
-5.05629
-5.08397
-5.10731
-5.12499
-5.13361
-5.13285
-5.12446
-5.10929
-5.09002
-5.07176
-5.05738
-5.05034
-5.04855
-5.05496
-5.06715
-5.08383
-5.10146
-5.11945
-5.1358
-5.14964
-5.1603
-5.16655
-5.16813
-5.16343
-5.15325
-5.13776
-5.1168
-5.09147
-5.06365
-5.0322
-4.99829
-4.96434
-4.93252
-4.90679
-4.88997
-4.88686
-4.89816
-4.92342
-4.95889
-5.00034
-5.04165
-5.07926
-5.11053
-5.13331
-5.14796
-5.15437
-5.15429
-5.15098
-5.14826
-5.14964
-5.15318
-5.15789
-5.16494
-5.16879
-5.17113
-5.17052
-5.16695
-5.1628
-5.15917
-5.1551
-5.14898
-5.13862
-5.12347
-5.10136
-5.07621
-5.05087
-5.02948
-5.01268
-5.00323
-5.00189
-5.00752
-5.01793
-5.03115
-5.04702
-5.06183
-5.07531
-5.08553
-5.09048
-5.09227
-5.09286
-5.09312
-5.09472
-5.10167
-5.1128
-5.12749
-5.14273
-5.15965
-5.17698
-5.19323
-5.208
-5.21851
-5.2245
-5.22465
-5.21792
-5.2047
-5.18599
-5.16212
-5.13592
-5.10817
-5.08142
-5.05652
-5.03429
-5.01444
-4.99647
-4.97992
-4.96304
-4.94577
-4.93279
-4.92592
-4.92882
-4.94218
-4.96146
-4.98599
-5.008
-5.02875
-5.0457
-5.06143
-5.07749
-5.09457
-5.11269
-5.13013
-5.14856
-5.16792
-5.18817
-5.20662
-5.2218
-5.23037
-5.23046
-5.22104
-5.20481
-5.18436
-5.16109
-5.13856
-5.11739
-5.09917
-5.08479
-5.07666
-5.07434
-5.07794
-5.08527
-5.09784
-5.11282
-5.12937
-5.14523
-5.15971
-5.16957
-5.17506
-5.17807
-5.17957
-5.17952
-5.17896
-5.17733
-5.17516
-5.1719
-5.16775
-5.16173
-5.15487
-5.14739
-5.14116
-5.13696
-5.13561
-5.13691
-5.14244
-5.14953
-5.15856
-5.16785
-5.17592
-5.18311
-5.19156
-5.19952
-5.20775
-5.21437
-5.22084
-5.22607
-5.2281
-5.22812
-5.22832
-5.22789
-5.2274
-5.22614
-5.22283
-5.21693
-5.20759
-5.19289
-5.17226
-5.14726
-5.11954
-5.08884
-5.05779
-5.03009
-5.00853
-4.99585
-4.99456
-5.00238
-5.02025
-5.04378
-5.06751
-5.08628
-5.09644
-5.09859
-5.09102
-5.07873
-5.06627
-5.05951
-5.05987
-5.06609
-5.07723
-5.08789
-5.09474
-5.09472
-5.08707
-5.07263
-5.05232
-5.03098
-5.00916
-4.99081
-4.98062
-4.97865
-4.98686
-5.00144
-5.02096
-5.04201
-5.06426
-5.08586
-5.10537
-5.12218
-5.1367
-5.14799
-5.1545
-5.15716
-5.15697
-5.15726
-5.15451
-5.15444
-5.15438
-5.15322
-5.15076
-5.14828
-5.1448
-5.14097
-5.14056
-5.13967
-5.14174
-5.14392
-5.14348
-5.14228
-5.1386
-5.13485
-5.12882
-5.12214
-5.11849
-5.11726
-5.11815
-5.12139
-5.12692
-5.13165
-5.13323
-5.12994
-5.12171
-5.10729
-5.08883
-5.06827
-5.05095
-5.04077
-5.03799
-5.04208
-5.0499
-5.05836
-5.06734
-5.07317
-5.07624
-5.07601
-5.07264
-5.0639
-5.04836
-5.02709
-5.00329
-4.98172
-4.96711
-4.96148
-4.96444
-4.97691
-4.99755
-5.02191
-5.04798
-5.07402
-5.09599
-5.11244
-5.1223
-5.12494
-5.12228
-5.11711
-5.11026
-5.10452
-5.09883
-5.09348
-5.08489
-5.07407
-5.06099
-5.04931
-5.03739
-5.02965
-5.02887
-5.03567
-5.04636
-5.0583
-5.06873
-5.07653
-5.0813
-5.08503
-5.087
-5.08851
-5.08909
-5.0867
-5.08302
-5.07722
-5.07117
-5.06348
-5.05541
-5.04851
-5.0429
-5.0396
-5.04013
-5.04409
-5.05061
-5.05918
-5.06691
-5.07386
-5.08096
-5.09243
-5.11045
-5.1366
-5.16688
-5.19592
-5.2195
-5.23385
-5.23663
-5.22773
-5.20918
-5.18281
-5.15459
-5.12497
-5.09884
-5.07707
-5.05965
-5.04746
-5.03896
-5.03479
-5.03547
-5.04155
-5.05418
-5.0695
-5.08555
-5.09642
-5.10156
-5.09903
-5.09014
-5.0766
-5.06104
-5.04538
-5.0328
-5.02379
-5.0198
-5.02058
-5.02527
-5.03313
-5.04341
-5.05568
-5.07176
-5.08909
-5.10515
-5.12169
-5.14014
-5.15764
-5.17375
-5.18666
-5.19333
-5.19399
-5.18708
-5.17385
-5.15785
-5.13993
-5.12502
-5.11372
-5.10557
-5.09874
-5.09125
-5.08409
-5.07655
-5.06858
-5.06636
-5.06957
-5.07929
-5.09372
-5.10845
-5.12109
-5.12714
-5.12634
-5.11759
-5.10231
-5.08133
-5.05922
-5.0401
-5.02665
-5.02296
-5.02939
-5.04389
-5.06513
-5.09168
-5.11968
-5.14566
-5.16654
-5.18032
-5.1854
-5.1812
-5.16795
-5.14621
-5.11979
-5.09305
-5.07043
-5.05484
-5.04586
-5.04326
-5.04448
-5.04585
-5.04772
-5.05006
-5.05278
-5.05515
-5.05967
-5.06434
-5.07075
-5.07705
-5.08479
-5.09489
-5.1056
-5.11664
-5.12777
-5.13481
-5.14164
-5.14705
-5.1514
-5.1558
-5.16302
-5.17447
-5.18894
-5.20533
-5.22102
-5.23578
-5.2468
-5.25376
-5.25783
-5.25942
-5.25963
-5.25937
-5.25927
-5.25893
-5.25658
-5.25274
-5.24654
-5.23522
-5.22017
-5.19884
-5.17358
-5.14222
-5.11114
-5.0834
-5.06453
-5.0532
-5.05096
-5.05677
-5.06406
-5.06928
-5.07267
-5.0703
-5.06426
-5.05614
-5.04911
-5.04611
-5.04954
-5.05765
-5.07141
-5.08762
-5.10418
-5.11811
-5.12953
-5.13728
-5.1397
-5.14216
-5.14454
-5.14763
-5.15227
-5.15931
-5.16941
-5.18042
-5.19143
-5.2003
-5.20395
-5.20076
-5.19104
-5.17429
-5.15372
-5.13298
-5.11299
-5.09544
-5.07796
-5.06258
-5.0497
-5.04084
-5.03945
-5.04706
-5.06222
-5.08839
-5.12147
-5.15848
-5.19312
-5.22138
-5.23876
-5.24144
-5.23244
-5.21119
-5.17954
-5.14451
-5.11079
-5.08223
-5.06437
-5.05567
-5.05502
-5.06263
-5.07418
-5.09024
-5.10907
-5.12939
-5.15001
-5.16866
-5.18575
-5.19804
-5.20264
-5.20336
-5.19988
-5.19246
-5.18408
-5.17536
-5.16953
-5.16632
-5.16359
-5.1613
-5.15759
-5.15213
-5.14547
-5.13716
-5.12736
-5.11734
-5.10506
-5.09233
-5.08011
-5.06902
-5.06039
-5.0535
-5.0488
-5.04745
-5.04898
-5.05459
-5.06162
-5.06583
-5.06507
-5.05961
-5.04877
-5.0358
-5.02414
-5.02213
-5.03184
-5.05126
-5.07398
-5.09617
-5.1119
-5.1213
-5.12309
-5.12168
-5.1206
-5.12163
-5.12412
-5.1217
-5.10983
-5.08878
-5.0588
-5.0249
-4.99688
-4.98041
-4.98297
-4.99883
-5.02253
-5.04608
-5.06383
-5.07166
-5.07191
-5.06162
-5.04731
-5.03439
-5.02693
-5.02899
-5.03787
-5.05082
-5.06287
-5.06978
-5.06919
-5.06174
-5.04945
-5.03619
-5.02374
-5.01725
-5.01518
-5.01486
-5.01895
-5.0244
-5.03211
-5.04208
-5.05131
-5.0627
-5.07228
-5.08055
-5.08859
-5.09425
-5.10354
-5.11595
-5.12844
-5.14005
-5.14954
-5.15561
-5.15583
-5.1524
-5.15232
-5.15348
-5.15815
-5.16733
-5.17754
-5.18574
-5.19114
-5.19276
-5.18832
-5.18305
-5.17639
-5.17044
-5.16466
-5.15939
-5.15316
-5.14531
-5.13602
-5.12756
-5.12174
-5.11775
-5.11603
-5.11505
-5.1136
-5.11198
-5.11079
-5.11163
-5.11319
-5.1125
-5.11072
-5.10597
-5.10201
-5.09856
-5.09685
-5.09325
-5.08841
-5.08119
-5.07307
-5.06529
-5.05916
-5.05648
-5.05543
-5.05663
-5.05527
-5.05342
-5.04858
-5.04515
-5.04595
-5.05488
-5.06946
-5.0903
-5.11472
-5.13916
-5.15924
-5.17302
-5.17715
-5.17243
-5.15793
-5.13505
-5.10733
-5.08002
-5.05836
-5.04564
-5.04179
-5.04654
-5.05492
-5.06447
-5.07576
-5.08601
-5.09448
-5.09928
-5.0995
-5.09526
-5.0862
-5.07204
-5.05649
-5.0397
-5.02577
-5.01597
-5.01185
-5.01345
-5.01893
-5.02532
-5.03221
-5.03927
-5.04738
-5.05644
-5.06895
-5.08485
-5.10188
-5.11473
-5.12143
