-5.27579
-5.27903
-5.27742
-5.27871
-5.27806
-5.27677
-5.27709
-5.27903
-5.27709
-5.27708
-5.27838
-5.2774
-5.27578
-5.27449
-5.27352
-5.27514
-5.27546
-5.27546
-5.27579
-5.27449
-5.27288
-5.27547
-5.2732
-5.27417
-5.27514
-5.27546
-5.27676
-5.27902
-5.2787
-5.27708
-5.27708
-5.27611
-5.27222
-5.27158
-5.27093
-5.26931
-5.26866
-5.26834
-5.27158
-5.27449
-5.27222
-5.27125
-5.27319
-5.27189
-5.27351
-5.27254
-5.27222
-5.27416
-5.27319
-5.27481
-5.27675
-5.27643
-5.27514
-5.27449
-5.27546
-5.27514
-5.27482
-5.27514
-5.27644
-5.27805
-5.27838
-5.27643
-5.27643
-5.27708
-5.27773
-5.27643
-5.27644
-5.27709
-5.27514
-5.2732
-5.27482
-5.2745
-5.27158
-5.27126
-5.27062
-5.27224
-5.27159
-5.27126
-5.26932
-5.26964
-5.27093
-5.27061
-5.27093
-5.27158
-5.27255
-5.27125
-5.27417
-5.27546
-5.27643
-5.27578
-5.27579
-5.27514
-5.27385
-5.27288
-5.27255
-5.27482
-5.27546
-5.27546
-5.27482
-5.27514
-5.27482
-5.27417
-5.27385
-5.27482
-5.27611
-5.27579
-5.27579
-5.27709
-5.27806
-5.27806
-5.27806
-5.27612
-5.27385
-5.27288
-5.27547
-5.27256
-5.2732
-5.2745
-5.27612
-5.27709
-5.27612
-5.27514
-5.27514
-5.27612
-5.27612
-5.27838
-5.27708
-5.27773
-5.27708
-5.27611
-5.27547
-5.27579
-5.27579
-5.27579
-5.27676
-5.27644
-5.27514
-5.27352
-5.27319
-5.27255
-5.27319
-5.27417
-5.27449
-5.27449
-5.27547
-5.27611
-5.27741
-5.27838
-5.27935
-5.28065
-5.27871
-5.2787
-5.27773
-5.27805
-5.27675
-5.27805
-5.27902
-5.2787
-5.27805
-5.27676
-5.27417
-5.2732
-5.27482
-5.27158
-5.27125
-5.27093
-5.27125
-5.27125
-5.2719
-5.27126
-5.27255
-5.27191
-5.27288
-5.27352
-5.27449
-5.27287
-5.27352
-5.2732
-5.27385
-5.2745
-5.27353
-5.27353
-5.27482
-5.27644
-5.27838
-5.27741
-5.27709
-5.27871
-5.28065
-5.27904
-5.27806
-5.27741
-5.27708
-5.27578
-5.27837
-5.27805
-5.27449
-5.27319
-5.27223
-5.27029
-5.27093
-5.27255
-5.27223
-5.2732
-5.2745
-5.27417
-5.27385
-5.27288
-5.27093
-5.27158
-5.27352
-5.27352
-5.27514
-5.27709
-5.27612
-5.27547
-5.27547
-5.27482
-5.27352
-5.2732
-5.27515
-5.27515
-5.2758
-5.27677
-5.27645
-5.27645
-5.27677
-5.2771
-5.27677
-5.27677
-5.27742
-5.2758
-5.27256
-5.27191
-5.27353
-5.27255
-5.27385
-5.27547
-5.27418
-5.27742
-5.27645
-5.27774
-5.27677
-5.27451
-5.27677
-5.27483
-5.27709
-5.27612
-5.27709
-5.27579
-5.27676
-5.27709
-5.27806
-5.27774
-5.27644
-5.27547
-5.27417
-5.27417
-5.27125
-5.27287
-5.27287
-5.27287
-5.27352
-5.2758
-5.27515
-5.27709
-5.27644
-5.27676
-5.27708
-5.2774
-5.27773
-5.27773
-5.27708
-5.27644
-5.27611
-5.27741
-5.27547
-5.27514
-5.27644
-5.27482
-5.27514
-5.27514
-5.2745
-5.2745
-5.27158
-5.27353
-5.27385
-5.2745
-5.27644
-5.27579
-5.27482
-5.27321
-5.27612
-5.2758
-5.2745
-5.27353
-5.27158
-5.27126
-5.26996
-5.27223
-5.27353
-5.2758
-5.27612
-5.27645
-5.27547
-5.27482
-5.27612
-5.27644
-5.27741
-5.27676
-5.27547
-5.27353
-5.27256
-5.2703
-5.2716
-5.27451
-5.27645
-5.27515
-5.27547
-5.27547
-5.27644
-5.27676
-5.27547
-5.27385
-5.27288
-5.27417
-5.27481
-5.27449
-5.27611
-5.27903
-5.28033
-5.28065
-5.28
-5.28033
-5.27838
-5.2787
-5.27611
-5.27417
-5.27287
-5.27222
-5.27416
-5.27481
-5.2719
-5.26995
-5.27352
-5.27254
-5.27093
-5.27255
-5.27158
-5.27385
-5.27353
-5.27385
-5.27547
-5.27579
-5.27418
-5.27709
-5.2758
-5.2758
-5.27548
-5.27515
-5.27515
-5.27774
-5.27482
-5.2745
-5.27353
-5.27515
-5.2745
-5.27547
-5.27547
-5.27547
-5.27547
-5.2745
-5.27644
-5.27515
-5.27418
-5.27483
-5.27354
-5.27807
-5.27645
-5.27515
-5.27321
-5.27386
-5.27677
-5.27547
-5.2758
-5.27645
-5.27613
-5.2771
-5.27645
-5.27451
-5.27256
-5.26997
-5.27094
-5.27289
-5.2758
-5.27548
-5.27775
-5.27548
-5.27711
-5.2784
-5.27484
-5.27516
-5.27289
-5.27256
-5.27289
-5.27483
-5.27289
-5.27289
-5.27289
-5.27224
-5.27094
-5.27127
-5.27191
-5.27126
-5.26964
-5.27224
-5.27256
-5.27451
-5.27483
-5.27581
-5.27678
-5.27581
-5.27451
-5.27419
-5.2771
-5.27807
-5.27872
-5.27871
-5.27807
-5.27872
-5.27613
-5.27548
-5.27581
-5.27419
-5.27386
-5.27386
-5.27516
-5.27742
-5.2784
-5.2784
-5.27743
-5.27905
-5.2784
-5.2784
-5.27775
-5.27743
-5.27678
-5.27646
-5.27711
-5.27775
-5.27711
-5.27743
-5.27679
-5.27679
-5.27711
-5.27808
-5.2784
-5.27937
-5.2784
-5.27872
-5.2797
-5.2771
-5.27581
-5.27548
-5.27484
-5.27386
-5.27483
-5.27322
-5.27128
-5.27063
-5.27322
-5.27355
-5.27258
-5.27452
-5.27516
-5.27549
-5.27484
-5.27484
-5.27646
-5.27646
-5.27614
-5.27614
-5.27258
-5.27193
-5.2716
-5.27096
-5.27322
-5.27354
-5.27419
-5.27258
-5.27419
-5.27355
-5.27355
-5.27485
-5.2742
-5.27419
-5.27484
-5.27548
-5.27516
-5.27386
-5.27353
-5.27289
-5.27289
-5.27321
-5.27484
-5.27516
-5.27452
-5.27387
-5.2729
-5.27419
-5.27581
-5.27581
-5.27192
-5.2716
-5.27225
-5.27419
-5.27419
-5.27387
-5.27516
-5.27581
-5.27516
-5.27387
-5.27419
-5.27257
-5.27387
-5.27419
-5.27549
-5.27517
-5.27516
-5.27549
-5.27549
-5.27581
-5.27354
-5.27419
-5.27484
-5.27646
-5.27678
-5.27646
-5.27549
-5.27549
-5.27387
-5.27484
-5.27484
-5.27354
-5.27516
-5.27354
-5.27419
-5.2729
-5.27192
-5.27192
-5.27322
-5.27354
-5.27451
-5.27387
-5.27387
-5.27516
-5.27258
-5.27355
-5.27322
-5.27387
-5.2729
-5.27322
-5.27322
-5.27419
-5.27581
-5.27484
-5.27484
-5.27548
-5.27484
-5.27419
-5.27387
-5.27614
-5.27549
-5.27549
-5.27387
-5.27354
-5.27257
-5.27322
-5.27452
-5.27323
-5.27647
-5.27614
-5.27517
-5.27355
-5.27322
-5.27355
-5.27225
-5.27257
-5.27452
-5.27452
-5.27387
-5.2729
-5.2729
-5.27452
-5.27419
-5.27451
-5.27387
-5.27419
-5.27419
-5.27484
-5.27452
-5.27484
-5.27614
-5.27711
-5.27484
-5.27581
-5.27711
-5.27938
-5.28003
-5.27808
-5.27905
-5.2797
-5.2784
-5.27807
-5.27483
-5.27353
-5.27288
-5.27192
-5.2729
-5.27258
-5.27452
-5.27387
-5.27322
-5.27549
-5.27354
-5.27159
-5.27191
-5.27191
-5.27256
-5.27223
-5.27353
-5.2745
-5.27418
-5.27548
-5.27613
-5.27613
-5.27516
-5.27548
-5.27677
-5.27742
-5.27644
-5.27482
-5.27449
-5.27611
-5.27482
-5.27353
-5.27418
-5.27256
-5.27127
-5.2703
-5.2703
-5.27256
-5.27547
-5.27515
-5.27612
-5.27579
-5.27579
-5.27676
-5.27677
-5.27742
-5.2758
-5.27548
-5.27742
-5.27547
-5.27774
-5.27936
-5.27548
-5.27548
-5.27613
-5.27548
-5.27613
-5.27742
-5.27936
-5.27774
-5.27936
-5.27644
-5.27612
-5.27645
-5.2758
-5.27515
-5.27515
-5.27547
-5.27353
-5.27353
-5.27417
-5.27352
-5.27514
-5.27482
-5.27612
-5.27644
-5.27774
-5.27612
-5.27742
-5.27742
-5.27515
-5.27353
-5.27256
-5.27353
-5.27256
-5.27126
-5.27126
-5.27224
-5.27256
-5.27353
-5.27385
-5.27321
-5.27353
-5.27289
-5.27353
-5.27321
-5.27256
-5.27094
-5.27386
-5.27385
-5.27256
-5.27191
-5.269
-5.26705
-5.26803
-5.27029
-5.27062
-5.26997
-5.26997
-5.27094
-5.27321
-5.27288
-5.27288
-5.27418
-5.27676
-5.27903
-5.27903
-5.27612
-5.27514
-5.27579
-5.27417
-5.27417
-5.27126
-5.27094
-5.27385
-5.27353
-5.27256
-5.27515
-5.27677
-5.27709
-5.27579
-5.27547
-5.27547
-5.27709
-5.27806
-5.27677
-5.27612
-5.27353
-5.27321
-5.27451
-5.27645
-5.27904
-5.27936
-5.27871
-5.27774
-5.27742
-5.27612
-5.27353
-5.27742
-5.27871
-5.27742
-5.27548
-5.27742
-5.27774
-5.27741
-5.27709
-5.27612
-5.27579
-5.27514
-5.27482
-5.27418
-5.27483
-5.27321
-5.27192
-5.2716
-5.27419
-5.27483
-5.2758
-5.27516
-5.27678
-5.2758
-5.27548
-5.27677
-5.27645
-5.2758
-5.27483
-5.27321
-5.27386
-5.27419
-5.27289
-5.27386
-5.27581
-5.2771
-5.2758
-5.2771
-5.27581
-5.27581
-5.27516
-5.27581
-5.27451
-5.27419
-5.27225
-5.27387
-5.27289
-5.27289
-5.27289
-5.27386
-5.27418
-5.27321
-5.27353
-5.2771
-5.27743
-5.27808
-5.27776
-5.27711
-5.27646
-5.27646
-5.27743
-5.27646
-5.27645
-5.27645
-5.27677
-5.27936
-5.27839
-5.27775
-5.27807
-5.27872
-5.27775
-5.27678
-5.27549
-5.27516
-5.27711
-5.27743
-5.27711
-5.27678
-5.27614
-5.27743
-5.27581
-5.27483
-5.27613
-5.2758
-5.27321
-5.27289
-5.27256
-5.27095
-5.2703
-5.27063
-5.2716
-5.2729
-5.27452
-5.27484
-5.27483
-5.27677
-5.27547
-5.27515
-5.2758
-5.27743
-5.27711
-5.27808
-5.27776
-5.27517
-5.27711
-5.27646
-5.27419
-5.27484
-5.27419
-5.27387
-5.27322
-5.27225
-5.27192
-5.27192
-5.27257
-5.27225
-5.27095
-5.26998
-5.27096
-5.27096
-5.27095
-5.27063
-5.27387
-5.27322
-5.27224
-5.27354
-5.27354
-5.27451
-5.27451
-5.27386
-5.27321
-5.27321
-5.27062
-5.26998
-5.27322
-5.27322
-5.27031
-5.27193
-5.27387
-5.27387
-5.2729
-5.27257
-5.27452
-5.27581
-5.27614
-5.27808
-5.2771
-5.27775
-5.2771
-5.27678
-5.27678
-5.27516
-5.27549
-5.27419
-5.27516
-5.27451
-5.27484
-5.27387
-5.2742
-5.27258
-5.2742
-5.27485
-5.2729
-5.27322
-5.27419
-5.27451
-5.27775
-5.27742
-5.2771
-5.2784
-5.27613
-5.2771
-5.2784
-5.2771
-5.27646
-5.27808
-5.27743
-5.27548
-5.27581
-5.27646
-5.27516
-5.27517
-5.27517
-5.27484
-5.27775
-5.2797
-5.27938
-5.27873
-5.27743
-5.27549
-5.27646
-5.2771
-5.27581
-5.27483
-5.2771
-5.27548
-5.27386
-5.27257
-5.27387
-5.27387
-5.27128
-5.27355
-5.2742
-5.27355
-5.27355
-5.27451
-5.27386
-5.27289
-5.27386
-5.27677
-5.2771
-5.27677
-5.2758
-5.2771
-5.27678
-5.27581
-5.27322
-5.2729
-5.27257
-5.27225
-5.27419
-5.27516
-5.27386
-5.27354
-5.27548
-5.27418
-5.27451
-5.27645
-5.27774
-5.27548
-5.27581
-5.27807
-5.27646
-5.27807
-5.2784
-5.27872
-5.27743
-5.2797
-5.27905
-5.27808
-5.27452
-5.27517
-5.27484
-5.27484
-5.27483
-5.2758
-5.27612
-5.27418
-5.27256
-5.27062
-5.27191
-5.2745
-5.2758
-5.27321
-5.27419
-5.2716
-5.27192
-5.27387
-5.27257
-5.27387
-5.27581
-5.27387
-5.27516
-5.27451
-5.27484
-5.27516
-5.27289
-5.27386
-5.27354
-5.27613
-5.27581
-5.27451
-5.27322
-5.27225
-5.27063
-5.26998
-5.26869
-5.26869
-5.27031
-5.27258
-5.27257
-5.27258
-5.27452
-5.27452
-5.27549
-5.27419
-5.27258
-5.27225
-5.27322
-5.2729
-5.27419
-5.27387
-5.27549
-5.27582
-5.27582
-5.27679
-5.2755
-5.27615
-5.27614
-5.27711
-5.27873
-5.27905
-5.27937
-5.27873
-5.2797
-5.28035
-5.27905
-5.27711
-5.27614
-5.27484
-5.27549
-5.27614
-5.27484
-5.27419
-5.27484
-5.27322
-5.27322
-5.27225
-5.27225
-5.27322
-5.27614
-5.27614
-5.27711
-5.27711
-5.2784
-5.2797
-5.27905
-5.28067
-5.28035
-5.28035
-5.27808
-5.27743
-5.2784
-5.28002
-5.27711
-5.28035
-5.27808
-5.27807
-5.27969
-5.27937
-5.27807
-5.27807
-5.2784
-5.2784
-5.27743
-5.27937
-5.28067
-5.28067
-5.28067
-5.2784
-5.27711
-5.27873
-5.27872
-5.27905
-5.27613
-5.27451
-5.27386
-5.27321
-5.27127
-5.27224
-5.27289
-5.2729
-5.27484
-5.27549
-5.27678
-5.27646
-5.27808
-5.27873
-5.28002
-5.27775
-5.27646
-5.27517
-5.27646
-5.27646
-5.27581
-5.2758
-5.2771
-5.27872
-5.27937
-5.27937
-5.2784
-5.2784
-5.27743
-5.27775
-5.2771
-5.27646
-5.27678
-5.27581
-5.27679
-5.27906
-5.27841
-5.27905
-5.27743
-5.27678
-5.27645
-5.27807
-5.2771
-5.27969
-5.28034
-5.27646
-5.27776
-5.27711
-5.27873
-5.27873
-5.2784
-5.27679
-5.27549
-5.27387
-5.27225
-5.27484
-5.27711
-5.27808
-5.27873
-5.2784
-5.27517
-5.27549
-5.27582
-5.27517
-5.27517
-5.27582
-5.27452
-5.27581
-5.27516
-5.27516
-5.27743
-5.27905
-5.28099
-5.27938
-5.27678
-5.27711
-5.2784
-5.2784
-5.27905
-5.27938
-5.27776
-5.27841
-5.27873
-5.27873
-5.27581
-5.27484
-5.27548
-5.27484
-5.27516
-5.27484
-5.27452
-5.2742
-5.27517
-5.27485
-5.27387
-5.27096
-5.27031
-5.27257
-5.27419
-5.27484
-5.2771
-5.27776
-5.27646
-5.27808
-5.27647
-5.27711
-5.27743
-5.27872
-5.28002
-5.28196
-5.27807
-5.28002
-5.27872
-5.2771
-5.27743
-5.27646
-5.27419
-5.27484
-5.27386
-5.27645
-5.27743
-5.27678
-5.27484
-5.27614
-5.27257
-5.2729
-5.27387
-5.27322
-5.27387
-5.27192
-5.27192
-5.27353
-5.27418
-5.2745
-5.2758
-5.27613
-5.27451
-5.27483
-5.27516
-5.27548
-5.27516
-5.27581
-5.27646
-5.27775
-5.27807
-5.27807
-5.27775
-5.27807
-5.27904
-5.2771
-5.2771
-5.27483
-5.27646
-5.27613
-5.2784
-5.27743
-5.2784
-5.27969
-5.27807
-5.2771
-5.27613
-5.27548
-5.27581
-5.27581
-5.27678
-5.27678
-5.27679
-5.27484
-5.27679
-5.27679
-5.27581
-5.27484
-5.27581
-5.27645
-5.27807
-5.27872
-5.27775
-5.27743
-5.27549
-5.27549
-5.27646
-5.27808
-5.2784
-5.27905
-5.27743
-5.27808
-5.27905
-5.27873
-5.27841
-5.2755
-5.27647
-5.27906
-5.27711
-5.27484
-5.27419
-5.27419
-5.27355
-5.27323
-5.2742
-5.27323
-5.27096
-5.27161
-5.27452
-5.27582
-5.27484
-5.2742
-5.27614
-5.27744
-5.27744
-5.27744
-5.27906
-5.27712
-5.27647
-5.27712
-5.27582
-5.27679
-5.2742
-5.2729
-5.27258
-5.27226
-5.2729
-5.27226
-5.27291
-5.27258
-5.27129
-5.27129
-5.27064
-5.27064
-5.27096
-5.27096
-5.26967
-5.27032
-5.27064
-5.27032
-5.27096
-5.27031
-5.27193
-5.2716
-5.27322
-5.27322
-5.27387
-5.27419
-5.27387
-5.27452
-5.2742
-5.27517
-5.27452
-5.27388
-5.27647
-5.27873
-5.28035
-5.28067
-5.28003
-5.27873
-5.27808
-5.27711
-5.27777
-5.27583
-5.2768
-5.27421
-5.27485
-5.27226
-5.27096
-5.26999
-5.26966
-5.26966
-5.27225
-5.27193
-5.27258
-5.27323
-5.27194
-5.2742
-5.27323
-5.27452
-5.27485
-5.27549
-5.27485
-5.27484
-5.27517
-5.27516
-5.27581
-5.27776
-5.27808
-5.27647
-5.27712
-5.27809
-5.27874
-5.27841
-5.27905
-5.27937
-5.2797
-5.27808
-5.27679
-5.27582
-5.27679
-5.27647
-5.27517
-5.27517
-5.27452
-5.27322
-5.27581
-5.27484
-5.27548
-5.27516
-5.27581
-5.27419
-5.27711
-5.27711
-5.27614
-5.27743
-5.27808
-5.27775
-5.27743
-5.27678
-5.27743
-5.27614
-5.27517
-5.27679
-5.27873
-5.27808
-5.28035
-5.2784
-5.2784
-5.27808
-5.2797
-5.28099
-5.2784
-5.27678
-5.27581
-5.27517
-5.27549
-5.27484
-5.27549
-5.27614
-5.27614
-5.27646
-5.27582
-5.27484
-5.27517
-5.27484
-5.27775
-5.2784
-5.27743
-5.27906
-5.27938
-5.27874
-5.27874
-5.28003
-5.27971
-5.27873
-5.28164
-5.27873
-5.27905
-5.27776
-5.27614
-5.27905
-5.27678
-5.27905
-5.27873
-5.28003
-5.27809
-5.27842
-5.27777
-5.27712
-5.27744
-5.27614
-5.27679
-5.27388
-5.27452
-5.27517
-5.27485
-5.27647
-5.27583
-5.27453
-5.27421
-5.27517
-5.27226
-5.27355
-5.2742
-5.27646
-5.27647
-5.27582
-5.28003
-5.28036
-5.28068
-5.27971
-5.28004
-5.27907
-5.27712
-5.27648
-5.27615
-5.2768
-5.27679
-5.27679
-5.27582
-5.27388
-5.27583
-5.27551
-5.27422
-5.27551
-5.27616
-5.27616
-5.27551
-5.27259
-5.27161
-5.27193
-5.27258
-5.27161
-5.27485
-5.27647
-5.27485
-5.27356
-5.27388
-5.27291
-5.27259
-5.27259
-5.27194
-5.27032
-5.27162
-5.27356
-5.27226
-5.27162
-5.27226
-5.27323
-5.27258
-5.27485
-5.27323
-5.27421
-5.27453
-5.2768
-5.27939
-5.27939
-5.27874
-5.28133
-5.28165
-5.28489
-5.281
-5.28035
-5.27971
-5.281
-5.28036
-5.28004
-5.27907
-5.27745
-5.2768
-5.27518
-5.27453
-5.27583
-5.27583
-5.27356
-5.2755
-5.27485
-5.27453
-5.27453
-5.27615
-5.27712
-5.27648
-5.27551
-5.2768
-5.27713
-5.27842
-5.27874
-5.27745
-5.27745
-5.2768
-5.27162
-5.27389
-5.27421
-5.27616
-5.27454
-5.27486
-5.27518
-5.27518
-5.27389
-5.27324
-5.27421
-5.27486
-5.27518
-5.27518
-5.27551
-5.27486
-5.27551
-5.27421
-5.27486
-5.27518
-5.27291
-5.27356
-5.27421
-5.27453
-5.27291
-5.27518
-5.27518
-5.27615
-5.27777
-5.27744
-5.27712
-5.27971
-5.27614
-5.27582
-5.27776
-5.27776
-5.27873
-5.27841
-5.27874
-5.27647
-5.27453
-5.27614
-5.27679
-5.27711
-5.2784
-5.27807
-5.27743
-5.27743
-5.27679
-5.27647
-5.27647
-5.27744
-5.27484
-5.27484
-5.2729
-5.27257
-5.2729
-5.27193
-5.27225
-5.27419
-5.27322
-5.27161
-5.27323
-5.27388
-5.27323
-5.2742
-5.2742
-5.27452
-5.27484
-5.27484
-5.27808
-5.28034
-5.27711
-5.27419
-5.27257
-5.27225
-5.2729
-5.27387
-5.27581
-5.27484
-5.27549
-5.27517
-5.2729
-5.27355
-5.27387
-5.27387
-5.27322
-5.27257
-5.27289
-5.27289
-5.27387
-5.27322
-5.27355
-5.27355
-5.27323
-5.27225
-5.27323
-5.27388
-5.27452
-5.27387
-5.27743
-5.27872
-5.27484
-5.27386
-5.27419
-5.27613
-5.27775
-5.28002
-5.28002
-5.27938
-5.27905
-5.27711
-5.27711
-5.27776
-5.27776
-5.27841
-5.27743
-5.27646
-5.27614
-5.27613
-5.27354
-5.2729
-5.27193
-5.27095
-5.2716
-5.27257
-5.27452
-5.27484
-5.27549
-5.27322
-5.27161
-5.26998
-5.26901
-5.26771
-5.2703
-5.27127
-5.27257
-5.27484
-5.27516
-5.27808
-5.27873
-5.28034
-5.28099
-5.28034
-5.28034
-5.28034
-5.2784
-5.27775
-5.27548
-5.27775
-5.27548
-5.27646
-5.27452
-5.27485
-5.27453
-5.27356
-5.27647
-5.27873
-5.27873
-5.2784
-5.27776
-5.27679
-5.27615
-5.27518
-5.2755
-5.27647
-5.27712
-5.27614
-5.27712
-5.27711
-5.27776
-5.27614
-5.27647
-5.27679
-5.27452
-5.27452
-5.27485
-5.27291
-5.27258
-5.27226
-5.27258
-5.2729
-5.27322
-5.27387
-5.27322
-5.2742
-5.27258
-5.27096
-5.2742
-5.27291
-5.27452
-5.27323
-5.27161
-5.27031
-5.27064
-5.26934
-5.26902
-5.26708
-5.26772
-5.26869
-5.26934
-5.27161
-5.27193
-5.2729
-5.27193
-5.27322
-5.27387
-5.2742
-5.27614
-5.27744
-5.27647
-5.27646
-5.27614
-5.27549
-5.27517
-5.27355
-5.2729
-5.27193
-5.2716
-5.2729
-5.27128
-5.27484
-5.27484
-5.27614
-5.27355
-5.2742
-5.27484
-5.27387
-5.27419
-5.27451
-5.27613
-5.27646
-5.27776
-5.27808
-5.27711
-5.27743
-5.27646
-5.27937
-5.27581
-5.27581
-5.27548
-5.27451
-5.2716
-5.27257
-5.27257
-5.27419
-5.27387
-5.27581
-5.27322
-5.27355
-5.27193
-5.27193
-5.27096
-5.27322
-5.27355
-5.27646
-5.27679
-5.27647
-5.27679
-5.27809
-5.27809
-5.27776
-5.27679
-5.27938
-5.27744
-5.27841
-5.27647
-5.27453
-5.27421
-5.27258
-5.27194
-5.27323
-5.27485
-5.27582
-5.27355
-5.27355
-5.27453
-5.2755
-5.27777
-5.27648
-5.27615
-5.27583
-5.27647
-5.27777
-5.27744
-5.2768
-5.27518
-5.27517
-5.27647
-5.27614
-5.27549
-5.27808
-5.27776
-5.27582
-5.27615
-5.27453
-5.27518
-5.27292
-5.27324
-5.27583
-5.27615
-5.27777
-5.2768
-5.27679
-5.2768
-5.2768
-5.27648
-5.2768
-5.27486
-5.27615
-5.27324
-5.27486
-5.27518
-5.27615
-5.27421
-5.27679
-5.2742
-5.27485
-5.27518
-5.27583
-5.27874
-5.27938
-5.27776
-5.27809
-5.27777
-5.27939
-5.27874
-5.27939
-5.27939
-5.27842
-5.27907
-5.27842
-5.27907
-5.27906
-5.27874
-5.27971
-5.28036
-5.27842
-5.28004
-5.2781
-5.27648
-5.27616
-5.27422
-5.27292
-5.2713
-5.27097
-5.27227
-5.2713
-5.27032
-5.2713
-5.27227
-5.27551
-5.27616
-5.27713
-5.27648
-5.27778
-5.27843
-5.27875
-5.27778
-5.2781
-5.27616
-5.27615
-5.27583
-5.27324
-5.27291
-5.27194
-5.27357
-5.27519
-5.27681
-5.27616
-5.27746
-5.27681
-5.27843
-5.27778
-5.27875
-5.2781
-5.27648
-5.27389
-5.27421
-5.27453
-5.27712
-5.27583
-5.27518
-5.27583
-5.27939
-5.28004
-5.28004
-5.27907
-5.27842
-5.2768
-5.27551
-5.2768
-5.27712
-5.2768
-5.27648
-5.27615
-5.27712
-5.27648
-5.27615
-5.27291
-5.27323
-5.27421
-5.27421
-5.27551
-5.2781
-5.27681
-5.27714
-5.27584
-5.27649
-5.27616
-5.27324
-5.27551
-5.27356
-5.27453
-5.27486
-5.2768
-5.27486
-5.27745
-5.27907
-5.2781
-5.27616
-5.27649
-5.27649
-5.27746
-5.27552
-5.27584
-5.27648
-5.27777
-5.27777
-5.27583
-5.27551
-5.27486
-5.27777
-5.27648
-5.27616
-5.28004
-5.28069
-5.28134
-5.27973
-5.28005
-5.27746
-5.27745
-5.27648
-5.27356
-5.27485
-5.27453
-5.27453
-5.27453
-5.2713
-5.27195
-5.27293
-5.27325
-5.2726
-5.27292
-5.27454
-5.27454
-5.27648
-5.27648
-5.27519
-5.27616
-5.27551
-5.27551
-5.27649
-5.27389
-5.27454
-5.27616
-5.27648
-5.27551
-5.27518
-5.27519
-5.27519
-5.27584
-5.27648
-5.27519
-5.27648
-5.27746
-5.27745
-5.2781
-5.27583
-5.27777
-5.27874
-5.27972
-5.27842
-5.27777
-5.27745
-5.2768
-5.27615
-5.27583
-5.27713
-5.27616
-5.27713
-5.27454
-5.27584
-5.27584
-5.27616
-5.27713
-5.27843
-5.27649
-5.27681
-5.27843
-5.27746
-5.27746
-5.27746
-5.27778
-5.27681
-5.27778
-5.27745
-5.27713
-5.27713
-5.27681
-5.27584
-5.27746
-5.27551
-5.2739
-5.2726
-5.27325
-5.27487
-5.27357
-5.2739
-5.27325
-5.2726
-5.2726
-5.27163
-5.2713
-5.27291
-5.27453
-5.27485
-5.27518
-5.27421
-5.27518
-5.27519
-5.27649
-5.27487
-5.27487
-5.27196
-5.26969
-5.27033
-5.2713
-5.27065
-5.27098
-5.27033
-5.27065
-5.27389
-5.27388
-5.27291
-5.27389
-5.27616
-5.27616
-5.27584
-5.27682
-5.27779
-5.27714
-5.27552
-5.27973
-5.27908
-5.28005
-5.27778
-5.27778
-5.27875
-5.27907
-5.28069
-5.27843
-5.28037
-5.2794
-5.28134
-5.28102
-5.27973
-5.27941
-5.27811
-5.27714
-5.27617
-5.27423
-5.27456
-5.27358
-5.27228
-5.27325
-5.27455
-5.27325
-5.27357
-5.27454
-5.27422
-5.27422
-5.27293
-5.27261
-5.27423
-5.27553
-5.2765
-5.27455
-5.27617
-5.27552
-5.27487
-5.2752
-5.27617
-5.27455
-5.27552
-5.27649
-5.27681
-5.27454
-5.2739
-5.27681
-5.27778
-5.27745
-5.27551
-5.27648
-5.27584
-5.27616
-5.27746
-5.27714
-5.27681
-5.27325
-5.2726
-5.27162
-5.2713
-5.27357
-5.27292
-5.27357
-5.27195
-5.27486
-5.27551
-5.27519
-5.27455
-5.27228
-5.2726
-5.27261
-5.27455
-5.27325
-5.27228
-5.27325
-5.27163
-5.27163
-5.27389
-5.27454
-5.27357
-5.27422
-5.27487
-5.27552
-5.27487
-5.27487
-5.27585
-5.27585
-5.27714
-5.27552
-5.27357
-5.27195
-5.27227
-5.27162
-5.27518
-5.27292
-5.27421
-5.27195
-5.27033
-5.27131
-5.27357
-5.27552
-5.27681
-5.27843
-5.28037
-5.27908
-5.27714
-5.27778
-5.27714
-5.27811
-5.27616
-5.27713
-5.27584
-5.27811
-5.27714
-5.27779
-5.27585
-5.27682
-5.27552
-5.27553
-5.27585
-5.27488
-5.2765
-5.27455
-5.27552
-5.27584
-5.27552
-5.27714
-5.27714
-5.2794
-5.27681
-5.27714
-5.27681
-5.2752
-5.27649
-5.27779
-5.27811
-5.27747
-5.27617
-5.2765
-5.27488
-5.27358
-5.27358
-5.27358
-5.27455
-5.27584
-5.27487
-5.27325
-5.2726
-5.27195
-5.27228
-5.27325
-5.27357
-5.27422
-5.27422
-5.2739
-5.27487
-5.27585
-5.27617
-5.27585
-5.27585
-5.27714
-5.27682
-5.27584
-5.27487
-5.27455
-5.27519
-5.27583
-5.27648
-5.27551
-5.27713
-5.27681
-5.27649
-5.27584
-5.2752
-5.27552
-5.27584
-5.27746
-5.27811
-5.27681
-5.27876
-5.27778
-5.27843
-5.27552
-5.27843
-5.27908
-5.27746
-5.27843
-5.27681
-5.27713
-5.2794
-5.27778
-5.27616
-5.2739
-5.27099
-5.27034
-5.27293
-5.27261
-5.27358
-5.27358
-5.27519
-5.27519
-5.27584
-5.27681
-5.27649
-5.27681
-5.27325
-5.27098
-5.27196
-5.2726
-5.27228
-5.27325
-5.27422
-5.27454
-5.27357
-5.27616
-5.27681
-5.27616
-5.27714
-5.27779
-5.27455
-5.27617
-5.27843
-5.27746
-5.27649
-5.27487
-5.27358
-5.27358
-5.27164
-5.2739
-5.27487
-5.27584
-5.27649
-5.27584
-5.27584
-5.27423
-5.2739
-5.27261
-5.2739
-5.27261
-5.27357
-5.27293
-5.27358
-5.27261
-5.27585
-5.27423
-5.27585
-5.27552
-5.27423
-5.27358
-5.2739
-5.27423
-5.27552
-5.27422
-5.27292
-5.27616
-5.27681
-5.27584
-5.27519
-5.27519
-5.27552
-5.27682
-5.27747
-5.27844
-5.27746
-5.27778
-5.27422
-5.27551
-5.27487
-5.27649
-5.27713
-5.27713
-5.2781
-5.27681
-5.27745
-5.27907
-5.2781
-5.27842
-5.27907
-5.27648
-5.27713
-5.27746
-5.27551
-5.27487
-5.27584
-5.27584
-5.27681
-5.27713
-5.27421
-5.27518
-5.27647
-5.27485
-5.27388
-5.27226
-5.27486
-5.27518
-5.27357
-5.27519
-5.27584
-5.27454
-5.27454
-5.27389
-5.27486
-5.27454
-5.27421
-5.27291
-5.2713
-5.27162
-5.27097
-5.27195
-5.27195
-5.27001
-5.27228
-5.27066
-5.27066
-5.27227
-5.27292
-5.27421
-5.27356
-5.27356
-5.27421
-5.27324
-5.2713
-5.27324
-5.27389
-5.27486
-5.27584
-5.27389
-5.27422
-5.27454
-5.27292
-5.27227
-5.27194
-5.27388
-5.27389
-5.27486
-5.27615
-5.2768
-5.2781
-5.27778
-5.27681
-5.27649
-5.2739
-5.27195
-5.27162
-5.27162
-5.27518
-5.27453
-5.27453
-5.27582
-5.27647
-5.27744
-5.27583
-5.27583
-5.2755
-5.27389
-5.27259
-5.27033
-5.27162
-5.27324
-5.27356
-5.27388
-5.27486
-5.27583
-5.27615
-5.27745
-5.27583
-5.27421
-5.27292
-5.27324
-5.27292
-5.27486
-5.2768
-5.27486
-5.27615
-5.27712
-5.27777
-5.27777
-5.2781
-5.2768
-5.2768
-5.27648
-5.27615
-5.2755
-5.27647
-5.27745
-5.27615
-5.27421
-5.27421
-5.27453
-5.27453
-5.27647
-5.27647
-5.27809
-5.27647
-5.27582
-5.27355
-5.2742
-5.27453
-5.27744
-5.27744
-5.27776
-5.27647
-5.27938
-5.28068
-5.27874
-5.27906
-5.27874
-5.27712
-5.27648
-5.27583
-5.27486
-5.27453
-5.27389
-5.27453
-5.27485
-5.27549
-5.27484
-5.27387
-5.27387
-5.27517
-5.27453
-5.27388
-5.2768
-5.27454
-5.27648
-5.27648
-5.27616
-5.27745
-5.27745
-5.2768
-5.27809
-5.27777
-5.27744
-5.27745
-5.2781
-5.27745
-5.27777
-5.27842
-5.27713
-5.27454
-5.27583
-5.27421
-5.27453
-5.27389
-5.27259
-5.27194
-5.27227
-5.27259
-5.27356
-5.27518
-5.27485
-5.2755
-5.2742
-5.2742
-5.27388
-5.2755
-5.27712
-5.27809
-5.27841
-5.27874
-5.27615
-5.27615
-5.27485
-5.27453
-5.27518
-5.27356
-5.27518
-5.2755
-5.27485
-5.27421
-5.27323
-5.27647
-5.27744
-5.27485
-5.27485
-5.27518
-5.27485
-5.27324
-5.27421
-5.27453
-5.2742
-5.27323
-5.27388
-5.27323
-5.27226
-5.27064
-5.27226
-5.27388
-5.27583
-5.27647
-5.27712
-5.2768
-5.27518
-5.2768
-5.27551
-5.2781
-5.2781
-5.28231
-5.28263
-5.28003
-5.28003
-5.28165
-5.27971
-5.27938
-5.28003
-5.27841
-5.27647
-5.27647
-5.27646
-5.27614
-5.27711
-5.27711
-5.2755
-5.2755
-5.2742
-5.27485
-5.2742
-5.27259
-5.27162
-5.27194
-5.27194
-5.27064
-5.26967
-5.26967
-5.26999
-5.27097
-5.2742
-5.2742
-5.27582
-5.27485
-5.2742
-5.27647
-5.27615
-5.27388
-5.27453
-5.27421
-5.27421
-5.27227
-5.27162
-5.27485
-5.27485
-5.27517
-5.27549
-5.27323
-5.27388
-5.27421
-5.27389
-5.27518
-5.27648
-5.27713
-5.27518
-5.27713
-5.27907
-5.2781
-5.27777
-5.2768
-5.27421
-5.27453
-5.27809
-5.27841
-5.27777
-5.27712
-5.2768
-5.2768
-5.27907
-5.2768
-5.27875
-5.27713
-5.27421
-5.27422
-5.27357
-5.27454
-5.27357
-5.27389
-5.27388
-5.27323
-5.27452
-5.27452
-5.27453
-5.27485
-5.27809
-5.2768
-5.27712
-5.27712
-5.27486
-5.27551
-5.27583
-5.27486
-5.27583
-5.27745
-5.28004
-5.27874
-5.27809
-5.28036
-5.28198
-5.2836
-5.28166
-5.28231
-5.28101
-5.28069
-5.27908
-5.27778
-5.27486
-5.27389
-5.27389
-5.27486
-5.27486
-5.27388
-5.27389
-5.27259
-5.27356
-5.27259
-5.27389
-5.27356
-5.27421
-5.27421
-5.27421
-5.27421
-5.27324
-5.27259
-5.27259
-5.27259
-5.27162
-5.27097
-5.27226
-5.27259
-5.27518
-5.27712
-5.27551
-5.27647
-5.27615
-5.27777
-5.2781
-5.27745
-5.27713
-5.27875
-5.28004
-5.27939
-5.27874
-5.27712
-5.27809
-5.27842
-5.27712
-5.27939
-5.27906
-5.27939
-5.27744
-5.27615
-5.27809
-5.27939
-5.28069
-5.27939
-5.27843
-5.27616
-5.27616
-5.27551
-5.27583
-5.27583
-5.27485
-5.27744
-5.27712
-5.27518
-5.2755
-5.27421
-5.27485
-5.27518
-5.2755
-5.27421
-5.27486
-5.27389
-5.27227
-5.27227
-5.27162
-5.27356
-5.27388
-5.27906
-5.27711
-5.27647
-5.27647
-5.27776
-5.27712
-5.27583
-5.27713
-5.27842
-5.27713
-5.27518
-5.27194
-5.27356
-5.27258
-5.27225
-5.27387
-5.27355
-5.27128
-5.27258
-5.27421
-5.27551
-5.27713
-5.27616
-5.27616
-5.27842
-5.2781
-5.27809
-5.27906
-5.27679
-5.27388
-5.27291
-5.27647
-5.27582
-5.2742
-5.27453
-5.27323
-5.27258
-5.27031
-5.27096
-5.27064
-5.27032
-5.27032
-5.27097
-5.27259
-5.27356
-5.27648
-5.27551
-5.27615
-5.27583
-5.27323
-5.2755
-5.2755
-5.2755
-5.2755
-5.27517
-5.27744
-5.27712
-5.27518
-5.27388
-5.27582
-5.2755
-5.27485
-5.27486
-5.27486
-5.27292
-5.27292
-5.27583
-5.27615
-5.27809
-5.27842
-5.27744
-5.27647
-5.27582
-5.27517
-5.2742
-5.27582
-5.27679
-5.27712
-5.2755
-5.2768
-5.27712
-5.27809
-5.28003
-5.28035
-5.27906
-5.27711
-5.27452
-5.27388
-5.27291
-5.27194
-5.26967
-5.27161
-5.27225
-5.27063
-5.27128
-5.26933
-5.26966
-5.27031
-5.27387
-5.27322
-5.27484
-5.27549
-5.27485
-5.27614
-5.27809
-5.27776
-5.27906
-5.27906
-5.27744
-5.27711
-5.2797
-5.2797
-5.28067
-5.28002
-5.28067
-5.27905
-5.2797
-5.28002
-5.2797
-5.28067
-5.27776
-5.27809
-5.27776
-5.27809
-5.27615
-5.27421
-5.27453
-5.27582
-5.2755
-5.27615
-5.27873
-5.27582
-5.27484
-5.27549
-5.27581
-5.27614
-5.27744
-5.27679
-5.2755
-5.27324
-5.27421
-5.27356
-5.27356
-5.27388
-5.27582
-5.27614
-5.27517
-5.27646
-5.2742
-5.2755
-5.2755
-5.27518
-5.27485
-5.2755
-5.2742
-5.2755
-5.27323
-5.2729
-5.2742
-5.27517
-5.27549
-5.27614
-5.27517
-5.27452
-5.27647
-5.27841
-5.27939
-5.2768
-5.27712
-5.27809
-5.28036
-5.27711
-5.27517
-5.27549
-5.27614
-5.27743
-5.2784
-5.27678
-5.27808
-5.27646
-5.27647
-5.27744
-5.27808
-5.27808
-5.27841
-5.27582
-5.27517
-5.27419
-5.27193
-5.27387
-5.27355
-5.27419
-5.27549
-5.27484
-5.27452
-5.27646
-5.27452
-5.27614
-5.27711
-5.27581
-5.27679
-5.27678
-5.27517
-5.27614
-5.27581
-5.27355
-5.27355
-5.27354
-5.27452
-5.27452
-5.27484
-5.27322
-5.27322
-5.27387
-5.27549
-5.27387
-5.27484
-5.27517
-5.27452
-5.27484
-5.27387
-5.27225
-5.27225
-5.27095
-5.27257
-5.27354
-5.27354
-5.27484
-5.27517
-5.27679
-5.27776
-5.27905
-5.27581
-5.27451
-5.27515
-5.27515
-5.27515
-5.27645
-5.27613
-5.27775
-5.27872
-5.27743
-5.2784
-5.27937
-5.27743
-5.27775
-5.27743
-5.27807
-5.27742
-5.27775
-5.27742
-5.27645
-5.27451
-5.27484
-5.27387
-5.27581
-5.27548
-5.27581
-5.27613
-5.27483
-5.27645
-5.27742
-5.27645
-5.2771
-5.2784
-5.27613
-5.27483
-5.27321
-5.27321
-5.27353
-5.2745
-5.27548
-5.27515
-5.27419
-5.27451
-5.27581
-5.27807
-5.27904
-5.27937
-5.27839
-5.27807
-5.27872
-5.27969
-5.27807
-5.27742
-5.27644
-5.27612
-5.27418
-5.27515
-5.27288
-5.2732
-5.2745
-5.27482
-5.27612
-5.28033
-5.28033
-5.27904
-5.27709
-5.27677
-5.27709
-5.2758
-5.27386
-5.27386
-5.27386
-5.27289
-5.27354
-5.27451
-5.27613
-5.27548
-5.27515
-5.27353
-5.27385
-5.27417
-5.27417
-5.27417
-5.27256
-5.27353
-5.27515
-5.27709
-5.27871
-5.27839
-5.27806
-5.27904
-5.27936
-5.27839
-5.27548
-5.27677
-5.27418
-5.27353
-5.27288
-5.27191
-5.27256
-5.27385
-5.27418
-5.27417
-5.2745
-5.27321
-5.27321
-5.27354
-5.27418
-5.27321
-5.27192
-5.27224
-5.27386
-5.27483
-5.27677
-5.27709
-5.27677
-5.27806
-5.27612
-5.27742
-5.27548
-5.27353
-5.27451
-5.27677
-5.27904
-5.27904
-5.27839
-5.27969
-5.27871
-5.2771
-5.2758
-5.27613
-5.27645
-5.27483
-5.2758
-5.27386
-5.27547
-5.2745
-5.27547
-5.27612
-5.2745
-5.2745
-5.27612
-5.27645
-5.2771
-5.27612
-5.27547
-5.27612
-5.2745
-5.27515
-5.2758
-5.27645
-5.2771
-5.27872
-5.27774
-5.27806
-5.27871
-5.27709
-5.27612
-5.27644
-5.27676
-5.27806
-5.27903
-5.27871
-5.27742
-5.27677
-5.27483
-5.27516
-5.27451
-5.27515
-5.27353
-5.27191
-5.27061
-5.27061
-5.27158
-5.27223
-5.27256
-5.27224
-5.2745
-5.27515
-5.27385
-5.27256
-5.27547
-5.2745
-5.27321
-5.27029
-5.26964
-5.27029
-5.27094
-5.27191
-5.27191
-5.27353
-5.27385
-5.27547
-5.27644
-5.27741
-5.27677
-5.27644
-5.27774
-5.27838
-5.27871
-5.27968
-5.28065
-5.27839
-5.27839
-5.27936
-5.28001
-5.28001
-5.27807
-5.27968
-5.27936
-5.27969
-5.27645
-5.2771
-5.27645
-5.27613
-5.27386
-5.27353
-5.27321
-5.27547
-5.27677
-5.2758
-5.27645
-5.27483
-5.27386
-5.27386
-5.27321
-5.27289
-5.27418
-5.27515
-5.27547
-5.27774
-5.27839
-5.27774
-5.27774
-5.27483
-5.27256
-5.27353
-5.27385
-5.27417
-5.27385
-5.27385
-5.27385
-5.27612
-5.2758
-5.27547
-5.27547
-5.2771
-5.27968
-5.27904
-5.27742
-5.27742
-5.27612
-5.27612
-5.27612
-5.27483
-5.27482
-5.27418
-5.27418
-5.27418
-5.27385
-5.27418
-5.27321
-5.27386
-5.27353
-5.27548
-5.27645
-5.27547
-5.2758
-5.27353
-5.27418
-5.27482
-5.27547
-5.27677
-5.27806
-5.27677
-5.27483
-5.27418
-5.27548
-5.27613
-5.27645
-5.27516
-5.27515
-5.27354
-5.27451
-5.27709
-5.27774
-5.27644
-5.27676
-5.27903
-5.27968
-5.27741
-5.27677
-5.27547
-5.2745
-5.27515
-5.27482
-5.27223
-5.27255
-5.27385
-5.27288
-5.27255
-5.2732
-5.27579
-5.2745
-5.27644
-5.27579
-5.27709
-5.27644
-5.27612
-5.27741
-5.27774
-5.28
-5.27709
-5.27644
-5.28
-5.27935
-5.28
-5.27838
-5.28
-5.27806
-5.27644
-5.27612
-5.27579
-5.27806
-5.27611
-5.27708
-5.27838
-5.28
-5.27968
-5.28033
-5.28163
-5.2813
-5.27838
-5.28097
-5.28065
-5.27871
-5.27806
-5.27611
-5.27676
-5.27579
-5.27223
-5.2732
-5.27385
-5.2745
-5.27385
-5.27223
-5.27385
-5.27482
-5.27482
-5.27547
-5.27709
-5.27579
-5.27546
-5.27449
-5.27449
-5.27418
-5.2745
-5.27483
-5.27612
-5.27644
-5.27709
-5.27644
-5.27417
-5.27644
-5.27709
-5.27903
-5.27677
-5.27612
-5.27645
-5.27613
-5.27742
-5.27677
-5.27644
-5.27547
-5.2745
-5.27417
-5.27546
-5.27481
-5.27449
-5.27612
-5.27709
-5.27774
-5.27677
-5.27548
-5.27677
-5.27548
-5.27548
-5.27677
-5.27774
-5.27871
-5.2758
-5.27353
-5.27158
-5.27353
-5.2732
-5.2745
-5.27514
-5.27644
-5.27385
-5.27515
-5.27612
-5.27677
-5.27806
-5.27806
-5.27935
-5.27968
-5.27644
-5.27709
-5.2758
-5.27483
-5.27677
-5.27612
-5.27483
-5.27418
-5.27288
-5.27482
-5.27547
-5.27547
-5.2732
-5.27385
-5.27385
-5.27483
-5.27742
-5.27969
-5.27937
-5.2797
-5.27743
-5.2784
-5.2784
-5.27678
-5.2758
-5.27709
-5.27449
-5.27611
-5.27158
-5.27029
-5.27062
-5.27451
-5.27483
-5.27516
-5.27386
-5.27418
-5.27516
-5.27613
-5.27613
-5.27645
-5.27645
-5.27741
-5.27385
-5.27515
-5.27483
-5.27515
-5.27548
-5.27418
-5.27483
-5.27354
-5.27354
-5.27451
-5.27549
-5.27419
-5.27451
-5.27516
-5.27548
-5.2758
-5.27644
-5.27741
-5.27612
-5.27773
-5.27612
-5.27547
-5.27645
-5.27743
-5.27937
-5.28002
-5.281
-5.28164
-5.28002
-5.27807
-5.27807
-5.28034
-5.27969
-5.27742
-5.27483
-5.27515
-5.27677
-5.2758
-5.27484
-5.27354
-5.2716
-5.27063
-5.27258
-5.27452
-5.27679
-5.27679
-5.27355
-5.27386
-5.27354
-5.27548
-5.27548
-5.27483
-5.27646
-5.27775
-5.27743
-5.27775
-5.27549
-5.27549
-5.27614
-5.27646
-5.27581
-5.27646
-5.27679
-5.27808
-5.27679
-5.27776
-5.281
-5.28067
-5.27678
-5.2784
-5.27743
-5.27711
-5.27613
-5.27613
-5.27743
-5.27743
-5.2771
-5.27646
-5.27484
-5.27452
-5.27516
-5.27581
-5.27516
-5.27451
-5.27613
-5.27807
-5.28033
-5.28033
-5.27937
-5.27905
-5.28002
-5.27808
-5.27679
-5.27679
-5.27614
-5.2797
-5.27937
-5.27905
-5.27678
-5.27645
-5.27516
-5.27289
-5.2716
-5.27322
-5.27419
-5.27614
-5.27517
-5.27452
-5.27679
-5.27485
-5.27517
-5.27452
-5.27517
-5.27484
-5.27516
-5.27516
-5.27354
-5.27678
-5.27581
-5.27354
-5.27452
-5.27387
-5.27419
-5.27484
-5.27419
-5.27484
-5.2755
-5.27615
-5.27485
-5.27355
-5.27485
-5.27647
-5.27614
-5.27647
-5.27646
-5.27614
-5.27743
-5.2784
-5.2784
-5.27776
-5.27711
-5.27582
-5.27549
-5.27517
-5.27582
-5.27387
-5.27452
-5.27549
-5.27646
-5.27548
-5.27775
-5.27678
-5.27743
-5.27549
-5.27517
-5.27743
-5.27776
-5.27679
-5.27777
-5.27744
-5.27777
-5.27582
-5.27388
-5.27388
-5.27161
-5.27388
-5.27485
-5.27549
-5.27711
-5.27646
-5.27646
-5.27646
-5.27711
-5.27517
-5.2742
-5.27582
-5.27582
-5.2742
-5.27356
-5.27323
-5.27226
-5.2729
-5.2729
-5.27387
-5.27387
-5.27387
-5.27452
-5.27517
-5.2755
-5.27518
-5.27583
-5.27745
-5.27712
-5.27809
-5.27808
-5.27905
-5.27614
-5.27646
-5.27646
-5.27452
-5.27355
-5.27549
-5.27646
-5.27679
-5.27679
-5.27776
-5.27615
-5.27582
-5.27647
-5.27905
-5.27678
-5.27451
-5.27322
-5.27419
-5.27354
-5.27225
-5.27322
-5.27387
-5.27452
-5.27387
-5.27388
-5.2755
-5.2755
-5.27485
-5.27356
-5.27388
-5.27582
-5.27614
-5.27679
-5.27873
-5.27937
-5.28067
-5.28164
-5.2797
-5.28003
-5.28101
-5.28101
-5.28166
-5.27907
-5.27971
-5.27809
-5.27712
-5.28003
-5.27905
-5.2797
-5.27938
-5.27776
-5.27647
-5.27647
-5.27582
-5.27388
-5.2729
-5.27161
-5.27193
-5.27225
-5.27225
-5.27192
-5.27225
-5.27419
-5.27355
-5.27452
-5.27647
-5.27744
-5.2768
-5.27745
-5.27939
-5.27777
-5.27809
-5.2768
-5.27582
-5.27679
-5.27614
-5.27613
-5.27516
-5.27451
-5.27515
-5.27451
-5.27322
-5.27419
-5.27387
-5.27356
-5.27388
-5.27356
-5.27453
-5.27291
-5.27291
-5.27355
-5.27484
-5.27613
-5.27646
-5.27775
-5.27581
-5.27452
-5.27679
-5.27679
-5.27711
-5.27776
-5.27646
-5.27452
-5.27322
-5.27192
-5.27063
-5.26998
-5.27257
-5.2716
-5.27096
-5.27322
-5.2742
-5.27647
-5.27485
-5.27452
-5.27581
-5.27775
-5.2784
-5.27937
-5.27808
-5.27743
-5.27776
-5.27776
-5.28035
-5.27971
-5.27938
-5.27906
-5.27808
-5.27873
-5.27937
-5.27807
-5.27548
-5.27516
-5.27613
-5.27775
-5.27776
-5.27873
-5.27841
-5.27744
-5.27744
-5.27874
-5.28068
-5.27712
-5.27647
-5.27809
-5.27646
-5.27613
-5.27419
-5.27387
-5.27484
-5.27516
-5.27452
-5.27452
-5.27744
-5.27582
-5.27647
-5.27873
-5.27808
-5.27711
-5.27808
-5.27711
-5.27711
-5.27905
-5.27905
-5.27873
-5.2797
-5.27873
-5.27776
-5.27711
-5.27582
-5.27484
-5.27354
-5.27322
-5.27484
-5.27451
-5.27354
-5.27322
-5.27581
-5.27516
-5.27355
-5.27581
-5.27419
-5.27548
-5.27678
-5.27483
-5.27548
-5.27321
-5.27548
-5.27613
-5.27613
-5.2771
-5.27645
-5.27645
-5.27613
-5.27419
-5.27257
-5.27451
-5.27353
-5.27548
-5.27515
-5.2758
-5.27548
-5.27418
-5.27483
-5.27386
-5.27515
-5.27451
-5.27354
-5.27224
-5.27451
-5.2758
-5.27483
-5.27321
-5.27321
-5.27483
-5.27774
-5.27775
-5.27743
-5.27484
-5.27613
-5.27451
-5.2771
-5.27807
-5.27904
-5.27807
-5.27807
-5.27904
-5.27904
-5.27806
-5.27968
-5.27839
-5.27807
-5.27612
-5.27774
-5.2771
-5.27936
-5.27807
-5.27677
-5.27677
-5.27515
-5.27548
-5.27386
-5.27224
-5.27094
-5.26899
-5.26834
-5.26769
-5.26996
-5.27126
-5.27094
-5.27191
-5.27256
-5.27289
-5.27256
-5.27321
-5.2758
-5.2758
-5.27418
-5.2745
-5.27774
-5.27807
-5.27677
-5.28001
-5.28033
-5.28098
-5.28033
-5.2813
-5.28066
-5.28195
-5.2826
-5.28228
-5.28195
-5.28098
-5.28065
-5.27807
-5.27613
-5.2758
-5.27678
-5.27678
-5.27354
-5.27515
-5.27353
-5.27159
-5.27126
-5.27094
-5.27256
-5.27321
-5.2745
-5.27353
-5.27288
-5.27191
-5.27288
-5.27385
-5.27385
-5.27386
-5.27483
-5.27548
-5.27548
-5.27354
-5.27354
-5.27645
-5.27742
-5.2758
-5.27483
-5.2758
-5.27418
-5.27321
-5.27256
-5.27288
-5.27417
-5.27223
-5.27255
-5.2745
-5.27644
-5.27742
-5.27872
-5.27936
-5.27645
-5.27516
-5.27483
-5.2745
-5.27256
-5.27482
-5.27612
-5.27644
-5.27353
-5.27612
-5.2758
-5.27613
-5.27613
-5.27548
-5.27872
-5.28034
-5.27775
-5.27774
-5.27871
-5.27742
-5.27839
-5.27806
-5.27612
-5.27709
-5.27709
-5.27677
-5.27872
-5.27548
-5.27386
-5.27354
-5.27484
-5.27419
-5.27484
-5.27451
-5.2758
-5.27515
-5.27547
-5.27644
-5.27612
-5.27611
-5.27838
-5.27482
-5.27321
-5.27159
-5.27386
-5.27548
-5.27645
-5.27549
-5.27613
-5.27678
-5.27839
-5.27774
-5.27677
-5.27709
-5.27871
-5.27936
-5.28098
-5.27742
-5.27774
-5.27645
-5.27612
-5.27709
-5.27644
-5.27709
-5.27547
-5.27483
-5.27418
-5.2758
-5.27613
-5.27612
-5.27645
-5.27645
-5.27645
-5.27612
-5.27515
-5.27644
-5.27644
-5.2758
-5.27515
-5.2771
-5.27483
-5.27321
-5.27224
-5.27224
-5.27256
-5.27191
-5.27159
-5.27256
-5.26997
-5.27191
-5.27191
-5.27094
-5.27159
-5.27191
-5.27289
-5.27159
-5.27224
-5.27483
-5.27645
-5.2771
-5.27774
-5.27839
-5.27807
-5.27839
-5.2771
-5.27677
-5.27839
-5.27839
-5.27969
-5.27936
-5.27872
-5.27839
-5.27904
-5.27904
-5.27936
-5.28066
-5.28066
-5.27969
-5.27742
-5.27678
-5.27645
-5.27516
-5.27484
-5.27484
-5.27419
-5.27451
-5.27322
-5.27257
-5.27353
-5.27256
-5.27321
-5.2758
-5.27418
-5.27613
-5.27548
-5.27483
-5.27483
-5.27289
-5.27387
-5.27581
-5.27484
-5.27516
-5.27677
-5.27742
-5.27677
-5.27677
-5.27709
-5.27645
-5.27612
-5.27322
-5.27581
-5.27711
-5.27614
-5.27549
-5.27484
-5.27484
-5.27322
-5.27451
-5.27386
-5.27289
-5.27451
-5.2758
-5.27418
-5.27288
-5.27321
-5.27418
-5.27645
-5.27548
-5.27127
-5.27353
-5.27256
-5.27353
-5.27417
-5.2732
-5.27515
-5.27385
-5.27353
-5.27256
-5.26932
-5.27158
-5.27223
-5.27385
-5.27385
-5.27321
-5.27644
-5.27515
-5.27612
-5.27709
-5.27774
-5.27677
-5.27709
-5.27644
-5.27904
-5.27677
-5.27806
-5.27774
-5.27645
-5.27677
-5.27645
-5.27353
-5.27256
-5.2745
-5.27709
-5.2745
-5.27547
-5.27676
-5.27838
-5.27935
-5.27935
-5.2813
-5.28065
-5.28066
-5.28033
-5.28195
-5.2826
-5.28325
-5.2813
-5.28033
-5.27676
-5.27579
-5.27482
-5.27417
-5.27514
-5.27579
-5.27611
-5.27675
-5.2774
-5.27482
-5.27579
-5.27417
-5.27515
-5.27579
-5.27547
-5.27709
-5.27676
-5.27903
-5.27935
-5.2787
-5.27902
-5.27708
-5.27837
-5.28032
-5.28032
-5.27999
-5.27902
-5.27902
-5.27967
-5.27838
-5.27838
-5.27774
-5.27482
-5.27256
-5.27256
-5.27223
-5.27417
-5.27352
-5.27611
-5.27547
-5.27515
-5.27547
-5.27385
-5.27579
-5.27449
-5.27417
-5.27514
-5.27643
-5.27805
-5.27871
-5.28033
-5.28065
-5.27936
-5.27677
-5.27612
-5.2745
-5.27515
-5.27418
-5.27418
-5.27256
-5.27482
-5.27514
-5.27482
-5.27644
-5.27676
-5.27741
-5.27741
-5.27709
-5.27709
-5.27676
-5.27353
-5.2732
-5.27288
-5.27579
-5.27676
-5.27773
-5.27709
-5.27708
-5.27741
-5.27417
-5.27644
-5.27514
-5.27547
-5.27644
-5.27612
-5.27774
-5.27645
-5.27709
-5.27644
-5.27677
-5.27547
-5.27547
-5.27483
-5.27386
-5.27386
-5.27451
-5.27483
-5.27548
-5.27709
-5.27515
-5.27515
-5.27482
-5.27612
-5.27644
-5.27515
-5.27482
-5.2745
-5.27612
-5.2758
-5.27548
-5.27419
-5.27613
-5.27645
-5.27483
-5.27677
-5.27839
-5.27936
-5.27839
-5.27871
-5.2813
-5.28195
-5.28261
-5.28196
-5.27937
-5.27808
-5.27613
-5.27613
-5.27678
-5.27354
-5.27159
-5.27483
-5.27548
-5.27484
-5.27645
-5.27548
-5.27419
-5.27451
-5.27289
-5.27419
-5.27646
-5.27678
-5.27581
-5.27581
-5.27742
-5.2784
-5.27872
-5.27742
-5.2771
-5.27742
-5.27742
-5.27839
-5.27742
-5.27839
-5.2771
-5.2771
-5.27549
-5.27678
-5.27743
-5.27807
-5.27645
-5.27613
-5.27515
-5.27676
-5.27644
-5.27611
-5.27449
-5.27385
-5.27191
-5.27223
-5.27288
-5.27256
-5.27321
-5.27386
-5.27612
-5.27548
-5.27742
-5.27904
-5.2771
-5.27612
-5.27612
-5.27709
-5.27709
-5.27775
-5.27807
-5.27775
-5.27775
-5.27678
-5.27775
-5.27613
-5.27678
-5.27581
-5.27386
-5.27386
-5.27386
-5.27192
-5.27094
-5.27289
-5.27224
-5.27257
-5.27289
-5.27289
-5.27193
-5.27128
-5.2716
-5.27128
-5.27095
-5.27225
-5.2716
-5.27031
-5.27063
-5.27322
-5.2742
-5.27614
-5.27355
-5.27225
-5.27257
-5.27322
-5.2729
-5.27387
-5.27387
-5.27355
-5.27387
-5.27517
-5.27517
-5.27711
-5.27841
-5.27647
-5.27841
-5.27744
-5.27776
-5.27646
-5.27614
-5.27679
-5.27679
-5.27647
-5.27549
-5.27646
-5.27484
-5.27387
-5.27387
-5.2729
-5.27323
-5.27614
-5.27679
-5.27678
-5.27549
-5.27678
-5.27743
-5.27678
-5.27354
-5.27419
-5.27516
-5.27387
-5.27419
-5.27549
-5.27646
-5.27679
-5.27517
-5.27484
-5.2729
-5.27257
-5.27387
-5.27419
-5.27484
-5.27484
-5.27581
-5.27678
-5.2771
-5.27678
-5.27678
-5.27581
-5.2742
-5.27323
-5.27226
-5.27226
-5.27388
-5.2729
-5.27323
-5.27517
-5.27452
-5.2729
-5.27387
-5.2729
-5.27192
-5.27322
-5.27095
-5.27289
-5.27516
-5.27419
-5.27549
-5.27419
-5.27484
-5.27646
-5.27646
-5.27581
-5.27613
-5.27484
-5.27581
-5.27548
-5.27548
-5.27548
-5.27516
-5.27354
-5.27419
-5.27354
-5.27646
-5.27484
-5.27484
-5.2742
-5.27549
-5.27452
-5.27451
-5.27645
-5.27904
-5.2784
-5.27872
-5.2784
-5.27775
-5.27807
-5.2784
-5.2784
-5.2771
-5.27743
-5.2771
-5.27645
-5.27386
-5.27483
-5.27451
-5.2758
-5.27613
-5.27645
-5.27742
-5.27548
-5.27483
-5.27322
-5.27322
-5.27613
-5.27613
-5.27775
-5.2771
-5.27645
-5.27645
-5.27645
-5.27677
-5.27774
-5.27741
-5.27839
-5.27515
-5.27321
-5.2745
-5.27288
-5.27418
-5.27807
-5.2758
-5.27385
-5.27515
-5.27417
-5.27514
-5.27612
-5.27773
-5.27806
-5.27838
-5.27612
-5.27709
-5.27742
-5.27806
-5.27612
-5.27709
-5.27645
-5.27515
-5.27516
-5.27483
-5.27678
-5.27483
-5.27419
-5.27321
-5.27159
-5.27062
-5.269
-5.26835
-5.27062
-5.27127
-5.27191
-5.27321
-5.27418
-5.27386
-5.27548
-5.27548
-5.27742
-5.27709
-5.27871
-5.27709
-5.27548
-5.27774
-5.27839
-5.28001
-5.28066
-5.28066
-5.28098
-5.28098
-5.27872
-5.27677
-5.27547
-5.27514
-5.27352
-5.27417
-5.27547
-5.27806
-5.27774
-5.27742
-5.27548
-5.2771
-5.27872
-5.2758
-5.27807
-5.27548
-5.27645
-5.27774
-5.27645
-5.27483
-5.2745
-5.27353
-5.27451
-5.27386
-5.27354
-5.27321
-5.27353
-5.27515
-5.2758
-5.27385
-5.27612
-5.2758
-5.27644
-5.27774
-5.27903
-5.27773
-5.27773
-5.27806
-5.27708
-5.27676
-5.27547
-5.27579
-5.27482
-5.27514
-5.27482
-5.27288
-5.2732
-5.27482
-5.27353
-5.27482
-5.27352
-5.27417
-5.27449
-5.27352
-5.27579
-5.27515
-5.27515
-5.27741
-5.27612
-5.27612
-5.27741
-5.27709
-5.27903
-5.27871
-5.27709
-5.27806
-5.27709
-5.27741
-5.27806
-5.27612
-5.27709
-5.27742
-5.27806
-5.27709
-5.27774
-5.27773
-5.27708
-5.27676
-5.27677
-5.27612
-5.2758
-5.2732
-5.27288
-5.27061
-5.27126
-5.27222
-5.2719
-5.26996
-5.27093
-5.27093
-5.27029
-5.26997
-5.27223
-5.27547
-5.27644
-5.27579
-5.27547
-5.27353
-5.27256
-5.27385
-5.27353
-5.27289
-5.27418
-5.27288
-5.26997
-5.27385
-5.27676
-5.27579
-5.27514
-5.27385
-5.27514
-5.2745
-5.27547
-5.27515
-5.27645
-5.27612
-5.27775
-5.28099
-5.28228
-5.28228
-5.28131
-5.28066
-5.27742
-5.27936
-5.27903
-5.27774
-5.27612
-5.27482
-5.27547
-5.27515
-5.27709
-5.27709
-5.27709
-5.27709
-5.27677
-5.27644
-5.2745
-5.27288
-5.27288
-5.27159
-5.27321
-5.27451
-5.2758
-5.27645
-5.27581
-5.27322
-5.27386
-5.27321
-5.27224
-5.27224
-5.27094
-5.27451
-5.27353
-5.27483
-5.27775
-5.27484
-5.27419
-5.27548
-5.27289
-5.27289
-5.27484
-5.27258
-5.27355
-5.2729
-5.27322
-5.27322
-5.27354
-5.27387
-5.27128
-5.27289
-5.27484
-5.2771
-5.27808
-5.27808
-5.27872
-5.27711
-5.27905
-5.27613
-5.27775
-5.27516
-5.27549
-5.27517
-5.27581
-5.27711
-5.27646
-5.27743
-5.27646
-5.27711
-5.27743
-5.2784
-5.27743
-5.27678
-5.27452
-5.27322
-5.27419
-5.27484
-5.27355
-5.27128
-5.27128
-5.27031
-5.26934
-5.27096
-5.27193
-5.2729
-5.27484
-5.2729
-5.26934
-5.26804
-5.26707
-5.26966
-5.26998
-5.27031
-5.27063
-5.27128
-5.27128
-5.27323
-5.27096
-5.27031
-5.27193
-5.27161
-5.27161
-5.27355
-5.27711
-5.2771
-5.27743
-5.27581
-5.27613
-5.27614
-5.27646
-5.27452
-5.27647
-5.27744
-5.2797
-5.27581
-5.27387
-5.2742
-5.27291
-5.27097
-5.27129
-5.27064
-5.27096
-5.27064
-5.27193
-5.27419
-5.27387
-5.27646
-5.27678
-5.27775
-5.27613
-5.27807
-5.27969
-5.2797
-5.28035
-5.27776
-5.27679
-5.27485
-5.27355
-5.2742
-5.27225
-5.27484
-5.27516
-5.27516
-5.27419
-5.27419
-5.27516
-5.27322
-5.27387
-5.27289
-5.27289
-5.27224
-5.27354
-5.27483
-5.2784
-5.27905
-5.27937
-5.27904
-5.27969
-5.28002
-5.27808
-5.27938
-5.27841
-5.2797
-5.27744
-5.27517
-5.27614
-5.27613
-5.27516
-5.2758
-5.27774
-5.27548
-5.27289
-5.27451
-5.27613
-5.27646
-5.27613
-5.27581
-5.27679
-5.27776
-5.27937
-5.27775
-5.2771
-5.27775
-5.27678
-5.27581
-5.27646
-5.27355
-5.27354
-5.27322
-5.27321
-5.27095
-5.27256
-5.27159
-5.269
-5.26738
-5.26706
-5.26836
-5.26933
-5.27094
-5.27289
-5.27353
-5.27418
-5.27483
-5.27613
-5.27678
-5.27548
-5.27516
-5.27483
-5.2771
-5.27645
-5.27515
-5.27644
-5.27677
-5.27644
-5.27709
-5.27547
-5.27515
-5.27386
-5.27321
-5.27515
-5.27645
-5.27807
-5.2771
-5.27742
-5.27807
-5.2771
-5.27807
-5.27872
-5.27742
-5.2758
-5.2758
-5.27516
-5.27548
-5.27418
-5.27159
-5.27257
-5.27224
-5.27127
-5.27321
-5.27256
-5.27321
-5.27418
-5.27483
-5.27547
-5.27677
-5.2758
-5.27742
-5.27613
-5.27646
-5.2784
-5.27873
-5.27743
-5.27775
-5.27646
-5.27548
-5.27645
-5.27645
-5.27418
-5.27483
-5.27612
-5.27645
-5.2758
-5.27451
-5.27516
-5.27646
-5.27451
-5.27581
-5.27613
-5.2758
-5.27548
-5.27515
-5.27548
-5.27677
-5.27613
-5.27742
-5.27548
-5.2758
-5.2758
-5.27516
-5.27548
-5.27677
-5.27386
-5.2703
-5.27224
-5.27191
-5.2745
-5.27224
-5.27483
-5.2758
-5.27483
-5.27322
-5.27548
-5.27581
-5.27645
-5.27548
-5.27483
-5.27354
-5.27354
-5.27256
-5.27289
-5.27321
-5.27289
-5.27159
-5.27159
-5.27288
-5.27386
-5.27418
-5.27483
-5.27516
-5.2771
-5.27807
-5.27969
-5.27839
-5.27677
-5.27548
-5.27354
-5.27645
-5.27612
-5.27677
-5.27709
-5.27677
-5.27547
-5.2745
-5.27256
-5.27321
-5.27548
-5.27451
-5.27354
-5.27257
-5.27063
-5.27127
-5.27257
-5.27353
-5.2758
-5.27515
-5.27385
-5.27386
-5.27483
-5.2745
-5.27418
-5.27386
-5.27548
-5.27451
-5.27645
-5.2758
-5.27321
-5.27062
-5.27224
-5.27159
-5.27224
-5.2703
-5.27127
-5.27321
-5.27353
-5.27418
-5.2758
-5.27418
-5.2745
-5.27482
-5.27547
-5.2745
-5.27386
-5.27224
-5.27289
-5.27321
-5.27354
-5.27386
-5.27451
-5.27418
-5.2771
-5.2758
-5.27515
-5.2758
-5.27483
-5.27612
-5.27644
-5.2745
-5.27612
-5.27483
-5.27418
-5.27386
-5.27645
-5.27709
-5.27677
-5.27677
-5.27579
-5.2745
-5.27224
-5.27224
-5.27127
-5.27257
-5.27289
-5.27127
-5.269
-5.26868
-5.26997
-5.2758
-5.27515
-5.27612
-5.27548
-5.27516
-5.27548
-5.2771
-5.27743
-5.27872
-5.27839
-5.27936
-5.27774
-5.28001
-5.28033
-5.27904
-5.2771
-5.27677
-5.27483
-5.27483
-5.2758
-5.27742
-5.27839
-5.27515
-5.27645
-5.27547
-5.27548
-5.27483
-5.2745
-5.27321
-5.27418
-5.27483
-5.2758
-5.27483
-5.27289
-5.27192
-5.27062
-5.27095
-5.27192
-5.27192
-5.27063
-5.27063
-5.26965
-5.27062
-5.27418
-5.27483
-5.27515
-5.27516
-5.27418
-5.27419
-5.27516
-5.27516
-5.27451
-5.27548
-5.27645
-5.27451
-5.27677
-5.2758
-5.27548
-5.27807
-5.27742
-5.2771
-5.27775
-5.27742
-5.2784
-5.27678
-5.27646
-5.27581
-5.27548
-5.27386
-5.27451
-5.27451
-5.27289
-5.27418
-5.27418
-5.27612
-5.27644
-5.27645
-5.27451
-5.27289
-5.27257
-5.27127
-5.27127
-5.27159
-5.27159
-5.27256
-5.27224
-5.27159
-5.27029
-5.269
-5.26965
-5.26868
-5.26706
-5.26771
-5.26771
-5.26997
-5.27159
-5.27191
-5.27353
-5.27191
-5.27224
-5.27385
-5.27483
-5.2758
-5.27515
-5.2745
-5.2771
-5.27612
-5.27742
-5.27289
-5.27548
-5.2745
-5.27418
-5.27548
-5.27451
-5.27451
-5.2771
-5.27645
-5.27743
-5.27613
-5.27484
-5.27516
-5.27451
-5.27451
-5.27257
-5.27128
-5.27095
-5.27257
-5.27063
-5.26901
-5.27127
-5.27192
-5.27289
-5.27483
-5.27774
-5.27678
-5.27483
-5.27613
-5.27678
-5.27484
-5.27549
-5.27581
-5.27808
-5.27711
-5.27678
-5.27516
-5.27548
-5.27548
-5.27452
-5.27646
-5.27744
-5.27679
-5.2755
-5.27226
-5.27128
-5.27193
-5.27355
-5.27193
-5.27128
-5.27193
-5.27031
-5.27095
-5.2716
-5.27355
-5.27517
-5.27517
-5.27452
-5.27581
-5.27614
-5.27776
-5.27873
-5.281
-5.28327
-5.28165
-5.28198
-5.28198
-5.28165
-5.27938
-5.27679
-5.27614
-5.27938
-5.27873
-5.27614
-5.27679
-5.2755
-5.27518
-5.27582
-5.27452
-5.27776
-5.27808
-5.27776
-5.27647
-5.2755
-5.27582
-5.27582
-5.27387
-5.27452
-5.27322
-5.27355
-5.27517
-5.2742
-5.27647
-5.27517
-5.27679
-5.27744
-5.27549
-5.27614
-5.27484
-5.27485
-5.27614
-5.2755
-5.27485
-5.27647
-5.27776
-5.27711
-5.27808
-5.27776
-5.27744
-5.27484
-5.27193
-5.27128
-5.27192
-5.27322
-5.27678
-5.27549
-5.27679
-5.27679
-5.27485
-5.27549
-5.2755
-5.27614
-5.27744
-5.27938
-5.28002
-5.27743
-5.27807
-5.27775
-5.27645
-5.27484
-5.27517
-5.27582
-5.27647
-5.27387
-5.27258
-5.27161
-5.26934
-5.27063
-5.27128
-5.27096
-5.27193
-5.27322
-5.27614
-5.27549
-5.27517
-5.27485
-5.27485
-5.27452
-5.27355
-5.2729
-5.27388
-5.27518
-5.2755
-5.2768
-5.27518
-5.27485
-5.27355
-5.2729
-5.27516
-5.27386
-5.27193
-5.27161
-5.27162
-5.27453
-5.27551
-5.27615
-5.27615
-5.2755
-5.2742
-5.27323
-5.27419
-5.27452
-5.27549
-5.27647
-5.27841
-5.27841
-5.27582
-5.27485
-5.27452
-5.27517
-5.27355
-5.27387
-5.27226
-5.27193
-5.27225
-5.27225
-5.27193
-5.27419
-5.27581
-5.27743
-5.2784
-5.2784
-5.27873
-5.27582
-5.27517
-5.27323
-5.27226
-5.2729
-5.2742
-5.27452
-5.2729
-5.2742
-5.27193
-5.27225
-5.26966
-5.27128
-5.27355
-5.27291
-5.27421
-5.2755
-5.27776
-5.27582
-5.27452
-5.27452
-5.27516
-5.27516
-5.2729
-5.27322
-5.27355
-5.27452
-5.27323
-5.27291
-5.27194
-5.27097
-5.27194
-5.27388
-5.27647
-5.27874
-5.27614
-5.27647
-5.27647
-5.27614
-5.27646
-5.27614
-5.27517
-5.27517
-5.27388
-5.27517
-5.27646
-5.27743
-5.27775
-5.27711
-5.27582
-5.27808
-5.27808
-5.27808
-5.27937
-5.27808
-5.2784
-5.27905
-5.2797
-5.28068
-5.28068
-5.27809
-5.27615
-5.27388
-5.27226
-5.27323
-5.27193
-5.27226
-5.27128
-5.26998
-5.26965
-5.26803
-5.27062
-5.27224
-5.27192
-5.27128
-5.2729
-5.27128
-5.2742
-5.27517
-5.27776
-5.27906
-5.27938
-5.28002
-5.2797
-5.27808
-5.2771
-5.27775
-5.27645
-5.27645
-5.27548
-5.27451
-5.27322
-5.27451
-5.27516
-5.27483
-5.27386
-5.27451
-5.27354
-5.27483
-5.27451
-5.27483
-5.27386
-5.27386
-5.27419
-5.27678
-5.27743
-5.27646
-5.27483
-5.27451
-5.27321
-5.27224
-5.27192
-5.27224
-5.27321
-5.27353
-5.27353
-5.27483
-5.27418
-5.27386
-5.27386
-5.2758
-5.27548
-5.27483
-5.27451
-5.27452
-5.27419
-5.27354
-5.27451
-5.27354
-5.27451
-5.27677
-5.27904
-5.27709
-5.27612
-5.27483
-5.2745
-5.27256
-5.27289
-5.27322
-5.27387
-5.27322
-5.27225
-5.27452
-5.2729
-5.27193
-5.27322
-5.27451
-5.27483
-5.27548
-5.27451
-5.2745
-5.27482
-5.27644
-5.27611
-5.27741
-5.27644
-5.27677
-5.27451
-5.27321
-5.27257
-5.27127
-5.27127
-5.26965
-5.26965
-5.269
-5.26997
-5.27062
-5.27192
-5.27224
-5.27321
-5.27321
-5.27288
-5.27223
-5.27515
-5.27644
-5.27871
-5.27871
-5.27936
-5.28033
-5.27904
-5.28001
-5.28325
-5.28325
-5.28001
-5.27904
-5.27968
-5.27936
-5.27871
-5.27903
-5.27741
-5.27579
-5.2745
-5.27061
-5.26996
-5.27061
-5.27385
-5.27385
-5.2732
-5.27256
-5.27094
-5.27029
-5.26964
-5.26964
-5.27158
-5.27062
-5.27094
-5.27094
-5.27029
-5.27029
-5.26932
-5.27288
-5.27255
-5.27385
-5.2745
-5.27385
-5.27256
-5.27418
-5.27741
-5.28098
-5.28163
-5.28227
-5.28001
-5.28065
-5.28066
-5.27968
-5.28001
-5.27774
-5.27677
-5.2758
-5.27385
-5.2758
-5.27839
-5.2758
-5.2758
-5.27774
-5.27645
-5.27547
-5.2745
-5.27385
-5.27255
-5.27126
-5.27191
-5.27061
-5.27158
-5.27386
-5.27321
-5.27353
-5.27386
-5.27483
-5.27516
-5.27419
-5.27159
-5.27062
-5.27127
-5.27224
-5.27386
-5.27353
-5.27515
-5.27386
-5.27354
-5.27354
-5.27419
-5.27548
-5.27742
-5.27613
-5.27515
-5.2771
-5.27548
-5.27645
-5.27419
-5.27614
-5.27775
-5.27775
-5.27678
-5.27451
-5.27257
-5.27192
-5.27159
-5.27224
-5.27256
-5.27418
-5.27257
-5.27257
-5.27322
-5.27387
-5.27452
-5.27387
-5.2716
-5.2716
-5.2716
-5.27095
-5.2716
-5.27062
-5.27095
-5.27062
-5.27224
-5.27515
-5.27807
-5.27937
-5.28002
-5.28164
-5.28131
-5.2826
-5.28261
-5.27969
-5.28164
-5.28066
-5.27937
-5.27839
-5.27742
-5.27677
-5.2771
-5.27871
-5.27871
-5.27774
-5.2771
-5.27775
-5.27904
-5.2784
-5.27937
-5.27613
-5.27419
-5.27127
-5.27159
-5.27191
-5.2719
-5.2719
-5.27255
-5.27223
-5.27223
-5.27385
-5.27353
-5.27483
-5.27677
-5.27451
-5.2745
-5.27515
-5.27483
-5.27385
-5.27514
-5.27482
-5.27676
-5.27579
-5.27482
-5.27514
-5.27676
-5.27579
-5.27482
-5.27353
-5.27353
-5.27515
-5.27547
-5.2758
-5.27548
-5.2758
-5.27871
-5.28065
-5.27774
-5.27839
-5.27871
-5.27838
-5.27903
-5.27903
-5.27676
-5.27547
-5.27644
-5.2745
-5.2758
-5.2745
-5.27515
-5.27645
-5.27774
-5.27742
-5.27871
-5.27968
-5.27968
-5.27839
-5.27709
-5.27677
-5.27645
-5.27742
-5.27645
-5.27839
-5.27807
-5.27806
-5.27612
-5.27385
-5.27288
-5.27385
-5.27482
-5.27709
-5.27742
-5.2758
-5.27613
-5.27548
-5.27354
-5.2745
-5.27418
-5.27289
-5.27159
-5.27127
-5.27191
-5.27256
-5.27159
-5.27418
-5.27224
-5.27289
-5.27192
-5.27192
-5.27192
-5.27256
-5.2732
-5.2745
-5.27482
-5.27579
-5.27741
-5.27417
-5.2732
-5.27385
-5.27483
-5.27483
-5.27451
-5.27483
-5.27548
-5.27515
-5.27515
-5.2745
-5.27515
-5.27483
-5.27807
-5.27774
-5.27418
-5.27418
-5.27353
-5.27417
-5.2719
-5.27255
-5.27384
-5.2732
-5.27353
-5.27515
-5.27418
-5.2758
-5.27613
-5.27548
-5.27613
-5.27516
-5.27418
-5.27418
-5.27386
-5.27483
-5.27418
-5.27321
-5.27223
-5.2732
-5.2745
-5.27417
-5.27547
-5.27644
-5.27385
-5.2732
-5.27288
-5.27126
-5.27159
-5.27127
-5.27256
-5.27289
-5.2758
-5.27742
-5.27742
-5.27677
-5.27547
-5.2745
-5.27644
-5.27579
-5.27579
-5.27612
-5.27677
-5.27774
-5.27548
-5.27418
-5.2745
-5.2745
-5.27612
-5.27515
-5.2745
-5.27742
-5.27483
-5.27581
-5.27678
-5.27386
-5.2758
-5.27645
-5.2745
-5.2745
-5.27482
-5.27515
-5.2745
-5.2745
-5.27418
-5.27418
-5.2758
-5.27548
-5.27613
-5.2771
-5.27613
-5.27484
-5.27354
-5.27192
-5.27224
-5.27127
-5.27289
-5.27386
-5.27548
-5.2758
-5.27678
-5.27775
-5.27776
-5.27873
-5.27517
-5.27452
-5.27387
-5.27549
-5.27808
-5.27775
-5.27775
-5.27807
-5.27484
-5.27452
-5.27581
-5.27646
-5.27711
-5.27582
-5.27581
-5.27484
-5.27192
-5.27192
-5.27289
-5.27257
-5.27386
-5.27322
-5.27451
-5.27452
-5.27549
-5.27678
-5.2771
-5.27484
-5.2771
-5.2758
-5.2771
-5.2771
-5.2784
-5.27872
-5.27872
-5.27678
-5.27679
-5.27614
-5.27485
-5.27485
-5.27647
-5.27323
-5.27484
-5.27678
-5.27451
-5.27353
-5.27256
-5.27321
-5.27386
-5.27353
-5.27419
-5.27549
-5.27614
-5.27776
-5.27614
-5.27743
-5.27646
-5.27646
-5.27614
-5.27452
-5.27678
-5.27419
-5.27581
-5.27581
-5.27516
-5.27419
-5.27483
-5.27451
-5.27224
-5.27321
-5.2771
-5.27645
-5.27872
-5.27775
-5.27872
-5.28098
-5.27872
-5.27937
-5.2784
-5.27808
-5.2784
-5.28002
-5.28002
-5.28002
-5.28131
-5.28002
-5.27905
-5.2771
-5.27678
-5.2771
-5.27549
-5.27451
-5.27387
-5.27419
-5.27678
-5.27743
-5.27711
-5.27614
-5.27516
-5.27452
-5.27419
-5.27387
-5.27419
-5.27614
-5.27516
-5.27549
-5.27516
-5.27452
-5.27225
-5.27419
-5.27387
-5.27257
-5.27484
-5.27256
-5.27062
-5.27095
-5.27289
-5.27322
-5.27452
-5.27484
-5.2742
-5.27679
-5.27581
-5.27581
-5.27517
-5.27355
-5.27257
-5.27322
-5.27257
-5.27289
-5.27256
-5.27257
-5.27354
-5.27322
-5.27257
-5.27161
-5.27452
-5.2742
-5.2742
-5.27322
-5.27484
-5.27613
-5.27386
-5.2758
-5.2758
-5.27451
-5.27289
-5.27484
-5.27646
-5.27614
-5.27484
-5.27678
-5.27614
-5.27678
-5.2784
-5.27904
-5.27904
-5.27904
-5.2784
-5.2784
-5.2784
-5.27743
-5.27613
-5.27808
-5.27775
-5.28131
-5.27872
-5.27645
-5.2771
-5.27645
-5.27742
-5.27775
-5.2771
-5.27419
-5.27484
-5.27224
-5.27354
-5.27483
-5.27612
-5.27483
-5.27645
-5.27645
-5.27645
-5.27386
-5.27322
-5.27483
-5.27548
-5.27353
-5.27321
-5.27256
-5.27354
-5.27386
-5.27451
-5.2771
-5.2771
-5.27743
-5.27807
-5.27742
-5.2771
-5.27742
-5.2771
-5.27645
-5.27451
-5.27548
-5.27451
-5.27386
-5.27451
-5.27322
-5.27387
-5.27387
-5.27258
-5.27355
-5.27194
-5.27323
-5.27129
-5.26999
-5.27128
-5.27193
-5.27322
-5.27258
-5.2729
-5.27419
-5.27354
-5.2729
-5.27193
-5.27063
-5.27096
-5.27322
-5.27452
-5.27711
-5.27711
-5.27775
-5.27937
-5.27905
-5.28003
-5.27906
-5.27743
-5.27614
-5.27678
-5.27614
-5.27873
-5.27678
-5.27549
-5.27679
-5.27776
-5.27808
-5.27614
-5.27581
-5.27937
-5.27678
-5.27711
-5.27646
-5.27582
-5.2742
-5.27517
-5.27581
-5.27516
-5.27419
-5.27387
-5.27516
-5.27484
-5.27549
-5.27516
-5.27775
-5.2784
-5.27678
-5.27484
-5.27548
-5.27451
-5.27549
-5.27711
-5.27905
-5.27744
-5.27776
-5.27776
-5.27711
-5.2784
-5.27548
-5.27289
-5.27581
-5.27548
-5.2771
-5.27516
-5.27516
-5.27387
-5.27581
-5.27549
-5.27516
-5.27322
-5.27257
-5.2729
-5.27289
-5.27418
-5.27548
-5.27483
-5.27515
-5.2758
-5.2771
-5.2771
-5.27678
-5.2771
-5.27549
-5.27516
-5.27451
-5.27419
-5.27548
-5.27613
-5.27548
-5.27386
-5.27354
-5.27451
-5.27515
-5.27483
-5.2732
-5.27385
-5.27482
-5.2758
-5.27645
-5.27872
-5.27775
-5.27872
-5.27904
-5.28066
-5.27872
-5.27581
-5.27614
-5.27581
-5.27387
-5.27451
-5.27483
-5.2745
-5.27385
-5.27547
-5.27482
-5.27288
-5.27289
-5.27257
-5.27452
-5.27452
-5.27613
-5.27678
-5.27677
-5.27482
-5.27482
-5.2745
-5.2758
-5.27969
-5.27969
-5.2797
-5.28099
-5.28358
-5.28423
-5.28261
-5.28131
-5.28163
-5.28163
-5.28002
-5.28034
-5.27807
-5.27872
-5.2771
-5.27678
-5.27581
-5.27548
-5.2771
-5.27775
-5.27743
-5.27548
-5.2758
-5.2758
-5.27645
-5.27451
-5.27418
-5.27256
-5.27418
-5.27354
-5.27289
-5.27451
-5.27321
-5.27192
-5.26965
-5.26997
-5.269
-5.27062
-5.27191
-5.27094
-5.27353
-5.27321
-5.27385
-5.27644
-5.27677
-5.27418
-5.27386
-5.2758
-5.27677
-5.2758
-5.27742
-5.2758
-5.27548
-5.27515
-5.2758
-5.2758
-5.27612
-5.2758
-5.27418
-5.2745
-5.27515
-5.27645
-5.27741
-5.27709
-5.27579
-5.27741
-5.27838
-5.27612
-5.27709
-5.27709
-5.27677
-5.27742
-5.28002
-5.28001
-5.27839
-5.27677
-5.27742
-5.27806
-5.27838
-5.27839
-5.27806
-5.27968
-5.28259
-5.2826
-5.28389
-5.28163
-5.28195
-5.2839
-5.28099
-5.27872
-5.27807
-5.27872
-5.27937
-5.27742
-5.27676
-5.27644
-5.27708
-5.27514
-5.27255
-5.27191
-5.27062
-5.27127
-5.27062
-5.27127
-5.27224
-5.2732
-5.27417
-5.27611
-5.27741
-5.27741
-5.27482
-5.27547
-5.27612
-5.2758
-5.27515
-5.27483
-5.27515
-5.27515
-5.27321
-5.27321
-5.2703
-5.27127
-5.27159
-5.27256
-5.27385
-5.27547
-5.27741
-5.2758
-5.27839
-5.27613
-5.27548
-5.27678
-5.27613
-5.27549
-5.27613
-5.2771
-5.2784
-5.27711
-5.27678
-5.27775
-5.2771
-5.27806
-5.27774
-5.27872
-5.2784
-5.2784
-5.27614
-5.27711
-5.27775
-5.27645
-5.27904
-5.27904
-5.27678
-5.2771
-5.27548
-5.27386
-5.27483
-5.27451
-5.27548
-5.27548
-5.2771
-5.27775
-5.27742
-5.27483
-5.27613
-5.2758
-5.27515
-5.27515
-5.27516
-5.27548
-5.27354
-5.2703
-5.27127
-5.27257
-5.27224
-5.27483
-5.27548
-5.27548
-5.27678
-5.27807
-5.27839
-5.27904
-5.27807
-5.27775
-5.27936
-5.27969
-5.27808
-5.27646
-5.27549
-5.27614
-5.27549
-5.27517
-5.27387
-5.27548
-5.27516
-5.27386
-5.27386
-5.27322
-5.27322
-5.27225
-5.27354
-5.27452
-5.27614
-5.27549
-5.27517
-5.27614
-5.27581
-5.27322
-5.27257
-5.27192
-5.27354
-5.27322
-5.27322
-5.2729
-5.2742
-5.27744
-5.27809
-5.27841
-5.27906
-5.27809
-5.281
-5.27873
-5.27906
-5.27906
-5.28164
-5.28132
-5.2784
-5.27678
-5.2784
-5.27775
-5.27743
-5.27581
-5.2784
-5.28034
-5.27808
-5.27776
-5.27776
-5.27711
-5.27743
-5.27646
-5.27646
-5.27452
-5.27354
-5.27451
-5.27386
-5.27581
-5.27646
-5.27581
-5.27678
-5.27549
-5.27257
-5.27225
-5.2729
-5.27451
-5.27581
-5.27646
-5.27776
-5.27743
-5.27549
-5.27582
-5.27841
-5.28002
-5.28067
-5.27873
-5.27872
-5.27872
-5.27905
-5.27678
-5.27484
-5.27387
-5.27419
-5.27484
-5.27614
-5.27485
-5.27452
-5.27322
-5.27322
-5.27225
-5.27095
-5.27193
-5.27031
-5.27063
-5.27063
-5.27225
-5.27128
-5.27225
-5.2729
-5.27387
-5.27355
-5.27063
-5.27258
-5.27323
-5.27355
-5.27485
-5.27614
-5.27388
-5.27452
-5.27581
-5.27613
-5.27905
-5.27776
-5.27452
-5.27614
-5.27841
-5.27809
-5.27679
-5.27517
-5.27452
-5.27452
-5.27679
-5.27549
-5.27679
-5.27711
-5.2755
-5.27517
-5.27453
-5.27517
-5.27744
-5.27614
-5.27452
-5.27485
-5.2742
-5.27388
-5.27582
-5.27518
-5.2755
-5.27583
-5.2768
-5.2755
-5.27582
-5.27679
-5.27679
-5.2742
-5.27322
-5.27355
-5.2729
-5.2729
-5.27225
-5.27193
-5.2742
-5.27161
-5.27096
-5.27128
-5.27323
-5.27387
-5.2729
-5.27258
-5.27355
-5.27257
-5.27322
-5.27322
-5.27419
-5.27646
-5.27841
-5.27808
-5.27841
-5.27776
-5.27517
-5.27388
-5.27388
-5.27388
-5.27452
-5.27582
-5.27549
-5.2742
-5.27581
-5.27646
-5.27678
-5.27776
-5.27743
-5.27711
-5.27678
-5.27549
-5.27614
-5.27387
-5.27452
-5.27776
-5.27808
-5.27581
-5.27646
-5.27775
-5.27613
-5.27646
-5.27581
-5.27678
-5.27646
-5.2771
-5.27775
-5.27711
-5.27646
-5.27452
-5.27225
-5.2742
-5.27452
-5.27516
-5.27289
-5.27289
-5.27321
-5.27516
-5.27418
-5.27224
-5.27451
-5.27354
-5.27354
-5.27257
-5.27355
-5.27257
-5.27549
-5.27517
-5.27419
-5.27354
-5.27257
-5.27192
-5.27289
-5.27225
-5.27225
-5.2716
-5.2716
-5.2729
-5.27484
-5.27549
-5.27516
-5.2771
-5.27581
-5.27451
-5.27549
-5.27743
-5.27613
-5.27548
-5.27322
-5.27354
-5.2729
-5.27322
-5.27355
-5.27322
-5.27322
-5.27387
-5.27387
-5.27419
-5.27419
-5.27386
-5.27548
-5.27484
-5.27581
-5.27614
-5.27355
-5.27161
-5.2729
-5.2742
-5.27517
-5.27712
-5.27841
-5.27711
-5.27776
-5.27776
-5.27872
-5.28002
-5.28002
-5.28002
-5.28067
-5.28035
-5.2797
-5.27873
-5.27905
-5.28034
-5.2784
-5.27613
-5.27646
-5.27775
-5.2784
-5.27549
-5.27484
-5.27614
-5.27419
-5.2729
-5.27225
-5.27193
-5.27419
-5.27549
-5.27452
-5.27484
-5.27452
-5.2742
-5.27484
-5.27581
-5.27484
-5.27614
-5.27549
-5.27484
-5.27225
-5.27355
-5.27355
-5.27193
-5.2729
-5.27387
-5.27355
-5.27322
-5.2716
-5.27031
-5.26934
-5.27031
-5.27128
-5.26934
-5.27129
-5.27226
-5.27388
-5.27615
-5.27712
-5.27874
-5.27842
-5.27906
-5.27744
-5.27874
-5.27776
-5.27744
-5.27582
-5.27743
-5.27808
-5.28002
-5.28068
-5.27971
-5.27971
-5.27712
-5.27648
-5.2755
-5.2742
-5.27193
-5.27031
-5.26902
-5.27064
-5.27161
-5.27129
-5.27129
-5.27258
-5.27161
-5.27226
-5.27259
-5.27226
-5.27194
-5.27388
-5.27518
-5.27647
-5.27485
-5.2742
-5.27356
-5.27291
-5.27518
-5.27485
-5.27647
-5.27712
-5.27873
-5.27776
-5.27744
-5.2742
-5.27614
-5.27517
-5.2729
-5.27226
-5.27258
-5.27323
-5.27356
-5.27421
-5.27421
-5.27324
-5.27324
-5.27291
-5.27388
-5.27356
-5.27583
-5.27324
-5.27551
-5.27551
-5.27486
-5.27486
-5.27518
-5.27615
-5.27615
-5.2755
-5.27551
-5.27518
-5.27454
-5.27487
-5.27519
-5.27713
-5.27874
-5.27777
-5.27777
-5.28004
-5.28004
-5.27875
-5.27584
-5.27681
-5.27713
-5.27745
-5.27616
-5.27615
-5.2768
-5.27647
-5.27583
-5.2768
-5.27648
-5.27615
-5.27777
-5.27907
-5.27972
-5.27778
-5.27907
-5.2794
-5.28231
-5.28037
-5.27972
-5.27778
-5.27551
-5.27292
-5.27486
-5.27195
-5.27162
-5.27551
-5.27648
-5.27778
-5.27551
-5.27616
-5.27325
-5.27358
-5.27261
-5.27067
-5.27196
-5.27422
-5.27487
-5.27519
-5.27616
-5.27746
-5.27649
-5.27843
-5.27843
-5.27908
-5.27973
-5.27844
-5.27714
-5.27552
-5.27519
-5.27487
-5.27325
-5.2752
-5.27682
-5.27779
-5.27618
-5.2765
-5.27779
-5.27747
-5.27715
-5.27488
-5.27456
-5.27456
-5.27456
-5.27423
-5.27521
-5.27488
-5.27488
-5.27488
-5.27618
-5.27456
-5.27197
-5.2697
-5.2697
-5.27034
-5.26969
-5.27002
-5.27035
-5.27229
-5.27391
-5.27327
-5.27392
-5.27456
-5.27391
-5.27424
-5.27294
-5.27424
-5.27488
-5.27456
-5.2765
-5.27585
-5.27714
-5.2765
-5.27553
-5.27877
-5.27942
-5.27845
-5.2791
-5.27878
-5.28104
-5.28104
-5.2778
-5.27618
-5.27618
-5.27553
-5.27424
-5.27295
-5.27197
-5.27132
-5.27229
-5.27488
-5.27391
-5.27326
-5.27391
-5.27455
-5.27747
-5.27844
-5.27812
-5.27585
-5.27618
-5.27682
-5.27618
-5.27747
-5.27714
-5.2765
-5.2752
-5.27553
-5.27488
-5.27359
-5.27132
-5.27165
-5.27294
-5.27391
-5.27229
-5.27035
-5.27164
-5.27261
-5.27391
-5.27553
-5.27617
-5.27714
-5.27779
-5.27682
-5.27456
-5.27618
-5.27651
-5.27651
-5.27618
-5.27392
-5.27521
-5.27651
-5.27521
-5.27456
-5.27294
-5.271
-5.27229
-5.27197
-5.27164
-5.27164
-5.271
-5.27294
-5.27197
-5.27294
-5.27456
-5.27553
-5.27586
-5.27683
-5.27586
-5.2765
-5.27618
-5.27909
-5.2765
-5.27714
-5.27844
-5.27941
-5.27649
-5.27552
-5.27779
-5.27843
-5.27778
-5.27617
-5.27714
-5.27844
-5.27909
-5.27876
-5.27715
-5.2752
-5.27423
-5.27487
-5.27552
-5.27228
-5.27389
-5.27422
-5.27357
-5.27454
-5.27584
-5.27584
-5.27681
-5.27454
-5.27389
-5.27357
-5.27422
-5.27357
-5.27292
-5.27292
-5.27163
-5.27098
-5.27228
-5.27099
-5.27196
-5.27131
-5.27163
-5.27357
-5.27065
-5.27098
-5.27227
-5.27454
-5.27551
-5.27584
-5.27552
-5.27714
-5.27812
-5.28038
-5.28168
-5.28232
-5.2807
-5.28329
-5.28102
-5.27843
-5.2781
-5.27584
-5.27357
-5.27422
-5.27519
-5.27552
-5.27552
-5.27325
-5.27584
-5.27389
-5.27195
-5.27324
-5.27422
-5.27519
-5.27584
-5.2739
-5.27552
-5.27617
-5.27487
-5.2752
-5.27455
-5.27422
-5.2739
-5.2739
-5.27324
-5.27292
-5.27259
-5.27227
-5.27259
-5.27486
-5.27551
-5.27486
-5.27454
-5.27584
-5.27551
-5.27778
-5.2781
-5.27875
-5.2781
-5.28037
-5.2768
-5.27745
-5.2781
-5.27972
-5.27842
-5.27939
-5.27842
-5.27777
-5.27777
-5.27713
-5.27551
-5.27389
-5.27389
-5.27486
-5.27519
-5.27648
-5.27713
-5.27681
-5.27681
-5.27519
-5.27616
-5.27583
-5.27777
-5.27874
-5.27551
-5.27486
-5.27519
-5.27389
-5.27487
-5.27487
-5.27227
-5.27292
-5.27519
-5.27551
-5.27583
-5.27809
-5.2768
-5.27486
-5.27356
-5.27518
-5.27324
-5.27421
-5.27292
-5.27389
-5.27195
-5.27421
-5.2726
-5.27551
-5.27584
-5.27681
-5.27552
-5.27681
-5.27486
-5.27486
-5.27616
-5.27518
-5.27486
-5.27259
-5.27291
-5.27259
-5.27323
-5.27226
-5.27194
-5.27421
-5.27389
-5.27486
-5.27616
-5.27778
-5.27779
-5.27876
-5.27778
-5.27778
-5.27681
-5.27681
-5.27551
-5.27713
-5.2768
-5.27648
-5.27357
-5.27421
-5.27551
-5.27615
-5.27712
-5.2768
-5.27712
-5.27777
-5.27583
-5.2781
-5.27713
-5.2794
-5.27907
-5.27875
-5.2794
-5.28004
-5.27972
-5.27842
-5.27843
-5.27583
-5.27324
-5.27227
-5.27356
-5.27421
-5.27486
-5.27422
-5.27357
-5.27357
-5.27454
-5.27453
-5.27518
-5.27648
-5.27713
-5.27842
-5.28037
-5.2794
-5.28037
-5.28199
-5.2794
-5.27778
-5.27778
-5.27681
-5.27519
-5.27389
-5.27421
-5.27227
-5.27389
-5.27195
-5.27098
-5.27357
-5.2739
-5.27454
-5.27324
-5.27324
-5.27292
-5.27259
-5.27389
-5.27356
-5.27453
-5.27615
-5.27421
-5.27324
-5.2726
-5.27357
-5.27551
-5.27616
-5.27518
-5.27356
-5.27356
-5.27227
-5.27551
-5.27713
-5.27908
-5.27843
-5.27778
-5.27778
-5.27713
-5.27648
-5.27519
-5.27357
-5.27422
-5.27357
-5.27325
-5.27454
-5.2739
-5.27325
-5.2739
-5.27195
-5.27195
-5.27099
-5.27261
-5.2739
-5.27422
-5.27584
-5.27648
-5.27745
-5.27713
-5.27551
-5.27486
-5.27422
-5.27681
-5.27779
-5.27585
-5.27649
-5.27617
-5.27811
-5.27746
-5.27745
-5.27518
-5.27518
-5.27518
-5.27551
-5.27681
-5.27551
-5.27616
-5.27648
-5.27681
-5.27746
-5.27778
-5.27616
-5.27487
-5.2739
-5.27487
-5.27681
-5.27584
-5.2739
-5.27616
-5.27422
-5.27487
-5.27455
-5.27487
-5.27584
-5.27649
-5.27423
-5.27488
-5.27488
-5.27456
-5.27196
-5.27423
-5.27293
-5.27261
-5.27261
-5.27325
-5.27325
-5.27293
-5.27196
-5.26937
-5.27196
-5.27067
-5.27132
-5.27229
-5.27423
-5.27618
-5.27488
-5.27715
-5.27974
-5.27844
-5.27618
-5.27455
-5.27455
-5.27455
-5.27617
-5.27617
-5.2752
-5.27649
-5.27747
-5.27844
-5.27391
-5.27423
-5.27455
-5.27552
-5.27552
-5.27422
-5.27648
-5.27519
-5.27552
-5.27616
-5.27714
-5.27714
-5.27779
-5.27974
-5.27844
-5.27973
-5.27812
-5.27682
-5.27682
-5.27811
-5.27941
-5.27681
-5.27584
-5.27681
-5.27681
-5.27163
-5.27423
-5.27488
-5.27326
-5.27358
-5.27391
-5.27423
-5.27358
-5.27487
-5.27584
-5.2739
-5.27488
-5.2765
-5.27715
-5.27844
-5.27683
-5.27521
-5.27424
-5.27261
-5.27391
-5.27294
-5.27293
-5.27358
-5.27229
-5.27229
-5.27326
-5.27164
-5.27359
-5.27358
-5.27391
-5.27261
-5.2752
-5.2752
-5.27585
-5.2739
-5.27326
-5.27229
-5.26969
-5.27034
-5.27131
-5.27229
-5.27391
-5.27423
-5.27552
-5.2739
-5.27261
-5.27293
-5.27326
-5.27326
-5.27455
-5.27714
-5.27779
-5.27682
-5.27455
-5.27261
-5.27488
-5.27585
-5.2765
-5.27812
-5.27876
-5.27747
-5.27682
-5.27617
-5.27455
-5.27553
-5.27812
-5.27845
-5.27877
-5.27877
-5.27909
-5.27521
-5.27359
-5.27585
-5.27617
-5.27519
-5.27487
-5.27487
-5.27422
-5.27552
-5.27456
-5.27521
-5.27456
-5.27586
-5.27715
-5.27844
-5.27973
-5.27779
-5.27778
-5.27552
-5.27455
-5.27293
-5.27293
-5.27325
-5.27617
-5.27747
-5.2778
-5.27844
-5.27941
-5.27844
-5.2765
-5.27358
-5.27391
-5.27229
-5.271
-5.27002
-5.27294
-5.27359
-5.27294
-5.27261
-5.27228
-5.27358
-5.2739
-5.27455
-5.27455
-5.27617
-5.2752
-5.27553
-5.27456
-5.27488
-5.27391
-5.27326
-5.27456
-5.27521
-5.2765
-5.27715
-5.27618
-5.2765
-5.27748
-5.27651
-5.27424
-5.27424
-5.27554
-5.27522
-5.27489
-5.27651
-5.27619
-5.2723
-5.2723
-5.2736
-5.27231
-5.27328
-5.27457
-5.27586
-5.27327
-5.27262
-5.27262
-5.27327
-5.27457
-5.27586
-5.27587
-5.27458
-5.2749
-5.2749
-5.27781
-5.27845
-5.27845
-5.27715
-5.2765
-5.27683
-5.27845
-5.27651
-5.27651
-5.27813
-5.27781
-5.27619
-5.27651
-5.27295
-5.27651
-5.27554
-5.27586
-5.27359
-5.27327
-5.27327
-5.2723
-5.27392
-5.27327
-5.27262
-5.27392
-5.27521
-5.27457
-5.27262
-5.27425
-5.27457
-5.27489
-5.27522
-5.27554
-5.27327
-5.27489
-5.27521
-5.27651
-5.27457
-5.27684
-5.27845
-5.27878
-5.27975
-5.28007
-5.27716
-5.27586
-5.27456
-5.27456
-5.27585
-5.27391
-5.27456
-5.27326
-5.27618
-5.27553
-5.27392
-5.27295
-5.27425
-5.2723
-5.27295
-5.27359
-5.27165
-5.271
-5.271
-5.27003
-5.27165
-5.27133
-5.271
-5.27197
-5.27294
-5.27165
-5.27424
-5.27456
-5.27651
-5.27457
-5.27651
-5.27683
-5.27813
-5.27521
-5.27651
-5.27651
-5.27683
-5.27683
-5.27683
-5.2765
-5.2778
-5.28007
-5.27975
-5.27975
-5.27846
-5.27619
-5.27489
-5.27554
-5.27554
-5.27392
-5.27392
-5.27457
-5.27716
-5.27716
-5.27781
-5.27878
-5.27684
-5.27684
-5.27619
-5.27716
-5.27522
-5.2736
-5.2736
-5.27619
-5.27522
-5.2723
-5.27133
-5.27263
-5.27457
-5.27489
-5.27457
-5.27554
-5.27715
-5.27586
-5.27618
-5.27392
-5.27294
-5.27262
-5.27586
-5.27586
-5.27554
-5.27716
-5.27748
-5.27554
-5.27651
-5.27651
-5.27748
-5.27651
-5.27683
-5.27813
-5.27812
-5.27683
-5.27424
-5.27262
-5.27424
-5.2723
-5.27295
-5.27457
-5.27489
-5.27457
-5.27748
-5.27716
-5.27553
-5.27553
-5.27618
-5.27586
-5.27553
-5.2778
-5.2791
-5.2791
-5.27813
-5.27684
-5.27716
-5.27749
-5.27749
-5.27716
-5.27813
-5.27781
-5.27586
-5.27554
-5.27781
-5.27781
-5.27619
-5.27489
-5.27456
-5.27359
-5.27456
-5.27521
-5.27748
-5.2791
-5.27942
-5.27877
-5.2778
-5.27942
-5.27943
-5.27878
-5.27652
-5.27749
-5.27749
-5.27716
-5.27781
-5.27586
-5.27521
-5.2778
-5.27521
-5.27165
-5.27165
-5.27295
-5.27263
-5.27522
-5.27489
-5.27457
-5.27457
-5.27618
-5.27683
-5.27716
-5.27878
-5.28008
-5.27782
-5.27652
-5.27685
-5.2749
-5.27619
-5.27619
-5.27619
-5.27521
-5.27586
-5.2778
-5.28007
-5.28007
-5.27813
-5.27716
-5.27749
-5.27586
-5.27684
-5.27651
-5.27846
-5.27943
-5.28008
-5.27911
-5.27878
-5.27911
-5.27684
-5.27619
-5.27457
-5.27522
-5.27684
-5.27943
-5.27781
-5.27716
-5.27619
-5.27619
-5.27587
-5.27716
-5.2749
-5.27651
-5.27619
-5.27684
-5.27522
-5.27846
-5.27878
-5.27684
-5.27749
-5.2762
-5.27425
-5.27458
-5.27749
-5.27587
-5.27555
-5.27717
-5.27555
-5.27717
-5.27652
-5.27684
-5.27684
-5.27781
-5.2762
-5.27555
-5.27555
-5.2749
-5.27393
-5.27295
-5.27457
-5.27846
-5.27943
-5.27781
-5.27587
-5.27426
-5.27167
-5.27264
-5.27005
-5.26843
-5.26681
-5.26681
-5.2681
-5.27036
-5.27133
-5.2723
-5.27327
-5.27198
-5.2736
-5.27554
-5.27424
-5.27586
-5.27878
-5.27781
-5.27813
-5.27781
-5.27749
-5.27878
-5.27652
-5.27717
-5.27717
-5.27555
-5.27425
-5.27328
-5.27166
-5.27296
-5.27101
-5.27004
-5.27263
-5.27231
-5.27199
-5.2736
-5.27199
-5.27134
-5.27037
-5.2694
-5.26875
-5.26843
-5.27134
-5.27329
-5.27296
-5.27426
-5.27587
-5.27523
-5.27587
-5.27393
-5.2736
-5.27328
-5.27199
-5.27426
-5.27491
-5.27491
-5.27329
-5.27426
-5.27394
-5.27426
-5.27491
-5.27782
-5.27847
-5.27782
-5.27879
-5.27814
-5.27685
-5.27523
-5.27393
-5.27199
-5.27069
-5.27102
-5.27135
-5.272
-5.27264
-5.27264
-5.26973
-5.26941
-5.27071
-5.26974
-5.27103
-5.27265
-5.27459
-5.27782
-5.27491
-5.27556
-5.27426
-5.27524
-5.27588
-5.27718
-5.27782
-5.27556
-5.27815
-5.27685
-5.2775
-5.27653
-5.27621
-5.27718
-5.27685
-5.27685
-5.27782
-5.2762
-5.2762
-5.27685
-5.27879
-5.2775
-5.27717
-5.27523
-5.27556
-5.27653
-5.27782
-5.27782
-5.27782
-5.27749
-5.27911
-5.27782
-5.27847
-5.27976
-5.27847
-5.27685
-5.2788
-5.28042
-5.27685
-5.2762
-5.27555
-5.27555
-5.27814
-5.27782
-5.27782
-5.27653
-5.27459
-5.27556
-5.27362
-5.27265
-5.2733
-5.27395
-5.27492
-5.27686
-5.27459
-5.27459
-5.2733
-5.27394
-5.27524
-5.27751
-5.27751
-5.27816
-5.27654
-5.27686
-5.27557
-5.27556
-5.27621
-5.27621
-5.27686
-5.27686
-5.27621
-5.27524
-5.27297
-5.2746
-5.2733
-5.27525
-5.27492
-5.27524
-5.27492
-5.27362
-5.27686
-5.27654
-5.27654
-5.27687
-5.27558
-5.27655
-5.27882
-5.27785
-5.27817
-5.27946
-5.27655
-5.27622
-5.27816
-5.27687
-5.27881
-5.28042
-5.28172
-5.28301
-5.28237
-5.28302
-5.28075
-5.27978
-5.27946
-5.27881
-5.27914
-5.27979
-5.27914
-5.27751
-5.27492
-5.27557
-5.27655
-5.27655
-5.27979
-5.27979
-5.27785
-5.27655
-5.27816
-5.27881
-5.27752
-5.27525
-5.27363
-5.2746
-5.27428
-5.27558
-5.27331
-5.27525
-5.27622
-5.27428
-5.27492
-5.27395
-5.27298
-5.27298
-5.27557
-5.27557
-5.27362
-5.27492
-5.27524
-5.27524
-5.27363
-5.27363
-5.27331
-5.27461
-5.27428
-5.27751
-5.27848
-5.27848
-5.27719
-5.27686
-5.27848
-5.27881
-5.27719
-5.27719
-5.27848
-5.27783
-5.27622
-5.27492
-5.27298
-5.27427
-5.2746
-5.27557
-5.27622
-5.27395
-5.27395
-5.27654
-5.27719
-5.27654
-5.27621
-5.27783
-5.27913
-5.27783
-5.27815
-5.27556
-5.27589
-5.27557
-5.2746
-5.27395
-5.27136
-5.27103
-5.26844
-5.27135
-5.27232
-5.27362
-5.27427
-5.2733
-5.272
-5.27233
-5.27136
-5.27654
-5.27621
-5.27621
-5.27815
-5.27848
-5.27686
-5.27557
-5.2733
-5.27557
-5.27686
-5.27751
-5.27751
-5.27589
-5.27492
-5.27492
-5.27557
-5.27686
-5.27816
-5.27783
-5.27654
-5.27557
-5.27654
-5.27751
-5.27719
-5.27783
-5.27589
-5.27783
-5.27751
-5.27686
-5.27524
-5.27297
-5.27394
-5.27556
-5.27589
-5.27556
-5.27556
-5.27426
-5.27491
-5.27588
-5.27555
-5.2762
-5.27556
-5.27588
-5.27686
-5.27653
-5.27394
-5.27427
-5.27589
-5.27718
-5.27717
-5.27782
-5.27684
-5.2762
-5.27782
-5.27782
-5.2788
-5.27912
-5.27815
-5.27783
-5.2775
-5.2775
-5.27944
-5.27976
-5.27847
-5.2762
-5.27847
-5.27815
-5.2788
-5.27912
-5.2788
-5.27783
-5.27815
-5.27912
-5.27847
-5.27718
-5.27556
-5.27718
-5.27524
-5.27491
-5.27556
-5.27491
-5.27459
-5.27232
-5.27329
-5.27361
-5.27232
-5.27167
-5.27523
-5.27588
-5.27653
-5.27977
-5.28042
-5.28042
-5.2788
-5.2775
-5.2762
-5.27718
-5.27912
-5.27847
-5.27879
-5.2775
-5.27653
-5.2762
-5.27718
-5.2775
-5.27653
-5.27686
-5.27751
-5.27815
-5.27751
-5.27751
-5.27718
-5.27556
-5.27588
-5.2762
-5.27522
-5.27199
-5.27264
-5.27329
-5.27135
-5.27362
-5.27524
-5.27589
-5.27621
-5.27718
-5.27589
-5.27589
-5.27524
-5.27459
-5.27556
-5.27427
-5.27426
-5.27588
-5.27782
-5.27523
-5.2775
-5.27945
-5.2788
-5.27783
-5.2788
-5.27782
-5.27815
-5.27588
-5.27782
-5.27815
-5.27621
-5.27524
-5.27427
-5.27264
-5.27297
-5.27135
-5.27297
-5.27426
-5.27621
-5.27848
-5.27913
-5.27848
-5.2788
-5.27815
-5.27782
-5.27815
-5.2775
-5.27653
-5.27589
-5.27524
-5.27362
-5.27361
-5.27232
-5.27296
-5.27361
-5.27362
-5.27297
-5.27394
-5.27329
-5.27199
-5.27038
-5.27167
-5.27167
-5.27491
-5.27782
-5.27847
-5.27653
-5.27491
-5.27491
-5.27394
-5.27523
-5.27717
-5.27912
-5.27814
-5.27976
-5.27717
-5.2762
-5.27749
-5.27846
-5.27814
-5.27684
-5.2762
-5.27523
-5.27523
-5.27588
-5.27555
-5.27782
-5.27652
-5.27717
-5.27813
-5.27813
-5.27845
-5.28007
-5.27814
-5.28041
-5.27911
-5.28073
-5.27976
-5.28009
-5.27749
-5.2762
-5.27522
-5.27392
-5.27457
-5.27457
-5.2749
-5.2736
-5.2749
-5.27425
-5.27522
-5.27522
-5.27522
-5.27652
-5.27392
-5.27425
-5.27424
-5.27554
-5.27521
-5.27424
-5.27424
-5.27392
-5.27295
-5.27231
-5.27199
-5.27425
-5.27458
-5.27652
-5.27619
-5.27554
-5.27554
-5.27262
-5.27391
-5.27327
-5.27424
-5.27651
-5.27652
-5.27684
-5.27878
-5.27911
-5.2804
-5.27846
-5.27846
-5.27748
-5.27846
-5.27684
-5.27684
-5.27554
-5.2736
-5.27457
-5.2749
-5.27295
-5.27263
-5.27198
-5.2723
-5.27262
-5.27424
-5.27586
-5.27586
-5.27748
-5.27553
-5.27683
-5.27683
-5.27683
-5.2765
-5.27683
-5.2778
-5.27683
-5.27586
-5.27683
-5.27521
-5.2765
-5.27521
-5.27488
-5.27553
-5.2765
-5.27746
-5.27714
-5.27552
-5.27585
-5.27553
-5.27391
-5.27521
-5.27747
-5.27585
-5.27618
-5.27423
-5.27682
-5.2765
-5.27812
-5.27618
-5.2765
-5.27682
-5.27617
-5.27682
-5.27714
-5.27844
-5.27941
-5.27876
-5.27779
-5.27617
-5.27747
-5.27423
-5.27164
-5.27132
-5.27293
-5.27358
-5.27358
-5.27358
-5.27585
-5.27649
-5.27617
-5.2765
-5.2765
-5.27521
-5.27553
-5.2765
-5.27552
-5.2752
-5.2752
-5.27424
-5.27392
-5.27327
-5.27295
-5.27327
-5.27294
-5.27391
-5.27359
-5.27326
-5.27293
-5.27423
-5.27456
-5.2723
-5.27424
-5.27651
-5.27554
-5.27522
-5.27684
-5.27651
-5.27392
-5.27618
-5.2778
-5.27585
-5.27423
-5.27326
-5.27456
-5.27424
-5.27359
-5.27521
-5.27489
-5.27587
-5.27748
-5.27684
-5.27522
-5.27457
-5.27587
-5.27457
-5.27133
-5.27198
-5.27262
-5.27327
-5.27391
-5.27424
-5.27424
-5.27392
-5.27521
-5.27424
-5.27554
-5.27652
-5.27619
-5.27717
-5.27717
-5.27943
-5.2791
-5.2791
-5.2778
-5.2778
-5.27651
-5.27521
-5.27651
-5.27554
-5.27587
-5.27652
-5.27555
-5.27393
-5.27328
-5.27296
-5.27263
-5.27101
-5.27327
-5.27359
-5.27295
-5.27068
-5.26971
-5.2736
-5.27295
-5.27554
-5.27684
-5.27684
-5.27587
-5.27587
-5.27457
-5.27392
-5.27198
-5.27262
-5.27359
-5.27327
-5.27586
-5.27651
-5.27619
-5.27619
-5.27586
-5.27651
-5.27716
-5.27974
-5.27813
-5.28007
-5.27975
-5.27715
-5.27521
-5.27262
-5.27132
-5.27035
-5.27164
-5.27067
-5.27229
-5.27261
-5.27294
-5.27293
-5.27131
-5.27196
-5.27067
-5.27067
-5.27326
-5.27327
-5.27359
-5.27359
-5.27359
-5.27359
-5.27391
-5.27682
-5.27715
-5.27682
-5.27715
-5.27618
-5.27585
-5.27521
-5.2752
-5.27488
-5.27488
-5.27294
-5.27196
-5.27228
-5.27293
-5.27293
-5.27229
-5.27391
-5.27391
-5.27424
-5.27618
-5.27877
-5.27747
-5.27747
-5.27714
-5.27552
-5.27617
-5.27423
-5.2752
-5.27455
-5.27099
-5.27261
-5.27003
-5.27035
-5.27003
-5.27068
-5.27197
-5.27359
-5.27197
-5.27294
-5.27294
-5.27488
-5.2765
-5.27682
-5.27779
-5.27877
-5.27747
-5.27748
-5.2765
-5.27424
-5.27488
-5.27488
-5.27359
-5.27423
-5.27488
-5.2752
-5.27488
-5.27618
-5.27488
-5.27424
-5.27553
-5.27326
-5.27423
-5.27358
-5.27326
-5.27293
-5.27358
-5.27359
-5.27456
-5.27359
-5.27488
-5.27586
-5.27715
-5.27779
-5.28006
-5.28006
-5.28039
-5.27909
-5.27877
-5.27942
-5.27813
-5.27748
-5.27715
-5.27715
-5.27909
-5.27909
-5.27876
-5.27844
-5.27844
-5.27974
-5.27844
-5.27877
-5.27683
-5.27456
-5.27424
-5.27294
-5.27229
-5.27262
-5.2723
-5.27133
-5.27101
-5.27489
-5.27845
-5.27877
-5.2778
-5.28039
-5.27909
-5.27812
-5.2765
-5.2765
-5.27585
-5.2752
-5.27553
-5.27553
-5.27456
-5.27521
-5.27554
-5.27586
-5.27619
-5.27781
-5.27489
-5.27489
-5.27392
-5.27424
-5.27391
-5.27456
-5.27683
-5.2778
-5.27651
-5.27489
-5.27392
-5.27716
-5.27715
-5.27682
-5.27682
-5.2752
-5.27682
-5.27617
-5.27618
-5.27585
-5.27585
-5.27682
-5.27617
-5.2752
-5.27552
-5.2739
-5.27325
-5.27358
-5.27325
-5.27261
-5.27196
-5.27423
-5.27358
-5.27423
-5.27391
-5.27649
-5.27681
-5.27811
-5.27681
-5.27746
-5.27616
-5.2739
-5.27455
-5.2739
-5.27488
-5.27455
-5.27229
-5.27229
-5.27229
-5.27067
-5.27229
-5.27197
-5.27456
-5.27391
-5.27423
-5.2752
-5.27488
-5.27488
-5.27132
-5.26937
-5.27002
-5.27229
-5.27035
-5.27132
-5.27294
-5.27164
-5.27132
-5.27229
-5.27294
-5.27294
-5.27391
-5.27294
-5.27391
-5.27359
-5.27488
-5.27553
-5.27877
-5.28201
-5.28169
-5.28136
-5.28201
-5.28039
-5.27974
-5.27877
-5.27748
-5.27618
-5.27553
-5.27456
-5.27553
-5.27521
-5.27489
-5.27586
-5.27489
-5.27295
-5.27165
-5.271
-5.27198
-5.27068
-5.27133
-5.27198
-5.27165
-5.27424
-5.27488
-5.27585
-5.27585
-5.27585
-5.27715
-5.27392
-5.27587
-5.27619
-5.2762
-5.2762
-5.27652
-5.27619
-5.27684
-5.27618
-5.27618
-5.27651
-5.27715
-5.27748
-5.27716
-5.27586
-5.27684
-5.27554
-5.27814
-5.27813
-5.27943
-5.27975
-5.27942
-5.27877
-5.2778
-5.2778
-5.2778
-5.27845
-5.27781
-5.27813
-5.27749
-5.27554
-5.27717
-5.27846
-5.27944
-5.27814
-5.2762
-5.27426
-5.27264
-5.27231
-5.27199
-5.27166
-5.2723
-5.27198
-5.27295
-5.27133
-5.2723
-5.27263
-5.27004
-5.27166
-5.27037
-5.27231
-5.27361
-5.27231
-5.27328
-5.27296
-5.27523
-5.27556
-5.2775
-5.2775
-5.27911
-5.27943
-5.27716
-5.27749
-5.27684
-5.27684
-5.27684
-5.27684
-5.27522
-5.27522
-5.27458
-5.27199
-5.27426
-5.27264
-5.27134
-5.27231
-5.27328
-5.27457
-5.2736
-5.27295
-5.2736
-5.2736
-5.27555
-5.27295
-5.27393
-5.27231
-5.27425
-5.27425
-5.27263
-5.27198
-5.2723
-5.27359
-5.27392
-5.2736
-5.27327
-5.27522
-5.27652
-5.2736
-5.2762
-5.27425
-5.2749
-5.27425
-5.27263
-5.2749
-5.27295
-5.2723
-5.27036
-5.26906
-5.271
-5.27229
-5.27132
-5.27197
-5.27586
-5.2749
-5.27425
-5.2736
-5.27619
-5.27619
-5.27845
-5.27651
-5.27554
-5.27456
-5.2723
-5.27068
-5.27456
-5.27553
-5.2791
-5.27877
-5.27845
-5.27684
-5.27554
-5.27392
-5.27392
-5.27295
-5.27425
-5.27198
-5.27262
-5.27326
-5.27262
-5.27456
-5.27359
-5.27327
-5.2736
-5.27263
-5.27263
-5.27263
-5.27198
-5.27198
-5.27392
-5.27295
-5.27133
-5.27197
-5.27327
-5.27132
-5.2697
-5.27068
-5.271
-5.27262
-5.2736
-5.27198
-5.27166
-5.27295
-5.27424
-5.27327
-5.27295
-5.27295
-5.27392
-5.27489
-5.27392
-5.27392
-5.2736
-5.27133
-5.27003
-5.271
-5.26938
-5.27068
-5.27165
-5.27132
-5.27294
-5.27392
-5.27457
-5.27489
-5.27554
-5.27586
-5.27554
-5.27554
-5.27522
-5.27587
-5.27652
-5.27619
-5.27425
-5.27199
-5.27296
-5.27425
-5.27295
-5.2723
-5.27521
-5.2736
-5.27328
-5.27458
-5.27523
-5.27749
-5.27814
-5.27555
-5.2762
-5.27717
-5.27652
-5.27782
-5.27619
-5.27619
-5.27651
-5.27716
-5.27554
-5.27587
-5.27457
-5.27684
-5.27425
-5.27458
-5.27522
-5.27328
-5.27263
-5.27328
-5.2723
-5.2723
-5.2723
-5.2723
-5.27133
-5.271
-5.27262
-5.27133
-5.27295
-5.27457
-5.27521
-5.27521
-5.27359
-5.27294
-5.27424
-5.27683
-5.27586
-5.27683
-5.27489
-5.2736
-5.27651
-5.27425
-5.27489
-5.2736
-5.27489
-5.27586
-5.27586
-5.27618
-5.27424
-5.27424
-5.27553
-5.27521
-5.27554
-5.27587
-5.27651
-5.27457
-5.2736
-5.27392
-5.27424
-5.27359
-5.27359
-5.27197
-5.27229
-5.27229
-5.27197
-5.27035
-5.27132
-5.2739
-5.27617
-5.27423
-5.27294
-5.27327
-5.27683
-5.27748
-5.27942
-5.28104
-5.27845
-5.27974
-5.27974
-5.28006
-5.28071
-5.27973
-5.28038
-5.27941
-5.28006
-5.27812
-5.2778
-5.27845
-5.27942
-5.27975
-5.27878
-5.2791
-5.27942
-5.2778
-5.27845
-5.27715
-5.27618
-5.27617
-5.27456
-5.27683
-5.27716
-5.27586
-5.27651
-5.27522
-5.27489
-5.27748
-5.27748
-5.27683
-5.27812
-5.27909
-5.27845
-5.27813
-5.27684
-5.27586
-5.27813
-5.2778
-5.2778
-5.27748
-5.27813
-5.2778
-5.27716
-5.27683
-5.27781
-5.27651
-5.27748
-5.27619
-5.27683
-5.27748
-5.2778
-5.27748
-5.27619
-5.27619
-5.27716
-5.27651
-5.27587
-5.27489
-5.27489
-5.27424
-5.27133
-5.27036
-5.271
-5.27262
-5.27165
-5.27003
-5.27003
-5.26874
-5.26874
-5.26939
-5.26907
-5.27101
-5.27134
-5.27296
-5.27296
-5.27426
-5.27393
-5.27491
-5.2762
-5.27587
-5.27846
-5.28104
-5.28007
-5.2791
-5.27781
-5.27814
-5.27847
-5.27976
-5.28041
-5.28041
-5.2775
-5.27911
-5.28106
-5.2817
-5.28073
-5.28203
-5.28138
-5.28138
-5.27944
-5.27879
-5.27717
-5.27393
-5.27587
-5.27458
-5.27587
-5.27652
-5.2762
-5.27717
-5.27685
-5.27491
-5.2762
-5.27556
-5.27653
-5.2762
-5.27653
-5.27621
-5.27847
-5.28041
-5.27944
-5.28009
-5.27847
-5.27977
-5.27945
-5.28171
-5.28107
-5.2788
-5.27912
-5.2775
-5.27717
-5.27652
-5.2762
-5.27653
-5.27653
-5.27782
-5.27685
-5.27491
-5.2749
-5.27296
-5.27329
-5.27231
-5.2707
-5.27102
-5.27491
-5.27524
-5.27459
-5.27524
-5.27459
-5.27427
-5.272
-5.2707
-5.27005
-5.27038
-5.27232
-5.27167
-5.27199
-5.27426
-5.27491
-5.27556
-5.27523
-5.27491
-5.27491
-5.27524
-5.27491
-5.27459
-5.27426
-5.27491
-5.27426
-5.27329
-5.27328
-5.27361
-5.27685
-5.27394
-5.27458
-5.27523
-5.27653
-5.2775
-5.27427
-5.27524
-5.27459
-5.27459
-5.2733
-5.27329
-5.27458
-5.27426
-5.27555
-5.27588
-5.27492
-5.27654
-5.27524
-5.27686
-5.27524
-5.27686
-5.27524
-5.27556
-5.27815
-5.27718
-5.27912
-5.28074
-5.27912
-5.27848
-5.27621
-5.27685
-5.27621
-5.27523
-5.27718
-5.27588
-5.27524
-5.27427
-5.27233
-5.27297
-5.27362
-5.27265
-5.27297
-5.27362
-5.27427
-5.27297
-5.27556
-5.27686
-5.27719
-5.27557
-5.27816
-5.27784
-5.27784
-5.27686
-5.27783
-5.27848
-5.27912
-5.27815
-5.27718
-5.27589
-5.27687
-5.27719
-5.27687
-5.27395
-5.2733
-5.27492
-5.27395
-5.27492
-5.27492
-5.27784
-5.27622
-5.27557
-5.27493
-5.27493
-5.27266
-5.27169
-5.27331
-5.27428
-5.27136
-5.27136
-5.27039
-5.27201
-5.27298
-5.2746
-5.27622
-5.2759
-5.27655
-5.2759
-5.2759
-5.27655
-5.2759
-5.2759
-5.2759
-5.2759
-5.27654
-5.27298
-5.2746
-5.2746
-5.27752
-5.27784
-5.27817
-5.27687
-5.2759
-5.27363
-5.27395
-5.27395
-5.27493
-5.27395
-5.27266
-5.27428
-5.27492
-5.27428
-5.27169
-5.27266
-5.27492
-5.2746
-5.27395
-5.27654
-5.27428
-5.2759
-5.27687
-5.2759
-5.27687
-5.27784
-5.27913
-5.27719
-5.27848
-5.2759
-5.2759
-5.27622
-5.2759
-5.27558
-5.27525
-5.27525
-5.27622
-5.27751
-5.27524
-5.27492
-5.27427
-5.27298
-5.27201
-5.27299
-5.27364
-5.27202
-5.27429
-5.27364
-5.27331
-5.27233
-5.27201
-5.27201
-5.2746
-5.27492
-5.27621
-5.27621
-5.27524
-5.27265
-5.2733
-5.27395
-5.27557
-5.27525
-5.27525
-5.27557
-5.27363
-5.27298
-5.27428
-5.27298
-5.2746
-5.27298
-5.27363
-5.27428
-5.27298
-5.27363
-5.27461
-5.27493
-5.27525
-5.27265
-5.27427
-5.27362
-5.2733
-5.27103
-5.27071
-5.26942
-5.27137
-5.27169
-5.27137
-5.27137
-5.27201
-5.2746
-5.27363
-5.27395
-5.2733
-5.27557
-5.27459
-5.27427
-5.27298
-5.2746
-5.2746
-5.27331
-5.27331
-5.27429
-5.27364
-5.27526
-5.27591
-5.27558
-5.27331
-5.27266
-5.27331
-5.27169
-5.27266
-5.27492
-5.27395
-5.27298
-5.27071
-5.26974
-5.27233
-5.27427
-5.27622
-5.27525
-5.27557
-5.27428
-5.27395
-5.27233
-5.27363
-5.2759
-5.27784
-5.27589
-5.27751
-5.27751
-5.27686
-5.27751
-5.27557
-5.2759
-5.27492
-5.27428
-5.27525
-5.27621
-5.27653
-5.27588
-5.27426
-5.272
-5.2733
-5.27427
-5.27492
-5.2746
-5.27525
-5.27234
-5.27234
-5.27233
-5.27525
-5.27881
-5.2788
-5.27945
-5.27783
-5.27654
-5.2746
-5.2746
-5.27525
-5.27525
-5.27557
-5.2746
-5.27427
-5.27363
-5.26974
-5.27104
-5.27039
-5.2704
-5.27072
-5.27201
-5.2733
-5.26942
-5.27007
-5.27202
-5.27526
-5.27493
-5.27525
-5.2746
-5.27298
-5.27298
-5.27428
-5.27525
-5.27655
-5.27558
-5.27622
-5.27461
-5.27526
-5.27655
-5.27493
-5.27396
-5.27461
-5.27363
-5.27201
-5.27169
-5.27007
-5.27072
-5.27072
-5.27039
-5.27233
-5.27266
-5.2746
-5.27492
-5.27363
-5.27266
-5.27493
-5.27623
-5.27558
-5.27817
-5.27914
-5.27978
-5.27687
-5.27525
-5.27687
-5.27719
-5.27784
-5.27686
-5.27589
-5.27492
-5.27621
-5.27621
-5.27816
-5.27719
-5.27719
-5.27492
-5.27525
-5.27525
-5.27622
-5.27524
-5.27621
-5.27589
-5.27653
-5.27556
-5.27459
-5.27556
-5.27556
-5.27427
-5.27362
-5.27459
-5.27427
-5.27394
-5.27459
-5.27589
-5.27394
-5.27427
-5.27492
-5.27556
-5.27589
-5.27686
-5.2775
-5.27815
-5.2788
-5.27524
-5.27686
-5.27784
-5.27719
-5.27622
-5.27978
-5.27945
-5.27654
-5.27654
-5.27816
-5.27978
-5.2801
-5.27881
-5.27816
-5.27913
-5.27945
-5.27913
-5.27913
-5.27524
-5.27718
-5.27589
-5.2788
-5.27913
-5.27816
-5.27945
-5.27816
-5.27654
-5.27428
-5.27363
-5.27395
-5.27266
-5.27298
-5.27298
-5.2733
-5.272
-5.27459
-5.27362
-5.27233
-5.27298
-5.27395
-5.27331
-5.27363
-5.27202
-5.2704
-5.27202
-5.27266
-5.27525
-5.27525
-5.27654
-5.27492
-5.27363
-5.27298
-5.27493
-5.27623
-5.27623
-5.27687
-5.27752
-5.27849
-5.27882
-5.2772
-5.2785
-5.27979
-5.27979
-5.28108
-5.2814
-5.2827
-5.28302
-5.28237
-5.28011
-5.27913
-5.27719
-5.27687
-5.27493
-5.27396
-5.27266
-5.27299
-5.27396
-5.27428
-5.27396
-5.27461
-5.27461
-5.27429
-5.27429
-5.27558
-5.27526
-5.27429
-5.27234
-5.27169
-5.27202
-5.27235
-5.27332
-5.2717
-5.27105
-5.27008
-5.26943
-5.27364
-5.27299
-5.27494
-5.27364
-5.27267
-5.27493
-5.27331
-5.27428
-5.27396
-5.27461
-5.27493
-5.27557
-5.2759
-5.27461
-5.2759
-5.27558
-5.27591
-5.27591
-5.27655
-5.27688
-5.27558
-5.27687
-5.27752
-5.27784
-5.27946
-5.27849
-5.27622
-5.27655
-5.2759
-5.27623
-5.27558
-5.27557
-5.27363
-5.27589
-5.2733
-5.27395
-5.2733
-5.27428
-5.27493
-5.27396
-5.27396
-5.27234
-5.27428
-5.27298
-5.27395
-5.27493
-5.27557
-5.27396
-5.27493
-5.27428
-5.27363
-5.27428
-5.27493
-5.27428
-5.27202
-5.27461
-5.27429
-5.27332
-5.27364
-5.27461
-5.27591
-5.2759
-5.27752
-5.2746
-5.27492
-5.27525
-5.27687
-5.27557
-5.27428
-5.2746
-5.27299
-5.27267
-5.27234
-5.27234
-5.27396
-5.27331
-5.27331
-5.27428
-5.27266
-5.27266
-5.27298
-5.27492
-5.27654
-5.27687
-5.27784
-5.2759
-5.27719
-5.27557
-5.27395
-5.27331
-5.27363
-5.27364
-5.27396
-5.27526
-5.27493
-5.27525
-5.2746
-5.2746
-5.27492
-5.27233
-5.27266
-5.27331
-5.27298
-5.27234
-5.27525
-5.2772
-5.27687
-5.27687
-5.27719
-5.27719
-5.27589
-5.27622
-5.27816
-5.27719
-5.27816
-5.27622
-5.27557
-5.27557
-5.27719
-5.27751
-5.27719
-5.27849
-5.27849
-5.27849
-5.27849
-5.27978
-5.27783
-5.27654
-5.27557
-5.27557
-5.27751
-5.27784
-5.27784
-5.27751
-5.27655
-5.27428
-5.27622
-5.27784
-5.27622
-5.27686
-5.27492
-5.27524
-5.27492
-5.27622
-5.27525
-5.27363
-5.27331
-5.27298
-5.27331
-5.27233
-5.27136
-5.27039
-5.27071
-5.27363
-5.27428
-5.27266
-5.27104
-5.27557
-5.27783
-5.27589
-5.27589
-5.27815
-5.27588
-5.27588
-5.27718
-5.27686
-5.27492
-5.27621
-5.2788
-5.2788
-5.2788
-5.27751
-5.27686
-5.27783
-5.27783
-5.27816
-5.27913
-5.27686
-5.27718
-5.27621
-5.27653
-5.27589
-5.27524
-5.27557
-5.27525
-5.27428
-5.27363
-5.27395
-5.27427
-5.27362
-5.27427
-5.27394
-5.2733
-5.27265
-5.27071
-5.27233
-5.27363
-5.27395
-5.27557
-5.27654
-5.2746
-5.27589
-5.27653
-5.27556
-5.27621
-5.27491
-5.27492
-5.27881
-5.27751
-5.27817
-5.27914
-5.27979
-5.28076
-5.28497
-5.28529
-5.28302
-5.28237
-5.28237
-5.27848
-5.27784
-5.27719
-5.27719
-5.27752
-5.27817
-5.27622
-5.27686
-5.27783
-5.27718
-5.27459
-5.27557
-5.2759
-5.27429
-5.27429
-5.27493
-5.27461
-5.2759
-5.27461
-5.27622
-5.27525
-5.27526
-5.27623
-5.27655
-5.27526
-5.2759
-5.27525
-5.2746
-5.27137
-5.27072
-5.27266
-5.27266
-5.27331
-5.27267
-5.27429
-5.27461
-5.27234
-5.27364
-5.27429
-5.27461
-5.27299
-5.27137
-5.26911
-5.27008
-5.27007
-5.27169
-5.27331
-5.27493
-5.2759
-5.2759
-5.27331
-5.27557
-5.27525
-5.27655
-5.27719
-5.27719
-5.27752
-5.27784
-5.27687
-5.2772
-5.27688
-5.2759
-5.27525
-5.27396
-5.27331
-5.27104
-5.27007
-5.27104
-5.27428
-5.27525
-5.27751
-5.27686
-5.27654
-5.27816
-5.27687
-5.27752
-5.27784
-5.27817
-5.27784
-5.27461
-5.27396
-5.27557
-5.27654
-5.27654
