0.933082
0.934965
0.940421
0.948011
0.956248
0.963931
0.970286
0.974943
0.977853
0.979126
0.978955
0.97767
0.975856
0.974404
0.974318
0.976324
0.980585
0.986658
0.993766
1.00117
1.00841
1.01531
1.02165
1.027
1.0307
1.03227
1.0318
1.03002
1.02798
1.02647
1.0256
1.02491
1.0238
1.02186
1.01882
1.0145
1.00888
1.00254
0.99676
0.993076
0.992476
0.995338
1.00212
1.01367
1.03005
1.04953
1.06899
1.08566
1.09805
1.10584
1.10931
1.10884
1.10476
1.09739
1.08703
1.07412
1.05934
1.04368
1.02851
1.01535
1.00538
0.998903
0.995182
0.992864
0.990616
0.98764
0.983824
0.979574
0.975549
0.972332
0.970163
0.968973
0.968661
0.969251
0.970761
0.972883
0.974945
0.976295
0.976779
0.976858
0.977164
0.978077
0.979597
0.981504
0.983522
0.985475
0.987475
0.98997
0.993567
0.998584
1.00475
1.01126
1.01723
1.022
1.02519
1.02653
1.02575
1.02271
1.01753
1.01061
1.00261
0.994305
0.986579
0.980491
0.977108
0.976937
0.979326
0.982554
0.984631
0.984154
0.980764
0.975085
0.968416
0.962301
0.958016
0.956113
0.956247
0.957402
0.958484
0.958763
0.958041
0.95658
0.954931
0.953609
0.952878
0.952698
0.952916
0.95351
0.954615
0.956318
0.958545
0.961237
0.964643
0.969304
0.975777
0.984255
0.994342
1.0051
1.01525
1.02366
1.0296
1.03302
1.03443
1.03472
1.03476
1.03528
1.03684
1.03965
1.04333
1.04699
1.04958
1.05037
1.04913
1.04598
1.04123
1.03523
1.0286
1.02223
1.01738
1.01536
1.01708
1.02255
1.03075
1.03983
1.04774
1.05282
1.0542
1.052
1.04731
1.04177
1.03707
1.03437
1.03383
1.03475
1.03602
1.03686
1.03734
1.0384
1.04121
1.04618
1.05234
1.05774
1.06031
1.05873
1.0528
1.04352
1.03277
1.02257
1.01418
1.00756
1.00182
0.996061
0.989982
0.983922
0.978584
0.974687
0.972799
0.973405
0.976937
0.983601
0.993125
1.00459
1.01668
1.02801
1.03738
1.04374
1.04618
1.04396
1.03679
1.02542
1.01223
1.00115
0.996408
1.00052
1.01307
1.03132
1.05192
1.07219
1.09052
1.1061
1.11847
1.12723
1.13183
1.13176
1.12676
1.117
1.10317
1.08626
1.06738
1.04771
1.02836
1.01046
0.995053
0.982853
0.974212
0.969077
0.96717
0.968455
0.973623
0.983837
0.999452
1.0188
1.03867
1.05601
1.06901
1.07707
1.08026
1.07894
1.07359
1.06486
1.05365
1.04115
1.02868
1.01748
1.00839
1.00171
0.997221
0.994353
0.992421
0.990883
0.989546
0.988586
0.988434
0.98961
0.992514
0.997247
1.00351
1.01056
1.01724
1.02221
1.0243
1.02298
1.01867
1.01303
1.00857
1.00768
1.01167
1.02022
1.0319
1.04487
1.05752
1.06871
1.07789
1.085
1.09014
1.09335
1.09441
1.0929
1.08829
1.08026
1.0689
1.05481
1.03892
1.02227
1.0057
0.989915
0.975744
0.964408
0.957079
0.954006
0.954057
0.955198
0.955696
0.955025
0.95399
0.954157
0.95702
0.96337
0.973062
0.985188
0.99854
1.01201
1.02476
1.03619
1.04574
1.05277
1.05666
1.0571
1.05434
1.04939
1.04368
1.03866
1.03549
1.03483
1.03668
1.04032
1.04447
1.04757
1.04817
1.04534
1.03883
1.02909
1.01711
1.00427
0.992114
0.982269
0.976203
0.974792
0.977839
0.984281
0.992875
1.00241
1.01113
1.01662
1.01691
1.01158
1.00179
0.989483
0.976285
0.963148
0.950728
0.939918
0.932038
0.928332
0.929245
0.934057
0.941169
0.948797
0.955713
0.961651
0.967205
0.973293
0.980486
0.988559
0.996495
1.00289
1.00664
1.00731
1.0052
1.00106
0.995572
0.988983
0.981056
0.971368
0.95972
0.9464
0.932304
0.918908
0.908249
0.902701
0.904354
0.914007
0.930358
0.950134
0.969369
0.984819
0.994792
0.999318
0.999994
0.999578
1.00123
1.00737
1.01861
1.03349
1.04936
1.06352
1.07402
1.07993
1.08114
1.07824
1.07224
1.06445
1.05628
1.04899
1.04335
1.03926
1.03567
1.03118
1.02511
1.01867
1.01447
1.01405
1.01598
1.01705
1.01492
1.00942
1.00206
0.995351
0.991939
0.993953
1.00217
1.01527
1.02999
1.04267
1.05074
1.05341
1.05129
1.04576
1.0384
1.03053
1.02307
1.01636
1.01022
1.00424
0.998096
0.991515
0.984015
0.974656
0.962365
0.946773
0.929243
0.913405
0.904634
0.907947
0.925138
0.953222
0.985768
1.01601
1.03933
1.05385
1.05975
1.05843
1.05198
1.04271
1.03287
1.02436
1.01851
1.0159
1.01632
1.01892
1.02248
1.02567
1.02723
1.02596
1.02089
1.01145
0.997927
0.981814
0.965981
0.953981
0.948311
0.948854
0.953269
0.958848
0.964001
0.968447
0.972639
0.977273
0.982929
0.989839
0.997778
1.00618
1.01442
1.02206
1.02866
1.03337
1.03487
1.03187
1.024
1.01214
0.998255
0.984658
0.973322
0.965503
0.961529
0.960836
0.962263
0.964604
0.966925
0.968371
0.967806
0.963952
0.95603
0.944191
0.929527
0.913794
0.899113
0.887556
0.880597
0.878585
0.880864
0.886629
0.895936
0.909668
0.928491
0.9517
0.976906
1.00097
1.02123
1.03635
1.04622
1.05155
1.05323
1.05201
1.04833
1.04242
1.03466
1.02615
1.01888
1.01521
1.01662
1.023
1.03296
1.04468
1.05652
1.06721
1.07596
1.08241
1.08661
1.08894
1.08988
1.08966
1.08805
1.08433
1.07743
1.06637
1.05073
1.03115
1.00942
0.98821
0.970435
0.958499
0.953856
0.956873
0.966762
0.981614
0.998747
1.01531
1.02893
1.03819
1.04285
1.04394
1.04349
1.04379
1.0463
1.05103
1.05659
1.06101
1.06252
1.05983
1.05227
1.03974
1.02264
1.00184
0.978545
0.954285
0.930897
0.910552
0.895554
0.888132
0.889926
0.901376
0.921216
0.946584
0.97393
0.999997
1.02238
1.03963
1.0511
1.05667
1.05645
1.05068
1.03974
1.02438
1.00613
0.987592
0.97225
0.963315
0.96198
0.966647
0.974088
0.981503
0.987569
0.992271
0.996214
1.00006
1.00429
1.00911
1.01451
1.0202
1.02564
1.03011
1.03294
1.03365
1.03221
1.02897
1.02458
1.0198
1.0152
1.01116
1.00784
1.00539
1.00395
1.00368
1.00458
1.00639
1.00864
1.01082
1.01262
1.01409
1.01565
1.01804
1.0219
1.02725
1.03328
1.03868
1.04219
1.0432
1.04183
1.03877
1.03503
1.03159
1.02914
1.0281
1.02876
1.03125
1.03532
1.03995
1.04342
1.04382
1.03982
1.03128
1.01942
1.00656
0.995337
0.987796
0.98491
0.986537
0.99173
0.999135
1.00749
1.01622
1.02564
1.03661
1.04943
1.06314
1.07542
1.08377
1.08643
1.08301
1.0743
1.06185
1.04758
1.03347
1.02141
1.01303
1.00952
1.01126
1.01788
1.02838
1.04165
1.05671
1.07275
1.08881
1.10371
1.11624
1.12543
1.1307
1.13179
1.12869
1.12138
1.10991
1.09438
1.0753
1.0538
1.0317
1.01118
0.994178
0.981749
0.973849
0.969586
0.967626
0.966516
0.964994
0.962329
0.958566
0.954509
0.951493
0.950857
0.953602
0.960219
0.970698
0.984533
1.00069
1.01762
1.03344
1.04613
1.054
1.056
1.05202
1.04277
1.02959
1.01403
0.997501
0.981227
0.966213
0.953348
0.943543
0.937722
0.93657
0.940134
0.947528
0.957036
0.966543
0.974168
0.97888
0.9809
0.981718
0.98351
0.988082
0.995931
1.00603
1.01653
1.02562
1.0322
1.03599
1.03742
1.0373
1.03642
1.03533
1.03424
1.03312
1.03189
1.03046
1.02885
1.02713
1.02551
1.02447
1.02468
1.02678
1.03093
1.03645
1.04175
1.04474
1.04347
1.03687
1.02502
1.00914
0.991256
0.973854
0.959491
0.950359
0.947703
0.951214
0.958874
0.967454
0.973569
0.974657
0.969652
0.959209
0.945509
0.931543
0.92012
0.91306
0.910971
0.913593
0.920325
0.930546
0.943612
0.958611
0.974176
0.988596
1.00016
1.0075
1.01006
1.00846
1.00464
1.00166
1.00258
1.00929
1.02181
1.03853
1.05689
1.07421
1.08831
1.09799
1.10313
1.10454
1.10356
1.1015
1.09921
1.09686
1.09393
1.0894
1.08205
1.07078
1.05485
1.03431
1.01019
0.984865
0.962095
0.946267
0.940813
0.946588
0.961421
0.981328
1.00223
1.0211
1.03622
1.04683
1.05263
1.05358
1.05003
1.04292
1.03394
1.02519
1.01859
1.01526
1.0152
1.01749
1.02067
1.02338
1.02462
1.02397
1.02134
1.01673
1.01004
1.00107
0.989784
0.976709
0.963184
0.951194
0.942823
0.939478
0.941425
0.9479
0.957568
0.969029
0.981135
0.993016
1.00396
1.01317
1.01969
1.02253
1.02083
1.01423
1.00341
0.990523
0.979266
0.973549
0.975426
0.983827
0.99558
1.00754
1.0179
1.02609
1.03212
1.03614
1.03828
1.03879
1.03804
1.03647
1.0345
1.03234
1.02988
1.02672
1.02241
1.01675
1.0099
1.0024
0.995035
0.98848
0.983131
0.97906
0.976229
0.974722
0.974857
0.977055
0.981558
0.988069
0.995543
1.00235
1.00684
1.00791
1.00546
1.00022
0.993429
0.98636
0.979952
0.974775
0.971098
0.968974
0.96832
0.968846
0.970158
0.971821
0.973492
0.975045
0.976632
0.978576
0.98108
0.984008
0.98681
0.988646
0.988746
0.986828
0.983246
0.978892
0.974761
0.971389
0.968668
0.966019
0.962878
0.959119
0.955251
0.952142
0.950565
0.950861
0.952807
0.955758
0.958976
0.961918
0.964405
0.96659
0.968871
0.971754
0.975665
0.980747
0.986827
0.99356
1.00072
1.00824
1.016
1.02341
1.02921
1.0317
1.0294
1.02179
1.0098
0.995945
0.983639
0.975867
0.97354
0.974955
0.976755
0.975566
0.96913
0.956817
0.93969
0.92031
0.902071
0.888162
0.880762
0.8808
0.887983
0.900864
0.917022
0.933561
0.947782
0.957701
0.96231
0.961589
0.956362
0.948038
0.938314
0.928993
0.921828
0.918392
0.91966
0.925603
0.935169
0.946684
0.958532
0.969606
0.979331
0.987381
0.993453
0.997229
0.998664
0.998314
0.997491
0.997998
1.00149
1.00884
1.01977
1.0331
1.04715
1.06018
1.07059
1.07702
1.0785
1.07451
1.0652
1.05137
1.0345
1.01642
0.998974
0.983639
0.971244
0.961856
0.95501
0.950148
0.947101
0.946261
0.948325
0.95374
0.96212
0.972109
0.981579
0.988202
0.990091
0.986515
0.978401
0.968325
0.95943
0.953674
0.950892
0.949547
0.948317
0.946994
0.94629
0.947099
0.949789
0.953967
0.958606
0.962466
0.964668
0.965035
0.964081
0.962765
0.962104
0.962851
0.965278
0.969205
0.974146
0.979532
0.985012
0.990526
0.99623
1.00219
1.00811
1.0133
1.01675
1.01746
1.01482
1.00876
0.999938
0.989514
0.978891
0.969387
0.961918
0.956845
0.95408
0.953342
0.954464
0.95758
0.963058
0.971052
0.981075
0.991909
1.00207
1.01046
1.01677
1.02143
1.02518
1.02864
1.03196
1.03476
1.03623
1.03529
1.03066
1.02111
1.0058
0.98485
0.959867
0.933903
0.910491
0.892419
0.881314
0.878115
0.883499
0.897538
0.919041
0.945336
0.972804
0.997917
1.01805
1.03188
1.0395
1.04214
1.04162
1.03953
1.03687
1.03408
1.03135
1.02888
1.02706
1.02645
1.0276
1.03079
1.03569
1.0414
1.04667
1.05026
1.05124
1.04918
1.04429
1.03727
1.02927
1.0216
1.01547
1.01176
1.01081
1.01234
1.01551
1.01921
1.02227
1.02371
1.02286
1.01944
1.01362
1.00605
0.997973
0.991164
0.987631
0.98878
0.994783
1.00474
1.01746
1.03198
1.04764
1.06379
1.07968
1.09425
1.10624
1.11425
1.11707
1.11388
1.10441
1.08893
1.06824
1.04356
1.01648
0.988861
0.962786
0.940352
0.923423
0.913265
0.910232
0.913646
0.9219
0.932868
0.944469
0.95514
0.964054
0.971118
0.976716
0.981397
0.985555
0.989172
0.991821
0.992891
0.991894
0.988767
0.983976
0.978488
0.97356
0.970516
0.970474
0.974062
0.981111
0.990455
1.00022
1.00846
1.01377
1.01546
1.0134
1.00789
0.999741
0.990232
0.980873
0.973143
0.968197
0.966512
0.967476
0.969563
0.97116
0.971533
0.971167
0.971318
0.973172
0.97725
0.983405
0.991142
0.999874
1.00892
1.01735
1.02396
1.02749
1.02699
1.02211
1.01337
1.00198
0.989679
0.978347
0.969523
0.963997
0.961637
0.961619
0.96292
0.964539
0.96572
0.965983
0.965289
0.964105
0.963213
0.963395
0.96504
0.968042
0.971861
0.975685
0.978524
0.979275
0.976986
0.971282
0.9628
0.953373
0.945653
0.942338
0.945365
0.955341
0.971326
0.991119
1.01188
1.03099
1.0466
1.05785
1.06457
1.06696
1.06555
1.06119
1.05505
1.04832
1.04199
1.03685
1.03343
1.03208
1.03276
1.03499
1.03802
1.04095
1.04298
1.04349
1.04207
1.03864
1.03329
1.02628
1.01794
1.00867
0.999087
0.990133
0.982929
0.978563
0.977666
0.98021
0.985419
0.991991
0.998359
1.00301
1.00479
1.00323
0.998611
0.992062
0.985392
0.980624
0.979258
0.98163
0.986799
0.993002
0.998394
1.00165
1.00219
1.00032
0.997221
0.994797
0.995505
1.0018
1.01515
1.03512
1.05935
1.08454
1.10768
1.12658
1.13994
1.14719
1.14844
1.14427
1.13575
1.1243
1.11183
1.10064
1.09299
1.09005
1.09108
1.09397
1.09649
1.09718
1.09545
1.09136
1.08541
1.07838
1.07103
1.06383
1.05681
1.04973
1.04243
1.03506
1.02779
1.0205
1.01253
1.00304
0.991554
0.978366
0.964593
0.951829
0.941757
0.935811
0.934926
0.939296
0.948208
0.960121
0.97293
0.984515
0.993171
0.997898
0.998453
0.995323
0.989532
0.982316
0.974841
0.967994
0.962432
0.95877
0.95765
0.959603
0.964827
0.973045
0.983562
0.995417
1.00759
1.01915
1.02928
1.03731
1.04261
1.04465
1.04298
1.0374
1.02807
1.01561
1.00109
0.985906
0.971505
0.959163
0.949899
0.944605
0.944209
0.949495
0.960296
0.974714
0.989421
1.00111
1.00786
1.00943
1.00681
1.00142
0.994552
0.987185
0.980056
0.973848
0.969206
0.966579
0.966113
0.967613
0.970585
0.974339
0.978078
0.981042
0.982601
0.982251
0.97954
0.973952
0.964886
0.952032
0.93609
0.919437
0.906064
0.900299
0.904903
0.919791
0.942184
0.968039
0.993766
1.01707
1.03692
1.05304
1.06556
1.07458
1.08001
1.08149
1.07849
1.07076
1.05865
1.04331
1.0265
1.01027
0.996419
0.986015
0.979099
0.975038
0.973272
0.973809
0.977041
0.983144
0.991531
1.00075
1.00894
1.0145
1.01651
1.01458
1.00867
0.99888
0.985545
0.969551
0.952507
0.936662
0.924552
0.918307
0.918725
0.924593
0.932914
0.940136
0.943642
0.942697
0.938507
0.933608
0.930872
0.93254
0.939574
0.951418
0.966316
0.981887
0.99568
1.00549
1.00948
1.00644
0.995918
0.978453
0.955652
0.930108
0.905027
0.88356
0.868172
0.860343
0.860538
0.868323
0.88245
0.900969
0.92154
0.941883
0.960304
0.976106
0.989484
1.00106
1.01129
1.02015
1.02708
1.03132
1.03222
1.02956
1.0239
1.01685
1.01067
1.00742
1.00787
1.01126
1.01598
1.02058
1.02429
1.02707
1.02912
1.03041
1.03028
1.02746
1.02063
1.00905
0.993038
0.974199
0.955199
0.939273
0.929351
0.927165
0.932738
0.944503
0.959883
0.976074
0.990646
1.00209
1.01009
1.01543
1.01945
1.02315
1.02685
1.03048
1.03397
1.03739
1.04071
1.04353
1.04517
1.04478
1.04145
1.0344
1.02331
1.00855
0.991236
0.972945
0.955283
0.93945
0.926145
0.915866
0.909325
0.907404
0.910681
0.918854
0.930861
0.945538
0.962215
0.980685
1.0005
1.02045
1.03885
1.05418
1.06553
1.07263
1.07565
1.07499
1.07117
1.0648
1.05659
1.04728
1.03765
1.02841
1.02001
1.01248
1.00547
0.998445
0.99102
0.983194
0.975333
0.967837
0.960949
0.954649
0.948865
0.943661
0.939303
0.936174
0.934644
0.935004
0.937473
0.942119
0.948674
0.956459
0.964528
0.972062
0.97874
0.984775
0.99075
0.997307
1.00494
1.01388
1.02399
1.03478
1.04528
1.05412
1.05969
1.06053
1.05578
1.04574
1.03223
1.01827
1.00715
1.00092
0.999636
1.00159
1.00448
1.00652
1.0068
1.00512
1.0015
0.995681
0.987052
0.97497
0.959463
0.941844
0.924724
0.911147
0.90342
0.902412
0.907575
0.917262
0.929441
0.942409
0.955257
0.967859
0.980483
0.993363
1.00639
1.01898
1.0301
1.03859
1.04372
1.04564
1.04543
1.04462
1.04423
1.04414
1.04344
1.0415
1.03865
1.03594
1.03418
1.03329
1.03226
1.02982
1.02509
1.01794
1.00894
0.998832
0.98821
0.977924
0.969616
0.965538
0.967373
0.974869
0.985604
0.996191
1.00404
1.0082
1.00895
1.00692
1.00262
0.996545
0.989482
0.98258
0.977113
0.973902
0.972924
0.973345
0.974068
0.974394
0.974322
0.974554
0.976162
0.980148
0.986917
0.995942
1.00596
1.01561
1.02408
1.03139
1.03802
1.04428
1.05029
1.05613
1.06217
1.06875
1.07579
1.08279
1.08905
1.09389
1.0967
1.09703
1.09461
1.08944
1.08173
1.072
1.06116
1.05038
1.04088
1.03355
1.02867
1.02588
1.02421
1.02251
1.01975
1.0154
1.00976
1.00385
0.998946
0.996114
0.995892
0.998386
1.00336
1.01022
1.01804
1.02559
1.03165
1.03524
1.03577
1.03312
1.02755
1.01984
1.01113
1.00264
0.995174
0.988599
0.982024
0.97473
0.967304
0.961987
0.961408
0.966302
0.974561
0.982776
0.988425
0.990668
0.989932
0.987189
0.983491
0.97967
0.976271
0.973605
0.972014
0.971943
0.973721
0.977289
0.982416
0.989113
0.997736
1.00848
1.0208
1.03339
1.04471
1.0537
1.05991
1.06336
1.06419
1.06257
1.05887
1.05374
1.04805
1.04262
1.03779
1.03332
1.02861
1.02319
1.01712
1.01113
1.00632
1.00368
1.00367
1.00618
1.01081
1.01713
1.02477
1.03331
1.04227
1.05112
1.0593
1.06633
1.07165
1.07459
1.07439
1.07051
1.06303
1.0528
1.04133
1.0304
1.02169
1.0164
1.0151
1.01753
1.02278
1.02952
1.03634
1.04209
1.04602
1.04777
1.04732
1.04478
1.04024
1.03361
1.02469
1.01341
1.00019
0.986367
0.97397
0.964814
0.959345
0.956259
0.953364
0.948975
0.942698
0.93556
0.929393
0.926005
0.926355
0.930135
0.935837
0.941332
0.944587
0.944391
0.940648
0.934366
0.927383
0.921928
0.920083
0.923221
0.931567
0.944151
0.959229
0.974928
0.989705
1.00252
1.01274
1.01996
1.02399
1.02487
1.02286
1.01835
1.01177
1.00367
0.994814
0.986251
0.979281
0.975031
0.973974
0.975618
0.978726
0.981855
0.983858
0.984047
0.982122
0.977995
0.971702
0.963458
0.953688
0.943087
0.932532
0.923059
0.915723
0.911399
0.910502
0.912852
0.91775
0.924201
0.93115
0.937604
0.942771
0.946192
0.947888
0.948465
0.948878
0.950107
0.952745
0.956821
0.96202
0.96808
0.975026
0.982958
0.991585
0.999918
1.0065
1.01057
1.01369
1.01975
1.03178
1.04809
1.06313
1.07173
1.07144
1.06203
1.04451
1.021
0.994793
0.970073
0.950871
0.939631
0.936443
0.939389
0.945729
0.953161
0.960617
0.968322
0.977315
0.988579
1.00222
1.0173
1.0324
1.0462
1.0577
1.06612
1.07074
1.07095
1.06644
1.05739
1.04464
1.0296
1.01398
0.999263
0.986424
0.97577
0.967118
0.960092
0.954351
0.949672
0.945929
0.943149
0.941544
0.941036
0.940637
0.938699
0.934252
0.928084
0.922597
0.920732
0.924771
0.935318
0.950986
0.968862
0.985614
0.998595
1.00651
1.00953
1.00893
1.00655
1.00432
1.00373
1.00545
1.00927
1.01419
1.01883
1.02181
1.02212
1.01941
1.01401
1.00691
0.999534
0.993188
0.988457
0.985164
0.982931
0.981945
0.983018
0.986769
0.992584
0.998345
1.00143
1.00015
0.994403
0.985364
0.974756
0.96425
0.955341
0.949484
0.948022
0.951789
0.960651
0.973387
0.988001
1.00226
1.01421
1.02253
1.02659
1.02636
1.02225
1.01492
1.00521
0.994118
0.982768
0.97225
0.963481
0.957096
0.953547
0.953109
0.955984
0.962225
0.971658
0.983798
0.997779
1.01236
1.02602
1.03711
1.0442
1.04636
1.04342
1.03594
1.02487
1.0113
0.996566
0.982541
0.971544
0.965682
0.965958
0.971639
0.980416
0.989171
0.994991
0.996013
0.991801
0.983295
0.972436
0.961641
0.953284
0.949188
0.950297
0.956558
0.967038
0.980188
0.994247
1.0076
1.01917
1.02866
1.03658
1.04386
1.05126
1.05883
1.0658
1.0709
1.07293
1.07132
1.0663
1.05874
1.04985
1.04058
1.03127
1.02161
1.01106
0.999468
0.987555
0.976947
0.969889
0.968716
0.975188
0.989391
1.0086
1.02771
1.04151
1.04699
1.04404
1.03485
1.02271
1.0108
1.00134
0.995232
0.992231
0.991391
0.991525
0.991573
0.990644
0.987969
0.983023
0.975695
0.966497
0.956634
0.947855
0.94217
0.941544
0.947592
0.96118
0.982001
1.0083
1.03697
1.0641
1.0859
1.09952
1.10376
1.09907
1.08737
1.07142
1.05404
1.03747
1.02313
1.01176
1.00375
0.999181
0.997772
0.998733
1.00072
1.00206
1.00109
0.996818
0.989481
0.980666
0.972874
0.968514
0.969004
0.974308
0.983125
0.993428
1.0031
1.01038
1.01406
1.01354
1.00875
1.00004
0.988236
0.974563
0.960594
0.947966
0.938082
0.931844
0.929581
0.931006
0.935315
0.941336
0.947741
0.953345
0.957418
0.959743
0.960581
0.960409
0.959796
0.959492
0.96049
0.963793
0.969695
0.976958
0.982949
0.984748
0.980484
0.969979
0.954471
0.936043
0.917191
0.900473
0.887935
0.880432
0.877439
0.877766
0.880574
0.885757
0.893639
0.904413
0.917764
0.932821
0.948364
0.962967
0.975126
0.983526
0.98736
0.986598
0.982145
0.9756
0.968834
0.963479
0.960508
0.960243
0.962624
0.967421
0.974066
0.981385
0.987563
0.990537
0.988571
0.980764
0.967261
0.949273
0.928957
0.90929
0.893703
0.885571
0.887344
0.899637
0.920821
0.947422
0.975309
1.00087
1.02174
1.03694
1.04665
1.05173
1.05328
1.05226
1.04929
1.04464
1.03841
1.03077
1.02216
1.01332
1.00508
0.998099
0.992599
0.988259
0.98431
0.979639
0.97292
0.962874
0.948666
0.930436
0.909969
0.891189
0.879542
0.879708
0.892997
0.91687
0.946701
0.978153
1.00843
1.03606
1.06017
1.07992
1.09447
1.103
1.10495
1.10006
1.08849
1.07103
1.04935
1.02591
1.00341
0.984132
0.969595
0.960487
0.956839
0.958068
0.96286
0.969332
0.975427
0.97951
0.98093
0.980238
0.979031
0.979367
0.983009
0.99082
1.0026
1.01733
1.03348
1.04906
1.06188
1.06995
1.07176
1.06661
1.0548
1.0378
1.01831
0.999931
0.986193
0.979473
0.98046
0.988211
1.00053
1.01438
1.02662
1.03477
1.03727
1.03355
1.02385
1.00919
0.991446
0.973201
0.957412
0.946698
0.942617
0.945445
0.95467
0.96968
0.989822
1.01367
1.0385
1.06085
1.07769
1.08701
1.0879
1.08034
1.06531
1.04501
1.02285
1.00266
0.987159
0.976955
0.97101
0.967848
0.966037
0.963933
0.959701
0.952203
0.942157
0.932422
0.926773
0.927745
0.935361
0.947605
0.961868
0.976033
0.988853
0.999912
1.00934
1.01732
1.02363
1.02738
1.02719
1.02184
1.01111
0.996545
0.981786
0.971439
0.968687
0.973221
0.981839
0.990859
0.997929
1.00235
1.00436
1.0043
1.00224
0.998335
0.993417
0.989251
0.988077
0.991545
0.999932
1.01202
1.02571
1.03885
1.0497
1.05703
1.06025
1.05941
1.05518
1.04867
1.04129
1.03444
1.02917
1.02601
1.02484
1.02492
1.02522
1.02478
1.02311
1.02056
1.01821
1.01747
1.01937
1.02411
1.03111
1.03945
1.04822
1.05658
1.06372
1.06899
1.07215
1.07351
1.07394
1.07446
1.07593
1.07872
1.08274
1.0876
1.09273
1.09747
1.10112
1.10301
1.10254
1.09923
1.0928
1.08329
1.07103
1.05672
1.04148
1.02693
1.01529
1.00904
1.00993
1.01788
1.03067
1.04488
1.05726
1.06571
1.06946
1.06895
1.06546
1.06082
1.05693
1.05538
1.05718
1.0625
1.07072
1.08054
1.09036
1.09851
1.10359
1.10458
1.1009
1.09242
1.07951
1.063
1.04419
1.02486
1.00718
0.993404
0.985394
0.983892
0.988211
0.996489
1.0065
1.01648
1.0255
1.03342
1.04082
1.04864
1.05772
1.0683
1.07971
1.09062
1.09946
1.10472
1.10503
1.09931
1.08707
1.06874
1.04583
1.0207
0.996087
0.974402
0.95736
0.945834
0.940073
0.940014
0.945445
0.955918
0.970451
0.987167
1.00342
1.01656
1.0248
1.02775
1.02624
1.02193
1.01682
1.01283
1.01143
1.0134
1.01853
1.0256
1.0328
1.0383
1.04097
1.04061
1.03793
1.03435
1.0316
1.03106
1.03325
1.03774
1.04342
1.0491
1.05387
1.05731
1.05964
1.06163
1.06435
1.06862
1.07449
1.08092
1.08608
1.08795
1.08487
1.07595
1.0612
1.04183
1.02036
1.00027
0.985137
0.977272
0.977069
0.983461
0.994875
1.00977
1.02684
1.04495
1.06307
1.08011
1.095
1.10678
1.1147
1.11833
1.1176
1.11269
1.10413
1.09281
1.08001
1.06719
1.05548
1.04523
1.03587
1.02643
1.0163
1.00572
0.995668
0.987331
0.981874
0.980393
0.983085
0.988088
0.99218
0.992848
0.98937
0.982371
0.973023
0.96269
0.952858
0.945097
0.940674
0.940075
0.942761
0.94736
0.952286
0.956523
0.960128
0.964129
0.969765
0.977729
0.987765
0.998926
1.01015
1.02074
1.03042
1.03916
1.04691
1.05361
1.05914
1.06346
1.06673
1.06922
1.07126
1.07303
1.07451
1.07534
1.07503
1.07329
1.07043
1.06742
1.06536
1.0646
1.06436
1.0634
1.06093
1.05681
1.05137
1.04494
1.03778
1.02999
1.02165
1.01286
1.00408
0.996059
0.989558
0.984914
0.981783
0.979288
0.976616
0.97373
0.971572
0.971296
0.973306
0.977032
0.981503
0.986094
0.990681
0.995348
0.999983
1.00412
1.00708
1.00826
1.00737
1.00452
1.00023
0.995197
0.990126
0.985437
0.981158
0.976973
0.97241
0.967166
0.961394
0.956007
0.952893
0.954903
0.964728
0.982767
1.00592
1.02901
1.04739
1.05859
1.06226
1.05923
1.0505
1.03678
1.01863
0.99712
0.974849
0.955865
0.944426
0.943045
0.951453
0.9672
0.987103
1.00842
1.02923
1.04834
1.06486
1.0781
1.08756
1.09301
1.09457
1.09254
1.0871
1.07826
1.06605
1.05112
1.03508
1.02022
1.00872
1.00191
1.0002
1.00325
1.0102
1.01979
1.03057
1.0412
1.05056
1.05772
1.06189
1.06253
1.05939
1.05262
1.04267
1.03023
1.01616
1.0013
0.98641
0.971971
0.958036
0.944519
0.931683
0.92068
0.913522
0.912133
0.917
0.926811
0.939434
0.953143
0.96711
0.981099
0.994951
1.00818
1.01979
1.02836
1.0325
1.03159
1.02626
1.01833
1.00999
1.00301
0.998699
0.997569
0.998896
1.00115
1.00323
1.00516
1.00753
1.01067
1.01426
1.01763
1.02022
1.02187
1.0228
1.02343
1.02412
1.0251
1.02648
1.0282
1.02997
1.03119
1.03114
1.02937
1.02582
1.02095
1.01536
1.00958
1.00387
0.998201
0.992559
0.987245
0.982959
0.980644
0.981158
0.984952
0.991861
1.00111
1.01152
1.0218
1.03084
1.03798
1.04313
1.04669
1.04927
1.05133
1.05305
1.05432
1.05499
1.05492
1.05393
1.05172
1.04786
1.04186
1.03353
1.02317
1.01175
1.00087
0.992333
0.987587
0.987272
0.991086
0.997955
1.00636
1.01461
1.02104
1.02415
1.02283
1.01662
1.00582
0.991544
0.975464
0.959442
0.945044
0.933235
0.924391
0.918525
0.915339
0.914128
0.913583
0.912083
0.908473
0.902691
0.895569
0.888163
0.881337
0.875943
0.87321
0.874921
0.883063
0.899059
0.922748
0.951746
0.981918
1.00881
1.02895
1.04046
1.04283
1.03664
1.02321
1.00445
0.982744
0.960825
0.941521
0.927284
0.9196
0.918571
0.923023
0.931022
0.940466
0.949451
0.956644
0.961413
0.963715
0.96376
0.961791
0.958159
0.953548
0.949069
0.945984
0.94517
0.946761
0.950191
0.954642
0.959355
0.963692
0.967068
0.968846
0.968511
0.965864
0.961189
0.955213
0.948873
0.943105
0.938599
0.935669
0.934226
0.933901
0.934366
0.935572
0.937707
0.940951
0.945116
0.949691
0.954125
0.958095
0.961499
0.96423
0.96617
0.967323
0.967962
0.968608
0.969889
0.972341
0.97612
0.98079
0.985414
0.988921
0.990527
0.989961
0.987386
0.983149
0.977487
0.970423
0.961813
0.95154
0.939731
0.926949
0.91438
0.903947
0.898128
0.899162
0.907844
0.922784
0.940947
0.959006
0.974468
0.986012
0.993354
0.997042
0.998378
0.99921
1.00151
1.00679
1.01581
1.02856
1.04417
1.06092
1.07643
1.08823
1.09458
1.09497
1.09016
1.08183
1.07187
1.06173
1.05192
1.04216
1.03174
1.02017
1.00749
0.994426
0.98241
0.97321
0.968412
0.968731
0.973696
0.981939
0.991713
1.00147
1.01024
1.01781
1.02462
1.03137
1.03849
1.04595
1.05326
1.05983
1.06515
1.06889
1.07072
1.07015
1.06669
1.0602
1.05099
1.03983
1.02765
1.01553
1.00475
0.996656
0.99206
0.990788
0.991936
0.994496
0.997781
1.00141
1.00512
1.00863
1.0117
1.01421
1.01615
1.01754
1.01829
1.01802
1.0159
1.01082
1.00184
0.988931
0.973729
0.959729
0.950729
0.948137
0.949741
0.9517
0.95173
0.950239
0.949333
0.950976
0.955895
0.96358
0.972912
0.982773
0.992277
1.00075
1.00765
1.01261
1.01554
1.01668
1.0164
1.01493
1.01207
1.00741
1.00081
0.992575
0.983203
0.973068
0.962493
0.952305
0.944398
0.941514
0.945807
0.957157
0.972755
0.988588
1.0014
1.00969
1.01368
1.01462
1.01403
1.01312
1.01255
1.01235
1.01205
1.01091
1.00813
1.00317
0.995871
0.986507
0.975767
0.964616
0.954227
0.945967
0.941162
0.940806
0.945273
0.954135
0.966292
0.980241
0.994421
1.00746
1.01831
1.02616
1.0304
1.03072
1.02724
1.02065
1.01218
1.00338
0.995849
0.99104
0.989968
0.992995
0.999725
1.00904
1.01938
1.02917
1.03725
1.04302
1.04645
1.04794
1.048
1.0471
1.04557
1.04367
1.04156
1.03937
1.03721
1.03524
1.0336
1.03242
1.03163
1.0309
1.02947
1.02632
1.02039
1.01105
0.998374
0.983191
0.966862
0.950929
0.936814
0.925561
0.917771
0.913584
0.912638
0.913922
0.915776
0.91647
0.914977
0.911405
0.906745
0.902331
0.89934
0.898698
0.901078
0.906754
0.915448
0.926223
0.937555
0.947706
0.955355
0.960776
0.966603
0.976521
0.991902
1.01011
1.02673
1.03846
1.04396
1.04344
1.03803
1.02947
1.01964
1.01012
1.0018
0.994883
0.98914
0.984431
0.980854
0.978535
0.977108
0.975515
0.972444
0.967097
0.959645
0.951072
0.942759
0.935871
0.930994
0.928234
0.927562
0.929113
0.933151
0.939804
0.948843
0.959665
0.971424
0.983074
0.993391
1.0011
1.00514
1.00489
1.00043
0.992537
0.982503
0.971651
0.960896
0.950762
0.941857
0.935062
0.931293
0.931192
0.935152
0.943447
0.955885
0.971227
0.98721
1.00151
1.01276
1.02095
1.02704
1.03224
1.0374
1.04267
1.04756
1.05141
1.05371
1.05425
1.05307
1.05037
1.04662
1.04259
1.03933
1.03793
1.03931
1.04381
1.05099
1.05955
1.06746
1.07241
1.07234
1.06612
1.05405
1.03809
1.02126
1.00658
0.995734
0.988588
0.983924
0.980706
0.978779
0.9788
0.981618
0.987548
0.996106
1.00629
1.01732
1.02909
1.04164
1.05416
1.06463
1.0708
1.07141
1.06667
1.05797
1.04724
1.03634
1.02672
1.01926
1.01432
1.01193
1.01194
1.0139
1.01683
1.01924
1.01946
1.01609
1.00854
0.99741
0.984473
0.972181
0.962546
0.956142
0.952089
0.948869
0.945338
0.941334
0.937732
0.935957
0.937337
0.942595
0.95167
0.963933
0.978466
0.994174
1.00971
1.02367
1.03474
1.04203
1.04511
1.04426
1.04053
1.03553
1.03101
1.02835
1.0282
1.03049
1.03454
1.03935
1.04392
1.04757
1.05002
1.0513
1.05169
1.05157
1.05126
1.05086
1.05019
1.04881
1.04612
1.04166
1.03542
1.02795
1.02021
1.01328
1.00806
1.00502
1.00399
1.00417
1.00439
1.00358
1.00124
0.997507
0.99297
0.988242
0.983716
0.979568
0.976054
0.973664
0.973099
0.975031
0.979852
0.987407
0.99678
1.00639
1.01439
1.01913
1.01956
1.01524
1.00629
0.993383
0.978008
0.962792
0.95132
0.946777
0.949965
0.958346
0.967249
0.972455
0.972344
0.968561
0.964753
0.963926
0.966725
0.972339
0.980154
0.989977
1.00122
1.0126
1.02276
1.03084
1.03659
1.04022
1.04226
1.04363
1.0456
1.0495
1.05594
1.0643
1.07282
1.07933
1.08192
1.07943
1.07158
1.05894
1.04311
1.0266
1.01246
1.00329
0.999993
1.00139
1.00497
1.00813
1.00913
1.00724
1.00258
0.995705
0.987443
0.978701
0.970487
0.963834
0.959715
0.958841
0.961415
0.967048
0.974838
0.983585
0.99195
0.998613
1.0024
1.00245
0.998388
0.990497
0.979935
0.968687
0.959218
0.953622
0.952782
0.956261
0.962796
0.970936
0.979317
0.986761
0.992413
0.995931
0.997442
0.997287
0.99582
0.993458
0.990919
0.989463
0.990683
0.995679
1.00389
1.01304
1.02028
1.02376
1.02337
1.0207
1.01829
1.01853
1.02254
1.02967
1.0379
1.04498
1.04932
1.05044
1.04872
1.04483
1.03927
1.03219
1.02334
1.01225
0.998525
0.98214
0.963902
0.94571
0.930394
0.9209
0.918948
0.923913
0.933103
0.943196
0.951691
0.957554
0.961026
0.963055
0.964722
0.966821
0.969755
0.97349
0.977689
0.981823
0.98525
0.987306
0.987508
0.985687
0.981981
0.97672
0.970298
0.963197
0.955943
0.949072
0.94306
0.9382
0.934561
0.932016
0.930346
0.929371
0.92906
0.929559
0.93108
0.933753
0.937458
0.941801
0.946233
0.950277
0.953731
0.956758
0.959789
0.963145
0.966708
0.969791
0.971524
0.971375
0.969473
0.966526
0.963485
0.961211
0.960201
0.96052
0.96195
0.964208
0.967131
0.970656
0.974595
0.978355
0.980889
0.98096
0.977639
0.970774
0.961254
0.950925
0.942138
0.937
0.93655
0.940354
0.946932
0.954659
0.962435
0.969783
0.976524
0.982382
0.987042
0.990461
0.99326
0.996685
1.0021
1.01032
1.02127
1.0341
1.04733
1.05913
1.06772
1.07184
1.07122
1.06661
1.05954
1.05151
1.04337
1.03529
1.02722
1.01935
1.01232
1.00703
1.00429
1.00443
1.00726
1.01234
1.01928
1.0278
1.03729
1.04636
1.05291
1.05492
1.05183
1.04596
1.042
1.04373
1.05029
1.05696
1.05912
1.05462
1.04358
1.02741
1.00832
0.988953
0.972055
0.959659
0.952485
0.949986
0.951076
0.954638
0.959814
0.966128
0.973357
0.981271
0.989456
0.997302
1.00427
1.01031
1.01605
1.02264
1.03094
1.04088
1.05109
1.05954
1.06444
1.06477
1.06027
1.05116
1.038
1.02191
1.00479
0.989336
0.97844
0.974177
0.976747
0.984277
0.993708
1.00214
1.00774
1.01003
1.00958
1.00739
1.00429
1.0004
0.995175
0.988374
0.981733
0.979133
0.983161
0.991357
0.997621
0.997126
0.988752
0.974491
0.958027
0.943477
0.93409
0.931405
0.935213
0.944289
0.957094
0.972068
0.987618
1.00215
1.01431
1.02322
1.0286
1.03046
1.02891
1.02417
1.01674
1.00759
0.997923
0.988722
0.980442
0.972982
0.965973
0.959132
0.952571
0.946813
0.942636
0.940787
0.941658
0.945118
0.950649
0.957667
0.965825
0.975068
0.985399
0.996621
1.00813
1.01892
1.02785
1.03397
1.0369
1.03684
1.03445
1.03045
1.0254
1.01957
1.01309
1.0061
0.998708
0.990984
0.983021
0.975129
0.967967
0.962383
0.958925
0.957381
0.956667
0.955263
0.952004
0.946673
0.940151
0.933999
0.929763
0.92845
0.930482
0.935822
0.944167
0.954931
0.967217
0.979819
0.991461
1.00101
1.00775
1.01135
1.01178
1.00903
1.00296
0.993391
0.980433
0.964983
0.949043
0.935195
0.925207
0.918841
0.914298
0.909832
0.905033
0.901091
0.900014
0.903142
0.909899
0.917617
0.922765
0.922664
0.916636
0.906232
0.894639
0.885349
0.880746
0.8814
0.886449
0.89468
0.905418
0.918755
0.935177
0.954954
0.977654
1.00217
1.02705
1.05084
1.07223
1.09013
1.1036
1.11184
1.11426
1.11049
1.10049
1.08467
1.06406
1.04045
1.01656
0.995805
0.981401
0.975033
0.976129
0.982483
0.991686
1.00203
1.0126
1.02287
1.03237
1.04067
1.04752
1.0528
1.05621
1.05717
1.05499
1.04924
1.04001
1.02808
1.01477
1.00153
0.989601
0.97973
0.972347
0.967832
0.966509
0.968468
0.973364
0.980481
0.988845
0.997264
1.00438
1.00891
1.01015
1.00828
1.00445
1.00037
0.997486
0.996258
0.9959
0.99484
0.991604
0.985609
0.977474
0.968715
0.961181
0.956542
0.955833
0.959096
0.965236
0.972402
0.978967
0.984696
0.990808
0.998675
1.00817
1.01744
1.02429
1.0275
1.02712
1.02412
1.01978
1.01517
1.01087
1.0071
1.00395
1.00143
0.999409
0.997554
0.995371
0.992433
0.988623
0.984162
0.979415
0.974596
0.96951
0.963698
0.956789
0.948999
0.941187
0.93455
0.93013
0.928461
0.929541
0.932863
0.937458
0.941939
0.944882
0.945464
0.943827
0.940889
0.93787
0.9358
0.935025
0.935002
0.934503
0.932434
0.928723
0.924936
0.923763
0.927328
0.935607
0.946623
0.958045
0.968395
0.977137
0.984208
0.989799
0.99433
0.998233
1.00172
1.00473
1.00707
1.00858
1.00903
1.00798
1.00481
0.999084
0.991049
0.982013
0.973925
0.968586
0.966916
0.968748
0.973128
0.978703
0.984176
0.988733
0.992446
0.996339
1.00198
1.0108
1.02357
1.03997
1.05867
1.07766
1.09472
1.10797
1.11627
1.11937
1.11785
1.11278
1.10538
1.09668
1.08734
1.07775
1.06806
1.05835
1.04877
1.03959
1.03121
1.0242
1.01913
1.01647
1.01631
1.01846
1.02261
1.02851
1.0358
1.04375
1.0512
1.05678
1.05937
1.05836
1.05364
1.04554
1.0346
1.02151
1.00697
0.991864
0.977277
0.964581
0.955201
0.950186
0.949799
0.953321
0.959259
0.96599
0.972192
0.976948
0.979492
0.979229
0.975934
0.969917
0.962009
0.953394
0.945483
0.93958
0.936577
0.936663
0.939495
0.944819
0.952898
0.964317
0.979246
0.996846
1.01535
1.03262
1.04681
1.05668
1.06178
1.06248
1.05965
1.05447
1.04805
1.04124
1.03469
1.02902
1.02502
1.02361
1.0254
1.03009
1.03621
1.04165
1.04446
1.04329
1.03744
1.02691
1.01276
0.997687
0.985996
0.982581
0.990497
1.00859
1.03148
1.05242
1.06655
1.07226
1.07092
1.06573
1.06053
1.05831
1.06038
1.06609
1.07346
1.07995
1.08319
1.08136
1.07346
1.05951
1.04082
1.01994
1.00011
0.984031
0.972824
0.965962
0.961859
0.958719
0.955225
0.951161
0.947376
0.944957
0.944317
0.945175
0.947375
0.951302
0.957339
0.964896
0.972129
0.976703
0.976889
0.972219
0.963324
0.951408
0.937779
0.923825
0.911418
0.903185
0.901915
0.908934
0.922845
0.940117
0.957052
0.971262
0.981878
0.989043
0.99336
0.995514
0.996053
0.995249
0.993156
0.989869
0.985922
0.982459
0.980947
0.982454
0.98702
0.993645
1.0007
1.0065
1.0097
1.00957
1.00612
0.999962
0.991937
0.982852
0.973379
0.964215
0.956154
0.949872
0.94566
0.943117
0.941196
0.938656
0.934664
0.92925
0.923458
0.919015
0.91776
0.921003
0.928993
0.940623
0.953614
0.965195
0.973093
0.976374
0.975701
0.972774
0.969187
0.965677
0.962187
0.958515
0.954654
0.950842
0.947429
0.944808
0.943318
0.943207
0.944596
0.947453
0.951674
0.957179
0.963887
0.971579
0.979706
0.987367
0.993555
0.997536
0.999136
0.998867
0.997821
0.997386
0.99869
1.00203
1.00667
1.01111
1.01363
1.0129
1.00834
1.00028
0.989764
0.978166
0.966752
0.956465
0.947996
0.941885
0.938459
0.937565
0.938473
0.940168
0.941824
0.943044
0.943827
0.944475
0.945519
0.947672
0.951566
0.957473
0.96501
0.973125
0.980317
0.985047
0.986216
0.98347
0.977269
0.968548
0.958377
0.947861
0.938371
0.931554
0.928839
0.930717
0.936344
0.943751
0.950417
0.953875
0.952154
0.944044
0.929435
0.909993
0.890268
0.877693
0.879031
0.895215
0.921048
0.949884
0.977089
1.00031
1.01851
1.03134
1.03884
1.04142
1.03989
1.03535
1.02903
1.0219
1.01438
1.00636
0.997534
0.987776
0.977333
0.966715
0.956555
0.947782
0.941864
0.940667
0.945614
0.956832
0.972866
0.991223
1.00925
1.02492
1.03733
1.04678
1.05432
1.06096
1.06705
1.07227
1.07594
1.07749
1.07668
1.07362
1.06871
1.06245
1.05539
1.04805
1.0409
1.0343
1.02844
1.0232
1.01823
1.013
1.00695
0.999776
0.99154
0.98266
0.973907
0.96624
0.960601
0.957688
0.957779
0.960633
0.965655
0.972225
0.979998
0.988875
0.998783
1.00928
1.01934
1.02774
1.03346
1.03624
1.03666
1.03596
1.0357
1.03732
1.04184
1.04967
1.06043
1.07292
1.08534
1.09582
1.10294
1.10598
1.10493
1.10018
1.09218
1.08126
1.06774
1.05218
1.03583
1.02062
1.00873
1.00172
0.999716
1.00133
1.00425
1.00627
1.00601
1.00337
0.999392
0.995782
0.994013
0.994851
0.998305
1.00385
1.01062
1.01765
1.02431
1.03086
1.03854
1.04883
1.06193
1.07606
1.08805
1.09498
1.0952
1.08867
1.07652
1.06042
1.04172
1.02107
0.99858
0.974352
0.94893
0.923482
0.899671
0.879471
0.865045
0.858706
0.862523
0.877436
0.902392
0.934354
0.969301
1.00336
1.03355
1.05807
1.07624
1.08836
1.09551
1.09914
1.10079
1.10164
1.1023
1.10265
1.10203
1.09952
1.09439
1.08657
1.07692
1.06702
1.05866
1.05298
1.05002
1.04909
1.04948
1.05089
1.05316
1.05568
1.05705
1.05565
1.05062
1.04252
1.03309
1.02429
1.01724
1.01189
1.00745
1.00309
0.998467
0.993627
0.98872
0.983671
0.978084
0.971607
0.964031
0.95531
0.94549
0.934845
0.924179
0.914974
0.909052
0.907819
0.911558
0.919254
0.929114
0.939236
0.94824
0.955692
0.962233
0.969417
0.979078
0.992246
1.0083
1.02506
1.03969
1.04962
1.05322
1.05016
1.04147
1.02928
1.01628
1.00499
0.997214
0.993877
0.995099
1.00014
1.00735
1.01454
1.01975
1.02189
1.02093
1.01759
1.01282
1.00737
1.00149
0.995057
0.98811
0.981194
0.97554
0.972844
0.974747
0.982269
0.995444
1.0133
1.03404
1.05543
1.07523
1.09151
1.10293
1.10875
1.10862
1.10244
1.09037
1.0731
1.05234
1.03102
1.01287
1.00124
0.997749
1.0018
1.01107
1.02267
1.03418
1.04411
1.05202
1.05821
1.06354
1.06909
1.0756
1.08287
1.08972
1.09442
1.0953
1.09126
1.08187
1.06752
1.0493
1.02887
1.00805
0.988531
0.971553
0.957841
0.947719
0.941205
0.938166
0.938377
0.941512
0.947053
0.954184
0.961832
0.969079
0.975546
0.981559
0.987942
0.995484
1.00447
1.01444
1.02418
1.03205
1.03639
1.03583
1.02966
1.01805
1.00233
0.985097
0.969736
0.95946
0.956097
0.959317
0.967214
0.977765
0.989858
1.00323
1.01768
1.03253
1.04658
1.05851
1.0673
1.0727
1.07527
1.07608
1.07614
1.07576
1.07436
1.07101
1.06501
1.05645
1.04629
1.03612
1.02766
1.02215
1.02002
1.02092
1.02419
1.02931
1.03599
1.044
1.05289
1.06188
1.06991
1.07591
1.07908
1.07901
1.07566
1.06926
1.0603
1.04956
1.03827
1.02784
1.01944
1.01372
1.01076
1.01037
1.01229
1.01626
1.02214
1.02992
1.03965
1.05122
1.06408
1.07713
1.0888
1.09748
1.10192
1.10161
1.09686
1.08866
1.07846
1.06772
1.05746
1.04801
1.03903
1.02975
1.01926
1.00669
0.991463
0.973367
0.952769
0.930637
0.908478
0.888018
0.870862
0.858286
0.851383
0.851244
0.858793
0.874032
0.895329
0.919756
0.944152
0.966124
0.984258
0.997966
1.00722
1.0124
1.0143
1.01412
1.01346
1.01409
1.01741
1.02365
1.03152
1.03867
1.04284
1.04284
1.03889
1.03247
1.02577
1.0209
1.01907
1.02013
1.0228
1.02524
1.02588
1.02383
1.01909
1.01229
1.00438
0.996173
0.988051
0.979954
0.971636
0.963019
0.954463
0.946778
0.940988
0.937948
0.938028
0.941107
0.946707
0.954257
0.963227
0.973135
0.98348
0.993657
1.00285
1.01001
1.01396
1.01369
1.00878
0.999978
0.989347
0.979736
0.973702
0.972301
0.974743
0.979026
0.983007
0.985095
0.98458
0.98168
0.977465
0.973804
0.97312
0.97755
0.987832
1.00267
1.01933
1.03485
1.04692
1.05417
1.05589
1.05158
1.04069
1.023
0.99937
0.972787
0.948746
0.933525
0.930293
0.936901
0.948113
0.959308
0.968144
0.974137
0.977903
0.980535
0.983205
0.986818
0.991665
0.997245
1.00258
1.00682
1.00971
1.01164
1.01335
1.01565
1.01919
1.02443
1.03163
1.04079
1.05156
1.06324
1.0749
1.08566
1.09488
1.10214
1.10699
1.10894
1.10746
1.1022
1.09313
1.08045
1.06447
1.04554
1.0242
1.00122
0.977702
0.95494
0.934276
0.916972
0.904152
0.89669
0.894933
0.898361
0.905523
0.914609
0.924397
0.935004
0.947681
0.963667
0.982831
1.00323
1.02186
1.03583
1.04327
1.04359
1.03743
1.02638
1.0126
0.998402
0.985632
0.975353
0.967757
0.96248
0.959052
0.957283
0.957393
0.959798
0.964817
0.972298
0.981413
0.990728
0.998569
1.0035
1.0046
1.00163
0.995027
0.985859
0.975757
0.966621
0.960156
0.957433
0.958576
0.962933
0.969448
0.977058
0.98493
0.992521
0.999554
1.00597
1.01184
1.01726
1.02207
1.02574
1.02759
1.02748
1.02626
1.02543
1.02614
1.02823
1.03021
1.03019
1.02681
1.01966
1.00911
0.995923
0.98107
0.965903
0.952326
0.942439
0.937731
0.938373
0.943231
0.950528
0.958599
0.966309
0.973109
0.978862
0.983624
0.987429
0.990256
0.992094
0.993106
0.993751
0.994803
0.997223
1.00184
1.00902
1.01842
1.02913
1.03981
1.04909
1.05577
1.05889
1.05783
1.05261
1.04424
1.03463
1.02604
1.02025
1.01794
1.01842
1.02005
1.02085
1.01912
1.01382
1.00463
0.991779
0.975999
0.958634
0.941675
0.927524
0.918459
0.916043
0.920555
0.930757
0.944549
0.960011
0.97595
0.991718
1.00671
1.02023
1.03169
1.041
1.04875
1.05607
1.06411
1.0734
1.08349
1.0932
1.10112
1.10613
1.10751
1.10502
1.09883
1.08941
1.07744
1.0637
1.04915
1.03476
1.02142
1.00944
0.998443
0.987683
0.976719
0.965798
0.955816
0.947953
0.943055
0.941157
0.941335
0.942111
0.942289
0.941682
0.941394
0.943496
0.950232
0.963068
0.98199
1.00537
1.03051
1.05452
1.07504
1.09044
1.09973
1.10211
1.09692
1.08384
1.06347
1.038
1.01114
0.986973
0.96795
0.954157
0.944688
0.939535
0.940028
0.947632
0.962255
0.981553
1.00166
1.0186
1.02968
1.03412
1.03313
1.02939
1.02593
1.02473
1.02621
1.02964
1.03386
1.03777
1.04035
1.0407
1.03808
1.03211
1.02291
1.01124
0.998226
0.985074
0.972704
0.961697
0.952381
0.944925
0.939324
0.935398
0.933131
0.933329
0.937666
0.947301
0.960932
0.974546
0.983461
0.984568
0.977406
0.963882
0.947489
0.932194
0.921403
0.917474
0.921718
0.934476
0.954923
0.980648
1.00779
1.03196
1.0495
1.05827
1.05776
1.04887
1.03372
1.0152
0.996398
0.979616
0.965804
0.954749
0.945766
0.938381
0.932783
0.929743
0.930104
0.934267
0.941921
0.952269
0.964336
0.977207
0.990045
1.00211
1.01277
1.0215
1.02785
1.03148
1.03225
1.0303
1.02621
1.02099
1.01591
1.01227
1.01108
1.0128
1.01713
1.02312
1.02951
1.0353
1.04007
1.04403
1.04758
1.05088
1.05353
1.05458
1.053
1.04828
1.0409
1.03221
1.02393
1.01753
1.01387
1.01354
1.01706
1.02491
1.03708
1.05282
1.07061
1.0885
1.10444
1.11659
1.12348
1.12406
1.11785
1.10501
1.08634
1.0632
1.03727
1.01038
0.984374
0.961031
0.942051
0.928853
0.922224
0.922009
0.927133
0.936047
0.947421
0.960421
0.974385
0.988244
1.00035
1.00885
1.01226
1.00997
1.00225
0.990103
0.975041
0.959094
0.945042
0.936306
0.935992
0.945128
0.961647
0.981346
0.999927
1.01459
1.02441
1.02997
1.03284
1.03488
1.03755
1.04159
1.0469
1.05281
1.05847
1.06311
1.0661
1.06697
1.06533
1.06102
1.05439
1.0465
1.03907
1.03406
1.033
1.03632
1.04315
1.05175
1.06012
1.06661
1.07013
1.07023
1.06696
1.06085
1.053
1.04491
1.03825
1.03403
1.03186
1.02973
1.02475
1.0146
0.999127
0.981308
0.966159
0.957299
0.954198
0.953249
0.951
0.945852
0.937913
0.928474
0.919654
0.914028
0.914032
0.921152
0.935422
0.955461
0.979098
1.004
1.02816
1.05001
1.06852
1.08312
1.09376
1.10073
1.10436
1.10476
1.1017
1.09482
1.08407
1.07017
1.05479
1.04034
1.02932
1.02342
1.0232
1.02808
1.03674
1.04742
1.05836
1.06813
1.07582
1.08104
1.08371
1.08382
1.08121
1.07552
1.06638
1.05362
1.03757
1.0194
1.00132
0.986201
0.976553
0.973214
0.975001
0.9796
0.984964
0.990177
0.9954
1.0013
1.00829
1.01615
1.02409
1.03119
1.03668
1.0401
1.04131
1.04046
1.03788
1.03409
1.02982
1.02568
1.02192
1.01818
1.01363
1.00734
0.998545
0.986894
0.972575
0.956258
0.939019
0.922042
0.906336
0.892463
0.880635
0.871307
0.865734
0.86614
0.874834
0.892785
0.918534
0.948374
0.977556
1.00179
1.01824
1.02577
1.02482
1.01725
1.00596
0.994275
0.98502
0.979576
0.97752
0.977137
0.976506
0.974729
0.972501
0.971697
0.974257
0.981027
0.991411
1.00374
1.01602
1.02651
1.034
1.03776
1.03754
1.0337
1.02731
1.02022
1.01471
1.01255
1.01379
1.01667
1.01867
1.01809
1.01485
1.01029
1.00636
1.00464
1.00558
1.00841
1.01166
1.01375
1.01343
1.00996
1.00322
0.993857
0.983156
0.972785
0.964067
0.957523
0.953091
0.950799
0.950955
0.95372
0.958622
0.964609
0.970626
0.975982
0.980396
0.983894
0.986627
0.988747
0.990396
0.991694
0.992763
0.993746
0.994821
0.996209
0.998127
1.00077
1.00405
1.00739
1.00983
1.01042
1.00876
1.00521
1.00078
0.996856
0.994714
0.995263
0.998761
1.00466
1.0117
1.01831
1.02313
1.02545
1.0253
1.02339
1.02078
1.01859
1.01774
1.01873
1.02167
1.02645
1.03296
1.04125
1.05145
1.0634
1.07636
1.08902
1.09974
1.10693
1.10935
1.10627
1.09758
1.08392
1.06666
1.04779
1.02957
1.01392
1.00215
0.994743
0.991506
0.991793
0.994683
0.998995
1.00338
1.00632
1.00642
1.00275
0.995205
0.984677
0.972965
0.962327
0.954785
0.951478
0.952325
0.956244
0.961771
0.967821
0.974194
0.981623
0.991217
1.00365
1.01863
1.03494
1.05093
1.06497
1.07575
1.0823
1.08405
1.08079
1.07279
1.06075
1.04578
1.02927
1.01267
0.997235
0.983842
0.972949
0.964674
0.958835
0.955043
0.952714
0.951137
0.949556
0.947334
0.9441
0.939827
0.93486
0.929819
0.925395
0.922293
0.921023
0.921801
0.924523
0.928975
0.935154
0.943509
0.954825
0.969827
0.988698
1.01082
1.03488
1.05903
1.08112
1.09898
1.11072
1.11502
1.11132
1.09985
1.08154
1.05784
1.0307
1.00267
0.976709
0.955818
0.942299
0.937195
0.940247
0.950105
0.964557
0.98081
0.996061
1.00809
1.01571
1.01872
1.01768
1.01338
1.00652
0.997374
0.985953
0.972371
0.957405
0.942902
0.931597
0.92622
0.928193
0.936705
0.949046
0.961883
0.972623
0.980154
0.98477
0.987626
0.990071
0.993128
0.997303
1.00265
1.00893
1.01566
1.02212
1.02737
1.03048
1.03071
1.02765
1.02115
1.01136
0.998645
0.983769
0.967874
0.952353
0.938606
0.927795
0.920731
0.917848
0.919235
0.924801
0.934384
0.947655
0.963829
0.981525
0.999015
1.01476
1.0279
1.03841
1.04686
1.05395
1.06012
1.06509
1.068
1.06778
1.06373
1.05614
1.04635
1.0364
1.02815
1.02238
1.01856
1.01536
1.01169
1.00741
1.00322
1.0002
0.999258
1.00081
1.00481
1.01085
1.01832
1.02655
1.03481
1.04238
1.04859
1.05295
1.05523
1.05532
1.05318
1.04868
1.04154
1.03162
1.01912
1.00477
0.989751
0.975387
0.962982
0.953564
0.947657
0.945177
0.945506
0.948101
0.95314
0.961385
0.972855
0.985757
0.997032
1.00404
1.00575
1.00286
0.997233
0.990999
0.985782
0.982342
0.980663
0.980287
0.980878
0.982481
0.98537
0.989622
0.994842
1.00028
1.00512
1.00881
1.01106
1.01183
1.01124
1.00946
1.00675
1.00351
1.00026
0.997678
0.996575
0.997799
1.00205
1.0097
1.02061
1.03394
1.04826
1.06172
1.07234
1.0784
1.07883
1.07338
1.06253
1.04709
1.02811
1.00707
0.986333
0.969014
0.958246
0.956105
0.96281
0.976625
0.994605
1.01367
1.03139
1.04619
1.05709
1.06336
1.06433
1.05945
1.04858
1.03241
1.01263
0.991931
0.973593
0.960753
0.955469
0.957949
0.966532
0.978504
0.991076
1.00207
1.01008
1.01446
1.01534
1.01347
1.00981
1.00497
0.999064
0.992121
0.984748
0.978375
0.974835
0.975784
0.98217
0.993812
1.0091
1.02544
1.04036
1.05242
1.06124
1.06697
1.06994
1.07044
1.06852
1.06408
1.05689
1.04688
1.03427
1.01994
1.00559
0.993701
0.986955
0.987397
0.995601
1.01042
1.02942
1.04966
1.06833
1.08326
1.09294
1.0966
1.09392
1.08491
1.06978
1.04915
1.02436
0.997709
0.972165
0.950582
0.934933
0.925838
0.922556
0.923749
0.928631
0.937345
0.950112
0.96608
0.983036
0.998093
1.00864
1.01298
1.01058
1.00209
0.989172
0.974261
0.960179
0.949703
0.944922
0.946483
0.953262
0.962914
0.972969
0.981595
0.98767
0.990482
0.989583
0.985022
0.977788
0.970197
0.965562
0.966814
0.975104
0.989202
1.00626
1.02309
1.03715
1.04699
1.05231
1.05376
1.05252
1.04993
1.04722
1.04541
1.04527
1.04724
1.05135
1.05711
1.06367
1.07002
1.07525
1.07875
1.08033
1.08014
1.07841
1.07488
1.06861
1.05837
1.04349
1.02446
1.00308
0.981905
0.96339
0.949236
0.940311
0.936841
0.938507
0.944498
0.95359
0.964408
0.975772
0.986852
0.996973
1.00548
1.01168
1.01501
1.01529
1.01289
1.00856
1.00319
0.997564
0.992214
0.987394
0.983201
0.979711
0.977086
0.975695
0.976032
0.978277
0.981829
0.985154
0.986341
0.984048
0.978218
0.97028
0.962538
0.957174
0.955425
0.957462
0.962837
0.970916
0.980932
0.991841
1.0023
1.01094
1.01694
1.02038
1.02215
1.02335
1.02453
1.02547
1.02556
1.02441
1.0221
1.01928
1.01732
1.01828
1.02426
1.03593
1.05159
1.06788
1.08137
1.08966
1.0916
1.08707
1.07669
1.06175
1.04427
1.02686
1.01232
1.00287
0.999495
1.00174
1.00815
1.01697
1.02662
1.03582
1.04353
1.04882
1.05102
1.04981
1.04544
1.03868
1.03069
1.02289
1.01664
1.01303
1.01261
1.01524
1.02003
1.02543
1.02958
1.03086
1.02849
1.02309
1.01669
1.01208
1.01162
1.0164
1.02594
1.0385
1.05144
1.06218
1.06914
1.07254
1.07404
1.0755
1.07732
1.07783
1.07422
1.06427
1.04796
1.02822
1.01009
0.997632
0.991334
0.988829
0.987858
0.987758
0.988945
0.992007
0.997261
1.00478
1.01454
1.02646
1.04011
1.05422
1.06661
1.0748
1.07686
1.07192
1.06037
1.04373
1.02448
1.00575
0.990664
0.981666
0.979799
0.984468
0.993722
1.00499
1.01593
1.02491
1.03108
1.03414
1.03424
1.03199
1.02851
1.02507
1.02269
1.02204
1.02339
1.02675
1.03169
1.03744
1.04316
1.04828
1.05262
1.05642
1.0601
1.06408
1.0685
1.07312
1.07736
1.08047
1.08185
1.08115
1.07837
1.07378
1.06779
1.06087
1.05343
1.04577
1.03807
1.03049
1.02332
1.01698
1.01199
1.00881
1.00762
1.00832
1.0106
1.01391
1.01755
1.0206
1.02208
1.02125
1.01797
1.01286
1.00714
1.00205
0.998575
0.997217
0.99805
1.00065
1.00416
1.00776
1.0111
1.0146
1.01897
1.02455
1.0307
1.03606
1.03912
1.03869
1.03406
1.02498
1.01175
0.995155
0.976469
0.957317
0.93944
0.924454
0.913561
0.907224
0.904964
0.905522
0.907331
0.909099
0.910157
0.910547
0.910896
0.91221
0.915599
0.921983
0.931809
0.944801
0.959901
0.975496
0.989697
1.00071
1.0072
1.0085
1.00465
0.996355
0.984848
0.971751
0.958849
0.947828
0.939939
0.93574
0.935058
0.937257
0.941638
0.947707
0.955127
0.963543
0.972372
0.980777
0.987794
0.992548
0.994435
0.993272
0.989239
0.98285
0.974891
0.966432
0.958674
0.952632
0.94892
0.947768
0.949273
0.953615
0.961102
0.971891
0.985673
1.00153
1.01813
1.03404
1.04807
1.05938
1.06736
1.07159
1.07167
1.06729
1.05837
1.04522
1.02863
1.00992
0.990817
0.973257
0.959125
0.94994
0.946521
0.948688
0.955253
0.964321
0.973884
0.982283
0.988423
0.991758
0.992283
0.990353
0.986568
0.981716
0.97668
0.972289
0.969076
0.967073
0.965879
0.964942
0.963953
0.962937
0.962127
0.961804
0.962298
0.964065
0.967542
0.972838
0.979408
0.986037
0.991287
0.993928
0.993289
0.989385
0.982781
0.974412
0.965342
0.956676
0.949486
0.944719
0.943087
0.944972
0.950393
0.959064
0.970481
0.983995
0.99884
1.01416
1.02897
1.04215
1.05254
1.05914
1.06144
1.05973
1.05518
1.0496
1.04492
1.04267
1.04361
1.0475
1.05317
1.05885
1.06265
1.06312
1.05952
1.05189
1.04108
1.02866
1.0167
1.0074
1.00244
1.00222
1.00558
1.01007
1.01314
1.01306
1.00939
1.00272
0.994239
0.985269
0.976879
0.969706
0.963895
0.95919
0.955232
0.952036
0.950436
0.952104
0.958882
0.971728
0.990033
1.01187
1.03474
1.05627
1.07456
1.08836
1.09699
1.10025
1.09834
1.09174
1.08125
1.06794
1.05324
1.03898
1.02738
1.02072
1.02053
1.02641
1.03592
1.04552
1.05213
1.05398
1.05064
1.04265
1.0311
1.01732
1.00271
0.988584
0.975935
0.965256
0.956481
0.949272
0.943317
0.938572
0.935315
0.934036
0.935313
0.939668
0.947317
0.957928
0.970588
0.984005
0.99686
1.00808
1.01705
1.02382
1.02913
1.03432
1.04055
1.04767
1.05383
1.05629
1.05276
1.04234
1.02588
1.00588
0.986017
0.970189
0.961303
0.960277
0.966004
0.976222
0.988526
1.00097
1.01216
1.02096
1.02639
1.02755
1.02385
1.01535
1.00299
0.988508
0.973701
0.959558
0.946148
0.933743
0.924426
0.921696
0.927176
0.938292
0.950226
0.959569
0.96572
0.970053
0.974462
0.980257
0.987722
0.996413
1.00559
1.01451
1.02255
1.02914
1.03376
1.036
1.03555
1.03248
1.02765
1.02321
1.02225
1.02714
1.03761
1.05072
1.06265
1.07061
1.07333
1.07086
1.06413
1.05452
1.0436
1.0328
1.02347
1.01671
1.01314
1.01244
1.0132
1.0135
1.01172
1.00703
0.99966
0.99083
0.982228
0.975179
0.969917
0.965872
0.962597
0.960341
0.959679
0.960719
0.96296
0.96569
0.968454
0.971237
0.97438
0.978357
0.983495
0.989815
0.997066
1.00492
1.01311
1.02137
1.02939
1.03667
1.04262
1.04665
1.04825
1.047
1.04261
1.03508
1.02491
1.01321
1.00157
0.991635
0.984505
0.980333
0.978431
0.977729
0.977277
0.976564
0.975529
0.974351
0.973211
0.972194
0.971454
0.971292
0.972018
0.973642
0.975869
0.978233
0.980324
0.981736
0.982111
0.981313
0.979672
0.977926
0.976818
0.976643
0.977115
0.977637
0.977702
0.977156
0.976247
0.97549
0.97553
0.97703
0.980501
0.986158
0.993797
1.00286
1.01263
1.0224
1.03159
1.0399
1.04713
1.05313
1.0577
1.06063
1.06174
1.06085
1.05771
1.05197
1.0434
1.03226
1.01952
1.00688
0.996475
0.990422
0.990279
0.996651
1.00899
1.02575
1.04472
1.06346
1.07982
1.09222
1.09977
1.10231
1.10038
1.09514
1.08819
1.08137
1.07623
1.07365
1.07368
1.07552
1.07785
1.07928
1.07863
1.07526
1.06915
1.06093
1.05174
1.04304
1.03633
1.0327
1.03237
1.0345
1.03745
1.0392
1.03797
1.03261
1.02277
1.00893
0.992333
0.97481
0.958489
0.945242
0.93615
0.931327
0.930034
0.931031
0.932955
0.934665
0.9356
0.935942
0.93652
0.938511
0.942915
0.950063
0.959396
0.969615
0.979124
0.986645
0.991567
0.994125
0.995346
0.996783
1.00015
1.00687
1.0176
1.03189
1.04829
1.06472
1.07908
1.08968
1.09546
1.0961
1.09183
1.08338
1.07198
1.05925
1.04701
1.03689
1.02976
1.02543
1.02284
1.02075
1.01838
1.01571
1.01339
1.01252
1.01406
1.01847
1.0254
1.03359
1.04126
1.04659
1.04812
1.04498
1.03691
1.0244
1.00864
0.991679
0.976068
0.964263
0.957835
0.957153
0.961703
0.970525
0.982436
0.996116
1.01017
1.02327
1.03429
1.04235
1.04683
1.04741
1.04413
1.03755
1.02878
1.0193
1.01076
1.00453
1.00136
1.00129
1.00375
1.00786
1.01278
1.01787
1.02265
1.02662
1.02893
1.0286
1.0248
1.01733
1.00683
0.994751
0.983153
0.974343
0.970414
0.972692
0.981247
0.99478
1.01082
1.02634
1.0385
1.0453
1.04595
1.04089
1.0316
1.02016
1.00867
0.998902
0.991921
0.987986
0.986651
0.987052
0.988203
0.989235
0.989552
0.988909
0.987409
0.985435
0.983522
0.982117
0.981411
0.981232
0.981095
0.980423
0.978837
0.976452
0.97395
0.972255
0.972181
0.974112
0.977964
0.983229
0.988954
0.993913
0.99704
0.997758
0.995999
0.992006
0.986052
0.978267
0.968659
0.957167
0.943846
0.929014
0.913405
0.898412
0.886057
0.878626
0.87781
0.88391
0.895685
0.910777
0.92641
0.939969
0.949306
0.953018
0.950768
0.943411
0.932872
0.921691
0.912336
0.90665
0.905462
0.908376
0.913903
0.920089
0.925347
0.929044
0.931539
0.933935
0.937757
0.944535
0.955149
0.969186
0.984769
0.999209
1.01014
1.01625
1.01736
1.01409
1.00757
0.999083
0.989905
0.981228
0.974178
0.969812
0.969183
0.973122
0.981854
0.994555
1.00921
1.02318
1.0342
1.04136
1.04532
1.04766
1.04956
1.05104
1.05123
1.0494
1.04568
1.04107
1.03678
1.03359
1.03148
1.02976
1.02759
1.02442
1.02054
1.01691
1.01482
1.01522
1.01813
1.02258
1.02707
1.0301
1.03068
1.02847
1.0237
1.01703
1.00941
1.00184
0.995144
0.989793
0.985903
0.983457
0.982668
0.983992
0.987854
0.99424
1.00252
1.01159
1.02021
1.02744
1.03273
1.03597
1.03736
1.03724
1.03612
1.03475
1.03404
1.03473
1.03695
1.04001
1.0428
1.04415
1.04333
1.04006
1.03454
1.02717
1.01827
1.00778
0.99513
0.979424
0.95999
0.937056
0.91223
0.888399
0.868877
0.856349
0.852165
0.85627
0.867539
0.884216
0.904342
0.926091
0.947956
0.968764
0.987586
1.0036
1.01593
1.02363
1.02588
1.02239
1.01382
1.00195
0.989252
0.978343
0.971317
0.969386
0.972971
0.981868
0.995126
1.0109
1.02667
1.03973
1.04799
1.05038
1.04701
1.03908
1.0285
1.01762
1.00873
1.00362
1.00311
1.00686
1.01349
1.02094
1.02697
1.02958
1.02746
1.02029
1.00887
0.994783
0.980035
0.966565
0.955937
0.948962
0.94552
0.944723
0.945544
0.947469
0.950722
0.955918
0.963633
0.973973
0.986485
1.0002
1.01371
1.02538
1.03367
1.03749
1.03644
1.03085
1.02164
1.01019
0.998124
0.987033
0.978194
0.972296
0.969525
0.969848
0.973152
0.978924
0.985876
0.991989
0.995115
0.993839
0.988081
0.979015
0.968449
0.957834
0.947787
0.938423
0.929926
0.92302
0.918956
0.919039
0.924076
0.93398
0.947703
0.963516
0.97956
0.994291
1.00677
1.01667
1.02405
1.02914
1.03224
1.03375
1.03432
1.03466
1.03531
1.03639
1.0377
1.03892
1.03964
1.03956
1.03853
1.03664
1.03412
1.03133
1.02857
1.02619
1.02462
1.02442
1.02603
1.02953
1.0346
1.04071
1.04732
1.05402
1.06037
1.06591
1.07001
1.07196
1.07117
1.06732
1.06045
1.05092
1.03929
1.02634
1.01318
1.00127
0.992305
0.987579
0.98729
0.990196
0.994187
0.997441
0.999306
1.00044
1.00217
1.00549
1.01047
1.01636
1.02215
1.02705
1.03074
1.03337
1.03548
1.03783
1.0413
1.04666
1.05415
1.06324
1.07266
1.08076
1.08598
1.08726
1.0842
1.07714
1.06691
1.05466
1.04152
1.02821
1.01501
1.00187
0.988906
0.97683
0.966826
0.959982
0.956505
0.955513
0.955258
0.953581
0.948432
0.938531
0.923981
0.906643
0.889975
0.878021
0.873711
0.877433
0.887036
0.899271
0.911378
0.921817
0.930182
0.936861
0.942589
0.948151
0.954138
0.960952
0.968849
0.977998
0.988461
1.00004
1.01221
1.02412
1.03481
1.04333
1.04898
1.05122
1.04962
1.04385
1.03397
1.02074
1.00588
0.991592
0.97983
0.971438
0.966195
0.963403
0.962273
0.961873
0.96105
0.95883
0.954966
0.950212
0.946005
0.943866
0.944819
0.94905
0.95592
0.964388
0.973718
0.983748
0.994178
1.00353
1.00934
1.00959
1.0042
0.995161
0.98552
0.977972
0.973826
0.973026
0.974766
0.978193
0.982648
0.987563
0.992184
0.995567
0.996748
0.995051
0.990298
0.982818
0.973267
0.9624
0.951027
0.940143
0.931157
0.925828
0.925777
0.931683
0.942772
0.957147
0.972675
0.987725
1.00146
1.01359
1.02408
1.03292
1.04004
1.0453
1.04839
1.04873
1.04565
1.03871
1.02815
1.01512
1.00144
0.988812
0.978209
0.969501
0.961711
0.95365
0.944643
0.935087
0.926559
0.921449
0.9221
0.929817
0.94433
0.963971
0.986482
1.00974
1.0321
1.0523
1.06909
1.08111
1.08696
1.08566
1.07702
1.06177
1.04156
1.01873
0.995889
0.97558
0.959895
0.95029
0.947488
0.951347
0.960811
0.974072
0.988941
1.00326
1.01516
1.02322
1.02651
1.02465
1.01807
1.00797
0.996323
0.985422
0.977417
0.973802
0.975071
0.980489
0.988228
0.995943
1.0015
1.00356
1.0017
0.996308
0.988388
0.979406
0.971176
0.965552
0.963855
0.966239
0.971461
0.977371
0.981892
0.983969
0.984138
0.984396
0.987322
0.994586
1.00592
1.01933
1.03224
1.04259
1.0492
1.05159
1.04994
1.04508
1.03853
1.03227
1.02801
1.0263
1.02631
1.02646
1.02513
1.02137
1.01506
1.00702
0.998948
0.992993
0.991163
0.994546
1.00291
1.01473
1.02755
1.03851
1.04504
1.04541
1.03918
1.0273
1.01193
0.996035
0.982723
0.974288
0.971575
0.973938
0.979836
0.987444
0.994929
1.00051
1.00271
1.00079
0.995177
0.987255
0.978535
0.96969
0.960518
0.950907
0.941662
0.934554
0.931744
0.93494
0.944709
0.96015
0.979087
0.998552
1.01545
1.02729
1.03269
1.03148
1.02448
1.01293
0.998251
0.98193
0.96565
0.951365
0.941137
0.93673
0.939229
0.948763
0.96437
0.984147
1.00559
1.02616
1.04368
1.05675
1.06485
1.06839
1.06837
1.06609
1.0628
1.05955
1.05693
1.0548
1.05222
1.04771
1.03993
1.02818
1.01268
0.994561
0.975826
0.959112
0.947121
0.941656
0.943019
0.950161
0.961156
0.97346
0.984242
0.990929
0.992147
0.98838
0.982103
0.976969
0.976155
0.980814
0.989934
1.00139
1.01294
1.02262
1.02889
1.03083
1.02851
1.02312
1.01647
1.01037
1.00608
1.004
1.00389
1.00533
1.0082
1.01275
1.01942
1.02831
1.03885
1.04998
1.06057
1.06984
1.07734
1.08286
1.08629
1.08744
1.08617
1.08236
1.07607
1.06755
1.05717
1.0455
1.03332
1.02158
1.01108
1.00218
0.994601
0.987578
0.980347
0.972536
0.96448
0.957074
0.951367
0.948123
0.947606
0.949534
0.953245
0.957913
0.96277
0.967226
0.970875
0.973429
0.974713
0.974635
0.973164
0.970425
0.966793
0.962906
0.959438
0.956856
0.955328
0.954813
0.955162
0.956183
0.957764
0.960028
0.963319
0.968097
0.974846
0.983992
0.99568
1.00957
1.02456
1.03898
1.05107
1.0595
1.06383
1.06447
1.06234
1.05843
1.05342
1.04762
1.04104
1.03358
1.02514
1.01561
1.00483
0.992561
0.978698
0.963514
0.947954
0.933715
0.922909
0.917438
0.918339
0.925523
0.938014
0.954425
0.973376
0.99363
1.01399
1.03308
1.04931
1.06111
1.06745
1.06863
1.06684
1.06558
1.06752
1.07252
1.0781
1.08184
1.08298
1.08215
1.08029
1.07791
1.07503
1.07163
1.06787
1.06404
1.06017
1.05582
1.05019
1.04246
1.0321
1.0191
1.00401
0.987967
0.972524
0.959435
0.950166
0.945444
0.945099
0.948286
0.953896
0.960845
0.968176
0.975157
0.981344
0.98675
0.991817
0.997077
1.00263
1.00792
1.01193
1.0139
1.01355
1.01112
1.00708
1.00201
0.996509
0.991089
0.986098
0.981657
0.977646
0.973771
0.969706
0.965386
0.961137
0.957557
0.955275
0.954725
0.955983
0.958849
0.963013
0.968183
0.974049
0.980281
0.986519
0.992433
0.997838
1.00279
1.00759
1.0126
1.01817
1.02478
1.03314
1.04397
1.05724
1.07157
1.08448
1.09333
1.09622
1.09249
1.08254
1.06749
1.04871
1.02761
1.00578
0.985093
0.967612
0.955231
0.949203
0.94991
0.956863
0.968915
0.984466
1.00158
1.01815
1.03203
1.04134
1.0447
1.04158
1.0324
1.01858
1.00232
0.986235
0.972902
0.964418
0.96179
0.964426
0.970196
0.976077
0.979223
0.977902
0.972009
0.963113
0.954024
0.947928
0.947366
0.953319
0.9648
0.979289
0.993705
1.00552
1.01341
1.01722
1.0176
1.0154
1.01136
1.00608
1.00031
0.995353
0.993004
0.994859
1.00147
1.0118
1.02351
1.03395
1.04105
1.04388
1.04271
1.03881
1.03395
1.02992
1.02783
1.02773
1.02866
1.02919
1.02802
1.02437
1.01815
1.00975
0.999884
0.989432
0.97947
0.971228
0.965832
0.963999
0.965823
0.970626
0.977048
0.98342
0.988365
0.991342
0.992839
0.993907
0.995248
0.99672
0.997663
0.997561
0.996452
0.994797
0.993107
0.991594
0.99003
0.987895
0.984697
0.980107
0.974115
0.967116
0.959825
0.953226
0.948364
0.94624
0.947658
0.953186
0.96295
0.976415
0.992398
1.00924
1.02519
1.03878
1.04895
1.05518
1.05753
1.0565
1.05293
1.04773
1.04168
1.0353
1.0289
1.02269
1.01695
1.01218
1.00881
1.00693
1.00611
1.00559
1.00478
1.00375
1.00341
1.00505
1.00964
1.01713
1.02629
1.03499
1.04087
1.04213
1.03798
1.02851
1.01417
0.995472
0.973071
0.948157
0.922632
0.899087
0.88049
0.869651
0.868575
0.877872
0.896403
0.921456
0.949438
0.976717
1.00037
1.01852
1.0304
1.03612
1.0365
1.03291
1.02702
1.02076
1.01592
1.01382
1.01493
1.01869
1.02372
1.02843
1.03152
1.03219
1.03022
1.02583
1.0195
1.01185
1.00357
0.995416
0.988175
0.982555
0.979021
0.97756
0.977706
0.978724
0.97993
0.980861
0.981262
0.980944
0.979817
0.978098
0.97659
0.976584
0.979247
0.984937
0.992964
1.00188
1.01007
1.01619
1.01941
1.01944
1.01643
1.01083
1.00324
0.994219
0.984174
0.973329
0.961689
0.949341
0.937035
0.92652
0.920085
0.919624
0.925922
0.938632
0.95651
0.977609
0.999562
1.02011
1.03759
1.05118
1.06076
1.06647
1.0683
1.06594
1.0588
1.04643
1.02895
1.00718
0.982633
0.957172
0.932531
0.909943
0.890036
0.873097
0.859574
0.850339
0.846512
0.849004
0.858012
0.872863
0.892147
0.914026
0.936602
0.958117
0.977133
0.992639
1.00409
1.0115
1.01537
1.0165
1.01573
1.01363
1.01035
1.00592
1.00049
0.99446
0.988276
0.981925
0.974522
0.964535
0.95075
0.933494
0.915189
0.89972
0.890755
0.890165
0.897724
0.911889
0.930668
0.952106
0.97449
0.996542
1.01748
1.03691
1.05445
1.06936
1.08049
1.0866
1.08688
1.08118
1.07015
1.05516
1.0382
1.02158
1.00757
0.997745
0.99248
0.990793
0.990868
0.990846
0.989542
0.98668
0.982786
0.9789
0.976399
0.976789
0.981234
0.989904
1.00176
1.01507
1.02808
1.03934
1.04779
1.05283
1.05447
1.05338
1.05094
1.04886
1.04882
1.05176
1.05761
1.06536
1.07359
1.08087
1.08611
1.08856
1.08792
1.08432
1.07824
1.07048
1.06193
1.05332
1.04503
1.03708
1.02923
1.02141
1.01397
1.0078
1.00413
1.00409
1.0082
1.01607
1.02644
1.03741
1.04679
1.05244
1.0525
1.04575
1.03204
1.01286
0.991602
0.973044
0.961714
0.959906
0.966973
0.980251
0.996578
1.01312
1.02758
1.03814
1.04368
1.04392
1.03937
1.03122
1.02114
1.01108
1.00284
0.997704
0.996149
0.997825
1.00186
1.00716
1.01284
1.01842
1.02384
1.02921
1.03448
1.03925
1.04277
1.04421
1.04285
1.03819
1.03009
1.01878
1.00503
0.990119
0.975729
0.963577
0.95493
0.950292
0.949553
0.952488
0.959065
0.969112
0.981639
0.994657
1.00596
1.01407
1.01872
1.02052
1.0202
1.01826
1.01505
1.01112
1.00749
1.00559
1.00685
1.01212
1.0212
1.03266
1.04427
1.05356
1.0585
1.05781
1.0512
1.03934
1.02377
1.00674
0.99089
0.978763
0.972183
0.971607
0.975845
0.982448
0.988686
0.99257
0.99351
0.992384
0.991178
0.992252
0.997365
1.00689
1.01956
1.03307
1.04502
1.05364
1.05807
1.05823
1.05445
1.04723
1.03718
1.02524
1.013
1.00271
0.996763
0.996811
1.00304
1.01423
1.02816
1.0421
1.0533
1.05949
1.0593
1.05252
1.04016
1.02435
1.00785
0.993483
0.983198
0.977663
0.976243
0.977395
0.979302
0.980321
0.979293
0.975833
0.970619
0.96541
0.962613
0.964329
0.971294
0.982502
0.995697
1.00837
1.01849
1.02499
1.02761
1.02666
1.0228
1.01683
1.0096
1.00183
0.994089
0.986667
0.979668
0.972979
0.966436
0.960004
0.953705
0.947173
0.939555
0.929981
0.918499
0.906876
0.898717
0.897829
0.905525
0.919472
0.935375
0.949416
0.959411
0.964816
0.966319
0.965519
0.964565
0.965821
0.971394
0.982538
0.999112
1.01945
1.04079
1.06014
1.07505
1.0839
1.08592
1.08109
1.07012
1.05441
1.03595
1.01695
0.999129
0.98324
0.96916
0.956416
0.944803
0.934678
0.926759
0.92179
0.920125
0.921534
0.92542
0.931188
0.938527
0.947461
0.958088
0.970326
0.98378
0.99782
1.01172
1.02479
1.03652
1.04668
1.05539
1.06288
1.06935
1.07485
1.0793
1.08268
1.08496
1.08616
1.08632
1.0856
1.08419
1.08219
1.0793
1.07475
1.06773
1.05791
1.0458
1.03262
1.01965
1.00767
0.996576
0.985672
0.974127
0.961426
0.947708
0.933869
0.921354
0.911674
0.905838
0.90403
0.905677
0.909723
0.915247
0.921907
0.929909
0.939548
0.950589
0.962082
0.972634
0.980956
0.98622
0.988247
0.987548
0.985217
0.982744
0.981784
0.98378
0.989523
0.999004
1.01148
1.02576
1.04043
1.05413
1.0656
1.0738
1.07809
1.07836
1.07501
1.06885
1.06083
1.05167
1.04174
1.0311
1.01977
1.00801
0.996568
0.986582
0.979404
0.976131
0.977243
0.982492
0.99101
1.00156
1.01283
1.02376
1.03368
1.04234
1.04981
1.05617
1.06126
1.06463
1.06561
1.0635
1.05797
1.04915
1.03782
1.02534
1.01344
1.00374
0.997115
0.993384
0.991806
0.99179
0.993134
0.995735
0.99938
1.00363
1.00785
1.01151
1.01475
1.01881
1.02541
1.03535
1.0477
1.06036
1.07116
1.07857
1.08181
1.08062
1.07495
1.06489
1.05081
1.03348
1.01419
0.994671
0.976819
0.962226
0.951718
0.94508
0.941119
0.938145
0.934689
0.930228
0.925427
0.921597
0.919716
0.919956
0.922046
0.925722
0.930659
0.93623
0.941688
0.946447
0.949948
0.951283
0.949265
0.943225
0.933895
0.923671
0.915807
0.912793
0.914898
0.920185
0.925898
0.929812
0.930887
0.929288
0.926219
0.923624
0.923601
0.92761
0.935794
0.946795
0.958432
0.968657
0.97636
0.981595
0.985264
0.988559
0.992358
0.996832
1.00144
1.00515
1.00671
1.00489
0.998879
0.988569
0.974796
0.959145
0.943453
0.929279
0.917603
0.909009
0.903935
0.902643
0.90499
0.910362
0.917874
0.926694
0.936173
0.945835
0.955332
0.964355
0.972594
0.979731
0.985539
0.990108
0.99398
0.99807
1.00335
1.01035
1.01886
1.02793
1.03616
1.04229
1.04556
1.04574
1.04286
1.03685
1.02754
1.01539
1.00276
0.994262
0.994264
1.00297
1.01614
1.02869
1.03748
1.04135
1.04026
1.03476
1.02591
1.01522
1.00466
0.996467
0.99241
0.992939
0.996946
1.0026
1.00844
1.01379
1.01848
1.02232
1.02476
1.02484
1.02149
1.01385
1.0019
0.986654
0.969978
0.953858
0.939837
0.928973
0.9222
0.920482
0.92447
0.933966
0.947826
0.964378
0.982087
0.999866
1.01693
1.03249
1.04564
1.05549
1.06131
1.06291
1.06122
1.05865
1.05829
1.06166
1.06716
1.07124
1.0709
1.06491
1.05369
1.03868
1.02193
1.00572
0.992012
0.981909
0.975432
0.971758
0.96962
0.967687
0.965005
0.96147
0.95805
0.956364
0.957678
0.962106
0.968508
0.975203
0.980827
0.984795
0.987192
0.988522
0.989463
0.990943
0.994072
0.999719
1.00804
1.01815
1.02824
1.03607
1.03953
1.03724
1.02893
1.01563
0.999416
0.982894
0.968261
0.956644
0.948046
0.941922
0.937992
0.936681
0.938842
0.944884
0.954061
0.964497
0.973951
0.98076
0.98424
0.984609
0.982692
0.97964
0.976917
0.976348
0.979865
0.988622
1.00204
1.01798
1.03395
1.04825
1.06028
1.07005
1.07769
1.08328
1.08693
1.08896
1.08979
1.08966
1.08833
1.08511
1.07915
1.06981
1.0571
1.04161
1.02442
1.00686
0.99025
0.975731
0.96411
0.955782
0.95056
0.94776
0.946422
0.945689
0.945159
0.944988
0.945722
0.948052
0.952637
0.960052
0.970719
0.984746
1.00167
1.02041
1.03929
1.0564
1.06975
1.07749
1.07831
1.07202
1.06013
1.04562
1.03153
1.019
1.00706
0.994147
0.979602
0.963934
0.9484
0.934491
0.92341
0.915663
0.910872
0.908045
0.906133
0.904697
0.904231
0.905863
0.910443
0.917824
0.926793
0.935746
0.943524
0.949922
0.955677
0.962019
0.97011
0.980473
0.992778
1.00603
1.0191
1.03106
1.04144
1.05013
1.05712
1.06229
1.06532
1.06575
1.06312
1.05715
1.04797
1.0361
1.0225
1.00828
0.994402
0.98138
0.969521
0.959184
0.950845
0.944799
0.940857
0.938376
0.936737
0.935778
0.935907
0.937854
0.942114
0.948456
0.955868
0.963114
0.969275
0.974029
0.977452
0.979717
0.981148
0.982333
0.984139
0.987477
0.993001
1.00085
1.01055
1.02099
1.03057
1.03758
1.04074
1.03961
1.03447
1.0259
1.01446
1.00108
0.987808
0.977948
0.974749
0.979557
0.991292
1.00745
1.02527
1.0421
1.05555
1.06341
1.06399
1.05645
1.04104
1.01927
0.993793
0.968122
0.946006
0.930549
0.923236
0.923382
0.928579
0.935968
0.9437
0.95163
0.961022
0.973407
0.989436
1.00816
1.02711
1.04317
1.05346
1.05606
1.05014
1.0359
1.01468
0.988903
0.962291
0.939461
0.924974
0.921733
0.929711
0.946071
0.966512
0.986802
1.00376
1.0155
1.02131
1.02141
1.01661
1.00825
0.998115
0.988288
0.980753
0.97679
0.976524
0.978942
0.98237
0.985159
0.986229
0.985365
0.983185
0.980984
0.980303
0.98238
0.987661
0.995509
1.00438
1.01228
1.01742
1.01858
1.0151
1.0066
0.992822
0.973936
0.951102
0.926785
0.904415
0.887439
0.878149
0.877014
0.88273
0.892952
0.90499
0.916441
0.925735
0.932446
0.937415
0.942418
0.949531
0.960307
0.975254
0.993617
1.01361
1.03302
1.04984
1.06276
1.07137
1.076
1.07753
1.0771
1.07585
1.07456
1.07316
1.07065
1.06557
1.05678
1.04411
1.02841
1.01123
0.99431
0.978994
0.965923
0.955034
0.945951
0.938493
0.932839
0.929396
0.928408
0.929806
0.933289
0.938446
0.944727
0.951323
0.95735
0.962255
0.966278
0.97053
0.976603
0.985978
0.999352
1.01631
1.03541
1.05468
1.07203
1.08566
1.09423
1.09697
1.09376
1.08521
1.0726
1.05772
1.04237
1.02805
1.01554
1.00501
0.996174
0.988663
0.982386
0.977793
0.975921
0.978046
0.984899
0.995949
1.00945
1.0232
1.03541
1.04515
1.05218
1.05651
1.05808
1.0567
1.0522
1.04462
1.03444
1.02289
1.0119
1.00373
0.999877
1.00026
1.00333
1.00724
1.01095
1.01447
1.01824
1.02244
1.02656
1.02967
1.03081
1.02946
1.02594
1.02134
1.01707
1.01398
1.01171
1.00893
1.00423
0.996849
0.986984
0.975682
0.96444
0.954854
0.948288
0.945642
0.947211
0.952586
0.960745
0.970257
0.979766
0.988375
0.995816
1.00234
1.00827
1.01361
1.01792
1.02052
1.02101
1.01953
1.01662
1.01289
1.00855
1.00344
0.997293
0.990291
0.983266
0.977316
0.973064
0.970343
0.968661
0.967904
0.968509
0.971119
0.976147
0.983517
0.992664
1.00268
1.01255
1.02139
1.02858
1.03396
1.03787
1.04108
1.04436
1.04793
1.05113
1.05265
1.05118
1.04599
1.03722
1.0258
1.01297
0.999883
0.987255
0.975606
0.965735
0.958868
0.956169
0.958055
0.963888
0.972193
0.981237
0.989627
0.996653
1.00228
1.007
1.01146
1.01626
1.02182
1.02843
1.0362
1.04499
1.05422
1.06291
1.07001
1.07467
1.07641
1.07519
1.07147
1.06619
1.06084
1.05704
1.05586
1.05726
1.06014
1.06297
1.06442
1.06363
1.06001
1.05332
1.04398
1.03324
1.02282
1.01415
1.00783
1.00382
1.00176
1.00099
1.00054
0.999271
0.996202
0.99081
0.983303
0.974773
0.967039
0.962079
0.961174
0.964346
0.97052
0.978168
0.98585
0.992546
0.997869
1.00209
1.00606
1.01104
1.01846
1.02915
1.04258
1.05665
1.06859
1.07622
1.07852
1.07568
1.06869
1.05895
1.048
1.03761
1.02962
1.0256
1.02616
1.03053
1.03682
1.04279
1.04658
1.0471
1.04411
1.03804
1.02992
1.02107
1.0129
1.00651
1.00256
1.00131
1.00325
1.00931
1.01996
1.03385
1.04787
1.05908
1.06646
1.07072
1.07305
1.07369
1.07165
1.06556
1.05467
1.03941
1.02131
1.00257
0.985388
0.971373
0.961029
0.953656
0.948049
0.943592
0.94131
0.943742
0.953141
0.969054
0.98784
1.00461
1.01544
1.01852
1.01427
1.00524
0.995325
0.988173
0.985422
0.98623
0.98852
0.990727
0.992683
0.99531
0.999738
1.00651
1.0154
1.02557
1.03584
1.04484
1.05128
1.05408
1.0525
1.0463
1.036
1.02307
1.0099
0.999253
0.99352
0.993916
1.00021
1.01096
1.02403
1.03692
1.04707
1.05235
1.05142
1.04393
1.03051
1.01266
0.992893
0.974656
0.9616
0.956404
0.959784
0.970184
0.984468
0.999149
1.01149
1.0202
1.0254
1.02828
1.03036
1.03285
1.03623
1.04032
1.04455
1.0482
1.05051
1.05076
1.04844
1.04347
1.03626
1.02758
1.01832
1.00917
1.0007
0.99377
0.989613
0.989638
0.994739
1.00475
1.01829
1.03295
1.04585
1.05433
1.05655
1.05179
1.04045
1.02403
1.00498
0.986393
0.971458
0.962587
0.960908
0.966158
0.976796
0.990323
1.00403
1.01605
1.02582
1.03379
1.04069
1.04686
1.05217
1.05642
1.05974
1.06253
1.06513
1.0674
1.06869
1.06827
1.06579
1.06129
1.05497
1.04692
1.03716
1.02598
1.01384
1.00113
0.988039
0.974938
0.963149
0.954985
0.9526
0.95645
0.96494
0.975612
0.98641
0.996082
1.0039
1.00932
1.01207
1.0122
1.01019
1.00685
1.00321
1.00019
0.998504
0.998604
1.00082
1.00552
1.01302
1.02351
1.03692
1.05273
1.06983
1.08652
1.10071
1.11025
1.1132
1.10804
1.09385
1.0706
1.03966
1.00442
0.970536
0.94495
0.933034
0.935515
0.948225
0.964988
0.980678
0.992499
0.999745
1.00298
1.00333
1.0019
0.99948
0.996449
0.993062
0.989666
0.986794
0.984864
0.983608
0.981656
0.976785
0.96694
0.951572
0.932519
0.913717
0.89968
0.893505
0.895744
0.904781
0.917944
0.932615
0.946815
0.959287
0.969301
0.976395
0.980265
0.980812
0.978329
0.97364
0.968097
0.963286
0.960592
0.960817
0.964056
0.969929
0.978
0.98804
1.00001
1.01383
1.02917
1.04539
1.06158
1.07676
1.09005
1.10059
1.10759
1.11018
1.10752
1.09896
1.08431
1.06408
1.03985
1.01427
0.990828
0.972949
0.962844
0.9607
0.964757
0.972265
0.980683
0.988368
0.994579
0.999132
1.00205
1.0033
1.00266
0.999883
0.994847
0.987608
0.97848
0.968098
0.957472
0.94794
0.940803
0.936852
0.936136
0.938208
0.942464
0.948157
0.954226
0.959339
0.962284
0.962735
0.9618
0.962102
0.966888
0.978372
0.996435
1.01868
1.04155
1.06153
1.07587
1.08301
1.08266
1.07572
1.06404
1.05002
1.0361
1.02434
1.01611
1.01197
1.01151
1.01355
1.01662
1.01955
1.0214
1.02105
1.01706
1.00825
0.994636
0.978064
0.962069
0.950841
0.947707
0.953748
0.967352
0.984945
1.00248
1.01684
1.02632
1.03053
1.03001
1.02608
1.02062
1.01561
1.01242
1.01124
1.01123
1.01114
1.01003
1.00788
1.00576
1.00541
1.00813
1.0138
1.02095
1.02778
1.03286
1.03515
1.03373
1.028
1.01804
1.00497
0.990882
0.978328
0.969496
0.965465
0.966012
0.969995
0.976031
0.983003
0.99017
0.997165
1.00396
1.01086
1.018
1.02496
1.0307
1.03411
1.03466
1.03259
1.02885
1.02472
1.02137
1.01959
1.0197
1.02153
1.0244
1.02698
1.02754
1.0245
1.01723
1.00639
0.99372
0.981555
0.972105
0.96699
0.966948
0.971847
0.980763
0.992238
1.00465
1.01661
1.02727
1.03646
1.04452
1.05208
1.05963
1.06722
1.07429
1.07987
1.08296
1.08287
1.07948
1.07315
1.06449
1.05393
1.04162
1.02762
1.0123
0.996674
0.982482
0.971821
0.9665
0.967434
0.974359
0.985896
0.99988
1.01391
1.02592
1.03454
1.03924
1.04027
1.03847
1.03507
1.03149
1.02912
1.02921
1.03265
1.03986
1.05057
1.06391
1.07852
1.09281
1.10523
1.11452
1.11965
1.1199
1.11484
1.10447
1.08931
1.07077
1.05117
1.0335
1.02051
1.01379
1.01334
1.01776
1.02471
1.03169
1.03665
1.03854
1.03732
1.03384
1.02925
1.02452
1.02021
1.01659
1.01418
1.01392
1.01702
1.02437
1.03579
1.04985
1.0642
1.07648
1.08506
1.08919
1.08881
1.08429
1.07616
1.06496
1.05107
1.03494
1.01749
1.00031
0.98551
0.97506
0.969979
0.970014
0.973899
0.97993
0.986385
0.991683
0.994476
0.993816
0.989368
0.9815
0.971126
0.959362
0.947204
0.935674
0.926367
0.921727
0.92438
0.935566
0.954045
0.976573
0.999406
1.0195
1.03494
1.04468
1.04826
1.04561
1.0371
1.02363
1.00671
0.988386
0.970923
0.956382
0.946263
0.941421
0.942194
0.948459
0.959563
0.97421
0.990658
1.00712
1.02209
1.03463
1.04428
1.05102
1.05504
1.05654
1.05563
1.05215
1.04564
1.03542
1.02096
1.00231
0.980582
0.957997
0.93764
0.922809
0.916252
0.919508
0.93253
0.953739
0.980502
1.00977
1.03868
1.06492
1.08667
1.10239
1.11087
1.11135
1.10395
1.08981
1.07099
1.05002
1.02943
1.01131
0.99705
0.987264
0.982054
0.981101
0.983696
0.988789
0.995166
1.00157
1.00678
1.00967
1.0093
1.00521
0.997619
0.987498
0.976381
0.965974
0.957665
0.952225
0.949714
0.949621
0.951231
0.953944
0.957621
0.962542
0.969221
0.977919
0.988271
0.999323
1.00982
1.01869
1.02547
1.03039
1.03411
1.03736
1.04061
1.04391
1.04701
1.04955
1.05121
1.05183
1.05147
1.05021
1.04785
1.04384
1.03743
1.02829
1.01695
1.00498
0.994395
0.986909
0.983061
0.981999
0.982016
0.981335
0.978736
0.973809
0.966865
0.958695
0.950234
0.942376
0.935744
0.930499
0.926272
0.922373
0.918252
0.913929
0.91021
0.908441
0.909904
0.915132
0.923504
0.933458
0.943111
0.950884
0.95578
0.957372
0.955739
0.951592
0.946466
0.942765
0.943244
0.949875
0.962649
0.979395
0.996841
1.01202
1.02301
1.02906
1.03011
1.02645
1.01848
1.00689
0.992921
0.97853
0.96603
0.957373
0.953432
0.953901
0.957737
0.963607
0.970159
0.976132
0.980505
0.982705
0.982647
0.980624
0.977044
0.972309
0.966984
0.962002
0.958683
0.95855
0.962908
0.972256
0.985886
1.00208
1.01873
1.03401
1.04674
1.05622
1.06206
1.06401
1.06196
1.05607
1.04681
1.03507
1.02221
1.00983
0.999079
0.990205
0.982721
0.976008
0.969817
0.96433
0.959899
0.956783
0.955086
0.954836
0.956163
0.959309
0.964449
0.971389
0.979496
0.987815
0.995376
1.00141
1.0054
1.0072
1.00704
1.00563
1.00395
1.00283
1.00267
1.00326
1.004
1.00425
1.00375
1.00284
1.00252
1.00401
1.00793
1.01383
1.02034
1.02602
1.03
1.03203
1.03218
1.03038
1.02632
1.01973
1.01072
1.00011
0.98959
0.981523
0.978355
0.981688
0.991406
1.00563
1.02143
1.03599
1.04736
1.05467
1.05785
1.05737
1.05395
1.04839
1.04158
1.03429
1.02708
1.02012
1.01311
1.00531
0.995641
0.982926
0.966451
0.946755
0.926327
0.909394
0.900123
0.900324
0.908669
0.922094
0.937816
0.954183
0.970097
0.984212
0.994853
1.00059
1.00094
0.996766
0.990179
0.983997
0.980566
0.980719
0.983702
0.988123
0.992851
0.997319
1.00134
1.00503
1.00882
1.01315
1.01769
1.02106
1.02169
1.01928
1.0152
1.01162
1.01006
1.01075
1.01309
1.01666
1.02167
1.02859
1.03745
1.04744
1.0571
1.06482
1.06941
1.07037
1.06791
1.06279
1.05596
1.04835
1.04064
1.03327
1.02652
1.02055
1.01532
1.01067
1.00644
1.00268
0.999926
0.999032
1.00068
1.00463
1.00932
1.0122
1.01083
1.00383
0.991372
0.975105
0.957724
0.942327
0.931692
0.927679
0.930844
0.940459
0.95475
0.971282
0.987605
1.00187
1.01314
1.02131
1.02685
1.03038
1.03254
1.03389
1.03494
1.03621
1.03811
1.0408
1.04414
1.04774
1.05105
1.05343
1.05445
1.054
1.05237
1.05012
1.04769
1.0452
1.04255
1.03971
1.0369
1.03447
1.03268
1.03152
1.03072
1.02971
1.02797
1.02524
1.02194
1.01918
1.01856
1.02157
1.02905
1.0409
1.05615
1.07308
1.0896
1.10355
1.11315
1.11723
1.11556
1.10874
1.09802
1.08498
1.071
1.05718
1.04427
1.03296
1.02418
1.01899
1.01821
1.02187
1.02898
1.03762
1.04547
1.05036
1.05058
1.04515
1.03407
1.01854
1.00106
0.98489
0.972829
0.965939
0.963357
0.963189
0.963545
0.963034
0.960791
0.956274
0.949333
0.940461
0.931006
0.922934
0.918307
0.918716
0.924935
0.936751
0.952887
0.97111
0.988519
1.00211
1.00941
1.00905
1.00114
0.987462
0.971272
0.956524
0.946823
0.944374
0.949539
0.961147
0.977166
0.995326
1.01354
1.0301
1.04375
1.05381
1.06022
1.06349
1.0644
1.06367
1.06145
1.05716
1.04973
1.03826
1.02276
1.00455
0.986194
0.970856
0.961196
0.958426
0.962014
0.97018
0.980781
0.992028
1.00279
1.01253
1.02115
1.02878
1.03564
1.04171
1.04651
1.04908
1.0483
1.04344
1.03451
1.02261
1.00959
0.997466
0.98753
0.980172
0.975463
0.973967
0.976775
0.984785
0.997843
1.01445
1.03219
1.04855
1.06151
1.06991
1.07375
1.07416
1.07306
1.07249
1.07396
1.078
1.08415
1.09124
1.09777
1.10225
1.10329
1.09955
1.09003
1.07449
1.054
1.03082
1.00745
0.98551
0.965895
0.949551
0.937939
0.932715
0.935035
0.945074
0.961906
0.983567
1.00735
1.03029
1.04966
1.06356
1.07115
1.07283
1.07026
1.06588
1.0619
1.05924
1.05742
1.05541
1.05255
1.04899
1.04532
1.04214
1.03969
1.03771
1.03563
1.03284
1.02884
1.02321
1.01552
1.00583
0.995678
0.988397
0.987509
0.99403
1.00594
1.02017
1.03433
1.04691
1.0567
1.06267
1.06405
1.06057
1.05258
1.04099
1.02726
1.01318
1.0006
0.991044
0.985332
0.983465
0.984884
0.988826
0.994525
1.00134
1.00866
1.01597
1.02289
1.02926
1.03504
1.04007
1.04382
1.04529
1.0431
1.03595
1.02307
1.00472
0.982386
0.958599
0.936481
0.919024
0.908472
0.905926
0.911229
0.923201
0.939868
0.958816
0.97747
0.993434
1.00482
1.01046
1.01006
1.00416
0.994149
0.982014
0.970044
0.960453
0.954955
0.954367
0.958541
0.966563
0.977179
0.989131
1.00133
1.01283
1.02276
1.03027
1.03464
1.03539
1.03236
1.02558
1.01515
1.00127
0.984286
0.964732
0.94326
0.920654
0.898022
0.877012
0.85986
0.849155
0.847182
0.855018
0.871958
0.8957
0.92303
0.950669
0.975837
0.996485
1.01147
1.02053
1.0243
1.02425
1.02245
1.02104
1.02146
1.02402
1.02806
1.03246
1.03603
1.03779
1.03728
1.03491
1.03174
1.02871
1.0257
1.02141
1.0142
1.0031
0.988361
0.971393
0.954299
0.939333
0.928335
0.922342
0.921444
0.924998
0.931934
0.941048
0.951127
0.961
0.96958
0.975992
0.979793
0.981192
0.981183
0.981358
0.983328
0.988065
0.995581
1.00518
1.01604
1.02752
1.03907
1.05011
1.05986
1.06736
1.07166
1.07196
1.06788
1.05946
1.04719
1.03188
1.01452
0.996222
0.978089
0.961088
0.945859
0.932529
0.920643
0.909414
0.898261
0.887448
0.878398
0.873514
0.875047
0.883545
0.897205
0.912956
0.928129
0.941361
0.95266
0.962946
0.97335
0.984538
0.996412
1.00855
1.02083
1.03354
1.04663
1.05903
1.06885
1.07416
1.07392
1.06814
1.05772
1.0441
1.02888
1.01366
0.999749
0.988106
0.979325
0.973804
0.971855
0.973651
0.979042
0.987423
0.997806
1.00894
1.01951
1.02836
1.03483
1.0389
1.04101
1.04181
1.04187
1.0415
1.04072
1.03937
1.0373
1.03443
1.03082
1.02665
1.02227
1.01821
1.01521
1.01401
1.01508
1.01836
1.02329
1.02901
1.0348
1.04028
1.04547
1.05061
1.05581
1.061
1.06581
1.06982
1.07271
1.07436
1.07498
1.07491
1.07453
1.07399
1.07305
1.07104
1.06701
1.06008
1.04978
1.03612
1.01956
1.00078
0.980711
0.96062
0.942255
0.927783
0.919327
0.918265
0.924585
0.9368
0.952283
0.9678
0.98021
0.987185
0.987811
0.982869
0.97478
0.966878
0.962272
0.962608
0.967459
0.974683
0.981484
0.985445
0.985032
0.979731
0.969901
0.956665
0.941736
0.927287
0.915661
0.908873
0.908056
0.913129
0.922949
0.93586
0.950293
0.965028
0.979224
0.992231
1.00354
1.01272
1.01944
1.02358
1.02535
1.02543
1.02471
1.02398
1.02354
1.02319
1.02252
1.02118
1.01913
1.01681
1.01496
1.01418
1.0145
1.01537
1.01612
1.01623
1.01543
1.01368
1.01108
1.00787
1.00452
1.00189
1.00087
1.00196
1.00483
1.00841
1.01136
1.01242
1.01042
1.00453
0.994718
0.982115
0.968911
0.957768
0.950878
0.949128
0.951852
0.957268
0.963406
0.968889
0.97308
0.97573
0.976381
0.974139
0.968005
0.957545
0.94347
0.927808
0.913427
0.903182
0.899026
0.901604
0.910322
0.923777
0.940223
0.957902
0.975058
0.989907
1.00087
1.00704
1.0086
1.00673
1.00308
0.999018
0.995089
0.991095
0.986523
0.980899
0.973986
0.965966
0.957479
0.949834
0.944877
0.944259
0.948388
0.955915
0.964375
0.971629
0.976831
0.980314
0.982805
0.984616
0.985528
0.985204
0.983517
0.980654
0.97689
0.972456
0.967529
0.96235
0.957351
0.953209
0.950809
0.950955
0.953898
0.958949
0.964662
0.969714
0.973946
0.978785
0.986528
0.998949
1.01608
1.03596
1.05541
1.07114
1.0806
1.08246
1.07662
1.06416
1.04708
1.02787
1.00883
0.991611
0.977093
0.965581
0.957055
0.951384
0.948605
0.949159
0.953619
0.961838
0.972348
0.982644
0.990196
0.993317
0.991529
0.985406
0.976275
0.965803
0.955671
0.947285
0.941575
0.938918
0.939236
0.94216
0.947301
0.954356
0.963038
0.972949
0.983599
0.994604
1.00583
1.01733
1.02889
1.03973
1.04844
1.05339
1.05343
1.04842
1.0394
1.02823
1.01699
1.00725
0.999612
0.993778
0.988925
0.984231
0.979259
0.974233
0.970125
0.968448
0.970587
0.976962
0.986485
0.996807
1.00523
1.00956
1.00863
1.00229
0.9914
0.977619
0.963182
0.950641
0.942377
0.94002
0.944104
0.954071
0.968531
0.98563
1.00339
1.0199
1.03341
1.0425
1.04609
1.04349
1.03465
1.02046
1.00296
0.985129
0.969952
0.959255
0.953272
0.951033
0.95114
0.952351
0.953905
0.955565
0.957476
0.959863
0.962874
0.966496
0.970669
0.975371
0.980734
0.986858
0.993599
1.00055
1.00717
1.01297
1.01762
1.02113
1.02393
1.02696
1.03148
1.0384
1.04785
1.05888
1.06994
1.07948
1.08652
1.09086
1.09297
1.09363
1.09356
1.09329
1.09302
1.0926
1.09153
1.08917
1.08483
1.07789
1.06776
1.05404
1.03689
1.0173
0.997187
0.9791
0.965611
0.958363
0.957272
0.96054
0.965497
0.969577
0.971031
0.969255
0.964827
0.95931
0.954729
0.952931
0.955013
0.961028
0.970101
0.9808
0.991542
1.00093
1.00804
1.0126
1.01502
1.01626
1.01744
1.0195
1.02299
1.02809
1.03462
1.04206
1.04941
1.05521
1.05785
1.05603
1.04924
1.03807
1.02416
1.00963
0.996101
0.983998
0.972949
0.962797
0.954215
0.94861
0.947478
0.951947
0.962662
0.979603
1.00165
1.02623
1.04972
1.06856
1.08004
1.08264
1.07603
1.06116
1.04026
1.01671
0.994334
0.976302
0.964298
0.958599
0.958563
0.963137
0.971236
0.981942
0.994494
1.00815
1.02199
1.03492
1.04582
1.0537
1.05798
1.05856
1.05594
1.0511
1.04531
1.0399
1.03581
1.03326
1.03175
1.03032
1.02815
1.02481
1.02027
1.01473
1.0084
1.00142
0.993936
0.986159
0.978414
0.97112
0.964761
0.959868
0.956936
0.956335
0.958062
0.9615
0.965377
0.967984
0.967676
0.963536
0.955908
0.94676
0.939594
0.938256
0.944829
0.958074
0.974223
0.989216
1.00031
1.00637
1.00787
1.00673
1.00571
1.00649
1.00795
1.00674
0.999629
0.985394
0.965309
0.943017
0.923939
0.913564
0.914668
0.925536
0.941235
0.956529
0.967754
0.973077
0.972132
0.965882
0.956643
0.947734
0.942556
0.943024
0.948641
0.956869
0.964497
0.9689
0.96871
0.964047
0.956358
0.947825
0.940529
0.935702
0.933614
0.933906
0.936126
0.939961
0.945207
0.951551
0.958504
0.965395
0.971581
0.97679
0.981347
0.986126
0.992119
0.999788
1.00862
1.01716
1.02368
1.02703
1.02728
1.0258
1.02464
1.02551
1.02903
1.03465
1.04105
1.04672
1.05031
1.05109
1.04914
1.04533
1.04088
1.03682
1.03337
1.02996
1.0257
1.02017
1.01387
1.00803
1.00375
1.00119
0.999637
0.998277
0.99691
0.995931
0.995745
0.996197
0.996532
0.995872
0.993881
0.991018
0.988174
0.985975
0.984336
0.982536
0.979715
0.975504
0.970393
0.96551
0.962025
0.960443
0.960344
0.960643
0.960238
0.958601
0.956182
0.954401
0.955241
0.960386
0.97041
0.984501
1.00078
1.01687
1.03046
1.03954
1.0427
1.03915
1.02898
1.01333
0.994648
0.976442
0.9623
0.954426
0.952766
0.955628
0.961012
0.967582
0.974601
0.981337
0.986782
0.989879
0.989923
0.986695
0.980354
0.971416
0.96085
0.950059
0.940677
0.934143
0.931292
0.932054
0.935506
0.940269
0.945165
0.94977
0.954574
0.960617
0.968757
0.978952
0.989797
0.998865
1.00404
