1.39962
1.40245
1.41063
1.42202
1.43437
1.4459
1.45543
1.46242
1.46678
1.46869
1.46843
1.46651
1.46378
1.46161
1.46148
1.46449
1.47088
1.47999
1.49065
1.50175
1.51262
1.52296
1.53248
1.5405
1.54605
1.5484
1.5477
1.54503
1.54197
1.53971
1.5384
1.53737
1.53571
1.53279
1.52823
1.52175
1.51333
1.50381
1.49514
1.48961
1.48871
1.49301
1.50319
1.5205
1.54508
1.57429
1.60349
1.62848
1.64707
1.65876
1.66396
1.66326
1.65714
1.64609
1.63054
1.61118
1.589
1.56553
1.54277
1.52302
1.50807
1.49835
1.49277
1.4893
1.48592
1.48146
1.47574
1.46936
1.46332
1.4585
1.45524
1.45346
1.45299
1.45388
1.45614
1.45933
1.46242
1.46444
1.46517
1.46529
1.46575
1.46712
1.4694
1.47226
1.47528
1.47821
1.48121
1.48495
1.49035
1.49788
1.50712
1.51689
1.52585
1.533
1.53779
1.53979
1.53862
1.53407
1.5263
1.51591
1.50391
1.49146
1.47987
1.47074
1.46566
1.46541
1.46899
1.47383
1.47695
1.47623
1.47115
1.46263
1.45262
1.44345
1.43702
1.43417
1.43437
1.4361
1.43773
1.43814
1.43706
1.43487
1.4324
1.43041
1.42932
1.42905
1.42937
1.43026
1.43192
1.43448
1.43782
1.44186
1.44696
1.45396
1.46367
1.47638
1.49151
1.50764
1.52288
1.53548
1.54441
1.54953
1.55165
1.55208
1.55214
1.55293
1.55527
1.55947
1.565
1.57049
1.57438
1.57556
1.57369
1.56897
1.56184
1.55285
1.5429
1.53335
1.52607
1.52304
1.52561
1.53383
1.54612
1.55975
1.57161
1.57923
1.58129
1.578
1.57096
1.56265
1.55561
1.55155
1.55074
1.55212
1.55403
1.55529
1.55601
1.5576
1.56182
1.56926
1.57851
1.58661
1.59047
1.5881
1.5792
1.56528
1.54915
1.53386
1.52127
1.51134
1.50273
1.49409
1.48497
1.47588
1.46788
1.46203
1.4592
1.46011
1.46541
1.4754
1.48969
1.50688
1.52502
1.54202
1.55607
1.56561
1.56928
1.56595
1.55519
1.53813
1.51835
1.50173
1.49461
1.50078
1.51961
1.54698
1.57788
1.60828
1.63578
1.65914
1.6777
1.69084
1.69774
1.69764
1.69014
1.67551
1.65475
1.62939
1.60108
1.57157
1.54254
1.51569
1.49258
1.47428
1.46132
1.45361
1.45076
1.45268
1.46043
1.47576
1.49918
1.5282
1.558
1.58402
1.60352
1.61561
1.6204
1.61841
1.61038
1.59728
1.58048
1.56173
1.54303
1.52622
1.51258
1.50257
1.49583
1.49153
1.48863
1.48632
1.48432
1.48288
1.48265
1.48442
1.48877
1.49587
1.50527
1.51584
1.52586
1.53331
1.53646
1.53446
1.528
1.51955
1.51285
1.51152
1.5175
1.53033
1.54785
1.5673
1.58628
1.60306
1.61684
1.6275
1.63521
1.64002
1.64162
1.63935
1.63243
1.62038
1.60335
1.58221
1.55837
1.5334
1.50856
1.48487
1.46362
1.44661
1.43562
1.43101
1.43109
1.4328
1.43354
1.43254
1.43098
1.43124
1.43553
1.44505
1.45959
1.47778
1.49781
1.51801
1.53715
1.55429
1.5686
1.57915
1.585
1.58564
1.58151
1.57409
1.56552
1.55799
1.55323
1.55225
1.55502
1.56048
1.56671
1.57135
1.57226
1.56801
1.55824
1.54363
1.52566
1.5064
1.48817
1.4734
1.4643
1.46219
1.46676
1.47642
1.48931
1.50361
1.51669
1.52492
1.52537
1.51737
1.50269
1.48422
1.46443
1.44472
1.42609
1.40988
1.39806
1.3925
1.39387
1.40109
1.41175
1.42319
1.43357
1.44248
1.45081
1.45994
1.47073
1.48284
1.49474
1.50434
1.50996
1.51096
1.50779
1.50159
1.49336
1.48347
1.47158
1.45705
1.43958
1.4196
1.39846
1.37836
1.36237
1.35405
1.35653
1.37101
1.39554
1.4252
1.45405
1.47723
1.49219
1.49898
1.49999
1.49937
1.50184
1.51106
1.52791
1.55024
1.57404
1.59528
1.61103
1.61989
1.62172
1.61736
1.60836
1.59668
1.58441
1.57348
1.56502
1.55889
1.55351
1.54677
1.53767
1.528
1.5217
1.52107
1.52397
1.52557
1.52238
1.51413
1.50309
1.49303
1.48791
1.49093
1.50326
1.5229
1.54499
1.564
1.57612
1.58011
1.57693
1.56865
1.55759
1.54579
1.5346
1.52454
1.51533
1.50636
1.49714
1.48727
1.47602
1.46198
1.44355
1.42016
1.39387
1.37011
1.35695
1.36192
1.38771
1.42983
1.47865
1.52401
1.559
1.58078
1.58962
1.58765
1.57798
1.56407
1.5493
1.53655
1.52776
1.52384
1.52448
1.52838
1.53372
1.53851
1.54084
1.53895
1.53133
1.51717
1.49689
1.47272
1.44897
1.43097
1.42247
1.42328
1.4299
1.43827
1.446
1.45267
1.45896
1.46591
1.47439
1.48476
1.49667
1.50927
1.52163
1.53309
1.54299
1.55006
1.5523
1.5478
1.53599
1.51821
1.49738
1.47699
1.45998
1.44825
1.44229
1.44125
1.44339
1.44691
1.45039
1.45256
1.45171
1.44593
1.43404
1.41629
1.39429
1.37069
1.34867
1.33133
1.3209
1.31788
1.3213
1.32994
1.3439
1.3645
1.39274
1.42755
1.46536
1.50145
1.53184
1.55452
1.56933
1.57732
1.57984
1.57802
1.5725
1.56363
1.55199
1.53922
1.52832
1.52281
1.52492
1.5345
1.54944
1.56702
1.58477
1.60082
1.61394
1.62361
1.62992
1.63342
1.63482
1.63449
1.63207
1.62649
1.61615
1.59956
1.5761
1.54672
1.51412
1.48232
1.45565
1.43775
1.43078
1.43531
1.45014
1.47242
1.49812
1.52297
1.5434
1.55729
1.56428
1.56591
1.56524
1.56568
1.56945
1.57655
1.58488
1.59152
1.59378
1.58974
1.5784
1.5596
1.53396
1.50276
1.46782
1.43143
1.39635
1.36583
1.34333
1.3322
1.33489
1.35206
1.38182
1.41988
1.46089
1.5
1.53357
1.55944
1.57665
1.585
1.58468
1.57602
1.55961
1.53657
1.50919
1.48139
1.45837
1.44497
1.44297
1.44997
1.46113
1.47225
1.48135
1.48841
1.49432
1.50009
1.50643
1.51367
1.52176
1.5303
1.53846
1.54517
1.54941
1.55048
1.54831
1.54345
1.53687
1.5297
1.5228
1.51674
1.51177
1.50808
1.50592
1.50552
1.50688
1.50959
1.51295
1.51622
1.51894
1.52114
1.52348
1.52706
1.53285
1.54088
1.54992
1.55801
1.56328
1.5648
1.56274
1.55815
1.55255
1.54738
1.54371
1.54215
1.54313
1.54687
1.55298
1.55992
1.56513
1.56572
1.55972
1.54692
1.52913
1.50984
1.493
1.48169
1.47736
1.47981
1.48759
1.4987
1.51124
1.52433
1.53847
1.55491
1.57415
1.59471
1.61313
1.62565
1.62964
1.62452
1.61146
1.59278
1.57137
1.5502
1.53211
1.51955
1.51428
1.51689
1.52682
1.54257
1.56247
1.58507
1.60912
1.63322
1.65556
1.67435
1.68814
1.69604
1.69768
1.69303
1.68208
1.66486
1.64156
1.61296
1.5807
1.54755
1.51677
1.49127
1.47262
1.46077
1.45438
1.45144
1.44977
1.44749
1.44349
1.43785
1.43176
1.42724
1.42629
1.4304
1.44033
1.45605
1.4768
1.50104
1.52643
1.55016
1.5692
1.581
1.58401
1.57803
1.56416
1.54439
1.52105
1.49625
1.47184
1.44932
1.43002
1.41531
1.40658
1.40486
1.4102
1.42129
1.43555
1.44981
1.46125
1.46832
1.47135
1.47258
1.47527
1.48212
1.4939
1.50905
1.52479
1.53843
1.54831
1.55399
1.55614
1.55595
1.55463
1.553
1.55137
1.54969
1.54783
1.54569
1.54327
1.54069
1.53827
1.5367
1.53702
1.54016
1.54639
1.55468
1.56263
1.56711
1.56521
1.55531
1.53754
1.51371
1.48688
1.46078
1.43924
1.42554
1.42155
1.42682
1.43831
1.45118
1.46035
1.46199
1.45448
1.43881
1.41826
1.39731
1.38018
1.36959
1.36646
1.37039
1.38049
1.39582
1.41542
1.43792
1.46126
1.48289
1.50023
1.51126
1.51509
1.51268
1.50697
1.50249
1.50387
1.51393
1.53272
1.55779
1.58534
1.61132
1.63247
1.64699
1.65469
1.65682
1.65534
1.65225
1.64882
1.64529
1.64089
1.63411
1.62308
1.60616
1.58228
1.55147
1.51528
1.4773
1.44314
1.4194
1.41122
1.41988
1.44213
1.47199
1.50334
1.53165
1.55433
1.57024
1.57894
1.58037
1.57504
1.56438
1.55091
1.53778
1.52789
1.52289
1.52281
1.52624
1.53101
1.53506
1.53693
1.53596
1.53201
1.5251
1.51506
1.50161
1.48468
1.46506
1.44478
1.42679
1.41423
1.40922
1.41214
1.42185
1.43635
1.45354
1.4717
1.48952
1.50594
1.51975
1.52953
1.53379
1.53124
1.52135
1.50511
1.48578
1.4689
1.46032
1.46314
1.47574
1.49337
1.51131
1.52685
1.53914
1.54819
1.55421
1.55743
1.55819
1.55705
1.5547
1.55175
1.54852
1.54482
1.54008
1.53362
1.52513
1.51485
1.5036
1.49255
1.48272
1.4747
1.46859
1.46434
1.46208
1.46229
1.46558
1.47234
1.4821
1.49331
1.50353
1.51026
1.51187
1.50819
1.50032
1.49014
1.47954
1.46993
1.46216
1.45665
1.45346
1.45248
1.45327
1.45524
1.45773
1.46024
1.46257
1.46495
1.46786
1.47162
1.47601
1.48021
1.48297
1.48312
1.48024
1.47487
1.46834
1.46214
1.45708
1.453
1.44903
1.44432
1.43868
1.43288
1.42821
1.42585
1.42629
1.42921
1.43364
1.43846
1.44288
1.44661
1.44988
1.45331
1.45763
1.4635
1.47112
1.48024
1.49034
1.50108
1.51235
1.52399
1.53512
1.54381
1.54754
1.5441
1.53268
1.5147
1.49392
1.47546
1.4638
1.46031
1.46243
1.46513
1.46335
1.4537
1.43523
1.40953
1.38046
1.35311
1.33224
1.32114
1.3212
1.33197
1.3513
1.37553
1.40034
1.42167
1.43655
1.44346
1.44238
1.43454
1.42206
1.40747
1.39349
1.38274
1.37759
1.37949
1.3884
1.40275
1.42003
1.4378
1.45441
1.469
1.48107
1.49018
1.49584
1.498
1.49747
1.49624
1.497
1.50224
1.51326
1.52966
1.54965
1.57073
1.59027
1.60588
1.61553
1.61775
1.61177
1.59779
1.57706
1.55175
1.52463
1.49846
1.47546
1.45687
1.44278
1.43252
1.42522
1.42065
1.41939
1.42249
1.43061
1.44318
1.45816
1.47237
1.4823
1.48514
1.47977
1.4676
1.45249
1.43914
1.43051
1.42634
1.42432
1.42247
1.42049
1.41943
1.42065
1.42468
1.43095
1.43791
1.4437
1.447
1.44755
1.44612
1.44415
1.44316
1.44428
1.44792
1.45381
1.46122
1.4693
1.47752
1.48579
1.49435
1.50328
1.51217
1.51996
1.52513
1.5262
1.52223
1.51314
1.49991
1.48427
1.46834
1.45408
1.44288
1.43527
1.43112
1.43001
1.4317
1.43637
1.44459
1.45658
1.47161
1.48786
1.5031
1.51569
1.52516
1.53214
1.53777
1.54297
1.54795
1.55215
1.55435
1.55293
1.54599
1.53166
1.5087
1.47728
1.4398
1.40085
1.36574
1.33863
1.32197
1.31717
1.32525
1.34631
1.37856
1.418
1.45921
1.49688
1.52707
1.54782
1.55925
1.56322
1.56243
1.5593
1.5553
1.55113
1.54703
1.54333
1.5406
1.53968
1.54141
1.54618
1.55354
1.56211
1.57001
1.57539
1.57686
1.57378
1.56643
1.55591
1.5439
1.5324
1.5232
1.51763
1.51622
1.51852
1.52327
1.52882
1.5334
1.53556
1.53429
1.52915
1.52043
1.50908
1.49696
1.48675
1.48145
1.48317
1.49218
1.50711
1.52619
1.54798
1.57146
1.59569
1.61952
1.64138
1.65935
1.67137
1.67561
1.67083
1.65662
1.63339
1.60236
1.56534
1.52471
1.48329
1.44418
1.41053
1.38513
1.3699
1.36535
1.37047
1.38285
1.3993
1.4167
1.43271
1.44608
1.45668
1.46507
1.4721
1.47833
1.48376
1.48773
1.48934
1.48784
1.48315
1.47596
1.46773
1.46034
1.45577
1.45571
1.46109
1.47167
1.48568
1.50033
1.51269
1.52065
1.5232
1.5201
1.51183
1.49961
1.48535
1.47131
1.45971
1.4523
1.44977
1.45121
1.45434
1.45674
1.4573
1.45675
1.45698
1.45976
1.46588
1.47511
1.48671
1.49981
1.51338
1.52602
1.53594
1.54124
1.54048
1.53317
1.52005
1.50296
1.48452
1.46752
1.45428
1.446
1.44245
1.44243
1.44438
1.44681
1.44858
1.44898
1.44793
1.44616
1.44482
1.44509
1.44756
1.45206
1.45779
1.46353
1.46779
1.46891
1.46548
1.45692
1.4442
1.43006
1.41848
1.41351
1.41805
1.43301
1.45699
1.48668
1.51783
1.54648
1.5699
1.58678
1.59686
1.60044
1.59832
1.59179
1.58258
1.57248
1.56299
1.55527
1.55015
1.54812
1.54914
1.55249
1.55703
1.56143
1.56448
1.56523
1.56311
1.55795
1.54993
1.53942
1.52691
1.513
1.49863
1.4852
1.47439
1.46784
1.4665
1.47032
1.47813
1.48799
1.49754
1.50451
1.50719
1.50485
1.49792
1.48809
1.47809
1.47094
1.46889
1.47245
1.4802
1.4895
1.49759
1.50247
1.50328
1.50048
1.49583
1.4922
1.49326
1.5027
1.52273
1.55268
1.58902
1.62681
1.66152
1.68987
1.70991
1.72079
1.72265
1.7164
1.70362
1.68646
1.66774
1.65096
1.63949
1.63507
1.63662
1.64095
1.64474
1.64577
1.64318
1.63705
1.62812
1.61756
1.60654
1.59575
1.58522
1.57459
1.56365
1.55259
1.54169
1.53075
1.51879
1.50457
1.48733
1.46755
1.44689
1.42774
1.41264
1.40372
1.40239
1.40894
1.42231
1.44018
1.4594
1.47677
1.48976
1.49685
1.49768
1.49298
1.4843
1.47347
1.46226
1.45199
1.44365
1.43816
1.43647
1.4394
1.44724
1.45957
1.47534
1.49313
1.51138
1.52872
1.54392
1.55596
1.56392
1.56698
1.56447
1.5561
1.5421
1.52342
1.50164
1.47886
1.45726
1.43874
1.42485
1.41691
1.41631
1.42424
1.44044
1.46207
1.48413
1.50167
1.51179
1.51414
1.51021
1.50212
1.49183
1.48078
1.47008
1.46077
1.45381
1.44987
1.44917
1.45142
1.45588
1.46151
1.46712
1.47156
1.4739
1.47338
1.46931
1.46093
1.44733
1.42805
1.40413
1.37916
1.3591
1.35045
1.35735
1.37969
1.41328
1.45206
1.49065
1.52561
1.55538
1.57957
1.59834
1.61186
1.62002
1.62223
1.61774
1.60614
1.58798
1.56497
1.53975
1.5154
1.49463
1.47902
1.46865
1.46256
1.45991
1.46071
1.46556
1.47472
1.4873
1.50113
1.51341
1.52175
1.52476
1.52187
1.513
1.49832
1.47832
1.45433
1.42876
1.40499
1.38683
1.37746
1.37809
1.38689
1.39937
1.4102
1.41546
1.41404
1.40776
1.40041
1.39631
1.39881
1.40936
1.42713
1.44947
1.47283
1.49352
1.50823
1.51422
1.50966
1.49388
1.46768
1.43348
1.39516
1.35754
1.32534
1.30226
1.29051
1.29081
1.30249
1.32367
1.35145
1.38231
1.41282
1.44046
1.46416
1.48423
1.50159
1.51694
1.53023
1.54062
1.54698
1.54833
1.54433
1.53586
1.52528
1.51601
1.51113
1.51181
1.51689
1.52397
1.53087
1.53644
1.54061
1.54368
1.54562
1.54541
1.54119
1.53095
1.51357
1.48956
1.4613
1.4328
1.40891
1.39403
1.39075
1.39911
1.41675
1.43983
1.46411
1.48597
1.50314
1.51513
1.52315
1.52917
1.53473
1.54028
1.54571
1.55095
1.55609
1.56106
1.56529
1.56775
1.56717
1.56217
1.55161
1.53497
1.51283
1.48685
1.45942
1.43292
1.40918
1.38922
1.3738
1.36399
1.36111
1.36602
1.37828
1.39629
1.41831
1.44332
1.47103
1.50075
1.53068
1.55827
1.58127
1.5983
1.60895
1.61348
1.61248
1.60675
1.5972
1.58489
1.57092
1.55648
1.54261
1.53001
1.51872
1.5082
1.49767
1.48653
1.47479
1.463
1.45176
1.44142
1.43197
1.4233
1.41549
1.40895
1.40426
1.40197
1.40251
1.40621
1.41318
1.42301
1.43469
1.44679
1.45809
1.46811
1.47716
1.48612
1.49596
1.50741
1.52082
1.53599
1.55217
1.56791
1.58118
1.58954
1.5908
1.58367
1.56862
1.54835
1.52741
1.51072
1.50139
1.49945
1.50238
1.50672
1.50978
1.5102
1.50768
1.50225
1.49352
1.48058
1.46245
1.43919
1.41277
1.38709
1.36672
1.35513
1.35362
1.36136
1.37589
1.39416
1.41361
1.43289
1.45179
1.47072
1.49004
1.50959
1.52847
1.54514
1.55788
1.56558
1.56845
1.56814
1.56693
1.56635
1.56621
1.56516
1.56224
1.55797
1.55391
1.55127
1.54993
1.54838
1.54472
1.53764
1.52692
1.51342
1.49825
1.48232
1.46689
1.45442
1.44831
1.45106
1.4623
1.47841
1.49429
1.50607
1.51231
1.51343
1.51038
1.50393
1.49482
1.48422
1.47387
1.46567
1.46085
1.45939
1.46002
1.4611
1.46159
1.46148
1.46183
1.46424
1.47022
1.48038
1.49391
1.50894
1.52341
1.53611
1.54709
1.55703
1.56643
1.57543
1.5842
1.59326
1.60312
1.61368
1.62419
1.63358
1.64084
1.64505
1.64555
1.64192
1.63417
1.62259
1.608
1.59174
1.57557
1.56132
1.55032
1.54301
1.53882
1.53632
1.53377
1.52962
1.52311
1.51464
1.50577
1.49842
1.49417
1.49384
1.49758
1.50503
1.51534
1.52706
1.53838
1.54747
1.55285
1.55366
1.54968
1.54133
1.52977
1.51669
1.50396
1.49276
1.4829
1.47304
1.4621
1.45096
1.44298
1.44211
1.44945
1.46184
1.47416
1.48264
1.486
1.4849
1.48078
1.47524
1.46951
1.46441
1.46041
1.45802
1.45791
1.46058
1.46593
1.47362
1.48367
1.4966
1.51272
1.5312
1.55008
1.56707
1.58055
1.58987
1.59504
1.59628
1.59386
1.58831
1.58061
1.57208
1.56393
1.55669
1.54999
1.54292
1.53479
1.52568
1.5167
1.50948
1.50552
1.50551
1.50927
1.51621
1.5257
1.53716
1.54997
1.56341
1.57668
1.58895
1.5995
1.60748
1.61188
1.61158
1.60577
1.59455
1.5792
1.562
1.54561
1.53253
1.52461
1.52264
1.52629
1.53417
1.54428
1.55452
1.56314
1.56903
1.57165
1.57098
1.56717
1.56036
1.55041
1.53704
1.52011
1.50029
1.47955
1.46096
1.44722
1.43902
1.43439
1.43005
1.42346
1.41405
1.40334
1.39409
1.38901
1.38953
1.3952
1.40375
1.412
1.41688
1.41659
1.41097
1.40155
1.39107
1.38289
1.38012
1.38483
1.39735
1.41623
1.43884
1.46239
1.48456
1.50379
1.51911
1.52994
1.53599
1.5373
1.53429
1.52752
1.51765
1.5055
1.49222
1.47938
1.46892
1.46255
1.46096
1.46343
1.46809
1.47278
1.47579
1.47607
1.47318
1.46699
1.45755
1.44519
1.43053
1.41463
1.3988
1.38459
1.37358
1.3671
1.36575
1.36928
1.37663
1.3863
1.39673
1.40641
1.41416
1.41929
1.42183
1.4227
1.42332
1.42516
1.42912
1.43523
1.44303
1.45212
1.46254
1.47444
1.48738
1.49988
1.50974
1.51586
1.52053
1.52962
1.54767
1.57213
1.59469
1.6076
1.60716
1.59304
1.56677
1.5315
1.49219
1.45511
1.42631
1.40945
1.40466
1.40908
1.41859
1.42974
1.44093
1.45248
1.46597
1.48287
1.50332
1.52595
1.5486
1.5693
1.58655
1.59918
1.6061
1.60643
1.59966
1.58609
1.56696
1.5444
1.52097
1.49889
1.47964
1.46366
1.45068
1.44014
1.43153
1.42451
1.41889
1.41472
1.41232
1.41155
1.41095
1.40805
1.40138
1.39213
1.3839
1.3811
1.38716
1.40298
1.42648
1.45329
1.47842
1.49789
1.50977
1.5143
1.51339
1.50983
1.50648
1.50559
1.50817
1.5139
1.52129
1.52824
1.53271
1.53319
1.52912
1.52101
1.51036
1.4993
1.48978
1.48269
1.47775
1.4744
1.47292
1.47453
1.48015
1.48888
1.49752
1.50214
1.50023
1.4916
1.47805
1.46213
1.44637
1.43301
1.42423
1.42203
1.42768
1.44098
1.46008
1.482
1.50339
1.52132
1.5338
1.53988
1.53954
1.53337
1.52238
1.50782
1.49118
1.47415
1.45837
1.44522
1.43564
1.43032
1.42966
1.43398
1.44334
1.45749
1.4757
1.49667
1.51854
1.53902
1.55567
1.5663
1.56953
1.56513
1.55391
1.5373
1.51695
1.49485
1.47381
1.45732
1.44852
1.44894
1.45746
1.47062
1.48376
1.49249
1.49402
1.4877
1.47494
1.45865
1.44246
1.42993
1.42378
1.42545
1.43484
1.45056
1.47028
1.49137
1.5114
1.52875
1.54299
1.55487
1.56579
1.57689
1.58825
1.5987
1.60635
1.6094
1.60698
1.59944
1.58812
1.57477
1.56086
1.5469
1.53241
1.51659
1.4992
1.48133
1.46542
1.45483
1.45307
1.46278
1.48409
1.5129
1.54156
1.56226
1.57049
1.56606
1.55227
1.53406
1.5162
1.50201
1.49285
1.48835
1.48709
1.48729
1.48736
1.48597
1.48195
1.47453
1.46354
1.44975
1.43495
1.42178
1.41326
1.41232
1.42139
1.44177
1.473
1.51245
1.55545
1.59616
1.62884
1.64929
1.65564
1.64861
1.63106
1.60713
1.58106
1.55621
1.53469
1.51765
1.50563
1.49877
1.49666
1.4981
1.50109
1.50309
1.50164
1.49523
1.48422
1.471
1.45931
1.45277
1.45351
1.46146
1.47469
1.49014
1.50466
1.51556
1.52109
1.52032
1.51312
1.50006
1.48235
1.46184
1.44089
1.42195
1.40712
1.39777
1.39437
1.39651
1.40297
1.412
1.42161
1.43002
1.43613
1.43961
1.44087
1.44061
1.43969
1.43924
1.44073
1.44569
1.45454
1.46544
1.47442
1.47712
1.47073
1.45497
1.43171
1.40407
1.37579
1.35071
1.3319
1.32065
1.31616
1.31665
1.32086
1.32864
1.34046
1.35662
1.37665
1.39923
1.42255
1.44445
1.46269
1.47529
1.48104
1.4799
1.47322
1.4634
1.45325
1.44522
1.44076
1.44037
1.44394
1.45113
1.4611
1.47208
1.48134
1.48581
1.48286
1.47115
1.45089
1.42391
1.39344
1.36393
1.34055
1.32836
1.33102
1.34946
1.38123
1.42113
1.46296
1.5013
1.53261
1.55541
1.56998
1.5776
1.57992
1.57839
1.57393
1.56696
1.55762
1.54615
1.53324
1.51999
1.50762
1.49715
1.4889
1.48239
1.47646
1.46946
1.45938
1.44431
1.423
1.39565
1.36495
1.33678
1.31931
1.31956
1.3395
1.3753
1.42005
1.46723
1.51264
1.55409
1.59025
1.61989
1.6417
1.65449
1.65742
1.65009
1.63273
1.60654
1.57403
1.53887
1.50511
1.4762
1.45439
1.44073
1.43526
1.4371
1.44429
1.454
1.46314
1.46926
1.4714
1.47036
1.46855
1.46905
1.47451
1.48623
1.50389
1.526
1.55022
1.57358
1.59282
1.60492
1.60764
1.59992
1.5822
1.5567
1.52746
1.4999
1.47929
1.46921
1.47069
1.48232
1.50079
1.52156
1.53994
1.55215
1.55591
1.55032
1.53577
1.51379
1.48717
1.4598
1.43612
1.42005
1.41393
1.41817
1.432
1.45452
1.48473
1.52051
1.55775
1.59128
1.61653
1.63052
1.63185
1.6205
1.59797
1.56751
1.53427
1.50399
1.48074
1.46543
1.45651
1.45177
1.44906
1.4459
1.43955
1.4283
1.41324
1.39863
1.39016
1.39162
1.40304
1.42141
1.4428
1.46405
1.48328
1.49987
1.514
1.52598
1.53545
1.54107
1.54079
1.53277
1.51666
1.49482
1.47268
1.45716
1.45303
1.45983
1.47276
1.48629
1.49689
1.50352
1.50654
1.50645
1.50336
1.4975
1.49013
1.48388
1.48212
1.48732
1.4999
1.51803
1.53856
1.55828
1.57455
1.58555
1.59038
1.58912
1.58276
1.573
1.56193
1.55166
1.54376
1.53902
1.53726
1.53738
1.53784
1.53716
1.53467
1.53084
1.52731
1.5262
1.52905
1.53616
1.54666
1.55918
1.57233
1.58486
1.59558
1.60349
1.60823
1.61027
1.61091
1.61169
1.6139
1.61808
1.6241
1.63139
1.63909
1.64621
1.65168
1.65452
1.65381
1.64885
1.63921
1.62493
1.60655
1.58508
1.56223
1.5404
1.52294
1.51355
1.51489
1.52682
1.54601
1.56732
1.58589
1.59857
1.60419
1.60342
1.59818
1.59123
1.58539
1.58307
1.58577
1.59376
1.60608
1.62081
1.63554
1.64777
1.65539
1.65687
1.65134
1.63863
1.61927
1.5945
1.56629
1.53729
1.51077
1.49011
1.47809
1.47584
1.48232
1.49473
1.50975
1.52472
1.53824
1.55013
1.56124
1.57296
1.58658
1.60245
1.61957
1.63593
1.64919
1.65707
1.65754
1.64896
1.6306
1.6031
1.56874
1.53106
1.49413
1.4616
1.43604
1.41875
1.41011
1.41002
1.41817
1.43388
1.45568
1.48075
1.50514
1.52483
1.5372
1.54163
1.53936
1.53289
1.52523
1.51924
1.51715
1.52011
1.5278
1.5384
1.54919
1.55746
1.56146
1.56091
1.55689
1.55153
1.5474
1.54659
1.54988
1.55661
1.56513
1.57365
1.58081
1.58597
1.58947
1.59245
1.59652
1.60293
1.61173
1.62137
1.62911
1.63192
1.62731
1.61392
1.5918
1.56275
1.53054
1.50041
1.47771
1.46591
1.4656
1.47519
1.49231
1.51465
1.54025
1.56743
1.5946
1.62017
1.64251
1.66016
1.67204
1.6775
1.67639
1.66903
1.6562
1.63921
1.62002
1.60079
1.58323
1.56784
1.5538
1.53964
1.52445
1.50858
1.4935
1.481
1.47281
1.47059
1.47463
1.48213
1.48827
1.48927
1.48406
1.47356
1.45953
1.44403
1.42929
1.41764
1.41101
1.41011
1.41414
1.42104
1.42843
1.43478
1.44019
1.44619
1.45465
1.46659
1.48165
1.49839
1.51523
1.53112
1.54563
1.55873
1.57037
1.58042
1.58871
1.59519
1.60009
1.60383
1.60688
1.60955
1.61176
1.61301
1.61254
1.60994
1.60564
1.60113
1.59804
1.5969
1.59653
1.5951
1.59139
1.58522
1.57705
1.56741
1.55666
1.54499
1.53247
1.51929
1.50612
1.49409
1.48434
1.47737
1.47267
1.46893
1.46492
1.46059
1.45736
1.45694
1.45996
1.46555
1.47225
1.47914
1.48602
1.49302
1.49997
1.50619
1.51063
1.51239
1.51106
1.50679
1.50034
1.4928
1.48519
1.47816
1.47174
1.46546
1.45861
1.45075
1.44209
1.43401
1.42934
1.43235
1.44709
1.47415
1.50888
1.54352
1.57108
1.58788
1.59339
1.58885
1.57575
1.55518
1.52794
1.49568
1.46227
1.4338
1.41664
1.41457
1.42718
1.4508
1.48066
1.51263
1.54385
1.57251
1.59729
1.61716
1.63134
1.63952
1.64186
1.6388
1.63065
1.61739
1.59908
1.57668
1.55263
1.53034
1.51308
1.50287
1.5003
1.50488
1.5153
1.52969
1.54585
1.5618
1.57585
1.58658
1.59284
1.59379
1.58908
1.57892
1.564
1.54535
1.52424
1.50194
1.47961
1.45796
1.43705
1.41678
1.39752
1.38102
1.37028
1.3682
1.3755
1.39022
1.40915
1.42971
1.45067
1.47165
1.49243
1.51227
1.52969
1.54254
1.54876
1.54739
1.53939
1.52749
1.51498
1.50452
1.49805
1.49635
1.49834
1.50172
1.50485
1.50774
1.51129
1.516
1.52139
1.52645
1.53033
1.5328
1.5342
1.53514
1.53618
1.53764
1.53972
1.54231
1.54496
1.54678
1.54672
1.54405
1.53874
1.53142
1.52304
1.51437
1.50581
1.4973
1.48884
1.48087
1.47444
1.47097
1.47174
1.47743
1.48779
1.50167
1.51728
1.53269
1.54626
1.55697
1.5647
1.57004
1.57391
1.577
1.57958
1.58148
1.58249
1.58237
1.58089
1.57759
1.57179
1.56279
1.5503
1.53476
1.51762
1.50131
1.4885
1.48138
1.48091
1.48663
1.49693
1.50953
1.52192
1.53157
1.53622
1.53425
1.52494
1.50874
1.48732
1.4632
1.43916
1.41757
1.39985
1.38659
1.37779
1.37301
1.37119
1.37037
1.36812
1.36271
1.35404
1.34335
1.33224
1.32201
1.31391
1.30981
1.31238
1.32459
1.34859
1.38412
1.42762
1.47288
1.51321
1.54343
1.56069
1.56425
1.55496
1.53482
1.50668
1.47412
1.44124
1.41228
1.39093
1.3794
1.37786
1.38453
1.39653
1.4107
1.42418
1.43497
1.44212
1.44557
1.44564
1.44269
1.43724
1.43032
1.4236
1.41898
1.41776
1.42014
1.42529
1.43196
1.43903
1.44554
1.4506
1.45327
1.45277
1.4488
1.44178
1.43282
1.42331
1.41466
1.4079
1.4035
1.40134
1.40085
1.40155
1.40336
1.40656
1.41143
1.41767
1.42454
1.43119
1.43714
1.44225
1.44634
1.44925
1.45099
1.45194
1.45291
1.45483
1.45851
1.46418
1.47119
1.47812
1.48338
1.48579
1.48494
1.48108
1.47472
1.46623
1.45563
1.44272
1.42731
1.4096
1.39042
1.37157
1.35592
1.34719
1.34874
1.36177
1.38418
1.41142
1.43851
1.4617
1.47902
1.49003
1.49556
1.49757
1.49882
1.50227
1.51018
1.52371
1.54283
1.56625
1.59138
1.61464
1.63234
1.64187
1.64246
1.63524
1.62274
1.60781
1.59259
1.57789
1.56323
1.54761
1.53026
1.51123
1.49164
1.47361
1.45981
1.45262
1.4531
1.46054
1.47291
1.48757
1.50221
1.51536
1.52671
1.53693
1.54705
1.55773
1.56892
1.57989
1.58974
1.59772
1.60333
1.60608
1.60522
1.60004
1.59029
1.57648
1.55974
1.54148
1.52329
1.50713
1.49498
1.48809
1.48618
1.4879
1.49174
1.49667
1.50211
1.50767
1.51295
1.51756
1.52131
1.52423
1.52631
1.52744
1.52704
1.52385
1.51623
1.50277
1.4834
1.46059
1.43959
1.42609
1.42221
1.42461
1.42755
1.42759
1.42536
1.424
1.42646
1.43384
1.44537
1.45937
1.47416
1.48842
1.50112
1.51147
1.51892
1.52332
1.52501
1.5246
1.5224
1.5181
1.51112
1.50122
1.48886
1.4748
1.4596
1.44374
1.42846
1.4166
1.41227
1.41871
1.43574
1.45913
1.48288
1.5021
1.51453
1.52052
1.52193
1.52105
1.51968
1.51882
1.51853
1.51808
1.51636
1.51219
1.50476
1.49381
1.47976
1.46365
1.44692
1.43134
1.41895
1.41174
1.41121
1.41791
1.4312
1.44944
1.47036
1.49163
1.5112
1.52747
1.53924
1.5456
1.54608
1.54086
1.53098
1.51827
1.50507
1.49377
1.48656
1.48495
1.48949
1.49959
1.51356
1.52906
1.54376
1.55588
1.56452
1.56968
1.57191
1.57201
1.57065
1.56836
1.5655
1.56234
1.55905
1.55581
1.55286
1.55041
1.54863
1.54745
1.54635
1.54421
1.53948
1.53058
1.51657
1.49756
1.47479
1.45029
1.42639
1.40522
1.38834
1.37666
1.37038
1.36896
1.37088
1.37366
1.37471
1.37247
1.36711
1.36012
1.3535
1.34901
1.34805
1.35162
1.36013
1.37317
1.38933
1.40633
1.42156
1.43303
1.44116
1.4499
1.46478
1.48785
1.51516
1.5401
1.55769
1.56594
1.56516
1.55705
1.54421
1.52946
1.51518
1.50271
1.49232
1.48371
1.47665
1.47128
1.4678
1.46566
1.46327
1.45867
1.45065
1.43947
1.42661
1.41414
1.40381
1.39649
1.39235
1.39134
1.39367
1.39973
1.40971
1.42326
1.4395
1.45714
1.47461
1.49009
1.50166
1.50771
1.50734
1.50065
1.48881
1.47376
1.45748
1.44134
1.42614
1.41279
1.40259
1.39694
1.39679
1.40273
1.41517
1.43383
1.45684
1.48081
1.50226
1.51914
1.53142
1.54056
1.54836
1.55611
1.564
1.57134
1.57712
1.58057
1.58138
1.5796
1.57556
1.56993
1.56389
1.55899
1.5569
1.55896
1.56571
1.57648
1.58932
1.60119
1.60861
1.60851
1.59917
1.58108
1.55713
1.53189
1.50987
1.4936
1.48288
1.47589
1.47106
1.46817
1.4682
1.47243
1.48132
1.49416
1.50943
1.52598
1.54364
1.56247
1.58123
1.59694
1.6062
1.60712
1.6
1.58696
1.57086
1.55451
1.54009
1.52889
1.52148
1.5179
1.51792
1.52085
1.52524
1.52887
1.52919
1.52413
1.51282
1.49612
1.47671
1.45827
1.44382
1.43421
1.42813
1.4233
1.41801
1.412
1.4066
1.40394
1.40601
1.41389
1.42751
1.4459
1.4677
1.49126
1.51457
1.5355
1.55211
1.56304
1.56766
1.56639
1.56079
1.55329
1.54651
1.54252
1.5423
1.54573
1.55181
1.55902
1.56588
1.57136
1.57503
1.57695
1.57754
1.57736
1.57689
1.57629
1.57529
1.57321
1.56918
1.56249
1.55313
1.54192
1.53031
1.51991
1.51209
1.50754
1.50599
1.50626
1.50658
1.50537
1.50187
1.49626
1.48946
1.48236
1.47557
1.46935
1.46408
1.4605
1.45965
1.46255
1.46978
1.48111
1.49517
1.50959
1.52158
1.5287
1.52934
1.52286
1.50943
1.49008
1.46701
1.44419
1.42698
1.42017
1.42495
1.43752
1.45087
1.45868
1.45852
1.45284
1.44713
1.44589
1.45009
1.45851
1.47023
1.48497
1.50183
1.5189
1.53413
1.54626
1.55489
1.56033
1.5634
1.56544
1.56841
1.57425
1.58391
1.59645
1.60924
1.61899
1.62288
1.61914
1.60736
1.58841
1.56466
1.53989
1.51868
1.50493
1.49999
1.50209
1.50745
1.5122
1.5137
1.51086
1.50387
1.49356
1.48117
1.46805
1.45573
1.44575
1.43957
1.43826
1.44212
1.45057
1.46226
1.47538
1.48792
1.49792
1.5036
1.50367
1.49758
1.48575
1.4699
1.45303
1.43883
1.43043
1.42917
1.43439
1.44419
1.4564
1.46898
1.48014
1.48862
1.4939
1.49616
1.49593
1.49373
1.49019
1.48638
1.48419
1.48603
1.49352
1.50583
1.51955
1.53041
1.53563
1.53506
1.53105
1.52744
1.52779
1.53381
1.5445
1.55686
1.56747
1.57398
1.57566
1.57308
1.56724
1.55891
1.54829
1.53501
1.51838
1.49779
1.47321
1.44585
1.41856
1.39559
1.38135
1.37842
1.38587
1.39965
1.41479
1.42754
1.43633
1.44154
1.44458
1.44708
1.45023
1.45463
1.46024
1.46653
1.47273
1.47788
1.48096
1.48126
1.47853
1.47297
1.46508
1.45545
1.4448
1.43391
1.42361
1.41459
1.4073
1.40184
1.39802
1.39552
1.39406
1.39359
1.39434
1.39662
1.40063
1.40619
1.4127
1.41935
1.42542
1.4306
1.43514
1.43968
1.44472
1.45006
1.45469
1.45729
1.45706
1.45421
1.44979
1.44523
1.44182
1.4403
1.44078
1.44293
1.44631
1.4507
1.45598
1.46189
1.46753
1.47133
1.47144
1.46646
1.45616
1.44188
1.42639
1.41321
1.4055
1.40482
1.41053
1.4204
1.43199
1.44365
1.45467
1.46479
1.47357
1.48056
1.48569
1.48989
1.49503
1.50316
1.51548
1.53191
1.55115
1.57099
1.58869
1.60158
1.60777
1.60682
1.59992
1.58931
1.57726
1.56505
1.55294
1.54083
1.52902
1.51847
1.51054
1.50644
1.50665
1.51089
1.51851
1.52893
1.5417
1.55593
1.56954
1.57937
1.58238
1.57775
1.56894
1.563
1.56559
1.57543
1.58543
1.58868
1.58194
1.56537
1.54112
1.51249
1.48343
1.45808
1.43949
1.42873
1.42498
1.42661
1.43196
1.43972
1.44919
1.46004
1.47191
1.48418
1.49595
1.50641
1.51546
1.52408
1.53395
1.54642
1.56132
1.57664
1.58932
1.59666
1.59715
1.5904
1.57674
1.557
1.53286
1.50719
1.484
1.46766
1.46127
1.46512
1.47642
1.49056
1.50321
1.5116
1.51505
1.51438
1.51109
1.50643
1.5006
1.49276
1.48256
1.4726
1.4687
1.47474
1.48704
1.49643
1.49569
1.48313
1.46174
1.43704
1.41522
1.40114
1.39711
1.40282
1.41643
1.43564
1.4581
1.48143
1.50323
1.52146
1.53483
1.54289
1.54568
1.54337
1.53625
1.52511
1.51138
1.49688
1.48308
1.47066
1.45947
1.44896
1.4387
1.42886
1.42022
1.41395
1.41118
1.41249
1.41768
1.42597
1.4365
1.44874
1.4626
1.4781
1.49493
1.51219
1.52838
1.54177
1.55096
1.55535
1.55527
1.55168
1.54568
1.5381
1.52936
1.51964
1.50914
1.49806
1.48648
1.47453
1.46269
1.45195
1.44357
1.43839
1.43607
1.435
1.43289
1.42801
1.42001
1.41023
1.401
1.39464
1.39268
1.39572
1.40373
1.41625
1.4324
1.45083
1.46973
1.48719
1.50152
1.51162
1.51703
1.51767
1.51354
1.50444
1.49009
1.47065
1.44747
1.42356
1.40279
1.38781
1.37826
1.37145
1.36475
1.35755
1.35164
1.35002
1.35471
1.36485
1.37643
1.38415
1.384
1.37495
1.35935
1.34196
1.32802
1.32112
1.3221
1.32967
1.34202
1.35813
1.37813
1.40276
1.43243
1.46648
1.50326
1.54058
1.57626
1.60835
1.6352
1.6554
1.66776
1.67139
1.66573
1.65073
1.62701
1.59609
1.56067
1.52484
1.49371
1.4721
1.46255
1.46419
1.47372
1.48753
1.50305
1.51891
1.53431
1.54855
1.561
1.57128
1.5792
1.58432
1.58576
1.58249
1.57386
1.56001
1.54212
1.52215
1.50229
1.4844
1.46959
1.45852
1.45175
1.44976
1.4527
1.46005
1.47072
1.48327
1.4959
1.50657
1.51336
1.51522
1.51242
1.50668
1.50055
1.49623
1.49439
1.49385
1.49226
1.48741
1.47841
1.46621
1.45307
1.44177
1.43481
1.43375
1.43864
1.44785
1.4586
1.46845
1.47704
1.48621
1.49801
1.51225
1.52616
1.53644
1.54125
1.54067
1.53618
1.52968
1.52275
1.5163
1.51066
1.50593
1.50214
1.49911
1.49633
1.49306
1.48865
1.48293
1.47624
1.46912
1.46189
1.45427
1.44555
1.43518
1.4235
1.41178
1.40182
1.39519
1.39269
1.39431
1.39929
1.40619
1.41291
1.41732
1.4182
1.41574
1.41133
1.4068
1.4037
1.40254
1.4025
1.40176
1.39865
1.39309
1.3874
1.38564
1.39099
1.40341
1.41993
1.43707
1.45259
1.46571
1.47631
1.4847
1.49149
1.49735
1.50257
1.50709
1.51061
1.51287
1.51354
1.51197
1.50722
1.49863
1.48657
1.47302
1.46089
1.45288
1.45037
1.45312
1.45969
1.46805
1.47626
1.4831
1.48867
1.49451
1.50297
1.51621
1.53535
1.55995
1.58801
1.61649
1.64208
1.66195
1.6744
1.67906
1.67678
1.66917
1.65807
1.64501
1.63101
1.61662
1.60209
1.58752
1.57315
1.55938
1.54682
1.5363
1.5287
1.5247
1.52447
1.52769
1.53392
1.54276
1.5537
1.56563
1.5768
1.58517
1.58906
1.58754
1.58047
1.5683
1.5519
1.53226
1.51045
1.4878
1.46592
1.44687
1.4328
1.42528
1.4247
1.42998
1.43889
1.44898
1.45829
1.46542
1.46924
1.46884
1.4639
1.45488
1.44301
1.43009
1.41822
1.40937
1.40487
1.405
1.40924
1.41723
1.42935
1.44648
1.46887
1.49527
1.52302
1.54893
1.57021
1.58501
1.59268
1.59373
1.58948
1.58171
1.57208
1.56187
1.55204
1.54353
1.53752
1.53541
1.5381
1.54514
1.55432
1.56247
1.56668
1.56494
1.55616
1.54036
1.51914
1.49653
1.47899
1.47387
1.48575
1.51288
1.54722
1.57863
1.59982
1.6084
1.60637
1.5986
1.5908
1.58747
1.59057
1.59914
1.61019
1.61992
1.62478
1.62204
1.61019
1.58927
1.56123
1.52992
1.50017
1.47605
1.45924
1.44894
1.44279
1.43808
1.43284
1.42674
1.42106
1.41744
1.41648
1.41776
1.42106
1.42695
1.43601
1.44734
1.45819
1.46505
1.46533
1.45833
1.44499
1.42711
1.40667
1.38574
1.36713
1.35478
1.35287
1.3634
1.38427
1.41018
1.43558
1.45689
1.47282
1.48356
1.49004
1.49327
1.49408
1.49287
1.48973
1.4848
1.47888
1.47369
1.47142
1.47368
1.48053
1.49047
1.50105
1.50974
1.51454
1.51435
1.50918
1.49994
1.48791
1.47428
1.46007
1.44632
1.43423
1.42481
1.41849
1.41467
1.41179
1.40798
1.402
1.39387
1.38519
1.37852
1.37664
1.3815
1.39349
1.41093
1.43042
1.44779
1.45964
1.46456
1.46355
1.45916
1.45378
1.44852
1.44328
1.43777
1.43198
1.42626
1.42114
1.41721
1.41498
1.41481
1.41689
1.42118
1.42751
1.43577
1.44583
1.45737
1.46956
1.48105
1.49033
1.4963
1.4987
1.4983
1.49673
1.49608
1.49804
1.50305
1.51001
1.51666
1.52044
1.51935
1.51251
1.50042
1.48465
1.46725
1.45013
1.4347
1.42199
1.41283
1.40769
1.40635
1.40771
1.41025
1.41274
1.41457
1.41574
1.41671
1.41828
1.42151
1.42735
1.43621
1.44752
1.45969
1.47047
1.47757
1.47932
1.4752
1.4659
1.45282
1.43756
1.42179
1.40756
1.39733
1.39326
1.39608
1.40452
1.41563
1.42563
1.43081
1.42823
1.41607
1.39415
1.36499
1.3354
1.31654
1.31855
1.34282
1.38157
1.42483
1.46563
1.50046
1.52776
1.547
1.55826
1.56214
1.55984
1.55303
1.54355
1.53284
1.52157
1.50955
1.4963
1.48166
1.466
1.45007
1.43483
1.42167
1.4128
1.411
1.41842
1.43525
1.4593
1.48683
1.51388
1.53738
1.55599
1.57018
1.58149
1.59144
1.60058
1.6084
1.61391
1.61623
1.61501
1.61043
1.60306
1.59367
1.58309
1.57208
1.56135
1.55145
1.54266
1.5348
1.52735
1.5195
1.51042
1.49966
1.48731
1.47399
1.46086
1.44936
1.4409
1.43653
1.43667
1.44095
1.44848
1.45834
1.47
1.48331
1.49817
1.51391
1.52902
1.5416
1.55018
1.55436
1.55498
1.55395
1.55355
1.55598
1.56276
1.57451
1.59065
1.60938
1.628
1.64373
1.6544
1.65897
1.6574
1.65027
1.63827
1.62189
1.6016
1.57827
1.55375
1.53094
1.5131
1.50259
1.49957
1.50199
1.50638
1.5094
1.50902
1.50505
1.49909
1.49367
1.49102
1.49228
1.49746
1.50578
1.51593
1.52647
1.53646
1.54629
1.55782
1.57324
1.5929
1.61409
1.63208
1.64246
1.6428
1.633
1.61479
1.59062
1.56257
1.5316
1.49787
1.46153
1.4234
1.38522
1.34951
1.31921
1.29757
1.28806
1.29378
1.31615
1.35359
1.40153
1.45395
1.50503
1.55032
1.5871
1.61436
1.63255
1.64326
1.64871
1.65119
1.65246
1.65344
1.65397
1.65304
1.64928
1.64158
1.62986
1.61538
1.60053
1.58799
1.57946
1.57503
1.57364
1.57422
1.57633
1.57975
1.58353
1.58557
1.58347
1.57593
1.56379
1.54964
1.53644
1.52586
1.51784
1.51117
1.50463
1.4977
1.49044
1.48308
1.47551
1.46713
1.45741
1.44605
1.43296
1.41823
1.40227
1.38627
1.37246
1.36358
1.36173
1.36734
1.37888
1.39367
1.40885
1.42236
1.43354
1.44335
1.45413
1.46862
1.48837
1.51245
1.53759
1.55953
1.57443
1.57983
1.57525
1.56221
1.54392
1.52442
1.50748
1.49582
1.49082
1.49265
1.50021
1.51103
1.52181
1.52962
1.53284
1.5314
1.52638
1.51923
1.51106
1.50223
1.49259
1.48216
1.47179
1.46331
1.45927
1.46212
1.4734
1.49317
1.51994
1.55106
1.58315
1.61284
1.63726
1.65439
1.66312
1.66293
1.65366
1.63556
1.60965
1.57851
1.54653
1.51931
1.50186
1.49662
1.5027
1.5166
1.53401
1.55126
1.56617
1.57803
1.58732
1.59531
1.60364
1.61339
1.6243
1.63458
1.64163
1.64295
1.63689
1.62281
1.60127
1.57395
1.54331
1.51208
1.4828
1.45733
1.43676
1.42158
1.41181
1.40725
1.40757
1.41227
1.42058
1.43128
1.44275
1.45362
1.46332
1.47234
1.48191
1.49323
1.50671
1.52166
1.53627
1.54808
1.55458
1.55375
1.54449
1.52707
1.50349
1.47764
1.4546
1.43919
1.43415
1.43898
1.45082
1.46665
1.48479
1.50484
1.52651
1.54879
1.56987
1.58777
1.60096
1.60905
1.6129
1.61412
1.61421
1.61363
1.61154
1.60651
1.59752
1.58467
1.56944
1.55419
1.54149
1.53323
1.53003
1.53138
1.53628
1.54397
1.55399
1.566
1.57934
1.59283
1.60486
1.61387
1.61862
1.61851
1.61349
1.6039
1.59044
1.57434
1.5574
1.54176
1.52916
1.52057
1.51614
1.51556
1.51844
1.52439
1.53321
1.54488
1.55947
1.57683
1.59612
1.61569
1.6332
1.64622
1.65288
1.65242
1.64529
1.63299
1.61769
1.60158
1.58619
1.57201
1.55855
1.54463
1.52889
1.51004
1.4872
1.46005
1.42915
1.39596
1.36272
1.33203
1.30629
1.28743
1.27707
1.27687
1.28819
1.31105
1.34299
1.37963
1.41623
1.44919
1.47639
1.49695
1.51083
1.5186
1.52145
1.52118
1.52019
1.52113
1.52612
1.53547
1.54728
1.55801
1.56426
1.56426
1.55834
1.5487
1.53865
1.53134
1.5286
1.5302
1.5342
1.53786
1.53882
1.53574
1.52863
1.51843
1.50656
1.49426
1.48208
1.46993
1.45745
1.44453
1.4317
1.42017
1.41148
1.40692
1.40704
1.41166
1.42006
1.43139
1.44484
1.4597
1.47522
1.49048
1.50427
1.51502
1.52095
1.52053
1.51316
1.49997
1.48402
1.4696
1.46055
1.45845
1.46211
1.46854
1.47451
1.47764
1.47687
1.47252
1.4662
1.46071
1.45968
1.46633
1.48175
1.504
1.529
1.55227
1.57038
1.58125
1.58384
1.57737
1.56103
1.53449
1.49906
1.45918
1.42312
1.40029
1.39544
1.40535
1.42217
1.43896
1.45222
1.46121
1.46686
1.4708
1.47481
1.48023
1.4875
1.49587
1.50386
1.51023
1.51457
1.51746
1.52002
1.52347
1.52878
1.53664
1.54745
1.56119
1.57734
1.59487
1.61235
1.62849
1.64232
1.65321
1.66049
1.66341
1.66119
1.65331
1.6397
1.62068
1.5967
1.56831
1.5363
1.50183
1.46655
1.43241
1.40141
1.37546
1.35623
1.34503
1.3424
1.34754
1.35828
1.37191
1.3866
1.40251
1.42152
1.4455
1.47425
1.50485
1.53279
1.55375
1.56491
1.56539
1.55615
1.53956
1.5189
1.4976
1.47845
1.46303
1.45164
1.44372
1.43858
1.43592
1.43609
1.4397
1.44723
1.45845
1.47212
1.48609
1.49785
1.50525
1.50689
1.50244
1.49254
1.47879
1.46364
1.44993
1.44023
1.43615
1.43786
1.4444
1.45417
1.46559
1.47739
1.48878
1.49933
1.50895
1.51777
1.52589
1.53311
1.53862
1.54139
1.54122
1.53939
1.53815
1.53921
1.54235
1.54532
1.54529
1.54021
1.52949
1.51367
1.49388
1.47161
1.44885
1.42849
1.41366
1.4066
1.40756
1.41485
1.42579
1.4379
1.44946
1.45966
1.46829
1.47544
1.48114
1.48538
1.48814
1.48966
1.49063
1.4922
1.49583
1.50276
1.51352
1.52763
1.54369
1.55971
1.57364
1.58366
1.58833
1.58674
1.57892
1.56637
1.55195
1.53905
1.53038
1.52691
1.52763
1.53007
1.53127
1.52868
1.52073
1.50695
1.48767
1.464
1.43795
1.41251
1.39129
1.37769
1.37406
1.38083
1.39614
1.41682
1.44002
1.46392
1.48758
1.51006
1.53035
1.54754
1.56149
1.57312
1.5841
1.59616
1.61009
1.62523
1.63979
1.65168
1.6592
1.66127
1.65753
1.64825
1.63412
1.61616
1.59555
1.57372
1.55214
1.53214
1.51417
1.49767
1.48152
1.46508
1.4487
1.43372
1.42193
1.41458
1.41174
1.412
1.41317
1.41343
1.41252
1.41209
1.41524
1.42535
1.4446
1.47298
1.50805
1.54577
1.58179
1.61255
1.63566
1.64959
1.65316
1.64537
1.62575
1.59521
1.557
1.51671
1.48046
1.45192
1.43124
1.41703
1.4093
1.41004
1.42145
1.44338
1.47233
1.50249
1.52791
1.54452
1.55117
1.54969
1.54409
1.53889
1.53709
1.53932
1.54446
1.55079
1.55665
1.56053
1.56106
1.55713
1.54816
1.53437
1.51685
1.49734
1.47761
1.45906
1.44255
1.42857
1.41739
1.40899
1.4031
1.3997
1.39999
1.4065
1.42095
1.4414
1.46182
1.47519
1.47685
1.46611
1.44582
1.42123
1.39829
1.3821
1.37621
1.38258
1.40171
1.43238
1.47097
1.51168
1.54793
1.57425
1.58741
1.58664
1.57331
1.55057
1.5228
1.4946
1.46942
1.44871
1.43212
1.41865
1.40757
1.39918
1.39461
1.39516
1.4014
1.41288
1.4284
1.4465
1.46581
1.48507
1.50317
1.51916
1.53225
1.54178
1.54722
1.54838
1.54545
1.53932
1.53149
1.52387
1.51841
1.51663
1.5192
1.5257
1.53468
1.54427
1.55295
1.56011
1.56604
1.57137
1.57632
1.5803
1.58188
1.5795
1.57242
1.56135
1.54831
1.5359
1.52629
1.52081
1.5203
1.52559
1.53736
1.55562
1.57923
1.60592
1.63274
1.65666
1.67488
1.68523
1.68609
1.67678
1.65752
1.62951
1.59481
1.55591
1.51558
1.47656
1.44155
1.41308
1.39328
1.38334
1.38301
1.3907
1.40407
1.42113
1.44063
1.46158
1.48237
1.50053
1.51327
1.51839
1.51495
1.50337
1.48515
1.46256
1.43864
1.41756
1.40446
1.40399
1.41769
1.44247
1.47202
1.49989
1.52189
1.53661
1.54495
1.54927
1.55232
1.55632
1.56238
1.57035
1.57922
1.58771
1.59466
1.59915
1.60046
1.598
1.59153
1.58158
1.56975
1.5586
1.55109
1.5495
1.55448
1.56473
1.57762
1.59018
1.59991
1.6052
1.60535
1.60044
1.59128
1.57949
1.56737
1.55737
1.55104
1.54779
1.5446
1.53713
1.5219
1.49869
1.47196
1.44924
1.43595
1.4313
1.42987
1.4265
1.41878
1.40687
1.39271
1.37948
1.37104
1.37105
1.38173
1.40313
1.43319
1.46865
1.506
1.54224
1.57502
1.60277
1.62468
1.64064
1.65109
1.65654
1.65714
1.65254
1.64223
1.62611
1.60526
1.58218
1.56051
1.54398
1.53514
1.53479
1.54213
1.55511
1.57112
1.58754
1.6022
1.61373
1.62155
1.62556
1.62573
1.62181
1.61328
1.59957
1.58043
1.55635
1.52909
1.50198
1.4793
1.46483
1.45982
1.4625
1.4694
1.47745
1.48527
1.4931
1.50194
1.51244
1.52422
1.53613
1.54679
1.55502
1.56014
1.56197
1.56069
1.55681
1.55114
1.54472
1.53852
1.53288
1.52727
1.52045
1.51101
1.49782
1.48034
1.45886
1.43439
1.40853
1.38306
1.3595
1.33869
1.32095
1.30696
1.2986
1.29921
1.31225
1.33918
1.3778
1.42256
1.46633
1.50269
1.52736
1.53865
1.53723
1.52588
1.50895
1.49141
1.47753
1.46936
1.46628
1.46571
1.46476
1.46209
1.45875
1.45754
1.46139
1.47154
1.48712
1.50562
1.52403
1.53977
1.551
1.55663
1.55631
1.55055
1.54097
1.53033
1.52207
1.51883
1.52069
1.525
1.528
1.52714
1.52228
1.51543
1.50954
1.50696
1.50837
1.51261
1.51749
1.52062
1.52015
1.51494
1.50484
1.49079
1.47473
1.45918
1.4461
1.43628
1.42964
1.4262
1.42643
1.43058
1.43793
1.44691
1.45594
1.46397
1.47059
1.47584
1.47994
1.48312
1.48559
1.48754
1.48914
1.49062
1.49223
1.49431
1.49719
1.50116
1.50608
1.51109
1.51475
1.51564
1.51314
1.50781
1.50117
1.49528
1.49207
1.49289
1.49814
1.50699
1.51755
1.52746
1.53469
1.53817
1.53795
1.53508
1.53116
1.52788
1.52661
1.5281
1.53251
1.53967
1.54944
1.56188
1.57718
1.5951
1.61455
1.63353
1.6496
1.6604
1.66403
1.65941
1.64637
1.62588
1.59998
1.57169
1.54435
1.52088
1.50322
1.49211
1.48726
1.48769
1.49202
1.49849
1.50506
1.50948
1.50964
1.50413
1.49281
1.47702
1.45945
1.44349
1.43218
1.42722
1.42849
1.43437
1.44266
1.45173
1.46129
1.47243
1.48683
1.50548
1.52795
1.55241
1.57639
1.59746
1.61363
1.62345
1.62607
1.62119
1.60918
1.59112
1.56867
1.54391
1.51901
1.49585
1.47576
1.45942
1.44701
1.43825
1.43256
1.42907
1.42671
1.42433
1.421
1.41615
1.40974
1.40229
1.39473
1.38809
1.38344
1.38153
1.3827
1.38678
1.39346
1.40273
1.41526
1.43224
1.45474
1.48305
1.51622
1.55232
1.58854
1.62168
1.64847
1.66608
1.67254
1.66698
1.64977
1.62231
1.58675
1.54606
1.50401
1.46506
1.43373
1.41345
1.40579
1.41037
1.42516
1.44683
1.47122
1.49409
1.51214
1.52356
1.52809
1.52652
1.52008
1.50978
1.49606
1.47893
1.45856
1.43611
1.41435
1.39739
1.38933
1.39229
1.40506
1.42357
1.44283
1.45894
1.47023
1.47716
1.48144
1.48511
1.48969
1.49595
1.50398
1.51339
1.5235
1.53318
1.54106
1.54573
1.54607
1.54147
1.53173
1.51704
1.49797
1.47565
1.45181
1.42853
1.40791
1.39169
1.3811
1.37677
1.37885
1.3872
1.40158
1.42148
1.44574
1.47229
1.49852
1.52214
1.54185
1.55762
1.57028
1.58093
1.59018
1.59764
1.602
1.60166
1.59559
1.58421
1.56953
1.55459
1.54222
1.53358
1.52784
1.52304
1.51754
1.51111
1.50482
1.5003
1.49889
1.50122
1.50721
1.51627
1.52748
1.53982
1.55221
1.56357
1.57288
1.57943
1.58284
1.58298
1.57978
1.57301
1.56231
1.54743
1.52868
1.50716
1.48463
1.46308
1.44447
1.43035
1.42149
1.41777
1.41826
1.42215
1.42971
1.44208
1.45928
1.47864
1.49555
1.50606
1.50862
1.50429
1.49585
1.4865
1.47867
1.47351
1.47099
1.47043
1.47132
1.47372
1.47805
1.48443
1.49226
1.50042
1.50768
1.51321
1.51659
1.51775
1.51686
1.51419
1.51013
1.50527
1.50039
1.49652
1.49486
1.4967
1.50308
1.51456
1.53092
1.55091
1.57239
1.59258
1.60851
1.6176
1.61824
1.61007
1.59379
1.57064
1.54217
1.51061
1.4795
1.45352
1.43737
1.43416
1.44421
1.46494
1.49191
1.5205
1.54708
1.56928
1.58563
1.59505
1.5965
1.58917
1.57288
1.54861
1.51895
1.4879
1.46039
1.44113
1.4332
1.43692
1.4498
1.46776
1.48661
1.5031
1.51511
1.5217
1.52302
1.52021
1.51471
1.50746
1.4986
1.48818
1.47712
1.46756
1.46225
1.46368
1.47325
1.49072
1.51365
1.53816
1.56053
1.57864
1.59186
1.60045
1.60491
1.60565
1.60278
1.59611
1.58534
1.57032
1.55141
1.52991
1.50839
1.49055
1.48043
1.4811
1.4934
1.51562
1.54413
1.57449
1.6025
1.62489
1.63942
1.64489
1.64089
1.62737
1.60467
1.57372
1.53654
1.49656
1.45825
1.42587
1.4024
1.38876
1.38383
1.38562
1.39295
1.40602
1.42517
1.44912
1.47455
1.49714
1.51296
1.51947
1.51587
1.50313
1.48376
1.46139
1.44027
1.42455
1.41738
1.41972
1.42989
1.44437
1.45945
1.47239
1.4815
1.48572
1.48437
1.47753
1.46668
1.4553
1.44834
1.45022
1.46266
1.4838
1.50939
1.53463
1.55572
1.57048
1.57846
1.58063
1.57878
1.5749
1.57084
1.56812
1.5679
1.57086
1.57702
1.58566
1.5955
1.60502
1.61287
1.61812
1.62049
1.62021
1.61761
1.61232
1.60291
1.58756
1.56523
1.53669
1.50462
1.47286
1.44509
1.42385
1.41047
1.40526
1.40776
1.41675
1.43039
1.44661
1.46366
1.48028
1.49546
1.50822
1.51752
1.52252
1.52294
1.51934
1.51284
1.50478
1.49635
1.48832
1.48109
1.4748
1.46957
1.46563
1.46354
1.46405
1.46742
1.47274
1.47773
1.47951
1.47607
1.46733
1.45542
1.44381
1.43576
1.43314
1.43619
1.44426
1.45637
1.4714
1.48776
1.50345
1.51641
1.52541
1.53057
1.53323
1.53502
1.5368
1.5382
1.53834
1.53661
1.53315
1.52892
1.52597
1.52742
1.53639
1.55389
1.57738
1.60182
1.62206
1.63449
1.63741
1.63061
1.61503
1.59263
1.5664
1.54029
1.51847
1.5043
1.49924
1.50261
1.51222
1.52546
1.53993
1.55373
1.5653
1.57324
1.57653
1.57471
1.56816
1.55802
1.54604
1.53433
1.52496
1.51954
1.51891
1.52286
1.53004
1.53814
1.54437
1.54628
1.54273
1.53463
1.52503
1.51812
1.51744
1.5246
1.53891
1.55774
1.57716
1.59327
1.60371
1.60882
1.61106
1.61325
1.61598
1.61675
1.61133
1.59641
1.57193
1.54233
1.51513
1.49645
1.487
1.48324
1.48179
1.48164
1.48342
1.48801
1.49589
1.50718
1.52182
1.53968
1.56016
1.58133
1.59991
1.61221
1.61529
1.60788
1.59055
1.56559
1.53672
1.50862
1.486
1.4725
1.4697
1.4767
1.49058
1.50748
1.52389
1.53737
1.54662
1.55121
1.55136
1.54799
1.54277
1.5376
1.53404
1.53305
1.53509
1.54012
1.54754
1.55616
1.56474
1.57241
1.57893
1.58463
1.59016
1.59612
1.60276
1.60968
1.61604
1.62071
1.62277
1.62172
1.61755
1.61067
1.60169
1.59131
1.58015
1.56866
1.55711
1.54574
1.53498
1.52546
1.51799
1.51321
1.51143
1.51249
1.51589
1.52087
1.52632
1.5309
1.53312
1.53187
1.52695
1.5193
1.5107
1.50308
1.49786
1.49582
1.49708
1.50097
1.50624
1.51163
1.51666
1.52189
1.52845
1.53682
1.54605
1.55409
1.55868
1.55804
1.55108
1.53748
1.51763
1.49273
1.4647
1.43598
1.40916
1.38668
1.37034
1.36084
1.35745
1.35828
1.361
1.36365
1.36524
1.36582
1.36634
1.36832
1.3734
1.38297
1.39771
1.4172
1.43985
1.46324
1.48455
1.50107
1.51081
1.51275
1.50698
1.49453
1.47727
1.45763
1.43827
1.42174
1.40991
1.40361
1.40259
1.40589
1.41246
1.42156
1.43269
1.44531
1.45856
1.47117
1.48169
1.48882
1.49165
1.48991
1.48386
1.47428
1.46234
1.44965
1.43801
1.42895
1.42338
1.42165
1.42391
1.43042
1.44165
1.45784
1.47851
1.5023
1.52719
1.55106
1.5721
1.58907
1.60104
1.60739
1.60751
1.60093
1.58756
1.56783
1.54294
1.51488
1.48623
1.45989
1.43869
1.42491
1.41978
1.42303
1.43288
1.44648
1.46083
1.47342
1.48263
1.48764
1.48842
1.48553
1.47985
1.47257
1.46502
1.45843
1.45361
1.45061
1.44882
1.44741
1.44593
1.44441
1.44319
1.44271
1.44345
1.4461
1.45131
1.45926
1.46911
1.47906
1.48693
1.49089
1.48993
1.48408
1.47417
1.46162
1.44801
1.43501
1.42423
1.41708
1.41463
1.41746
1.42559
1.4386
1.45572
1.47599
1.49826
1.52124
1.54346
1.56323
1.57881
1.58871
1.59216
1.58959
1.58278
1.5744
1.56739
1.56401
1.56541
1.57125
1.57975
1.58827
1.59398
1.59468
1.58929
1.57784
1.56162
1.54299
1.52506
1.51111
1.50366
1.50334
1.50837
1.51511
1.51971
1.5196
1.51408
1.50407
1.49136
1.4779
1.46532
1.45456
1.44584
1.43878
1.43285
1.42805
1.42565
1.42816
1.43832
1.45759
1.48505
1.5178
1.55212
1.5844
1.61184
1.63255
1.64549
1.65037
1.6475
1.6376
1.62187
1.60191
1.57987
1.55847
1.54107
1.53108
1.53079
1.53962
1.55388
1.56828
1.5782
1.58097
1.57595
1.56397
1.54665
1.52597
1.50406
1.48288
1.4639
1.44788
1.43472
1.42391
1.41498
1.40786
1.40297
1.40105
1.40297
1.4095
1.42098
1.43689
1.45588
1.47601
1.49529
1.51212
1.52558
1.53572
1.54369
1.55148
1.56083
1.5715
1.58074
1.58444
1.57915
1.56351
1.53882
1.50882
1.47903
1.45528
1.44196
1.44042
1.44901
1.46433
1.48279
1.50146
1.51823
1.53144
1.53958
1.54132
1.53577
1.52302
1.50448
1.48276
1.46055
1.43934
1.41922
1.40061
1.38664
1.38254
1.39076
1.40744
1.42534
1.43935
1.44858
1.45508
1.46169
1.47039
1.48158
1.49462
1.50838
1.52177
1.53383
1.54371
1.55064
1.554
1.55333
1.54872
1.54148
1.53482
1.53337
1.54071
1.55642
1.57607
1.59398
1.60591
1.60999
1.60629
1.59619
1.58179
1.5654
1.54921
1.5352
1.52506
1.51972
1.51866
1.5198
1.52026
1.51758
1.51054
1.49949
1.48625
1.47334
1.46277
1.45488
1.44881
1.4439
1.44051
1.43952
1.44108
1.44444
1.44853
1.45268
1.45686
1.46157
1.46754
1.47524
1.48472
1.4956
1.50738
1.51966
1.53206
1.54408
1.555
1.56393
1.56998
1.57238
1.57049
1.56391
1.55263
1.53737
1.51982
1.50236
1.48745
1.47676
1.4705
1.46765
1.46659
1.46592
1.46485
1.46329
1.46153
1.45982
1.45829
1.45718
1.45694
1.45803
1.46046
1.4638
1.46735
1.47049
1.4726
1.47317
1.47197
1.46951
1.46689
1.46523
1.46496
1.46567
1.46646
1.46655
1.46573
1.46437
1.46324
1.4633
1.46554
1.47075
1.47924
1.4907
1.50429
1.51894
1.53359
1.54739
1.55984
1.57069
1.57969
1.58655
1.59094
1.5926
1.59127
1.58657
1.57795
1.5651
1.54838
1.52928
1.51032
1.49471
1.48563
1.48542
1.49498
1.51349
1.53863
1.56708
1.59519
1.61973
1.63833
1.64966
1.65347
1.65057
1.64271
1.63229
1.62206
1.61434
1.61048
1.61052
1.61328
1.61678
1.61892
1.61795
1.61289
1.60372
1.59139
1.57761
1.56456
1.5545
1.54905
1.54855
1.55176
1.55617
1.55879
1.55696
1.54891
1.53415
1.5134
1.4885
1.46222
1.43773
1.41786
1.40422
1.39699
1.39505
1.39655
1.39943
1.402
1.4034
1.40391
1.40478
1.40777
1.41437
1.42509
1.43909
1.45442
1.46869
1.47997
1.48735
1.49119
1.49302
1.49517
1.50022
1.51031
1.5264
1.54784
1.57244
1.59709
1.61862
1.63451
1.6432
1.64416
1.63774
1.62508
1.60798
1.58887
1.57052
1.55534
1.54464
1.53814
1.53427
1.53113
1.52757
1.52356
1.52009
1.51877
1.52109
1.52771
1.5381
1.55038
1.56188
1.56988
1.57218
1.56746
1.55537
1.5366
1.51297
1.48752
1.4641
1.44639
1.43675
1.43573
1.44255
1.45579
1.47365
1.49417
1.51526
1.5349
1.55144
1.56353
1.57025
1.57111
1.56619
1.55633
1.54316
1.52895
1.51614
1.50679
1.50204
1.50194
1.50563
1.5118
1.51917
1.5268
1.53398
1.53992
1.54339
1.5429
1.53721
1.526
1.51025
1.49213
1.47473
1.46151
1.45562
1.45904
1.47187
1.49217
1.51623
1.5395
1.55775
1.56795
1.56893
1.56133
1.54741
1.53024
1.51301
1.49835
1.48788
1.48198
1.47998
1.48058
1.4823
1.48385
1.48433
1.48336
1.48111
1.47815
1.47528
1.47318
1.47212
1.47185
1.47164
1.47063
1.46825
1.46468
1.46092
1.45838
1.45827
1.46117
1.46695
1.47484
1.48343
1.49087
1.49556
1.49664
1.494
1.48801
1.47908
1.4674
1.45299
1.43575
1.41577
1.39352
1.37011
1.34762
1.32909
1.31794
1.31671
1.32586
1.34353
1.36617
1.38962
1.40995
1.42396
1.42953
1.42615
1.41512
1.39931
1.38254
1.3685
1.35998
1.35819
1.36256
1.37086
1.38013
1.38802
1.39357
1.39731
1.4009
1.40664
1.4168
1.43272
1.45378
1.47715
1.49881
1.51521
1.52437
1.52603
1.52114
1.51135
1.49863
1.48486
1.47184
1.46127
1.45472
1.45377
1.45968
1.47278
1.49183
1.51382
1.53477
1.5513
1.56203
1.56799
1.57148
1.57433
1.57655
1.57685
1.5741
1.56852
1.5616
1.55517
1.55039
1.54721
1.54464
1.54138
1.53664
1.53081
1.52536
1.52223
1.52283
1.52719
1.53388
1.54061
1.54516
1.54602
1.54271
1.53555
1.52554
1.51411
1.50276
1.49272
1.48469
1.47885
1.47519
1.474
1.47599
1.48178
1.49136
1.50378
1.51738
1.53032
1.54116
1.54909
1.55396
1.55605
1.55587
1.55419
1.55213
1.55106
1.5521
1.55542
1.56002
1.5642
1.56623
1.56499
1.56009
1.55181
1.54076
1.5274
1.51167
1.49269
1.46914
1.43999
1.40558
1.36834
1.3326
1.30332
1.28452
1.27825
1.2844
1.30131
1.32632
1.35651
1.38914
1.42193
1.45315
1.48138
1.5054
1.5239
1.53544
1.53882
1.53358
1.52074
1.50293
1.48388
1.46751
1.45698
1.45408
1.45946
1.4728
1.49269
1.51635
1.54
1.5596
1.57199
1.57557
1.57052
1.55862
1.54276
1.52642
1.51309
1.50543
1.50466
1.5103
1.52023
1.53141
1.54045
1.54437
1.54119
1.53044
1.5133
1.49217
1.47005
1.44985
1.43391
1.42344
1.41828
1.41708
1.41832
1.4212
1.42608
1.43388
1.44545
1.46096
1.47973
1.5003
1.52056
1.53807
1.5505
1.55624
1.55467
1.54628
1.53246
1.51529
1.49719
1.48055
1.46729
1.45844
1.45429
1.45477
1.45973
1.46839
1.47881
1.48798
1.49267
1.49076
1.48212
1.46852
1.45267
1.43675
1.42168
1.40763
1.39489
1.38453
1.37843
1.37856
1.38611
1.40097
1.42156
1.44527
1.46934
1.49144
1.51015
1.525
1.53608
1.54372
1.54836
1.55063
1.55148
1.552
1.55296
1.55458
1.55656
1.55838
1.55946
1.55933
1.5578
1.55495
1.55119
1.54699
1.54285
1.53928
1.53693
1.53663
1.53905
1.5443
1.5519
1.56106
1.57098
1.58102
1.59056
1.59887
1.60501
1.60795
1.60676
1.60097
1.59067
1.57637
1.55893
1.53951
1.51977
1.50191
1.48846
1.48137
1.48094
1.48529
1.49128
1.49616
1.49896
1.50067
1.50325
1.50823
1.5157
1.52453
1.53322
1.54057
1.54611
1.55006
1.55322
1.55674
1.56195
1.56999
1.58123
1.59486
1.609
1.62114
1.62897
1.63088
1.6263
1.61571
1.60036
1.582
1.56228
1.54232
1.52252
1.5028
1.48336
1.46524
1.45024
1.43997
1.43476
1.43327
1.43289
1.43037
1.42265
1.4078
1.38597
1.35996
1.33496
1.31703
1.31057
1.31615
1.33055
1.34891
1.36707
1.38272
1.39527
1.40529
1.41388
1.42223
1.43121
1.44143
1.45327
1.467
1.48269
1.50006
1.51831
1.53619
1.55221
1.565
1.57347
1.57683
1.57443
1.56577
1.55095
1.53112
1.50881
1.48739
1.46974
1.45716
1.44929
1.4451
1.44341
1.44281
1.44157
1.43824
1.43245
1.42532
1.41901
1.4158
1.41723
1.42357
1.43388
1.44658
1.46058
1.47562
1.49127
1.5053
1.514
1.51438
1.5063
1.49274
1.47828
1.46696
1.46074
1.45954
1.46215
1.46729
1.47397
1.48135
1.48828
1.49335
1.49512
1.49258
1.48545
1.47423
1.4599
1.4436
1.42654
1.41021
1.39674
1.38874
1.38867
1.39752
1.41416
1.43572
1.45901
1.48159
1.50218
1.52038
1.53612
1.54939
1.56006
1.56796
1.57258
1.5731
1.56848
1.55806
1.54222
1.52269
1.50216
1.48322
1.46731
1.45425
1.44257
1.43047
1.41697
1.40263
1.38984
1.38217
1.38315
1.39473
1.41649
1.44596
1.47972
1.51461
1.54814
1.57844
1.60364
1.62167
1.63045
1.62849
1.61552
1.59265
1.56234
1.52809
1.49383
1.46337
1.43984
1.42544
1.42123
1.42702
1.44122
1.46111
1.48341
1.50489
1.52275
1.53484
1.53976
1.53698
1.5271
1.51195
1.49448
1.47813
1.46613
1.4607
1.46261
1.47073
1.48234
1.49391
1.50226
1.50534
1.50254
1.49446
1.48258
1.46911
1.45676
1.44833
1.44578
1.44936
1.45719
1.46606
1.47284
1.47595
1.47621
1.47659
1.48098
1.49188
1.50889
1.52899
1.54836
1.56389
1.5738
1.57739
1.57491
1.56762
1.55779
1.54841
1.54202
1.53944
1.53947
1.53968
1.53769
1.53206
1.52259
1.51054
1.49842
1.48949
1.48674
1.49182
1.50437
1.5221
1.54133
1.55777
1.56756
1.56811
1.55878
1.54095
1.51789
1.49405
1.47408
1.46143
1.45736
1.46091
1.46975
1.48117
1.49239
1.50077
1.50407
1.50119
1.49277
1.48088
1.4678
1.45454
1.44078
1.42636
1.41249
1.40183
1.39762
1.40241
1.41706
1.44023
1.46863
1.49783
1.52317
1.54093
1.54904
1.54722
1.53672
1.51939
1.49738
1.4729
1.44848
1.42705
1.41171
1.4051
1.40884
1.42314
1.44655
1.47622
1.50838
1.53924
1.56553
1.58512
1.59728
1.60258
1.60256
1.59914
1.5942
1.58932
1.58539
1.5822
1.57832
1.57156
1.5599
1.54227
1.51902
1.49184
1.46374
1.43867
1.42068
1.41248
1.41453
1.42524
1.44173
1.46019
1.47636
1.48639
1.48822
1.48257
1.47315
1.46545
1.46423
1.47122
1.4849
1.50208
1.5194
1.53393
1.54333
1.54624
1.54277
1.53468
1.52471
1.51556
1.50913
1.506
1.50583
1.508
1.5123
1.51912
1.52913
1.54246
1.55827
1.57497
1.59086
1.60476
1.616
1.6243
1.62943
1.63116
1.62925
1.62354
1.61411
1.60133
1.58575
1.56825
1.54999
1.53236
1.51662
1.50327
1.4919
1.48137
1.47052
1.4588
1.44672
1.43561
1.42705
1.42218
1.42141
1.4243
1.42987
1.43687
1.44415
1.45084
1.45631
1.46014
1.46207
1.46195
1.45975
1.45564
1.45019
1.44436
1.43916
1.43528
1.43299
1.43222
1.43274
1.43428
1.43665
1.44004
1.44498
1.45215
1.46227
1.47599
1.49352
1.51435
1.53683
1.55847
1.5766
1.58925
1.59575
1.5967
1.5935
1.58764
1.58013
1.57144
1.56156
1.55037
1.53771
1.52342
1.50724
1.48884
1.46805
1.44527
1.42193
1.40057
1.38436
1.37616
1.37751
1.38829
1.40702
1.43164
1.46006
1.49044
1.52099
1.54962
1.57396
1.59167
1.60118
1.60295
1.60026
1.59836
1.60128
1.60879
1.61715
1.62276
1.62447
1.62323
1.62044
1.61687
1.61255
1.60745
1.60181
1.59605
1.59026
1.58373
1.57528
1.56369
1.54815
1.52865
1.50602
1.48195
1.45879
1.43915
1.42525
1.41817
1.41765
1.42243
1.43084
1.44127
1.45226
1.46274
1.47202
1.48012
1.48773
1.49562
1.50395
1.51187
1.5179
1.52084
1.52033
1.51668
1.51062
1.50301
1.49476
1.48663
1.47915
1.47249
1.46647
1.46066
1.45456
1.44808
1.44171
1.43634
1.43291
1.43209
1.43397
1.43827
1.44452
1.45227
1.46107
1.47042
1.47978
1.48865
1.49676
1.50419
1.51138
1.5189
1.52726
1.53716
1.54971
1.56595
1.58586
1.60735
1.62673
1.63999
1.64434
1.63873
1.62381
1.60124
1.57306
1.54142
1.50867
1.47764
1.45142
1.43285
1.4238
1.42487
1.43529
1.45337
1.4767
1.50238
1.52722
1.54805
1.56201
1.56705
1.56237
1.5486
1.52788
1.50349
1.47935
1.45935
1.44663
1.44269
1.44664
1.45529
1.46412
1.46884
1.46685
1.45801
1.44467
1.43104
1.42189
1.42105
1.42998
1.4472
1.46893
1.49056
1.50829
1.52011
1.52583
1.5264
1.5231
1.51705
1.50912
1.50046
1.49303
1.48951
1.49229
1.50221
1.5177
1.53527
1.55093
1.56157
1.56582
1.56407
1.55821
1.55092
1.54487
1.54174
1.54159
1.54299
1.54379
1.54203
1.53656
1.52722
1.51463
1.49983
1.48415
1.46921
1.45684
1.44875
1.446
1.44873
1.45594
1.46557
1.47513
1.48255
1.48701
1.48926
1.49086
1.49287
1.49508
1.49649
1.49634
1.49468
1.4922
1.48966
1.48739
1.48505
1.48184
1.47705
1.47016
1.46117
1.45067
1.43974
1.42984
1.42255
1.41936
1.42149
1.42978
1.44443
1.46462
1.4886
1.51386
1.53779
1.55818
1.57343
1.58278
1.58629
1.58475
1.57939
1.57159
1.56252
1.55295
1.54335
1.53403
1.52543
1.51827
1.51321
1.51039
1.50916
1.50839
1.50717
1.50563
1.50512
1.50758
1.51446
1.5257
1.53943
1.55248
1.5613
1.56319
1.55697
1.54276
1.52126
1.49321
1.45961
1.42224
1.38395
1.34863
1.32074
1.30448
1.30286
1.31681
1.3446
1.38218
1.42416
1.46508
1.50055
1.52779
1.5456
1.55418
1.55476
1.54937
1.54054
1.53114
1.52388
1.52073
1.5224
1.52804
1.53558
1.54265
1.54728
1.54828
1.54533
1.53874
1.52925
1.51777
1.50536
1.49312
1.48226
1.47383
1.46853
1.46634
1.46656
1.46809
1.46989
1.47129
1.47189
1.47142
1.46973
1.46715
1.46488
1.46488
1.46887
1.47741
1.48945
1.50282
1.51511
1.52429
1.52912
1.52917
1.52464
1.51624
1.50487
1.49133
1.47626
1.45999
1.44253
1.42401
1.40555
1.38978
1.38013
1.37944
1.38888
1.40795
1.43477
1.46641
1.49934
1.53017
1.55639
1.57677
1.59114
1.5997
1.60246
1.59891
1.5882
1.56965
1.54342
1.51077
1.47395
1.43576
1.3988
1.36491
1.33505
1.30965
1.28936
1.27551
1.26977
1.27351
1.28702
1.30929
1.33822
1.37104
1.4049
1.43717
1.4657
1.48896
1.50614
1.51726
1.52305
1.52475
1.5236
1.52044
1.51552
1.50888
1.50073
1.49169
1.48241
1.47289
1.46178
1.4468
1.42612
1.40024
1.37278
1.34958
1.33613
1.33525
1.34659
1.36783
1.396
1.42816
1.46173
1.49481
1.52622
1.55536
1.58168
1.60405
1.62074
1.62991
1.63032
1.62177
1.60522
1.58274
1.5573
1.53238
1.51136
1.49662
1.48872
1.48619
1.4863
1.48627
1.48431
1.48002
1.47418
1.46835
1.4646
1.46518
1.47185
1.48486
1.50264
1.52261
1.54212
1.55901
1.57168
1.57925
1.5817
1.58008
1.5764
1.57329
1.57323
1.57764
1.58641
1.59805
1.61038
1.62131
1.62916
1.63284
1.63189
1.62648
1.61736
1.60572
1.5929
1.57998
1.56755
1.55562
1.54385
1.53211
1.52095
1.5117
1.50619
1.50613
1.5123
1.5241
1.53966
1.55611
1.57018
1.57866
1.57875
1.56862
1.54806
1.51929
1.4874
1.45957
1.44257
1.43986
1.45046
1.47038
1.49487
1.51968
1.54136
1.55721
1.56552
1.56587
1.55906
1.54683
1.53172
1.51662
1.50426
1.49656
1.49422
1.49674
1.50278
1.51073
1.51926
1.52763
1.53575
1.54381
1.55172
1.55887
1.56416
1.56632
1.56427
1.55729
1.54514
1.52818
1.50755
1.48518
1.46359
1.44537
1.43239
1.42544
1.42433
1.42873
1.4386
1.45367
1.47246
1.49199
1.50894
1.5211
1.52808
1.53078
1.5303
1.52739
1.52258
1.51668
1.51123
1.50838
1.51027
1.51819
1.5318
1.54899
1.5664
1.58034
1.58774
1.58671
1.57681
1.55901
1.53566
1.51011
1.48634
1.46814
1.45827
1.45741
1.46377
1.47367
1.48303
1.48885
1.49026
1.48858
1.48677
1.48838
1.49605
1.51034
1.52934
1.54961
1.56753
1.58045
1.58711
1.58735
1.58167
1.57084
1.55577
1.53787
1.5195
1.50406
1.49514
1.49522
1.50456
1.52134
1.54223
1.56315
1.57995
1.58923
1.58895
1.57878
1.56024
1.53652
1.51178
1.49022
1.4748
1.46649
1.46436
1.46609
1.46895
1.47048
1.46894
1.46375
1.45593
1.44811
1.44392
1.44649
1.45694
1.47375
1.49355
1.51255
1.52774
1.53749
1.54141
1.53999
1.53421
1.52525
1.5144
1.50275
1.49113
1.48
1.4695
1.45947
1.44965
1.44001
1.43056
1.42076
1.40933
1.39497
1.37775
1.36031
1.34808
1.34674
1.35829
1.37921
1.40306
1.42412
1.43912
1.44722
1.44948
1.44828
1.44685
1.44873
1.45709
1.47381
1.49867
1.52917
1.56118
1.59022
1.61258
1.62585
1.62887
1.62164
1.60518
1.58161
1.55393
1.52543
1.49869
1.47486
1.45374
1.43462
1.41721
1.40202
1.39014
1.38268
1.38019
1.3823
1.38813
1.39678
1.40779
1.42119
1.43713
1.45549
1.47567
1.49673
1.51758
1.53719
1.55478
1.57002
1.58308
1.59432
1.60403
1.61227
1.61896
1.62402
1.62744
1.62923
1.62948
1.6284
1.62628
1.62329
1.61895
1.61213
1.6016
1.58687
1.56871
1.54893
1.52948
1.5115
1.49486
1.47851
1.46119
1.44214
1.42156
1.4008
1.38203
1.36751
1.35876
1.35605
1.35852
1.36458
1.37287
1.38286
1.39486
1.40932
1.42588
1.44312
1.45895
1.47143
1.47933
1.48237
1.48132
1.47783
1.47412
1.47268
1.47567
1.48428
1.49851
1.51722
1.53863
1.56064
1.5812
1.59839
1.6107
1.61714
1.61754
1.61252
1.60328
1.59124
1.5775
1.56261
1.54665
1.52965
1.51202
1.49485
1.47987
1.46911
1.4642
1.46587
1.47374
1.48652
1.50234
1.51925
1.53564
1.55052
1.56351
1.57472
1.58425
1.59189
1.59695
1.59841
1.59525
1.58695
1.57372
1.55672
1.53801
1.52016
1.50561
1.49567
1.49008
1.48771
1.48768
1.4897
1.4936
1.49907
1.50545
1.51178
1.51726
1.52212
1.52822
1.53812
1.55302
1.57155
1.59054
1.60674
1.61785
1.62272
1.62092
1.61242
1.59733
1.57621
1.55022
1.52128
1.49201
1.46523
1.44334
1.42758
1.41762
1.41168
1.40722
1.40203
1.39534
1.38814
1.3824
1.37957
1.37993
1.38307
1.38858
1.39599
1.40434
1.41253
1.41967
1.42492
1.42692
1.4239
1.41484
1.40084
1.38551
1.37371
1.36919
1.37235
1.38028
1.38885
1.39472
1.39633
1.39393
1.38933
1.38544
1.3854
1.39141
1.40369
1.42019
1.43765
1.45299
1.46454
1.47239
1.4779
1.48284
1.48854
1.49525
1.50215
1.50772
1.51006
1.50734
1.49832
1.48285
1.46219
1.43872
1.41518
1.39392
1.3764
1.36351
1.3559
1.35396
1.35749
1.36554
1.37681
1.39004
1.40426
1.41875
1.433
1.44653
1.45889
1.4696
1.47831
1.48516
1.49097
1.4971
1.50503
1.51553
1.5283
1.54189
1.55424
1.56344
1.56834
1.56861
1.56429
1.55527
1.54131
1.52309
1.50414
1.49139
1.4914
1.50446
1.52421
1.54303
1.55622
1.56203
1.5604
1.55214
1.53886
1.52282
1.507
1.4947
1.48862
1.48941
1.49542
1.50389
1.51266
1.52068
1.52772
1.53349
1.53714
1.53726
1.53223
1.52078
1.50285
1.47998
1.45497
1.43079
1.40976
1.39346
1.3833
1.38072
1.3867
1.40095
1.42174
1.44657
1.47313
1.4998
1.5254
1.54874
1.56846
1.58323
1.59196
1.59437
1.59183
1.58798
1.58744
1.5925
1.60074
1.60687
1.60635
1.59736
1.58054
1.55802
1.5329
1.50858
1.48802
1.47286
1.46315
1.45764
1.45443
1.45153
1.44751
1.4422
1.43708
1.43455
1.43652
1.44316
1.45276
1.4628
1.47124
1.47719
1.48079
1.48278
1.48419
1.48641
1.49111
1.49958
1.51206
1.52722
1.54237
1.55411
1.5593
1.55585
1.5434
1.52344
1.49912
1.47434
1.45239
1.43497
1.42207
1.41288
1.40699
1.40502
1.40826
1.41733
1.43109
1.44675
1.46093
1.47114
1.47636
1.47691
1.47404
1.46946
1.46538
1.46452
1.4698
1.48293
1.50306
1.52697
1.55092
1.57237
1.59042
1.60507
1.61653
1.62492
1.6304
1.63343
1.63469
1.63449
1.63249
1.62767
1.61872
1.60472
1.58565
1.56241
1.53663
1.51029
1.48537
1.4636
1.44617
1.43367
1.42584
1.42164
1.41963
1.41853
1.41774
1.41748
1.41858
1.42208
1.42896
1.44008
1.45608
1.47712
1.50251
1.53061
1.55894
1.5846
1.60462
1.61623
1.61746
1.60802
1.59019
1.56844
1.5473
1.52851
1.51059
1.49122
1.4694
1.4459
1.4226
1.40174
1.38511
1.37349
1.36631
1.36207
1.3592
1.35705
1.35635
1.3588
1.36566
1.37674
1.39019
1.40362
1.41529
1.42488
1.43352
1.44303
1.45516
1.47071
1.48917
1.50905
1.52865
1.54659
1.56216
1.5752
1.58568
1.59344
1.59798
1.59863
1.59467
1.58572
1.57196
1.55415
1.53374
1.51242
1.4916
1.47207
1.45428
1.43878
1.42627
1.4172
1.41129
1.40756
1.40511
1.40367
1.40386
1.40678
1.41317
1.42268
1.4338
1.44467
1.45391
1.46104
1.46618
1.46958
1.47172
1.4735
1.47621
1.48122
1.4895
1.50128
1.51582
1.53148
1.54585
1.55637
1.56111
1.55942
1.55171
1.53885
1.52169
1.50162
1.48171
1.46692
1.46212
1.46934
1.48694
1.51118
1.5379
1.56315
1.58332
1.59512
1.59599
1.58468
1.56156
1.5289
1.49069
1.45218
1.41901
1.39582
1.38485
1.38507
1.39287
1.40395
1.41555
1.42744
1.44153
1.46011
1.48415
1.51223
1.54067
1.56475
1.58019
1.5841
1.5752
1.55386
1.52202
1.48335
1.44344
1.40919
1.38746
1.3826
1.39457
1.41911
1.44977
1.4802
1.50564
1.52324
1.53197
1.53211
1.52491
1.51237
1.49717
1.48243
1.47113
1.46519
1.46479
1.46841
1.47356
1.47774
1.47934
1.47805
1.47478
1.47148
1.47045
1.47357
1.48149
1.49326
1.50656
1.51842
1.52613
1.52786
1.52265
1.5099
1.48923
1.4609
1.42665
1.39018
1.35662
1.33116
1.31722
1.31552
1.32409
1.33943
1.35748
1.37466
1.3886
1.39867
1.40612
1.41363
1.4243
1.44046
1.46288
1.49042
1.52041
1.54953
1.57476
1.59414
1.60705
1.614
1.6163
1.61565
1.61378
1.61184
1.60975
1.60598
1.59835
1.58517
1.56617
1.54261
1.51684
1.49146
1.46849
1.44889
1.43255
1.41893
1.40774
1.39926
1.39409
1.39261
1.39471
1.39993
1.40767
1.41709
1.42699
1.43602
1.44338
1.44942
1.45579
1.4649
1.47897
1.49903
1.52446
1.55311
1.58202
1.60804
1.62849
1.64134
1.64545
1.64064
1.62782
1.6089
1.58658
1.56356
1.54207
1.52332
1.50752
1.49426
1.48299
1.47358
1.46669
1.46388
1.46707
1.47735
1.49392
1.51418
1.5348
1.55312
1.56772
1.57827
1.58476
1.58712
1.58505
1.5783
1.56692
1.55166
1.53433
1.51785
1.50559
1.49982
1.50039
1.505
1.51085
1.51643
1.52171
1.52737
1.53365
1.53985
1.54451
1.54621
1.54419
1.53892
1.53201
1.52561
1.52098
1.51757
1.5134
1.50635
1.49527
1.48048
1.46352
1.44666
1.43228
1.42243
1.41846
1.42082
1.42888
1.44112
1.45539
1.46965
1.48256
1.49372
1.5035
1.5124
1.52042
1.52688
1.53078
1.53152
1.52929
1.52493
1.51933
1.51283
1.50516
1.49594
1.48544
1.4749
1.46597
1.4596
1.45551
1.45299
1.45186
1.45276
1.45668
1.46422
1.47527
1.489
1.50402
1.51882
1.53208
1.54287
1.55094
1.55681
1.56163
1.56654
1.57189
1.57669
1.57898
1.57677
1.56898
1.55584
1.53869
1.51946
1.49982
1.48088
1.46341
1.4486
1.4383
1.43425
1.43708
1.44583
1.45829
1.47186
1.48444
1.49498
1.50343
1.5105
1.51719
1.52438
1.53273
1.54264
1.5543
1.56748
1.58132
1.59437
1.60502
1.61201
1.61461
1.61279
1.6072
1.59929
1.59126
1.58556
1.58378
1.58589
1.59022
1.59445
1.59663
1.59544
1.59001
1.57998
1.56596
1.54985
1.53424
1.52123
1.51174
1.50574
1.50264
1.50148
1.50081
1.49891
1.4943
1.48621
1.47495
1.46216
1.45056
1.44312
1.44176
1.44652
1.45578
1.46725
1.47877
1.48882
1.4968
1.50314
1.50909
1.51657
1.52769
1.54373
1.56388
1.58497
1.60289
1.61433
1.61778
1.61352
1.60304
1.58842
1.572
1.55641
1.54443
1.5384
1.53924
1.5458
1.55523
1.56418
1.56987
1.57065
1.56616
1.55706
1.54487
1.53161
1.51935
1.50977
1.50384
1.50197
1.50488
1.51396
1.52995
1.55078
1.57181
1.58863
1.59969
1.60608
1.60957
1.61053
1.60748
1.59834
1.58201
1.55912
1.53197
1.50386
1.47808
1.45706
1.44154
1.43048
1.42207
1.41539
1.41197
1.41561
1.42971
1.45358
1.48176
1.50691
1.52316
1.52777
1.5214
1.50786
1.49299
1.48226
1.47813
1.47934
1.48278
1.48609
1.48902
1.49296
1.49961
1.50977
1.5231
1.53835
1.55376
1.56727
1.57692
1.58112
1.57875
1.56945
1.554
1.5346
1.51484
1.49888
1.49028
1.49087
1.50031
1.51644
1.53604
1.55537
1.57061
1.57853
1.57712
1.5659
1.54577
1.51899
1.48934
1.46198
1.4424
1.43461
1.43968
1.45528
1.4767
1.49872
1.51723
1.53029
1.5381
1.54242
1.54554
1.54928
1.55435
1.56048
1.56683
1.5723
1.57576
1.57614
1.57267
1.56521
1.55438
1.54138
1.52749
1.51375
1.50106
1.49066
1.48442
1.48446
1.49211
1.50712
1.52743
1.54943
1.56877
1.58149
1.58483
1.57768
1.56067
1.53605
1.50747
1.47959
1.45719
1.44388
1.44136
1.44924
1.46519
1.48548
1.50605
1.52408
1.53873
1.55068
1.56104
1.57028
1.57825
1.58463
1.58961
1.59379
1.5977
1.6011
1.60303
1.6024
1.59868
1.59193
1.58246
1.57038
1.55575
1.53896
1.52075
1.5017
1.48206
1.46241
1.44472
1.43248
1.4289
1.43467
1.44741
1.46342
1.47962
1.49412
1.50585
1.51398
1.5181
1.5183
1.51528
1.51028
1.50481
1.50029
1.49776
1.49791
1.50123
1.50828
1.51953
1.53527
1.55539
1.5791
1.60475
1.62977
1.65106
1.66538
1.6698
1.66206
1.64077
1.60589
1.55949
1.50663
1.4558
1.41743
1.39955
1.40327
1.42234
1.44748
1.47102
1.48875
1.49962
1.50447
1.50499
1.50285
1.49922
1.49467
1.48959
1.4845
1.48019
1.4773
1.47541
1.47248
1.46518
1.45041
1.42736
1.39878
1.37058
1.34952
1.34026
1.34362
1.35717
1.37692
1.39892
1.42022
1.43893
1.45395
1.46459
1.4704
1.47122
1.46749
1.46046
1.45215
1.44493
1.44089
1.44123
1.44608
1.45489
1.467
1.48206
1.50002
1.52075
1.54376
1.56808
1.59237
1.61515
1.63507
1.65088
1.66139
1.66527
1.66127
1.64844
1.62646
1.59612
1.55978
1.5214
1.48624
1.45942
1.44427
1.44105
1.44714
1.4584
1.47103
1.48255
1.49187
1.4987
1.50308
1.50495
1.50399
1.49982
1.49227
1.48141
1.46772
1.45215
1.43621
1.42191
1.4112
1.40528
1.4042
1.40731
1.4137
1.42224
1.43134
1.43901
1.44343
1.4441
1.4427
1.44315
1.45033
1.46756
1.49465
1.52801
1.56233
1.59229
1.61381
1.62452
1.62399
1.61358
1.59606
1.57504
1.55415
1.53651
1.52417
1.51796
1.51727
1.52032
1.52493
1.52932
1.5321
1.53158
1.5256
1.51237
1.49195
1.4671
1.4431
1.42626
1.42156
1.43062
1.45103
1.47742
1.50372
1.52526
1.53949
1.5458
1.54502
1.53912
1.53092
1.52342
1.51863
1.51686
1.51684
1.51671
1.51504
1.51182
1.50864
1.50811
1.51219
1.5207
1.53142
1.54167
1.54929
1.55272
1.5506
1.542
1.52705
1.50745
1.48632
1.46749
1.45424
1.4482
1.44902
1.45499
1.46405
1.4745
1.48526
1.49575
1.50595
1.51629
1.527
1.53743
1.54604
1.55117
1.55199
1.54889
1.54328
1.53708
1.53205
1.52939
1.52956
1.53229
1.53659
1.54047
1.5413
1.53674
1.52584
1.50958
1.49058
1.47233
1.45816
1.45048
1.45042
1.45777
1.47115
1.48836
1.50697
1.52491
1.54091
1.55469
1.56678
1.57812
1.58945
1.60083
1.61144
1.61981
1.62444
1.62431
1.61921
1.60973
1.59674
1.5809
1.56243
1.54144
1.51845
1.49501
1.47372
1.45773
1.44975
1.45115
1.46154
1.47884
1.49982
1.52087
1.53888
1.55181
1.55886
1.5604
1.5577
1.55261
1.54723
1.54368
1.54382
1.54898
1.55978
1.57585
1.59587
1.61779
1.63922
1.65785
1.67177
1.67947
1.67984
1.67226
1.6567
1.63397
1.60615
1.57676
1.55025
1.53076
1.52068
1.52002
1.52664
1.53707
1.54753
1.55498
1.55781
1.55599
1.55076
1.54388
1.53679
1.53031
1.52489
1.52128
1.52088
1.52554
1.53655
1.55369
1.57477
1.5963
1.61472
1.62759
1.63378
1.63322
1.62644
1.61424
1.59744
1.5766
1.55241
1.52623
1.50046
1.47827
1.46259
1.45497
1.45502
1.46085
1.46989
1.47958
1.48752
1.49171
1.49072
1.48405
1.47225
1.45669
1.43904
1.42081
1.40351
1.38955
1.38259
1.38657
1.40335
1.43107
1.46486
1.49911
1.52925
1.55241
1.56702
1.57239
1.56841
1.55565
1.53545
1.51007
1.48258
1.45638
1.43457
1.4194
1.41213
1.41329
1.42269
1.43934
1.46132
1.48599
1.51067
1.53314
1.55194
1.56642
1.57653
1.58256
1.58481
1.58344
1.57822
1.56846
1.55313
1.53143
1.50347
1.47087
1.437
1.40646
1.38421
1.37438
1.37926
1.39879
1.43061
1.47075
1.51465
1.55802
1.59738
1.63
1.65359
1.66631
1.66703
1.65592
1.63472
1.60649
1.57503
1.54414
1.51697
1.49558
1.4809
1.47308
1.47165
1.47554
1.48318
1.49275
1.50235
1.51018
1.5145
1.51395
1.50781
1.49643
1.48125
1.46457
1.44896
1.4365
1.42834
1.42457
1.42443
1.42685
1.43092
1.43643
1.44381
1.45383
1.46688
1.48241
1.49898
1.51473
1.52803
1.5382
1.54558
1.55116
1.55604
1.56091
1.56586
1.57052
1.57433
1.57681
1.57774
1.57721
1.57531
1.57178
1.56576
1.55615
1.54243
1.52543
1.50747
1.49159
1.48036
1.47459
1.473
1.47302
1.472
1.4681
1.46071
1.4503
1.43804
1.42535
1.41356
1.40362
1.39575
1.38941
1.38356
1.37738
1.37089
1.36532
1.36266
1.36486
1.3727
1.38526
1.40019
1.41467
1.42633
1.43367
1.43606
1.43361
1.42739
1.4197
1.41415
1.41487
1.42481
1.44397
1.46909
1.49526
1.51802
1.53452
1.54359
1.54517
1.53968
1.52772
1.51033
1.48938
1.46779
1.44904
1.43606
1.43015
1.43085
1.43661
1.44541
1.45524
1.4642
1.47076
1.47406
1.47397
1.47094
1.46557
1.45846
1.45048
1.443
1.43802
1.43783
1.44436
1.45838
1.47883
1.50312
1.52809
1.55102
1.5701
1.58433
1.5931
1.59601
1.59294
1.58411
1.57021
1.5526
1.53332
1.51474
1.49862
1.48531
1.47408
1.46401
1.45473
1.4465
1.43985
1.43518
1.43263
1.43225
1.43424
1.43896
1.44667
1.45708
1.46924
1.48172
1.49306
1.50211
1.50811
1.5108
1.51056
1.50845
1.50592
1.50425
1.50401
1.50489
1.50599
1.50638
1.50563
1.50426
1.50379
1.50601
1.51189
1.52074
1.53051
1.53903
1.54499
1.54805
1.54827
1.54556
1.53948
1.5296
1.51608
1.50016
1.48439
1.47228
1.46753
1.47253
1.48711
1.50845
1.53215
1.55399
1.57104
1.582
1.58677
1.58606
1.58092
1.57259
1.56237
1.55143
1.54062
1.53018
1.51967
1.50797
1.49346
1.47439
1.44968
1.42013
1.38949
1.36409
1.35018
1.35049
1.363
1.38314
1.40672
1.43127
1.45515
1.47632
1.49228
1.50088
1.50141
1.49515
1.48527
1.476
1.47085
1.47108
1.47555
1.48218
1.48928
1.49598
1.50201
1.50755
1.51323
1.51972
1.52653
1.53159
1.53254
1.52892
1.52281
1.51744
1.51509
1.51612
1.51963
1.52499
1.5325
1.54289
1.55618
1.57117
1.58565
1.59723
1.60412
1.60555
1.60187
1.59419
1.58394
1.57253
1.56096
1.5499
1.53979
1.53082
1.52298
1.51601
1.50965
1.50402
1.49989
1.49855
1.50103
1.50695
1.51397
1.5183
1.51625
1.50575
1.48706
1.46266
1.43659
1.41349
1.39754
1.39152
1.39627
1.41069
1.43213
1.45692
1.48141
1.5028
1.5197
1.53197
1.54028
1.54558
1.54881
1.55083
1.5524
1.55431
1.55717
1.56121
1.56621
1.57161
1.57657
1.58015
1.58168
1.58099
1.57855
1.57518
1.57154
1.5678
1.56382
1.55957
1.55536
1.5517
1.54901
1.54729
1.54607
1.54457
1.54195
1.53787
1.53291
1.52877
1.52784
1.53236
1.54357
1.56135
1.58422
1.60962
1.6344
1.65533
1.66972
1.67585
1.67334
1.66311
1.64703
1.62747
1.60651
1.58577
1.56641
1.54944
1.53627
1.52848
1.52731
1.53281
1.54347
1.55643
1.56821
1.57554
1.57588
1.56773
1.5511
1.52782
1.50159
1.47734
1.45924
1.44891
1.44504
1.44478
1.44532
1.44455
1.44119
1.43441
1.424
1.41069
1.39651
1.3844
1.37746
1.37807
1.3874
1.40513
1.42933
1.45666
1.48278
1.50316
1.51411
1.51357
1.5017
1.48119
1.45691
1.43479
1.42023
1.41656
1.42431
1.44172
1.46575
1.49299
1.52032
1.54515
1.56562
1.58071
1.59034
1.59523
1.5966
1.59551
1.59218
1.58573
1.57459
1.55738
1.53414
1.50682
1.47929
1.45628
1.44179
1.43764
1.44302
1.45527
1.47117
1.48804
1.50418
1.51879
1.53172
1.54317
1.55346
1.56257
1.56977
1.57362
1.57246
1.56515
1.55177
1.53391
1.51439
1.4962
1.48129
1.47026
1.46319
1.46095
1.46516
1.47718
1.49676
1.52167
1.54828
1.57282
1.59226
1.60486
1.61062
1.61124
1.6096
1.60874
1.61094
1.617
1.62623
1.63686
1.64666
1.65338
1.65493
1.64932
1.63505
1.61174
1.581
1.54623
1.51117
1.47826
1.44884
1.42433
1.40691
1.39907
1.40255
1.41761
1.44286
1.47535
1.51102
1.54543
1.57449
1.59534
1.60672
1.60925
1.60539
1.59882
1.59285
1.58886
1.58613
1.58311
1.57883
1.57349
1.56798
1.56321
1.55953
1.55657
1.55344
1.54926
1.54326
1.53482
1.52328
1.50875
1.49352
1.4826
1.48126
1.49105
1.50891
1.53026
1.5515
1.57036
1.58504
1.594
1.59607
1.59086
1.57888
1.56149
1.54089
1.51978
1.50091
1.48657
1.478
1.4752
1.47733
1.48324
1.49179
1.50201
1.51299
1.52396
1.53434
1.54389
1.55256
1.56011
1.56573
1.56793
1.56466
1.55393
1.53461
1.50708
1.47358
1.4379
1.40472
1.37854
1.36271
1.35889
1.36684
1.3848
1.4098
1.43822
1.46621
1.49015
1.50722
1.5157
1.51509
1.50624
1.49122
1.47302
1.45507
1.44068
1.43243
1.43155
1.43781
1.44984
1.46577
1.4837
1.502
1.51925
1.53415
1.54541
1.55196
1.55308
1.54854
1.53836
1.52272
1.50191
1.47643
1.4471
1.41489
1.38098
1.34703
1.31552
1.28979
1.27373
1.27077
1.28253
1.30794
1.34355
1.38455
1.426
1.46376
1.49473
1.5172
1.53079
1.53645
1.53637
1.53367
1.53156
1.53219
1.53603
1.54209
1.54869
1.55405
1.55669
1.55593
1.55236
1.54761
1.54307
1.53855
1.53212
1.52131
1.50465
1.48254
1.45709
1.43145
1.409
1.3925
1.38351
1.38217
1.3875
1.3979
1.41157
1.42669
1.4415
1.45437
1.46399
1.46969
1.47179
1.47177
1.47204
1.47499
1.4821
1.49337
1.50777
1.52406
1.54128
1.55861
1.57516
1.58978
1.60104
1.60749
1.60794
1.60181
1.5892
1.57079
1.54782
1.52178
1.49433
1.46713
1.44163
1.41879
1.39879
1.38097
1.36412
1.34739
1.33117
1.3176
1.31027
1.31257
1.32532
1.34581
1.36943
1.39219
1.41204
1.42899
1.44442
1.46003
1.47681
1.49462
1.51282
1.53124
1.55031
1.56994
1.58855
1.60327
1.61124
1.61087
1.60221
1.58659
1.56614
1.54333
1.52049
1.49962
1.48216
1.46899
1.46071
1.45778
1.46048
1.46856
1.48114
1.49671
1.51342
1.52927
1.54254
1.55225
1.55835
1.56151
1.56271
1.56281
1.56224
1.56107
1.55906
1.55595
1.55165
1.54623
1.53997
1.5334
1.52732
1.52282
1.52101
1.52261
1.52755
1.53494
1.54351
1.55219
1.56041
1.56821
1.57591
1.58372
1.59149
1.59872
1.60474
1.60906
1.61154
1.61247
1.61236
1.61179
1.61099
1.60958
1.60657
1.60052
1.59012
1.57467
1.55418
1.52933
1.50116
1.47107
1.44093
1.41338
1.39167
1.37899
1.3774
1.38688
1.4052
1.42842
1.4517
1.47031
1.48078
1.48172
1.4743
1.46217
1.45032
1.44341
1.44391
1.45119
1.46202
1.47223
1.47817
1.47755
1.4696
1.45485
1.435
1.4126
1.39093
1.37349
1.36331
1.36208
1.36969
1.38442
1.40379
1.42544
1.44754
1.46884
1.48835
1.50531
1.51908
1.52915
1.53536
1.53802
1.53814
1.53707
1.53597
1.53531
1.53479
1.53378
1.53177
1.52869
1.52521
1.52244
1.52127
1.52174
1.52306
1.52418
1.52435
1.52314
1.52052
1.51662
1.5118
1.50678
1.50283
1.5013
1.50294
1.50724
1.51261
1.51705
1.51863
1.51564
1.5068
1.49208
1.47317
1.45337
1.43665
1.42632
1.42369
1.42778
1.4359
1.44511
1.45333
1.45962
1.46359
1.46457
1.46121
1.45201
1.43632
1.41521
1.39171
1.37014
1.35477
1.34854
1.35241
1.36548
1.38567
1.41033
1.43685
1.46259
1.48486
1.5013
1.51056
1.5129
1.51009
1.50462
1.49853
1.49263
1.48664
1.47978
1.47135
1.46098
1.44895
1.43622
1.42475
1.41732
1.41639
1.42258
1.43387
1.44656
1.45744
1.46525
1.47047
1.47421
1.47692
1.47829
1.47781
1.47527
1.47098
1.46534
1.45868
1.45129
1.44352
1.43603
1.42981
1.42621
1.42643
1.43085
1.43842
1.44699
1.45457
1.46092
1.46818
1.47979
1.49842
1.52411
1.55394
1.58312
1.60671
1.62091
1.62369
1.61493
1.59624
1.57062
1.5418
1.51324
1.48742
1.46564
1.44837
1.43558
1.42708
1.42291
1.42374
1.43043
1.44276
1.45852
1.47397
1.48529
1.48997
1.48729
1.47811
1.46441
1.44871
1.43351
1.42093
1.41236
1.40838
1.40885
1.41324
1.42095
1.43153
1.44456
1.45942
1.4754
1.49191
1.50875
1.526
1.54334
1.5596
1.57266
1.58009
1.58014
1.57263
1.5591
1.54235
1.52549
1.51087
1.49942
1.49067
1.48339
1.47635
1.46889
1.46135
1.45519
1.45267
1.45588
1.46544
1.47973
1.49521
1.50785
1.51435
1.51294
1.50344
1.4871
1.46643
1.44477
1.42596
1.41357
1.41003
1.41616
1.43111
1.4528
1.47845
1.50508
1.52985
1.55012
1.56375
1.56913
1.56523
1.55198
1.5307
1.50444
1.47769
1.45493
1.43888
1.42991
1.42655
1.42671
1.42853
1.43086
1.43335
1.43621
1.43979
1.44431
1.44974
1.456
1.46306
1.4711
1.48029
1.4904
1.50083
1.51075
1.51945
1.52643
1.5317
1.53589
1.54045
1.54722
1.5576
1.57177
1.58831
1.6049
1.61921
1.62977
1.63629
1.63945
1.64044
1.64035
1.63993
1.63953
1.63889
1.63729
1.63375
1.62725
1.61684
1.60164
1.58106
1.55534
1.52596
1.49578
1.46865
1.44842
1.43754
1.43591
1.44081
1.44825
1.45437
1.45655
1.45388
1.44724
1.43897
1.43209
1.4294
1.43252
1.44154
1.45515
1.4712
1.48731
1.50139
1.51206
1.5189
1.52253
1.52438
1.52617
1.52925
1.53449
1.54213
1.55194
1.5631
1.57411
1.58282
1.58677
1.58404
1.57386
1.55711
1.53624
1.51444
1.49415
1.476
1.45942
1.44419
1.43132
1.42291
1.42122
1.42792
1.44399
1.4694
1.50248
1.53934
1.57459
1.60284
1.62006
1.62396
1.61405
1.59175
1.5604
1.52507
1.4915
1.46445
1.44645
1.4379
1.43784
1.44471
1.45685
1.47291
1.49174
1.51222
1.53299
1.55239
1.56873
1.58056
1.58697
1.58785
1.58392
1.57664
1.56796
1.55984
1.55371
1.5499
1.54762
1.54548
1.54223
1.53722
1.53041
1.5221
1.5126
1.50213
1.4909
1.47924
1.46762
1.45668
1.44714
1.4398
1.4354
1.4345
1.43709
1.44225
1.44807
1.45198
1.45151
1.4453
1.43386
1.42014
1.40939
1.40738
1.41724
1.43711
1.46134
1.48382
1.50046
1.50956
1.5118
1.5101
1.50856
1.50974
1.51193
1.5101
1.49944
1.47809
1.44796
1.41453
1.38591
1.37035
1.372
1.3883
1.41185
1.43479
1.45163
1.45962
1.4582
1.44882
1.43496
1.4216
1.41383
1.41454
1.42296
1.4353
1.44675
1.45335
1.45307
1.44607
1.43454
1.42174
1.41079
1.40355
1.40042
1.40086
1.40419
1.40994
1.41781
1.42733
1.43776
1.44809
1.45737
1.46519
1.47202
1.47919
1.48818
1.49968
1.51293
1.52574
1.53553
1.54054
1.54092
1.5387
1.53696
1.53827
1.54354
1.55197
1.56157
1.57007
1.57547
1.57663
1.57371
1.56799
1.56133
1.55523
1.55005
1.54493
1.53855
1.53025
1.52081
1.51205
1.50562
1.50178
1.49946
1.49741
1.49537
1.4939
1.49362
1.4943
1.4948
1.49381
1.49082
1.48653
1.48226
1.47896
1.4765
1.4738
1.46957
1.46326
1.45559
1.44826
1.44304
1.44066
1.44052
1.44096
1.44036
1.4379
1.43427
1.4316
1.43286
1.44058
1.45561
1.47675
1.50117
1.52531
1.54568
1.55932
1.56405
1.55873
1.54347
1.51999
1.49197
1.46466
1.44345
1.43164
1.42915
1.43344
1.44152
1.45137
1.4619
1.47201
1.48017
1.48482
1.48488
1.48004
1.47053
1.45712
1.44127
1.42509
1.41102
1.40121
1.39694
1.39808
1.40326
1.4104
1.41775
1.42465
1.43186
1.44093
1.45313
1.46843
1.4847
1.4983
1.50606
