           1     1.00528     1.00528           0
           2     1.31372      1.1595     0.15422
           3     1.38577     1.23492    0.116691
           4     1.39057     1.27384   0.0912278
           5      1.4792     1.31491    0.081734
           6     1.49082     1.34423   0.0728917
           7     1.52308     1.36978   0.0666929
           8     1.33209     1.36507   0.0579495
           9     1.39834     1.36876   0.0512401
          10     1.50854     1.38274   0.0479148
           1     1.03728     1.03728           0
           2     1.49549     1.26639    0.229104
           3     1.46648     1.33308    0.148138
           4     1.34128     1.33513    0.104769
           5     1.61721     1.39155   0.0988366
           6     1.40428     1.39367   0.0807276
           7     1.45684     1.40269   0.0688216
           8     1.40826     1.40339   0.0596053
           9      1.5285     1.41729   0.0543739
          10     1.35243     1.41081   0.0490641
           1     1.03728     1.03728           0
           2     1.49549     1.26639    0.229104
           3     1.46648     1.33308    0.148138
           4     1.34128     1.33513    0.104769
           5     1.61721     1.39155   0.0988366
           6     1.40428     1.39367   0.0807276
           7     1.45684     1.40269   0.0688216
           8     1.40826     1.40339   0.0596053
           9      1.5285     1.41729   0.0543739
          10     1.35243     1.41081   0.0490641
           1     1.03728     1.03728           0
           2     1.49549     1.26639    0.229104
           3     1.46648     1.33308    0.148138
           4     1.34128     1.33513    0.104769
           5     1.61721     1.39155   0.0988366
           6     1.40428     1.39367   0.0807276
           7     1.45684     1.40269   0.0688216
           8     1.40826     1.40339   0.0596053
           9      1.5285     1.41729   0.0543739
          10     1.35243     1.41081   0.0490641
           1     1.03728     1.03728           0
           2     1.49549     1.26639    0.229104
           3     1.46648     1.33308    0.148138
           4     1.34128     1.33513    0.104769
           5     1.61721     1.39155   0.0988366
           6     1.40428     1.39367   0.0807276
           7     1.45684     1.40269   0.0688216
           8     1.40826     1.40339   0.0596053
           9      1.5285     1.41729   0.0543739
          10     1.35243     1.41081   0.0490641
           1     1.00528     1.00528           0
           2     1.31372      1.1595     0.15422
           3     1.38577     1.23492    0.116691
           4     1.39057     1.27384   0.0912278
           5      1.4792     1.31491    0.081734
           1     1.00528     1.00528           0
           2     1.31372      1.1595     0.15422
           3     1.38577     1.23492    0.116691
           4     1.39057     1.27384   0.0912278
           5      1.4792     1.31491    0.081734
           6     1.49082     1.34423   0.0728917
           7     1.52308     1.36978   0.0666929
           8     1.33209     1.36507   0.0579495
           9     1.39834     1.36876   0.0512401
          10     1.50854     1.38274   0.0479148
           1     7.44998     7.44998           0
           2     7.68955     7.56976    0.119784
           3     7.63911     7.59288   0.0729175
           4     7.49345     7.56802   0.0572397
           5     7.63072     7.58056   0.0460767
           6     7.52559      7.5714   0.0387208
           7     7.62967     7.57972   0.0337673
           8      7.4337     7.56147   0.0344723
           9     7.56107     7.56143   0.0304017
          10     7.61362     7.56665   0.0276885
           1     7.44998     7.44998           0
           2     7.68955     7.56976    0.119784
           3     7.63911     7.59288   0.0729175
           4     7.49345     7.56802   0.0572397
           5     7.63072     7.58056   0.0460767
           6     7.52559      7.5714   0.0387208
           7     7.62967     7.57972   0.0337673
           8      7.4337     7.56147   0.0344723
           9     7.56107     7.56143   0.0304017
          10     7.61362     7.56665   0.0276885
           1     7.44998     7.44998           0
           2     7.68955     7.56976    0.119784
           3     7.63911     7.59288   0.0729175
           4     7.49345     7.56802   0.0572397
           5     7.63072     7.58056   0.0460767
           6     7.52559      7.5714   0.0387208
           7     7.62967     7.57972   0.0337673
           8      7.4337     7.56147   0.0344723
           9     7.56107     7.56143   0.0304017
           1     7.44998     7.44998           0
           2     7.68955     7.56976    0.119784
           3     7.63911     7.59288   0.0729175
           4     7.49345     7.56802   0.0572397
           5     7.63072     7.58056   0.0460767
           6     7.52559      7.5714   0.0387208
           7     7.62967     7.57972   0.0337673
           8      7.4337     7.56147   0.0344723
           9     7.56107     7.56143   0.0304017
          10     7.61362     7.56665   0.0276885
           1     1.00528     1.00528           0
           2     1.31372      1.1595     0.15422
           3     1.38577     1.23492    0.116691
           4     1.39057     1.27384   0.0912278
           5      1.4792     1.31491    0.081734
           6     1.49082     1.34423   0.0728917
           7     1.52308     1.36978   0.0666929
           8     1.33209     1.36507   0.0579495
           9     1.39834     1.36876   0.0512401
          10     1.50854     1.38274   0.0479148
           1     1.00528     1.00528           0
           2     1.31372      1.1595     0.15422
           3     1.38577     1.23492    0.116691
           4     1.39057     1.27384   0.0912278
           5      1.4792     1.31491    0.081734
           6     1.49082     1.34423   0.0728917
           7     1.52308     1.36978   0.0666929
           8     1.33209     1.36507   0.0579495
           9     1.39834     1.36876   0.0512401
          10     1.50854     1.38274   0.0479148
           1     1.03728     1.03728           0
           2     1.49549     1.26639    0.229104
           3     1.46648     1.33308    0.148138
           4     1.34128     1.33513    0.104769
           5     1.61721     1.39155   0.0988366
           6     1.40428     1.39367   0.0807276
           7     1.45684     1.40269   0.0688216
           8     1.40826     1.40339   0.0596053
           9      1.5285     1.41729   0.0543739
          10     1.35243     1.41081   0.0490641
           1     1.00528     1.00528           0
           2     1.31372      1.1595     0.15422
           3     1.38577     1.23492    0.116691
           4     1.39057     1.27384   0.0912278
           5      1.4792     1.31491    0.081734
           6     1.49082     1.34423   0.0728917
           7     1.52308     1.36978   0.0666929
           8     1.33209     1.36507   0.0579495
           9     1.39834     1.36876   0.0512401
          10     1.50854     1.38274   0.0479148
           1     1.00528     1.00528           0
           2     1.31372      1.1595     0.15422
           3     1.38577     1.23492    0.116691
           4     1.39057     1.27384   0.0912278
           5      1.4792     1.31491    0.081734
           6     1.49082     1.34423   0.0728917
           7     1.52308     1.36978   0.0666929
           8     1.33209     1.36507   0.0579495
           9     1.39834     1.36876   0.0512401
          10     1.50854     1.38274   0.0479148
           1     7.44998     7.44998           0
           2     7.68955     7.56976    0.119784
           3     7.63911     7.59288   0.0729175
           4     7.49345     7.56802   0.0572397
           5     7.63072     7.58056   0.0460767
           6     7.52559      7.5714   0.0387208
           7     7.62967     7.57972   0.0337673
           8      7.4337     7.56147   0.0344723
           9     7.56107     7.56143   0.0304017
          10     7.61362     7.56665   0.0276885
           1     7.44998     7.44998           0
           2     7.68955     7.56976    0.119784
           3     7.63911     7.59288   0.0729175
           4     7.49345     7.56802   0.0572397
           5     7.63072     7.58056   0.0460767
           6     7.52559      7.5714   0.0387208
           7     7.62967     7.57972   0.0337673
           8      7.4337     7.56147   0.0344723
           9     7.56107     7.56143   0.0304017
          10     7.61362     7.56665   0.0276885
           1     1.00528     1.00528           0
           2     1.31372      1.1595     0.15422
           3     1.38577     1.23492    0.116691
           4     1.39057     1.27384   0.0912278
           5      1.4792     1.31491    0.081734
           6     1.49082     1.34423   0.0728917
           7     1.52308     1.36978   0.0666929
           8     1.33209     1.36507   0.0579495
           9     1.39834     1.36876   0.0512401
          10     1.50854     1.38274   0.0479148
           1     1.03728     1.03728           0
           2     1.49549     1.26639    0.229104
           3     1.46648     1.33308    0.148138
           4     1.34128     1.33513    0.104769
           5     1.61721     1.39155   0.0988366
           6     1.40428     1.39367   0.0807276
           7     1.45684     1.40269   0.0688216
           8     1.40826     1.40339   0.0596053
           9      1.5285     1.41729   0.0543739
          10     1.35243     1.41081   0.0490641
           1     1.03728     1.03728           0
           2     1.49549     1.26639    0.229104
           3     1.46648     1.33308    0.148138
           1     1.03728     1.03728           0
           1     1.03728     1.03728           0
           2     1.49549     1.26639    0.229104
           3     1.46648     1.33308    0.148138
           4     1.34128     1.33513    0.104769
           5     1.61721     1.39155   0.0988366
           6     1.40428     1.39367   0.0807276
           7     1.45684     1.40269   0.0688216
           8     1.40826     1.40339   0.0596053
           9      1.5285     1.41729   0.0543739
          10     1.35243     1.41081   0.0490641
           1   0.0504386   0.0504386           0
           2   0.0479411   0.0491898  0.00124875
           3   0.0499218   0.0494338 0.000761141
           4   0.0485285   0.0492075 0.000583858
           5   0.0479892   0.0489638 0.000513718
           6   0.0498635   0.0491138 0.000445447
           7   0.0484255   0.0490155   0.0003891
           8   0.0501462   0.0491568 0.000365413
           9   0.0488085   0.0491181 0.000324579
          10   0.0496999   0.0491763 0.000296085
           1     1.00528     1.00528           0
           2     1.31372      1.1595     0.15422
           3     1.38577     1.23492    0.116691
           4     1.39057     1.27384   0.0912278
           5      1.4792     1.31491    0.081734
           6     1.49082     1.34423   0.0728917
           7     1.52308     1.36978   0.0666929
           8     1.33209     1.36507   0.0579495
           9     1.39834     1.36876   0.0512401
          10     1.50854     1.38274   0.0479148
           1     7.39764     7.39764           0
           2     7.66707     7.53236    0.134714
           3     7.63737     7.56736   0.0852916
           4     7.49833      7.5501   0.0627312
           5      7.5799     7.55606   0.0489554
           6       7.496     7.54605   0.0412066
           7     7.55885     7.54788   0.0348739
           8     7.51532     7.54381   0.0304747
           9     7.59906     7.54995   0.0275683
          10     7.60008     7.55496   0.0251623
