           1    -5.53981    -5.53981           0
           2    -5.47979     -5.5098   0.0300111
           3    -5.46378    -5.49446   0.0231418
           4    -5.46286    -5.48656   0.0181712
           5    -5.44762    -5.47877   0.0160865
           6    -5.44041    -5.47238    0.014608
           7    -5.44155    -5.46797   0.0131081
           8    -5.48247    -5.46979   0.0114957
           9    -5.45736     -5.4684   0.0102318
          10    -5.44838     -5.4664  0.00936806
           1    -5.53201    -5.53201           0
           2    -5.44777    -5.48989   0.0421161
           3     -5.4509    -5.47689   0.0275718
           4    -5.48002    -5.47767   0.0195119
           5    -5.41679     -5.4655   0.0194091
           6    -5.47154     -5.4665   0.0158795
           7    -5.45753    -5.46522   0.0134817
           8    -5.46835    -5.46561    0.011682
           9    -5.44023    -5.46279   0.0106816
          10    -5.47341    -5.46385  0.00961271
           1    -5.53201    -5.53201           0
           2    -5.44777    -5.48989   0.0421161
           3     -5.4509    -5.47689   0.0275718
           4    -5.48002    -5.47767   0.0195119
           5    -5.41679     -5.4655   0.0194091
           6    -5.47154     -5.4665   0.0158795
           7    -5.45753    -5.46522   0.0134817
           8    -5.46835    -5.46561    0.011682
           9    -5.44023    -5.46279   0.0106816
          10    -5.47341    -5.46385  0.00961271
           1    -5.53201    -5.53201           0
           2    -5.44777    -5.48989   0.0421161
           3     -5.4509    -5.47689   0.0275718
           4    -5.48002    -5.47767   0.0195119
           5    -5.41679     -5.4655   0.0194091
           6    -5.47154     -5.4665   0.0158795
           7    -5.45753    -5.46522   0.0134817
           8    -5.46835    -5.46561    0.011682
           9    -5.44023    -5.46279   0.0106816
          10    -5.47341    -5.46385  0.00961271
           1    -5.53201    -5.53201           0
           2    -5.44777    -5.48989   0.0421161
           3     -5.4509    -5.47689   0.0275718
           4    -5.48002    -5.47767   0.0195119
           5    -5.41679     -5.4655   0.0194091
           6    -5.47154     -5.4665   0.0158795
           7    -5.45753    -5.46522   0.0134817
           8    -5.46835    -5.46561    0.011682
           9    -5.44023    -5.46279   0.0106816
          10    -5.47341    -5.46385  0.00961271
           1    -5.53981    -5.53981           0
           2    -5.47979     -5.5098   0.0300111
           3    -5.46378    -5.49446   0.0231418
           4    -5.46286    -5.48656   0.0181712
           5    -5.44762    -5.47877   0.0160865
           1    -5.53981    -5.53981           0
           2    -5.47979     -5.5098   0.0300111
           3    -5.46378    -5.49446   0.0231418
           4    -5.46286    -5.48656   0.0181712
           5    -5.44762    -5.47877   0.0160865
           6    -5.44041    -5.47238    0.014608
           7    -5.44155    -5.46797   0.0131081
           8    -5.48247    -5.46979   0.0114957
           9    -5.45736     -5.4684   0.0102318
          10    -5.44838     -5.4664  0.00936806
           1    -7.57288    -7.57288           0
           2    -7.52852     -7.5507   0.0221781
           3     -7.5385    -7.54664   0.0134348
           4    -7.56544    -7.55134   0.0105992
           5    -7.53954    -7.54898  0.00854217
           6    -7.55808     -7.5505   0.0071377
           7    -7.54056    -7.54908  0.00619725
           8    -7.57442    -7.55224  0.00623245
           9     -7.5525    -7.55227  0.00549658
          10    -7.54171    -7.55122  0.00502854
           1    -7.57288    -7.57288           0
           2    -7.52852     -7.5507   0.0221781
           3     -7.5385    -7.54664   0.0134348
           4    -7.56544    -7.55134   0.0105992
           5    -7.53954    -7.54898  0.00854217
           6    -7.55808     -7.5505   0.0071377
           7    -7.54056    -7.54908  0.00619725
           8    -7.57442    -7.55224  0.00623245
           9     -7.5525    -7.55227  0.00549658
          10    -7.54171    -7.55122  0.00502854
           1    -7.57288    -7.57288           0
           2    -7.52852     -7.5507   0.0221781
           3     -7.5385    -7.54664   0.0134348
           4    -7.56544    -7.55134   0.0105992
           5    -7.53954    -7.54898  0.00854217
           6    -7.55808     -7.5505   0.0071377
           7    -7.54056    -7.54908  0.00619725
           8    -7.57442    -7.55224  0.00623245
           9     -7.5525    -7.55227  0.00549658
           1    -7.57288    -7.57288           0
           2    -7.52852     -7.5507   0.0221781
           3     -7.5385    -7.54664   0.0134348
           4    -7.56544    -7.55134   0.0105992
           5    -7.53954    -7.54898  0.00854217
           6    -7.55808     -7.5505   0.0071377
           7    -7.54056    -7.54908  0.00619725
           8    -7.57442    -7.55224  0.00623245
           9     -7.5525    -7.55227  0.00549658
          10    -7.54171    -7.55122  0.00502854
           1    -5.53981    -5.53981           0
           2    -5.47979     -5.5098   0.0300111
           3    -5.46378    -5.49446   0.0231418
           4    -5.46286    -5.48656   0.0181712
           5    -5.44762    -5.47877   0.0160865
           6    -5.44041    -5.47238    0.014608
           7    -5.44155    -5.46797   0.0131081
           8    -5.48247    -5.46979   0.0114957
           9    -5.45736     -5.4684   0.0102318
          10    -5.44838     -5.4664  0.00936806
           1    -5.53981    -5.53981           0
           2    -5.47979     -5.5098   0.0300111
           3    -5.46378    -5.49446   0.0231418
           4    -5.46286    -5.48656   0.0181712
           5    -5.44762    -5.47877   0.0160865
           6    -5.44041    -5.47238    0.014608
           7    -5.44155    -5.46797   0.0131081
           8    -5.48247    -5.46979   0.0114957
           9    -5.45736     -5.4684   0.0102318
          10    -5.44838     -5.4664  0.00936806
           1    -5.53201    -5.53201           0
           2    -5.44777    -5.48989   0.0421161
           3     -5.4509    -5.47689   0.0275718
           4    -5.48002    -5.47767   0.0195119
           5    -5.41679     -5.4655   0.0194091
           6    -5.47154     -5.4665   0.0158795
           7    -5.45753    -5.46522   0.0134817
           8    -5.46835    -5.46561    0.011682
           9    -5.44023    -5.46279   0.0106816
          10    -5.47341    -5.46385  0.00961271
           1    -5.53981    -5.53981           0
           2    -5.47979     -5.5098   0.0300111
           3    -5.46378    -5.49446   0.0231418
           4    -5.46286    -5.48656   0.0181712
           5    -5.44762    -5.47877   0.0160865
           6    -5.44041    -5.47238    0.014608
           7    -5.44155    -5.46797   0.0131081
           8    -5.48247    -5.46979   0.0114957
           9    -5.45736     -5.4684   0.0102318
          10    -5.44838     -5.4664  0.00936806
           1    -5.53981    -5.53981           0
           2    -5.47979     -5.5098   0.0300111
           3    -5.46378    -5.49446   0.0231418
           4    -5.46286    -5.48656   0.0181712
           5    -5.44762    -5.47877   0.0160865
           6    -5.44041    -5.47238    0.014608
           7    -5.44155    -5.46797   0.0131081
           8    -5.48247    -5.46979   0.0114957
           9    -5.45736     -5.4684   0.0102318
          10    -5.44838     -5.4664  0.00936806
           1    -7.57288    -7.57288           0
           2    -7.52852     -7.5507   0.0221781
           3     -7.5385    -7.54664   0.0134348
           4    -7.56544    -7.55134   0.0105992
           5    -7.53954    -7.54898  0.00854217
           6    -7.55808     -7.5505   0.0071377
           7    -7.54056    -7.54908  0.00619725
           8    -7.57442    -7.55224  0.00623245
           9     -7.5525    -7.55227  0.00549658
          10    -7.54171    -7.55122  0.00502854
           1    -7.57288    -7.57288           0
           2    -7.52852     -7.5507   0.0221781
           3     -7.5385    -7.54664   0.0134348
           4    -7.56544    -7.55134   0.0105992
           5    -7.53954    -7.54898  0.00854217
           6    -7.55808     -7.5505   0.0071377
           7    -7.54056    -7.54908  0.00619725
           8    -7.57442    -7.55224  0.00623245
           9     -7.5525    -7.55227  0.00549658
          10    -7.54171    -7.55122  0.00502854
           1    -5.53981    -5.53981           0
           2    -5.47979     -5.5098   0.0300111
           3    -5.46378    -5.49446   0.0231418
           4    -5.46286    -5.48656   0.0181712
           5    -5.44762    -5.47877   0.0160865
           6    -5.44041    -5.47238    0.014608
           7    -5.44155    -5.46797   0.0131081
           8    -5.48247    -5.46979   0.0114957
           9    -5.45736     -5.4684   0.0102318
          10    -5.44838     -5.4664  0.00936806
           1    -5.53201    -5.53201           0
           2    -5.44777    -5.48989   0.0421161
           3     -5.4509    -5.47689   0.0275718
           4    -5.48002    -5.47767   0.0195119
           5    -5.41679     -5.4655   0.0194091
           6    -5.47154     -5.4665   0.0158795
           7    -5.45753    -5.46522   0.0134817
           8    -5.46835    -5.46561    0.011682
           9    -5.44023    -5.46279   0.0106816
          10    -5.47341    -5.46385  0.00961271
           1    -5.53201    -5.53201           0
           2    -5.44777    -5.48989   0.0421161
           3     -5.4509    -5.47689   0.0275718
           1    -5.53201    -5.53201           0
           1    -5.53201    -5.53201           0
           2    -5.44777    -5.48989   0.0421161
           3     -5.4509    -5.47689   0.0275718
           4    -5.48002    -5.47767   0.0195119
           5    -5.41679     -5.4655   0.0194091
           6    -5.47154     -5.4665   0.0158795
           7    -5.45753    -5.46522   0.0134817
           8    -5.46835    -5.46561    0.011682
           9    -5.44023    -5.46279   0.0106816
          10    -5.47341    -5.46385  0.00961271
           1   -0.278555   -0.278555           0
           2   -0.405623   -0.342089   0.0635343
           3   -0.388913   -0.357697   0.0398641
           4   -0.436814   -0.377476   0.0344353
           5   -0.420488   -0.386079   0.0280263
           6   -0.419003   -0.391566   0.0235321
           7   -0.428501   -0.396843   0.0205763
           8   -0.421639   -0.399942   0.0180872
           9   -0.439268   -0.404312    0.016539
          10   -0.416827   -0.405563   0.0148458
           1    -5.53981    -5.53981           0
           2    -5.47979     -5.5098   0.0300111
           3    -5.46378    -5.49446   0.0231418
           4    -5.46286    -5.48656   0.0181712
           5    -5.44762    -5.47877   0.0160865
           6    -5.44041    -5.47238    0.014608
           7    -5.44155    -5.46797   0.0131081
           8    -5.48247    -5.46979   0.0114957
           9    -5.45736     -5.4684   0.0102318
          10    -5.44838     -5.4664  0.00936806
           1    -7.58231    -7.58231           0
           2    -7.53249     -7.5574   0.0249079
           3     -7.5382      -7.551    0.015741
           4    -7.56463    -7.55441   0.0116406
           5     -7.5491    -7.55335  0.00907893
           6    -7.56488    -7.55527  0.00765803
           7    -7.55267     -7.5549  0.00648284
           8    -7.56084    -7.55564  0.00566332
           9    -7.54547    -7.55451  0.00512071
          10    -7.54534    -7.55359  0.00467098
