0.493382   0.48871   -0.49981
-0.330463   -0.380791   -0.499958
0.493334   -0.34908   -0.345728
-0.347229   0.490483   -0.328529
-0.177781   0.471392   -0.489721
0.00415359   -0.351106   -0.495406
-0.166056   -0.337847   -0.348517
-0.00696144   0.498522   -0.339868
0.160275   0.474585   0.493675
0.341093   -0.345367   0.49757
0.176961   -0.339931   -0.333451
0.334434   0.492711   -0.349365
-0.484445   -0.190369   0.48671
-0.329967   -0.00820632   0.497975
-0.481701   -0.0100458   -0.322243
-0.330513   -0.175836   -0.33372
-0.165511   -0.169285   0.482793
0.0242334   0.00300279   -0.496677
-0.146983   0.0078768   -0.333017
-0.00498756   -0.181898   -0.323636
0.151249   -0.167757   0.485951
0.348717   -0.0115223   -0.494353
0.179026   -0.00187508   -0.331441
0.332506   -0.17811   -0.330911
-0.493499   0.160534   -0.493508
-0.337931   0.326739   -0.490808
0.477389   0.32667   -0.354105
-0.338239   0.163662   -0.344187
-0.144709   0.163797   0.493815
-0.00342448   0.319453   -0.494496
-0.165959   0.318186   -0.338165
0.0237611   0.175549   -0.327135
0.172386   0.1634   0.498827
0.342514   0.319509   0.470207
0.169774   0.343023   -0.321356
0.345564   0.147695   -0.339312
-0.495123   0.49406   -0.17062
-0.346607   -0.32767   -0.168534
-0.493569   -0.335343   -0.0087927
-0.340802   0.493987   -0.0235756
-0.180756   -0.494868   -0.186194
-0.0138909   -0.340329   -0.183255
-0.158168   -0.338108   -0.0152064
-0.00284687   0.491697   -0.00345289
0.167102   -0.487537   -0.161578
0.355231   -0.359986   -0.167728
0.172496   -0.35133   0.021246
0.339322   0.48588   0.0072343
0.496631   -0.171322   -0.161813
-0.337405   -0.0143712   -0.133309
0.493733   -0.00171742   0.0148046
-0.330111   -0.184349   0.0231831
-0.156208   -0.162602   -0.174328
0.00572634   -0.00976875   -0.168393
-0.160444   -0.0167749   -0.00599859
0.00774265   -0.17957   -0.00745515
0.167587   -0.174782   -0.171668
0.323452   -0.00104704   -0.149518
0.167428   -0.00342618   0.00395934
0.340966   -0.185503   0.0105734
-0.495924   0.161214   -0.177441
-0.355008   0.323222   -0.17158
0.475514   0.319507   -0.000100202
-0.326563   0.160343   0.00599726
-0.181144   0.171695   -0.179952
0.0139148   0.338291   -0.166427
-0.172064   0.329391   -0.00983493
0.00504461   0.150141   -0.01374
0.177551   0.167637   -0.163302
0.320807   0.332659   -0.160291
0.169104   0.352246   0.00431308
0.331492   0.166464   0.0141462
0.495536   -0.493075   0.161531
-0.320687   -0.34912   0.174499
-0.485409   -0.347216   0.342751
-0.336948   0.48557   0.324726
-0.166176   0.475286   0.163917
-0.00279085   -0.347146   0.145823
-0.151038   -0.349844   0.332002
-0.00219941   0.465227   0.330132
0.143686   0.489294   0.183284
0.338359   -0.32862   0.167631
0.169356   -0.368267   0.348664
0.344585   -0.497814   0.318178
-0.494738   -0.167086   0.178188
-0.325337   -0.0162459   0.173108
0.48178   -0.00658661   0.316854
-0.322887   -0.176751   0.328431
-0.160776   -0.178138   0.172731
-0.0194519   -0.000663244   0.162679
-0.172067   -0.0113993   0.330176
0.00737245   -0.190322   0.322262
0.17269   -0.171659   0.144636
0.308031   -0.00304674   0.200729
0.145641   0.000347053   0.343292
0.330888   -0.197918   0.322833
0.48528   0.161949   0.15683
-0.357167   0.344455   0.132553
-0.49088   0.328349   0.327699
-0.326837   0.176165   0.314773
-0.15519   0.16974   0.148534
0.00112339   0.323462   0.139828
-0.166809   0.321288   0.33264
0.0101427   0.160811   0.337309
0.152942   0.16411   0.173818
0.325964   0.324132   0.172908
0.160455   0.318093   0.338777
0.339225   0.166067   0.322542
