0.493529   0.488726   -0.499589
-0.330458   -0.380821   -0.499954
0.493348   -0.349012   -0.345919
-0.347132   0.490363   -0.328488
-0.177755   0.471309   -0.489967
0.00399586   -0.351118   -0.495337
-0.166023   -0.337824   -0.348433
-0.00696442   0.498538   -0.339885
0.160255   0.47468   0.493639
0.341154   -0.345409   0.497462
0.176915   -0.339887   -0.333432
0.334444   0.492841   -0.349341
-0.484546   -0.190475   0.486628
-0.330078   -0.0080928   0.497902
-0.481624   -0.0099628   -0.322189
-0.330443   -0.17577   -0.333884
-0.165669   -0.169438   0.482672
0.0241588   0.00304109   -0.49684
-0.14698   0.00798854   -0.332984
-0.00507012   -0.181957   -0.323683
0.151199   -0.16771   0.485818
0.348731   -0.0115956   -0.494394
0.17894   -0.00207686   -0.331463
0.332371   -0.177938   -0.330984
-0.493563   0.160674   -0.493359
-0.337929   0.326789   -0.49076
0.47729   0.326785   -0.354311
-0.338307   0.163704   -0.34416
-0.144894   0.163661   0.493663
-0.00341005   0.319316   -0.494459
-0.166   0.318168   -0.338166
0.0236818   0.17559   -0.327007
0.172261   0.163446   0.498753
0.342687   0.31939   0.470373
0.16973   0.34297   -0.32138
0.345578   0.147704   -0.339256
-0.495162   0.494166   -0.170484
-0.346581   -0.327584   -0.168338
-0.493591   -0.335295   -0.00888433
-0.340785   0.49414   -0.0237156
-0.180772   -0.49486   -0.186171
-0.0138227   -0.340419   -0.183307
-0.158048   -0.338195   -0.01508
-0.00275956   0.491687   -0.00358259
0.167187   -0.487618   -0.161392
0.355222   -0.360006   -0.167655
0.172516   -0.351409   0.021194
0.339395   0.485817   0.00725118
0.496679   -0.171401   -0.161875
-0.337266   -0.0142694   -0.133263
0.493716   -0.00178173   0.0147557
-0.329895   -0.184127   0.0231881
-0.156176   -0.162697   -0.174359
0.00570254   -0.00972408   -0.168494
-0.160513   -0.0168231   -0.00598833
0.00763728   -0.179549   -0.0074303
0.167606   -0.17472   -0.171632
0.323488   -0.00116756   -0.149422
0.167517   -0.0035613   0.00405202
0.340946   -0.185385   0.010547
-0.495914   0.161199   -0.177319
-0.35522   0.323345   -0.17152
0.475345   0.319559   -0.000110287
-0.326399   0.16035   0.00598499
-0.181119   0.171746   -0.18012
0.0140471   0.338259   -0.166383
-0.171993   0.329427   -0.00984887
0.0049862   0.1501   -0.0136179
0.177443   0.16754   -0.163232
0.320762   0.332762   -0.160225
0.169118   0.352185   0.0042878
0.331708   0.166471   0.0141377
0.49556   -0.493114   0.161668
-0.320612   -0.349291   0.174541
-0.48532   -0.347342   0.342719
-0.336855   0.485572   0.32477
-0.16618   0.475265   0.163866
-0.00285886   -0.347097   0.145909
-0.150965   -0.349894   0.331977
-0.00220335   0.465195   0.330058
0.143614   0.489277   0.183298
0.338355   -0.328704   0.167662
0.169418   -0.368122   0.348649
0.344573   -0.497813   0.318082
-0.494753   -0.167007   0.178025
-0.325272   -0.0163311   0.173254
0.481944   -0.00656659   0.316763
-0.322888   -0.176678   0.328465
-0.160633   -0.178204   0.172828
-0.0194678   -0.000715847   0.162678
-0.172086   -0.0114323   0.330071
0.00740001   -0.190221   0.322418
0.172725   -0.171593   0.144585
0.308043   -0.00315299   0.200604
0.14558   0.000360938   0.34308
0.33074   -0.197865   0.322912
0.485232   0.161859   0.1568
-0.35709   0.344449   0.132311
-0.490765   0.328446   0.327687
-0.326893   0.176215   0.314708
-0.155237   0.169514   0.148673
0.00110961   0.323428   0.139824
-0.166901   0.321453   0.332721
0.0101667   0.160815   0.337558
0.152963   0.164161   0.173886
0.325847   0.324241   0.172989
0.160462   0.317993   0.338916
0.339085   0.166096   0.322557
