0.0256496 0 0
0.0512993 0 0
0.0769489 0 0
0.102599 0 0
0.128248 0 0
0.153898 0 0
0.179547 0 0
0.205197 0 0
0.230847 0 0
0.256496 0 0
0.282146 0 0
0.307796 0 0
0.333445 0 0
0.359095 0 0
0.384745 0 0
0.410394 0 0
0.436044 0 0
0.461694 0 0
0.487343 0 0
0.512993 0 0
0.538642 0 0
0.564292 0 0
0.589942 0 0
0.615591 0 0
0.641241 0 0
0.666891 0 0
0.69254 0 0
0.71819 0 0
0.74384 0 0
0.769489 0 0
0.795139 0 0
0.820788 0 0
0.846438 0 0
0.872088 0 0
0.897737 0.00146728 6.50781e-12
0.923387 0.024771 1.47255e-10
0.949037 0.168615 5.8902e-10
0.974686 0.556847 3.332e-09
1.00034 1.18281 4.71216e-09
1.02599 1.85245 6.664e-09
1.05164 2.35817 1.3328e-08
1.07728 2.56077 1.3328e-08
1.10293 2.53457 1.3328e-08
1.12858 2.40028 1.3328e-08
1.15423 2.20107 1.3328e-08
1.17988 1.96029 6.664e-09
1.20553 1.77547 1.15424e-08
1.23118 1.57228 1.15424e-08
1.25683 1.3914 6.664e-09
1.28248 1.2467 6.664e-09
1.30813 1.12398 8.1617e-09
1.33378 0.994044 4.71216e-09
1.35943 0.929766 0
1.38508 0.878554 4.71216e-09
1.41073 0.826618 5.77119e-09
1.43638 0.771478 3.332e-09
1.46203 0.750429 4.71216e-09
1.48768 0.721319 3.332e-09
1.51333 0.698146 4.08085e-09
1.53898 0.676018 2.35608e-09
1.56463 0.68666 4.08085e-09
1.59028 0.662693 0
1.61593 0.675554 2.35608e-09
1.64158 0.679837 0
1.66723 0.691115 3.332e-09
1.69288 0.706227 0
1.71853 0.74851 3.332e-09
1.74418 0.768662 0
1.76983 0.822479 6.664e-09
1.79547 0.847749 4.71216e-09
1.82112 0.891119 0
1.84677 0.91742 3.332e-09
1.87242 0.976 6.664e-09
1.89807 1.01432 6.664e-09
1.92372 1.05352 4.71216e-09
1.94937 1.09393 4.71216e-09
1.97502 1.13016 4.71216e-09
2.00067 1.16763 4.71216e-09
2.02632 1.18888 8.1617e-09
2.05197 1.20083 4.71216e-09
2.07762 1.23026 6.664e-09
2.10327 1.21046 8.1617e-09
2.12892 1.21218 0
2.15457 1.21075 8.1617e-09
2.18022 1.18337 4.71216e-09
2.20587 1.15187 8.1617e-09
2.23152 1.13107 4.71216e-09
2.25717 1.09933 4.71216e-09
2.28282 1.07728 0
2.30847 1.02534 0
2.33412 1.01336 4.71216e-09
2.35977 0.992386 0
2.38542 0.9688 3.332e-09
2.41107 0.955805 0
2.43672 0.929156 3.332e-09
2.46237 0.917698 4.71216e-09
2.48802 0.902458 3.332e-09
2.51366 0.889599 6.664e-09
2.53931 0.874238 4.71216e-09
2.56496 0.883999 0
