0.0230664 0 0
0.0461329 0 0
0.0691993 0 0
0.0922657 0 0
0.115332 0 0
0.138399 0 0
0.161465 0 0
0.184531 0 0
0.207598 0 0
0.230664 0 0
0.253731 0 0
0.276797 0 0
0.299864 0 0
0.32293 0 0
0.345996 0 0
0.369063 0 0
0.392129 0 0
0.415196 0 0
0.438262 0 0
0.461329 0 0
0.484395 0 0
0.507461 0 0
0.530528 0 0
0.553594 0 0
0.576661 0 0
0.599727 0 0
0.622794 0 0
0.64586 0 0
0.668926 0 0
0.691993 0 0
0.715059 0 0
0.738126 0 0
0.761192 0 0
0.784259 0 0
0.807325 0 0
0.830391 0 0
0.853458 0 0
0.876524 0 0
0.899591 0 0
0.922657 0.0037778 0
0.945724 0.0461838 2.0825e-10
0.96879 0.289452 2.04043e-09
0.991856 0.985036 8.1617e-09
1.01492 2.25705 9.42432e-09
1.03799 3.64279 0
1.06106 4.62831 0
1.08412 4.86777 0
1.10719 4.46226 1.88486e-08
1.13026 3.69453 1.88486e-08
1.15332 2.72546 1.3328e-08
1.17639 1.825 1.15424e-08
1.19945 1.11858 4.71216e-09
1.22252 0.636028 5.26836e-09
1.24559 0.340141 0
1.26865 0.186653 8.33e-10
1.29172 0.0860426 5.8902e-10
1.31479 0.0525567 2.0825e-10
1.33785 0.0425238 2.0825e-10
1.36092 0.0606668 2.9451e-10
1.38399 0.107114 7.21399e-10
1.40705 0.181767 8.33e-10
1.43012 0.298417 1.17804e-09
1.45319 0.454318 2.8856e-09
1.47625 0.621309 2.35608e-09
1.49932 0.807062 0
1.52238 0.92201 3.332e-09
1.54545 0.967183 4.71216e-09
1.56852 0.927575 4.71216e-09
1.59158 0.79968 5.77119e-09
1.61465 0.656654 3.332e-09
1.63772 0.467467 0
1.66078 0.316312 1.666e-09
1.68385 0.223269 8.33e-10
1.70692 0.19024 8.33e-10
1.72998 0.250856 2.04043e-09
1.75305 0.434411 0
1.77612 0.746971 3.332e-09
1.79918 1.18626 4.71216e-09
1.82225 1.73497 1.15424e-08
1.84531 2.22588 0
1.86838 2.62239 1.63234e-08
1.89145 2.7225 1.3328e-08
1.91451 2.54072 1.3328e-08
1.93758 2.1798 9.42432e-09
1.96065 1.68901 9.42432e-09
1.98371 1.18756 4.71216e-09
2.00678 0.794502 4.71216e-09
2.02985 0.544962 2.35608e-09
2.05291 0.442432 1.666e-09
2.07598 0.463426 2.35608e-09
2.09905 0.589745 4.71216e-09
2.12211 0.757256 0
2.14518 0.921838 5.77119e-09
2.16824 1.01409 4.71216e-09
2.19131 1.02075 4.71216e-09
2.21438 0.918608 3.332e-09
2.23744 0.780607 5.77119e-09
2.26051 0.657152 2.35608e-09
2.28358 0.573986 4.08085e-09
2.30664 0.570489 4.08085e-09
