0.0512993 0 0
0.102599 0 0
0.153898 0 0
0.205197 0 0
0.256496 0 0
0.307796 0 0
0.359095 0 0
0.410394 0 0
0.461694 0 0
0.512993 0 0
0.564292 0 0
0.615591 0 0
0.666891 0 0
0.71819 0 0
0.769489 0 0
0.820788 0 0
0.872088 0 0
0.923387 0.00783955 3.68138e-11
0.974686 0.215237 1.4428e-09
1.02599 0.998511 3.332e-09
1.07728 1.87164 9.42432e-09
1.12858 2.15022 1.63234e-08
1.17988 2.11083 0
1.23118 1.93563 1.15424e-08
1.28248 1.76031 0
1.33378 1.65905 6.664e-09
1.38508 1.48259 6.664e-09
1.43638 1.36779 6.664e-09
1.48768 1.32241 6.664e-09
1.53898 1.22501 6.664e-09
1.59028 1.169 4.71216e-09
1.64158 1.1459 6.664e-09
1.69288 1.12939 8.1617e-09
1.74418 1.07085 0
1.79547 1.06112 8.1617e-09
1.84677 1.02436 0
1.89807 1.03455 8.1617e-09
1.94937 1.03235 8.1617e-09
2.00067 1.00269 8.1617e-09
2.05197 1.00231 6.664e-09
2.10327 1.04373 0
2.15457 1.02471 6.664e-09
2.20587 1.02142 6.664e-09
2.25717 1.01866 4.71216e-09
2.30847 1.04677 4.71216e-09
2.35977 1.0145 0
2.41107 1.00667 0
2.46237 1.02017 4.71216e-09
2.51366 1.01181 6.664e-09
2.56496 1.00966 4.71216e-09
2.61626 0.998275 6.664e-09
2.66756 0.996801 7.45058e-09
2.71886 0.998754 4.71216e-09
2.77016 0.992582 0
2.82146 1.00309 0
2.87276 0.991191 0
2.92406 0.987909 4.71216e-09
2.97536 0.988381 8.1617e-09
3.02666 0.977941 6.664e-09
3.07796 0.997176 4.71216e-09
3.12926 1.00925 0
3.18056 0.999581 8.1617e-09
3.23185 0.981236 5.77119e-09
3.28315 0.995567 3.332e-09
3.33445 0.979788 4.71216e-09
3.38575 0.977476 3.332e-09
3.43705 0.993299 3.332e-09
3.48835 0.987349 0
3.53965 0.989324 5.77119e-09
3.59095 0.997082 3.332e-09
3.64225 1.00956 8.1617e-09
3.69355 0.986794 3.332e-09
3.74485 0.978305 0
3.79615 0.98557 5.77119e-09
3.84745 0.980806 3.332e-09
3.89875 0.984487 4.71216e-09
3.95004 0.98296 5.77119e-09
4.00134 0.991834 4.71216e-09
4.05264 0.985148 4.71216e-09
4.10394 1.00097 8.1617e-09
4.15524 0.986245 3.332e-09
4.20654 0.998099 0
4.25784 0.993937 5.77119e-09
4.30914 0.986289 0
4.36044 0.993063 3.332e-09
4.41174 0.982975 0
4.46304 0.988215 6.664e-09
4.51434 0.998278 6.664e-09
4.56564 0.988459 3.332e-09
4.61694 0.988747 0
4.66823 0.990168 4.71216e-09
4.71953 0.980717 4.71216e-09
4.77083 0.987528 3.332e-09
4.82213 0.997684 6.664e-09
4.87343 0.988256 4.71216e-09
4.92473 0.985574 0
4.97603 0.994781 4.71216e-09
5.02733 0.996906 3.332e-09
5.07863 0.997154 5.77119e-09
5.12993 0.990244 4.71216e-09
