0.0256496 0
0.0512993 0
0.0769489 0
0.102599 0
0.128248 0
0.153898 0
0.179547 0
0.205197 0
0.230847 0
0.256496 0
0.282146 0
0.307796 0
0.333445 0
0.359095 0
0.384745 0
0.410394 0
0.436044 0
0.461694 0
0.487343 0
0.512993 0
0.538642 0
0.564292 0
0.589942 0
0.615591 0
0.641241 0
0.666891 0
0.69254 0
0.71819 0
0.74384 0
0.769489 0
0.795139 0
0.820788 0
0.846438 0
0.872088 0
0.897737 0.00238434
0.923387 0.0241647
0.949037 0.159274
0.974686 0.541711
1.00034 1.18097
1.02599 1.86595
1.05164 2.31139
1.07728 2.55367
1.10293 2.55493
1.12858 2.4064
1.15423 2.21805
1.17988 1.99409
1.20553 1.75674
1.23118 1.57828
1.25683 1.41229
1.28248 1.26158
1.30813 1.14325
1.33378 1.00927
1.35943 0.947033
1.38508 0.874854
1.41073 0.825552
1.43638 0.769564
1.46203 0.728135
1.48768 0.702402
1.51333 0.692564
1.53898 0.687673
1.56463 0.675476
1.59028 0.677758
1.61593 0.665717
1.64158 0.678754
1.66723 0.695444
1.69288 0.711519
1.71853 0.731133
1.74418 0.789074
1.76983 0.81415
1.79547 0.846009
1.82112 0.886309
1.84677 0.93478
1.87242 0.98115
1.89807 1.01939
1.92372 1.04919
1.94937 1.09611
1.97502 1.125
2.00067 1.16322
2.02632 1.17637
2.05197 1.2003
2.07762 1.21902
2.10327 1.20905
2.12892 1.20921
2.15457 1.1992
2.18022 1.19275
2.20587 1.15432
2.23152 1.15063
2.25717 1.11589
2.28282 1.08093
2.30847 1.03856
2.33412 1.0215
2.35977 0.998579
2.38542 0.981787
2.41107 0.948438
2.43672 0.934302
2.46237 0.920691
2.48802 0.909609
2.51366 0.885454
2.53931 0.887177
2.56496 0.88831
0.0256496 0
0.0512993 0
0.0769489 0
0.102599 0
0.128248 0
0.153898 0
0.179547 0
0.205197 0
0.230847 0
0.256496 0
0.282146 0
0.307796 0
0.333445 0
0.359095 0
0.384745 0
0.410394 0
0.436044 0
0.461694 0
0.487343 0
0.512993 0
0.538642 0
0.564292 0
0.589942 0
0.615591 0
0.641241 0
0.666891 0
0.69254 0
0.71819 0
0.74384 0
0.769489 0
0.795139 0
0.820788 0
0.846438 0
0.872088 0
0.897737 0.00146728
0.923387 0.024771
0.949037 0.168615
0.974686 0.556847
1.00034 1.18281
1.02599 1.85245
1.05164 2.35817
1.07728 2.56077
1.10293 2.53457
1.12858 2.40028
1.15423 2.20107
1.17988 1.96029
1.20553 1.77547
1.23118 1.57228
1.25683 1.3914
1.28248 1.2467
1.30813 1.12398
1.33378 0.994044
1.35943 0.929766
1.38508 0.878554
1.41073 0.826618
1.43638 0.771478
1.46203 0.750429
1.48768 0.721319
1.51333 0.698146
1.53898 0.676018
1.56463 0.68666
1.59028 0.662693
1.61593 0.675554
1.64158 0.679837
1.66723 0.691115
1.69288 0.706227
1.71853 0.74851
1.74418 0.768662
1.76983 0.822479
1.79547 0.847749
1.82112 0.891119
1.84677 0.91742
1.87242 0.976
1.89807 1.01432
1.92372 1.05352
1.94937 1.09393
1.97502 1.13016
2.00067 1.16763
2.02632 1.18888
2.05197 1.20083
2.07762 1.23026
2.10327 1.21046
2.12892 1.21218
2.15457 1.21075
2.18022 1.18337
2.20587 1.15187
2.23152 1.13107
2.25717 1.09933
2.28282 1.07728
2.30847 1.02534
2.33412 1.01336
2.35977 0.992386
2.38542 0.9688
2.41107 0.955805
2.43672 0.929156
2.46237 0.917698
2.48802 0.902458
2.51366 0.889599
2.53931 0.874238
2.56496 0.883999
0.0256496 0
0.0512993 0
0.0769489 0
0.102599 0
0.128248 0
0.153898 0
0.179547 0
0.205197 0
0.230847 0
0.256496 0
0.282146 0
0.307796 0
0.333445 0
0.359095 0
0.384745 0
0.410394 0
0.436044 0
0.461694 0
0.487343 0
0.512993 0
0.538642 0
0.564292 0
0.589942 0
0.615591 0
0.641241 0
0.666891 0
0.69254 0
0.71819 0
0.74384 0
0.769489 0
0.795139 0
0.820788 0
0.846438 0
0.872088 0
0.897737 0.0017424
0.923387 0.0231254
0.949037 0.158701
0.974686 0.553742
1.00034 1.21315
1.02599 1.86987
1.05164 2.36256
1.07728 2.55069
1.10293 2.54653
1.12858 2.41822
1.15423 2.18503
1.17988 1.95623
1.20553 1.73518
1.23118 1.54233
1.25683 1.38143
1.28248 1.23908
1.30813 1.12702
1.33378 1.03623
1.35943 0.932142
1.38508 0.880232
1.41073 0.827831
1.43638 0.771761
1.46203 0.730118
1.48768 0.715344
1.51333 0.688609
1.53898 0.678638
1.56463 0.67649
1.59028 0.667051
1.61593 0.680947
1.64158 0.690016
1.66723 0.711581
1.69288 0.724622
1.71853 0.747375
1.74418 0.786032
1.76983 0.81978
1.79547 0.856924
1.82112 0.898125
1.84677 0.937641
1.87242 0.973736
1.89807 1.02725
1.92372 1.05601
1.94937 1.10142
1.97502 1.12461
2.00067 1.15538
2.02632 1.18089
2.05197 1.18817
2.07762 1.21368
2.10327 1.19907
2.12892 1.20521
2.15457 1.1922
2.18022 1.1721
2.20587 1.15541
2.23152 1.12604
2.25717 1.09549
2.28282 1.06436
2.30847 1.04508
2.33412 1.00705
2.35977 0.993872
2.38542 0.970344
2.41107 0.946552
2.43672 0.939045
2.46237 0.913521
2.48802 0.899657
2.51366 0.900749
2.53931 0.890169
2.56496 0.89132
0.0256496 0
0.0512993 0
0.0769489 0
0.102599 0
0.128248 0
0.153898 0
0.179547 0
0.205197 0
0.230847 0
0.256496 0
0.282146 0
0.307796 0
0.333445 0
0.359095 0
0.384745 0
0.410394 0
0.436044 0
0.461694 0
0.487343 0
0.512993 0
0.538642 0
0.564292 0
0.589942 0
0.615591 0
0.641241 0
0.666891 0
0.69254 0
0.71819 0
0.74384 0
0.769489 0
0.795139 0
0.820788 0
0.846438 0
0.872088 0
0.897737 0.000733642
0.923387 0.0219994
0.949037 0.172629
0.974686 0.570818
1.00034 1.23495
1.02599 1.87575
1.05164 2.37561
1.07728 2.52521
1.10293 2.55493
1.12858 2.41055
1.15423 2.20653
1.17988 1.97748
1.20553 1.76229
1.23118 1.51297
1.25683 1.35423
1.28248 1.22095
1.30813 1.11067
1.33378 1.00865
1.35943 0.923944
1.38508 0.851896
1.41073 0.813535
1.43638 0.772647
1.46203 0.74147
1.48768 0.716004
1.51333 0.707045
1.53898 0.684188
1.56463 0.687674
1.59028 0.683732
1.61593 0.678907
1.64158 0.696783
1.66723 0.707934
1.69288 0.742788
1.71853 0.774749
1.74418 0.781719
1.76983 0.825642
1.79547 0.864698
1.82112 0.902188
1.84677 0.927541
1.87242 0.973612
1.89807 1.01717
1.92372 1.03829
1.94937 1.08738
1.97502 1.12886
2.00067 1.15934
2.02632 1.18
2.05197 1.21579
2.07762 1.2039
2.10327 1.1949
2.12892 1.20581
2.15457 1.19688
2.18022 1.18713
2.20587 1.14871
2.23152 1.11559
2.25717 1.09437
2.28282 1.05888
2.30847 1.01689
2.33412 0.995779
2.35977 0.9688
2.38542 0.949025
2.41107 0.939248
2.43672 0.923667
2.46237 0.921804
2.48802 0.908542
2.51366 0.900393
2.53931 0.894141
2.56496 0.894165
0.0256496 0
0.0512993 0
0.0769489 0
0.102599 0
0.128248 0
0.153898 0
0.179547 0
0.205197 0
0.230847 0
0.256496 0
0.282146 0
0.307796 0
0.333445 0
0.359095 0
0.384745 0
0.410394 0
0.436044 0
0.461694 0
0.487343 0
0.512993 0
0.538642 0
0.564292 0
0.589942 0
0.615591 0
0.641241 0
0.666891 0
0.69254 0
0.71819 0
0.74384 0
0.769489 0
0.795139 0
0.820788 0
0.846438 0
0.872088 0
0.897737 0.0017424
0.923387 0.025204
0.949037 0.173285
0.974686 0.567481
1.00034 1.23407
1.02599 1.891
1.05164 2.35045
1.07728 2.57249
1.10293 2.51263
1.12858 2.38621
1.15423 2.1895
1.17988 1.95676
1.20553 1.73049
1.23118 1.53967
1.25683 1.37242
1.28248 1.23971
1.30813 1.10622
1.33378 1.00351
1.35943 0.925845
1.38508 0.868142
1.41073 0.820885
1.43638 0.770698
1.46203 0.729878
1.48768 0.723102
1.51333 0.710299
1.53898 0.694209
1.56463 0.683707
1.59028 0.691236
1.61593 0.680416
1.64158 0.696242
1.66723 0.717143
1.69288 0.739277
1.71853 0.767911
1.74418 0.800335
1.76983 0.832575
1.79547 0.869986
1.82112 0.899706
1.84677 0.927947
1.87242 0.970434
1.89807 1.01289
1.92372 1.05407
1.94937 1.08543
1.97502 1.11358
2.00067 1.15035
2.02632 1.18344
2.05197 1.18437
2.07762 1.19312
2.10327 1.20678
2.12892 1.19667
2.15457 1.18047
2.18022 1.16461
2.20587 1.13984
2.23152 1.11419
2.25717 1.09034
2.28282 1.07088
2.30847 1.03895
2.33412 1.01157
2.35977 0.981291
2.38542 0.968711
2.41107 0.966143
2.43672 0.942137
2.46237 0.935257
2.48802 0.916982
2.51366 0.904251
2.53931 0.898619
2.56496 0.898355
0.0256496 0
0.0512993 0
0.0769489 0
0.102599 0
0.128248 0
0.153898 0
0.179547 0
0.205197 0
0.230847 0
0.256496 0
0.282146 0
0.307796 0
0.333445 0
0.359095 0
0.384745 0
0.410394 0
0.436044 0
0.461694 0
0.487343 0
0.512993 0
0.538642 0
0.564292 0
0.589942 0
0.615591 0
0.641241 0
0.666891 0
0.69254 0
0.71819 0
0.74384 0
0.769489 0
0.795139 0
0.820788 0
0.846438 0
0.872088 0.000291784
0.897737 0.00100876
0.923387 0.0253773
0.949037 0.158373
0.974686 0.586575
1.00034 1.25299
1.02599 1.92038
1.05164 2.34812
1.07728 2.56577
1.10293 2.52949
1.12858 2.37629
1.15423 2.18117
1.17988 1.9672
1.20553 1.74689
1.23118 1.54848
1.25683 1.36867
1.28248 1.24127
1.30813 1.12612
1.33378 1.0124
1.35943 0.946399
1.38508 0.858646
1.41073 0.806773
1.43638 0.759535
1.46203 0.72003
1.48768 0.706991
1.51333 0.678179
1.53898 0.664455
1.56463 0.653259
1.59028 0.66024
1.61593 0.670468
1.64158 0.693021
1.66723 0.709324
1.69288 0.743272
1.71853 0.753422
1.74418 0.801532
1.76983 0.834482
1.79547 0.868924
1.82112 0.9218
1.84677 0.949897
1.87242 1.00653
1.89807 1.04015
1.92372 1.0862
1.94937 1.11294
1.97502 1.14956
2.00067 1.1751
2.02632 1.19113
2.05197 1.19859
2.07762 1.19731
2.10327 1.19784
2.12892 1.18439
2.15457 1.17167
2.18022 1.15702
2.20587 1.13033
2.23152 1.09873
2.25717 1.08195
2.28282 1.04786
2.30847 1.02591
2.33412 0.998831
2.35977 0.982725
2.38542 0.958925
2.41107 0.937025
2.43672 0.923252
2.46237 0.914108
2.48802 0.904533
2.51366 0.89278
2.53931 0.887075
2.56496 0.880052
0.0256496 0
0.0512993 0
0.0769489 0
0.102599 0
0.128248 0
0.153898 0
0.179547 0
0.205197 0
0.230847 0
0.256496 0
0.282146 0
0.307796 0
0.333445 0
0.359095 0
0.384745 0
0.410394 0
0.436044 0
0.461694 0
0.487343 0
0.512993 0
0.538642 0
0.564292 0
0.589942 0
0.615591 0
0.641241 0
0.666891 0
0.69254 0
0.71819 0
0.74384 0
0.769489 0
0.795139 0
0.820788 0
0.846438 0
0.872088 0
0.897737 0.00146728
0.923387 0.0218262
0.949037 0.153457
0.974686 0.544738
1.00034 1.18303
1.02599 1.86735
1.05164 2.34859
1.07728 2.56051
1.10293 2.5707
1.12858 2.43293
1.15423 2.22698
1.17988 1.97305
1.20553 1.7372
1.23118 1.57905
1.25683 1.37688
1.28248 1.22639
1.30813 1.11966
1.33378 1.0138
1.35943 0.94327
1.38508 0.878516
1.41073 0.823421
1.43638 0.783278
1.46203 0.748138
1.48768 0.720593
1.51333 0.689343
1.53898 0.682246
1.56463 0.678101
1.59028 0.66076
1.61593 0.67139
1.64158 0.675776
1.66723 0.681249
1.69288 0.703148
1.71853 0.736292
1.74418 0.770076
1.76983 0.801774
1.79547 0.846483
1.82112 0.881609
1.84677 0.94016
1.87242 0.974173
1.89807 1.03223
1.92372 1.06575
1.94937 1.09303
1.97502 1.15566
2.00067 1.16422
2.02632 1.18709
2.05197 1.21721
2.07762 1.21719
2.10327 1.24099
2.12892 1.22445
2.15457 1.19995
2.18022 1.17668
2.20587 1.14822
2.23152 1.12373
2.25717 1.10318
2.28282 1.06475
2.30847 1.03556
2.33412 1.0007
2.35977 0.985476
2.38542 0.955506
2.41107 0.938848
2.43672 0.925745
2.46237 0.91248
2.48802 0.905494
2.51366 0.892298
2.53931 0.879301
2.56496 0.88594
0.0256496 0
0.0512993 0
0.0769489 0
0.102599 0
0.128248 0
0.153898 0
0.179547 0
0.205197 0
0.230847 0
0.256496 0
0.282146 0
0.307796 0
0.333445 0
0.359095 0
0.384745 0
0.410394 0
0.436044 0
0.461694 0
0.487343 0
0.512993 0
0.538642 0
0.564292 0
0.589942 0
0.615591 0
0.641241 0
0.666891 0
0.69254 0
0.71819 0
0.74384 0
0.769489 0
0.795139 0
0.820788 0
0.846438 0
0.872088 0
0.897737 0.00155899
0.923387 0.0297079
0.949037 0.170253
0.974686 0.562125
1.00034 1.21352
1.02599 1.83146
1.05164 2.30513
1.07728 2.58548
1.10293 2.53807
1.12858 2.39532
1.15423 2.21237
1.17988 1.97205
1.20553 1.73922
1.23118 1.53507
1.25683 1.3902
1.28248 1.25076
1.30813 1.13139
1.33378 1.03339
1.35943 0.941409
1.38508 0.876838
1.41073 0.821069
1.43638 0.762016
1.46203 0.746565
1.48768 0.709071
1.51333 0.708481
1.53898 0.687087
1.56463 0.672733
1.59028 0.679115
1.61593 0.675917
1.64158 0.69118
1.66723 0.704155
1.69288 0.72162
1.71853 0.743573
1.74418 0.772903
1.76983 0.797121
1.79547 0.836585
1.82112 0.895401
1.84677 0.944837
1.87242 0.961712
1.89807 1.0178
1.92372 1.0459
1.94937 1.0878
1.97502 1.1369
2.00067 1.17007
2.02632 1.19742
2.05197 1.21398
2.07762 1.22079
2.10327 1.22269
2.12892 1.21258
2.15457 1.20043
2.18022 1.1846
2.20587 1.16076
2.23152 1.13011
2.25717 1.09516
2.28282 1.06081
2.30847 1.0429
2.33412 1.01668
2.35977 0.968383
2.38542 0.95483
2.41107 0.933404
2.43672 0.933593
2.46237 0.908123
2.48802 0.895132
2.51366 0.887877
2.53931 0.882024
2.56496 0.875983
0.0256496 0
0.0512993 0
0.0769489 0
0.102599 0
0.128248 0
0.153898 0
0.179547 0
0.205197 0
0.230847 0
0.256496 0
0.282146 0
0.307796 0
0.333445 0
0.359095 0
0.384745 0
0.410394 0
0.436044 0
0.461694 0
0.487343 0
0.512993 0
0.538642 0
0.564292 0
0.589942 0
0.615591 0
0.641241 0
0.666891 0
0.69254 0
0.71819 0
0.74384 0
0.769489 0
0.795139 0
0.820788 0
0.846438 0
0.872088 0
0.897737 0.00100876
0.923387 0.024771
0.949037 0.177217
0.974686 0.567093
1.00034 1.2119
1.02599 1.90744
1.05164 2.36829
1.07728 2.58193
1.10293 2.56768
1.12858 2.40709
1.15423 2.1944
1.17988 1.93756
1.20553 1.72993
1.23118 1.54625
1.25683 1.37015
1.28248 1.23557
1.30813 1.11872
1.33378 1.01977
1.35943 0.921607
1.38508 0.850638
1.41073 0.804531
1.43638 0.768182
1.46203 0.726527
1.48768 0.720725
1.51333 0.696009
1.53898 0.685206
1.56463 0.686451
1.59028 0.678797
1.61593 0.687598
1.64158 0.699626
1.66723 0.704418
1.69288 0.736046
1.71853 0.749497
1.74418 0.776017
1.76983 0.811335
1.79547 0.85715
1.82112 0.888879
1.84677 0.937726
1.87242 0.971369
1.89807 1.01515
1.92372 1.05574
1.94937 1.096
1.97502 1.13416
2.00067 1.17694
2.02632 1.19742
2.05197 1.22018
2.07762 1.21495
2.10327 1.22025
2.12892 1.19496
2.15457 1.19054
2.18022 1.16641
2.20587 1.14881
2.23152 1.1213
2.25717 1.08287
2.28282 1.06387
2.30847 1.02719
2.33412 1.00492
2.35977 0.988175
2.38542 0.955353
2.41107 0.931618
2.43672 0.927408
2.46237 0.911535
2.48802 0.903642
2.51366 0.89131
2.53931 0.888527
2.56496 0.890967
0.0256496 0
0.0512993 0
0.0769489 0
0.102599 0
0.128248 0
0.153898 0
0.179547 0
0.205197 0
0.230847 0
0.256496 0
0.282146 0
0.307796 0
0.333445 0
0.359095 0
0.384745 0
0.410394 0
0.436044 0
0.461694 0
0.487343 0
0.512993 0
0.538642 0
0.564292 0
0.589942 0
0.615591 0
0.641241 0
0.666891 0
0.69254 0
0.71819 0
0.74384 0
0.769489 0
0.795139 0
0.820788 0
0.846438 0
0.872088 0
0.897737 0.00100876
0.923387 0.0233852
0.949037 0.175251
0.974686 0.544195
1.00034 1.17913
1.02599 1.84588
1.05164 2.33601
1.07728 2.555
1.10293 2.56877
1.12858 2.4368
1.15423 2.18514
1.17988 1.98771
1.20553 1.76502
1.23118 1.54069
1.25683 1.39762
1.28248 1.25009
1.30813 1.11414
1.33378 1.01524
1.35943 0.938359
1.38508 0.875465
1.41073 0.817724
1.43638 0.770025
1.46203 0.729502
1.48768 0.714485
1.51333 0.696838
1.53898 0.67204
1.56463 0.661818
1.59028 0.652217
1.61593 0.669797
1.64158 0.681245
1.66723 0.693188
1.69288 0.724113
1.71853 0.764135
1.74418 0.795088
1.76983 0.820804
1.79547 0.8588
1.82112 0.89505
1.84677 0.950153
1.87242 0.986591
1.89807 1.02461
1.92372 1.06488
1.94937 1.10021
1.97502 1.12379
2.00067 1.16253
2.02632 1.17012
2.05197 1.19277
2.07762 1.21144
2.10327 1.20702
2.12892 1.21824
2.15457 1.19738
2.18022 1.17503
2.20587 1.15044
2.23152 1.13002
2.25717 1.08282
2.28282 1.06513
2.30847 1.03347
2.33412 1.01285
2.35977 0.994811
2.38542 0.974196
2.41107 0.955929
2.43672 0.92995
2.46237 0.914694
2.48802 0.908296
2.51366 0.89224
2.53931 0.882688
2.56496 0.88337
