0.0230664 0
0.0461329 0
0.0691993 0
0.0922657 0
0.115332 0
0.138399 0
0.161465 0
0.184531 0
0.207598 0
0.230664 0
0.253731 0
0.276797 0
0.299864 0
0.32293 0
0.345996 0
0.369063 0
0.392129 0
0.415196 0
0.438262 0
0.461329 0
0.484395 0
0.507461 0
0.530528 0
0.553594 0
0.576661 0
0.599727 0
0.622794 0
0.64586 0
0.668926 0
0.691993 0
0.715059 0
0.738126 0
0.761192 0
0.784259 0
0.807325 0
0.830391 0
0.853458 0
0.876524 0
0.899591 0
0.922657 0.0015391
0.945724 0.0483133
0.96879 0.303078
0.991856 1.02534
1.01492 2.25757
1.03799 3.67156
1.06106 4.58777
1.08412 4.85333
1.10719 4.42491
1.13026 3.6813
1.15332 2.71829
1.17639 1.82894
1.19945 1.13554
1.22252 0.653454
1.24559 0.359972
1.26865 0.180553
1.29172 0.0945122
1.31479 0.0529329
1.33785 0.0438774
1.36092 0.06274
1.38399 0.115039
1.40705 0.182185
1.43012 0.307133
1.45319 0.460466
1.47625 0.634385
1.49932 0.783368
1.52238 0.917507
1.54545 0.970466
1.56852 0.90733
1.59158 0.800402
1.61465 0.641693
1.63772 0.475439
1.66078 0.321885
1.68385 0.222231
1.70692 0.197736
1.72998 0.266255
1.75305 0.435771
1.77612 0.763982
1.79918 1.2088
1.82225 1.7392
1.84531 2.24505
1.86838 2.57334
1.89145 2.7003
1.91451 2.5089
1.93758 2.17944
1.96065 1.70096
1.98371 1.22114
2.00678 0.808931
2.02985 0.542653
2.05291 0.443408
2.07598 0.471357
2.09905 0.587719
2.12211 0.755222
2.14518 0.916774
2.16824 1.01078
2.19131 1.01896
2.21438 0.906292
2.23744 0.798085
2.26051 0.660746
2.28358 0.570251
2.30664 0.587679
0.0230664 0
0.0461329 0
0.0691993 0
0.0922657 0
0.115332 0
0.138399 0
0.161465 0
0.184531 0
0.207598 0
0.230664 0
0.253731 0
0.276797 0
0.299864 0
0.32293 0
0.345996 0
0.369063 0
0.392129 0
0.415196 0
0.438262 0
0.461329 0
0.484395 0
0.507461 0
0.530528 0
0.553594 0
0.576661 0
0.599727 0
0.622794 0
0.64586 0
0.668926 0
0.691993 0
0.715059 0
0.738126 0
0.761192 0
0.784259 0
0.807325 0
0.830391 0
0.853458 0
0.876524 0
0.899591 0
0.922657 0.0037778
0.945724 0.0461838
0.96879 0.289452
0.991856 0.985036
1.01492 2.25705
1.03799 3.64279
1.06106 4.62831
1.08412 4.86777
1.10719 4.46226
1.13026 3.69453
1.15332 2.72546
1.17639 1.825
1.19945 1.11858
1.22252 0.636028
1.24559 0.340141
1.26865 0.186653
1.29172 0.0860426
1.31479 0.0525567
1.33785 0.0425238
1.36092 0.0606668
1.38399 0.107114
1.40705 0.181767
1.43012 0.298417
1.45319 0.454318
1.47625 0.621309
1.49932 0.807062
1.52238 0.92201
1.54545 0.967183
1.56852 0.927575
1.59158 0.79968
1.61465 0.656654
1.63772 0.467467
1.66078 0.316312
1.68385 0.223269
1.70692 0.19024
1.72998 0.250856
1.75305 0.434411
1.77612 0.746971
1.79918 1.18626
1.82225 1.73497
1.84531 2.22588
1.86838 2.62239
1.89145 2.7225
1.91451 2.54072
1.93758 2.1798
1.96065 1.68901
1.98371 1.18756
2.00678 0.794502
2.02985 0.544962
2.05291 0.442432
2.07598 0.463426
2.09905 0.589745
2.12211 0.757256
2.14518 0.921838
2.16824 1.01409
2.19131 1.02075
2.21438 0.918608
2.23744 0.780607
2.26051 0.657152
2.28358 0.573986
2.30664 0.570489
0.0230664 0
0.0461329 0
0.0691993 0
0.0922657 0
0.115332 0
0.138399 0
0.161465 0
0.184531 0
0.207598 0
0.230664 0
0.253731 0
0.276797 0
0.299864 0
0.32293 0
0.345996 0
0.369063 0
0.392129 0
0.415196 0
0.438262 0
0.461329 0
0.484395 0
0.507461 0
0.530528 0
0.553594 0
0.576661 0
0.599727 0
0.622794 0
0.64586 0
0.668926 0
0.691993 0
0.715059 0
0.738126 0
0.761192 0
0.784259 0
0.807325 0
0.830391 0
0.853458 0
0.876524 0
0.899591 0
0.922657 0.00419756
0.945724 0.0463835
0.96879 0.277537
0.991856 0.99531
1.01492 2.28272
1.03799 3.59362
1.06106 4.68178
1.08412 4.83187
1.10719 4.51146
1.13026 3.66316
1.15332 2.69775
1.17639 1.80582
1.19945 1.12471
1.22252 0.661691
1.24559 0.358599
1.26865 0.177356
1.29172 0.0890194
1.31479 0.0480773
1.33785 0.0405098
1.36092 0.0591676
1.38399 0.100701
1.40705 0.176608
1.43012 0.293741
1.45319 0.462143
1.47625 0.634276
1.49932 0.791266
1.52238 0.917303
1.54545 0.972392
1.56852 0.953161
1.59158 0.8088
1.61465 0.644224
1.63772 0.467599
1.66078 0.313323
1.68385 0.21409
1.70692 0.187775
1.72998 0.24942
1.75305 0.424645
1.77612 0.742252
1.79918 1.18766
1.82225 1.72768
1.84531 2.24856
1.86838 2.59164
1.89145 2.72406
1.91451 2.57161
1.93758 2.19804
1.96065 1.70332
1.98371 1.19672
2.00678 0.783911
2.02985 0.530776
2.05291 0.437777
2.07598 0.457702
2.09905 0.575631
2.12211 0.755509
2.14518 0.924645
2.16824 1.031
2.19131 1.00912
2.21438 0.917591
2.23744 0.792365
2.26051 0.651399
2.28358 0.563253
2.30664 0.566829
0.0230664 0
0.0461329 0
0.0691993 0
0.0922657 0
0.115332 0
0.138399 0
0.161465 0
0.184531 0
0.207598 0
0.230664 0
0.253731 0
0.276797 0
0.299864 0
0.32293 0
0.345996 0
0.369063 0
0.392129 0
0.415196 0
0.438262 0
0.461329 0
0.484395 0
0.507461 0
0.530528 0
0.553594 0
0.576661 0
0.599727 0
0.622794 0
0.64586 0
0.668926 0
0.691993 0
0.715059 0
0.738126 0
0.761192 0
0.784259 0
0.807325 0
0.830391 0
0.853458 0
0.876524 0
0.899591 0
0.922657 0.00258849
0.945724 0.0475148
0.96879 0.301684
0.991856 1.02021
1.01492 2.24442
1.03799 3.61297
1.06106 4.6532
1.08412 4.88044
1.10719 4.47924
1.13026 3.61322
1.15332 2.68684
1.17639 1.80099
1.19945 1.14982
1.22252 0.669453
1.24559 0.356044
1.26865 0.186617
1.29172 0.0877791
1.31479 0.0528303
1.33785 0.0427549
1.36092 0.0606987
1.38399 0.112171
1.40705 0.190207
1.43012 0.291866
1.45319 0.465804
1.47625 0.625532
1.49932 0.795805
1.52238 0.922952
1.54545 0.960642
1.56852 0.930521
1.59158 0.79326
1.61465 0.640021
1.63772 0.466896
1.66078 0.314305
1.68385 0.224079
1.70692 0.200121
1.72998 0.25416
1.75305 0.44525
1.77612 0.764205
1.79918 1.18779
1.82225 1.75055
1.84531 2.23932
1.86838 2.57429
1.89145 2.70707
1.91451 2.522
1.93758 2.16315
1.96065 1.68962
1.98371 1.21007
2.00678 0.821186
2.02985 0.545504
2.05291 0.439854
2.07598 0.466342
2.09905 0.592904
2.12211 0.754792
2.14518 0.917093
2.16824 1.01761
2.19131 1.01115
2.21438 0.919458
2.23744 0.773715
2.26051 0.664604
2.28358 0.583718
2.30664 0.580611
0.0230664 0
0.0461329 0
0.0691993 0
0.0922657 0
0.115332 0
0.138399 0
0.161465 0
0.184531 0
0.207598 0
0.230664 0
0.253731 0
0.276797 0
0.299864 0
0.32293 0
0.345996 0
0.369063 0
0.392129 0
0.415196 0
0.438262 0
0.461329 0
0.484395 0
0.507461 0
0.530528 0
0.553594 0
0.576661 0
0.599727 0
0.622794 0
0.64586 0
0.668926 0
0.691993 0
0.715059 0
0.738126 0
0.761192 0
0.784259 0
0.807325 0
0.830391 0
0.853458 0
0.876524 0
0.899591 7.36405e-05
0.922657 0.00202882
0.945724 0.0377989
0.96879 0.275699
0.991856 0.969203
1.01492 2.20069
1.03799 3.64119
1.06106 4.64914
1.08412 4.94611
1.10719 4.51727
1.13026 3.68135
1.15332 2.74105
1.17639 1.81374
1.19945 1.11492
1.22252 0.635791
1.24559 0.334077
1.26865 0.17324
1.29172 0.0801245
1.31479 0.0428113
1.33785 0.0350953
1.36092 0.054734
1.38399 0.10178
1.40705 0.173984
1.43012 0.288749
1.45319 0.444147
1.47625 0.636117
1.49932 0.802076
1.52238 0.949184
1.54545 0.976909
1.56852 0.942931
1.59158 0.821804
1.61465 0.653738
1.63772 0.454838
1.66078 0.30523
1.68385 0.202626
1.70692 0.167932
1.72998 0.234552
1.75305 0.408559
1.77612 0.728785
1.79918 1.18364
1.82225 1.73447
1.84531 2.25123
1.86838 2.63621
1.89145 2.77366
1.91451 2.59656
1.93758 2.20623
1.96065 1.68808
1.98371 1.19824
2.00678 0.776791
2.02985 0.510859
2.05291 0.414837
2.07598 0.443557
2.09905 0.575911
2.12211 0.758834
2.14518 0.918024
2.16824 1.03177
2.19131 1.02923
2.21438 0.932408
2.23744 0.783995
2.26051 0.645451
2.28358 0.559529
2.30664 0.544788
0.0230664 0
0.0461329 0
0.0691993 0
0.0922657 0
0.115332 0
0.138399 0
0.161465 0
0.184531 0
0.207598 0
0.230664 0
0.253731 0
0.276797 0
0.299864 0
0.32293 0
0.345996 0
0.369063 0
0.392129 0
0.415196 0
0.438262 0
0.461329 0
0.484395 0
0.507461 0
0.530528 0
0.553594 0
0.576661 0
0.599727 0
0.622794 0
0.64586 0
0.668926 0
0.691993 0
0.715059 0
0.738126 0
0.761192 0
0.784259 0
0.807325 0
0.830391 0
0.853458 0
0.876524 0
0.899591 0
0.922657 0.00335804
0.945724 0.0456515
0.96879 0.283304
0.991856 0.993618
1.01492 2.21748
1.03799 3.57267
1.06106 4.58366
1.08412 4.94833
1.10719 4.58205
1.13026 3.69606
1.15332 2.73165
1.17639 1.83172
1.19945 1.10562
1.22252 0.63587
1.24559 0.327365
1.26865 0.171549
1.29172 0.082109
1.31479 0.04117
1.33785 0.0373074
1.36092 0.0576685
1.38399 0.0953054
1.40705 0.175415
1.43012 0.289355
1.45319 0.445684
1.47625 0.645024
1.49932 0.814172
1.52238 0.926005
1.54545 0.977773
1.56852 0.934067
1.59158 0.822083
1.61465 0.640473
1.63772 0.465776
1.66078 0.314241
1.68385 0.209812
1.70692 0.172903
1.72998 0.24114
1.75305 0.416162
1.77612 0.72442
1.79918 1.17756
1.82225 1.72878
1.84531 2.27125
1.86838 2.62895
1.89145 2.74608
1.91451 2.59339
1.93758 2.18564
1.96065 1.68623
1.98371 1.20893
2.00678 0.782744
2.02985 0.524617
2.05291 0.412454
2.07598 0.444511
2.09905 0.570606
2.12211 0.751676
2.14518 0.929391
2.16824 1.02407
2.19131 1.04852
2.21438 0.92482
2.23744 0.783632
2.26051 0.646702
2.28358 0.564907
2.30664 0.554326
0.0230664 0
0.0461329 0
0.0691993 0
0.0922657 0
0.115332 0
0.138399 0
0.161465 0
0.184531 0
0.207598 0
0.230664 0
0.253731 0
0.276797 0
0.299864 0
0.32293 0
0.345996 0
0.369063 0
0.392129 0
0.415196 0
0.438262 0
0.461329 0
0.484395 0
0.507461 0
0.530528 0
0.553594 0
0.576661 0
0.599727 0
0.622794 0
0.64586 0
0.668926 0
0.691993 0
0.715059 0
0.738126 0
0.761192 0
0.784259 0
0.807325 0
0.830391 0
0.853458 0
0.876524 0
0.899591 0.000147281
0.922657 0.00433747
0.945724 0.0439878
0.96879 0.299593
0.991856 0.990234
1.01492 2.23098
1.03799 3.62278
1.06106 4.58508
1.08412 4.90406
1.10719 4.56444
1.13026 3.67151
1.15332 2.6998
1.17639 1.81194
1.19945 1.14677
1.22252 0.638642
1.24559 0.340522
1.26865 0.172578
1.29172 0.0814712
1.31479 0.0440765
1.33785 0.0369442
1.36092 0.0533944
1.38399 0.100146
1.40705 0.179292
1.43012 0.298792
1.45319 0.449484
1.47625 0.629458
1.49932 0.810919
1.52238 0.93748
1.54545 0.981944
1.56852 0.925131
1.59158 0.813755
1.61465 0.645151
1.63772 0.465271
1.66078 0.311316
1.68385 0.207777
1.70692 0.184663
1.72998 0.244897
1.75305 0.417502
1.77612 0.733093
1.79918 1.17119
1.82225 1.71922
1.84531 2.25065
1.86838 2.63754
1.89145 2.7436
1.91451 2.59467
1.93758 2.18536
1.96065 1.70206
1.98371 1.20603
2.00678 0.789411
2.02985 0.524788
2.05291 0.40936
2.07598 0.436376
2.09905 0.57715
2.12211 0.762041
2.14518 0.922655
2.16824 1.02204
2.19131 1.02776
2.21438 0.941038
2.23744 0.779271
2.26051 0.649252
2.28358 0.556356
2.30664 0.552892
0.0230664 0
0.0461329 0
0.0691993 0
0.0922657 0
0.115332 0
0.138399 0
0.161465 0
0.184531 0
0.207598 0
0.230664 0
0.253731 0
0.276797 0
0.299864 0
0.32293 0
0.345996 0
0.369063 0
0.392129 0
0.415196 0
0.438262 0
0.461329 0
0.484395 0
0.507461 0
0.530528 0
0.553594 0
0.576661 0
0.599727 0
0.622794 0
0.64586 0
0.668926 0
0.691993 0
0.715059 0
0.738126 0
0.761192 0
0.784259 0
0.807325 0
0.830391 0
0.853458 0
0.876524 0
0.899591 0
0.922657 0.00300825
0.945724 0.0437216
0.96879 0.282353
0.991856 1.00879
1.01492 2.2503
1.03799 3.62868
1.06106 4.65921
1.08412 4.87983
1.10719 4.45583
1.13026 3.65819
1.15332 2.6818
1.17639 1.85333
1.19945 1.13694
1.22252 0.652424
1.24559 0.351315
1.26865 0.17335
1.29172 0.0834557
1.31479 0.0462992
1.33785 0.040873
1.36092 0.0613685
1.38399 0.0998379
1.40705 0.178725
1.43012 0.30947
1.45319 0.460187
1.47625 0.615624
1.49932 0.799846
1.52238 0.909289
1.54545 0.974366
1.56852 0.923478
1.59158 0.834064
1.61465 0.644382
1.63772 0.47008
1.66078 0.318832
1.68385 0.214464
1.70692 0.186643
1.72998 0.24767
1.75305 0.429317
1.77612 0.753126
1.79918 1.19653
1.82225 1.75992
1.84531 2.23263
1.86838 2.58352
1.89145 2.6961
1.91451 2.54903
1.93758 2.17922
1.96065 1.70284
1.98371 1.20999
2.00678 0.801067
2.02985 0.543038
2.05291 0.429359
2.07598 0.460155
2.09905 0.589052
2.12211 0.7656
2.14518 0.922923
2.16824 0.999157
2.19131 1.00775
2.21438 0.920631
2.23744 0.793642
2.26051 0.651537
2.28358 0.572051
2.30664 0.567965
0.0230664 0
0.0461329 0
0.0691993 0
0.0922657 0
0.115332 0
0.138399 0
0.161465 0
0.184531 0
0.207598 0
0.230664 0
0.253731 0
0.276797 0
0.299864 0
0.32293 0
0.345996 0
0.369063 0
0.392129 0
0.415196 0
0.438262 0
0.461329 0
0.484395 0
0.507461 0
0.530528 0
0.553594 0
0.576661 0
0.599727 0
0.622794 0
0.64586 0
0.668926 0
0.691993 0
0.715059 0
0.738126 0
0.761192 0
0.784259 0
0.807325 0
0.830391 0
0.853458 0
0.876524 0
0.899591 0.000294562
0.922657 0.00251853
0.945724 0.0491785
0.96879 0.296233
0.991856 1.0196
1.01492 2.27113
1.03799 3.60409
1.06106 4.61113
1.08412 4.84197
1.10719 4.50338
1.13026 3.67155
1.15332 2.72185
1.17639 1.79178
1.19945 1.13817
1.22252 0.652662
1.24559 0.359056
1.26865 0.177944
1.29172 0.0873538
1.31479 0.0484192
1.33785 0.0417644
1.36092 0.0610176
1.38399 0.10434
1.40705 0.189223
1.43012 0.298388
1.45319 0.442554
1.47625 0.618846
1.49932 0.803939
1.52238 0.935495
1.54545 0.975946
1.56852 0.928485
1.59158 0.803752
1.61465 0.642122
1.63772 0.468082
1.66078 0.318084
1.68385 0.217807
1.70692 0.190705
1.72998 0.262204
1.75305 0.435273
1.77612 0.759561
1.79918 1.18922
1.82225 1.73954
1.84531 2.21641
1.86838 2.60289
1.89145 2.68897
1.91451 2.54029
1.93758 2.18702
1.96065 1.71679
1.98371 1.20291
2.00678 0.80327
2.02985 0.535011
2.05291 0.43945
2.07598 0.452524
2.09905 0.587466
2.12211 0.7559
2.14518 0.919644
2.16824 1.01591
2.19131 1.03609
2.21438 0.91412
2.23744 0.773422
2.26051 0.647426
2.28358 0.56557
2.30664 0.572838
0.0230664 0
0.0461329 0
0.0691993 0
0.0922657 0
0.115332 0
0.138399 0
0.161465 0
0.184531 0
0.207598 0
0.230664 0
0.253731 0
0.276797 0
0.299864 0
0.32293 0
0.345996 0
0.369063 0
0.392129 0
0.415196 0
0.438262 0
0.461329 0
0.484395 0
0.507461 0
0.530528 0
0.553594 0
0.576661 0
0.599727 0
0.622794 0
0.64586 0
0.668926 0
0.691993 0
0.715059 0
0.738126 0
0.761192 0
0.784259 0
0.807325 0
0.830391 0
0.853458 0
0.876524 0
0.899591 0.000147281
0.922657 0.00202882
0.945724 0.0433223
0.96879 0.284128
0.991856 0.990173
1.01492 2.20663
1.03799 3.5913
1.06106 4.68916
1.08412 4.9285
1.10719 4.50992
1.13026 3.6968
1.15332 2.66403
1.17639 1.83035
1.19945 1.10883
1.22252 0.65678
1.24559 0.347043
1.26865 0.174967
1.29172 0.0794158
1.31479 0.0453075
1.33785 0.0394203
1.36092 0.0505237
1.38399 0.0989745
1.40705 0.17625
1.43012 0.294752
1.45319 0.4373
1.47625 0.615678
1.49932 0.81168
1.52238 0.952033
1.54545 0.98698
1.56852 0.935505
1.59158 0.827341
1.61465 0.657399
1.63772 0.460505
1.66078 0.310163
1.68385 0.20705
1.70692 0.175995
1.72998 0.238878
1.75305 0.418383
1.77612 0.729344
1.79918 1.19304
1.82225 1.73257
1.84531 2.24282
1.86838 2.60275
1.89145 2.75882
1.91451 2.58112
1.93758 2.19452
1.96065 1.68795
1.98371 1.20022
2.00678 0.794502
2.02985 0.531204
2.05291 0.41506
2.07598 0.446092
2.09905 0.576991
2.12211 0.761689
2.14518 0.928166
2.16824 1.01849
2.19131 1.03582
2.21438 0.925394
2.23744 0.763083
2.26051 0.638756
2.28358 0.555793
2.30664 0.558879
