0.0512993 0
0.102599 0
0.153898 0
0.205197 0
0.256496 0
0.307796 0
0.359095 0
0.410394 0
0.461694 0
0.512993 0
0.564292 0
0.615591 0
0.666891 0
0.71819 0
0.769489 0
0.820788 0
0.872088 0
0.923387 0.00463246
0.974686 0.193235
1.02599 0.876531
1.07728 1.6213
1.12858 1.93229
1.17988 1.93168
1.23118 1.77416
1.28248 1.65413
1.33378 1.48398
1.38508 1.37675
1.43638 1.29635
1.48768 1.19879
1.53898 1.18186
1.59028 1.12394
1.64158 1.07979
1.69288 1.0586
1.74418 1.04167
1.79547 1.02325
1.84677 1.02141
1.89807 1.01079
1.94937 0.99509
2.00067 0.996945
2.05197 1.02189
2.10327 1.03381
2.15457 1.03587
2.20587 1.04015
2.25717 1.01572
2.30847 1.0224
2.35977 1.01808
2.41107 1.01707
2.46237 0.996129
2.51366 1.00601
2.56496 1.00654
2.61626 0.999516
2.66756 0.994085
2.71886 0.989685
2.77016 0.98301
2.82146 0.972111
2.87276 0.985592
2.92406 0.980557
2.97536 0.986433
3.02666 0.982215
3.07796 0.97365
3.12926 0.994128
3.18056 0.994069
3.23185 0.974055
3.28315 0.985822
3.33445 0.970657
3.38575 0.982692
3.43705 0.98893
3.48835 0.989649
3.53965 0.998908
3.59095 0.995455
3.64225 0.992321
3.69355 0.984018
3.74485 0.983622
3.79615 0.985731
3.84745 0.991091
3.89875 0.994119
3.95004 0.986597
4.00134 0.987527
4.05264 0.986548
4.10394 0.982144
4.15524 0.989984
4.20654 0.98957
4.25784 0.982053
4.30914 0.995354
4.36044 0.998429
4.41174 0.9974
4.46304 0.988084
4.51434 0.996139
4.56564 0.98995
4.61694 1.00014
4.66823 1.00011
4.71953 0.997666
4.77083 1.00746
4.82213 0.998283
4.87343 0.994258
4.92473 1.00222
4.97603 1.0205
5.02733 1.01079
5.07863 0.997717
5.12993 1.0045
0.0512993 0
0.102599 0
0.153898 0
0.205197 0
0.256496 0
0.307796 0
0.359095 0
0.410394 0
0.461694 0
0.512993 0
0.564292 0
0.615591 0
0.666891 0
0.71819 0
0.769489 0
0.820788 0
0.872088 0
0.923387 0.00783955
0.974686 0.215237
1.02599 0.998511
1.07728 1.87164
1.12858 2.15022
1.17988 2.11083
1.23118 1.93563
1.28248 1.76031
1.33378 1.65905
1.38508 1.48259
1.43638 1.36779
1.48768 1.32241
1.53898 1.22501
1.59028 1.169
1.64158 1.1459
1.69288 1.12939
1.74418 1.07085
1.79547 1.06112
1.84677 1.02436
1.89807 1.03455
1.94937 1.03235
2.00067 1.00269
2.05197 1.00231
2.10327 1.04373
2.15457 1.02471
2.20587 1.02142
2.25717 1.01866
2.30847 1.04677
2.35977 1.0145
2.41107 1.00667
2.46237 1.02017
2.51366 1.01181
2.56496 1.00966
2.61626 0.998275
2.66756 0.996801
2.71886 0.998754
2.77016 0.992582
2.82146 1.00309
2.87276 0.991191
2.92406 0.987909
2.97536 0.988381
3.02666 0.977941
3.07796 0.997176
3.12926 1.00925
3.18056 0.999581
3.23185 0.981236
3.28315 0.995567
3.33445 0.979788
3.38575 0.977476
3.43705 0.993299
3.48835 0.987349
3.53965 0.989324
3.59095 0.997082
3.64225 1.00956
3.69355 0.986794
3.74485 0.978305
3.79615 0.98557
3.84745 0.980806
3.89875 0.984487
3.95004 0.98296
4.00134 0.991834
4.05264 0.985148
4.10394 1.00097
4.15524 0.986245
4.20654 0.998099
4.25784 0.993937
4.30914 0.986289
4.36044 0.993063
4.41174 0.982975
4.46304 0.988215
4.51434 0.998278
4.56564 0.988459
4.61694 0.988747
4.66823 0.990168
4.71953 0.980717
4.77083 0.987528
4.82213 0.997684
4.87343 0.988256
4.92473 0.985574
4.97603 0.994781
5.02733 0.996906
5.07863 0.997154
5.12993 0.990244
0.0512993 0
0.102599 0
0.153898 0
0.205197 0
0.256496 0
0.307796 0
0.359095 0
0.410394 0
0.461694 0
0.512993 0
0.564292 0
0.615591 0
0.666891 0
0.71819 0
0.769489 0
0.820788 0
0.872088 0
0.923387 0.00712686
0.974686 0.233732
1.02599 1.04328
1.07728 1.95501
1.12858 2.28716
1.17988 2.23824
1.23118 2.03938
1.28248 1.82086
1.33378 1.64898
1.38508 1.51679
1.43638 1.36289
1.48768 1.26611
1.53898 1.24307
1.59028 1.17522
1.64158 1.1525
1.69288 1.13094
1.74418 1.1082
1.79547 1.11569
1.84677 1.09564
1.89807 1.11222
1.94937 1.10795
2.00067 1.13752
2.05197 1.14852
2.10327 1.13763
2.15457 1.13379
2.20587 1.13134
2.25717 1.11788
2.30847 1.0977
2.35977 1.10429
2.41107 1.1194
2.46237 1.12133
2.51366 1.12458
2.56496 1.1233
2.61626 1.08623
2.66756 1.09582
2.71886 1.07994
2.77016 1.06344
2.82146 1.07406
2.87276 1.06568
2.92406 1.07558
2.97536 1.0629
3.02666 1.05047
3.07796 1.04851
3.12926 1.0363
3.18056 1.03369
3.23185 1.04973
3.28315 1.03761
3.33445 1.04662
3.38575 1.03521
3.43705 1.01717
3.48835 1.02379
3.53965 1.02329
3.59095 1.01735
3.64225 1.01196
3.69355 1.01152
3.74485 1.00246
3.79615 0.990237
3.84745 0.999234
3.89875 0.998849
3.95004 0.999262
4.00134 0.98262
4.05264 0.992074
4.10394 0.983837
4.15524 0.989597
4.20654 0.977836
4.25784 0.975253
4.30914 0.979964
4.36044 0.98655
4.41174 0.985335
4.46304 0.99373
4.51434 0.98154
4.56564 0.980389
4.61694 0.968838
4.66823 0.965951
4.71953 0.977418
4.77083 0.978776
4.82213 0.985035
4.87343 0.987205
4.92473 0.9892
4.97603 0.982192
5.02733 0.989385
5.07863 0.989065
5.12993 0.986881
0.0512993 0
0.102599 0
0.153898 0
0.205197 0
0.256496 0
0.307796 0
0.359095 0
0.410394 0
0.461694 0
0.512993 0
0.564292 0
0.615591 0
0.666891 0
0.71819 0
0.769489 0
0.820788 0
0.872088 0.000400831
0.923387 0.0146101
0.974686 0.280924
1.02599 1.17761
1.07728 2.07343
1.12858 2.45527
1.17988 2.45901
1.23118 2.24809
1.28248 1.96688
1.33378 1.7418
1.38508 1.56575
1.43638 1.41975
1.48768 1.34257
1.53898 1.28458
1.59028 1.20338
1.64158 1.15173
1.69288 1.1297
1.74418 1.11656
1.79547 1.11743
1.84677 1.08429
1.89807 1.12279
1.94937 1.11858
2.00067 1.11845
2.05197 1.15685
2.10327 1.16178
2.15457 1.16472
2.20587 1.17667
2.25717 1.16605
2.30847 1.15166
2.35977 1.13392
2.41107 1.13626
2.46237 1.11722
2.51366 1.10736
2.56496 1.10677
2.61626 1.10567
2.66756 1.10405
2.71886 1.08778
2.77016 1.09868
2.82146 1.09622
2.87276 1.10615
2.92406 1.08803
2.97536 1.10156
3.02666 1.08776
3.07796 1.09014
3.12926 1.085
3.18056 1.08131
3.23185 1.0701
3.28315 1.06774
3.33445 1.06627
3.38575 1.05256
3.43705 1.04526
3.48835 1.02326
3.53965 1.03955
3.59095 1.01979
3.64225 1.01567
3.69355 1.01895
3.74485 1.02688
3.79615 1.02071
3.84745 1.02205
3.89875 1.01788
3.95004 1.01625
4.00134 1.01886
4.05264 1.01939
4.10394 1.0238
4.15524 1.01549
4.20654 1.01452
4.25784 1.00534
4.30914 0.990877
4.36044 0.99554
4.41174 0.99628
4.46304 0.996181
4.51434 0.996596
4.56564 0.99211
4.61694 0.991936
4.66823 0.991194
4.71953 0.992164
4.77083 0.986227
4.82213 0.981039
4.87343 0.978429
4.92473 0.9754
4.97603 0.976682
5.02733 0.97293
5.07863 0.971536
5.12993 0.968876
0.0512993 0
0.102599 0
0.153898 0
0.205197 0
0.256496 0
0.307796 0
0.359095 0
0.410394 0
0.461694 0
0.512993 0
0.564292 0
0.615591 0
0.666891 0
0.71819 0
0.769489 0
0.820788 0
0.872088 0
0.923387 0.0110466
0.974686 0.251907
1.02599 1.11217
1.07728 2.06356
1.12858 2.38137
1.17988 2.43378
1.23118 2.19986
1.28248 1.96633
1.33378 1.79618
1.38508 1.57694
1.43638 1.45107
1.48768 1.38194
1.53898 1.2536
1.59028 1.2597
1.64158 1.18264
1.69288 1.16979
1.74418 1.16801
1.79547 1.121
1.84677 1.13375
1.89807 1.12246
1.94937 1.13884
2.00067 1.13981
2.05197 1.15461
2.10327 1.16238
2.15457 1.17156
2.20587 1.15757
2.25717 1.17932
2.30847 1.16583
2.35977 1.15127
2.41107 1.15095
2.46237 1.12729
2.51366 1.11933
2.56496 1.09613
2.61626 1.09462
2.66756 1.10126
2.71886 1.0818
2.77016 1.07236
2.82146 1.07725
2.87276 1.07018
2.92406 1.06242
2.97536 1.05164
3.02666 1.05612
3.07796 1.05542
3.12926 1.05094
3.18056 1.06377
3.23185 1.04962
3.28315 1.05174
3.33445 1.05848
3.38575 1.04729
3.43705 1.05214
3.48835 1.04257
3.53965 1.04399
3.59095 1.05098
3.64225 1.04044
3.69355 1.03326
3.74485 1.02705
3.79615 1.02445
3.84745 1.01534
3.89875 1.0197
3.95004 1.01387
4.00134 1.01101
4.05264 1.01671
4.10394 0.999312
4.15524 1.00235
4.20654 0.992035
4.25784 0.991419
4.30914 0.989969
4.36044 0.988935
4.41174 0.986529
4.46304 0.982423
4.51434 0.981468
4.56564 0.979901
4.61694 0.98083
4.66823 0.975001
4.71953 0.970691
4.77083 0.96163
4.82213 0.955555
4.87343 0.952943
4.92473 0.959398
4.97603 0.959193
5.02733 0.955315
5.07863 0.956437
5.12993 0.962029
0.0512993 0
0.102599 0
0.153898 0
0.205197 0
0.256496 0
0.307796 0
0.359095 0
0.410394 0
0.461694 0
0.512993 0
0.564292 0
0.615591 0
0.666891 0
0.71819 0
0.769489 0
0.820788 0
0.872088 0
0.923387 0.00570149
0.974686 0.229586
1.02599 1.05103
1.07728 1.86463
1.12858 2.20476
1.17988 2.2197
1.23118 1.99274
1.28248 1.82632
1.33378 1.63253
1.38508 1.51741
1.43638 1.38627
1.48768 1.28909
1.53898 1.23517
1.59028 1.19188
1.64158 1.1514
1.69288 1.13445
1.74418 1.147
1.79547 1.11073
1.84677 1.10248
1.89807 1.11549
1.94937 1.12293
2.00067 1.13583
2.05197 1.11445
2.10327 1.09524
2.15457 1.07307
2.20587 1.11146
2.25717 1.10167
2.30847 1.09483
2.35977 1.07344
2.41107 1.08219
2.46237 1.06284
2.51366 1.07014
2.56496 1.09051
2.61626 1.06659
2.66756 1.08035
2.71886 1.07186
2.77016 1.0377
2.82146 1.03914
2.87276 1.03223
2.92406 1.03226
2.97536 1.0316
3.02666 1.01909
3.07796 1.02268
3.12926 1.00847
3.18056 1.01251
3.23185 1.01058
3.28315 1.01601
3.33445 0.99923
3.38575 0.997271
3.43705 1.00186
3.48835 1.00045
3.53965 0.988579
3.59095 0.986709
3.64225 0.986259
3.69355 0.993434
3.74485 0.985387
3.79615 0.994461
3.84745 0.994592
3.89875 1.00628
3.95004 0.995047
4.00134 1.00708
4.05264 0.987894
4.10394 0.994286
4.15524 0.984409
4.20654 0.977475
4.25784 0.978236
4.30914 0.980246
4.36044 0.975084
4.41174 0.978809
4.46304 0.988492
4.51434 0.97846
4.56564 0.976821
4.61694 0.972067
4.66823 0.976001
4.71953 0.961968
4.77083 0.966937
4.82213 0.968478
4.87343 0.974639
4.92473 0.974108
4.97603 0.974783
5.02733 0.982484
5.07863 0.982269
5.12993 0.98106
0.0512993 0
0.102599 0
0.153898 0
0.205197 0
0.256496 0
0.307796 0
0.359095 0
0.410394 0
0.461694 0
0.512993 0
0.564292 0
0.615591 0
0.666891 0
0.71819 0
0.769489 0
0.820788 0
0.872088 0
0.923387 0.0049888
0.974686 0.190046
1.02599 0.981577
1.07728 1.68596
1.12858 2.04822
1.17988 1.96466
1.23118 1.80242
1.28248 1.59121
1.33378 1.45393
1.38508 1.32064
1.43638 1.27499
1.48768 1.22593
1.53898 1.17057
1.59028 1.13638
1.64158 1.12731
1.69288 1.08619
1.74418 1.07124
1.79547 1.06259
1.84677 1.05606
1.89807 1.05577
1.94937 1.03763
2.00067 1.06116
2.05197 1.0589
2.10327 1.04719
2.15457 1.03992
2.20587 1.01731
2.25717 1.0058
2.30847 1.01678
2.35977 1.02536
2.41107 1.01333
2.46237 1.01466
2.51366 1.01891
2.56496 1.0036
2.61626 0.995065
2.66756 0.995978
2.71886 0.989329
2.77016 1.00929
2.82146 1.01283
2.87276 1.02443
2.92406 1.01205
2.97536 1.00931
3.02666 0.988881
3.07796 0.990701
3.12926 0.99887
3.18056 0.988643
3.23185 0.987663
3.28315 0.999953
3.33445 0.992172
3.38575 1.00147
3.43705 0.991176
3.48835 1.00086
3.53965 1.01377
3.59095 1.00341
3.64225 1.00662
3.69355 1.01099
3.74485 1.00439
3.79615 1.01279
3.84745 1.01103
3.89875 1.01601
3.95004 1.01411
4.00134 1.00468
4.05264 1.0122
4.10394 1.01202
4.15524 0.998171
4.20654 1.00752
4.25784 0.999566
4.30914 1.00631
4.36044 0.991702
4.41174 0.995026
4.46304 0.987063
4.51434 0.99383
4.56564 0.992473
4.61694 0.991691
4.66823 1.00351
4.71953 0.99871
4.77083 0.993805
4.82213 0.987482
4.87343 0.988134
4.92473 0.989763
4.97603 0.99137
5.02733 0.999421
5.07863 0.999753
5.12993 1.00636
0.0512993 0
0.102599 0
0.153898 0
0.205197 0
0.256496 0
0.307796 0
0.359095 0
0.410394 0
0.461694 0
0.512993 0
0.564292 0
0.615591 0
0.666891 0
0.71819 0
0.769489 0
0.820788 0
0.872088 0
0.923387 0.00677052
0.974686 0.220977
1.02599 0.931924
1.07728 1.71998
1.12858 2.10182
1.17988 2.08474
1.23118 1.92199
1.28248 1.72249
1.33378 1.54995
1.38508 1.40255
1.43638 1.32089
1.48768 1.23131
1.53898 1.18349
1.59028 1.12805
1.64158 1.10894
1.69288 1.07875
1.74418 1.03681
1.79547 1.05699
1.84677 1.02739
1.89807 1.05405
1.94937 1.04655
2.00067 1.06521
2.05197 1.05876
2.10327 1.07001
2.15457 1.07687
2.20587 1.07151
2.25717 1.05062
2.30847 1.04484
2.35977 1.0282
2.41107 1.00541
2.46237 1.00247
2.51366 1.0016
2.56496 1.00551
2.61626 0.975547
2.66756 0.976594
2.71886 0.981171
2.77016 0.985489
2.82146 1.00107
2.87276 0.978682
2.92406 0.971427
2.97536 0.980589
3.02666 0.990859
3.07796 0.997176
3.12926 0.989476
3.18056 0.997532
3.23185 0.992246
3.28315 0.980543
3.33445 0.97698
3.38575 0.987527
3.43705 0.979723
3.48835 0.988547
3.53965 0.978669
3.59095 0.98063
3.64225 0.9856
3.69355 0.985641
3.74485 0.986384
3.79615 0.985651
3.84745 0.985486
3.89875 0.974529
3.95004 0.976562
4.00134 0.979185
4.05264 0.977035
4.10394 0.971022
4.15524 0.974504
4.20654 0.964525
4.25784 0.97304
4.30914 0.973608
4.36044 0.975222
4.41174 0.972299
4.46304 0.970154
4.51434 0.982124
4.56564 0.981295
4.61694 0.975011
4.66823 0.978533
4.71953 0.973989
4.77083 0.971428
4.82213 0.97401
4.87343 0.973124
4.92473 0.967848
4.97603 0.97408
5.02733 0.97301
5.07863 0.971817
5.12993 0.964532
0.0512993 0
0.102599 0
0.153898 0
0.205197 0
0.256496 0
0.307796 0
0.359095 0
0.410394 0
0.461694 0
0.512993 0
0.564292 0
0.615591 0
0.666891 0
0.71819 0
0.769489 0
0.820788 0
0.872088 0
0.923387 0.00570149
0.974686 0.257966
1.02599 1.15522
1.07728 2.03577
1.12858 2.43969
1.17988 2.35876
1.23118 2.19887
1.28248 1.94087
1.33378 1.70521
1.38508 1.55658
1.43638 1.43231
1.48768 1.32631
1.53898 1.23755
1.59028 1.2022
1.64158 1.13358
1.69288 1.09714
1.74418 1.08524
1.79547 1.03067
1.84677 1.0144
1.89807 1.02095
1.94937 0.991287
2.00067 1.01543
2.05197 1.02819
2.10327 1.01957
2.15457 1.01153
2.20587 1.00715
2.25717 1.01284
2.30847 1.02681
2.35977 1.0194
2.41107 1.01616
2.46237 1.01935
2.51366 0.994086
2.56496 1.00578
2.61626 1.00748
2.66756 1.01104
2.71886 0.997923
2.77016 0.990752
2.82146 0.988649
2.87276 0.991404
2.92406 0.982199
2.97536 0.995875
3.02666 0.97271
3.07796 0.982253
3.12926 0.971344
3.18056 0.969797
3.23185 0.958769
3.28315 0.960402
3.33445 0.965199
3.38575 0.964373
3.43705 0.96864
3.48835 0.97204
3.53965 0.971597
3.59095 0.977986
3.64225 0.976025
3.69355 0.976331
3.74485 0.96923
3.79615 0.975144
3.84745 0.972034
3.89875 0.972978
3.95004 0.966042
4.00134 0.958993
4.05264 0.974732
4.10394 0.97059
4.15524 0.976677
4.20654 0.980318
4.25784 0.968004
4.30914 0.96985
4.36044 0.959965
4.41174 0.965505
4.46304 0.963049
4.51434 0.969977
4.56564 0.966619
4.61694 0.970923
4.66823 0.967217
4.71953 0.970521
4.77083 0.966631
4.82213 0.970426
4.87343 0.970642
4.92473 0.975771
4.97603 0.984876
5.02733 0.972942
5.07863 0.98165
5.12993 0.988888
0.0512993 0
0.102599 0
0.153898 0
0.205197 0
0.256496 0
0.307796 0
0.359095 0
0.410394 0
0.461694 0
0.512993 0
0.564292 0
0.615591 0
0.666891 0
0.71819 0
0.769489 0
0.820788 0
0.872088 0
0.923387 0.00712686
0.974686 0.244254
1.02599 1.04472
1.07728 1.98747
1.12858 2.36838
1.17988 2.30896
1.23118 2.09531
1.28248 1.81305
1.33378 1.65939
1.38508 1.49456
1.43638 1.37212
1.48768 1.26907
1.53898 1.22212
1.59028 1.17311
1.64158 1.13358
1.69288 1.11492
1.74418 1.10314
1.79547 1.06745
1.84677 1.06524
1.89807 1.05044
1.94937 1.04748
2.00067 1.04032
2.05197 1.04624
2.10327 1.04493
2.15457 1.05437
2.20587 1.06317
2.25717 1.07306
2.30847 1.05084
2.35977 1.04618
2.41107 1.02616
2.46237 1.05568
2.51366 1.04314
2.56496 1.03367
2.61626 1.01334
2.66756 1.01528
2.71886 0.992378
2.77016 0.980722
2.82146 0.989384
2.87276 0.993176
2.92406 0.971222
2.97536 0.979863
3.02666 0.97641
3.07796 0.979015
3.12926 0.994874
3.18056 1.00284
3.23185 0.989703
3.28315 0.999872
3.33445 0.984721
3.38575 0.99404
3.43705 0.995866
3.48835 0.997483
3.53965 0.989045
3.59095 0.981059
3.64225 0.974004
3.69355 0.972296
3.74485 0.963664
3.79615 0.978902
3.84745 0.968828
3.89875 0.971752
3.95004 0.968934
4.00134 0.973496
4.05264 0.972359
4.10394 0.971782
4.15524 0.977519
4.20654 0.984081
4.25784 0.982197
4.30914 0.975659
4.36044 0.976384
4.41174 0.989874
4.46304 0.977915
4.51434 0.987428
4.56564 0.978034
4.61694 0.99383
4.66823 0.986156
4.71953 0.985124
4.77083 0.985921
4.82213 0.978018
4.87343 0.98047
4.92473 0.979446
4.97603 0.98504
5.02733 0.973895
5.07863 0.974641
5.12993 0.977829
