0 58.6372
1 57.7723
2 56.5256
3 56.1772
4 55.0979
5 54.534
6 53.7725
7 53.0786
8 52.5598
9 52.173
10 51.6728
11 51.2602
12 50.641
13 50.286
14 50.1968
15 49.7025
16 49.4094
17 48.6894
18 48.4977
19 48.2628
20 47.7413
21 47.0249
22 46.5525
23 45.711
24 45.062
25 44.4791
26 43.7623
27 42.7156
28 41.9869
29 41.4519
30 40.7966
31 40.2292
32 39.5211
33 38.7808
34 38.2928
35 37.7648
36 37.1673
37 36.5038
38 35.9784
39 35.4327
40 34.9986
41 34.5476
42 34.1242
43 33.7835
44 33.4297
45 32.8786
46 32.6713
47 32.235
48 32.1032
49 31.7964
50 31.4028
51 31.1373
52 30.8491
53 30.587
54 30.2869
55 29.969
56 29.6601
57 29.5886
58 29.0381
59 28.8147
60 28.524
61 28.4727
62 28.2684
63 27.9381
64 27.739
65 27.354
66 26.9554
67 26.6971
68 26.3627
69 26.1746
70 25.8392
71 25.5768
72 25.3084
73 25.3159
74 25.165
75 25.0353
76 24.6163
77 24.4444
78 24.1179
79 23.9144
80 23.6607
81 23.4888
82 23.0951
83 22.8985
84 22.7386
85 22.4077
86 22.1769
87 21.9807
88 21.7812
89 21.5416
90 21.3488
91 21.3439
92 21.0537
93 21.0153
94 20.6234
95 20.4176
96 20.4354
97 20.4712
98 20.3022
99 20.0928
100 19.7949
101 19.5947
102 19.4913
103 19.345
104 19.1612
105 18.9324
106 18.5802
107 18.3478
108 18.044
109 17.7403
110 17.5213
111 17.2214
112 16.9855
113 16.8584
114 16.6714
115 16.514
116 16.3915
117 16.2124
118 16.1687
119 16.0687
120 15.7704
121 15.6624
122 15.7026
123 15.5293
124 15.3785
125 15.2472
126 15.2475
127 15.1762
128 15.0248
129 15.0006
130 14.8636
131 14.7424
132 14.6706
133 14.4616
134 14.3584
135 14.235
136 14.0859
137 13.884
138 13.7683
139 13.5675
140 13.4948
141 13.3824
142 13.2701
143 13.1415
144 13.0166
145 12.9291
146 12.8354
147 12.6457
148 12.5375
149 12.4765
150 12.3942
151 12.3165
152 12.264
153 12.1755
154 12.1629
155 12.0977
156 11.9548
157 11.9032
158 11.872
159 11.812
160 11.7635
161 11.6548
162 11.4782
163 11.3817
164 11.2867
165 11.2786
166 11.2765
167 11.25
168 11.178
169 11.1441
170 11.1144
171 11.089
172 11.0861
173 11.0508
174 11.0091
175 11.0076
176 11.0175
177 10.9632
178 10.9294
179 10.8417
180 10.8035
181 10.645
182 10.5502
183 10.4605
184 10.3856
185 10.262
186 10.1137
187 10.1094
188 9.98065
189 9.83401
190 9.77519
191 9.68022
192 9.57806
193 9.51422
194 9.38263
195 9.27224
196 9.22208
197 9.12461
198 9.07461
199 9.03094
200 9.01261
201 8.99196
202 8.98022
203 8.96981
204 8.94408
205 8.93059
206 8.89669
207 8.86543
208 8.90503
209 8.89382
210 8.91295
211 8.9305
212 8.95429
213 8.9617
214 8.96116
215 8.94977
216 8.96242
217 8.96251
218 8.99468
219 8.97965
220 9.02781
221 9.04744
222 9.04857
223 9.09694
224 9.05351
225 9.03741
226 9.07829
227 9.13338
228 9.20688
229 9.23579
230 9.2166
231 9.1516
232 9.19643
233 9.21731
234 9.11106
235 9.12259
236 9.13935
237 9.1848
238 9.24833
239 9.23446
240 9.23375
241 9.26515
242 9.2408
243 9.17354
244 9.10416
245 9.09064
246 9.09304
247 9.12317
248 9.13847
249 9.10597
250 9.15881
251 9.1655
252 9.26958
253 9.27204
254 9.27078
255 9.39634
256 9.45206
257 9.40727
258 9.41752
259 9.45861
260 9.50635
261 9.5079
262 9.43673
263 9.33269
264 9.39983
265 9.358
266 9.32164
267 9.40992
268 9.46718
269 9.53623
270 9.51103
271 9.3937
272 9.54244
273 9.593
274 9.65353
275 9.60005
276 9.69856
277 9.64959
278 9.67543
279 9.75746
280 9.651
281 9.75611
282 9.70025
283 9.70658
284 9.78301
285 9.88481
286 9.84696
287 9.85469
288 9.92516
289 9.81106
290 9.74116
291 9.62811
292 9.63191
293 9.5962
294 9.6575
295 9.64212
296 9.72305
297 9.68353
298 9.59318
299 9.46086
300 9.55496
301 9.4637
302 9.36278
303 9.34504
304 9.33088
305 9.25441
306 9.44578
307 9.36848
308 9.46464
309 9.46428
310 9.67279
311 9.74487
312 9.65656
313 9.72542
314 9.84851
315 9.8845
316 9.96547
317 9.75708
318 9.62172
319 9.67295
320 9.56796
321 9.58097
322 9.6342
323 9.50853
324 9.48608
325 9.61343
326 9.7621
327 9.72745
328 9.41576
329 9.4896
330 9.52189
331 9.44252
332 9.47302
333 9.35109
334 9.32693
335 9.41044
336 9.36615
337 9.34107
338 9.23158
339 9.16822
340 9.18891
341 9.17528
342 9.1528
343 8.97919
344 9.00957
345 9.05783
346 9.05273
347 9.23098
348 9.03518
349 8.89369
350 8.87159
351 8.84609
352 8.92409
353 9.20318
354 9.22806
355 9.06562
356 8.95409
357 9.09023
358 9.15325
359 9.06846
360 8.97175
361 8.91554
362 8.90045
363 8.99048
364 9.02184
365 8.94847
366 9.20317
367 9.04993
368 9.20563
369 9.08183
370 8.97623
371 9.22618
372 9.3738
373 9.24918
374 9.55921
375 9.51133
376 9.39412
377 9.5422
378 9.65211
379 9.53486
380 9.58611
381 9.62021
382 9.62
383 9.78467
384 9.69642
385 9.54235
386 9.58174
387 9.57483
388 9.71397
389 9.7396
390 9.77004
391 9.77263
392 9.93192
393 9.89729
394 9.83398
395 9.98379
396 10.0034
397 9.97961
398 10.0632
399 10.17
400 10.1565
401 9.90259
402 9.74042
403 9.658
404 9.82077
405 9.75219
406 9.7637
407 9.62441
408 9.66809
409 9.71585
410 9.64801
411 9.53551
412 9.55815
413 9.53356
414 9.4728
415 9.42956
416 9.48821
417 9.4092
418 9.35236
419 9.24218
420 9.20806
421 9.25537
422 9.27537
423 9.17256
424 9.04513
425 8.96624
426 8.99648
427 8.77003
428 8.62711
429 8.56067
430 8.53914
431 8.29091
432 8.31273
433 8.11367
434 8.00646
435 7.98874
436 8.00263
437 7.89252
438 7.86907
439 7.82385
440 7.84301
441 7.80097
442 7.82663
443 7.86359
444 7.8387
445 7.8128
446 7.79688
447 7.83562
448 7.88825
449 7.91517
450 7.98645
451 8.10081
452 8.1801
453 8.1609
454 8.36269
455 8.47497
456 8.46186
457 8.50615
458 8.57679
459 8.4207
460 8.14253
461 8.02725
462 7.88746
463 7.85278
464 7.60628
465 7.34639
466 7.31882
467 7.33371
468 7.36395
469 7.46688
470 7.31034
471 7.3034
472 7.25866
473 7.36339
474 7.29328
475 7.36909
476 7.44314
477 7.69167
478 7.93091
479 8.03411
480 8.29737
481 8.69715
482 8.67218
483 8.75463
484 8.65486
485 8.5858
486 8.4628
487 8.41644
488 8.31113
489 8.0518
490 7.79991
491 7.72906
492 7.57101
493 7.42516
494 7.37762
495 7.28808
496 7.28319
497 7.35758
498 7.34609
499 7.42739
500 7.23719
501 7.12823
502 7.20786
503 7.52548
504 7.60389
505 7.6438
506 7.72912
507 7.79996
508 7.69417
509 7.87746
510 7.90618
511 7.8575
512 7.59828
513 7.54868
514 7.40639
515 7.37006
516 7.20901
517 7.08949
518 7.19022
519 7.08605
520 7.02329
521 6.93522
522 7.12284
523 7.17655
524 7.28921
525 7.32383
526 7.31997
527 7.40125
528 7.44869
529 7.43613
530 7.38699
531 7.58307
532 7.75478
533 7.46821
534 7.48966
535 7.49454
536 7.29734
537 7.3788
538 7.25851
539 7.03928
540 6.91523
541 6.85782
542 6.76402
543 6.68219
544 6.72917
545 6.89081
546 6.89018
547 7.09103
548 7.35004
549 7.52095
550 7.61738
551 7.56995
552 7.48383
553 7.4195
554 7.43343
555 7.32247
556 7.2485
557 7.05784
558 7.00369
559 6.96029
560 6.81165
561 6.73665
562 6.71245
563 6.79275
564 6.81616
565 6.96183
566 6.95821
567 7.14325
568 7.27774
569 7.47026
570 7.66236
571 7.58004
572 7.56075
573 7.78737
574 7.62789
575 7.54453
576 7.61368
577 7.59802
578 7.4768
579 7.28896
580 7.13366
581 6.97642
582 6.88401
583 6.65662
584 6.58861
585 6.51174
586 6.44716
587 6.4535
588 6.46077
589 6.48919
590 6.76456
591 6.73208
592 6.92657
593 7.0583
594 7.28011
595 7.78163
596 7.95033
597 8.18403
598 8.24779
599 8.37651
600 8.3328
601 8.24288
602 7.97559
603 8.04683
604 7.98574
605 7.64887
606 7.5265
607 7.08471
608 7.03148
609 6.75348
610 6.59275
611 6.39789
612 6.28221
613 6.01836
614 5.95715
615 6.02292
616 5.99244
617 6.1091
618 6.08376
619 6.19025
620 6.4314
621 6.80118
622 7.08715
623 7.56466
624 7.67265
625 7.95947
626 8.07284
627 8.39811
628 8.61065
629 8.82876
630 8.76295
631 8.74034
632 8.69586
633 8.59131
634 8.34111
635 8.35174
636 8.21129
637 8.24076
638 8.22663
639 8.1182
640 8.05529
641 8.15721
642 8.11766
643 7.94089
644 7.98136
645 7.85485
646 7.80833
647 7.78022
648 7.46222
649 7.37154
650 7.31971
651 7.64218
652 7.58168
653 7.68988
654 7.8308
655 7.73874
656 7.60801
657 7.83049
658 7.82723
659 7.95569
660 7.94372
661 7.99896
662 7.94324
663 7.80742
664 8.02423
665 7.97533
666 8.1109
667 8.30424
668 8.03696
669 8.16088
670 8.21417
671 8.22771
672 8.33603
673 8.1721
674 7.88174
675 8.15018
676 8.03425
677 8.05614
678 7.85695
679 7.71276
680 7.78656
681 7.75669
682 7.89248
683 7.99749
684 7.96119
685 8.01581
686 7.9165
687 7.91194
688 7.74146
689 7.99614
690 7.8419
691 8.02602
692 7.98117
693 7.90099
694 8.01713
695 8.15095
696 8.0714
697 8.09236
698 8.02381
699 8.01437
700 7.97327
701 7.88204
702 7.981
703 8.24273
704 8.18602
705 8.05495
706 8.10661
707 8.15365
708 8.19431
709 8.16984
710 7.96541
711 7.80614
712 7.96929
713 8.09829
714 7.97614
715 8.02188
716 8.00289
717 7.99737
718 7.95855
719 7.99002
720 7.92323
721 7.96365
722 8.08901
723 8.07677
724 8.074
725 8.07372
726 8.06999
727 8.05009
728 7.96058
729 7.93113
730 7.86001
731 7.90727
732 7.83531
733 7.86882
734 7.8172
735 7.72973
736 7.9421
737 7.83787
738 7.78301
739 7.89247
740 7.80949
741 7.88907
742 7.87444
743 7.92513
744 7.83564
745 7.78418
746 7.68174
747 7.64381
748 7.60195
749 7.64624
750 7.69292
751 7.71239
752 7.53436
753 7.66653
754 7.63334
755 7.56411
756 7.59717
757 7.72999
758 7.67295
759 7.83702
760 7.71721
761 7.85691
762 7.93509
763 7.74545
764 7.86435
765 7.87144
766 7.7014
767 7.73531
768 7.75203
769 7.66754
770 7.7289
771 7.74789
772 7.64868
773 7.5536
774 7.59462
775 7.39711
776 7.54064
777 7.73869
778 7.78161
779 7.67831
780 7.85584
781 7.88799
782 7.91733
783 7.83931
784 7.74202
785 7.71713
786 7.7089
787 7.56226
788 7.66318
789 7.6355
790 7.62416
791 7.69536
792 7.50996
793 7.58126
794 7.59462
795 7.44663
796 7.47215
797 7.49209
798 7.69225
799 7.65105
800 7.72135
801 7.77502
802 7.77764
803 7.86692
804 7.84852
805 7.82378
806 7.85357
807 7.88482
808 7.68698
809 7.67852
810 7.76661
811 7.69812
812 7.57555
813 7.67548
814 7.69067
815 7.66574
816 7.57496
817 7.57707
818 7.58684
819 7.67351
820 7.62558
821 7.7772
822 7.87614
823 7.80679
824 8.008
825 7.98647
826 8.02278
827 7.90825
828 7.74643
829 7.61348
830 7.53361
831 7.45844
832 7.65301
833 7.52599
834 7.50642
835 7.47051
836 7.64734
837 7.52874
838 7.45353
839 7.47607
840 7.5548
841 7.65673
842 7.58675
843 7.73181
844 7.9473
845 7.74937
846 7.78585
847 7.65221
848 7.53171
849 7.37382
850 7.41149
851 7.28346
852 7.26164
853 7.34212
854 7.2631
855 7.53752
856 7.46326
857 7.42557
858 7.53542
859 7.54998
860 7.41832
861 7.40819
862 7.51084
863 7.36107
864 7.56044
865 7.59035
866 7.5531
867 7.61518
868 7.64251
869 7.73798
870 7.69196
871 7.78355
872 7.52862
873 7.5358
874 7.72119
875 7.87038
876 7.91015
877 7.86266
878 7.66695
879 7.79991
880 7.78034
881 7.94403
882 7.83027
883 7.83959
884 7.6756
885 7.60085
886 7.67671
887 7.52772
888 7.42351
889 7.50696
890 7.60613
891 7.84708
892 7.8218
893 7.77059
894 7.70207
895 7.77826
896 7.7826
897 7.87974
898 8.07558
899 8.26312
900 7.86157
901 7.83298
902 7.73818
903 7.61224
904 7.7391
905 7.57235
906 7.60969
907 7.51594
908 7.75201
909 7.5977
910 7.68141
911 7.61859
912 7.76003
913 7.6389
914 7.91709
915 7.91384
916 7.94161
917 7.9824
918 7.89589
919 7.81623
920 7.70139
921 7.63406
922 7.62449
923 7.70581
924 7.47236
925 7.35906
926 7.42921
927 7.47703
928 7.32654
929 7.4175
930 7.49638
931 7.66489
932 7.67809
933 7.56254
934 7.64343
935 7.78222
936 7.88001
937 7.94208
938 7.78987
939 7.94717
940 7.98295
941 8.02657
942 7.96627
943 7.92333
944 7.8181
945 7.87032
946 7.85502
947 7.88138
948 7.65238
949 7.58088
950 7.66441
951 7.75067
952 7.69669
953 7.68825
954 7.67428
955 7.771
956 7.83381
957 7.97562
958 7.95285
959 7.87541
960 7.72846
961 7.80538
962 7.7843
963 7.80065
964 7.70935
965 7.57341
966 7.53972
967 7.27509
968 7.09099
969 7.16251
970 7.17762
971 7.28152
972 7.30298
973 7.16739
974 7.43488
975 7.63327
976 7.63589
977 7.68476
978 7.79814
979 7.63952
980 7.52257
981 7.63555
982 7.70843
983 7.62752
984 7.6086
985 7.65066
986 7.67549
987 7.41345
988 7.42033
989 7.46656
990 7.26874
991 7.34917
992 7.3517
993 7.2399
994 7.40088
995 7.25396
996 7.27737
997 7.39322
998 7.33207
999 7.28963
1000 7.11865
1001 7.15373
1002 7.16412
1003 6.95794
1004 7.10243
1005 7.0353
1006 7.10689
1007 7.11996
1008 7.13979
1009 7.18302
1010 7.31867
1011 7.60139
1012 7.72204
1013 7.64188
1014 7.86854
1015 7.95056
1016 7.83869
1017 7.92663
1018 7.7476
1019 7.717
1020 7.42763
1021 7.45995
1022 7.48416
1023 7.47922
1024 7.28569
1025 7.40982
1026 7.36919
1027 7.36502
1028 7.33014
1029 7.43064
1030 7.68357
1031 7.67265
1032 7.71223
1033 7.61934
1034 7.72241
1035 7.6044
1036 7.78083
1037 7.9708
1038 8.20192
1039 8.3921
1040 8.38161
1041 8.33483
1042 8.14451
1043 8.36136
1044 8.43772
1045 8.37282
1046 8.39955
1047 8.35413
1048 8.23895
1049 8.32339
1050 8.3401
1051 8.29437
1052 8.49508
1053 8.48439
1054 8.37291
1055 8.41004
1056 8.40366
1057 8.35647
1058 8.41015
1059 8.36639
1060 8.1819
1061 8.25479
1062 8.32678
1063 8.50365
1064 8.29965
1065 8.28742
1066 8.22059
1067 8.22326
1068 8.35706
1069 8.32854
1070 8.56733
1071 8.51256
1072 8.47021
1073 8.40526
1074 8.41488
1075 8.41049
1076 8.33264
1077 8.22593
1078 8.09182
1079 8.06935
1080 7.88906
1081 7.91166
1082 7.95609
1083 7.94834
1084 7.99488
1085 7.92643
1086 8.02763
1087 7.94257
1088 8.03169
1089 7.96959
1090 7.94255
1091 7.87784
1092 7.75011
1093 7.93526
1094 7.93532
1095 7.9904
1096 7.99837
1097 7.9718
1098 7.85122
1099 7.85334
1100 7.98448
1101 7.98218
1102 8.03941
1103 8.07044
1104 8.00538
1105 8.01585
1106 7.99596
1107 7.92367
1108 7.96918
1109 7.91875
1110 7.86827
1111 7.80201
1112 7.88579
1113 7.8835
1114 7.9491
1115 8.00225
1116 7.95757
1117 7.84944
1118 7.84835
1119 7.889
1120 8.03021
1121 8.00792
1122 8.00746
1123 8.02882
1124 7.9974
1125 8.05019
1126 7.90947
1127 7.95033
1128 8.03915
1129 8.00852
1130 8.01381
1131 8.04876
1132 8.00998
1133 8.04467
1134 8.01664
1135 7.95261
1136 8.02382
1137 8.04329
1138 7.93419
1139 7.95105
1140 8.00515
1141 7.99502
1142 7.95205
1143 7.97909
1144 8.01315
1145 7.94323
1146 8.01516
1147 7.96315
1148 7.90947
1149 7.74711
1150 7.80841
1151 7.82048
1152 7.87744
1153 7.95722
1154 8.02545
1155 7.91438
1156 7.7917
1157 7.80162
1158 7.81904
1159 7.77448
1160 7.75168
1161 7.64257
1162 7.79558
1163 7.85784
1164 7.87319
1165 7.97353
1166 7.93695
1167 7.7959
1168 7.81838
1169 7.76583
1170 7.73525
1171 7.77542
1172 7.82497
1173 7.75015
1174 7.66572
1175 7.72716
1176 7.66131
1177 7.74944
1178 7.84936
1179 7.85957
1180 7.90083
1181 7.69894
1182 7.6994
1183 7.72417
1184 7.79015
1185 7.77065
1186 7.89824
1187 7.92004
1188 7.90067
1189 7.88258
1190 7.93396
1191 7.8664
1192 7.82447
1193 7.84808
1194 7.70975
1195 7.7356
1196 7.64971
1197 7.71622
1198 7.66359
1199 7.64431
1200 7.67966
