0 58.7027
1 57.4193
2 56.2018
3 55.1021
4 53.6357
5 52.9624
6 52.0391
7 51.2429
8 50.6835
9 50.1862
10 49.6885
11 48.7723
12 47.9119
13 46.7338
14 45.3705
15 43.9473
16 42.6127
17 41.4058
18 40.9935
19 40.9078
20 40.4773
21 40.1388
22 39.844
23 39.4469
24 38.8028
25 38.4914
26 37.9345
27 37.7166
28 37.2706
29 36.9499
30 36.2883
31 36.0183
32 35.68
33 35.2788
34 35.2421
35 34.9424
36 34.4458
37 34.0807
38 33.6562
39 33.3582
40 32.8655
41 32.531
42 32.2049
43 31.7651
44 31.2806
45 31.0042
46 30.6565
47 30.3457
48 29.9914
49 29.6351
50 29.3237
51 28.9063
52 28.453
53 28.1651
54 27.948
55 27.6558
56 27.4258
57 27.188
58 27.2263
59 27.2951
60 27.2565
61 27.159
62 27.0891
63 26.9689
64 26.9114
65 26.7953
66 26.6984
67 26.5111
68 26.3678
69 26.2714
70 26.3544
71 26.2253
72 26.0465
73 25.9695
74 25.7597
75 25.5411
76 25.4161
77 25.2646
78 25.081
79 24.8184
80 24.6546
81 24.486
82 24.2904
83 23.9776
84 23.6812
85 23.3152
86 23.0455
87 22.6522
88 22.2378
89 21.9624
90 21.7047
91 21.3431
92 20.9254
93 20.8641
94 20.595
95 20.6082
96 20.4729
97 20.2516
98 20.0407
99 19.874
100 19.6539
101 19.5086
102 19.2566
103 19.1536
104 19.0046
105 18.9147
106 18.8171
107 18.5861
108 18.433
109 18.3291
110 18.1491
111 17.9928
112 18.0065
113 17.8852
114 17.8051
115 17.6733
116 17.4867
117 17.4984
118 17.349
119 17.3721
120 17.2673
121 17.2074
122 17.1621
123 17.1646
124 17.0033
125 16.9194
126 16.7963
127 16.7166
128 16.5038
129 16.3965
130 16.255
131 16.1382
132 16.0417
133 15.9739
134 15.8647
135 15.7986
136 15.7993
137 15.716
138 15.6695
139 15.5339
140 15.4457
141 15.4017
142 15.3631
143 15.2708
144 15.2611
145 15.2
146 15.144
147 15.1277
148 15.0424
149 14.9142
150 14.8843
151 14.7839
152 14.7182
153 14.6666
154 14.5465
155 14.4907
156 14.4272
157 14.4177
158 14.3791
159 14.3002
160 14.239
161 14.1737
162 14.0961
163 14.0636
164 14.006
165 13.9582
166 13.8842
167 13.8075
168 13.734
169 13.6337
170 13.5925
171 13.5388
172 13.4175
173 13.3328
174 13.2671
175 13.1743
176 13.1078
177 13.0006
178 12.9362
179 12.851
180 12.7741
181 12.7206
182 12.6698
183 12.6174
184 12.5657
185 12.5001
186 12.3988
187 12.3704
188 12.281
189 12.2305
190 12.2106
191 12.1296
192 12.0737
193 12.0263
194 11.97
195 11.9114
196 11.8348
197 11.8318
198 11.7945
199 11.7572
200 11.6959
201 11.6511
202 11.6131
203 11.5533
204 11.5195
205 11.4967
206 11.4419
207 11.3854
208 11.3561
209 11.3433
210 11.3474
211 11.3149
212 11.2603
213 11.219
214 11.2247
215 11.2237
216 11.1987
217 11.1947
218 11.1641
219 11.1316
220 11.1292
221 11.0836
222 11.0603
223 11.0354
224 11.0393
225 11.0183
226 11.0231
227 10.9972
228 10.973
229 10.9269
230 10.9179
231 10.9038
232 10.8602
233 10.8376
234 10.8065
235 10.7809
236 10.7524
237 10.7332
238 10.7317
239 10.7332
240 10.6876
241 10.6862
242 10.684
243 10.694
244 10.4137
245 10.3779
246 10.3533
247 10.3151
248 10.292
249 10.2777
250 10.3006
251 10.2814
252 9.9656
253 9.96437
254 10.0421
255 10.0961
256 10.1221
257 10.1781
258 10.3191
259 10.4356
260 10.4155
261 10.445
262 10.4392
263 10.4195
264 10.4276
265 10.4454
266 10.4427
267 10.4823
268 10.4744
269 10.4213
270 10.4329
271 10.4144
272 10.3832
273 10.4034
274 10.4232
275 10.4064
276 10.3318
277 10.377
278 10.3939
279 10.3869
280 10.3685
281 10.3534
282 10.3355
283 10.3463
284 10.32
285 10.273
286 10.2542
287 10.2558
288 10.2632
289 10.2521
290 10.231
291 10.2484
292 10.25
293 10.3035
294 10.3023
295 10.3011
296 10.309
297 10.323
298 10.316
299 10.2929
300 10.3768
301 10.4429
302 10.1236
303 10.0729
304 10.1126
305 10.2327
306 10.1302
307 10.1188
308 10.1255
309 10.1496
310 10.105
311 10.2163
312 10.2884
313 10.3077
314 10.2024
315 10.2261
316 10.2119
317 10.2018
318 10.2184
319 10.2125
320 10.3404
321 10.273
322 10.3287
323 10.2317
324 10.3109
325 10.1857
326 10.1354
327 10.1476
328 10.1704
329 10.2173
330 10.251
331 10.2321
332 10.2216
333 10.0816
334 10.1702
335 10.1668
336 10.1985
337 10.1436
338 10.0271
339 10.0669
340 10.0678
341 10.0095
342 10.0284
343 9.93719
344 9.95535
345 10.0101
346 10.2065
347 10.1721
348 10.2172
349 10.2273
350 10.4524
351 10.3574
352 10.0156
353 10.0122
354 9.8368
355 9.80733
356 9.70887
357 9.56362
358 9.48535
359 9.51457
360 9.6055
361 9.72302
362 9.84296
363 9.87123
364 9.67749
365 9.4166
366 9.42921
367 9.46299
368 9.51095
369 9.29549
370 9.25823
371 9.39668
372 9.24947
373 9.38471
374 9.47006
375 9.42777
376 9.45297
377 9.3167
378 9.19631
379 9.27959
380 9.33952
381 9.29884
382 9.26873
383 9.28749
384 9.41505
385 9.33568
386 9.43221
387 9.53659
388 9.48368
389 9.43685
390 9.42096
391 9.4373
392 9.35824
393 9.31555
394 9.26093
395 9.25465
396 9.21921
397 9.14763
398 9.12568
399 9.36934
400 9.32136
401 9.35759
402 8.86108
403 8.99253
404 9.17803
405 9.05489
406 8.92144
407 8.99912
408 8.98121
409 9.04297
410 9.16181
411 9.20125
412 9.10087
413 9.32335
414 9.20058
415 9.44554
416 9.41382
417 9.3888
418 9.42784
419 9.44373
420 9.45011
421 9.31344
422 9.2128
423 9.16302
424 9.43495
425 9.21445
426 9.07479
427 9.16072
428 9.13537
429 9.14922
430 8.9647
431 9.05623
432 9.19324
433 9.14573
434 9.09987
435 9.19924
436 9.3075
437 9.19255
438 9.18062
439 9.35685
440 9.40973
441 9.3165
442 9.44547
443 9.41681
444 9.5001
445 9.66329
446 9.60558
447 9.38312
448 9.4376
449 9.47729
450 9.44934
451 9.37379
452 9.01583
453 9.0946
454 8.94836
455 8.83704
456 8.92806
457 8.83958
458 8.8481
459 8.99808
460 8.96902
461 9.12152
462 9.3459
463 9.21544
464 9.37879
465 9.13426
466 9.2332
467 9.18447
468 9.03916
469 9.15819
470 9.16832
471 8.93058
472 8.97394
473 8.87805
474 8.82422
475 8.6207
476 8.57478
477 8.4754
478 8.40717
479 8.27057
480 8.25852
481 8.3955
482 8.22239
483 8.16893
484 8.13849
485 7.99108
486 8.242
487 8.11731
488 8.17756
489 8.29748
490 8.28098
491 8.19495
492 8.37171
493 8.36608
494 8.47061
495 8.55828
496 8.36643
497 8.584
498 8.53138
499 8.64484
500 8.54397
501 8.46804
502 8.42501
503 8.41868
504 8.45482
505 8.1632
506 8.12317
507 8.13792
508 8.07308
509 8.0355
510 7.97333
511 7.90402
512 7.81507
513 7.83711
514 7.74665
515 7.52124
516 7.41602
517 7.3317
518 7.30776
519 7.10707
520 7.00971
521 6.87048
522 6.85063
523 6.88994
524 6.777
525 6.65234
526 6.705
527 6.67493
528 6.69315
529 6.64493
530 6.48519
531 6.55542
532 6.31972
533 6.37284
534 6.35763
535 6.29892
536 6.28717
537 6.1895
538 5.96008
539 5.8079
540 5.54739
541 5.56496
542 5.36607
543 5.07146
544 5.1805
545 5.01632
546 5.02426
547 4.98453
548 5.0727
549 5.55805
550 5.6516
551 6.27178
552 6.44602
553 7.16779
554 6.76609
555 6.97145
556 6.81903
557 6.94209
558 6.91205
559 7.08999
560 7.03848
561 7.14661
562 7.22569
563 7.33
564 7.19279
565 7.05978
566 7.27765
567 7.24386
568 7.29277
569 7.45248
570 7.34789
571 7.37939
572 7.59714
573 7.61969
574 7.76078
575 8.0867
576 7.93517
577 7.82791
578 7.83519
579 7.99006
580 8.04561
581 7.68715
582 8.09159
583 8.04172
584 8.08892
585 8.05136
586 8.18065
587 8.01581
588 8.18682
589 8.06205
590 8.19314
591 8.18392
592 8.16437
593 8.2224
594 8.25943
595 8.53528
596 8.47261
597 8.58179
598 8.53997
599 8.29832
600 8.31756
601 8.23699
602 8.41612
603 8.41079
604 8.54924
605 8.71455
606 8.79068
607 8.93789
608 8.75941
609 8.70173
610 8.53196
611 8.59788
612 8.48793
613 8.59307
614 8.58278
615 8.4876
616 8.50874
617 8.5847
618 8.40725
619 8.39811
620 8.29835
621 8.40818
622 8.34939
623 8.44791
624 8.32519
625 8.23697
626 8.26051
627 8.21948
628 8.25539
629 8.25787
630 8.02996
631 8.13449
632 8.27931
633 8.19827
634 8.14128
635 7.99697
636 8.23292
637 8.34973
638 8.31696
639 8.29454
640 8.35658
641 8.21449
642 8.14982
643 8.16314
644 8.08929
645 8.09874
646 8.11545
647 8.18683
648 8.19102
649 8.24303
650 8.25496
651 8.17563
652 8.17814
653 8.17164
654 8.14894
655 8.19857
656 8.15378
657 8.14795
658 7.95201
659 8.00565
660 7.95213
661 7.9229
662 7.85774
663 7.73506
664 7.68453
665 7.70994
666 7.73151
667 7.6855
668 7.62749
669 7.49407
670 7.47379
671 7.43406
672 7.38348
673 7.36153
674 7.19542
675 7.20777
676 7.14564
677 7.06062
678 7.00019
679 6.97548
680 6.83053
681 6.83116
682 6.80751
683 6.60753
684 6.59328
685 6.53387
686 6.36547
687 6.26374
688 6.11671
689 6.04775
690 5.99874
691 5.9035
692 5.72149
693 5.65349
694 5.55062
695 5.46899
696 5.3516
697 5.27209
698 5.22678
699 5.10095
700 5.06383
701 4.97499
702 4.94418
703 4.83046
704 4.80514
705 4.73106
706 4.65055
707 4.56939
708 4.48268
709 4.41281
710 4.28278
711 4.2489
712 4.18426
713 4.08146
714 4.05768
715 3.98417
716 3.91965
717 3.87433
718 3.88776
719 3.82067
720 3.80606
721 3.78891
722 3.74585
723 3.71438
724 3.71889
725 3.65995
726 3.60737
727 3.64223
728 3.62444
729 3.60863
730 3.5931
731 3.58892
732 3.5934
733 3.55781
734 3.5596
735 3.5498
736 3.55189
737 3.53986
738 3.53632
739 3.553
740 3.49747
741 3.49493
742 3.47169
743 3.4608
744 3.4417
745 3.39798
746 3.3699
747 3.38708
748 3.35451
749 3.32682
750 3.36581
751 3.34483
752 3.28144
753 3.30524
754 3.28772
755 3.28499
756 3.27128
757 3.28003
758 3.25628
759 3.25789
760 3.26367
761 3.26681
762 3.23697
763 3.21843
764 3.19951
765 3.20848
766 3.18404
767 3.16227
768 3.14294
769 3.12339
770 3.09835
771 3.06891
772 3.1194
773 3.10679
774 3.0899
775 3.05759
776 3.02994
777 3.03228
778 3.03422
779 3.03727
780 3.03307
781 3.00814
782 3.02416
783 3.02102
784 3.04968
785 3.02462
786 3.01569
787 2.98943
788 2.95443
789 2.959
790 2.96838
791 2.95272
792 2.95477
793 2.93396
794 2.92866
795 2.921
796 2.87566
797 2.8917
798 2.89884
799 2.91627
800 2.91028
801 2.94893
802 2.88901
803 2.89827
804 2.92362
805 2.9048
806 2.90501
807 2.91536
808 2.90162
809 2.90467
810 2.91153
811 2.94261
812 2.93582
813 2.95018
814 2.96319
815 2.9077
816 2.87427
817 2.92112
818 2.93713
819 2.926
820 2.92824
821 2.9113
822 2.87572
823 2.86924
824 2.8653
825 2.85255
826 2.85751
827 2.86676
828 2.84051
829 2.8458
830 2.85046
831 2.85075
832 2.86353
833 2.84313
834 2.83825
835 2.83292
836 2.81946
837 2.78505
838 2.78529
839 2.77778
840 2.77643
841 2.77352
842 2.77266
843 2.75668
844 2.78095
845 2.76612
846 2.74098
847 2.73839
848 2.71253
849 2.732
850 2.72916
851 2.74096
852 2.7468
853 2.75015
854 2.78297
855 2.83675
856 2.88395
857 2.8933
858 2.88584
859 2.87237
860 2.86749
861 2.87793
862 2.88119
863 2.89113
864 2.911
865 2.90449
866 2.92592
867 2.90218
868 2.87925
869 2.84781
870 2.83713
871 2.82218
872 2.81766
873 2.82086
874 2.79532
875 2.80521
876 2.7706
877 2.7439
878 2.77341
879 2.73733
880 2.72217
881 2.72385
882 2.7222
883 2.74132
884 2.75621
885 2.76946
886 2.808
887 2.80609
888 2.80629
889 2.80588
890 2.80619
891 2.77844
892 2.77836
893 2.78529
894 2.74213
895 2.73073
896 2.72969
897 2.73923
898 2.80334
899 2.82331
900 2.81322
901 2.81099
902 2.80093
903 2.79801
904 2.76332
905 2.78412
906 2.76362
907 2.74173
908 2.72498
909 2.7375
910 2.71741
911 2.70839
912 2.74399
913 2.73776
914 2.7553
915 2.75254
916 2.75732
917 2.76688
918 2.77324
919 2.75876
920 2.75066
921 2.73142
922 2.72069
923 2.72699
924 2.7426
925 2.74931
926 2.75198
927 2.76349
928 2.74469
929 2.74434
930 2.72883
931 2.73499
932 2.7024
933 2.72824
934 2.73081
935 2.70159
936 2.68839
937 2.68877
938 2.71872
939 2.71382
940 2.69413
941 2.70851
942 2.71076
943 2.74
944 2.72617
945 2.69555
946 2.70712
947 2.70623
948 2.69646
949 2.72076
950 2.69211
951 2.71176
952 2.69016
953 2.70611
954 2.67028
955 2.64601
956 2.64092
957 2.64877
958 2.64755
959 2.65954
960 2.6726
961 2.6866
962 2.69279
963 2.71141
964 2.74414
965 2.74251
966 2.73696
967 2.74175
968 2.72092
969 2.73291
970 2.68379
971 2.691
972 2.68331
973 2.68887
974 2.68668
975 2.66039
976 2.66385
977 2.66304
978 2.65553
979 2.62767
980 2.61827
981 2.6409
982 2.63682
983 2.64914
984 2.64984
985 2.65076
986 2.62619
987 2.61867
988 2.60946
989 2.62765
990 2.60094
991 2.59685
992 2.61111
993 2.61946
994 2.60919
995 2.57917
996 2.54141
997 2.50713
998 2.53462
999 2.54249
1000 2.55203
1001 2.56373
1002 2.55859
1003 2.56031
1004 2.60899
1005 2.63673
1006 2.61963
1007 2.60629
1008 2.62237
1009 2.59426
1010 2.63753
1011 2.61597
1012 2.6178
1013 2.58461
1014 2.57142
1015 2.5618
1016 2.5698
1017 2.55208
1018 2.55843
1019 2.54621
1020 2.55781
1021 2.54365
1022 2.49764
1023 2.51708
1024 2.49208
1025 2.49697
1026 2.51221
1027 2.53163
1028 2.54703
1029 2.57882
1030 2.59317
1031 2.61765
1032 2.6604
1033 2.66622
1034 2.65853
1035 2.66664
1036 2.69109
1037 2.67834
1038 2.69392
1039 2.7279
1040 2.73677
1041 2.76085
1042 2.73096
1043 2.69478
1044 2.71117
1045 2.71619
1046 2.71258
1047 2.68422
1048 2.65911
1049 2.65918
1050 2.66452
1051 2.64612
1052 2.65248
1053 2.65088
1054 2.65344
1055 2.61053
1056 2.60838
1057 2.58684
1058 2.58751
1059 2.57618
1060 2.59499
1061 2.58589
1062 2.59373
1063 2.56528
1064 2.56723
1065 2.56282
1066 2.58734
1067 2.58934
1068 2.59558
1069 2.58344
1070 2.56228
1071 2.58464
1072 2.55439
1073 2.58187
1074 2.58106
1075 2.57301
1076 2.53819
1077 2.54813
1078 2.52542
1079 2.55642
1080 2.54955
1081 2.51314
1082 2.48554
1083 2.4683
1084 2.44429
1085 2.44832
1086 2.43649
1087 2.45305
1088 2.46952
1089 2.47599
1090 2.48297
1091 2.5035
1092 2.54432
1093 2.55237
1094 2.53983
1095 2.56159
1096 2.58397
1097 2.54524
1098 2.54781
1099 2.53628
1100 2.513
1101 2.48807
1102 2.44969
1103 2.43278
1104 2.4628
1105 2.45355
1106 2.46743
1107 2.48157
1108 2.48039
1109 2.50437
1110 2.51815
1111 2.51493
1112 2.47418
1113 2.50341
1114 2.47896
1115 2.48443
1116 2.49222
1117 2.49852
1118 2.52551
1119 2.53239
1120 2.53853
1121 2.54923
1122 2.54611
1123 2.53423
1124 2.55233
1125 2.50766
1126 2.50193
1127 2.4896
1128 2.48912
1129 2.49539
1130 2.48749
1131 2.49207
1132 2.50843
1133 2.53008
1134 2.56135
1135 2.57453
1136 2.60094
1137 2.60482
1138 2.6256
1139 2.63254
1140 2.61195
1141 2.61066
1142 2.59696
1143 2.57517
1144 2.55729
1145 2.54414
1146 2.52264
1147 2.53061
1148 2.53636
1149 2.51719
1150 2.49472
1151 2.54027
1152 2.54997
1153 2.55431
1154 2.54371
1155 2.55902
1156 2.542
1157 2.55708
1158 2.56294
1159 2.57146
1160 2.58005
1161 2.57806
1162 2.56894
1163 2.54892
1164 2.54329
1165 2.53436
1166 2.51995
1167 2.5001
1168 2.53818
1169 2.51669
1170 2.52652
1171 2.53419
1172 2.54374
1173 2.49652
1174 2.48147
1175 2.46151
1176 2.45272
1177 2.45142
1178 2.45734
1179 2.48429
1180 2.49789
1181 2.49358
1182 2.49799
1183 2.51791
1184 2.53099
1185 2.56433
1186 2.54543
1187 2.53353
1188 2.54078
1189 2.5373
1190 2.53522
1191 2.51076
1192 2.48845
1193 2.50434
1194 2.49441
1195 2.49261
1196 2.4676
1197 2.43882
1198 2.46923
1199 2.47022
1200 2.48445
