0 10.4554
1 10.2544
2 10.102
3 9.96154
4 9.84983
5 9.74608
6 9.647
7 9.53863
8 9.47408
9 9.36686
10 9.12838
11 9.04747
12 8.95203
13 8.87862
14 8.79478
15 8.69277
16 8.60719
17 8.5773
18 8.52828
19 8.51252
20 8.47095
21 8.42759
22 8.33148
23 8.24601
24 8.14112
25 8.07615
26 7.92529
27 7.87219
28 7.77146
29 7.66401
30 7.54683
31 7.45717
32 7.30565
33 7.13882
34 6.9802
35 6.8459
36 6.68745
37 6.5388
38 6.37861
39 6.26672
40 6.13224
41 6.04949
42 5.96651
43 5.85889
44 5.76384
45 5.69848
46 5.66082
47 5.55927
48 5.49964
49 5.47057
50 5.46586
51 5.42243
52 5.40739
53 5.38961
54 5.38849
55 5.38223
56 5.36947
57 5.34565
58 5.33673
59 5.31152
60 5.30633
61 5.29665
62 5.28404
63 5.2697
64 5.2505
65 5.23936
66 5.22322
67 5.21066
68 5.17465
69 5.15841
70 5.11473
71 5.09681
72 5.08249
73 5.05164
74 5.00914
75 4.98353
76 4.94077
77 4.90592
78 4.86618
79 4.83788
80 4.78235
81 4.74856
82 4.70731
83 4.67454
84 4.64298
85 4.60715
86 4.57674
87 4.56257
88 4.52613
89 4.5199
90 4.48234
91 4.46369
92 4.44989
93 4.43334
94 4.4002
95 4.3949
96 4.36606
97 4.3381
98 4.31461
99 4.29408
100 4.28271
101 4.26971
102 4.25401
103 4.22706
104 4.209
105 4.19726
106 4.1703
107 4.14653
108 4.12382
109 4.10459
110 4.08696
111 4.05157
112 4.04241
113 4.03012
114 4.00618
115 3.98186
116 3.94569
117 3.93781
118 3.91367
119 3.89156
120 3.87187
121 3.82769
122 3.81453
123 3.81172
124 3.79969
125 3.77215
126 3.75211
127 3.7446
128 3.72765
129 3.71531
130 3.71023
131 3.71048
132 3.69673
133 3.69728
134 3.68339
135 3.67629
136 3.66542
137 3.65364
138 3.64218
139 3.63712
140 3.62472
141 3.61137
142 3.5945
143 3.57916
144 3.56465
145 3.53831
146 3.53606
147 3.52633
148 3.4981
149 3.48926
150 3.46032
151 3.43734
152 3.42516
153 3.41755
154 3.38801
155 3.36304
156 3.33054
157 3.29557
158 3.26573
159 3.23142
160 3.2085
161 3.16281
162 3.15589
163 3.14364
164 3.14977
165 3.13465
166 3.13348
167 3.1262
168 3.12779
169 3.11213
170 3.09846
171 3.09712
172 3.08945
173 3.08569
174 3.07529
175 3.07629
176 3.05159
177 3.03998
178 3.0429
179 3.01624
180 3.01267
181 2.99716
182 2.97444
183 2.96924
184 2.96483
185 2.95505
186 2.93679
187 2.91994
188 2.90484
189 2.89425
190 2.87403
191 2.86113
192 2.84232
193 2.83415
194 2.79606
195 2.77517
196 2.79307
197 2.77016
198 2.76801
199 2.75197
200 2.74873
201 2.74085
202 2.71855
203 2.71721
204 2.72594
205 2.72225
206 2.72538
207 2.71559
208 2.72003
209 2.71177
210 2.70259
211 2.69854
212 2.69195
213 2.67996
214 2.67069
215 2.65942
216 2.65001
217 2.64452
218 2.63016
219 2.60816
220 2.5893
221 2.57971
222 2.55847
223 2.55228
224 2.54909
225 2.55259
226 2.56229
227 2.56866
228 2.56928
229 2.57025
230 2.57404
231 2.57469
232 2.57167
233 2.55978
234 2.554
235 2.5446
236 2.54977
237 2.55691
238 2.53312
239 2.54621
240 2.54758
241 2.54303
242 2.53988
243 2.52896
244 2.50594
245 2.49536
246 2.47993
247 2.46659
248 2.46125
249 2.45969
250 2.47616
251 2.46099
252 2.46564
253 2.44435
254 2.43338
255 2.41737
256 2.41801
257 2.40136
258 2.39163
259 2.37696
260 2.37637
261 2.36466
262 2.34721
263 2.33623
264 2.30616
265 2.29367
266 2.25968
267 2.2273
268 2.20101
269 2.1843
270 2.15489
271 2.14016
272 2.11932
273 2.10516
274 2.09151
275 2.08158
276 2.07501
277 2.06219
278 2.05503
279 2.05848
280 2.05488
281 2.04977
282 2.04809
283 2.04597
284 2.03832
285 2.04027
286 2.03925
287 2.03788
288 2.041
289 2.03963
290 2.03249
291 2.02981
292 2.02563
293 2.02499
294 2.02965
295 2.02814
296 2.02521
297 2.0267
298 2.02722
299 2.02351
300 2.01948
301 2.01913
302 2.01548
303 2.01159
304 2.01326
305 2.01018
306 2.01068
307 2.00955
308 2.00672
309 2.00216
310 1.99776
311 1.99182
312 1.99144
313 1.98593
314 1.98121
315 1.97596
316 1.97497
317 1.97481
318 1.97404
319 1.97617
320 1.97786
321 1.97612
322 1.97695
323 1.9733
324 1.97617
325 1.97772
326 1.97884
327 1.98031
328 1.97655
329 1.97891
330 1.98216
331 1.97793
332 1.97512
333 1.96964
334 1.96623
335 1.96347
336 1.96506
337 1.96467
338 1.96219
339 1.95981
340 1.9587
341 1.95815
342 1.95683
343 1.95758
344 1.95899
345 1.95151
346 1.95537
347 1.95446
348 1.95451
349 1.95036
350 1.95155
351 1.95287
352 1.95055
353 1.9529
354 1.95194
355 1.95108
356 1.9497
357 1.95281
358 1.94788
359 1.94756
360 1.94661
361 1.94786
362 1.9495
363 1.95057
364 1.94856
365 1.94988
366 1.9503
367 1.9509
368 1.94942
369 1.94946
370 1.95091
371 1.94874
372 1.94871
373 1.94877
374 1.94951
375 1.94823
376 1.95152
377 1.94698
378 1.94472
379 1.93983
380 1.93738
381 1.93656
382 1.93764
383 1.93578
384 1.94045
385 1.93928
386 1.9385
387 1.93958
388 1.93918
389 1.93943
390 1.94043
391 1.93849
392 1.93594
393 1.93743
394 1.936
395 1.93609
396 1.93761
397 1.9357
398 1.93563
399 1.93984
400 1.93904
401 1.94208
402 1.84386
403 1.83907
404 1.85119
405 1.84344
406 1.82876
407 1.82965
408 1.8315
409 1.84426
410 1.8385
411 1.85209
412 1.86054
413 1.8671
414 1.86365
415 1.84922
416 1.83179
417 1.83493
418 1.83034
419 1.83285
420 1.83127
421 1.82291
422 1.82633
423 1.82932
424 1.82169
425 1.82857
426 1.83087
427 1.83
428 1.80952
429 1.81333
430 1.82095
431 1.81176
432 1.82853
433 1.82403
434 1.8139
435 1.8183
436 1.81952
437 1.81576
438 1.82053
439 1.82547
440 1.82018
441 1.81574
442 1.79844
443 1.80548
444 1.80564
445 1.8042
446 1.80066
447 1.80617
448 1.808
449 1.80783
450 1.80428
451 1.80498
452 1.80028
453 1.80492
454 1.81218
455 1.8236
456 1.8215
457 1.82591
458 1.82913
459 1.82837
460 1.83433
461 1.81972
462 1.83045
463 1.82301
464 1.82449
465 1.82348
466 1.8305
467 1.82259
468 1.83143
469 1.82907
470 1.82923
471 1.83593
472 1.81303
473 1.82246
474 1.82275
475 1.82136
476 1.83135
477 1.83345
478 1.83361
479 1.82873
480 1.83946
481 1.83742
482 1.82701
483 1.82746
484 1.82686
485 1.82115
486 1.81444
487 1.81354
488 1.8224
489 1.81588
490 1.82614
491 1.80418
492 1.80836
493 1.81124
494 1.82137
495 1.81824
496 1.82451
497 1.81482
498 1.80635
499 1.80215
500 1.80076
501 1.79247
502 1.79407
503 1.77841
504 1.78069
505 1.77945
506 1.78656
507 1.7859
508 1.79203
509 1.79072
510 1.80408
511 1.80046
512 1.80341
513 1.79857
514 1.80104
515 1.80533
516 1.8011
517 1.80527
518 1.79452
519 1.80267
520 1.79978
521 1.79548
522 1.80232
523 1.79649
524 1.79717
525 1.79985
526 1.80414
527 1.8077
528 1.81619
529 1.8014
530 1.82027
531 1.81324
532 1.81351
533 1.80732
534 1.814
535 1.81318
536 1.80444
537 1.79877
538 1.79698
539 1.80075
540 1.80252
541 1.82031
542 1.80939
543 1.80962
544 1.81896
545 1.81179
546 1.82062
547 1.81253
548 1.82246
549 1.82036
550 1.81672
551 1.8052
552 1.80119
553 1.7925
554 1.79531
555 1.78967
556 1.78128
557 1.79003
558 1.79163
559 1.79855
560 1.79521
561 1.79881
562 1.79047
563 1.79885
564 1.80204
565 1.79706
566 1.80807
567 1.81766
568 1.8102
569 1.80341
570 1.80859
571 1.80029
572 1.7858
573 1.79205
574 1.79855
575 1.81308
576 1.81114
577 1.81072
578 1.80932
579 1.81809
580 1.83002
581 1.80576
582 1.80271
583 1.81592
584 1.81742
585 1.82051
586 1.81944
587 1.80874
588 1.80865
589 1.80351
590 1.8097
591 1.8111
592 1.80054
593 1.80837
594 1.81777
595 1.81685
596 1.80706
597 1.81688
598 1.82713
599 1.81952
600 1.81147
601 1.82447
602 1.81498
603 1.8122
604 1.78564
605 1.7983
606 1.80054
607 1.80547
608 1.79751
609 1.81119
610 1.80373
611 1.79922
612 1.78941
613 1.80144
614 1.79893
615 1.80241
616 1.79224
617 1.78721
618 1.81017
619 1.81135
620 1.80828
621 1.81501
622 1.80917
623 1.81314
624 1.80167
625 1.80044
626 1.82379
627 1.80136
628 1.80875
629 1.82411
630 1.81103
631 1.8158
632 1.80458
633 1.80586
634 1.81321
635 1.81058
636 1.82312
637 1.80787
638 1.81863
639 1.8284
640 1.8086
641 1.81207
642 1.80723
643 1.79823
644 1.8035
645 1.80216
646 1.81438
647 1.81279
648 1.81272
649 1.80087
650 1.79956
651 1.80529
652 1.79653
653 1.79313
654 1.80406
655 1.80449
656 1.80536
657 1.81665
658 1.80966
659 1.81093
660 1.80701
661 1.80392
662 1.80528
663 1.81015
664 1.81857
665 1.818
666 1.82239
667 1.81405
668 1.81534
669 1.8365
670 1.83433
671 1.82897
672 1.82708
673 1.83148
674 1.82523
675 1.82267
676 1.84012
677 1.83282
678 1.81996
679 1.83266
680 1.83455
681 1.83239
682 1.82369
683 1.80245
684 1.80755
685 1.79597
686 1.80598
687 1.81415
688 1.80333
689 1.80278
690 1.79737
691 1.79998
692 1.79854
693 1.80267
694 1.78995
695 1.80106
696 1.80682
697 1.81041
698 1.80112
699 1.80163
700 1.79486
701 1.79127
702 1.80604
703 1.79839
704 1.79274
705 1.80261
706 1.79862
707 1.79727
708 1.80727
709 1.81439
710 1.82416
711 1.81183
712 1.8038
713 1.80303
714 1.80441
715 1.81141
716 1.81825
717 1.81296
718 1.81157
719 1.8219
720 1.81349
721 1.81699
722 1.81602
723 1.81384
724 1.81743
725 1.81092
726 1.81497
727 1.81712
728 1.80428
729 1.80819
730 1.80575
731 1.81314
732 1.80698
733 1.8051
734 1.80654
735 1.80771
736 1.81206
737 1.81071
738 1.80909
739 1.81498
740 1.81506
741 1.79938
742 1.81268
743 1.80937
744 1.82181
745 1.81869
746 1.8173
747 1.81376
748 1.81977
749 1.81305
750 1.80789
751 1.7926
752 1.80893
753 1.80599
754 1.81135
755 1.82073
756 1.82227
757 1.81495
758 1.8078
759 1.8097
760 1.80596
761 1.805
762 1.81047
763 1.8099
764 1.80999
765 1.8228
766 1.81983
767 1.82226
768 1.80521
769 1.80515
770 1.79058
771 1.78094
772 1.77536
773 1.77368
774 1.78148
775 1.77643
776 1.78068
777 1.76701
778 1.77558
779 1.78523
780 1.78042
781 1.77605
782 1.77998
783 1.79426
784 1.78325
785 1.7823
786 1.78983
787 1.80561
788 1.78268
789 1.78897
790 1.78561
791 1.79231
792 1.79292
793 1.78583
794 1.79268
795 1.79482
796 1.80653
797 1.79145
798 1.79097
799 1.78467
800 1.78857
