0 10.4745
1 10.2748
2 10.0821
3 9.92949
4 9.85142
5 9.57573
6 9.51686
7 9.4028
8 9.34509
9 9.24416
10 9.13137
11 9.001
12 8.81521
13 8.56691
14 8.20674
15 7.89037
16 7.68319
17 7.52019
18 7.43357
19 7.49197
20 7.45739
21 7.37654
22 7.27616
23 7.19032
24 7.12503
25 7.01984
26 6.94472
27 6.87308
28 6.80704
29 6.77142
30 6.69884
31 6.62764
32 6.57367
33 6.51139
34 6.47207
35 6.41015
36 6.32908
37 6.30599
38 6.22186
39 6.19761
40 6.14071
41 6.09868
42 6.0697
43 6.05733
44 5.99466
45 5.96068
46 5.9054
47 5.86988
48 5.8143
49 5.7569
50 5.69403
51 5.67198
52 5.64624
53 5.61684
54 5.54429
55 5.52051
56 5.49976
57 5.45356
58 5.43033
59 5.38533
60 5.33152
61 5.31136
62 5.29554
63 5.26586
64 5.22752
65 5.21945
66 5.19325
67 5.15094
68 5.13787
69 5.12179
70 5.10111
71 5.08436
72 5.08348
73 5.04313
74 5.02742
75 5.01532
76 4.99963
77 4.98823
78 4.98714
79 4.95433
80 4.93443
81 4.92679
82 4.89114
83 4.85232
84 4.81231
85 4.7666
86 4.73971
87 4.69629
88 4.66206
89 4.62651
90 4.58842
91 4.57605
92 4.54477
93 4.51989
94 4.51636
95 4.52108
96 4.48406
97 4.46764
98 4.43406
99 4.42525
100 4.41472
101 4.38805
102 4.36001
103 4.3406
104 4.31154
105 4.27375
106 4.24568
107 4.23164
108 4.1942
109 4.16927
110 4.14497
111 4.11364
112 4.09332
113 4.0426
114 4.03392
115 3.99103
116 3.96179
117 3.93631
118 3.92542
119 3.89328
120 3.85913
121 3.81882
122 3.81467
123 3.78274
124 3.78656
125 3.77103
126 3.75166
127 3.7565
128 3.75597
129 3.74176
130 3.73548
131 3.73764
132 3.73932
133 3.74026
134 3.72736
135 3.7281
136 3.72111
137 3.7089
138 3.70307
139 3.68932
140 3.67149
141 3.65898
142 3.64651
143 3.63465
144 3.65023
145 3.64362
146 3.62858
147 3.61727
148 3.63913
149 3.62733
150 3.61349
151 3.61732
152 3.60581
153 3.5841
154 3.57361
155 3.56412
156 3.52519
157 3.50731
158 3.46492
159 3.43089
160 3.426
161 3.40401
162 3.38338
163 3.36907
164 3.32903
165 3.308
166 3.27092
167 3.25242
168 3.23738
169 3.23321
170 3.21968
171 3.20861
172 3.18604
173 3.1968
174 3.20577
175 3.21305
176 3.19998
177 3.1856
178 3.16864
179 3.15607
180 3.14512
181 3.1158
182 3.08156
183 3.07946
184 3.04914
185 3.03204
186 3.00037
187 2.96597
188 2.95159
189 2.92571
190 2.88841
191 2.87178
192 2.83083
193 2.79777
194 2.77769
195 2.76519
196 2.75831
197 2.72761
198 2.70619
199 2.68325
200 2.66535
201 2.63174
202 2.62176
203 2.58862
204 2.55018
205 2.52588
206 2.49754
207 2.46968
208 2.44966
209 2.41952
210 2.4107
211 2.37771
212 2.34929
213 2.31767
214 2.27793
215 2.24726
216 2.22129
217 2.18756
218 2.15437
219 2.11607
220 2.09082
221 2.06859
222 2.05011
223 2.02425
224 2.01256
225 1.9959
226 1.97976
227 1.97008
228 1.9512
229 1.93122
230 1.91067
231 1.90359
232 1.89835
233 1.88356
234 1.87395
235 1.86086
236 1.84712
237 1.83469
238 1.81685
239 1.80488
240 1.79557
241 1.7756
242 1.76958
243 1.75972
244 1.75268
245 1.74665
246 1.73958
247 1.7316
248 1.72566
249 1.72316
250 1.72172
251 1.67243
252 1.66981
253 1.6676
254 1.67028
255 1.66437
256 1.65793
257 1.65542
258 1.65118
259 1.65361
260 1.64387
261 1.64257
262 1.63863
263 1.63514
264 1.63695
265 1.63505
266 1.63277
267 1.63089
268 1.62804
269 1.62739
270 1.62451
271 1.62201
272 1.61874
273 1.61345
274 1.60716
275 1.57475
276 1.5698
277 1.56666
278 1.57049
279 1.57164
280 1.5682
281 1.57106
282 1.56632
283 1.56298
284 1.55357
285 1.54039
286 1.53622
287 1.5314
288 1.52272
289 1.50748
290 1.50172
291 1.49159
292 1.488
293 1.48052
294 1.47767
295 1.47196
296 1.46709
297 1.46248
298 1.4593
299 1.45423
300 1.45207
301 1.45211
302 1.44717
303 1.437
304 1.4344
305 1.42042
306 1.41763
307 1.41522
308 1.41502
309 1.41288
310 1.40995
311 1.40322
312 1.4034
313 1.39947
314 1.39813
315 1.39643
316 1.39351
317 1.39289
318 1.39277
319 1.38977
320 1.38835
321 1.37478
322 1.37279
323 1.37045
324 1.37174
325 1.3565
326 1.35627
327 1.35517
328 1.35401
329 1.35467
330 1.35326
331 1.35358
332 1.35481
333 1.35215
334 1.353
335 1.35142
336 1.35196
337 1.35128
338 1.35157
339 1.34934
340 1.34884
341 1.34523
342 1.34435
343 1.34461
344 1.34335
345 1.34587
346 1.34259
347 1.34105
348 1.33646
349 1.33818
350 1.3391
351 1.33652
352 1.3371
353 1.33517
354 1.33567
355 1.33521
356 1.33426
357 1.3334
358 1.33087
359 1.32953
360 1.32762
361 1.32451
362 1.32282
363 1.3182
364 1.31572
365 1.31237
366 1.30786
367 1.30672
368 1.30227
369 1.30351
370 1.30573
371 1.3071
372 1.30908
373 1.3098
374 1.30982
375 1.31145
376 1.31117
377 1.30989
378 1.30609
379 1.30731
380 1.30512
381 1.30629
382 1.30435
383 1.30603
384 1.30235
385 1.30181
386 1.30299
387 1.30305
388 1.30552
389 1.3063
390 1.30741
391 1.30942
392 1.30838
393 1.30797
394 1.30744
395 1.30726
396 1.30769
397 1.30705
398 1.30434
399 1.30103
400 1.29988
401 1.29924
402 1.29726
403 1.29649
404 1.29558
405 1.29425
406 1.29271
407 1.29322
408 1.29089
409 1.28974
410 1.28679
411 1.28708
412 1.28729
413 1.28797
414 1.28753
415 1.2851
416 1.28501
417 1.28543
418 1.28555
419 1.28399
420 1.28498
421 1.28367
422 1.28325
423 1.28041
424 1.27787
425 1.28185
426 1.28304
427 1.28747
428 1.28707
429 1.28955
430 1.29054
431 1.2909
432 1.29472
433 1.29424
434 1.29547
435 1.29525
436 1.29304
437 1.29221
438 1.29191
439 1.29289
440 1.29207
441 1.29167
442 1.29222
443 1.29539
444 1.2956
445 1.29551
446 1.29418
447 1.29486
448 1.2932
449 1.29208
450 1.28938
451 1.28646
452 1.28742
453 1.2874
454 1.28828
455 1.2871
456 1.28684
457 1.28687
458 1.28792
459 1.28514
460 1.28616
461 1.28645
462 1.28722
463 1.28693
464 1.28622
465 1.28808
466 1.2878
467 1.28761
468 1.28745
469 1.28572
470 1.28397
471 1.28396
472 1.28253
473 1.28304
474 1.28232
475 1.28203
476 1.28189
477 1.28265
478 1.28243
479 1.28285
480 1.28283
481 1.28244
482 1.28234
483 1.28137
484 1.28156
485 1.28241
486 1.28137
487 1.28001
488 1.27887
489 1.27956
490 1.28086
491 1.28147
492 1.28171
493 1.28053
494 1.28148
495 1.2808
496 1.27861
497 1.27757
498 1.27874
499 1.28081
500 1.28084
501 1.28052
502 1.28093
503 1.28117
504 1.28012
505 1.28095
506 1.28069
507 1.27979
508 1.27956
509 1.27982
510 1.27944
511 1.27765
512 1.27868
513 1.28073
514 1.27892
515 1.27885
516 1.27882
517 1.27838
518 1.27701
519 1.27647
520 1.27832
521 1.27827
522 1.2784
523 1.27558
524 1.27466
525 1.27403
526 1.27404
527 1.27352
528 1.27439
529 1.27518
530 1.27661
531 1.27545
532 1.27479
533 1.27439
534 1.27564
535 1.27489
536 1.27593
537 1.27507
538 1.27321
539 1.27323
540 1.2743
541 1.27254
542 1.27238
543 1.27156
544 1.27167
545 1.27203
546 1.27185
547 1.26972
548 1.26918
549 1.27164
550 1.27052
551 1.27083
552 1.27021
553 1.27172
554 1.26919
555 1.27035
556 1.27186
557 1.27271
558 1.27091
559 1.2714
560 1.26995
561 1.26993
562 1.26825
563 1.27122
564 1.27158
565 1.27072
566 1.27147
567 1.27128
568 1.271
569 1.26955
570 1.26962
571 1.27205
572 1.27055
573 1.27098
574 1.27143
575 1.27097
576 1.27088
577 1.27107
578 1.26894
579 1.27008
580 1.26919
581 1.26777
582 1.26906
583 1.26824
584 1.26716
585 1.26806
586 1.26588
587 1.26801
588 1.26829
589 1.2689
590 1.26869
591 1.26952
592 1.26843
593 1.26899
594 1.2688
595 1.27109
596 1.269
597 1.26942
598 1.26885
599 1.27004
600 1.27179
601 1.27065
602 1.27326
603 1.27206
604 1.27115
605 1.27201
606 1.26899
607 1.2705
608 1.27094
609 1.27178
610 1.26939
611 1.26976
612 1.26929
613 1.27146
614 1.26981
615 1.27058
616 1.26979
617 1.27045
618 1.27072
619 1.2692
620 1.26806
621 1.26749
622 1.26846
623 1.26843
624 1.27206
625 1.26995
626 1.26776
627 1.26923
628 1.2695
629 1.2676
630 1.26823
631 1.26683
632 1.2664
633 1.2663
634 1.26802
635 1.26868
636 1.26882
637 1.26812
638 1.26891
639 1.26702
640 1.26746
641 1.26609
642 1.26793
643 1.26624
644 1.26501
645 1.2659
646 1.26677
647 1.26484
648 1.26519
649 1.26494
650 1.26773
651 1.26846
652 1.27068
653 1.27105
654 1.27331
655 1.27262
656 1.27225
657 1.27134
658 1.27089
659 1.27265
660 1.27207
661 1.2722
662 1.27333
663 1.27376
664 1.27232
665 1.27339
666 1.27383
667 1.27487
668 1.27312
669 1.2743
670 1.2737
671 1.27399
672 1.27254
673 1.27195
674 1.27273
675 1.27035
676 1.26917
677 1.2705
678 1.26884
679 1.26969
680 1.27163
681 1.27172
682 1.27162
683 1.27047
684 1.27223
685 1.271
686 1.26872
687 1.26813
688 1.26813
689 1.26847
690 1.26793
691 1.26882
692 1.26944
693 1.26948
694 1.26897
695 1.26762
696 1.2677
697 1.26553
698 1.26691
699 1.26746
700 1.26887
701 1.26887
702 1.27003
703 1.27063
704 1.26983
705 1.27069
706 1.27298
707 1.27229
708 1.27242
709 1.27281
710 1.274
711 1.27272
712 1.27085
713 1.26887
714 1.26976
715 1.26969
716 1.27121
717 1.27007
718 1.27112
719 1.26991
720 1.2686
721 1.26985
722 1.27042
723 1.27063
724 1.26884
725 1.27095
726 1.26891
727 1.27006
728 1.26932
729 1.27062
730 1.27086
731 1.27128
732 1.27142
733 1.26906
734 1.27095
735 1.26924
736 1.26921
737 1.26959
738 1.26893
739 1.27126
740 1.27066
741 1.27146
742 1.27258
743 1.26964
744 1.27114
745 1.26868
746 1.26917
747 1.26935
748 1.26838
749 1.26597
750 1.26645
751 1.26573
752 1.26613
753 1.26653
754 1.26687
755 1.26751
756 1.26656
757 1.26559
758 1.26468
759 1.26303
760 1.26511
761 1.26459
762 1.26563
763 1.26463
764 1.264
765 1.26431
766 1.26557
767 1.26527
768 1.26304
769 1.26509
770 1.26489
771 1.26446
772 1.26408
773 1.26585
774 1.26475
775 1.26263
776 1.26255
777 1.26289
778 1.26314
779 1.26189
780 1.26284
781 1.26345
782 1.26409
783 1.26472
784 1.2617
785 1.2626
786 1.26315
787 1.26168
788 1.26201
789 1.26178
790 1.26267
791 1.263
792 1.26272
793 1.26185
794 1.26261
795 1.26304
796 1.26341
797 1.26403
798 1.26196
799 1.2612
800 1.26006
