0 58.8811
1 57.4835
2 56.5915
3 55.6434
4 55.0428
5 54.07
6 53.442
7 52.9536
8 52.2187
9 51.7493
10 51.0434
11 50.5512
12 49.8451
13 48.9577
14 48.135
15 47.8777
16 47.3268
17 46.6878
18 46.1311
19 45.3798
20 44.5403
21 44.0119
22 43.3667
23 43.0006
24 42.8047
25 42.2248
26 41.6386
27 41.2933
28 40.5974
29 40.2292
30 39.7954
31 39.3223
32 38.6046
33 38.0831
34 37.5466
35 36.9832
36 36.6422
37 36.2474
38 36.1402
39 36.2281
40 36.325
41 36.2466
42 36.0037
43 35.7912
44 35.4884
45 35.1709
46 34.8933
47 34.7967
48 34.4563
49 33.9746
50 33.7943
51 33.4109
52 33.0886
53 32.7409
54 32.5206
55 32.2212
56 32.0079
57 31.7698
58 31.5358
59 31.2957
60 31.105
61 30.7584
62 30.6785
63 30.4279
64 30.0736
65 29.9171
66 29.8206
67 29.5706
68 29.4313
69 29.3645
70 29.3817
71 29.1392
72 28.7875
73 28.4974
74 28.4141
75 27.9358
76 27.7438
77 27.6168
78 27.209
79 27.0356
80 26.6746
81 26.4588
82 26.3009
83 26.0852
84 25.8255
85 25.638
86 25.4816
87 25.2691
88 25.1688
89 24.8731
90 24.8743
91 24.6613
92 24.6275
93 24.3811
94 24.3957
95 24.3136
96 24.1541
97 24.1582
98 24.0902
99 23.9045
100 23.7737
101 23.5835
102 23.4065
103 23.3356
104 23.2424
105 23.105
106 23.0174
107 22.8475
108 22.6735
109 22.5562
110 22.4752
111 22.2988
112 22.2313
113 21.9593
114 21.7986
115 21.3462
116 21.3763
117 21.2536
118 21.0832
119 20.8565
120 20.5068
121 20.4156
122 20.2844
123 19.9515
124 19.7214
125 19.597
126 19.3848
127 19.0501
128 18.8416
129 18.6508
130 18.4538
131 18.2224
132 18.0107
133 17.7184
134 17.6034
135 17.4386
136 17.2391
137 17.1329
138 16.9003
139 16.7337
140 16.5724
141 16.3827
142 16.1714
143 16.0071
144 15.9109
145 15.7551
146 15.774
147 15.6345
148 15.5437
149 15.3629
150 15.2635
151 15.3284
152 15.1666
153 15.2421
154 15.0943
155 15.089
156 14.9464
157 14.9185
158 14.8352
159 14.7454
160 14.6174
161 14.5788
162 14.4315
163 14.3831
164 14.284
165 14.2184
166 14.1689
167 14.1071
168 14.0054
169 13.9624
170 13.8766
171 13.8517
172 13.8628
173 13.7973
174 13.8114
175 13.7831
176 13.8801
177 13.9049
178 14.014
179 14.0597
180 14.1588
181 14.2889
182 14.378
183 14.254
184 14.3071
185 14.4221
186 14.5826
187 14.5442
188 14.4553
189 14.4054
190 14.3566
191 14.2738
192 14.24
193 14.2481
194 14.2901
195 14.2584
196 14.3568
197 14.3158
198 14.2775
199 14.2316
200 14.2608
201 14.2757
202 14.0941
203 14.0395
204 13.9448
205 13.8815
206 13.7724
207 13.6737
208 13.6801
209 13.5116
210 13.4301
211 13.42
212 13.3484
213 13.2974
214 13.1415
215 13.0688
216 12.9538
217 12.9288
218 12.823
219 12.7555
220 12.7076
221 12.6442
222 12.5767
223 12.6214
224 12.574
225 12.5818
226 12.5189
227 12.5633
228 12.6428
229 12.5994
230 12.6239
231 12.554
232 12.4746
233 12.4948
234 12.3193
235 12.2543
236 12.2661
237 12.2379
238 12.1769
239 11.9709
240 11.9903
241 11.9138
242 11.8329
243 11.7328
244 11.6899
245 11.6631
246 11.5453
247 11.4684
248 11.4477
249 11.4359
250 11.4136
251 11.4293
252 11.3893
253 11.3433
254 11.357
255 11.3768
256 11.3944
257 11.2982
258 11.2845
259 11.206
260 11.1188
261 11.0532
262 11.0058
263 10.931
264 10.8739
265 10.8131
266 10.7535
267 10.681
268 10.6071
269 10.5943
270 10.5229
271 10.4872
272 10.4878
273 10.433
274 10.3411
275 10.2845
276 10.2464
277 10.2058
278 10.1525
279 10.1607
280 10.1774
281 10.1437
282 10.0766
283 10.0509
284 10.0958
285 10.0752
286 10.066
287 10.011
288 9.9652
289 9.82791
290 9.76386
291 9.78917
292 9.78302
293 9.79567
294 9.72942
295 9.61462
296 9.58165
297 9.50987
298 9.46272
299 9.44883
300 9.502
301 9.50883
302 9.41634
303 9.4455
304 9.45635
305 9.39541
306 9.35998
307 9.27769
308 9.31122
309 9.24535
310 9.24045
311 9.16764
312 9.15491
313 9.12763
314 9.15519
315 9.07938
316 9.03425
317 9.00025
318 8.97736
319 8.89604
320 8.82299
321 8.69741
322 8.67752
323 8.58847
324 8.54685
325 8.43065
326 8.36457
327 8.29012
328 8.19388
329 8.124
330 8.10495
331 8.04082
332 7.98106
333 7.9341
334 7.87439
335 7.77445
336 7.70759
337 7.62162
338 7.55294
339 7.45002
340 7.37912
341 7.2986
342 7.22328
343 7.15506
344 7.06508
345 7.01879
346 6.94792
347 6.87721
348 6.83231
349 6.7513
350 6.68641
351 6.61161
352 6.55241
353 6.47834
354 6.38197
355 6.35965
356 6.316
357 6.29637
358 6.23839
359 6.20968
360 6.17037
361 6.15262
362 6.10762
363 6.0968
364 6.07
365 6.04255
366 6.01255
367 6.02773
368 6.00547
369 5.98536
370 5.94915
371 5.93006
372 5.8984
373 5.86491
374 5.84165
375 5.84264
376 5.79179
377 5.76728
378 5.75399
379 5.73809
380 5.69294
381 5.68614
382 5.64289
383 5.63509
384 5.62734
385 5.62677
386 5.63937
387 5.59597
388 5.59967
389 5.57027
390 5.55686
391 5.53823
392 5.51416
393 5.5094
394 5.50628
395 5.53459
396 5.50629
397 5.4992
398 5.48381
399 5.45416
400 5.44707
401 5.45115
402 5.42016
403 5.398
404 5.39126
405 5.39864
406 5.39799
407 5.37734
408 5.36677
409 5.34518
410 5.34702
411 5.3083
412 5.32802
413 5.32034
414 5.30022
415 5.31804
416 5.29079
417 5.2488
418 5.23685
419 5.18989
420 5.19073
421 5.14035
422 5.07415
423 5.05447
424 5.00844
425 4.94283
426 4.89522
427 4.83777
428 4.76645
429 4.71666
430 4.67515
431 4.61981
432 4.55711
433 4.52028
434 4.51484
435 4.40495
436 4.33531
437 4.31616
438 4.30237
439 4.2661
440 4.20086
441 4.15073
442 4.03672
443 3.98152
444 3.94531
445 3.87577
446 3.85366
447 3.80338
448 3.74433
449 3.70324
450 3.61884
451 3.55722
452 3.49306
453 3.38935
454 3.35359
455 3.27449
456 3.23721
457 3.18362
458 3.13739
459 3.10974
460 3.0775
461 3.07611
462 3.03071
463 3.01136
464 2.99155
465 2.98247
466 2.97385
467 2.95888
468 2.96026
469 2.92967
470 2.94354
471 2.92093
472 2.9007
473 2.89342
474 2.87174
475 2.8636
476 2.83361
477 2.82479
478 2.81869
479 2.79851
480 2.79523
481 2.78121
482 2.76794
483 2.7615
484 2.76372
485 2.75214
486 2.74913
487 2.76131
488 2.74879
489 2.74873
490 2.74905
491 2.75827
492 2.74173
493 2.74044
494 2.71257
495 2.69596
496 2.69609
497 2.71299
498 2.6956
499 2.68165
500 2.67385
501 2.66233
502 2.65098
503 2.67552
504 2.67358
505 2.66589
506 2.65802
507 2.68949
508 2.68399
509 2.66962
510 2.65217
511 2.64909
512 2.63224
513 2.64977
514 2.63429
515 2.63186
516 2.62707
517 2.63924
518 2.63386
519 2.63776
520 2.65937
521 2.6603
522 2.65254
523 2.65185
524 2.64088
525 2.63006
526 2.64111
527 2.62636
528 2.64747
529 2.66485
530 2.66492
531 2.64445
532 2.63009
533 2.62131
534 2.62741
535 2.60004
536 2.59059
537 2.58128
538 2.5569
539 2.54999
540 2.55166
541 2.57496
542 2.57755
543 2.60294
544 2.60099
545 2.61469
546 2.60373
547 2.57491
548 2.5929
549 2.58885
550 2.58959
551 2.58507
552 2.58803
553 2.58257
554 2.56327
555 2.56535
556 2.5559
557 2.5339
558 2.54318
559 2.57505
560 2.55558
561 2.5676
562 2.57339
563 2.57837
564 2.60604
565 2.62042
566 2.61277
567 2.59977
568 2.56863
569 2.53872
570 2.5242
571 2.48657
572 2.43925
573 2.40665
574 2.41958
575 2.44989
576 2.46123
577 2.48277
578 2.47219
579 2.49768
580 2.49943
581 2.45488
582 2.46235
583 2.43056
584 2.44802
585 2.51786
586 2.5829
587 2.60188
588 2.62264
589 2.62478
590 2.60606
591 2.5966
592 2.58395
593 2.56972
594 2.55684
595 2.56314
596 2.54625
597 2.5264
598 2.539
599 2.58983
600 2.62057
601 2.64029
602 2.63912
603 2.65986
604 2.63362
605 2.61944
606 2.60279
607 2.57749
608 2.55819
609 2.5746
610 2.56914
611 2.59012
612 2.57845
613 2.60505
614 2.58768
615 2.61198
616 2.5956
617 2.57931
618 2.56643
619 2.54866
620 2.51865
621 2.49677
622 2.52019
623 2.51618
624 2.51692
625 2.53861
626 2.54494
627 2.54249
628 2.54377
629 2.5032
630 2.48507
631 2.46432
632 2.43836
633 2.45224
634 2.47604
635 2.47919
636 2.48056
637 2.46581
638 2.45775
639 2.45731
640 2.45977
641 2.44218
642 2.41567
643 2.4372
644 2.44104
645 2.44372
646 2.45126
647 2.46366
648 2.47672
649 2.4576
650 2.48127
651 2.47268
652 2.49245
653 2.49057
654 2.4983
655 2.49561
656 2.49752
657 2.48231
658 2.45837
659 2.4594
660 2.4663
661 2.45924
662 2.44388
663 2.46246
664 2.4746
665 2.4726
666 2.44398
667 2.44003
668 2.45778
669 2.44047
670 2.42377
671 2.40029
672 2.31834
673 2.32587
674 2.36921
675 2.40296
676 2.44333
677 2.47917
678 2.47128
679 2.50834
680 2.53278
681 2.50794
682 2.50615
683 2.50874
684 2.48946
685 2.47554
686 2.53043
687 2.50925
688 2.50783
689 2.47761
690 2.5051
691 2.50911
692 2.49903
693 2.50066
694 2.50619
695 2.50053
696 2.49733
697 2.51564
698 2.51042
699 2.52935
700 2.50382
701 2.50596
702 2.52582
703 2.53807
704 2.52271
705 2.54972
706 2.57188
707 2.56603
708 2.56562
709 2.51938
710 2.49256
711 2.47791
712 2.5118
713 2.48884
714 2.49962
715 2.50137
716 2.52232
717 2.55017
718 2.5353
719 2.5152
720 2.49756
721 2.45269
722 2.47184
723 2.48655
724 2.49134
725 2.50867
726 2.51066
727 2.47691
728 2.4729
729 2.4845
730 2.49822
731 2.48882
732 2.47152
733 2.47274
734 2.47137
735 2.48391
736 2.48847
737 2.48989
738 2.47149
739 2.46277
740 2.47936
741 2.47188
742 2.49595
743 2.51623
744 2.50354
745 2.50098
746 2.49616
747 2.4748
748 2.47305
749 2.43712
750 2.45554
751 2.46155
752 2.46235
753 2.46114
754 2.47935
755 2.47493
756 2.47075
757 2.48485
758 2.4731
759 2.46686
760 2.43549
761 2.41847
762 2.42977
763 2.42968
764 2.41845
765 2.41778
766 2.41324
767 2.43014
768 2.43331
769 2.42124
770 2.44365
771 2.4611
772 2.45082
773 2.45174
774 2.44941
775 2.45598
776 2.43716
777 2.42989
778 2.40659
779 2.4056
780 2.39961
781 2.41587
782 2.43661
783 2.45774
784 2.45037
785 2.44765
786 2.45363
787 2.44417
788 2.45019
789 2.45199
790 2.45653
791 2.46327
792 2.443
793 2.43503
794 2.42243
795 2.40672
796 2.41804
797 2.41768
798 2.41001
799 2.41922
800 2.43871
801 2.44496
802 2.46733
803 2.46507
804 2.45073
805 2.44887
806 2.45263
807 2.439
808 2.44036
809 2.44035
810 2.43444
811 2.43907
812 2.43454
813 2.42901
814 2.42944
815 2.43808
816 2.4406
817 2.42986
818 2.4362
819 2.44541
820 2.44336
821 2.44249
822 2.44718
823 2.4528
824 2.44688
825 2.43857
826 2.46202
827 2.44454
828 2.43846
829 2.42197
830 2.42058
831 2.4139
832 2.40757
833 2.40735
834 2.4149
835 2.4112
836 2.4172
837 2.42775
838 2.4306
839 2.44432
840 2.43269
841 2.43123
842 2.43785
843 2.41603
844 2.43702
845 2.43929
846 2.44615
847 2.4455
848 2.45547
849 2.44471
850 2.44404
851 2.42473
852 2.44731
853 2.43497
854 2.4203
855 2.44097
856 2.45572
857 2.45782
858 2.46097
859 2.45902
860 2.44785
861 2.4443
862 2.44848
863 2.45922
864 2.4319
865 2.43957
866 2.43607
867 2.42966
868 2.41686
869 2.43153
870 2.45555
871 2.46008
872 2.46578
873 2.47464
874 2.48611
875 2.46961
876 2.46444
877 2.45241
878 2.44866
879 2.46117
880 2.44441
881 2.45971
882 2.45824
883 2.44781
884 2.44905
885 2.45451
886 2.44975
887 2.45314
888 2.43378
889 2.42696
890 2.43474
891 2.42792
892 2.4242
893 2.4152
894 2.42516
895 2.43324
896 2.42547
897 2.43238
898 2.43822
899 2.42151
900 2.42296
901 2.42358
902 2.43101
903 2.42604
904 2.42886
905 2.42997
906 2.44729
907 2.41764
908 2.41923
909 2.41027
910 2.42241
911 2.43987
912 2.42743
913 2.43617
914 2.43565
915 2.42773
916 2.42978
917 2.43614
918 2.4145
919 2.41634
920 2.41867
921 2.43034
922 2.42344
923 2.43209
924 2.43159
925 2.42685
926 2.43649
927 2.4457
928 2.44618
929 2.43832
930 2.44805
931 2.42892
932 2.45355
933 2.4566
934 2.4681
935 2.45592
936 2.4573
937 2.4601
938 2.46465
939 2.48018
940 2.46821
941 2.45827
942 2.46448
943 2.45823
944 2.44563
945 2.42722
946 2.43657
947 2.44615
948 2.45531
949 2.45917
950 2.45721
951 2.46645
952 2.46286
953 2.46413
954 2.45819
955 2.44463
956 2.4605
957 2.44397
958 2.41789
959 2.42173
960 2.4129
961 2.42157
962 2.42353
963 2.41687
964 2.4256
965 2.41993
966 2.43247
967 2.44527
968 2.44485
969 2.44698
970 2.44137
971 2.44679
972 2.43385
973 2.41483
974 2.42489
975 2.44212
976 2.4332
977 2.44765
978 2.45623
979 2.44422
980 2.42921
981 2.43078
982 2.42994
983 2.4243
984 2.43992
985 2.45936
986 2.43949
987 2.44047
988 2.43599
989 2.45557
990 2.46115
991 2.44438
992 2.44013
993 2.43166
994 2.42298
995 2.43543
996 2.42433
997 2.43622
998 2.44727
999 2.45637
1000 2.45971
1001 2.45599
1002 2.45046
1003 2.42502
1004 2.42697
1005 2.43383
1006 2.42277
1007 2.43236
1008 2.42862
1009 2.44617
1010 2.42097
1011 2.41165
1012 2.42109
1013 2.41463
1014 2.4325
1015 2.43859
1016 2.42171
1017 2.42957
1018 2.45441
1019 2.45777
1020 2.45864
1021 2.4358
1022 2.42681
1023 2.42509
1024 2.43569
1025 2.44116
1026 2.45237
1027 2.44364
1028 2.45818
1029 2.47863
1030 2.48232
1031 2.46412
1032 2.47718
1033 2.47125
1034 2.46212
1035 2.44363
1036 2.43368
1037 2.43281
1038 2.42782
1039 2.43358
1040 2.43524
1041 2.42673
1042 2.41702
1043 2.41738
1044 2.41491
1045 2.44166
1046 2.43144
1047 2.4399
1048 2.43019
1049 2.41887
1050 2.42938
1051 2.44544
1052 2.43873
1053 2.43577
1054 2.42495
1055 2.42628
1056 2.41237
1057 2.41998
1058 2.44305
1059 2.45862
1060 2.4445
1061 2.44573
1062 2.42856
1063 2.43692
1064 2.43055
1065 2.4327
1066 2.4315
1067 2.43206
1068 2.46809
1069 2.48064
1070 2.46811
1071 2.46644
1072 2.44685
1073 2.44481
1074 2.4444
1075 2.45029
1076 2.44116
1077 2.4434
1078 2.43724
1079 2.43386
1080 2.44838
1081 2.42838
1082 2.43801
1083 2.45853
1084 2.43836
1085 2.43861
1086 2.44597
1087 2.44834
1088 2.434
1089 2.44069
1090 2.41987
1091 2.42597
1092 2.43169
1093 2.4496
1094 2.45764
1095 2.45863
1096 2.45643
1097 2.43803
1098 2.44391
1099 2.45125
1100 2.44564
1101 2.42747
1102 2.42419
1103 2.43832
1104 2.42711
1105 2.43862
1106 2.42747
1107 2.43499
1108 2.43455
1109 2.42846
1110 2.43064
1111 2.44355
1112 2.46024
1113 2.46144
1114 2.43945
1115 2.41834
1116 2.43292
1117 2.41953
1118 2.43993
1119 2.43716
1120 2.44405
1121 2.43613
1122 2.43657
1123 2.45305
1124 2.44977
1125 2.43692
1126 2.43282
1127 2.40696
1128 2.41089
1129 2.39849
1130 2.40064
1131 2.41967
1132 2.43558
1133 2.42867
1134 2.4223
1135 2.40282
1136 2.41954
1137 2.41299
1138 2.42934
1139 2.42537
1140 2.43872
1141 2.41077
1142 2.41626
1143 2.41539
1144 2.43317
1145 2.41331
1146 2.423
1147 2.41269
1148 2.39837
1149 2.42749
1150 2.43432
1151 2.42934
1152 2.44297
1153 2.44584
1154 2.43319
1155 2.41511
1156 2.42947
1157 2.4397
1158 2.41723
1159 2.40009
1160 2.42514
1161 2.42002
1162 2.41428
1163 2.41573
1164 2.41748
1165 2.43077
1166 2.43143
1167 2.42853
1168 2.42689
1169 2.42544
1170 2.44471
1171 2.45189
1172 2.45231
1173 2.46877
1174 2.45174
1175 2.46115
1176 2.46735
1177 2.46868
1178 2.44954
1179 2.45998
1180 2.43283
1181 2.44352
1182 2.4264
1183 2.42593
1184 2.40936
1185 2.41695
1186 2.41069
1187 2.41506
1188 2.42045
1189 2.42297
1190 2.41506
1191 2.41243
1192 2.39359
1193 2.40827
1194 2.42723
1195 2.41259
1196 2.42781
1197 2.42846
1198 2.41064
1199 2.43638
1200 2.41891
