0 10.4546
1 10.2622
2 10.1178
3 9.93789
4 9.81615
5 9.70561
6 9.59293
7 9.48412
8 9.34688
9 9.13114
10 9.08277
11 9.01492
12 8.94803
13 8.91029
14 8.84804
15 8.87385
16 8.81226
17 8.73472
18 8.65655
19 8.60136
20 8.49427
21 8.42838
22 8.29099
23 8.21175
24 8.07566
25 7.91199
26 7.76302
27 7.57865
28 7.50913
29 7.377
30 7.23048
31 7.08097
32 6.9582
33 6.862
34 6.75595
35 6.64229
36 6.54963
37 6.49108
38 6.4258
39 6.31256
40 6.24971
41 6.23109
42 6.17724
43 6.10825
44 6.06107
45 5.99945
46 5.95695
47 5.91375
48 5.8554
49 5.78287
50 5.75024
51 5.70232
52 5.66812
53 5.61649
54 5.53253
55 5.4928
56 5.45777
57 5.38555
58 5.34099
59 5.30247
60 5.26417
61 5.2097
62 5.18207
63 5.14461
64 5.11834
65 5.09611
66 5.06866
67 5.04931
68 5.02481
69 4.99839
70 4.9796
71 4.96663
72 4.94891
73 4.93828
74 4.9164
75 4.88416
76 4.86086
77 4.85538
78 4.83021
79 4.81043
80 4.79018
81 4.76423
82 4.74391
83 4.71157
84 4.66983
85 4.65181
86 4.62985
87 4.59725
88 4.56886
89 4.54076
90 4.52082
91 4.49478
92 4.46767
93 4.42871
94 4.40448
95 4.3784
96 4.37171
97 4.34153
98 4.31429
99 4.28717
100 4.26511
101 4.2337
102 4.21843
103 4.19169
104 4.18486
105 4.16367
106 4.15272
107 4.13518
108 4.11808
109 4.08538
110 4.07527
111 4.04795
112 4.01938
113 4.01237
114 3.98356
115 3.96612
116 3.94612
117 3.93311
118 3.92781
119 3.91878
120 3.89747
121 3.87544
122 3.86718
123 3.83908
124 3.8222
125 3.80525
126 3.79382
127 3.75858
128 3.72896
129 3.71139
130 3.68677
131 3.66847
132 3.64601
133 3.63988
134 3.61866
135 3.60276
136 3.59696
137 3.5782
138 3.5608
139 3.54488
140 3.53528
141 3.52017
142 3.49291
143 3.46583
144 3.45452
145 3.4339
146 3.42726
147 3.42589
148 3.4095
149 3.40514
150 3.39425
151 3.38047
152 3.36235
153 3.35204
154 3.34296
155 3.33255
156 3.32021
157 3.31025
158 3.30134
159 3.29267
160 3.27768
161 3.26301
162 3.25335
163 3.23771
164 3.2408
165 3.22927
166 3.227
167 3.22287
168 3.22009
169 3.21094
170 3.20974
171 3.1979
172 3.19236
173 3.18677
174 3.18323
175 3.1638
176 3.14313
177 3.12412
178 3.10389
179 3.09108
180 3.07334
181 3.05814
182 3.03858
183 3.03458
184 3.00944
185 2.99619
186 2.97622
187 2.95316
188 2.94213
189 2.94004
190 2.91026
191 2.8915
192 2.88723
193 2.87202
194 2.87456
195 2.87398
196 2.85452
197 2.83318
198 2.81809
199 2.80165
200 2.78327
201 2.76893
202 2.71444
203 2.69386
204 2.69333
205 2.6854
206 2.66992
207 2.66766
208 2.65359
209 2.63896
210 2.63746
211 2.62781
212 2.62702
213 2.62152
214 2.61508
215 2.61116
216 2.59858
217 2.59868
218 2.57935
219 2.58301
220 2.57027
221 2.55665
222 2.5558
223 2.55015
224 2.55396
225 2.53365
226 2.53171
227 2.53159
228 2.52466
229 2.51046
230 2.50409
231 2.49782
232 2.50129
233 2.50578
234 2.49575
235 2.49814
236 2.49747
237 2.50302
238 2.48444
239 2.48424
240 2.47231
241 2.46558
242 2.45097
243 2.47126
244 2.47018
245 2.46901
246 2.47004
247 2.46734
248 2.46021
249 2.4532
250 2.44096
251 2.4338
252 2.32979
253 2.33352
254 2.33317
255 2.33354
256 2.31714
257 2.30431
258 2.29799
259 2.31679
260 2.31054
261 2.30837
262 2.31939
263 2.30007
264 2.30945
265 2.31339
266 2.30786
267 2.29995
268 2.28315
269 2.2772
270 2.26927
271 2.25509
272 2.24263
273 2.21325
274 2.192
275 2.17096
276 2.17311
277 2.16031
278 2.15341
279 2.13194
280 2.11622
281 2.14461
282 2.1448
283 2.14217
284 2.13856
285 2.1496
286 2.13298
287 2.1167
288 2.15963
289 2.17159
290 2.17518
291 2.18181
292 2.18755
293 2.1813
294 2.18006
295 2.17312
296 2.19699
297 2.18894
298 2.18623
299 2.19742
300 2.19691
301 2.18543
302 2.18067
303 2.16867
304 2.16408
305 2.18018
306 2.1884
307 2.18321
308 2.20061
309 2.22485
310 2.23227
311 2.23777
312 2.23457
313 2.25128
314 2.25116
315 2.25687
316 2.26297
317 2.26389
318 2.26276
319 2.24351
320 2.2585
321 2.25271
322 2.25421
323 2.22158
324 2.21151
325 2.21582
326 2.19145
327 2.19128
328 2.18695
329 2.17311
330 2.16808
331 2.16355
332 2.15309
333 2.15654
334 2.14955
335 2.15534
336 2.14894
337 2.12671
338 2.12114
339 2.11986
340 2.12961
341 2.12993
342 2.11738
343 2.12658
344 2.11778
345 2.12893
346 2.10949
347 2.12432
348 2.12229
349 2.13101
350 2.13312
351 2.13877
352 2.11858
353 2.12619
354 2.11864
355 2.13317
356 2.14099
357 2.15174
358 2.1531
359 2.15842
360 2.16239
361 2.17768
362 2.18617
363 2.20002
364 2.20856
365 2.20728
366 2.21033
367 2.23102
368 2.23023
369 2.23769
370 2.23307
371 2.2319
372 2.23187
373 2.24293
374 2.24611
375 2.23557
376 2.22895
377 2.22753
378 2.22155
379 2.2241
380 2.21962
381 2.20586
382 2.22118
383 2.21107
384 2.2165
385 2.22857
386 2.20612
387 2.2063
388 2.20576
389 2.19368
390 2.1959
391 2.17563
392 2.17086
393 2.17471
394 2.17713
395 2.19514
396 2.18309
397 2.1825
398 2.18192
399 2.16909
400 2.16935
401 2.17656
402 2.18898
403 2.17708
404 2.16743
405 2.15292
406 2.1447
407 2.13651
408 2.13904
409 2.12214
410 2.12986
411 2.13802
412 2.128
413 2.12144
414 2.12049
415 2.11694
416 2.12236
417 2.13037
418 2.12625
419 2.12397
420 2.13272
421 2.12794
422 2.11598
423 2.11618
424 2.11431
425 2.13164
426 2.12273
427 2.12608
428 2.11583
429 2.13232
430 2.14093
431 2.12431
432 2.12257
433 2.13378
434 2.13679
435 2.14092
436 2.13999
437 2.12068
438 2.11882
439 2.11072
440 2.1224
441 2.12881
442 2.11529
443 2.11178
444 2.10769
445 2.10154
446 2.11258
447 2.12356
448 2.10658
449 2.10784
450 2.11664
451 2.11396
452 2.11495
453 2.10884
454 2.11183
455 2.1041
456 2.11868
457 2.11634
458 2.12141
459 2.11535
460 2.12197
461 2.11341
462 2.11886
463 2.11993
464 2.12208
465 2.11785
466 2.11764
467 2.11542
468 2.11445
469 2.11335
470 2.11084
471 2.11637
472 2.13064
473 2.13936
474 2.13415
475 2.13365
476 2.12557
477 2.13551
478 2.12957
479 2.12107
480 2.11918
481 2.12576
482 2.11256
483 2.11144
484 2.11789
485 2.12449
486 2.12158
487 2.12469
488 2.11445
489 2.12031
490 2.10608
491 2.11546
492 2.12484
493 2.12573
494 2.12711
495 2.12054
496 2.11639
497 2.11175
498 2.10456
499 2.10057
500 2.10165
501 2.10381
502 2.09842
503 2.11133
504 2.11172
505 2.09902
506 2.08568
507 2.0871
508 2.1112
509 2.09787
510 2.10214
511 2.11572
512 2.10678
513 2.11444
514 2.11577
515 2.12311
516 2.10709
517 2.09991
518 2.09349
519 2.09505
520 2.10316
521 2.09867
522 2.10302
523 2.0825
524 2.08877
525 2.08656
526 2.08846
527 2.088
528 2.08959
529 2.08044
530 2.07669
531 2.0748
532 2.0872
533 2.08978
534 2.08635
535 2.07966
536 2.07791
537 2.08469
538 2.10118
539 2.10722
540 2.10513
541 2.11421
542 2.11237
543 2.11084
544 2.10951
545 2.11465
546 2.10006
547 2.09485
548 2.08093
549 2.09196
550 2.07816
551 2.06062
552 2.05684
553 2.05137
554 2.04065
555 2.04404
556 2.04064
557 2.0331
558 2.04636
559 2.0342
560 2.04734
561 2.05725
562 2.05461
563 2.04989
564 2.06026
565 2.0533
566 2.05922
567 2.06297
568 2.04757
569 2.05857
570 2.05598
571 2.06209
572 2.05559
573 2.05704
574 2.07872
575 2.07675
576 2.0873
577 2.08335
578 2.08526
579 2.07625
580 2.09442
581 2.10942
582 2.11363
583 2.1311
584 2.13449
585 2.14814
586 2.14398
587 2.16114
588 2.1648
589 2.16525
590 2.15655
591 2.14814
592 2.14942
593 2.14935
594 2.15019
595 2.14923
596 2.15371
597 2.15095
598 2.14684
599 2.14512
600 2.14745
601 2.13927
602 2.14235
603 2.14933
604 2.14635
605 2.15616
606 2.14443
607 2.13216
608 2.13411
609 2.12441
610 2.11454
611 2.11692
612 2.11857
613 2.12611
614 2.12415
615 2.11663
616 2.10321
617 2.11698
618 2.11889
619 2.11421
620 2.1175
621 2.11432
622 2.10498
623 2.09064
624 2.09237
625 2.07205
626 2.07151
627 2.06304
628 2.06545
629 2.05904
630 2.05791
631 2.03956
632 2.05016
633 2.04802
634 2.04857
635 2.05133
636 2.0363
637 2.03972
638 2.05408
639 2.04217
640 2.05031
641 2.03882
642 2.04088
643 2.03996
644 2.04911
645 2.06596
646 2.06398
647 2.08448
648 2.09456
649 2.09287
650 2.09371
651 2.1171
652 2.11738
653 2.12265
654 2.12598
655 2.11162
656 2.09887
657 2.07788
658 2.0765
659 2.05761
660 2.04301
661 2.0409
662 2.01479
663 2.00953
664 2.00056
665 1.98245
666 1.98186
667 1.9896
668 1.97054
669 1.97081
670 1.97565
671 1.97928
672 1.98333
673 1.98345
674 1.96769
675 1.97984
676 1.9823
677 1.97064
678 1.96968
679 1.98377
680 1.98675
681 1.99159
682 1.99756
683 1.98836
684 1.99338
685 2.00038
686 2.01255
687 1.99874
688 2.00149
689 2.00533
690 2.00476
691 2.00083
692 2.00058
693 2.0042
694 2.00347
695 2.01257
696 2.02171
697 2.03396
698 2.02908
699 2.03824
700 2.03311
701 2.02779
702 2.03508
703 2.04195
704 2.0421
705 2.06295
706 2.06237
707 2.06017
708 2.05986
709 2.05764
710 2.06078
711 2.04132
712 2.01714
713 2.02836
714 2.01681
715 2.01254
716 2.00755
717 2.00451
718 2.0204
719 2.01524
720 2.00954
721 2.00956
722 2.01206
723 2.0169
724 2.00864
725 2.01231
726 2.00986
727 1.99762
728 2.00248
729 1.995
730 2.00364
731 2.01233
732 2.02749
733 2.03127
734 2.03791
735 2.04131
736 2.05026
737 2.04851
738 2.04592
739 2.04533
740 2.03061
741 2.02865
742 2.02097
743 2.01654
744 2.01006
745 2.00576
746 1.99249
747 1.97568
748 1.95068
749 1.94015
750 1.9463
751 1.93311
752 1.9481
753 1.96643
754 1.96912
755 1.98518
756 1.97942
757 1.98184
758 1.989
759 1.98671
760 1.98881
761 1.97755
762 2.00489
763 2.01005
764 2.00657
765 2.00781
766 1.99282
767 1.98007
768 1.97745
769 1.96961
770 1.97229
771 1.97049
772 1.96292
773 1.96003
774 1.96446
775 1.95004
776 1.94945
777 1.94262
778 1.93871
779 1.95034
780 1.95616
781 1.96013
782 1.97789
783 1.97562
784 1.99563
785 1.98934
786 1.99212
787 1.97541
788 1.96624
789 1.95856
790 1.95326
791 1.96409
792 1.96204
793 1.97053
794 1.97125
795 1.9887
796 1.98143
797 1.96562
798 1.95898
799 1.96384
800 1.96726
