0 58.3053
1 57.3054
2 56.2443
3 55.0133
4 54.3257
5 53.4383
6 52.7312
7 51.91
8 51.3297
9 50.62
10 49.9241
11 49.1815
12 48.7082
13 47.6659
14 46.7024
15 45.6434
16 45.147
17 44.371
18 43.7348
19 42.639
20 42.1877
21 41.5174
22 41.0317
23 40.7039
24 40.3647
25 39.8855
26 39.7441
27 39.1115
28 38.6931
29 38.2284
30 38.0423
31 37.4867
32 36.8537
33 36.4336
34 36.1378
35 35.6558
36 35.3088
37 35.1047
38 34.724
39 34.3456
40 33.6916
41 33.0583
42 32.6971
43 32.4682
44 31.9122
45 31.1109
46 30.8293
47 30.4807
48 29.8337
49 29.5133
50 29.3931
51 29.1489
52 28.9917
53 28.8457
54 28.5118
55 28.1594
56 28.2835
57 27.9729
58 27.6387
59 27.3122
60 26.8839
61 26.5957
62 26.4868
63 26.2667
64 26.1078
65 25.7129
66 25.4978
67 25.0304
68 24.7601
69 24.4682
70 24.311
71 23.9922
72 23.8077
73 23.6597
74 23.5232
75 23.2362
76 23.2196
77 23.0848
78 23.0199
79 22.9876
80 23.0143
81 22.9093
82 22.9333
83 22.7387
84 22.6689
85 22.6323
86 22.4255
87 22.246
88 22.1061
89 21.8644
90 21.7766
91 21.6012
92 21.5147
93 21.4394
94 21.3398
95 21.216
96 21.1759
97 21.0084
98 20.9803
99 21.0372
100 20.8328
101 20.7478
102 20.6161
103 20.5558
104 20.5239
105 20.3596
106 20.2632
107 20.329
108 20.0673
109 19.9401
110 19.8616
111 19.7313
112 19.7547
113 19.4545
114 19.3191
115 19.094
116 18.8207
117 18.4124
118 17.9383
119 17.6326
120 17.2763
121 16.9482
122 16.5082
123 16.2469
124 16.1103
125 15.8851
126 15.7621
127 15.6111
128 15.5114
129 15.2783
130 15.3204
131 15.2571
132 15.1582
133 15.168
134 15.1004
135 15.0787
136 15.0786
137 15.0764
138 15.0591
139 14.9815
140 15.0486
141 15.1122
142 15.1254
143 15.1798
144 15.1022
145 15.1076
146 15.0198
147 15.0298
148 15.0285
149 15.0979
150 15.061
151 15.0579
152 15.0139
153 14.978
154 15.099
155 15.0386
156 15.1478
157 15.1212
158 15.1686
159 15.0359
160 15.1791
161 15.2193
162 15.1428
163 15.0773
164 14.9823
165 15.0497
166 15.139
167 15.0716
168 15.1469
169 14.9816
170 15.0646
171 15.0307
172 15.0922
173 14.9411
174 14.9174
175 14.8932
176 14.9304
177 14.7198
178 14.8008
179 14.8435
180 14.7038
181 14.7268
182 14.6507
183 14.6244
184 14.5829
185 14.4592
186 14.3962
187 14.4311
188 14.4062
189 14.4042
190 14.2429
191 14.1398
192 13.8801
193 13.8057
194 13.564
195 13.5078
196 13.1966
197 13.114
198 12.8888
199 12.7348
200 12.4625
201 12.2907
202 12.0204
203 12.0635
204 11.9001
205 11.7091
206 11.6554
207 11.5924
208 11.4405
209 11.3998
210 11.4704
211 11.3727
212 11.3581
213 11.2676
214 11.2409
215 11.17
216 11.2347
217 11.3943
218 11.3526
219 11.3296
220 11.3515
221 11.2951
222 11.3961
223 11.326
224 11.3091
225 11.2971
226 11.3035
227 11.2807
228 11.2396
229 11.2338
230 11.1284
231 11.1197
232 11.104
233 11.1206
234 11.1106
235 11.1612
236 11.1013
237 11.0099
238 11.0531
239 11.0289
240 10.9515
241 10.9627
242 11.0018
243 10.9703
244 10.9213
245 10.97
246 10.997
247 10.8373
248 10.8177
249 10.9116
250 10.8715
251 10.7775
252 10.6982
253 10.6852
254 10.5674
255 10.4175
256 10.2692
257 10.153
258 10.0688
259 9.93079
260 9.88364
261 9.68532
262 9.67249
263 9.55312
264 9.43047
265 9.3475
266 9.29251
267 9.23922
268 9.1314
269 9.04819
270 8.91989
271 8.79054
272 8.63584
273 8.5612
274 8.46862
275 8.32223
276 8.2088
277 8.11731
278 8.02372
279 8.00471
280 7.9137
281 7.92451
282 7.8604
283 7.78523
284 7.72279
285 7.6437
286 7.54569
287 7.45924
288 7.35082
289 7.25889
290 7.12222
291 7.04051
292 6.92894
293 6.78536
294 6.70837
295 6.62278
296 6.5022
297 6.37594
298 6.24589
299 6.1548
300 6.04439
301 5.91343
302 5.75353
303 5.62039
304 5.52527
305 5.42095
306 5.32682
307 5.24866
308 5.15817
309 5.07109
310 5.0086
311 4.95421
312 4.8953
313 4.84774
314 4.76587
315 4.73678
316 4.73115
317 4.69721
318 4.69528
319 4.64644
320 4.62664
321 4.61634
322 4.63539
323 4.62635
324 4.59303
325 4.58937
326 4.56005
327 4.53859
328 4.55071
329 4.5429
330 4.53139
331 4.51116
332 4.50708
333 4.47997
334 4.46171
335 4.45917
336 4.47631
337 4.44234
338 4.4265
339 4.45198
340 4.43892
341 4.46141
342 4.46581
343 4.45475
344 4.44795
345 4.48746
346 4.50186
347 4.50602
348 4.49249
349 4.49309
350 4.49944
351 4.49236
352 4.49066
353 4.486
354 4.46167
355 4.46899
356 4.46303
357 4.4484
358 4.44447
359 4.44502
360 4.44157
361 4.4581
362 4.4206
363 4.42375
364 4.43442
365 4.41826
366 4.43073
367 4.42855
368 4.44271
369 4.42752
370 4.43659
371 4.40383
372 4.39671
373 4.40839
374 4.41679
375 4.41307
376 4.39291
377 4.37554
378 4.37775
379 4.37454
380 4.33063
381 4.33177
382 4.33689
383 4.33752
384 4.34703
385 4.31243
386 4.33519
387 4.31492
388 4.30258
389 4.29854
390 4.32045
391 4.30202
392 4.29641
393 4.31493
394 4.29935
395 4.30777
396 4.30546
397 4.3185
398 4.34218
399 4.3321
400 4.31736
401 4.30747
402 4.33148
403 4.31925
404 4.29524
405 4.26581
406 4.26211
407 4.25165
408 4.26773
409 4.25745
410 4.27843
411 4.25668
412 4.25312
413 4.25955
414 4.25863
415 4.25342
416 4.25583
417 4.24974
418 4.25601
419 4.25981
420 4.2445
421 4.22464
422 4.19668
423 4.18107
424 4.1918
425 4.17791
426 4.17866
427 4.15977
428 4.15796
429 4.20399
430 4.22086
431 4.24518
432 4.24207
433 4.28411
434 4.23573
435 4.19127
436 4.21459
437 4.21652
438 4.26514
439 4.2847
440 4.29176
441 4.27556
442 4.31076
443 4.29449
444 4.28651
445 4.24116
446 4.31009
447 4.32938
448 4.35024
449 4.31159
450 4.3072
451 4.30061
452 4.22944
453 4.22923
454 4.26776
455 4.24676
456 4.21607
457 4.28133
458 4.2903
459 4.27923
460 4.2967
461 4.32347
462 4.31615
463 4.31986
464 4.30078
465 4.3403
466 4.3578
467 4.38155
468 4.35084
469 4.37139
470 4.39798
471 4.37579
472 4.38778
473 4.36295
474 4.36669
475 4.32621
476 4.32835
477 4.28632
478 4.26056
479 4.24949
480 4.24799
481 4.28523
482 4.28392
483 4.31315
484 4.36592
485 4.35349
486 4.30964
487 4.32026
488 4.29814
489 4.29573
490 4.25935
491 4.27997
492 4.29065
493 4.30487
494 4.25834
495 4.25239
496 4.26583
497 4.28497
498 4.27396
499 4.22799
500 4.21367
501 4.18699
502 4.1623
503 4.16445
504 4.1663
505 4.17684
506 4.17109
507 4.15945
508 4.16705
509 4.18104
510 4.19985
511 4.16806
512 4.14974
513 4.15661
514 4.16455
515 4.18417
516 4.19448
517 4.21574
518 4.20397
519 4.19365
520 4.16878
521 4.1396
522 4.12493
523 4.11588
524 4.11327
525 4.15653
526 4.12416
527 4.13848
528 4.16086
529 4.18838
530 4.20423
531 4.24535
532 4.26072
533 4.25626
534 4.2593
535 4.22733
536 4.21641
537 4.23494
538 4.21965
539 4.21601
540 4.17907
541 4.17586
542 4.15553
543 4.1755
544 4.20353
545 4.2147
546 4.23929
547 4.25429
548 4.27181
549 4.3256
550 4.32094
551 4.32335
552 4.2906
553 4.29922
554 4.25636
555 4.2527
556 4.22741
557 4.21817
558 4.2066
559 4.21061
560 4.19397
561 4.192
562 4.18657
563 4.20113
564 4.22038
565 4.22091
566 4.17839
567 4.15007
568 4.12181
569 4.06935
570 4.05603
571 4.04186
572 4.04027
573 4.07222
574 4.06925
575 4.05139
576 4.07231
577 4.03609
578 4.04834
579 4.06646
580 4.08008
581 4.11442
582 4.12011
583 4.13817
584 4.17939
585 4.23517
586 4.21266
587 4.21189
588 4.18291
589 4.22899
590 4.21255
591 4.19371
592 4.19838
593 4.20574
594 4.16969
595 4.15555
596 4.1385
597 4.12286
598 4.17282
599 4.18892
600 4.19874
601 4.18421
602 4.0732
603 4.11141
604 4.10125
605 4.04639
606 3.96115
607 4.02013
608 3.8984
609 3.91673
610 3.87773
611 3.9287
612 3.93152
613 3.9744
614 3.95169
615 4.00446
616 3.9711
617 3.97361
618 3.94323
619 3.9706
620 3.98968
621 4.03248
622 4.03509
623 4.0689
624 3.95701
625 3.90389
626 3.93725
627 3.893
628 3.90823
629 3.95373
630 3.97722
631 4.03221
632 4.0226
633 4.01581
634 4.07449
635 4.06644
636 4.10628
637 4.07661
638 4.11422
639 4.12756
640 4.07635
641 4.09274
642 4.06534
643 4.07982
644 4.05738
645 4.0135
646 3.98322
647 3.95749
648 3.92078
649 3.91755
650 3.93493
651 3.92449
652 4.02209
653 4.04297
654 4.03625
655 4.07939
656 4.05871
657 4.00502
658 3.97802
659 3.99684
660 3.99354
661 3.98898
662 4.0391
663 4.08178
664 4.04499
665 4.12217
666 4.08787
667 4.05073
668 4.05517
669 3.97155
670 3.942
671 3.98185
672 3.98755
673 4.01286
674 4.04987
675 4.08317
676 4.03905
677 4.03425
678 3.96057
679 3.96198
680 3.93565
681 3.94516
682 3.9457
683 3.95458
684 3.95591
685 4.03279
686 4.04429
687 4.0271
688 4.01585
689 3.96757
690 4.02738
691 4.0432
692 4.07325
693 4.01906
694 4.01662
695 4.07253
696 4.06075
697 4.04375
698 4.01979
699 4.00908
700 3.98371
701 4.00668
702 4.00691
703 4.01514
704 3.96215
705 3.96477
706 3.95516
707 3.94104
708 3.95994
709 3.99
710 3.94687
711 3.92908
712 3.89831
713 3.96381
714 4.02038
715 3.97743
716 3.97863
717 3.95698
718 3.94905
719 3.96
720 3.91431
721 3.84076
722 3.87168
723 3.90304
724 3.96312
725 3.99646
726 4.05783
727 4.02835
728 4.09147
729 4.15819
730 4.18336
731 4.17171
732 4.16552
733 4.16001
734 4.15401
735 4.08118
736 4.02211
737 4.01128
738 3.97361
739 3.95167
740 3.89615
741 3.85263
742 3.84529
743 3.77796
744 3.74004
745 3.79097
746 3.73714
747 3.84162
748 3.87918
749 3.85791
750 3.91834
751 3.96794
752 3.9806
753 3.95185
754 3.90821
755 3.88309
756 3.90963
757 3.80089
758 3.77408
759 3.81486
760 3.83883
761 3.88812
762 3.90169
763 3.93488
764 3.99111
765 3.97546
766 3.98859
767 4.0302
768 4.04659
769 4.08449
770 4.05432
771 4.01862
772 4.04106
773 4.02485
774 4.04615
775 4.06053
776 4.00857
777 3.9553
778 4.03085
779 4.03758
780 4.03755
781 4.01658
782 4.02316
783 4.06475
784 4.02176
785 4.0111
786 4.05213
787 4.06387
788 4.05638
789 4.01213
790 4.01319
791 4.03664
792 4.08964
793 4.05359
794 4.02988
795 4.0156
796 3.97723
797 3.98129
798 4.00736
799 3.94108
800 3.97497
801 3.98206
802 3.94098
803 3.98767
804 3.92261
805 3.93903
806 3.93478
807 3.96177
808 3.96879
809 3.98732
810 3.96025
811 3.91908
812 3.86106
813 3.93319
814 3.96476
815 3.96623
816 3.95703
817 3.88109
818 3.97923
819 3.97786
820 3.89308
821 3.83854
822 3.85556
823 3.85832
824 3.86549
825 3.91214
826 3.8487
827 3.84472
828 3.78075
829 3.82174
830 3.90766
831 3.94279
832 3.96078
833 3.95248
834 3.93942
835 3.96669
836 4.01068
837 4.04598
838 4.04763
839 4.04628
840 4.06097
841 4.07571
842 4.0898
843 4.086
844 4.01718
845 4.01188
846 4.02914
847 3.99026
848 3.93745
849 3.93865
850 3.92855
851 3.90827
852 3.90633
853 3.89647
854 3.9349
855 3.90598
856 3.8589
857 3.86737
858 3.86134
859 3.89612
860 3.89432
861 3.99467
862 3.9612
863 3.97091
864 4.02554
865 4.02835
866 4.03314
867 4.09873
868 4.11689
869 4.13195
870 4.16705
871 4.18232
872 4.22375
873 4.18108
874 4.15993
875 4.11366
876 4.07625
877 4.07695
878 4.03562
879 4.04137
880 4.03698
881 4.00923
882 3.93707
883 3.91292
884 3.86924
885 3.8885
886 3.91741
887 3.9637
888 3.97588
889 3.95391
890 3.96249
891 3.98189
892 3.99553
893 3.97873
894 3.9268
895 3.93957
896 3.99213
897 3.96083
898 3.97553
899 4.00108
900 3.99185
901 4.07778
902 4.07364
903 4.06951
904 4.07993
905 4.09346
906 4.10718
907 4.11597
908 4.06184
909 4.04883
910 4.0331
911 4.00755
912 4.01402
913 4.02104
914 4.00264
915 4.00954
916 4.03403
917 4.01092
918 4.03995
919 4.03973
920 3.9788
921 4.00723
922 4.02731
923 3.99815
924 3.99502
925 4.01945
926 4.01198
927 4.06064
928 4.00383
929 4.04249
930 3.99493
931 3.97554
932 3.90993
933 3.92809
934 3.97501
935 3.95687
936 3.93859
937 3.90875
938 3.89186
939 3.86166
940 3.88986
941 3.9669
942 3.92099
943 3.94581
944 3.99357
945 4.04827
946 4.07995
947 4.07309
948 4.04681
949 4.06582
950 4.04409
951 4.06546
952 4.01694
953 4.01093
954 3.98975
955 3.99001
956 3.95763
957 3.94629
958 3.90715
959 3.83651
960 3.8879
961 3.83954
962 3.79881
963 3.82403
964 3.87987
965 3.97458
966 3.96074
967 3.99619
968 3.97266
969 3.88683
970 3.97335
971 3.9432
972 3.93657
973 3.96124
974 3.96835
975 3.94573
976 3.91862
977 3.96649
978 3.95994
979 3.93303
980 3.9218
981 3.89133
982 3.88893
983 3.91607
984 3.94434
985 3.94698
986 3.94619
987 3.89795
988 3.94259
989 3.91975
990 3.89065
991 3.82513
992 3.8224
993 3.7818
994 3.81925
995 3.79208
996 3.81951
997 3.86173
998 3.83384
999 3.83783
1000 3.84312
1001 3.87971
1002 3.9158
1003 3.87567
1004 3.91298
1005 3.92772
1006 3.88541
1007 3.91435
1008 3.88595
1009 3.8991
1010 3.87107
1011 3.84801
1012 3.80825
1013 3.92566
1014 3.86987
1015 3.84523
1016 3.77376
1017 3.78621
1018 3.84289
1019 3.82667
1020 3.81611
1021 3.81829
1022 3.8848
1023 3.87561
1024 3.91459
1025 3.91027
1026 3.93212
1027 3.95424
1028 3.91843
1029 3.88039
1030 3.85806
1031 3.86279
1032 3.80688
1033 3.8182
1034 3.80601
1035 3.80614
1036 3.77939
1037 3.853
1038 3.86747
1039 3.90233
1040 3.92881
1041 3.8821
1042 3.93788
1043 3.96631
1044 3.98907
1045 3.94263
1046 3.97023
1047 3.93267
1048 4.0023
1049 3.96169
1050 3.84631
1051 3.91136
1052 3.91124
1053 3.92652
1054 3.82323
1055 3.87084
1056 3.86538
1057 3.85651
1058 3.87109
1059 3.91982
1060 3.85178
1061 3.79747
1062 3.80854
1063 3.80899
1064 3.80527
1065 3.73709
1066 3.80457
1067 3.75506
1068 3.71635
1069 3.85384
1070 3.85774
1071 3.85174
1072 3.73899
1073 3.77378
1074 3.72241
1075 3.72274
1076 3.69244
1077 3.6775
1078 3.79368
1079 3.83995
1080 3.82244
1081 3.86353
1082 3.79334
1083 3.79485
1084 3.81671
1085 3.8066
1086 3.85483
1087 3.86661
1088 3.88505
1089 3.81856
1090 3.7875
1091 3.75691
1092 3.73016
1093 3.75755
1094 3.80888
1095 3.85427
1096 3.81841
1097 3.83423
1098 3.84798
1099 3.90229
1100 3.90045
1101 3.85901
1102 3.85352
1103 3.92578
1104 3.93224
1105 3.89564
1106 3.93712
1107 3.87465
1108 3.84609
1109 3.75635
1110 3.7141
1111 3.73276
1112 3.76088
1113 3.75931
1114 3.76258
1115 3.74194
1116 3.82596
1117 3.823
1118 3.80878
1119 3.83333
1120 3.86494
1121 3.88687
1122 3.83997
1123 3.8508
1124 3.81
1125 3.81224
1126 3.82476
1127 3.81536
1128 3.81864
1129 3.83468
1130 3.87768
1131 3.78892
1132 3.76809
1133 3.73012
1134 3.69694
1135 3.66446
1136 3.68297
1137 3.73522
1138 3.72197
1139 3.73858
1140 3.75305
1141 3.81085
1142 3.81691
1143 3.78801
1144 3.76109
1145 3.80798
1146 3.73143
1147 3.74671
1148 3.7752
1149 3.7282
1150 3.78197
1151 3.77721
1152 3.80202
1153 3.70742
1154 3.73487
1155 3.72357
1156 3.78234
1157 3.76101
1158 3.75588
1159 3.70615
1160 3.72978
1161 3.75368
1162 3.73597
1163 3.75108
1164 3.67458
1165 3.70003
1166 3.74227
1167 3.81907
1168 3.77336
1169 3.77854
1170 3.7926
1171 3.81419
1172 3.85473
1173 3.90615
1174 3.87359
1175 3.79203
1176 3.79521
1177 3.79069
1178 3.72608
1179 3.77667
1180 3.75326
1181 3.78561
1182 3.82947
1183 3.85407
1184 3.91197
1185 3.92543
1186 3.92283
1187 3.89448
1188 3.82335
1189 3.78526
1190 3.88042
1191 3.85951
1192 3.86985
1193 3.85994
1194 3.79919
1195 3.81001
1196 3.81268
1197 3.83516
1198 3.83881
1199 3.87605
1200 3.82646
