0 10.4439
1 10.2858
2 10.1449
3 9.98021
4 9.82506
5 9.71777
6 9.58952
7 9.4964
8 9.39511
9 9.28726
10 9.21757
11 9.13927
12 9.05092
13 8.9753
14 8.89713
15 8.81032
16 8.70068
17 8.60558
18 8.45706
19 8.33794
20 8.21276
21 8.11388
22 8.01665
23 7.9444
24 7.83836
25 7.73871
26 7.63862
27 7.51841
28 7.42439
29 7.35874
30 7.27078
31 7.2062
32 7.1499
33 7.06548
34 7.03455
35 6.98717
36 6.90695
37 6.83004
38 6.74946
39 6.65749
40 6.59152
41 6.53425
42 6.4663
43 6.4037
44 6.34163
45 6.28767
46 6.24283
47 6.19084
48 6.15535
49 6.10341
50 6.06103
51 6.03199
52 5.98808
53 5.96238
54 5.92055
55 5.8598
56 5.81242
57 5.75863
58 5.72464
59 5.6763
60 5.60377
61 5.56514
62 5.55157
63 5.50743
64 5.4602
65 5.4315
66 5.3892
67 5.36231
68 5.34796
69 5.32723
70 5.29107
71 5.25815
72 5.22979
73 5.22846
74 5.21404
75 5.19248
76 5.17211
77 5.17078
78 5.14768
79 5.12853
80 5.09133
81 5.08234
82 5.05179
83 5.02503
84 4.98169
85 4.97643
86 4.92897
87 4.90851
88 4.87459
89 4.85886
90 4.8154
91 4.79435
92 4.76048
93 4.75366
94 4.72849
95 4.71123
96 4.70701
97 4.69084
98 4.6677
99 4.65418
100 4.6359
101 4.60166
102 4.56986
103 4.54489
104 4.52663
105 4.53292
106 4.537
107 4.52867
108 4.53352
109 4.53636
110 4.54661
111 4.54309
112 4.52527
113 4.51167
114 4.50857
115 4.50009
116 4.47775
117 4.4695
118 4.47607
119 4.44874
120 4.42887
121 4.4121
122 4.38825
123 4.3913
124 4.37658
125 4.35458
126 4.34898
127 4.32388
128 4.31107
129 4.28898
130 4.26187
131 4.24717
132 4.22181
133 4.20691
134 4.18309
135 4.15992
136 4.14896
137 4.13632
138 4.10983
139 4.09431
140 4.05867
141 4.03586
142 4.01573
143 4.00885
144 3.98478
145 3.93858
146 3.93993
147 3.89212
148 3.86592
149 3.84356
150 3.81836
151 3.79886
152 3.77429
153 3.75947
154 3.73126
155 3.72046
156 3.7109
157 3.67117
158 3.64569
159 3.61354
160 3.58141
161 3.54258
162 3.51348
163 3.50736
164 3.48616
165 3.47076
166 3.44377
167 3.42115
168 3.41312
169 3.40188
170 3.38265
171 3.36378
172 3.35085
173 3.32571
174 3.30373
175 3.28598
176 3.29428
177 3.2867
178 3.27831
179 3.26319
180 3.24732
181 3.22139
182 3.20082
183 3.19783
184 3.19167
185 3.17106
186 3.15768
187 3.14889
188 3.1273
189 3.12126
190 3.10769
191 3.09544
192 3.07594
193 3.07238
194 3.06147
195 3.05841
196 3.05309
197 3.03939
198 3.02598
199 3.00963
200 3.01154
201 3.00031
202 2.96091
203 2.94939
204 2.95731
205 2.94152
206 2.94917
207 2.92824
208 2.91566
209 2.90529
210 2.89792
211 2.89121
212 2.89488
213 2.90049
214 2.88829
215 2.89204
216 2.87225
217 2.89132
218 2.88651
219 2.878
220 2.87474
221 2.8828
222 2.87411
223 2.85789
224 2.86127
225 2.85798
226 2.8459
227 2.83027
228 2.83016
229 2.80913
230 2.80694
231 2.79548
232 2.78849
233 2.80464
234 2.79014
235 2.78388
236 2.79181
237 2.79582
238 2.80233
239 2.8216
240 2.84501
241 2.84959
242 2.84261
243 2.8447
244 2.84143
245 2.84845
246 2.8506
247 2.8612
248 2.86027
249 2.85546
250 2.84567
251 2.83035
252 2.80869
253 2.79787
254 2.79738
255 2.78423
256 2.77801
257 2.77954
258 2.75027
259 2.7427
260 2.74953
261 2.74031
262 2.76975
263 2.77339
264 2.76596
265 2.77402
266 2.785
267 2.78143
268 2.78408
269 2.77055
270 2.77049
271 2.76992
272 2.77274
273 2.77179
274 2.77757
275 2.77537
276 2.74998
277 2.7334
278 2.71843
279 2.70684
280 2.69755
281 2.6815
282 2.67968
283 2.6554
284 2.63351
285 2.6176
286 2.601
287 2.56191
288 2.53288
289 2.49121
290 2.45781
291 2.43096
292 2.39929
293 2.37271
294 2.34807
295 2.33658
296 2.31547
297 2.30529
298 2.28847
299 2.2758
300 2.26836
301 2.26812
302 2.23154
303 2.22962
304 2.23288
305 2.23908
306 2.23904
307 2.2287
308 2.22811
309 2.21868
310 2.21368
311 2.21274
312 2.20712
313 2.19589
314 2.20015
315 2.18702
316 2.18622
317 2.18711
318 2.18776
319 2.18141
320 2.17775
321 2.18213
322 2.17742
323 2.17224
324 2.17246
325 2.17367
326 2.17046
327 2.16853
328 2.16752
329 2.16811
330 2.15985
331 2.15562
332 2.15509
333 2.15174
334 2.14523
335 2.14537
336 2.13813
337 2.13892
338 2.13291
339 2.13896
340 2.12716
341 2.13463
342 2.1276
343 2.1213
344 2.12222
345 2.11654
346 2.10707
347 2.10891
348 2.10909
349 2.11003
350 2.10291
351 2.10431
352 2.10001
353 2.1021
354 2.09839
355 2.09422
356 2.0867
357 2.08159
358 2.07841
359 2.0738
360 2.07676
361 2.07622
362 2.07312
363 2.07657
364 2.06919
365 2.06666
366 2.06661
367 2.05745
368 2.05746
369 2.05694
370 2.05728
371 2.0508
372 2.05245
373 2.04838
374 2.04478
375 2.0516
376 2.04253
377 2.04178
378 2.04204
379 2.04168
380 2.04018
381 2.03484
382 2.03082
383 2.02753
384 2.02407
385 2.02104
386 2.01764
387 2.0169
388 2.01758
389 2.0204
390 2.02115
391 2.01343
392 2.01705
393 2.01583
394 2.014
395 2.01493
396 2.01201
397 2.00958
398 2.01108
399 2.01366
400 2.00772
401 2.01084
402 1.96075
403 1.95633
404 1.95176
405 1.95617
406 1.96714
407 1.96034
408 1.95387
409 1.95646
410 1.95532
411 1.94843
412 1.95898
413 1.95968
414 1.96713
415 1.98436
416 1.99806
417 1.97691
418 2.00035
419 2.00701
420 2.00186
421 2.00805
422 2.01551
423 1.99843
424 1.99172
425 1.98393
426 1.99827
427 2.011
428 2.0104
429 2.00445
430 2.01161
431 2.00128
432 1.99807
433 2.00407
434 2.01135
435 2.01966
436 2.00135
437 1.99874
438 1.99544
439 1.99306
440 1.98939
441 1.99716
442 1.98511
443 1.99714
444 1.99681
445 2.00515
446 2.03643
447 2.02993
448 2.01619
449 2.01835
450 2.02319
451 2.01636
452 1.99481
453 1.96031
454 1.92309
455 1.89342
456 1.86927
457 1.85827
458 1.83395
459 1.8198
460 1.81698
461 1.80841
462 1.79934
463 1.79919
464 1.78066
465 1.7745
466 1.7677
467 1.76645
468 1.76863
469 1.76544
470 1.76532
471 1.772
472 1.76757
473 1.76769
474 1.75896
475 1.76401
476 1.75909
477 1.7724
478 1.77166
479 1.78682
480 1.78848
481 1.79161
482 1.80277
483 1.80884
484 1.82089
485 1.81846
486 1.84103
487 1.8495
488 1.87568
489 1.90699
490 1.92871
491 1.95582
492 1.97462
493 2.02263
494 2.04096
495 2.05009
496 2.07141
497 2.08388
498 2.08698
499 2.09652
500 2.09421
501 2.07606
502 2.04614
503 2.0118
504 1.99844
505 1.97337
506 1.95838
507 1.93385
508 1.93436
509 1.92003
510 1.9026
511 1.91691
512 1.91131
513 1.89152
514 1.88615
515 1.87471
516 1.88182
517 1.86511
518 1.872
519 1.87229
520 1.86947
521 1.88255
522 1.88656
523 1.88277
524 1.88644
525 1.89699
526 1.9015
527 1.90007
528 1.90447
529 1.91245
530 1.92401
531 1.9354
532 1.92944
533 1.92158
534 1.93043
535 1.94111
536 1.95196
537 1.94378
538 1.94005
539 1.95646
540 1.94243
541 1.93017
542 1.93712
543 1.93627
544 1.93829
545 1.96803
546 1.98425
547 1.99243
548 2.01553
549 2.01193
550 2.03232
551 2.02647
552 2.03464
553 2.02731
554 2.00717
555 2.00388
556 2.00248
557 1.99775
558 2.00163
559 2.0005
560 2.00051
561 1.99054
562 2.00292
563 2.00304
564 1.99544
565 1.99434
566 2.00667
567 2.0025
568 1.99098
569 2.00484
570 2.02616
571 2.02781
572 2.03563
573 2.04414
574 2.05488
575 2.06822
576 2.07384
577 2.08215
578 2.08316
579 2.07239
580 2.07108
581 2.07919
582 2.07405
583 2.07332
584 2.0935
585 2.08948
586 2.07821
587 2.05497
588 2.05601
589 2.07331
590 2.06579
591 2.0569
592 2.05645
593 2.05642
594 2.05203
595 2.0558
596 2.03518
597 2.03811
598 2.02607
599 2.03194
600 2.03971
601 2.04613
602 2.05424
603 2.06597
604 2.07832
605 2.08496
606 2.0788
607 2.08112
608 2.07342
609 2.07071
610 2.08575
611 2.07036
612 2.07186
613 2.07123
614 2.09099
615 2.06839
616 2.05695
617 2.0487
618 2.04477
619 2.04031
620 2.04454
621 2.04965
622 2.04704
623 2.05163
624 2.05855
625 2.09029
626 2.08962
627 2.10432
628 2.10584
629 2.11235
630 2.12073
631 2.1085
632 2.09493
633 2.10501
634 2.09154
635 2.08998
636 2.09049
637 2.09867
638 2.08518
639 2.08123
640 2.09286
641 2.09969
642 2.11276
643 2.10974
644 2.10052
645 2.12557
646 2.15073
647 2.14981
648 2.1665
649 2.17474
650 2.18187
651 2.17609
652 2.16961
653 2.16802
654 2.14397
655 2.10397
656 2.08443
657 2.05114
658 2.03808
659 2.02125
660 2.01734
661 2.02709
662 2.01967
663 2.03361
664 2.00358
665 2.02818
666 2.04362
667 2.06301
668 2.06355
669 2.0843
670 2.09647
671 2.06681
672 2.05094
673 2.01944
674 1.97953
675 1.98031
676 1.99226
677 1.95774
678 1.92375
679 1.90798
680 1.88045
681 1.87383
682 1.87879
683 1.8602
684 1.85222
685 1.84306
686 1.8355
687 1.82617
688 1.81557
689 1.81694
690 1.81378
691 1.8079
692 1.80317
693 1.78221
694 1.78921
695 1.80397
696 1.80988
697 1.81579
698 1.82844
699 1.83134
700 1.83026
701 1.82949
702 1.83844
703 1.83001
704 1.82535
705 1.82995
706 1.83753
707 1.8326
708 1.83299
709 1.82961
710 1.81826
711 1.8102
712 1.81787
713 1.82173
714 1.81103
715 1.811
716 1.82056
717 1.81262
718 1.80389
719 1.79243
720 1.79923
721 1.79334
722 1.7942
723 1.81172
724 1.80723
725 1.81799
726 1.81731
727 1.82867
728 1.82322
729 1.81625
730 1.82107
731 1.81972
732 1.82437
733 1.82758
734 1.83146
735 1.81729
736 1.82394
737 1.83554
738 1.83898
739 1.84396
740 1.83801
741 1.84003
742 1.85384
743 1.84319
744 1.85274
745 1.86678
746 1.87011
747 1.8827
748 1.8813
749 1.89146
750 1.90225
751 1.90775
752 1.90805
753 1.9229
754 1.92363
755 1.94596
756 1.95557
757 1.96497
758 1.96676
759 1.97655
760 1.97708
761 1.97559
762 1.96643
763 1.98981
764 1.97679
765 1.97225
766 1.96573
767 1.97684
768 1.9845
769 1.97702
770 1.97673
771 1.98198
772 1.9651
773 1.95524
774 1.95255
775 1.94678
776 1.93179
777 1.91882
778 1.92233
779 1.91524
780 1.91259
781 1.88285
782 1.88922
783 1.87221
784 1.87412
785 1.86356
786 1.83622
787 1.84438
788 1.85646
789 1.85377
790 1.85682
791 1.85677
792 1.8446
793 1.83256
794 1.83413
795 1.83285
796 1.80957
797 1.80893
798 1.80371
799 1.79033
800 1.8089
