0.0230664 0 0
0.0461329 0 0
0.0691993 0 0
0.0922657 0 0
0.115332 0 0
0.138399 0 0
0.161465 0 0
0.184531 0 0
0.207598 0 0
0.230664 0 0
0.253731 0 0
0.276797 0 0
0.299864 0 0
0.32293 0 0
0.345996 0 0
0.369063 0 0
0.392129 0 0
0.415196 0 0
0.438262 0 0
0.461329 0 0
0.484395 0 0
0.507461 0 0
0.530528 0 0
0.553594 0 0
0.576661 0 0
0.599727 0 0
0.622794 0 0
0.64586 0 0
0.668926 0 0
0.691993 0 0
0.715059 0 0
0.738126 0 0
0.761192 0 0
0.784259 0 0
0.807325 0 0
0.830391 0 0
0.853458 0 0
0.876524 0 0
0.899591 0 0
0.922657 0.00699593 2.85158e-11
0.945724 0.0798568 2.28127e-10
0.96879 0.363795 1.74732e-09
0.991856 1.14941 8.42937e-09
1.01492 2.35471 1.22878e-08
1.03799 3.85743 1.3328e-08
1.06106 4.38098 2.45756e-08
1.08412 4.52827 2.2302e-08
1.10719 4.41751 3.15398e-08
1.13026 3.54812 1.51963e-08
1.15332 2.5923 8.9407e-09
1.17639 1.74248 2.98023e-09
1.19945 1.16678 2.98023e-09
1.22252 0.766323 1.49012e-09
1.24559 0.46336 2.41426e-09
1.26865 0.251738 8.33e-10
1.29172 0.100643 4.165e-10
1.31479 0.0588143 1.6131e-10
1.33785 0.0600879 2.18415e-10
1.36092 0.0717667 3.72529e-10
1.38399 0.138133 5.26836e-10
1.40705 0.193845 3.72529e-10
1.43012 0.318042 2.29642e-09
1.45319 0.496011 3.1168e-09
1.47625 0.638066 2.58096e-09
1.49932 0.800791 3.79907e-09
1.52238 0.833264 3.332e-09
1.54545 0.907128 1.05367e-09
1.56852 0.858887 2.98023e-09
1.59158 0.808869 2.98023e-09
1.61465 0.648586 3.24763e-09
1.63772 0.467796 7.45058e-10
1.66078 0.342703 1.62382e-09
1.68385 0.256476 1.70714e-09
1.70692 0.223883 1.20713e-09
1.72998 0.32569 2.41426e-09
1.75305 0.521064 7.45058e-10
1.77612 0.844019 4.3444e-09
1.79918 1.25856 6.98926e-09
1.82225 1.7211 1.31603e-08
1.84531 2.18982 9.88431e-09
1.86838 2.54036 1.49012e-08
1.89145 2.48021 6.664e-09
1.91451 2.38116 9.88431e-09
1.93758 2.09698 4.21468e-09
1.96065 1.68013 6.664e-09
1.98371 1.28044 6.14391e-09
2.00678 0.828947 3.79907e-09
2.02985 0.655843 2.78775e-09
2.05291 0.55135 3.16101e-09
2.07598 0.528606 4.28003e-09
2.09905 0.588026 2.58096e-09
2.12211 0.758299 4.71216e-09
2.14518 0.902868 5.67419e-09
2.16824 0.973935 5.47504e-09
2.19131 0.931429 5.5755e-09
2.21438 0.867022 4.3444e-09
2.23744 0.748923 2.10734e-09
2.26051 0.680473 1.82501e-09
2.28358 0.603497 2.35608e-09
2.30664 0.626931 1.29048e-09
