0.064633 0 0
0.129266 0 0
0.193899 0 0
0.258532 0 0
0.323165 0 0
0.387798 0 0
0.452431 0 0
0.517064 0 0
0.581697 0 0
0.64633 0 0
0.710963 0 0
0.775596 0 0
0.84023 0 0
0.904863 0 0
0.969496 0.0986071 4.56253e-10
1.03413 0.790311 3.49463e-09
1.09876 1.37084 4.47035e-09
1.16339 1.64631 6.32203e-09
1.22803 1.98975 8.9407e-09
1.29266 1.87418 8.42937e-09
1.35729 1.50106 7.88495e-09
1.42193 1.31039 6.32203e-09
1.48656 1.13831 4.94216e-09
1.55119 1.04944 1.49012e-09
1.61583 1.28555 4.47035e-09
1.68046 0.908079 2.58096e-09
1.74509 0.986945 4.21468e-09
1.80973 1.21812 5.16191e-09
1.87436 1.09115 1.49012e-09
1.93899 0.910571 1.82501e-09
2.00362 0.766191 1.82501e-09
2.06826 0.976828 3.49463e-09
2.13289 1.01478 6.49527e-09
2.19752 0.931765 5.96046e-09
2.26216 0.861112 3.65002e-09
2.32679 0.886905 1.82501e-09
2.39142 1.05446 7.88495e-09
2.45606 0.805697 4.3444e-09
2.52069 0.77028 3.49463e-09
2.58532 0.87519 6.74679e-09
2.64995 0.896392 5.86659e-09
2.71459 1.12878 8.1617e-09
2.77922 1.07025 5.96046e-09
2.84385 1.17678 9.30577e-09
2.90849 1.01535 3.94248e-09
2.97312 1.08246 5.77119e-09
3.03775 1.09244 6.14391e-09
3.10239 1.03677 5.16191e-09
3.16702 0.956869 6.82857e-09
3.23165 1.06472 6.49527e-09
3.29629 1.07647 4.47035e-09
3.36092 0.88568 4.21468e-09
3.42555 0.877212 1.05367e-09
3.49018 1.02397 2.98023e-09
3.55482 0.994088 6.40923e-09
3.61945 1.0121 3.94248e-09
3.68408 1.01249 3.332e-09
3.74872 0.975604 4.21468e-09
3.81335 1.04046 5.37269e-09
3.87798 1.17259 4.21468e-09
3.94262 1.05422 1.49012e-09
4.00725 1.06178 2.58096e-09
4.07188 1.02081 6.664e-09
4.13651 0.931517 1.05367e-09
4.20115 0.994429 7.52472e-09
4.26578 0.993557 4.3444e-09
4.33041 1.11595 2.58096e-09
4.39505 1.01246 4.21468e-09
4.45968 0.971016 6.14391e-09
4.52431 0.982596 5.67419e-09
4.58895 1.01685 6.14391e-09
4.65358 0.911954 6.2336e-09
4.71821 0.907738 5.96046e-09
4.78285 1.02202 6.14391e-09
4.84748 0.959368 2.35608e-09
4.91211 0.961699 5.37269e-09
4.97674 0.941571 4.71216e-09
5.04138 0.996668 5.37269e-09
5.10601 1.01165 7.74287e-09
5.17064 0.965978 7.59813e-09
5.23528 0.88873 1.49012e-09
5.29991 0.900745 3.16101e-09
5.36454 0.936938 3.332e-09
5.42918 0.958938 6.82857e-09
5.49381 0.88027 1.05367e-09
5.55844 0.927144 5.16191e-09
5.62307 0.991614 4.47035e-09
5.68771 0.964944 3.79907e-09
5.75234 0.962076 4.21468e-09
5.81697 0.970541 6.2336e-09
5.88161 0.983464 6.05288e-09
5.94624 0.988683 6.05288e-09
6.01087 0.990896 5.47504e-09
6.07551 1.01639 3.332e-09
6.14014 0.930451 5.26836e-09
6.20477 0.902809 2.98023e-09
6.2694 0.903419 3.79907e-09
6.33404 0.919776 4.59285e-09
6.39867 0.952162 4.59285e-09
6.4633 1.00457 5.77119e-09
