0.0256496 0 0
0.0512993 0 0
0.0769489 0 0
0.102599 0 0
0.128248 0 0
0.153898 0 0
0.179547 0 0
0.205197 0 0
0.230847 0 0
0.256496 0 0
0.282146 0 0
0.307796 0 0
0.333445 0 0
0.359095 0 0
0.384745 0 0
0.410394 0 0
0.436044 0 0
0.461694 0 0
0.487343 0 0
0.512993 0 0
0.538642 0 0
0.564292 0 0
0.589942 0 0
0.615591 0 0
0.641241 0 0
0.666891 0 0
0.69254 0 0
0.71819 0 0
0.74384 0 0
0.769489 0 0
0.795139 0 0
0.820788 0 0
0.846438 0 0
0.872088 0 0
0.897737 0 0
0.923387 0.0155901 1.01489e-10
0.949037 0.0819313 1.6131e-10
0.974686 0.402072 1.97124e-09
1.00034 1.20108 5.5755e-09
1.02599 1.82104 7.59813e-09
1.05164 2.40236 1.6049e-08
1.07728 2.64544 5.96046e-09
1.10293 2.56774 1.63234e-08
1.12858 2.35125 1.39785e-08
1.15423 2.26551 1.51963e-08
1.17988 1.98565 8.9407e-09
1.20553 1.73508 7.59813e-09
1.23118 1.54717 7.59813e-09
1.25683 1.44969 0
1.28248 1.35162 7.88495e-09
1.30813 1.0983 7.14635e-09
1.33378 1.04578 7.59813e-09
1.35943 0.977408 5.37269e-09
1.38508 0.939305 3.79907e-09
1.41073 0.75411 5.47504e-09
1.43638 0.722574 2.78775e-09
1.46203 0.71432 4.3444e-09
1.48768 0.659977 4.08085e-09
1.51333 0.674288 1.82501e-09
1.53898 0.634855 4.94216e-09
1.56463 0.718719 4.21468e-09
1.59028 0.696402 2.58096e-09
1.61593 0.672619 4.59285e-09
1.64158 0.661077 0
1.66723 0.672486 0
1.69288 0.74803 3.332e-09
1.71853 0.763962 1.05367e-09
1.74418 0.762817 5.5755e-09
1.76983 0.782117 2.58096e-09
1.79547 0.845195 4.3444e-09
1.82112 0.835884 3.79907e-09
1.84677 0.952737 5.26836e-09
1.87242 0.971078 5.86659e-09
1.89807 0.980599 5.96046e-09
1.92372 1.07186 2.10734e-09
1.94937 1.14937 3.332e-09
1.97502 1.16074 6.664e-09
2.00067 1.20549 4.94216e-09
2.02632 1.2352 7.45058e-09
2.05197 1.23282 6.82857e-09
2.07762 1.28121 3.332e-09
2.10327 1.24043 8.1617e-09
2.12892 1.24006 2.58096e-09
2.15457 1.1703 6.664e-09
2.18022 1.11555 1.49012e-09
2.20587 1.16755 5.37269e-09
2.23152 1.14144 7.74287e-09
2.25717 1.08371 6.32203e-09
2.28282 1.01072 6.14391e-09
2.30847 1.00025 4.71216e-09
2.33412 0.96907 2.58096e-09
2.35977 0.917756 6.32203e-09
2.38542 0.936548 5.5755e-09
2.41107 0.900265 1.82501e-09
2.43672 0.914683 6.90938e-09
2.46237 0.904246 4.59285e-09
2.48802 0.88314 5.5755e-09
2.51366 0.875337 4.94216e-09
2.53931 0.918297 1.82501e-09
2.56496 0.918124 4.71216e-09
