0.064633 242.335
0.129266 63.6246
0.193899 51.7073
0.258532 36.0227
0.323165 64.4222
0.387798 62.5449
0.452431 53.3765
0.517064 56.1947
0.581697 54.8415
0.64633 54.9102
0.710963 44.6104
0.775596 69.1831
0.84023 65.9288
0.904863 69.2496
0.969496 65.2675
1.03413 61.2445
1.09876 62.8143
1.16339 75.5804
1.22803 72.3005
1.29266 87.125
1.35729 68.5525
1.42193 64.6034
1.48656 69.2212
1.55119 72.3933
1.61583 66.4541
1.68046 69.15
1.74509 64.8322
1.80973 69.117
1.87436 69.1039
1.93899 64.7458
2.00362 78.8015
2.06826 76.9703
2.13289 77.912
2.19752 73.4849
2.26216 78.8619
2.32679 73.2
2.39142 72.5927
2.45606 71.35
2.52069 68.3995
2.58532 73.7951
2.64995 67.1575
2.71459 74.2206
2.77922 74.722
2.84385 70.2157
2.90849 71.0031
2.97312 68.5323
3.03775 68.6803
3.10239 70.3715
3.16702 71.6259
3.23165 66.373
3.29629 70.8675
3.36092 73.0925
3.42555 76.8913
3.49018 73.1819
3.55482 67.7479
3.61945 67.2876
3.68408 72.8189
3.74872 71.5723
3.81335 73.181
3.87798 71.2308
3.94262 72.4009
4.00725 70.7669
4.07188 74.461
4.13651 75.0585
4.20115 71.2108
4.26578 74.2305
4.33041 75.2494
4.39505 69.9225
4.45968 68.0714
4.52431 72.388
4.58895 70.601
4.65358 71.8114
4.71821 68.3547
4.78285 72.4886
4.84748 73.7469
4.91211 69.7862
4.97674 73.0309
5.04138 70.9374
5.10601 73.4936
5.17064 68.218
5.23528 67.6704
5.29991 69.726
5.36454 70.2813
5.42918 73.8154
5.49381 69.5748
5.55844 69.8135
5.62307 72.1413
5.68771 70.2352
5.75234 69.1741
5.81697 69.5262
5.88161 70.8542
5.94624 68.561
6.01087 72.8895
6.07551 71.1303
6.14014 70.042
6.20477 69.3675
6.2694 70.6952
6.33404 70.1479
6.39867 69.4395
6.4633 70.1478
0.064633 0
0.129266 226.429
0.193899 113.067
0.258532 69.5672
0.323165 47.5113
0.387798 91.2264
0.452431 80.6579
0.517064 81.4435
0.581697 79.8778
0.64633 69.677
0.710963 76.8636
0.775596 72.3589
0.84023 61.0899
0.904863 62.3468
0.969496 68.397
1.03413 65.2279
1.09876 69.4521
1.16339 78.7554
1.22803 71.5735
1.29266 73.0328
1.35729 74.0321
1.42193 67.8758
1.48656 70.5018
1.55119 64.6836
1.61583 68.9598
1.68046 69.051
1.74509 73.982
1.80973 65.7282
1.87436 70.7393
1.93899 70.05
2.00362 68.8364
2.06826 69.8025
2.13289 72.9321
2.19752 74.5898
2.26216 70.0362
2.32679 67.6127
2.39142 75.0097
2.45606 67.3137
2.52069 71.7678
2.58532 71.1031
2.64995 71.4711
2.71459 69.6973
2.77922 69.914
2.84385 73.4472
2.90849 71.7241
2.97312 71.5946
3.03775 72.7673
3.10239 70.6492
3.16702 73.4715
3.23165 73.7134
3.29629 69.2642
3.36092 69.323
3.42555 70.7401
3.49018 69.8553
3.55482 71.266
3.61945 70.3597
3.68408 71.4187
3.74872 71.0058
3.81335 73.2607
3.87798 66.5467
3.94262 69.7858
4.00725 72.098
4.07188 71.529
4.13651 72.2593
4.20115 69.9805
4.26578 71.4933
4.33041 70.2282
4.39505 70.2565
4.45968 71.217
4.52431 71.9621
4.58895 70.836
4.65358 70.5241
4.71821 70.9682
4.78285 71.611
4.84748 70.0256
4.91211 71.4602
4.97674 70.504
5.04138 70.0412
5.10601 71.4729
5.17064 69.4453
5.23528 69.3798
5.29991 72.0247
5.36454 71.1805
5.42918 71.1606
5.49381 70.7931
5.55844 71.8319
5.62307 71.6613
5.68771 71.4056
5.75234 71.2586
5.81697 70.0684
5.88161 69.7576
5.94624 70.5281
6.01087 71.164
6.07551 71.1786
6.14014 71.2413
6.20477 70.9442
6.2694 69.9097
6.33404 71.1245
6.39867 70.2261
6.4633 70.0805
0.064633 0
0.129266 93.0977
0.193899 28.0943
0.258532 108.422
0.323165 83.9099
0.387798 60.8536
0.452431 59.6425
0.517064 69.7202
0.581697 71.306
0.64633 69.5561
0.710963 61.9935
0.775596 66.065
0.84023 88.3705
0.904863 62.0953
0.969496 71.0075
1.03413 78.4361
1.09876 61.9084
1.16339 68.0936
1.22803 73.2859
1.29266 66.5894
1.35729 71.0742
1.42193 72.6475
1.48656 71.0537
1.55119 71.5197
1.61583 74.1183
1.68046 73.0996
1.74509 62.9609
1.80973 71.0496
1.87436 71.9003
1.93899 68.3768
2.00362 69.308
2.06826 70.05
2.13289 69.3462
2.19752 74.5295
2.26216 71.0028
2.32679 73.2727
2.39142 69.2991
2.45606 66.196
2.52069 68.1808
2.58532 73.7077
2.64995 69.52
2.71459 72.7312
2.77922 72.3941
2.84385 67.7958
2.90849 73.73
2.97312 73.1543
3.03775 70.8581
3.10239 71.0653
3.16702 72.9002
3.23165 71.3928
3.29629 68.7291
3.36092 71.3635
3.42555 68.5568
3.49018 70.6664
3.55482 71.5861
3.61945 72.6723
3.68408 70.8268
3.74872 70.1553
3.81335 71.6228
3.87798 71.4809
3.94262 71.6288
4.00725 71.3196
4.07188 70.8598
4.13651 70.2487
4.20115 73.291
4.26578 72.5299
4.33041 68.3152
4.39505 72.2805
4.45968 71.817
4.52431 71.5975
4.58895 71.5177
4.65358 69.6692
4.71821 71.0588
4.78285 70.9196
4.84748 70.2256
4.91211 69.8773
4.97674 69.9422
5.04138 69.1307
5.10601 69.7763
5.17064 70.2869
5.23528 70.8178
5.29991 70.7725
5.36454 72.3781
5.42918 71.169
5.49381 71.9134
5.55844 72.2085
5.62307 71.1996
5.68771 70.0002
5.75234 71.3557
5.81697 70.8885
5.88161 71.8167
5.94624 70.7548
6.01087 70.7729
6.07551 72.2159
6.14014 71.0221
6.20477 71.4071
6.2694 71.3414
6.33404 70.747
6.39867 71.7297
6.4633 71.8033
0.064633 0
0.129266 36.4906
0.193899 35.678
0.258532 41.5102
0.323165 71.7233
0.387798 57.3269
0.452431 72.0197
0.517064 67.9374
0.581697 76.7388
0.64633 75.7553
0.710963 73.7175
0.775596 71.3031
0.84023 72.0943
0.904863 69.8603
0.969496 60.4461
1.03413 74.1075
1.09876 76.8755
1.16339 66.9854
1.22803 72.9638
1.29266 66.7587
1.35729 71.604
1.42193 73.8682
1.48656 77.0212
1.55119 74.3676
1.61583 66.1559
1.68046 67.8475
1.74509 73.3246
1.80973 73.1741
1.87436 68.1821
1.93899 75.2901
2.00362 71.6993
2.06826 67.8796
2.13289 74.9224
2.19752 71.4337
2.26216 70.8505
2.32679 70.0863
2.39142 73.1032
2.45606 67.7414
2.52069 71.6714
2.58532 71.9993
2.64995 72.5658
2.71459 69.3563
2.77922 73.097
2.84385 70.3287
2.90849 71.228
2.97312 71.1006
3.03775 71.4629
3.10239 71.61
3.16702 72.2325
3.23165 73.4871
3.29629 70.7348
3.36092 69.109
3.42555 71.2478
3.49018 71.5081
3.55482 70.6758
3.61945 69.214
3.68408 70.6274
3.74872 70.4019
3.81335 72.2579
3.87798 69.7413
3.94262 71.9843
4.00725 72.3476
4.07188 70.8483
4.13651 72.6118
4.20115 68.7772
4.26578 68.6073
4.33041 69.7674
4.39505 72.7302
4.45968 69.8605
4.52431 69.8276
4.58895 72.5958
4.65358 72.0173
4.71821 70.9076
4.78285 71.9638
4.84748 70.8839
4.91211 71.1873
4.97674 71.4678
5.04138 70.8739
5.10601 70.2441
5.17064 71.4458
5.23528 71.4655
5.29991 71.5753
5.36454 70.6206
5.42918 71.6111
5.49381 70.9771
5.55844 71.3723
5.62307 71.1153
5.68771 71.631
5.75234 71.125
5.81697 71.6076
5.88161 71.6589
5.94624 71.0706
6.01087 71.7941
6.07551 71.5869
6.14014 71.3877
6.20477 70.7407
6.2694 71.2664
6.33404 70.7638
6.39867 70.1615
6.4633 71.6516
0.064633 0
0.129266 24.7949
0.193899 76.8715
0.258532 50.8035
0.323165 73.3876
0.387798 73.197
0.452431 71.1687
0.517064 58.7913
0.581697 64.3338
0.64633 58.5717
0.710963 74.3309
0.775596 76.1781
0.84023 70.3208
0.904863 67.4536
0.969496 65.0599
1.03413 72.0818
1.09876 74.2981
1.16339 65.838
1.22803 75.9484
1.29266 69.3074
1.35729 76.3253
1.42193 71.2356
1.48656 69.1803
1.55119 72.2391
1.61583 70.8435
1.68046 72.1629
1.74509 69.7141
1.80973 74.3706
1.87436 73.9496
1.93899 72.2624
2.00362 73.1155
2.06826 73.4205
2.13289 73.4126
2.19752 67.7494
2.26216 70.2746
2.32679 68.9162
2.39142 73.9798
2.45606 73.4054
2.52069 71.4563
2.58532 68.8126
2.64995 71.3747
2.71459 67.0157
2.77922 69.7134
2.84385 73.7045
2.90849 72.0262
2.97312 71.1491
3.03775 67.3728
3.10239 70.9153
3.16702 72.8506
3.23165 69.4719
3.29629 69.4842
3.36092 70.1897
3.42555 67.8491
3.49018 72.9283
3.55482 69.5159
3.61945 71.5429
3.68408 70.9485
3.74872 70.396
3.81335 71.131
3.87798 70.2352
3.94262 73.6395
4.00725 71.543
4.07188 71.8331
4.13651 70.4867
4.20115 72.5269
4.26578 71.8951
4.33041 71.1445
4.39505 69.2896
4.45968 69.1829
4.52431 71.4287
4.58895 70.6155
4.65358 70.5399
4.71821 72.5702
4.78285 70.9182
4.84748 69.801
4.91211 70.2768
4.97674 71.5929
5.04138 70.7044
5.10601 71.9657
5.17064 71.1453
5.23528 70.589
5.29991 70.3385
5.36454 71.3603
5.42918 70.9592
5.49381 70.4407
5.55844 69.8925
5.62307 70.0093
5.68771 71.2831
5.75234 71.6046
5.81697 71.0308
5.88161 71.169
5.94624 71.4991
6.01087 70.534
6.07551 70.6531
6.14014 70.8913
6.20477 70.3857
6.2694 72.7989
6.33404 71.4187
6.39867 70.5241
6.4633 72.3248
0.064633 317.655
0.129266 101.051
0.193899 73.769
0.258532 106.741
0.323165 59.8589
0.387798 76.1479
0.452431 73.2832
0.517064 75.2815
0.581697 79.8023
0.64633 70.7887
0.710963 69.4038
0.775596 83.6433
0.84023 65.6914
0.904863 74.3803
0.969496 76.0676
1.03413 66.754
1.09876 74.1538
1.16339 68.3787
1.22803 75.1959
1.29266 69.7982
1.35729 69.5238
1.42193 79.301
1.48656 70.4716
1.55119 74.1028
1.61583 65.1431
1.68046 69.813
1.74509 72.291
1.80973 73.1842
1.87436 71.6383
1.93899 70.7762
2.00362 78.7769
2.06826 69.3966
2.13289 68.6497
2.19752 68.6394
2.26216 71.5392
2.32679 71.2322
2.39142 68.7469
2.45606 72.4871
2.52069 72.0373
2.58532 71.6292
2.64995 72.6131
2.71459 72.0974
2.77922 70.2917
2.84385 69.5436
2.90849 68.8798
2.97312 69.7577
3.03775 70.11
3.10239 70.0372
3.16702 70.5888
3.23165 67.1152
3.29629 73.5046
3.36092 72.4323
3.42555 70.0075
3.49018 69.5769
3.55482 71.7577
3.61945 71.9863
3.68408 69.4788
3.74872 71.3614
3.81335 69.2762
3.87798 72.5638
3.94262 69.8732
4.00725 72.8183
4.07188 70.3026
4.13651 69.5322
4.20115 71.7802
4.26578 71.9353
4.33041 72.0136
4.39505 71.5684
4.45968 70.5989
4.52431 71.5284
4.58895 70.471
4.65358 71.9118
4.71821 71.6685
4.78285 69.8414
4.84748 71.9257
4.91211 71.9614
4.97674 70.6219
5.04138 70.9659
5.10601 70.4733
5.17064 69.518
5.23528 70.9534
5.29991 72.3814
5.36454 70.5502
5.42918 69.8545
5.49381 73.2932
5.55844 70.3144
5.62307 70.7284
5.68771 70.016
5.75234 70.4143
5.81697 71.9193
5.88161 71.6399
5.94624 70.7508
6.01087 70.7976
6.07551 70.3217
6.14014 71.194
6.20477 70.3411
6.2694 71.3227
6.33404 70.4149
6.39867 71.742
6.4633 70.4919
0.064633 0
0.129266 0
0.193899 107.379
0.258532 80.2767
0.323165 56.6378
0.387798 64.1644
0.452431 71.1945
0.517064 82.6837
0.581697 75.0033
0.64633 64.1666
0.710963 71.719
0.775596 70.2719
0.84023 70.5023
0.904863 82.1512
0.969496 67.6964
1.03413 68.7434
1.09876 78.8676
1.16339 64.4874
1.22803 73.1934
1.29266 71.6666
1.35729 70.3029
1.42193 68.6408
1.48656 70.7562
1.55119 71.2253
1.61583 70.2017
1.68046 68.3661
1.74509 72.5242
1.80973 77.2181
1.87436 70.4692
1.93899 72.7127
2.00362 73.2904
2.06826 74.1575
2.13289 75.931
2.19752 69.612
2.26216 72.272
2.32679 70.1859
2.39142 69.1344
2.45606 75.5531
2.52069 68.8922
2.58532 67.0497
2.64995 71.6754
2.71459 72.2337
2.77922 72.9326
2.84385 73.1686
2.90849 72.9632
2.97312 67.2838
3.03775 72.8209
3.10239 71.1533
3.16702 71.2849
3.23165 72.8576
3.29629 71.9889
3.36092 71.6862
3.42555 72.4597
3.49018 70.4014
3.55482 71.2392
3.61945 69.3837
3.68408 71.1547
3.74872 71.4129
3.81335 70.3961
3.87798 72.2172
3.94262 71.7016
4.00725 71.7072
4.07188 72.6792
4.13651 71.5869
4.20115 72.7722
4.26578 72.851
4.33041 70.092
4.39505 69.9393
4.45968 70.3244
4.52431 71.861
4.58895 70.0759
4.65358 70.9494
4.71821 71.6002
4.78285 70.1812
4.84748 70.1076
4.91211 70.606
4.97674 72.0928
5.04138 71.3248
5.10601 72.0228
5.17064 70.6287
5.23528 71.6708
5.29991 73.4443
5.36454 69.0354
5.42918 69.3726
5.49381 70.8733
5.55844 69.7598
5.62307 70.3973
5.68771 70.2925
5.75234 71.1614
5.81697 70.7402
5.88161 70.9046
5.94624 72.2586
6.01087 72.1692
6.07551 72.0633
6.14014 70.5357
6.20477 71.7206
6.2694 70.8312
6.33404 70.9592
6.39867 70.984
6.4633 71.0381
0.064633 0
0.129266 39.7653
0.193899 96.8649
0.258532 81.3388
0.323165 63.08
0.387798 79.8186
0.452431 84.9125
0.517064 70.9022
0.581697 74.3393
0.64633 63.1878
0.710963 72.1741
0.775596 66.9807
0.84023 78.9092
0.904863 74.961
0.969496 72.3153
1.03413 63.3475
1.09876 75.0036
1.16339 69.3693
1.22803 69.1916
1.29266 71.6551
1.35729 72.4454
1.42193 71.5213
1.48656 67.1947
1.55119 71.1245
1.61583 69.1689
1.68046 73.7441
1.74509 68.2717
1.80973 71.5042
1.87436 69.9196
1.93899 66.1606
2.00362 73.6952
2.06826 74.7581
2.13289 73.1057
2.19752 68.5061
2.26216 75.6852
2.32679 73.7699
2.39142 69.8087
2.45606 69.4126
2.52069 72.2936
2.58532 70.5721
2.64995 73.1242
2.71459 70.3171
2.77922 70.0808
2.84385 70.3835
2.90849 73.4715
2.97312 68.8835
3.03775 74.7776
3.10239 69.0348
3.16702 70.5494
3.23165 71.0328
3.29629 70.3094
3.36092 71.7154
3.42555 73.371
3.49018 70.3876
3.55482 73.2678
3.61945 69.719
3.68408 72.6886
3.74872 68.9938
3.81335 70.1403
3.87798 70.9869
3.94262 70.509
4.00725 66.654
4.07188 69.2628
4.13651 69.6004
4.20115 70.452
4.26578 70.7751
4.33041 72.022
4.39505 71.0438
4.45968 71.0663
4.52431 71.0391
4.58895 69.8106
4.65358 72.9807
4.71821 69.8055
4.78285 71.7282
4.84748 70.8414
4.91211 70.3141
4.97674 70.3867
5.04138 72.3964
5.10601 70.6338
5.17064 71.2259
5.23528 71.4662
5.29991 70.4461
5.36454 70.9339
5.42918 69.4996
5.49381 71.2811
5.55844 70.6406
5.62307 70.5409
5.68771 70.9339
5.75234 71.811
5.81697 71.041
5.88161 71.0173
5.94624 71.7982
6.01087 69.847
6.07551 70.4308
6.14014 70.2338
6.20477 71.4729
6.2694 70.9547
6.33404 69.9571
6.39867 72.7621
6.4633 70.3185
0.064633 0
0.129266 146.898
0.193899 53.0861
0.258532 63.9027
0.323165 65.7643
0.387798 81.7619
0.452431 75.8617
0.517064 61.9304
0.581697 88.7665
0.64633 63.7316
0.710963 84.2047
0.775596 62.8315
0.84023 75.0619
0.904863 72.9734
0.969496 73.5401
1.03413 66.8812
1.09876 70.2577
1.16339 72.2307
1.22803 74.7718
1.29266 65.5418
1.35729 60.7538
1.42193 67.2005
1.48656 70.4566
1.55119 67.822
1.61583 68.7361
1.68046 72.0068
1.74509 70.0218
1.80973 68.5513
1.87436 66.6717
1.93899 68.0294
2.00362 63.0882
2.06826 68.379
2.13289 69.9456
2.19752 65.0504
2.26216 70.3948
2.32679 67.3009
2.39142 67.2959
2.45606 69.7029
2.52069 65.5938
2.58532 71.1262
2.64995 69.7529
2.71459 68.7656
2.77922 70.3207
2.84385 69.4611
2.90849 71.6028
2.97312 67.4304
3.03775 70.9894
3.10239 70.1112
3.16702 68.9159
3.23165 67.8467
3.29629 68.3341
3.36092 67.8261
3.42555 67.0404
3.49018 68.5777
3.55482 67.7409
3.61945 70.0489
3.68408 72.3262
3.74872 66.9343
3.81335 68.6459
3.87798 70.2913
3.94262 66.8549
4.00725 68.6705
4.07188 69.6881
4.13651 71.8725
4.20115 68.6775
4.26578 67.8712
4.33041 69.7106
4.39505 69.9889
4.45968 68.7057
4.52431 69.2285
4.58895 68.4021
4.65358 67.7485
4.71821 68.0573
4.78285 70.8792
4.84748 68.169
4.91211 69.412
4.97674 69.032
5.04138 68.1464
5.10601 70.022
5.17064 69.3603
5.23528 67.6341
5.29991 69.709
5.36454 69.8847
5.42918 68.0019
5.49381 70.35
5.55844 69.2377
5.62307 69.6543
5.68771 68.1268
5.75234 70.1362
5.81697 69.5059
5.88161 68.7104
5.94624 69.2231
6.01087 67.3429
6.07551 69.818
6.14014 68.6022
6.20477 67.7473
6.2694 69.4099
6.33404 69.7204
6.39867 70.6018
6.4633 67.0926
0.064633 0
0.129266 67.835
0.193899 67.5642
0.258532 44.5195
0.323165 49.1756
0.387798 67.4391
0.452431 94.247
0.517064 66.0966
0.581697 75.1844
0.64633 62.4386
0.710963 59.6586
0.775596 61.8251
0.84023 66.9412
0.904863 72.4466
0.969496 68.6824
1.03413 67.9077
1.09876 67.6563
1.16339 75.9438
1.22803 63.4136
1.29266 66.2249
1.35729 66.0724
1.42193 66.2845
1.48656 65.9249
1.55119 72.7609
1.61583 67.0596
1.68046 65.511
1.74509 64.7545
1.80973 67.821
1.87436 69.7462
1.93899 69.7803
2.00362 71.176
2.06826 66.3847
2.13289 69.2811
2.19752 68.6909
2.26216 63.1244
2.32679 71.6141
2.39142 66.2701
2.45606 67.6118
2.52069 66.6999
2.58532 69.1799
2.64995 68.1065
2.71459 67.8257
2.77922 69.2384
2.84385 67.876
2.90849 70.3521
2.97312 69.8895
3.03775 67.1259
3.10239 69.0788
3.16702 68.7836
3.23165 66.3356
3.29629 64.6552
3.36092 67.5022
3.42555 70.2249
3.49018 68.1666
3.55482 68.7519
3.61945 69.1739
3.68408 68.8695
3.74872 67.6184
3.81335 65.6643
3.87798 69.3546
3.94262 68.5813
4.00725 69.5106
4.07188 67.6666
4.13651 68.0465
4.20115 69.4379
4.26578 69.0297
4.33041 66.6382
4.39505 68.2836
4.45968 69.1882
4.52431 67.4249
4.58895 68.5594
4.65358 68.0735
4.71821 69.429
4.78285 68.1554
4.84748 66.4763
4.91211 67.9089
4.97674 69.6244
5.04138 70.0777
5.10601 67.553
5.17064 69.2339
5.23528 67.5742
5.29991 67.8163
5.36454 67.8773
5.42918 69.4351
5.49381 68.8156
5.55844 68.92
5.62307 68.251
5.68771 68.3841
5.75234 68.3276
5.81697 67.7
5.88161 68.5383
5.94624 67.8015
6.01087 68.6063
6.07551 68.7233
6.14014 67.7259
6.20477 66.8625
6.2694 69.0619
6.33404 69.3841
6.39867 68.1865
6.4633 67.8421
