0.903537
0.918408
0.93069
0.938525
0.940228
0.934916
0.922751
0.90487
0.883235
0.860181
0.838202
0.819702
0.806696
0.800549
0.801714
0.809627
0.82282
0.839369
0.857193
0.874404
0.889442
0.901156
0.908855
0.912311
0.911761
0.907778
0.901101
0.892413
0.8823
0.871243
0.859857
0.849008
0.83976
0.833003
0.829173
0.827999
0.828578
0.829666
0.829865
0.828019
0.823637
0.817279
0.810453
0.805212
0.803309
0.805545
0.811593
0.82044
0.831141
0.843509
0.858158
0.875495
0.894531
0.912705
0.92697
0.934879
0.935178
0.927918
0.914247
0.896166
0.87617
0.856901
0.840669
0.829194
0.823368
0.823232
0.828102
0.836755
0.847692
0.859367
0.870601
0.880867
0.890178
0.898364
0.90461
0.907448
0.905564
0.898436
0.886704
0.871963
0.856187
0.841156
0.8279
0.816751
0.807762
0.80118
0.797596
0.797731
0.801987
0.809983
0.820463
0.831499
0.841106
0.847905
0.851882
0.854389
0.857209
0.86147
0.867183
0.873803
0.880841
0.888091
0.895461
0.902813
0.909856
0.916233
0.921481
0.925004
0.926232
0.924839
0.921032
0.915395
0.908538
0.900828
0.892395
0.883467
0.874438
0.865745
0.857676
0.850437
0.844139
0.838921
0.834878
0.831911
0.829575
0.827643
0.826526
0.827145
0.83016
0.835148
0.840436
0.843675
0.842876
0.837028
0.826542
0.813148
0.799604
0.788961
0.783698
0.785084
0.793197
0.807262
0.826084
0.848116
0.871375
0.893365
0.911322
0.922696
0.925771
0.920192
0.907166
0.889312
0.869935
0.852263
0.838628
0.830399
0.827949
0.830577
0.836498
0.843121
0.847771
0.84869
0.845609
0.839785
0.833662
0.830043
0.831228
0.838143
0.849882
0.863979
0.877493
0.888108
0.894772
0.897693
0.897914
0.896897
0.896053
0.89629
0.897972
0.901171
0.905754
0.911552
0.918218
0.925064
0.930935
0.934419
0.934179
0.929302
0.919318
0.904019
0.883817
0.860291
0.836528
0.81644
0.803265
0.79842
0.801511
0.810986
0.824713
0.84048
0.856494
0.871564
0.884847
0.895573
0.902842
0.905945
0.904647
0.899363
0.891064
0.881035
0.870487
0.860195
0.850507
0.841564
0.833551
0.826968
0.822845
0.822607
0.827606
0.838418
0.854275
0.87292
0.891298
0.906405
0.916096
0.919389
0.916283
0.907262
0.893014
0.874254
0.851925
0.82762
0.803702
0.783066
0.768484
0.761861
0.763948
0.77446
0.792201
0.81517
0.840736
0.865965
0.888276
0.905866
0.917957
0.924669
0.926956
0.92618
0.923749
0.920858
0.918207
0.915882
0.913264
0.909455
0.903879
0.896729
0.889185
0.883061
0.880093
0.88135
0.886861
0.895548
0.905354
0.913614
0.917553
0.914968
0.904873
0.888002
0.866945
0.845777
0.828654
0.818161
0.814343
0.815142
0.817741
0.819858
0.820309
0.818955
0.816285
0.812908
0.809327
0.806017
0.803726
0.803476
0.806074
0.811628
0.81954
0.828945
0.839166
0.849923
0.860978
0.871571
0.880258
0.885375
0.886085
0.883388
0.879641
0.877256
0.877437
0.880006
0.883867
0.887515
0.889515
0.888843
0.885489
0.88074
0.876932
0.87664
0.881747
0.892766
0.908731
0.927386
0.945472
0.959393
0.965965
0.963101
0.950508
0.929786
0.904103
0.877378
0.853179
0.833863
0.820289
0.812307
0.809733
0.813029
0.82314
0.840188
0.862307
0.88577
0.906369
0.920728
0.926742
0.923803
0.912538
0.894585
0.872252
0.847922
0.823713
0.801415
0.782733
0.769483
0.763512
0.76609
0.777282
0.795664
0.818705
0.843641
0.867914
0.889527
0.907074
0.919792
0.927528
0.930502
0.929116
0.923659
0.914146
0.900436
0.882636
0.861516
0.838771
0.817051
0.799017
0.786236
0.778735
0.775353
0.774723
0.776318
0.780648
0.788848
0.801839
0.819577
0.840798
0.86328
0.884408
0.901709
0.913474
0.918996
0.918578
0.913363
0.904994
0.895432
0.886497
0.879459
0.874725
0.87164
0.868843
0.864967
0.859578
0.853706
0.849677
0.850243
0.857369
0.871397
0.890991
0.913622
0.936271
0.955776
0.969093
0.973722
0.968326
0.953434
0.931591
0.90652
0.881335
0.857315
0.834088
0.810724
0.786892
0.763351
0.742004
0.725451
0.716151
0.715804
0.724902
0.742779
0.767744
0.797337
0.828716
0.859153
0.886334
0.908648
0.925217
0.935925
0.941448
0.942968
0.942044
0.940239
0.938528
0.936935
0.934495
0.929808
0.921728
0.910031
0.895517
0.879723
0.864574
0.851722
0.842136
0.836007
0.83282
0.831692
0.831735
0.832484
0.834087
0.837253
0.842621
0.850357
0.859983
0.870826
0.882003
0.89232
0.90031
0.904766
0.905445
0.903147
0.899171
0.894544
0.889731
0.884735
0.8794
0.873681
0.867737
0.861974
0.857099
0.853938
0.853146
0.854751
0.857938
0.861047
0.862079
0.859303
0.851771
0.839672
0.824397
0.808194
0.793592
0.782612
0.77599
0.773142
0.772763
0.77376
0.775801
0.779326
0.785166
0.794142
0.806989
0.82443
0.846823
0.873362
0.901362
0.926908
0.946154
0.956376
0.956365
0.94635
0.927965
0.904151
0.878861
0.856327
0.839961
0.831358
0.830259
0.835074
0.843919
0.855116
0.867175
0.878809
0.888886
0.896648
0.901859
0.904917
0.906506
0.907243
0.907395
0.906824
0.905259
0.902872
0.90035
0.898581
0.898054
0.898617
0.899782
0.900875
0.901143
0.899781
0.896052
0.889548
0.88045
0.869517
0.857956
0.847162
0.838297
0.83205
0.828418
0.826868
0.82668
0.827049
0.827283
0.826997
0.826216
0.825396
0.825209
0.826169
0.828413
0.831722
0.835709
0.839995
0.844369
0.848798
0.853428
0.85854
0.864421
0.871255
0.878622
0.885417
0.889933
0.890594
0.886621
0.878616
0.86833
0.85768
0.847739
0.838558
0.829959
0.822403
0.817241
0.816059
0.81967
0.827408
0.83716
0.846264
0.852558
0.855162
0.854941
0.854219
0.855942
0.86223
0.873016
0.885793
0.89697
0.903599
0.904453
0.900235
0.89311
0.885705
0.880004
0.87663
0.874708
0.872502
0.868411
0.861812
0.85327
0.844264
0.836642
0.832032
0.831325
0.834398
0.840346
0.847871
0.855758
0.863202
0.870094
0.876775
0.883234
0.888748
0.892039
0.891907
0.88756
0.878738
0.865606
0.848928
0.830549
0.814157
0.805256
0.809418
0.828883
0.860306
0.896122
0.928288
0.951243
0.96265
0.962724
0.95326
0.937261
0.918302
0.899808
0.884276
0.873215
0.867295
0.866399
0.869624
0.87527
0.881058
0.884575
0.883701
0.877089
0.864607
0.847536
0.828306
0.809924
0.795218
0.786082
0.783212
0.786143
0.793473
0.803221
0.813274
0.821762
0.827339
0.829339
0.827959
0.824068
0.819179
0.815073
0.813466
0.815634
0.821999
0.831745
0.843055
0.854135
0.864361
0.874341
0.885202
0.897553
0.910969
0.924199
0.935612
0.943659
0.947302
0.946442
0.942013
0.935847
0.930063
0.926244
0.924883
0.925258
0.925781
0.924616
0.920167
0.911406
0.898253
0.881641
0.86362
0.846923
0.834353
0.828177
0.829539
0.838237
0.852642
0.870002
0.887013
0.900731
0.909058
0.911094
0.907167
0.898478
0.886631
0.873166
0.859248
0.845738
0.833382
0.823014
0.815666
0.812331
0.813585
0.819229
0.828112
0.838507
0.848492
0.856408
0.861405
0.863555
0.863594
0.862552
0.861459
0.861304
0.862821
0.86638
0.871719
0.877958
0.883685
0.887356
0.887602
0.88382
0.876453
0.866807
0.85648
0.846464
0.836926
0.827838
0.819818
0.814466
0.814003
0.820175
0.833304
0.851778
0.87252
0.891812
0.906327
0.91383
0.913539
0.906269
0.894236
0.880698
0.86942
0.863686
0.865112
0.873171
0.885738
0.900044
0.913502
0.924262
0.931265
0.934298
0.933627
0.929761
0.923236
0.914535
0.90416
0.892741
0.880846
0.868776
0.856312
0.842771
0.827577
0.810776
0.793458
0.77777
0.76636
0.761729
0.765501
0.777863
0.797442
0.821553
0.846801
0.869759
0.88773
0.89911
0.903563
0.901779
0.895027
0.884847
0.872849
0.860635
0.849733
0.84145
0.836603
0.835262
0.836971
0.841011
0.8467
0.853654
0.861529
0.869837
0.877743
0.884075
0.88764
0.887646
0.883891
0.876858
0.867385
0.856257
0.843765
0.829843
0.81442
0.7979
0.781478
0.767121
0.757384
0.75494
0.761974
0.779415
0.80648
0.840611
0.87793
0.913923
0.94429
0.965753
0.976597
0.976973
0.968872
0.955753
0.941855
0.931128
0.926203
0.927695
0.934394
0.9439
0.9536
0.96141
0.966019
0.966885
0.964043
0.958068
0.949872
0.940196
0.928996
0.915463
0.898663
0.878232
0.854516
0.828635
0.802679
0.779498
0.761847
0.751527
0.748882
0.75267
0.76019
0.767882
0.772388
0.771696
0.765857
0.757109
0.749253
0.746401
0.751305
0.764516
0.78466
0.809197
0.835228
0.860018
0.881198
0.897033
0.906643
0.910227
0.909164
0.905526
0.901137
0.896846
0.892543
0.888088
0.884102
0.881787
0.882141
0.885315
0.890322
0.895476
0.899138
0.900373
0.899129
0.895953
0.89148
0.886038
0.879708
0.872675
0.865616
0.859825
0.856995
0.858744
0.865982
0.878563
0.895299
0.914115
0.932534
0.948201
0.959398
0.965184
0.96561
0.961327
0.953223
0.94199
0.92794
0.911126
0.89176
0.870628
0.849323
0.829891
0.814103
0.802995
0.796698
0.794479
0.795185
0.797913
0.80256
0.809576
0.819091
0.829962
0.839575
0.844843
0.843333
0.834212
0.818513
0.798833
0.778596
0.761353
0.750095
0.74681
0.751969
0.764613
0.782614
0.80333
0.82419
0.843296
0.859682
0.873552
0.886073
0.898812
0.912666
0.927113
0.94029
0.950063
0.955147
0.955532
0.951936
0.945178
0.935834
0.924323
0.911024
0.896429
0.881186
0.866023
0.852049
0.840825
0.834271
0.834157
0.841515
0.855762
0.874467
0.894144
0.911409
0.923653
0.929297
0.927491
0.918196
0.90233
0.88191
0.859799
0.839143
0.822762
0.812778
0.810338
0.815289
0.826157
0.840352
0.854833
0.867042
0.875372
0.879366
0.87933
0.875985
0.869998
0.861957
0.852643
0.843238
0.835207
0.830062
0.828985
0.832559
0.840574
0.852215
0.866417
0.882154
0.898517
0.914467
0.928774
0.939996
0.946794
0.948178
0.943516
0.932477
0.915112
0.892047
0.864847
0.836087
0.808912
0.786529
0.771466
0.765095
0.767449
0.777426
0.793125
0.812155
0.832023
0.850442
0.865614
0.8765
0.882954
0.885617
0.885541
0.883807
0.881154
0.877936
0.874169
0.869752
0.864624
0.859176
0.854265
0.850975
0.850275
0.852561
0.857536
0.864126
0.870886
0.876441
0.879953
0.881308
0.880811
0.878573
0.874307
0.867421
0.857637
0.845257
0.83126
0.817027
0.804053
0.793686
0.7867
0.7834
0.783854
0.788366
0.797744
0.812928
0.833914
0.858914
0.884704
0.907789
0.925609
0.937083
0.942321
0.942336
0.938443
0.931807
0.923171
0.912911
0.901259
0.888468
0.874702
0.859997
0.844427
0.828548
0.813566
0.801001
0.792061
0.787343
0.786965
0.790887
0.799166
0.811783
0.828317
0.847781
0.868709
0.889603
0.909287
0.927065
0.942596
0.955475
0.964879
0.969684
0.969002
0.962784
0.951908
0.937687
0.921187
0.903001
0.883582
0.863865
0.845494
0.830594
0.821047
0.818061
0.82203
0.832513
0.84834
0.867681
0.888407
0.908316
0.925278
0.937262
0.942602
0.940264
0.930153
0.913155
0.89103
0.866172
0.841345
0.819553
0.803721
0.795978
0.796874
0.804969
0.8174
0.831229
0.844407
0.855891
0.865081
0.87133
0.874016
0.873019
0.868738
0.86161
0.851793
0.839254
0.824696
0.810356
0.799807
0.796254
0.800643
0.810863
0.823045
0.83351
0.840178
0.843239
0.845063
0.849078
0.857852
0.871252
0.886296
0.898835
0.905531
0.905172
0.899051
0.890203
0.881951
0.876713
0.875676
0.879119
0.886801
0.897897
0.910921
0.923864
0.934562
0.941163
0.942458
0.938081
0.92869
0.915837
0.901707
0.888602
0.87823
0.871532
0.868627
0.868913
0.871171
0.873826
0.875158
0.873702
0.868678
0.860268
0.849613
0.838523
0.829048
0.822839
0.820644
0.822188
0.826584
0.833141
0.841697
0.852047
0.863505
0.874973
0.885415
0.894028
0.900002
0.902407
0.9004
0.89368
0.882953
0.870004
0.857424
0.847849
0.843106
0.843625
0.848286
0.854905
0.860972
0.864464
0.86444
0.861062
0.855339
0.848763
0.84317
0.840534
0.842548
0.849653
0.860248
0.870832
0.877518
0.877817
0.871706
0.861751
0.851943
0.84591
0.845596
0.850834
0.859871
0.870215
0.879543
0.886228
0.889608
0.890053
0.888732
0.887173
0.886752
0.888179
0.891294
0.895021
0.897555
0.896912
0.891433
0.880353
0.864073
0.844233
0.823417
0.80482
0.791634
0.786382
0.79021
0.80261
0.821609
0.844374
0.867971
0.889999
0.908615
0.922533
0.930825
0.932925
0.928691
0.918584
0.903756
0.886004
0.86755
0.850429
0.836071
0.825081
0.817363
0.812324
0.80905
0.806569
0.804236
0.801803
0.799604
0.798519
0.799791
0.804494
0.813281
0.825982
0.841478
0.857771
0.872425
0.883192
0.888538
0.887843
0.881573
0.871277
0.859329
0.848422
0.840835
0.838005
0.840208
0.846537
0.855264
0.864277
0.871562
0.875775
0.876726
0.875641
0.874779
0.876461
0.881866
0.890407
0.90008
0.908483
0.913629
0.914505
0.911237
0.904899
0.897343
0.890624
0.886343
0.885087
0.886354
0.888948
0.891536
0.892974
0.892593
0.890285
0.886593
0.882599
0.879614
0.878628
0.87983
0.882363
0.884642
0.884911
0.881863
0.874909
0.86429
0.85102
0.83674
0.823339
0.812632
0.805807
0.803176
0.804021
0.806854
0.810079
0.812692
0.814624
0.81672
0.820268
0.826182
0.834533
0.844444
0.854277
0.861994
0.865772
0.864619
0.858902
0.850423
0.841848
0.835764
0.833804
0.836444
0.843234
0.853224
0.865315
0.878315
0.891068
0.902358
0.911231
0.917137
0.920185
0.921078
0.920812
0.920192
0.919621
0.919078
0.918273
0.916628
0.913162
0.906508
0.895357
0.879167
0.858532
0.835349
0.812494
0.79338
0.781081
0.777364
0.782042
0.793219
0.808046
0.823665
0.837812
0.848969
0.856505
0.860673
0.862355
0.862608
0.862457
0.86294
0.865119
0.869977
0.877979
0.888621
0.90023
0.91026
0.915998
0.915398
0.907804
0.894394
0.878234
0.863517
0.853926
0.851207
0.854572
0.861358
0.868431
0.873154
0.873749
0.869572
0.861387
0.851737
0.844499
0.843495
0.850866
0.866118
0.886468
0.908192
0.927848
0.942957
0.952226
0.955682
0.954815
0.952069
0.949534
0.947448
0.944195
0.937849
0.92745
0.913354
0.896645
0.878615
0.860381
0.843
0.827362
0.814222
0.803985
0.796543
0.791277
0.787275
0.783808
0.780794
0.778886
0.778843
0.78072
0.783499
0.785829
0.786904
0.787006
0.787517
0.790516
0.798103
0.811882
0.832167
0.857546
0.884871
0.910153
0.929654
0.940743
0.942446
0.93568
0.92318
0.90826
0.893375
0.87968
0.867995
0.859717
0.856637
0.859906
0.869266
0.88274
0.897128
0.908971
0.915626
0.916003
0.910684
0.901585
0.89121
0.881925
0.875455
0.872562
0.872863
0.874992
0.876978
0.876848
0.873258
0.865969
0.856025
0.845515
0.836934
0.832444
0.833286
0.839564
0.850444
0.864373
0.879368
0.893206
0.903835
0.909751
0.910187
0.905139
0.895348
0.882172
0.867857
0.855526
0.848532
0.849029
0.856764
0.86903
0.882067
0.892161
0.896469
0.893276
0.882181
0.864296
0.842295
0.819996
0.801554
0.790226
0.787275
0.791753
0.801318
0.813219
0.825155
0.835847
0.845068
0.85331
0.861244
0.869363
0.877795
0.886296
0.894065
0.89961
0.901486
0.899455
0.894984
0.890623
0.888916
0.891007
0.896113
0.901888
0.905801
0.906263
0.903186
0.897683
0.891554
0.886771
0.884762
0.886285
0.891271
0.89894
0.907888
0.916153
0.921601
0.922367
0.917415
0.906857
0.891948
0.874581
0.856633
0.839336
0.823249
0.808721
0.796638
0.788686
0.786813
0.791995
0.803331
0.818224
0.833601
0.847199
0.858135
0.866657
0.873536
0.879641
0.885782
0.892377
0.899146
0.904888
0.907901
0.906678
0.900473
0.889697
0.875877
0.86119
0.848042
0.838436
0.833451
0.832898
0.835363
0.838706
0.840852
0.840398
0.836839
0.83047
0.822214
0.813637
0.806703
0.803374
0.804869
0.811173
0.821026
0.8326
0.844249
0.854851
0.86403
0.872035
0.879556
0.887677
0.897491
0.90973
0.92431
0.940184
0.955552
0.968113
0.975565
0.976136
0.969117
0.955197
0.936504
0.916282
0.8981
0.884644
0.87684
0.873613
0.872436
0.87045
0.865653
0.857445
0.846527
0.834501
0.823436
0.815407
0.812018
0.813983
0.820922
0.831405
0.843441
0.855093
0.864905
0.871935
0.875678
0.876059
0.8734
0.868435
0.862244
0.856041
0.850795
0.847115
0.845203
0.845089
0.846873
0.850714
0.856527
0.86369
0.871034
0.876955
0.879797
0.878104
0.871068
0.858866
0.84285
0.82544
0.809734
0.798571
0.793667
0.795308
0.80278
0.81489
0.830219
0.847016
0.86312
0.876281
0.884591
0.88699
0.883383
0.874714
0.862839
0.850072
0.838895
0.831668
0.830337
0.836094
0.848831
0.866884
0.887752
0.908839
0.927925
0.94318
0.953032
0.956389
0.952976
0.943431
0.929328
0.912774
0.895991
0.880729
0.868173
0.858757
0.852322
0.848442
0.846568
0.846286
0.847314
0.849179
0.850996
0.851555
0.849878
0.845992
0.841181
0.837393
0.836138
0.83787
0.842016
0.847592
0.853764
0.859952
0.865754
0.870764
0.874375
0.875791
0.874275
0.869563
0.862309
0.854193
0.847619
0.84494
0.847356
0.85403
0.862241
0.86838
0.869432
0.864101
0.853474
0.840517
0.829277
0.823353
0.824562
0.832245
0.843659
0.855317
0.864458
0.869899
0.871837
0.871117
0.868593
0.864975
0.860924
0.857147
0.854196
0.852304
0.851293
0.850654
0.849774
0.848032
0.845071
0.841016
0.836822
0.834183
0.834841
0.839902
0.849283
0.861573
0.874379
0.885263
0.892735
0.896405
0.896735
0.894542
0.890744
0.886165
0.881552
0.877374
0.87393
0.871434
0.870184
0.870465
0.872476
0.876016
0.880566
0.885531
0.89045
0.894974
0.898762
0.901304
0.902031
0.90072
0.897815
0.894444
0.891851
0.890326
0.888722
0.885151
0.878211
0.867909
0.855886
0.844779
0.837247
0.834919
0.837823
0.844561
0.853086
0.861806
0.870043
0.878126
0.886777
0.896543
0.90732
0.918095
0.927135
0.93237
0.931881
0.92454
0.910467
0.891114
0.868865
0.84634
0.825777
0.808768
0.796352
0.789137
0.787285
0.790454
0.797862
0.808398
0.82075
0.833499
0.845261
0.855094
0.86273
0.868567
0.873358
0.877649
0.881497
0.884362
0.88542
0.88399
0.879905
0.873587
0.866047
0.858504
0.851934
0.846623
0.841967
0.836957
0.830941
0.824008
0.817368
0.812985
0.812962
0.819002
0.831842
0.850991
0.874546
0.899484
0.922281
0.939886
0.950571
0.954168
0.951616
0.943997
0.931976
0.916265
0.898188
0.879539
0.862005
0.846867
0.835147
0.828361
0.828077
0.834903
0.847656
0.863324
0.878097
0.888564
0.892882
0.891372
0.886117
0.879915
0.875069
0.872587
0.872298
0.87349
0.875294
0.876997
0.87808
0.878093
0.876547
0.872893
0.866836
0.858567
0.849043
0.839894
0.833023
0.829503
0.828947
0.829993
0.831813
0.835227
0.842065
0.853287
0.868006
0.88382
0.898019
0.908469
0.914054
0.914585
0.910549
0.903017
0.89353
0.884002
0.876441
0.872305
0.871957
0.874371
0.877487
0.878957
0.876971
0.870858
0.861251
0.849828
0.838786
0.830386
0.826429
0.827914
0.834677
0.845477
0.858524
0.872055
0.884575
0.894856
0.901896
0.904805
0.902753
0.895154
0.881923
0.864004
0.843551
0.823818
0.808426
0.80031
0.800861
0.809592
0.824419
0.842421
0.860661
0.876629
0.88858
0.895591
0.89744
0.894366
0.887015
0.876453
0.864274
0.852634
0.843819
0.839433
0.839996
0.845064
0.853875
0.865496
0.878664
0.891691
0.903004
0.911462
0.916519
0.917976
0.915813
0.910248
0.901738
0.891097
0.879272
0.867325
0.856307
0.847356
0.841894
0.841566
0.847678
0.860379
0.877955
0.896973
0.913261
0.92303
0.92381
0.914943
0.897629
0.874409
0.84856
0.823376
0.801607
0.785037
0.774787
0.771557
0.775859
0.787773
0.8065
0.829724
0.853703
0.874235
0.887953
0.893486
0.891563
0.884534
0.875541
0.867546
0.862902
0.862963
0.867919
0.877012
0.889026
0.902503
0.915919
0.92759
0.935894
0.939295
0.93662
0.927219
0.911427
0.890994
0.868935
0.848914
0.834445
0.828028
0.830634
0.841399
0.85757
0.875403
0.891101
0.901776
0.906031
0.903905
0.896658
0.886304
0.874874
0.864061
0.854695
0.84671
0.839286
0.831485
0.822787
0.81337
0.804056
0.796504
0.793253
0.796753
0.80774
0.824436
0.843759
0.86275
0.87906
0.89096
0.897319
0.897741
0.892895
0.884346
0.874006
0.86337
0.852946
0.842438
0.831519
0.8205
0.810659
0.803907
0.802149
0.806594
0.81735
0.833347
0.852686
0.873146
0.892641
0.909682
0.923517
0.933952
0.941
0.944628
0.944728
0.941266
0.934483
0.925029
0.913794
0.90194
0.890791
0.881595
0.87523
0.87201
0.871692
0.873822
0.878018
0.88386
0.890643
0.897281
0.902383
0.904528
0.902605
0.896077
0.884744
0.868667
0.848155
0.823881
0.797183
0.770362
0.746808
0.730689
0.725915
0.734562
0.755778
0.785905
0.819753
0.852113
0.878944
0.897821
0.907884
0.909484
0.903687
0.891839
0.875316
0.855961
0.836459
0.820323
0.811168
0.811508
0.822018
0.841472
0.867056
0.894974
0.921104
0.941566
0.95344
0.955452
0.948194
0.933749
0.914903
0.894469
0.874841
0.857733
0.844149
0.83461
0.82947
0.829243
0.834559
0.845775
0.862346
0.882623
0.904026
0.923651
0.938925
0.947933
0.949579
0.94351
0.929912
0.909546
0.883877
0.855275
0.827076
0.803128
0.786974
0.78098
0.785514
0.798915
0.817984
0.83895
0.85844
0.874329
0.885834
0.893112
0.896784
0.897674
0.896564
0.894102
0.890868
0.887504
0.88469
0.882686
0.880926
0.878303
0.873985
0.868093
0.861754
0.856634
0.85428
0.855352
0.859054
0.863257
0.86518
0.862465
0.853972
0.840208
0.823167
0.805738
0.790863
0.780943
0.777381
0.780479
0.789691
0.803856
0.821254
0.83994
0.857913
0.873389
0.884905
0.891473
0.892735
0.889028
0.881431
0.871669
0.862162
0.855596
0.854436
0.860074
0.872244
0.889121
0.908171
0.926834
0.942861
0.954264
0.959325
0.956934
0.947072
0.930808
0.910182
0.887768
0.866134
0.84765
0.834199
0.826947
0.825996
0.830407
0.838368
0.847653
0.856276
0.862793
0.866541
0.867608
0.866449
0.863508
0.859241
0.85407
0.848718
0.84428
0.842104
0.843233
0.847809
0.854571
0.861353
0.866123
0.868002
0.867441
0.865374
0.862271
0.857772
0.851152
0.842061
0.830978
0.819197
0.808532
0.800794
0.797371
0.799103
0.806334
0.819016
0.836689
0.858453
0.883196
0.909691
0.936382
0.961071
0.980945
0.993174
0.995722
0.987835
0.970162
0.944647
0.914257
0.882551
0.852956
0.827952
0.808812
0.795826
0.788908
0.787994
0.793076
0.804101
0.820507
0.84103
0.863678
0.886059
0.905783
0.920903
0.930119
0.932883
0.929212
0.919593
0.905018
0.887253
0.868955
0.85348
0.843779
0.841254
0.845061
0.852475
0.859888
0.864117
0.863663
0.85946
0.854115
0.849639
0.84573
0.840589
0.833097
0.823883
0.814626
0.806807
0.800728
0.795604
0.79028
0.7844
0.778825
0.77547
0.776496
0.783394
0.796287
0.813872
0.834084
0.8547
0.873729
0.889596
0.901266
0.908436
0.911667
0.912328
0.912236
0.912983
0.915248
0.91851
0.921416
0.922453
0.92063
0.915646
0.90811
0.899211
0.890305
0.882415
0.875862
0.870641
0.866884
0.865079
0.865672
0.86854
0.872756
0.876989
0.880129
0.881766
0.882333
0.882597
0.882974
0.883011
0.881682
0.878064
0.872249
0.865457
0.859625
0.856328
0.855841
0.857063
0.858057
0.857061
0.853365
0.847594
0.841317
0.836271
0.833591
0.833565
0.835695
0.838978
0.84213
0.843699
0.842381
0.837385
0.828643
0.816887
0.803449
0.790068
0.778565
0.770761
0.76847
0.77328
0.786036
0.806221
0.83161
0.858721
0.883827
0.904096
0.91841
0.927414
0.932698
0.935769
0.937311
0.937059
0.934378
0.928734
0.920092
0.909066
0.896946
0.885632
0.877289
0.873591
0.874999
0.880695
0.889145
0.898729
0.908164
0.916511
0.922759
0.925715
0.923991
0.916374
0.902514
0.883528
0.862006
0.8415
0.8255
0.816283
0.814439
0.819066
0.828214
0.839402
0.85003
0.857889
0.861726
0.861324
0.8574
0.851233
0.844358
0.838423
0.835061
0.835722
0.841094
0.850786
0.863189
0.875745
0.885613
0.890434
0.888903
0.881089
0.868348
0.853019
0.838066
0.826305
0.819667
0.818595
0.822013
0.828011
0.834644
0.8406
0.8453
0.848529
0.85012
0.850064
0.848852
0.847739
0.848629
0.853507
0.863845
0.88005
0.901253
0.925474
0.950026
0.971986
0.988574
0.997432
0.996908
0.986451
0.966833
0.940192
0.909719
0.878992
0.851329
0.829234
0.813954
0.805503
0.802892
0.804679
0.809453
0.815915
0.82287
0.829083
0.833471
0.835345
0.834559
0.83171
0.828
0.82499
0.824032
0.825824
0.830139
0.836096
0.842443
0.847981
0.851916
0.854144
0.855336
0.856618
0.858909
0.862417
0.866681
0.870857
0.874025
0.875322
0.874018
0.869748
0.862845
0.854456
0.846433
0.840629
0.838013
0.83804
0.838794
0.83802
0.834156
0.827015
0.817686
0.808191
0.800923
0.798069
0.800917
0.809624
0.823254
0.840351
0.859503
0.879818
0.900916
0.922746
0.945262
0.968016
0.98995
1.00941
1.02432
1.03247
1.03204
1.02191
1.00187
0.972755
0.936494
0.896081
0.855341
0.818455
0.789157
0.770019
0.761943
0.764037
0.773976
0.78867
0.804792
0.819264
0.82973
0.834768
0.834158
0.828837
0.820883
0.813165
0.808653
0.809521
0.816306
0.827914
0.842221
0.857066
0.87079
0.88241
0.891458
0.897758
0.901378
0.9025
0.901549
0.899052
0.895523
0.890998
0.884847
0.876011
0.863537
0.847176
0.827897
0.807954
0.790465
0.778454
0.773762
0.776564
0.785633
0.799129
0.815299
0.83286
0.851101
0.869668
0.888064
0.905343
0.920151
0.930985
0.936664
0.936734
0.931621
0.922513
0.911222
0.899762
0.889684
0.881663
0.875194
0.868923
0.861341
0.851556
0.83968
0.826781
0.814406
0.804061
0.796839
0.793457
0.794481
0.800332
0.811089
0.826133
0.844258
0.863966
0.884008
0.903438
0.921449
0.93712
0.949288
0.956652
0.958004
0.952652
0.940741
0.923214
0.901668
0.877864
0.853315
0.829218
0.806622
0.786448
0.769727
0.757487
0.75054
0.749263
0.753396
0.762193
0.774706
0.79003
0.807276
0.825363
0.842783
0.857847
0.869216
0.876234
0.879121
0.878602
0.87557
0.870837
0.865048
0.858709
0.852356
0.846667
0.842613
0.84135
0.843886
0.850478
0.860286
0.871311
0.880718
0.885589
0.88367
0.874294
0.859065
0.841771
0.827513
0.82099
0.824787
0.83848
0.858972
0.881814
0.902619
0.918221
0.927371
0.930862
0.930949
0.929756
0.927878
0.924311
0.917697
0.907478
0.894383
0.880153
0.867083
0.857328
0.852328
0.852459
0.857125
0.865145
0.875354
0.886677
0.898069
0.908223
0.915482
0.917902
0.913774
0.902189
0.883672
0.860363
0.835662
0.813495
0.797414
0.789889
0.79204
0.803642
0.823425
0.849198
0.877932
0.906193
0.930514
0.948079
0.956959
0.956281
0.946254
0.928203
0.904562
0.878594
0.854075
0.834444
0.822156
0.818143
0.821761
0.831047
0.842948
0.85412
0.861691
0.863764
0.859712
0.850329
0.83759
0.824239
0.812975
0.805685
0.803044
0.804722
0.809746
0.817029
0.825566
0.8345
0.843059
0.850424
0.855674
0.858029
0.857128
0.853196
0.847249
0.840935
0.836105
0.834324
0.836393
0.842259
0.851424
0.863274
0.877328
0.893233
0.910486
0.928284
0.945499
0.96063
0.972012
0.978232
0.978465
0.972763
0.962033
0.947688
0.931289
0.914057
0.896642
0.879406
0.862999
0.848787
0.838795
0.835085
0.839023
0.850534
0.867672
0.886789
0.903449
0.91407
0.916863
0.911929
0.900785
0.885841
0.869876
0.855497
0.844634
0.838239
0.836342
0.838223
0.842897
0.849403
0.856751
0.863936
0.869786
0.873004
0.872472
0.867523
0.858224
0.845508
0.831223
0.817746
0.807441
0.801932
0.801708
0.806027
0.813138
0.820589
0.825695
0.826075
0.82033
0.808542
0.79227
0.773972
0.756859
0.74528
0.744236
0.757331
0.784464
0.821839
0.863925
0.905592
0.942931
0.973242
0.994731
1.00635
1.00785
1
0.984737
0.965032
0.94405
0.924302
0.907101
0.89273
0.880789
0.870493
0.86115
0.852771
0.846592
0.844869
0.849655
0.861018
0.8765
0.892146
0.904252
0.910389
0.909438
0.901554
0.887808
0.87014
0.851181
0.833647
0.81978
0.810922
0.807587
0.809743
0.816731
0.827258
0.839771
0.853169
0.867151
0.881768
0.896553
0.910238
0.921071
0.927552
0.928737
0.924376
0.914944
0.90137
0.885073
0.867995
0.852454
0.840912
0.835305
0.836339
0.843082
0.853332
0.864301
0.873433
0.878878
0.879581
0.875477
0.86748
0.857435
0.847566
0.839606
0.833931
0.829552
0.824698
0.817708
0.80788
0.795792
0.783386
0.773301
0.76799
0.768673
0.775145
0.786283
0.800792
0.817653
0.836112
0.855481
0.874944
0.893535
0.910336
0.924611
0.935872
0.943788
0.948143
0.948787
0.94558
0.93856
0.928161
0.915464
0.902178
0.890364
0.881879
0.877796
0.878047
0.881713
0.887658
0.894726
0.901667
0.907021
0.909059
0.906178
0.897407
0.882802
0.863468
0.841451
0.819175
0.799184
0.784154
0.776725
0.77899
0.791515
0.812481
0.837547
0.86111
0.878252
0.886146
0.884602
0.875519
0.862122
0.847948
0.836189
0.829188
0.828078
0.832498
0.840777
0.85076
0.860392
0.868032
0.87253
0.873252
0.870422
0.865126
0.859062
0.854074
0.851718
0.85317
0.859355
0.870752
0.887109
0.907006
0.927988
0.946974
0.961047
0.968068
0.967109
0.958473
0.943634
0.924852
0.904701
0.885631
0.869523
0.857576
0.850188
0.847015
0.847156
0.849407
0.852544
0.855653
0.858149
0.859492
0.859078
0.856737
0.853326
0.850699
0.850724
0.854009
0.859382
0.864695
0.867992
0.86833
0.866005
0.862268
0.858648
0.856331
0.85561
0.856153
0.857618
0.859873
0.862688
0.865347
0.866989
0.867419
0.867368
0.86803
0.870298
0.874468
0.880328
0.887396
0.895162
0.90297
0.909964
0.915002
0.916902
0.914634
0.907631
0.896042
0.881024
0.86483
0.850481
0.840919
0.837797
0.840701
0.84724
0.854017
0.857891
0.856981
0.851221
0.842263
0.832859
0.825965
0.823695
0.826716
0.834295
0.844746
0.856191
0.866862
0.875383
0.880657
0.882059
0.8796
0.873983
0.866614
0.859288
0.853845
0.851765
0.85372
0.858967
0.865538
0.870987
0.873559
0.872719
0.869094
0.863864
0.858091
0.85226
0.846324
0.839964
0.832919
0.825135
0.816714
0.807897
0.798997
0.790731
0.784548
0.782632
0.787231
0.799397
0.818318
0.841552
0.86616
0.889747
0.910818
0.928654
0.942977
0.953707
0.960752
0.964045
0.963669
0.960085
0.954266
0.947568
0.941437
0.936925
0.934571
0.934159
0.934803
0.935064
0.93358
0.929543
0.9229
0.914174
0.904287
0.894376
0.885449
0.878306
0.873348
0.8704
0.868354
0.865218
0.858615
0.84667
0.828807
0.806237
0.781649
0.758339
0.739586
0.728219
0.726229
0.734333
0.751511
0.775205
0.802152
0.829442
0.85506
0.877916
0.897451
0.913263
0.924816
0.93151
0.932857
0.928825
0.919948
0.907324
0.892487
0.87716
0.863084
0.851706
0.844095
0.841018
0.843018
0.850416
0.862738
0.878394
0.894914
0.909648
0.920464
0.926021
0.925528
0.91865
0.905596
0.887446
0.86646
0.845977
0.829412
0.818743
0.813924
0.813373
0.815149
0.818008
0.821709
0.82673
0.833709
0.842876
0.853841
0.865672
0.877092
0.886689
0.89304
0.894777
0.891169
0.882569
0.870998
0.859901
0.853017
0.85292
0.859953
0.872259
0.886836
0.900737
0.912039
0.92023
0.925969
0.93044
0.93454
0.93825
0.940395
0.939092
0.932533
0.919796
0.901348
0.87895
0.854993
0.831694
0.810793
0.793643
0.781626
0.775989
0.777406
0.785476
0.798603
0.814346
0.829901
0.842619
0.85052
0.852856
0.850271
0.844511
0.837977
0.833186
0.832323
0.836685
0.846214
0.859356
0.873602
0.886668
0.897151
0.904715
0.90987
0.913415
0.915971
0.917688
0.918344
0.917647
0.915519
0.912262
0.908408
0.904541
0.901131
0.898369
0.896159
0.894125
0.891454
0.887107
0.880163
0.87052
0.859223
0.848443
0.84067
0.837802
0.840132
0.846154
0.853197
0.858656
0.861145
0.860996
0.859719
0.85885
0.859056
0.859858
0.860196
0.85911
0.856144
0.851616
0.846543
0.842549
0.841392
0.844116
0.850537
0.859274
0.868149
0.874978
0.878257
0.877476
0.873238
0.866989
0.860439
0.854928
0.850841
0.847456
0.843387
0.837386
0.829089
0.819334
0.809871
0.802887
0.800347
0.803519
0.812692
0.827449
0.846926
0.869916
0.894789
0.919328
0.940959
0.957347
0.967086
0.970003
0.966944
0.95927
0.948252
0.934729
0.919493
0.903787
0.889317
0.877862
0.870584
0.867495
0.86742
0.868261
0.86768
0.864064
0.857047
0.84762
0.837733
0.829643
0.825145
0.825136
0.829481
0.837358
0.847854
0.860413
0.874617
0.889685
0.904375
0.917037
0.926149
0.930569
0.929528
0.922673
0.910278
0.893458
0.874162
0.854874
0.838063
0.825618
0.818497
0.816527
0.818405
0.822028
0.825071
0.825766
0.82341
0.818415
0.812094
0.806008
0.801506
0.799448
0.800244
0.803969
0.810456
0.819671
0.83175
0.846815
0.864186
0.882158
0.898345
0.910611
0.917618
0.918958
0.915108
0.907256
0.8972
0.886934
0.878058
0.871286
0.866382
0.862536
0.858905
0.855131
0.85174
0.849978
0.851369
0.856938
0.866716
0.879503
0.893207
0.905534
0.914729
0.920123
0.922168
0.921943
0.920645
0.919118
0.917717
0.916344
0.914674
0.912208
0.908448
0.90277
0.894552
0.883565
0.870125
0.854873
0.838453
0.821175
0.803176
0.784882
0.767795
0.754836
0.749682
0.75504
0.771046
0.794703
0.82114
0.845766
0.865893
0.881156
0.893003
0.903663
0.915293
0.929079
0.944894
0.96127
0.975726
0.985388
0.987617
0.980576
0.963584
0.937245
0.90359
0.866077
0.829182
0.797899
0.776663
0.768199
0.772732
0.78789
0.809616
0.833541
0.855982
0.874449
0.88763
0.895067
0.896908
0.893791
0.886754
0.877104
0.866371
0.85615
0.847772
0.842128
0.839431
0.839459
0.841735
0.845621
0.850447
0.855372
0.85954
0.862275
0.863252
0.862531
0.86046
0.857507
0.85405
0.850132
0.845411
0.839102
0.830218
0.818153
0.803265
0.787153
0.772447
0.762246
0.759315
0.765639
0.782169
0.808727
0.84384
0.884687
0.927343
0.96741
1.00073
1.02389
1.0345
1.03129
1.0141
0.984115
0.944283
0.899925
0.858742
0.829041
0.816288
0.820298
0.836181
0.857742
0.880158
0.900448
0.916831
0.928028
0.933021
0.931188
0.92272
0.908883
0.891889
0.874546
0.859611
0.84884
0.842474
0.839477
0.838409
0.838339
0.839205
0.841146
0.843504
0.844503
0.842057
0.835008
0.823462
0.808478
0.791924
0.776268
0.76444
0.759345
0.763371
0.777772
0.802169
0.834258
0.870189
0.905298
0.934913
0.955265
0.963947
0.960344
0.945607
0.922497
0.894929
0.867372
0.844043
0.828316
0.822176
0.825964
0.838459
0.85721
0.879062
0.900688
0.919048
0.931641
0.936781
0.933449
0.921381
0.901136
0.874463
0.844509
0.815642
0.792342
0.777554
0.771985
0.774554
0.783331
0.796557
0.812959
0.831436
0.850654
0.869069
0.88565
0.900406
0.913956
0.926431
0.937071
0.944826
0.949254
0.950329
0.948143
0.942621
0.933605
0.921373
0.906865
0.89142
0.876399
0.862714
0.850658
0.84021
0.831347
0.823952
0.81747
0.810986
0.803829
0.796221
0.789819
0.787437
0.792204
0.806189
0.829275
0.858857
0.890652
0.919994
0.942968
0.956875
0.960463
0.953887
0.938719
0.917885
0.895207
0.874688
0.859689
0.852332
0.853351
0.862286
0.877625
0.89702
0.917538
0.936272
0.950633
0.958613
0.95869
0.949826
0.931588
0.904583
0.870971
0.834565
0.800271
0.772584
0.75402
0.74456
0.742465
0.745695
0.752992
0.76403
0.778993
0.797754
0.819146
0.841029
0.860818
0.876353
0.886633
0.89206
0.894059
0.894176
0.893493
0.89253
0.891579
0.890919
0.890874
0.891609
0.892869
0.894045
0.894276
0.892673
0.88858
0.881713
0.872395
0.861548
0.850657
0.841553
0.835928
0.834865
0.838618
0.846647
0.857857
0.870826
0.88397
0.895848
0.905522
0.912612
0.917216
0.919482
0.919384
0.916826
0.91181
0.904634
0.896043
0.887206
0.879602
0.87483
0.874365
0.879062
0.88867
0.901508
0.91471
0.925132
0.930253
0.928721
0.920097
0.904714
0.883621
0.858762
0.832951
0.809448
0.791161
0.77996
0.77641
0.779867
0.788784
0.800887
0.813292
0.823133
0.828423
0.828707
0.825163
0.819988
0.815548
0.81354
0.814783
0.819383
0.827057
0.837279
0.849274
0.862012
0.87406
0.883541
0.888471
0.887274
0.879328
0.865459
0.848015
0.8304
0.816228
0.80838
0.808198
0.815399
0.828508
0.845539
0.864455
0.883242
0.899998
0.912922
0.92067
0.922455
0.918084
0.907901
0.8927
0.874062
0.854442
0.837126
0.825731
0.823367
0.832019
0.851925
0.881255
0.916034
0.950823
0.979936
0.998816
1.00496
0.998249
0.980636
0.955937
0.92957
0.907169
0.892429
0.884799
0.880185
0.87406
0.863728
0.848678
0.829678
0.807991
0.785246
0.763566
0.745548
0.73406
0.731839
0.741116
0.762665
0.795038
0.834524
0.87625
0.915423
0.948088
0.971466
0.983834
0.984274
0.972716
0.949979
0.918008
0.879902
0.839929
0.80308
0.774327
0.75762
0.755049
0.766371
0.789273
0.819953
0.853849
0.88634
0.913362
0.932001
0.940892
0.940274
0.931734
0.917919
0.902166
0.888086
0.878509
0.874298
0.873917
0.874141
0.871582
0.863893
0.850238
0.831216
0.808552
0.784804
0.763004
0.746248
0.737009
0.736599
0.744815
0.760069
0.77972
0.800545
0.819452
0.834265
0.844291
0.850478
0.855028
0.860669
0.869708
0.883256
0.900773
0.920273
0.938957
0.954001
0.963092
0.964683
0.958154
0.943907
0.923484
0.899537
0.875644
0.855734
0.843272
0.840214
0.846402
0.859823
0.877401
0.895861
0.91241
0.925092
0.932678
0.934426
0.929881
0.91898
0.902301
0.881479
0.859357
0.83943
0.824959
0.818142
0.81957
0.828245
0.842025
0.858114
0.873385
0.884919
0.890553
0.889449
0.882138
0.870167
0.855589
0.840505
0.826739
0.81569
0.808357
0.805296
0.806364
0.81072
0.816904
0.82334
0.828816
0.832944
0.836081
0.838927
0.842119
0.84603
0.850748
0.856186
0.862167
0.868329
0.874099
0.878769
0.881742
0.882768
0.882427
0.882133
0.883717
0.888511
0.896694
0.907052
0.917462
0.925733
0.930182
0.929864
0.924474
0.914373
0.900651
0.885079
0.869898
0.857361
0.84901
0.845392
0.845997
0.849515
0.854267
0.85876
0.8619
0.863132
0.862339
0.85972
0.855782
0.851345
0.847565
0.84567
0.846607
0.850597
0.856773
0.863487
0.868714
0.870823
0.869123
0.864102
0.857244
0.850306
0.844675
0.841062
0.839576
0.84022
0.843141
0.848681
0.857249
0.868981
0.883393
0.899411
0.915333
0.929359
0.939865
0.945527
0.945435
0.939171
0.926933
0.909484
0.888007
0.864007
0.839245
0.815891
0.79661
0.784095
0.780106
0.784524
0.795237
0.809051
0.822964
0.835027
0.844599
0.852026
0.858165
0.863841
0.869741
0.876266
0.883482
0.891033
0.898095
0.90347
0.905984
0.905057
0.90122
0.896076
0.891545
0.888897
0.888384
0.889583
0.89214
0.895981
0.900943
0.906273
0.910518
0.911742
0.908155
0.898805
0.883905
0.86482
0.843717
0.823043
0.804888
0.790483
0.780053
0.773116
0.768913
0.767119
0.768184
0.773284
0.783759
0.80021
0.821802
0.846076
0.869554
0.888756
0.901178
0.90599
0.903932
0.896915
0.887195
0.876538
0.865833
0.8551
0.844094
0.832956
0.822651
0.815029
0.812362
0.816566
0.828524
0.84744
0.870869
0.895177
0.91646
0.931446
0.938246
0.936627
0.927955
0.914881
0.900532
0.887803
0.878697
0.874121
0.873995
0.877592
0.883582
0.890211
0.895426
0.897254
0.894043
0.884814
0.869628
0.849842
0.828195
0.808133
0.792704
0.783827
0.782524
0.789376
0.804088
0.824753
0.847836
0.869304
0.885976
0.896203
0.899779
0.897427
0.890127
0.878879
0.864778
0.84931
0.83463
0.823504
0.81869
0.822054
0.833942
0.853101
0.877217
0.903325
0.92828
0.948978
0.962539
0.96661
0.959901
0.943178
0.920067
0.896344
0.877265
0.864937
0.85869
0.857081
0.858667
0.861829
0.864887
0.866563
0.866516
0.865476
0.865041
0.867015
0.872493
0.880978
0.890429
0.898371
0.902925
0.903287
0.89945
0.891854
0.881214
0.868613
0.855466
0.843271
0.833186
0.825496
0.819673
0.814851
0.810452
0.80649
0.803617
0.802657
0.804001
0.806979
0.809897
0.810879
0.809054
0.805224
0.801693
0.801023
0.804775
0.812767
0.823407
0.834585
0.844543
0.852365
0.85797
0.861828
0.864594
0.866825
0.86909
0.872056
0.876298
0.88194
0.888458
0.894878
0.900243
0.903843
0.905253
0.904239
0.900796
0.895384
0.88898
0.883036
0.878927
0.877352
0.878313
0.881337
0.885732
0.890369
0.893574
0.893515
0.889091
0.880514
0.869373
0.858246
0.849793
0.845979
0.847629
0.854173
0.863961
0.875111
0.886287
0.89699
0.906867
0.91453
0.917466
0.913424
0.90189
0.884472
0.864332
0.845122
0.829995
0.821153
0.819565
0.825106
0.836391
0.850848
0.865273
0.876776
0.88358
0.885106
0.881661
0.874288
0.86437
0.853571
0.84357
0.835825
0.831563
0.831826
0.837353
0.848302
0.8636
0.880726
0.896403
0.907931
0.914184
0.915508
0.913236
0.908794
0.903181
0.896685
0.889071
0.879813
0.868613
0.85583
0.842657
0.830906
0.822294
0.817894
0.818064
0.822748
0.831449
0.842905
0.855212
0.866423
0.875219
0.881272
0.885053
0.887358
0.888856
0.889906
0.890261
0.88927
0.886058
0.880088
0.871537
0.861194
0.850036
0.838836
0.82819
0.818941
0.812262
0.8096
0.812425
0.821729
0.837227
0.856902
0.87745
0.895467
0.908563
0.915612
0.916509
0.911845
0.902591
0.89004
0.875779
0.861546
0.849001
0.83943
0.833625
0.832033
0.834953
0.842612
0.855111
0.872135
0.892417
0.913598
0.932467
0.945804
0.951325
0.948147
0.936997
0.920066
0.900282
0.880534
0.862924
0.848652
0.838234
0.831891
0.82969
0.831543
0.837056
0.845582
0.856119
0.867188
0.876965
0.883528
0.885231
0.881369
0.872345
0.859619
0.845229
0.831017
0.817969
0.806028
0.794692
0.783775
0.773862
0.766383
0.763361
0.767097
0.779507
0.801012
0.829954
0.862792
0.895456
0.924644
0.948406
0.965928
0.977004
0.981547
0.979486
0.970827
0.955982
0.935969
0.912514
0.888023
0.865067
0.845791
0.831412
0.822158
0.81746
0.816267
0.817349
0.819599
0.822184
0.824453
0.825908
0.82636
0.826217
0.826423
0.828196
0.8326
0.840103
0.850557
0.863413
0.877849
0.892814
0.907137
0.919372
0.928152
0.932559
0.93247
0.928731
0.922919
0.916748
0.91132
0.906674
0.901995
0.896006
0.887342
0.875183
0.85981
0.842736
0.826344
0.813151
0.805056
0.803039
0.80715
0.816646
0.830024
0.845144
0.859479
0.87045
0.876043
0.875137
0.867794
0.855467
0.840755
0.827064
0.817659
0.814743
0.818889
0.829109
0.843406
0.859208
0.873821
0.884855
0.890626
0.890613
0.885692
0.8779
0.869664
0.863016
0.858984
0.857525
0.85801
0.8599
0.863078
0.867805
0.87438
0.882529
0.891168
0.898475
0.902509
0.901958
0.896497
0.886761
0.874063
0.859976
0.846053
0.833733
0.824562
0.820208
0.822293
0.83176
0.848165
0.869477
0.892586
0.913976
0.930302
0.938825
0.937742
0.926295
0.904985
0.875675
0.841576
0.807072
0.776948
0.755223
0.743969
0.742837
0.749807
0.76275
0.780388
0.801874
0.826053
0.850959
0.874075
0.892937
0.905921
0.91271
0.914637
0.914555
0.916073
0.921969
0.932437
0.944837
0.955191
0.960416
0.959513
0.953306
0.943577
0.931974
0.919231
0.905291
0.889938
0.873744
0.858395
0.846352
0.839857
0.839928
0.845997
0.856196
0.868064
0.879176
0.887591
0.89211
0.892421
0.889013
0.882902
0.875236
0.867095
0.859175
0.851678
0.844431
0.837153
0.82967
0.822178
0.815345
0.810186
0.807826
0.808923
0.813518
0.821275
0.83172
0.844336
0.858359
0.872611
0.885584
0.895842
0.902496
0.905479
0.905562
0.903954
0.901808
0.899762
0.897748
0.895198
0.891542
0.886546
0.880475
0.874016
0.867834
0.862209
0.857123
0.852319
0.847666
0.843316
0.839831
0.838041
0.838513
0.841101
0.84488
0.848534
0.851041
0.852067
0.851963
0.851366
0.85067
0.849598
0.847184
0.842326
0.834501
0.824159
0.812673
0.801887
0.79337
0.788052
0.786079
0.787089
0.790739
0.797234
0.807245
0.821313
0.839236
0.859827
0.88107
0.900693
0.91675
0.928043
0.934098
0.935064
0.931559
0.924298
0.914172
0.902211
0.889791
0.878688
0.870856
0.867819
0.870164
0.877172
0.887115
0.897764
0.906889
0.912773
0.914554
0.912328
0.90713
0.900561
0.894152
0.88918
0.886445
0.886246
0.888389
0.892116
0.8963
0.899668
0.901007
0.899397
0.894239
0.885219
0.872413
0.856743
0.840365
0.82625
0.816819
0.812648
0.812497
0.814689
0.818267
0.822996
0.828826
0.835218
0.841083
0.845085
0.846202
0.84427
0.84007
0.835006
0.830704
0.828451
0.828809
0.831681
0.836545
0.84284
0.850209
0.858371
0.866906
0.875148
0.882121
0.886836
0.888621
0.887311
0.883319
0.87753
0.871031
0.865109
0.861091
0.860179
0.863061
0.869511
0.878326
0.887756
0.896001
0.901726
0.904134
0.902936
0.898433
0.891479
0.883474
0.875931
0.870079
0.866626
0.865611
0.866552
0.868738
0.871387
0.873781
0.875377
0.875821
0.87492
0.872726
0.86932
0.864692
0.858701
0.851248
0.842374
0.832273
0.821345
0.81023
0.799964
0.791967
0.787762
0.788499
0.794629
0.805609
0.820078
0.836036
0.851305
0.864232
0.87429
0.882311
0.890065
0.899302
0.910871
0.924398
0.938359
0.950604
0.958962
0.9617
0.957733
0.946756
0.929324
0.9071
0.882675
0.859204
0.839927
0.827766
0.824794
0.831337
0.845364
0.862824
0.879186
0.891063
0.896807
0.896275
0.89043
0.880953
0.86989
0.859304
0.850883
0.845603
0.843725
0.844853
0.848046
0.85206
0.855698
0.858301
0.859871
0.860871
0.861927
0.863241
0.864371
0.864412
0.862338
0.857609
0.850484
0.841893
0.833233
0.825979
0.821089
0.818817
0.818567
0.819371
0.820361
0.82123
0.822318
0.824109
0.826598
0.828981
0.830075
0.829135
0.82647
0.823413
0.82171
0.822726
0.826729
0.832894
0.839853
0.846546
0.852724
0.858848
0.865457
0.87277
0.880672
0.888901
0.897219
0.905545
0.913963
0.922394
0.930253
0.936438
0.939706
0.939312
0.935235
0.928203
0.91942
0.910204
0.901606
0.894111
0.887424
0.880465
0.871764
0.860116
0.845162
0.827507
0.808554
0.790339
0.775414
0.766606
0.76619
0.774843
0.791198
0.812544
0.835837
0.858571
0.879111
0.89667
0.911088
0.922515
0.931133
0.936734
0.938631
0.93574
0.927081
0.912204
0.891558
0.866692
0.839859
0.813901
0.791869
0.77662
0.770261
0.773721
0.786571
0.807355
0.833949
0.8638
0.894194
0.922535
0.946549
0.964452
0.975102
0.978094
0.973861
0.963554
0.948827
0.931507
0.913283
0.895426
0.878603
0.863049
0.848838
0.836117
0.825173
0.81646
0.810604
0.808176
0.809578
0.814838
0.82346
0.834389
0.846141
0.85727
0.866644
0.873488
0.877309
0.877871
0.875226
0.869648
0.86163
0.851946
0.842073
0.834168
0.830293
0.831342
0.836601
0.844313
0.852681
0.860505
0.867441
0.873725
0.879642
0.885131
0.889625
0.892304
0.892534
0.890179
0.885695
0.879852
0.873486
0.867359
0.8622
0.858719
0.857571
0.859058
0.863091
0.869144
0.876427
0.884269
0.892528
0.901245
0.910046
0.917717
0.922779
0.924435
0.922911
0.91904
0.913683
0.907332
0.900071
0.891934
0.883231
0.87466
0.866998
0.86075
0.855703
0.851127
0.846226
0.840498
0.833906
0.826679
0.819164
0.811808
0.805068
0.799276
0.794566
0.790913
0.78843
0.787441
0.7884
0.791792
0.798029
0.807417
0.820091
0.835753
0.853443
0.871524
0.887992
0.900848
0.908735
0.911217
0.908924
0.903313
0.896369
0.890156
0.88647
0.886598
0.891207
0.899938
0.911341
0.923002
0.93215
0.936681
0.936174
0.932509
0.929064
0.928169
0.928836
0.927739
0.921955
0.91047
0.894121
0.874647
0.85401
0.833994
0.816012
0.801106
0.789986
0.783172
0.781119
0.784328
0.793134
0.807301
0.825649
0.84605
0.865921
0.882932
0.895457
0.902719
0.904794
0.902276
0.896012
0.886833
0.875498
0.862619
0.848776
0.834584
0.820741
0.808074
0.797479
0.789806
0.785734
0.785664
0.789692
0.797808
0.809981
0.826168
0.846286
0.86982
0.895421
0.920816
0.943136
0.95941
0.967146
0.964913
0.952741
0.93233
0.906945
0.880922
0.858491
0.84267
0.834565
0.833592
0.838252
0.846858
0.857787
0.869422
0.880095
0.888209
0.892562
0.892739
0.889262
0.883733
0.878315
0.874529
0.872009
0.868409
0.860856
0.847774
0.829677
0.808787
0.788121
0.770567
0.758041
0.75122
0.749732
0.752717
0.759348
0.769093
0.781742
0.797467
0.816427
0.838334
0.86185
0.884705
0.904271
0.91838
0.925816
0.926474
0.921219
0.911592
0.899406
0.886303
0.873454
0.861629
0.851311
0.842976
0.837205
0.834554
0.83522
0.838858
0.844663
0.851676
0.858904
0.865401
0.870162
0.872384
0.871779
0.868807
0.864663
0.860749
0.858005
0.856566
0.855811
0.854701
0.852314
0.848192
0.842396
0.835475
0.828218
0.821541
0.816579
0.814629
0.816814
0.823686
0.834889
0.849326
0.865425
0.88157
0.896217
0.907902
0.915214
0.917077
0.913129
0.904066
0.891605
0.877998
0.865191
0.854526
0.846908
0.843268
0.844361
0.850003
0.858752
0.868317
0.876395
0.881436
0.882918
0.881467
0.878622
0.876358
0.876359
0.879326
0.884751
0.891128
0.896772
0.90043
0.90132
0.898972
0.893079
0.883775
0.871897
0.859037
0.847295
0.838536
0.833812
0.833304
0.836478
0.842582
0.850834
0.860387
0.870115
0.878598
0.884465
0.886765
0.885099
0.879644
0.870988
0.860331
0.849234
0.839367
0.83214
0.828384
0.828348
0.832007
0.839137
0.849172
0.860862
0.872283
0.881276
0.886117
0.885862
0.880418
0.870303
0.856425
0.839976
0.822408
0.805562
0.791712
0.783319
0.782674
0.791033
0.807951
0.831406
0.858567
0.886381
0.911898
0.932426
0.945977
0.951626
0.949589
0.941002
0.927622
0.911365
0.894144
0.877695
0.863455
0.852284
0.844471
0.839769
0.837546
0.83716
0.83813
0.84027
0.843595
0.848162
0.853994
0.860839
0.868119
0.874805
0.87954
0.881012
0.878413
0.871798
0.862249
0.851388
0.840854
0.83208
0.826271
0.824478
0.827454
0.835214
0.846694
0.859933
0.872606
0.88274
0.889177
0.891641
0.890553
0.88682
0.88141
0.875117
0.868338
0.8612
0.853824
0.846601
0.840138
0.835105
0.831799
0.829906
0.828687
0.827225
0.824998
0.822298
0.820487
0.821356
0.825936
0.833496
0.841895
0.848947
0.853323
0.85457
0.85281
0.848613
0.84296
0.837227
0.832948
0.83151
0.833786
0.839801
0.848644
0.858447
0.866894
0.872023
0.872914
0.870045
0.865113
0.860273
0.857416
0.857508
0.860548
0.865774
0.871892
0.877463
0.881264
0.882689
0.88186
0.879339
0.875664
0.871226
0.8667
0.863219
0.861954
0.863419
0.867152
0.871977
0.876458
0.879555
0.88093
0.88101
0.880756
0.881192
0.882853
0.885261
0.886998
0.886281
0.881824
0.873556
0.862774
0.851524
0.841703
0.834327
0.829452
0.826481
0.824716
0.823557
0.822594
0.821695
0.820889
0.820331
0.820232
0.82076
0.821986
0.824046
0.827288
0.832335
0.839776
0.849779
0.861793
0.874435
0.885769
0.894097
0.898573
0.899554
0.898203
0.895615
0.892057
0.887187
0.881048
0.874943
0.87134
0.872607
0.879382
0.889805
0.900312
0.907019
0.90733
0.900574
0.887872
0.871575
0.854306
0.838114
0.824017
0.812457
0.804285
0.800725
0.802145
0.807184
0.81365
0.820154
0.826472
0.832737
0.838839
0.844329
0.848866
0.852532
0.855778
0.859209
0.86323
0.867941
0.873191
0.878735
0.88432
0.889749
0.894901
0.899658
0.903858
0.907318
0.910085
0.912426
0.914679
0.917009
0.919019
0.919585
0.917154
0.910422
0.898949
0.883513
0.865747
0.847194
0.828773
0.811029
0.79476
0.781136
0.771458
0.766711
0.767395
0.773839
0.786361
0.805024
0.829118
0.856671
0.884712
0.909965
0.929582
0.941509
0.944858
0.939933
0.928331
0.91287
0.897192
0.885042
0.879158
0.880366
0.887361
0.897511
0.907828
0.915869
0.919971
0.919296
0.913626
0.903463
0.890009
0.875132
0.860968
0.849149
0.84042
0.834935
0.832812
0.833945
0.837634
0.842688
0.848289
0.854237
0.860919
0.868775
0.877966
0.888061
0.898025
0.906259
0.911016
0.91108
0.906062
0.896639
0.884649
0.872889
0.864552
0.861753
0.863969
0.86803
0.870227
0.868487
0.863164
0.856421
0.850719
0.847202
0.844732
0.840663
0.832635
0.820159
0.805125
0.791232
0.782551
0.781649
0.788381
0.800262
0.814136
0.827689
0.840166
0.852202
0.86497
0.879386
0.895668
0.913304
0.931243
0.948053
0.962218
0.972452
0.97793
0.978359
0.973963
0.965268
0.953047
0.938205
0.921916
0.9056
0.890787
0.878872
0.870678
0.866197
0.864705
0.865024
0.865793
0.865587
0.863004
0.856735
0.845726
0.82957
0.808831
0.785431
0.762823
0.745673
0.738619
0.744203
0.761365
0.785757
0.811926
0.835445
0.853937
0.866961
0.875444
0.880905
0.884959
0.888833
0.893185
0.898179
0.903347
0.907909
0.911077
0.912455
0.912265
0.911154
0.909997
0.9096
0.910184
0.910886
0.909662
0.9039
0.891491
0.872004
0.847298
0.821496
0.800222
0.788926
0.790936
0.806038
0.830523
0.858703
0.88495
0.905139
0.917039
0.919977
0.914526
0.902836
0.889419
0.880848
0.882199
0.892864
0.907141
0.918937
0.925148
0.925526
0.92125
0.913633
0.903554
0.891269
0.876679
0.859852
0.841298
0.822082
0.803628
0.787411
0.774763
0.766756
0.763976
0.766374
0.773204
0.783168
0.794673
0.806133
0.816376
0.824737
0.830998
0.83529
0.838119
0.840401
0.843721
0.84995
0.860528
0.875575
0.893495
0.91141
0.926064
0.934778
0.936179
0.930451
0.919157
0.904816
0.890388
0.878555
0.871212
0.869199
0.872338
0.879704
0.889829
0.900973
0.911304
0.919068
0.922801
0.921499
0.914798
0.902904
0.886724
0.867767
0.847989
0.829438
0.813723
0.801417
0.792109
0.784905
0.779043
0.774112
0.770436
0.769265
0.772453
0.781285
0.795602
0.813856
0.834351
0.856268
0.87961
0.904456
0.930215
0.955534
0.978675
0.997811
1.01135
1.018
1.01704
1.00826
0.992005
0.968925
0.939807
0.905794
0.868506
0.830515
0.795278
0.766679
0.748334
0.74263
0.750189
0.769838
0.798789
0.833171
0.868643
0.901042
0.926886
0.943881
0.95125
0.949718
0.941208
0.928252
0.913495
0.899299
0.88749
0.879148
0.874569
0.873209
0.873895
0.875198
0.875958
0.875606
0.874208
0.872316
0.870606
0.869513
0.869056
0.868981
0.869031
0.869193
0.869372
0.869099
0.867459
0.863547
0.857201
0.849317
0.841401
0.834961
0.830889
0.829345
0.830007
0.832644
0.837393
0.8446
0.854567
0.867312
0.88238
0.898869
0.915327
0.929922
0.940814
0.946525
0.946139
0.939167
0.925483
0.905528
0.880531
0.852647
0.824882
0.800746
0.783557
0.775949
0.779385
0.793848
0.817828
0.848595
0.882696
0.916299
0.945483
0.966727
0.977578
0.976974
0.965412
0.94458
0.91671
0.883956
0.84831
0.811953
0.777699
0.749037
0.729461
0.721494
0.726017
0.742018
0.766707
0.796132
0.826044
0.852639
0.873057
0.885689
0.890304
0.887909
0.880585
0.870824
0.860888
0.852108
0.844661
0.838052
0.832079
0.82764
0.826661
0.831022
0.841131
0.855931
0.87385
0.893657
0.914288
0.934243
0.951468
0.963927
0.970388
0.970815
0.965847
0.95625
0.942811
0.926635
0.909436
0.893052
0.878748
0.867129
0.858634
0.853691
0.852345
0.85395
0.857255
0.860747
0.863
0.863159
0.861177
0.85772
0.853802
0.850246
0.847305
0.844546
0.841026
0.835571
0.827366
0.816829
0.805955
0.797609
0.79454
0.798121
0.807904
0.822276
0.839292
0.857283
0.875
0.891435
0.905836
0.917595
0.926249
0.931479
0.933205
0.931628
0.927234
0.920657
0.912657
0.904066
0.895553
0.88745
0.879579
0.871198
0.861318
0.849201
0.835107
0.820438
0.807299
0.797742
0.79311
0.793741
0.799163
0.808436
0.820345
0.833549
0.846625
0.858225
0.86713
0.872379
0.873472
0.870531
0.864489
0.857055
0.850557
0.847176
0.848373
0.854451
0.864478
0.876574
0.888667
0.899062
0.907021
0.912824
0.917428
0.921885
0.926471
0.930419
0.931982
0.929313
0.921171
0.907204
0.887904
0.864307
0.837983
0.811194
0.786794
0.768017
0.758119
0.759341
0.771725
0.79262
0.81731
0.840821
0.859348
0.871008
0.875697
0.87467
0.869895
0.863298
0.856464
0.85052
0.846493
0.845636
0.849311
0.858507
0.872967
0.890957
0.909658
0.926185
0.938624
0.946393
0.949901
0.94983
0.946451
0.939728
0.929615
0.916639
0.902034
0.887538
0.875039
0.86615
0.861892
0.86257
0.867799
0.876545
0.887265
0.897937
0.905967
0.908625
0.90396
0.891607
0.872974
0.851048
0.829722
0.812931
0.803694
0.803436
0.811893
0.827265
0.846666
0.866659
0.883866
0.895741
0.900956
0.899388
0.891799
0.879418
0.863709
0.846473
0.829927
0.816502
0.808043
0.80532
0.807951
0.815142
0.826142
0.840261
0.856702
0.874359
0.892005
0.908388
0.922275
0.932491
0.9382
0.9392
0.936115
0.930027
0.9219
0.912304
0.90173
0.890898
0.880984
0.873364
0.869222
0.869031
0.872397
0.87812
0.884462
0.889648
0.892481
0.892663
0.890793
0.888116
0.885955
0.885219
0.886167
0.888291
0.89031
0.890467
0.886868
0.878162
0.864051
0.845457
0.824495
0.804059
0.787228
0.776512
0.773397
0.778101
0.789557
0.805778
0.824097
0.84183
0.856965
0.869144
0.879604
0.88977
0.899249
0.905864
0.907952
0.905952
0.901917
0.897956
0.894847
0.891743
0.886911
0.878852
0.86712
0.852468
0.836586
0.8217
0.810303
0.804779
0.80677
0.816819
0.834332
0.857841
0.885016
0.912914
0.938294
0.958324
0.971232
0.976484
0.97451
0.966182
0.95243
0.934158
0.91214
0.887237
0.860442
0.8329
0.806115
0.782031
0.763077
0.751761
0.750014
0.758591
0.776896
0.803217
0.835019
0.869184
0.902303
0.931119
0.953075
0.966717
0.971572
0.968059
0.957194
0.940392
0.919331
0.895732
0.871162
0.84684
0.82366
0.802782
0.785949
0.775488
0.773557
0.78098
0.796663
0.818004
0.841987
0.865721
0.886577
0.902264
0.911078
0.912279
0.906309
0.894866
0.880689
0.86706
0.857004
0.852715
0.85487
0.862743
0.874675
0.888564
0.90229
0.914149
0.923108
0.928938
0.93231
0.934563
0.937145
0.940502
0.943619
0.944293
0.940117
0.929253
0.911042
0.886248
0.857194
0.827478
0.801275
0.782132
0.771779
0.770162
0.776153
0.788415
0.805329
0.82455
0.843046
0.857596
0.865734
0.866303
0.859697
0.847566
0.832506
0.817638
0.806076
0.800455
0.802471
0.812417
0.829026
0.849774
0.871457
0.890923
0.905582
0.913811
0.915086
0.910126
0.900928
0.890665
0.88311
0.881467
0.887208
0.899523
0.915614
0.931861
0.944755
0.951596
0.950845
0.942293
0.927152
0.907682
0.886881
0.867703
0.852249
0.841309
0.834398
0.830018
0.826357
0.821831
0.815731
0.808694
0.802555
0.799717
0.802397
0.811726
0.827455
0.848133
0.871524
0.895192
0.916821
0.934366
0.946068
0.950366
0.946126
0.932828
0.910688
0.880782
0.845261
0.807564
0.772352
0.744822
0.729372
0.728056
0.73995
0.761708
0.789024
0.817816
0.844834
0.867869
0.886021
0.89944
0.908825
0.914658
0.91674
0.914649
0.908489
0.899361
0.889066
0.879489
0.871678
0.865553
0.860334
0.855408
0.850931
0.847705
0.846742
0.848665
0.853565
0.860945
0.869805
0.878816
0.886531
0.891656
0.893287
0.891064
0.885274
0.876688
0.86632
0.855323
0.844779
0.835723
0.828988
0.825203
0.824811
0.827825
0.833762
0.841701
0.850482
0.859198
0.867351
0.874766
0.881444
0.887517
0.893134
0.898516
0.903721
0.908565
0.912707
0.915595
0.916772
0.915908
0.912821
0.90748
0.90005
0.891073
0.881628
0.873385
0.868314
0.867971
0.872813
0.881948
0.893233
0.903755
0.910648
0.911791
0.906255
0.894261
0.876731
0.854921
0.830347
0.8049
0.781203
0.762249
0.750861
0.748893
0.756817
0.773584
0.796733
0.822706
0.847419
0.867283
0.87995
0.884664
0.882286
0.874862
0.865212
0.856454
0.851398
0.852011
0.858814
0.870659
0.885054
0.898919
0.909213
0.913425
0.910141
0.899573
0.883948
0.867
0.852725
0.843778
0.84067
0.842023
0.845515
0.848987
0.851219
0.851952
0.851677
0.851093
0.850746
0.850821
0.851361
0.852433
0.854104
0.856313
0.858627
0.860109
0.859803
0.857098
0.852182
0.846176
0.840853
0.838073
0.839074
0.843995
0.851837
0.860896
0.869453
0.876253
0.880808
0.883376
0.884772
0.88611
0.888269
0.891441
0.894748
0.896564
0.895192
0.889564
0.879569
0.86603
0.850319
0.834076
0.818762
0.805519
0.795363
0.78946
0.789138
0.795538
0.809005
0.828646
0.852581
0.878469
0.903959
0.926584
0.943863
0.953577
0.954601
0.947465
0.934305
0.918047
0.901372
0.886053
0.872837
0.861853
0.852969
0.846113
0.841229
0.838191
0.836916
0.837344
0.839489
0.843582
0.850002
0.85903
0.870342
0.882726
0.894354
0.903437
0.908884
0.910796
0.91029
0.908879
0.90778
0.907377
0.907077
0.905667
0.90208
0.896188
0.889147
0.882877
0.878892
0.877315
0.876866
0.875563
0.871846
0.865014
0.855289
0.843628
0.831284
0.8195
0.809199
0.800935
0.794931
0.791157
0.789433
0.789663
0.791952
0.796509
0.803502
0.812857
0.824222
0.836826
0.8496
0.8612
0.870034
0.874659
0.874263
0.868971
0.859955
0.849274
0.839304
0.832071
0.828928
0.830502
0.836752
0.847152
0.860788
0.876459
0.892605
0.907307
0.918344
0.923684
0.922032
0.913459
0.899504
0.883049
0.867741
0.857102
0.853574
0.857895
0.869158
0.885246
0.903432
0.920996
0.935582
0.945476
0.949513
0.947
0.937522
0.921042
0.898063
0.869678
0.83764
0.804351
0.772849
0.746666
0.729322
0.723643
0.730661
0.749081
0.77578
0.807059
0.839685
0.871236
0.899778
0.923477
0.940354
0.948452
0.946286
0.933251
0.910087
0.879176
0.844556
0.81142
0.785135
0.769748
0.766891
0.775076
0.79015
0.806551
0.819231
0.82507
0.823747
0.8177
0.811406
0.8101
0.818094
0.836997
0.865103
0.898058
0.930604
0.958353
0.978581
0.990113
0.993257
0.989402
0.980709
0.969647
0.958251
0.947734
0.938541
0.930577
0.923542
0.917193
0.911383
0.905784
0.899735
0.892289
0.882818
0.871297
0.858486
0.845414
0.833043
0.822063
0.812929
0.806036
0.80171
0.800055
0.800696
0.802894
0.805832
0.808901
0.811813
0.814662
0.817838
0.82188
0.827212
0.833921
0.841687
0.849902
0.857864
0.865121
0.871514
0.877005
0.881419
0.884457
0.885928
0.886011
0.885383
0.884704
0.88408
0.882698
0.87905
0.871781
0.860634
0.847027
0.833744
0.823446
0.816876
0.812543
0.808534
0.804444
0.801756
0.802741
0.809317
0.822126
0.84044
0.862375
0.885329
0.90637
0.922851
0.933055
0.936494
0.933903
0.926872
0.917311
0.907114
0.897835
0.890434
0.885305
0.882563
0.882385
0.885252
0.891736
0.901902
0.914644
0.927457
0.937016
0.93998
0.933813
0.917557
0.892263
0.861276
0.830059
0.80499
0.791238
0.790705
0.801354
0.818676
0.83777
0.854794
0.867653
0.875994
0.880866
0.884029
0.887232
0.891802
0.898298
0.906462
0.915263
0.923229
0.928989
0.931621
0.930867
0.926704
0.919076
0.907646
0.891905
0.871517
0.846832
0.81913
0.790782
0.764971
0.745341
0.735238
0.73677
0.749803
0.77174
0.798616
0.82659
0.85284
0.875653
0.894071
0.907556
0.915777
0.91849
0.915596
0.907272
0.894814
0.882051
0.876363
0.88546
0.909237
0.938209
0.961923
0.975211
0.977718
0.971395
0.958937
0.943073
0.926053
0.909277
0.893493
0.879374
0.867708
0.858792
0.851894
0.845463
0.838068
0.829129
0.819036
0.808859
0.799992
0.793981
0.792805
0.798516
0.812079
0.832035
0.854595
0.87536
0.890889
0.899485
0.901142
0.897058
0.888929
0.87838
0.86665
0.854609
0.843283
0.834477
0.83069
0.834173
0.84556
0.863314
0.884286
0.90494
0.922314
0.934424
0.940162
0.939164
0.931751
0.919032
0.902703
0.884804
0.867135
0.850892
0.83678
0.825167
0.816274
0.810143
0.806232
0.803282
0.799571
0.793671
0.785228
0.775399
0.766716
0.762369
0.765146
0.776463
0.795931
0.821712
0.851359
0.882546
0.91337
0.942231
0.96759
0.987962
1.00196
1.00852
1.0071
0.997715
0.981038
0.958358
0.93161
0.903389
0.876652
0.854079
0.837446
0.827268
0.822959
0.823272
0.826761
0.832085
0.838042
0.843403
0.846757
0.846641
0.841942
0.832499
0.819459
0.805175
0.792537
0.783958
0.780528
0.781645
0.785525
0.790233
0.794576
0.798512
0.803104
0.809944
0.820384
0.834924
0.852873
0.872381
0.891093
0.906817
0.918115
0.924374
0.925661
0.922476
0.915736
0.906685
0.89663
0.886578
0.877177
0.868931
0.862442
0.858411
0.856914
0.856894
0.856672
0.855167
0.852702
0.850862
0.851206
0.853947
0.857665
0.860384
0.860955
0.859597
0.857433
0.855798
0.85554
0.856771
0.859199
0.862777
0.8681
0.875889
0.885715
0.895217
0.901045
0.901171
0.896268
0.889343
0.884098
0.883075
0.886575
0.89292
0.899459
0.903637
0.90372
0.899137
0.890459
0.879095
0.866823
0.855368
0.846183
0.840194
0.837607
0.83798
0.840237
0.84296
0.844765
0.844923
0.843787
0.84291
0.844558
0.850607
0.861487
0.875905
0.891319
0.904878
0.914229
0.917958
0.915573
0.90744
0.894649
0.878836
0.861966
0.846141
0.833285
0.824839
0.821567
0.823315
0.829044
0.837033
0.845304
0.852097
0.856169
0.856966
0.854312
0.848275
0.839188
0.827818
0.815627
0.804716
0.797463
0.795744
0.800151
0.809692
0.822246
0.835431
0.847497
0.857635
0.865828
0.87242
0.877717
0.881826
0.884681
0.886106
0.886048
0.88458
0.882041
0.87909
0.876581
0.87536
0.87599
0.878546
0.882573
0.887147
0.89127
0.894045
0.894812
0.893367
0.889926
0.884993
0.879277
0.873634
0.86882
0.865473
0.864138
0.865446
0.869896
0.877432
0.887204
0.897533
0.906335
0.911503
0.911417
0.905398
0.894026
0.879106
0.863193
0.848849
0.837941
0.831404
0.829277
0.830985
0.835445
0.841211
0.846727
0.850629
0.851967
0.850217
0.84555
0.838846
0.831849
0.826786
0.825636
0.829321
0.837234
0.8475
0.857628
0.865215
0.868494
0.866646
0.860036
0.850054
0.83863
0.827573
0.818041
0.810349
0.804475
0.800549
0.799051
0.800651
0.805809
0.814355
0.825247
0.836745
0.846909
0.854063
0.857058
0.855667
0.850759
0.844255
0.838942
0.837693
0.84255
0.853897
0.870423
0.889806
0.90943
0.927075
0.941141
0.950715
0.955498
0.955631
0.95165
0.944437
0.935299
0.926021
0.918619
0.91452
0.913701
0.914465
0.914243
0.910702
0.902521
0.889737
0.873525
0.855769
0.838457
0.823196
0.810971
0.802122
0.796544
0.793838
0.793494
0.795082
0.798286
0.802838
0.80849
0.81543
0.824138
0.834953
0.847516
0.86054
0.872283
0.881219
0.886588
0.888456
0.887577
0.884864
0.881046
0.876358
0.870453
0.862511
0.851503
0.836531
0.817534
0.795697
0.773542
0.754406
0.741655
0.738081
0.745264
0.763243
0.790417
0.823735
0.859494
0.894264
0.92543
0.95129
0.970759
0.983107
0.987948
0.98532
0.975744
0.960413
0.941086
0.920081
0.899974
0.883235
0.871817
0.866423
0.86605
0.868016
0.868801
0.865339
0.856034
0.841284
0.823235
0.804957
0.789343
0.778179
0.772122
0.771027
0.774708
0.78302
0.795671
0.812017
0.830973
0.851136
0.87105
0.889429
0.905349
0.918266
0.928029
0.934754
0.938585
0.939391
0.936584
0.929226
0.916393
0.897853
0.874594
0.848926
0.823904
0.802441
0.786538
0.776987
0.773564
0.775518
0.781992
0.792215
0.80551
0.820989
0.837292
0.852837
0.866189
0.876641
0.884453
0.890631
0.89631
0.902024
0.907272
0.910701
0.910804
0.906602
0.898111
0.886481
0.873623
0.861547
0.851655
0.844386
0.83922
0.835046
0.830759
0.826061
0.821836
0.819997
0.822672
0.830953
0.844155
0.859819
0.874706
0.886046
0.892239
0.892938
0.888815
0.88124
0.872015
0.863225
0.856908
0.854446
0.856272
0.861859
0.870134
0.879803
0.889728
0.899082
0.907333
0.914183
0.919326
0.922411
0.92299
0.920699
0.915345
0.907091
0.896682
0.885558
0.875513
0.868134
0.864382
0.864473
0.867996
0.874087
0.881386
0.887976
0.891509
0.88959
0.880595
0.864389
0.842743
0.81896
0.797005
0.780229
0.770511
0.767796
0.77054
0.776453
0.78323
0.789212
0.793787
0.79735
0.801157
0.806891
0.816148
0.829769
0.847354
0.867302
0.887466
0.905835
0.921228
0.933471
0.943011
0.950428
0.95604
0.95982
0.961607
0.961338
0.959208
0.955426
0.94992
0.942306
0.932035
0.918434
0.90105
0.879974
0.856525
0.833342
0.81401
0.801771
0.797979
0.801638
0.810093
0.820268
0.829531
0.836143
0.839101
0.837891
0.832425
0.823137
0.811014
0.797737
0.785575
0.777099
0.774752
0.780199
0.793758
0.814279
0.839661
0.867402
0.89494
0.919946
0.940504
0.955365
0.964146
0.967424
0.966331
0.961899
0.954582
0.944163
0.93026
0.913064
0.893742
0.874277
0.856694
0.842268
0.831244
0.823375
0.818577
0.817096
0.819231
0.82503
0.833787
0.844264
0.855174
0.865763
0.87604
0.886562
0.897924
0.910181
0.922502
0.933206
0.940014
0.940844
0.93453
0.921219
0.902336
0.880033
0.856612
0.834091
0.81403
0.797705
0.786209
0.780626
0.781935
0.79059
0.805984
0.826194
0.848298
0.869271
0.886623
0.898827
0.90517
0.905541
0.900289
0.890228
0.876579
0.860913
0.845028
0.830852
0.820236
0.814525
0.814245
0.818925
0.827201
0.837361
0.847734
0.85702
0.864416
0.869627
0.872644
0.873536
0.872551
0.870287
0.867782
0.86614
0.866015
0.867271
0.869313
0.871795
0.875016
0.879989
0.887899
0.89948
0.914522
0.93164
0.948611
0.962876
0.972044
0.974406
0.969132
0.956407
0.93715
0.913016
0.886163
0.858891
0.833377
0.811295
0.793571
0.780513
0.771992
0.767542
0.76647
0.767978
0.771391
0.776281
0.782456
0.789613
0.797099
0.803875
0.808904
0.811453
0.811147
0.807849
0.801766
0.793742
0.785718
0.780711
0.7822
0.792881
0.81367
0.843355
0.878932
0.916473
0.952041
0.982301
1.00503
1.01915
1.02467
1.02258
1.01459
1.00286
0.989464
0.976121
0.963794
0.952477
0.941345
0.929072
0.914526
0.897478
0.878853
0.86043
0.844187
0.831526
0.822919
0.818074
0.816414
0.817324
0.820317
0.824804
0.829788
0.833905
0.835604
0.8337
0.827746
0.818233
0.806561
0.794759
0.785228
0.780448
0.782469
0.792195
0.808724
0.829663
0.851989
0.872852
0.890102
0.902343
0.908993
0.910225
0.906721
0.899469
0.889491
0.877793
0.865279
0.85265
0.840667
0.830165
0.82204
0.817166
0.816008
0.818253
0.822832
0.828357
0.833679
0.838101
0.841371
0.843564
0.844823
0.84513
0.844418
0.842763
0.840819
0.840011
0.842236
0.849222
0.861637
0.878361
0.896825
0.914148
0.928044
0.937107
0.9406
0.938228
0.930371
0.918162
0.903619
0.889218
0.877122
0.86842
0.863099
0.860264
0.858875
0.858202
0.857937
0.85831
0.859932
0.863499
0.869222
0.876325
0.88308
0.887334
0.887135
0.881481
0.870452
0.854951
0.836368
0.816133
0.79574
0.776873
0.761383
0.751145
0.747829
0.752581
0.765843
0.78719
0.815322
0.848062
0.882475
0.915251
0.943197
0.963848
0.975699
0.978239
0.972065
0.958738
0.940733
0.920822
0.900949
0.881547
0.86189
0.841411
0.820771
0.802163
0.788647
0.782982
0.786531
0.798617
0.816846
0.838098
0.859413
0.878404
0.893463
0.903716
0.909008
0.909877
0.907271
0.90216
0.895328
0.887256
0.87833
0.869051
0.860198
0.85269
0.847146
0.843487
0.841039
0.839148
0.837875
0.83839
0.842544
0.851895
0.866721
0.885664
0.905928
0.924316
0.938225
0.946265
0.948369
0.945414
0.938626
0.929121
0.917962
0.906408
0.896275
0.889684
0.887988
0.890788
0.895898
0.900237
0.901054
0.896675
0.887
0.873283
0.857791
0.843126
0.831565
0.824617
0.822814
0.825877
0.83262
0.841262
0.849706
0.856106
0.859332
0.859132
0.85613
0.85151
0.846587
0.842233
0.838622
0.835266
0.831581
0.827238
0.822423
0.817766
0.814221
0.812708
0.813921
0.818053
0.824756
0.833377
0.843178
0.853576
0.864191
0.874752
0.884864
0.894174
0.902214
0.908379
0.911764
0.911316
0.906358
0.897212
0.885411
0.873444
0.864151
0.859952
0.862004
0.869855
0.88146
0.893758
0.903491
0.907999
0.905739
0.896549
0.881657
0.863389
0.844699
0.828536
0.817229
0.812008
0.812876
0.818937
0.828835
0.841246
0.85522
0.870308
0.886256
0.902584
0.918361
0.932214
0.942723
0.94878
0.94994
0.946678
0.94023
0.932076
0.92367
0.916204
0.910516
0.907094
0.906016
0.906513
0.906908
0.905014
0.898955
0.887658
0.87122
0.850715
0.827893
0.804812
0.783608
0.766157
0.754038
0.748277
0.749322
0.756934
0.770153
0.787189
0.805735
0.82356
0.839234
0.852502
0.863635
0.872623
0.878867
0.881581
0.880752
0.877374
0.873272
0.870282
0.869717
0.872046
0.876813
0.882812
0.888349
0.891735
0.891691
0.887579
0.879347
0.867843
0.854978
0.843818
0.837834
0.839519
0.849169
0.864916
0.883746
0.90249
0.918528
0.93004
0.936141
0.936654
0.931835
0.922028
0.907631
0.889397
0.86873
0.847753
0.828997
0.814711
0.806306
0.803966
0.806649
0.812607
0.819975
0.827179
0.833317
0.838433
0.843588
0.850361
0.860048
0.873024
0.888422
0.904415
0.918785
0.92944
0.935023
0.935083
0.930148
0.921595
0.911149
0.900506
0.89103
0.883485
0.877961
0.873843
0.870054
0.865382
0.859152
0.851745
0.844426
0.838511
0.83456
0.832205
0.830928
0.83059
0.831462
0.8339
0.83792
0.84288
0.847708
0.851349
0.853221
0.853523
0.853157
0.853362
0.855014
0.858205
0.862274
0.866205
0.869283
0.871384
0.872772
0.87387
0.875054
0.876639
0.878855
0.881654
0.884532
0.88664
0.887347
0.886598
0.885157
0.88432
0.885342
0.88882
0.894133
0.899395
0.901961
0.899394
0.890277
0.874755
0.85456
0.83274
0.813093
0.799451
0.794828
0.800576
0.815772
0.837243
0.860438
0.880426
0.893165
0.896475
0.890561
0.877766
0.861738
0.846264
0.834377
0.828273
0.829352
0.838229
0.854302
0.875796
0.900129
0.924471
0.94622
0.96342
0.975003
0.980829
0.981349
0.977336
0.969632
0.959015
0.945923
0.930094
0.91097
0.88832
0.862883
0.836695
0.812801
0.794203
0.782923
0.779558
0.783264
0.791993
0.802869
0.812883
0.819623
0.822043
0.82082
0.818001
0.816067
0.816923
0.821556
0.830261
0.842978
0.859266
0.877964
0.897022
0.913953
0.926552
0.933622
0.935297
0.932827
0.927957
0.921933
0.914924
0.90621
0.894754
0.880212
0.863282
0.845695
0.829863
0.818275
0.812732
0.813875
0.82127
0.833676
0.849193
0.865162
0.878217
0.885285
0.884811
0.87752
0.865989
0.85359
0.843516
0.838191
0.838945
0.845741
0.857218
0.871142
0.884978
0.896469
0.903781
0.905549
0.900959
0.890094
0.874714
0.858757
0.847065
0.842277
0.843092
0.846223
0.849354
0.852146
0.855356
0.859887
0.86619
0.874015
0.882502
0.890365
0.896268
0.899303
0.899453
0.89789
0.896813
0.89869
0.904879
0.914652
0.925493
0.934349
0.938872
0.937829
0.93111
0.919396
0.903792
0.885716
0.866961
0.849731
0.836425
0.829107
0.828842
0.835301
0.846652
0.859934
0.871691
0.878707
0.879006
0.872501
0.861163
0.848276
0.836788
0.827943
0.821044
0.814422
0.806998
0.79909
0.792718
0.790719
0.795479
0.807654
0.825863
0.847273
0.868649
0.88724
0.90123
0.909818
0.913111
0.911837
0.907238
0.900807
0.894293
0.889479
0.887863
0.890038
0.8953
0.901789
0.906923
0.908273
0.904475
0.895781
0.883939
0.871542
0.861048
0.853932
0.850512
0.850247
0.852238
0.855589
0.859246
0.862177
0.863668
0.863745
0.863393
0.864075
0.867034
0.872566
0.879844
0.887315
0.893471
0.897318
0.898461
0.896802
0.892512
0.886068
0.878342
0.870506
0.863886
0.859514
0.857936
0.859121
0.862612
0.867707
0.873595
0.879454
0.884654
0.888986
0.892562
0.895494
0.897552
0.898097
0.896483
0.892501
0.886586
0.879783
0.873231
0.86783
0.863905
0.861141
0.858791
0.855888
0.851494
0.844888
0.835644
0.824016
0.810897
0.797726
0.786466
0.779474
0.778868
0.785838
0.800256
0.820637
0.84446
0.868673
0.890551
0.90854
0.922259
0.931877
0.937401
0.938399
0.934434
0.925424
0.911976
0.895201
0.876362
0.856568
0.837013
0.819308
0.805487
0.797475
0.796448
0.802452
0.814461
0.830992
0.850589
0.872377
0.895749
0.919588
0.941599
0.958968
0.969526
0.972379
0.967794
0.956757
0.940751
0.921752
0.901952
0.883385
0.867427
0.854418
0.843784
0.834513
0.825752
0.817362
0.810242
0.806198
0.807341
0.815117
0.82954
0.848935
0.870092
0.889055
0.902169
0.907062
0.903189
0.892057
0.87678
0.861193
0.848501
0.840246
0.836281
0.835609
0.837228
0.840306
0.844387
0.849338
0.855466
0.863219
0.872656
0.883013
0.89292
0.900921
0.905953
0.907533
0.905672
0.900753
0.893495
0.884965
0.876457
0.869385
0.864943
0.863659
0.865154
0.868362
0.871992
0.875087
0.877269
0.878545
0.879156
0.879644
0.880872
0.883701
0.888553
0.894899
0.901439
0.906636
0.909129
0.908081
0.903294
0.895077
0.884118
0.87127
0.857335
0.843121
0.829671
0.818277
0.810387
0.807093
0.8086
0.813884
0.82088
0.82714
0.831009
0.832497
0.833312
0.835953
0.842546
0.854026
0.869961
0.888822
0.908439
0.92641
0.940444
0.94875
0.950185
0.944508
0.932344
0.914976
0.89425
0.872206
0.850843
0.831875
0.816676
0.806307
0.801367
0.801748
0.80654
0.814295
0.823446
0.83259
0.840805
0.847902
0.854267
0.860474
0.866623
0.872283
0.876644
0.879069
0.879355
0.877981
0.876008
0.874631
0.874638
0.876038
0.878196
0.880484
0.88271
0.885272
0.888467
0.892069
0.895378
0.897508
0.897379
0.893874
0.886144
0.874128
0.858701
0.841358
0.823856
0.808027
0.795913
0.789769
0.791671
0.802698
0.822335
0.848239
0.876699
0.903797
0.926354
0.942482
0.95162
0.954133
0.950989
0.943536
0.933432
0.922344
0.911336
0.900609
0.889744
0.878496
0.867746
0.859896
0.857511
0.861265
0.869173
0.878425
0.888066
0.899044
0.911628
0.923442
0.93074
0.930905
0.923469
0.909822
0.892406
0.874142
0.857626
0.844329
0.834283
0.826518
0.819942
0.81423
0.809986
0.808167
0.809462
0.813693
0.81975
0.825949
0.83069
0.833126
0.8336
0.833479
0.834663
0.838878
0.84693
0.85843
0.871952
0.885484
0.897032
0.905111
0.908972
0.908677
0.904925
0.898814
0.891692
0.885085
0.880399
0.878299
0.878551
0.880014
0.881027
0.879989
0.875713
0.86772
0.8563
0.84267
0.828818
0.817262
0.810384
0.809675
0.81518
0.82564
0.839166
0.853972
0.868562
0.881692
0.892126
0.898825
0.901218
0.899269
0.893946
0.887219
0.881854
0.880072
0.881962
0.885406
0.887844
0.887778
0.885045
0.880011
0.873159
0.865013
0.856268
0.847917
0.841069
0.836643
0.835202
0.836604
0.840077
0.844397
0.848353
0.851303
0.853537
0.856218
0.860864
0.868626
0.879841
0.893826
0.908993
0.923058
0.933641
0.938754
0.937473
0.930198
0.918328
0.903734
0.888042
0.872492
0.858046
0.845654
0.836305
0.830809
0.829363
0.831419
0.835952
0.841921
0.848534
0.855292
0.861841
0.867805
0.872663
0.875922
0.877619
0.878707
0.880693
0.884601
0.889901
0.894649
0.896513
0.893967
0.886924
0.876535
0.864686
0.853305
0.843873
0.83713
0.833265
0.831993
0.832569
0.833585
0.83326
0.830159
0.823992
0.815907
0.807752
0.801097
0.796489
0.793513
0.791626
0.791017
0.793028
0.799782
0.813126
0.833077
0.857316
0.882009
0.903348
0.918898
0.928151
0.932104
0.932649
0.931754
0.930864
0.930664
0.931129
0.93173
0.931761
0.930487
0.927515
0.923133
0.918215
0.913931
0.911172
0.909908
0.909175
0.907581
0.903917
0.89772
0.889089
0.878444
0.866239
0.852816
0.838572
0.824189
0.810898
0.800186
0.793155
0.790051
0.790031
0.791549
0.792992
0.793431
0.792836
0.791856
0.791634
0.793365
0.798086
0.806498
0.81859
0.833757
0.850794
0.868247
0.884864
0.89986
0.912897
0.923883
0.93273
0.939142
0.942557
0.942251
0.937594
0.928255
0.914411
0.896912
0.877588
0.859401
0.845657
0.838454
0.837766
0.842019
0.849432
0.858996
0.87047
0.883712
0.898021
0.912043
0.924244
0.933332
0.938269
0.938257
0.93301
0.92323
0.910539
0.896696
0.882563
0.867688
0.850962
0.831654
0.810418
0.789429
0.771798
0.760638
0.757942
0.763862
0.776783
0.79403
0.812728
0.830289
0.844568
0.854104
0.858572
0.859073
0.858086
0.858855
0.864253
0.875732
0.892342
0.910826
0.927063
0.937757
0.941356
0.938243
0.930239
0.919795
0.909317
0.90071
0.895089
0.892616
0.892429
0.892812
0.891773
0.887768
0.880432
0.870789
0.860959
0.853373
0.849684
0.850109
0.853433
0.857652
0.860763
0.861409
0.859141
0.854245
0.847396
0.839355
0.830784
0.822447
0.81557
0.811829
0.812527
0.817412
0.824305
0.830237
0.832989
0.831821
0.827212
0.820414
0.813089
0.807003
0.803587
0.803717
0.807664
0.815239
0.82602
0.839516
0.855281
0.87277
0.890869
0.907664
0.920556
0.927
0.925374
0.915728
0.899748
0.880448
0.861399
0.846077
0.837255
0.836611
0.844431
0.859595
0.879947
0.902684
0.92489
0.943925
0.957671
0.964568
0.96382
0.955362
0.939858
0.918582
0.89345
0.867154
0.843
0.824244
0.812928
0.808924
0.810041
0.813302
0.816221
0.817721
0.818234
0.819054
0.821399
0.825671
0.831361
0.837529
0.843196
0.847639
0.850678
0.852827
0.855129
0.858685
0.863983
0.870569
0.877304
0.882841
0.886232
0.887125
0.885952
0.883723
0.881586
0.880229
0.879355
0.877894
0.874847
0.869926
0.863804
0.857638
0.852469
0.84886
0.846769
0.845648
0.84452
0.842448
0.839046
0.834697
0.83042
0.827271
0.825734
0.825629
0.826535
0.828246
0.830911
0.834788
0.839967
0.846302
0.853468
0.861095
0.869043
0.877357
0.886125
0.895374
0.904932
0.91434
0.922913
0.92988
0.934442
0.935801
0.933285
0.926382
0.914645
0.897895
0.876575
0.852183
0.827655
0.807263
0.795518
0.795275
0.806174
0.824848
0.846485
0.866732
0.882659
0.892738
0.896641
0.895034
0.889487
0.88225
0.875654
0.871482
0.870322
0.871408
0.873039
0.873222
0.870211
0.862975
0.851433
0.836425
0.819536
0.80282
0.788471
0.778685
0.775432
0.780158
0.793347
0.814017
0.839676
0.866873
0.891833
0.911115
0.922091
0.923253
0.914585
0.89772
0.875888
0.853422
0.834841
0.823529
0.820691
0.825195
0.834424
0.845357
0.855526
0.863493
0.868895
0.872273
0.874935
0.878245
0.883104
0.889569
0.896841
0.903595
0.908353
0.909804
0.907084
0.899903
0.888787
0.874988
0.86018
0.846024
0.833797
0.824384
0.818233
0.815387
0.815567
0.81839
0.823663
0.831342
0.841103
0.852038
0.862668
0.871481
0.877452
0.880169
0.879773
0.876526
0.870491
0.86172
0.850828
0.839456
0.830249
0.825971
0.828459
0.837644
0.851575
0.867268
0.881776
0.89316
0.900742
0.904912
0.90676
0.907363
0.907513
0.907396
0.906625
0.904441
0.900022
0.892868
0.883179
0.8719
0.860629
0.851186
0.844815
0.841708
0.841104
0.841861
0.842959
0.843753
0.843866
0.843132
0.84158
0.839455
0.837398
0.836207
0.8366
0.838865
0.8426
0.846656
0.849454
0.849637
0.847082
0.84376
0.843552
0.850181
0.864131
0.881384
0.89582
0.902692
0.900388
0.890105
0.87473
0.857652
0.842159
0.831407
0.828364
0.835128
0.851448
0.873944
0.897221
0.916096
0.927104
0.928804
0.921416
0.906432
0.886335
0.864412
0.844503
0.830287
0.82429
0.827217
0.838179
0.855045
0.875149
0.895764
0.914395
0.929032
0.938362
0.941842
0.93936
0.931097
0.917339
0.898569
0.875786
0.850891
0.826771
0.806982
0.794939
0.792698
0.800247
0.815839
0.836829
0.860313
0.883435
0.903504
0.918172
0.925729
0.925325
0.917305
0.903374
0.886195
0.868632
0.853172
0.841855
0.83642
0.837855
0.845694
0.85751
0.8695
0.877914
0.880272
0.875987
0.866096
0.852653
0.838315
0.82596
0.818126
0.816183
0.819954
0.827982
0.838251
0.84862
0.857226
0.862727
0.864762
0.863904
0.861477
0.859071
0.85818
0.860062
0.865432
0.874241
0.885472
0.897572
0.908948
0.918501
0.925725
0.930667
0.933653
0.934977
0.934539
0.93197
0.926779
0.918703
0.907769
0.89447
0.879465
0.863372
0.846684
0.829959
0.814005
0.799732
0.787733
0.778598
0.773483
0.774348
0.783005
0.799591
0.822003
0.846429
0.868707
0.88577
0.896472
0.901486
0.902574
0.901688
0.900405
0.89972
0.89994
0.900713
0.901278
0.900914
0.899097
0.895709
0.891188
0.886597
0.883567
0.883885
0.88867
0.897723
0.909498
0.92139
0.930301
0.933507
0.929265
0.917237
0.898589
0.875689
0.851498
0.828896
0.810152
0.796612
0.788874
0.787071
0.790942
0.799845
0.812605
0.827504
0.842558
0.855878
0.865949
0.871912
0.873667
0.87208
0.86897
0.866889
0.868317
0.874758
0.886088
0.900515
0.915264
0.927656
0.935772
0.938799
0.936906
0.930856
0.921748
0.91083
0.899302
0.888136
0.877766
0.86773
0.856788
0.843464
0.82699
0.808094
0.789195
0.773761
0.765029
0.76482
0.773014
0.787672
0.805847
0.824633
0.841988
0.85701
0.869815
0.881175
0.892355
0.904722
0.919073
0.93492
0.950246
0.962185
0.967931
0.965616
0.95467
0.935918
0.911589
0.88486
0.859178
0.837641
0.822545
0.815064
0.815227
0.821853
0.832984
0.846392
0.860301
0.873671
0.886197
0.897731
0.907753
0.915061
0.91779
0.914068
0.90289
0.884625
0.8611
0.8352
0.810117
0.788701
0.772919
0.763756
0.761258
0.764822
0.773712
0.787338
0.805017
0.825482
0.846779
0.866292
0.881412
0.890228
0.892041
0.887378
0.878034
0.866891
0.857564
0.85368
0.857634
0.869434
0.88656
0.904738
0.919406
0.927077
0.926291
0.918217
0.906504
0.895901
0.889762
0.888204
0.888535
0.887568
0.883309
0.875361
0.864463
0.852023
0.839912
0.830201
0.824743
0.824597
0.82982
0.83934
0.851202
0.862875
0.871765
0.875781
0.874126
0.867508
0.857983
0.848307
0.841089
0.838296
0.840903
0.848898
0.861469
0.877178
0.89433
0.911258
0.926429
0.938505
0.946342
0.94915
0.946499
0.938383
0.925257
0.908339
0.889695
0.87177
0.85649
0.844577
0.835466
0.828121
0.821685
0.815999
0.811358
0.808233
0.806741
0.8065
0.806817
0.807234
0.808019
0.810251
0.815222
0.823535
0.834814
0.847807
0.861184
0.874108
0.886423
0.89819
0.909118
0.918321
0.924787
0.928013
0.928258
0.926187
0.922521
0.917602
0.911472
0.904169
0.896029
0.887687
0.879758
0.872801
0.86717
0.863062
0.860608
0.859654
0.859654
0.8597
0.858609
0.85535
0.849423
0.841301
0.832612
0.82591
0.824044
0.829309
0.842413
0.86215
0.88562
0.909109
0.928955
0.942448
0.948156
0.946066
0.93744
0.924579
0.910377
0.897588
0.887907
0.881603
0.877776
0.874942
0.871451
0.86569
0.856221
0.842068
0.823049
0.80013
0.775367
0.751682
0.73253
0.72135
0.720737
0.731791
0.753658
0.784033
0.81982
0.857827
0.894993
0.92858
0.956047
0.975246
0.984539
0.983045
0.970822
0.948745
0.918664
0.883139
0.845464
0.809432
0.778846
0.756918
0.745664
0.745567
0.755662
0.773902
0.797675
0.824428
0.852038
0.879043
0.904575
0.928062
0.948597
0.964593
0.974117
0.975678
0.968984
0.955451
0.937975
0.920205
0.905329
0.895143
0.889985
0.889044
0.891047
0.894553
0.89812
0.900155
0.899007
0.893333
0.882741
0.868178
0.851829
0.836482
0.824561
0.817328
0.814798
0.816163
0.820319
0.826206
0.832739
0.838562
0.842257
0.842906
0.840762
0.837456
0.835494
0.837321
0.844501
0.857222
0.874415
0.893956
0.913119
0.929088
0.939431
0.942481
0.937647
0.925317
0.906504
0.882547
0.854861
0.825116
0.795532
0.768941
0.748729
0.738151
0.739559
0.753535
0.778421
0.810392
0.844547
0.876257
0.902234
0.920901
0.93209
0.936502
0.935367
0.930254
0.922983
0.915506
0.909676
0.90685
0.90747
0.910962
0.91593
0.920646
0.923515
0.923137
0.918301
0.908076
0.892032
0.870805
0.846437
0.822287
0.802395
0.790375
0.788268
0.795751
0.810324
0.828356
0.846364
0.861842
0.873226
0.879577
0.880534
0.876476
0.868832
0.859903
0.852343
0.84825
0.848589
0.853223
0.861171
0.871155
0.881695
0.891191
0.898172
0.901541
0.900925
0.896917
0.89091
0.88458
0.879035
0.8745
0.870359
0.865628
0.859264
0.850395
0.838528
0.82397
0.808012
0.792728
0.78024
0.772056
0.768687
0.769807
0.774531
0.781911
0.791209
0.802041
0.814143
0.827153
0.840431
0.853208
0.864661
0.874072
0.880707
0.883934
0.8836
0.880393
0.876077
0.873207
0.874364
0.881139
0.893518
0.909794
0.927295
0.943275
0.955636
0.963197
0.965509
0.962606
0.954604
0.941873
0.925393
0.90693
0.888982
0.873989
0.86361
0.858348
0.857854
0.861396
0.868073
0.876609
0.885058
0.891037
0.89238
0.888116
0.878908
0.866579
0.853305
0.840934
0.830873
0.82402
0.820663
0.820425
0.822391
0.825417
0.828644
0.83169
0.834688
0.838078
0.842351
0.847898
0.854833
0.862731
0.87045
0.876318
0.878748
0.876822
0.870624
0.861048
0.849402
0.837079
0.825381
0.815501
0.808536
0.805654
0.807841
0.815208
0.826475
0.839159
0.850518
0.858584
0.862638
0.862976
0.860288
0.855347
0.848666
0.840585
0.831339
0.821254
0.81094
0.801454
0.794381
0.791667
0.795078
0.805581
0.822841
0.845253
0.870314
0.895171
0.91709
0.933818
0.943975
0.947157
0.944084
0.936496
0.926894
0.9182
0.913046
0.913216
0.919319
0.93046
0.944201
0.957164
0.965846
0.967516
0.960651
0.94502
0.921727
0.893062
0.862256
0.833073
0.809207
0.793576
0.787562
0.790527
0.799853
0.811819
0.822685
0.829659
0.831393
0.828327
0.822429
0.816568
0.813548
0.815145
0.821523
0.831245
0.841991
0.851449
0.857876
0.860459
0.859401
0.855996
0.852272
0.850557
0.852363
0.85772
0.865288
0.873169
0.879834
0.884624
0.887639
0.889551
0.891296
0.893649
0.896918
0.900668
0.903644
0.904275
0.901251
0.893911
0.882497
0.867949
0.851586
0.834834
0.819092
0.805689
0.795945
0.791176
0.79253
0.800502
0.814412
0.832383
0.851863
0.870346
0.886018
0.898053
0.906369
0.910952
0.91098
0.905048
0.892459
0.874237
0.853272
0.83374
0.81975
0.814118
0.817617
0.828862
0.845038
0.86282
0.879469
0.893195
0.903373
0.910382
0.91518
0.918831
0.921911
0.924345
0.925422
0.924186
0.919728
0.911858
0.901259
0.889097
0.876718
0.865186
0.855102
0.846793
0.840479
0.836371
0.834454
0.834262
0.834928
0.835436
0.835276
0.834762
0.834736
0.836008
0.839092
0.844314
0.851999
0.86245
0.875534
0.890114
0.904174
0.915424
0.922111
0.923578
0.920295
0.913515
0.904976
0.896192
0.887837
0.879878
0.871846
0.86334
0.854223
0.844794
0.835845
0.828548
0.824211
0.823894
0.827961
0.836024
0.847018
0.859423
0.871646
0.88225
0.890167
0.894767
0.895809
0.893555
0.888929
0.883267
0.878032
0.874393
0.87295
0.873729
0.876436
0.880445
0.884994
0.889274
0.892511
0.893871
0.892558
0.887995
0.88007
0.869339
0.856985
0.844777
0.834832
0.829041
0.828636
0.833779
0.843429
0.855845
0.869131
0.881669
0.892194
0.899412
0.901681
0.897078
0.884116
0.863096
0.837396
0.81328
0.79727
0.792272
0.796235
0.804739
0.814078
0.822462
0.829526
0.835475
0.840578
0.845122
0.849408
0.853778
0.858469
0.863333
0.867694
0.870701
0.871734
0.870804
0.868532
0.865993
0.864188
0.86358
0.8638
0.863764
0.862141
0.857951
0.85112
0.842702
0.834701
0.829475
0.828927
0.833913
0.844302
0.859157
0.876871
0.895063
0.910771
0.921143
0.924243
0.919664
0.908716
0.894246
0.879874
0.868747
0.862365
0.860175
0.860147
0.859892
0.857838
0.854021
0.850058
0.848256
0.850429
0.857046
0.86731
0.879746
0.892721
0.904339
0.912626
0.915914
0.913186
0.904633
0.89171
0.876939
0.863243
0.853146
0.84786
0.847045
0.849205
0.852646
0.856139
0.859356
0.862658
0.86663
0.871546
0.877007
0.881789
0.884224
0.882923
0.877706
0.870106
0.862751
0.858055
0.856795
0.857712
0.858398
0.856671
0.851795
0.844998
0.838842
0.835557
0.835768
0.838577
0.842841
0.848179
0.854922
0.863301
0.873043
0.883302
0.892943
0.901007
0.907014
0.910955
0.912972
0.912889
0.909916
0.90319
0.892478
0.878917
0.864907
0.853278
0.84611
0.843984
0.845933
0.85038
0.855874
0.861366
0.865944
0.868501
0.867762
0.862896
0.854177
0.843353
0.833323
0.827094
0.826702
0.832452
0.84303
0.85598
0.868259
0.876959
0.879875
0.876195
0.866739
0.853639
0.839593
0.827065
0.817638
0.811945
0.810007
0.811706
0.817196
0.8269
0.841145
0.859265
0.878904
0.896575
0.909355
0.916129
0.917466
0.914721
0.909164
0.901763
0.893383
0.885177
0.87857
0.874621
0.873241
0.872908
0.871361
0.867049
0.860246
0.852998
0.84842
0.849349
0.856985
0.870347
0.886554
0.901804
0.912496
0.916037
0.911215
0.89831
0.878865
0.855267
0.830376
0.807062
0.78789
0.774941
0.769639
0.772736
0.784316
0.803685
0.829281
0.858599
0.888369
0.915055
0.935457
0.947499
0.950668
0.94591
0.934991
0.91962
0.901038
0.880219
0.858449
0.837632
0.82003
0.80746
0.800774
0.799927
0.804531
0.814259
0.828752
0.847292
0.868605
0.890996
0.912683
0.932229
0.948686
0.961619
0.970874
0.976557
0.978838
0.977797
0.97325
0.964716
0.951455
0.932807
0.908618
0.879788
0.848505
0.818065
0.792218
0.774266
0.766122
0.767802
0.777501
0.792273
0.808811
0.82427
0.836628
0.844688
0.848045
0.8471
0.84316
0.83847
0.835764
0.837066
0.842244
0.849174
0.855366
0.859508
0.861447
0.861624
0.860627
0.859136
0.858056
0.858333
0.86058
0.864328
0.86818
0.870665
0.871645
0.872969
0.877129
0.884513
0.892359
0.89682
0.895651
0.889011
0.879007
0.868546
0.860432
0.856618
0.857793
0.863556
0.872667
0.88356
0.894743
0.904906
0.912869
0.917619
0.918542
0.915893
0.910586
0.903788
0.89624
0.888006
0.878843
0.868727
0.858369
0.849211
0.842966
0.840812
0.842928
0.848617
0.856683
0.865629
0.873599
0.878606
0.879217
0.875123
0.867223
0.856873
0.845086
0.83258
0.820178
0.809121
0.800814
0.796395
0.796473
0.80117
0.810198
0.822901
0.83812
0.854264
0.869456
0.881999
0.890784
0.895565
0.896894
0.895861
0.893812
0.891913
0.891004
0.891425
0.892941
0.894926
0.896661
0.897539
0.897145
0.895329
0.892072
0.887422
0.881528
0.874655
0.867006
0.858687
0.849622
0.839918
0.830394
0.82289
0.819823
0.822868
0.831707
0.844144
0.857257
0.868815
0.87782
0.884308
0.888907
0.892299
0.895179
0.898125
0.901298
0.904338
0.90662
0.907675
0.907663
0.907151
0.906681
0.906347
0.905808
0.90482
0.903618
0.903093
0.904304
0.907711
0.912658
0.91747
0.920041
0.918465
0.911365
0.898051
0.878792
0.854901
0.82867
0.803213
0.781833
0.767047
0.759988
0.76036
0.767015
0.77841
0.792766
0.80817
0.822545
0.833895
0.840693
0.842289
0.839227
0.833394
0.827674
0.825172
0.828164
0.837373
0.851874
0.869601
0.888399
0.906766
0.923954
0.939555
0.953105
0.963862
0.970953
0.973776
0.972148
0.966528
0.957663
0.946242
0.932521
0.916606
0.898944
0.880813
0.864212
0.851248
0.843351
0.840674
0.841921
0.844922
0.847596
0.848707
0.848089
0.846126
0.843127
0.838835
0.832915
0.825474
0.817368
0.809997
0.805007
0.803884
0.807469
0.8156
0.826935
0.839478
0.851257
0.861094
0.868842
0.874767
0.87886
0.880594
0.879319
0.875023
0.868675
0.861928
0.856603
0.85398
0.854535
0.858189
0.864759
0.874377
0.887289
0.903025
0.919896
0.935299
0.946535
0.951699
0.950404
0.943674
0.933476
0.921795
0.909989
0.898826
0.888773
0.88021
0.873088
0.866284
0.857922
0.846336
0.831199
0.813978
0.797619
0.785611
0.780793
0.784367
0.795461
0.811557
0.829271
0.845339
0.857259
0.864016
0.866216
0.865848
0.865531
0.867378
0.872179
0.879377
0.887887
0.896728
0.905385
0.913583
0.920971
0.926957
0.9306
0.930798
0.926496
0.916835
0.901448
0.880748
0.856067
0.829767
0.804942
0.784865
0.772188
0.768494
0.774452
0.789923
0.813733
0.843169
0.873917
0.90123
0.921207
0.931783
0.932957
0.926246
0.913831
0.897928
0.880524
0.863352
0.847832
0.834931
0.82521
0.81889
0.815924
0.816065
0.818931
0.824212
0.831629
0.840542
0.849767
0.857637
0.862566
0.863467
0.860241
0.853981
0.846798
0.841336
0.839929
0.843774
0.852509
0.864483
0.877295
0.888566
0.89648
0.899986
0.898937
0.893902
0.885856
0.876011
0.865542
0.855427
0.846419
0.839122
0.834147
0.832319
0.834761
0.842624
0.856148
0.873713
0.891771
0.906034
0.913134
0.911729
0.902649
0.888412
0.872531
0.858584
0.849399
0.84637
0.849247
0.856344
0.865169
0.873102
0.877855
0.877851
0.872485
0.862366
0.849328
0.836248
0.826476
0.822933
0.827258
0.83892
0.855308
0.872952
0.888711
0.900684
0.908501
0.912823
0.914905
0.915946
0.916528
0.916316
0.914151
0.908627
0.898969
0.885537
0.869848
0.854193
0.841023
0.832342
0.829148
0.831317
0.83761
0.84614
0.854939
0.862616
0.868635
0.873229
0.876979
0.880262
0.883063
0.88488
0.885111
0.883514
0.88062
0.877899
0.877194
0.879904
0.886096
0.894264
0.901882
0.906287
0.905496
0.898845
0.887279
0.873289
0.860499
0.852405
0.850638
0.854209
0.86028
0.865618
0.867801
0.865446
0.857969
0.845409
0.828297
0.807728
0.785659
0.764883
0.748804
0.740885
0.743698
0.758042
0.782645
0.814601
0.850338
0.886475
0.920072
0.94859
0.969982
0.983031
0.987586
0.984613
0.975714
0.962781
0.947288
0.930035
0.911039
0.889917
0.866443
0.841107
0.815651
0.793527
0.779935
0.779895
0.794884
0.821105
0.851378
0.878898
0.899439
0.911737
0.916815
0.916907
0.914441
0.910888
0.90613
0.89872
0.887035
0.87052
0.850536
0.830247
0.813197
0.801769
0.796413
0.796091
0.79945
0.805609
0.813905
0.823362
0.832648
0.840712
0.847473
0.853651
0.859926
0.866059
0.871179
0.874344
0.875139
0.873673
0.870364
0.865703
0.860314
0.854989
0.850538
0.847687
0.84676
0.847642
0.850001
0.853578
0.858289
0.864072
0.870577
0.876886
0.881466
0.882621
0.879139
0.871036
0.859613
0.846901
0.834682
0.823987
0.815405
0.80962
0.807599
0.810415
0.818791
0.832726
0.851267
0.872684
0.894776
0.915134
0.931343
0.941388
0.94404
0.93914
0.927684
0.911781
0.894389
0.878676
