50860.1
51082.6
51048
51022.6
58410.5
58855.2
58857.7
58860
59144.5
59046.6
461805
633554
637912
639911
1.14958e+06
1.14918e+06
1.71926e+06
2.27273e+06
2.52002e+06
3.15074e+06
3.86883e+06
3.93978e+06
4.39277e+06
5.38379e+06
6.29587e+06
6.68182e+06
7.9631e+06
8.62959e+06
1.0066e+07
1.07566e+07
1.06328e+07
1.11332e+07
1.17315e+07
1.18125e+07
1.24182e+07
1.32387e+07
1.43837e+07
1.50189e+07
1.70886e+07
1.77582e+07
1.67102e+07
1.75143e+07
1.80623e+07
1.83879e+07
1.89431e+07
1.94113e+07
1.94967e+07
1.93961e+07
1.9696e+07
2.02222e+07
2.10319e+07
2.0868e+07
2.12748e+07
2.08779e+07
2.01972e+07
2.02604e+07
2.13511e+07
2.10207e+07
2.15908e+07
2.19993e+07
2.24025e+07
2.18448e+07
2.16372e+07
2.12607e+07
2.03975e+07
2.07614e+07
2.0559e+07
2.07961e+07
2.11132e+07
2.1822e+07
2.17703e+07
2.1767e+07
2.13976e+07
2.1231e+07
2.09141e+07
2.04922e+07
2.2093e+07
2.17036e+07
2.10694e+07
2.12227e+07
2.06767e+07
2.07968e+07
2.22572e+07
2.1779e+07
2.12238e+07
1.98492e+07
2.0593e+07
2.02643e+07
2.09238e+07
2.08928e+07
2.06979e+07
2.12643e+07
2.15838e+07
2.09619e+07
2.18628e+07
2.17967e+07
2.22251e+07
2.21797e+07
2.10804e+07
2.11127e+07
2.30955e+07
2.28131e+07
2.28534e+07
2.33494e+07
2.25195e+07
2.37179e+07
2.31415e+07
2.2003e+07
2.26757e+07
2.20388e+07
2.09627e+07
2.13118e+07
2.15167e+07
2.08034e+07
2.16276e+07
2.22854e+07
2.22417e+07
2.21779e+07
2.16995e+07
2.17623e+07
2.22455e+07
2.27203e+07
2.2295e+07
2.18693e+07
2.24391e+07
2.13964e+07
2.11902e+07
2.13818e+07
2.16423e+07
2.04644e+07
2.08149e+07
2.11427e+07
2.02554e+07
2.09572e+07
2.1095e+07
2.14025e+07
2.12268e+07
2.09716e+07
2.06952e+07
2.01926e+07
1.96941e+07
1.90028e+07
1.96803e+07
1.89509e+07
1.92545e+07
1.98415e+07
2.0618e+07
2.22219e+07
2.0944e+07
2.00035e+07
2.04219e+07
2.03261e+07
2.03407e+07
1.98679e+07
2.03501e+07
1.95415e+07
2.01739e+07
1.98395e+07
2.00829e+07
2.04064e+07
2.01836e+07
2.01302e+07
2.04072e+07
2.1221e+07
2.05105e+07
2.03309e+07
2.04911e+07
2.07733e+07
2.10733e+07
2.05198e+07
2.18857e+07
2.17245e+07
2.15262e+07
2.11921e+07
2.15118e+07
2.21027e+07
2.15699e+07
2.17177e+07
2.19248e+07
2.19463e+07
2.15082e+07
2.19588e+07
2.14451e+07
2.10257e+07
2.13912e+07
2.05057e+07
2.05168e+07
2.07937e+07
2.05859e+07
2.04063e+07
2.08341e+07
2.11094e+07
2.18566e+07
2.20748e+07
2.26836e+07
2.35145e+07
2.25085e+07
2.31654e+07
2.29576e+07
2.29381e+07
2.13302e+07
2.18102e+07
2.16531e+07
2.0897e+07
2.12795e+07
2.21161e+07
2.20616e+07
2.11313e+07
2.07998e+07
2.06345e+07
2.0715e+07
2.04201e+07
2.08127e+07
2.03993e+07
2.08896e+07
2.14725e+07
2.15438e+07
2.18521e+07
2.11418e+07
2.02649e+07
1.99018e+07
1.96685e+07
1.98215e+07
2.00419e+07
2.05674e+07
2.09299e+07
2.15172e+07
2.18072e+07
2.10062e+07
2.08477e+07
2.08834e+07
2.11023e+07
2.01023e+07
1.98945e+07
2.00707e+07
2.05708e+07
2.08022e+07
2.05741e+07
2.06803e+07
2.0743e+07
2.09872e+07
2.18217e+07
2.15258e+07
2.10585e+07
2.08376e+07
2.15081e+07
2.22812e+07
2.14112e+07
2.19161e+07
2.22236e+07
2.18947e+07
2.10908e+07
2.10281e+07
2.05746e+07
2.04476e+07
2.11272e+07
2.09824e+07
2.10413e+07
2.15507e+07
2.19947e+07
2.20505e+07
2.2747e+07
2.23612e+07
2.2388e+07
2.22853e+07
2.24741e+07
2.22546e+07
2.20111e+07
2.12028e+07
2.06117e+07
2.0752e+07
2.0757e+07
2.09706e+07
2.16855e+07
2.189e+07
2.10877e+07
2.10099e+07
2.1614e+07
2.22859e+07
2.22602e+07
2.26977e+07
2.34207e+07
2.21765e+07
2.16441e+07
2.15963e+07
2.13404e+07
2.16068e+07
2.2616e+07
2.17036e+07
2.16304e+07
2.13045e+07
2.03514e+07
2.09354e+07
2.09888e+07
2.11104e+07
2.11517e+07
2.15182e+07
2.18286e+07
2.18447e+07
2.20653e+07
2.10895e+07
2.11783e+07
2.08277e+07
2.17945e+07
2.13395e+07
2.1065e+07
2.02849e+07
1.97757e+07
2.03523e+07
2.0153e+07
2.06234e+07
2.03557e+07
2.03679e+07
1.99419e+07
2.1192e+07
2.14853e+07
2.00849e+07
2.14687e+07
2.17164e+07
2.20891e+07
2.1521e+07
2.08434e+07
2.08271e+07
2.0881e+07
2.06061e+07
2.15853e+07
2.19658e+07
2.21553e+07
2.15425e+07
2.08389e+07
2.12471e+07
2.07168e+07
2.09911e+07
2.11085e+07
2.09667e+07
2.1243e+07
2.09857e+07
2.09926e+07
2.10172e+07
2.07129e+07
2.02355e+07
2.03005e+07
2.07009e+07
2.04783e+07
1.96405e+07
1.92993e+07
2.06371e+07
2.01038e+07
2.0748e+07
2.07848e+07
2.03114e+07
2.04363e+07
2.06862e+07
2.06146e+07
2.05997e+07
2.15436e+07
2.17696e+07
2.12383e+07
2.23051e+07
2.15911e+07
2.21848e+07
2.27795e+07
2.2228e+07
2.19131e+07
2.26071e+07
2.22877e+07
2.29939e+07
2.22892e+07
2.25649e+07
2.19214e+07
2.13593e+07
2.0239e+07
2.01229e+07
2.01432e+07
2.00138e+07
2.01512e+07
2.01997e+07
2.10992e+07
2.08626e+07
2.14249e+07
2.16845e+07
2.16204e+07
2.1793e+07
2.16614e+07
2.13644e+07
2.17754e+07
2.18088e+07
2.13145e+07
2.09543e+07
2.06874e+07
2.15297e+07
2.25084e+07
2.2015e+07
2.13436e+07
2.17461e+07
2.17764e+07
2.14459e+07
2.16868e+07
2.19342e+07
2.20226e+07
2.13259e+07
2.12679e+07
2.16779e+07
2.15996e+07
2.17916e+07
2.11266e+07
2.1966e+07
2.23974e+07
2.20348e+07
2.17196e+07
2.09847e+07
2.14008e+07
2.09375e+07
2.0685e+07
2.14201e+07
2.04593e+07
2.07637e+07
2.11409e+07
1.99492e+07
1.99455e+07
2.00994e+07
2.13319e+07
2.09007e+07
2.16497e+07
2.14023e+07
2.16183e+07
2.16465e+07
2.20498e+07
2.13768e+07
2.11551e+07
2.13893e+07
2.13509e+07
2.08429e+07
2.07467e+07
2.16836e+07
2.12457e+07
2.18683e+07
2.18623e+07
2.18391e+07
2.27617e+07
2.2766e+07
2.31347e+07
2.26064e+07
2.18418e+07
2.15815e+07
2.17506e+07
2.10258e+07
2.14006e+07
2.15948e+07
2.16201e+07
2.11398e+07
2.0613e+07
2.02807e+07
2.03365e+07
2.06058e+07
2.08801e+07
2.06544e+07
2.07295e+07
2.10721e+07
2.15743e+07
2.16131e+07
2.15576e+07
2.19622e+07
2.15852e+07
2.2032e+07
2.19507e+07
2.16013e+07
2.10996e+07
2.11551e+07
2.15002e+07
2.12148e+07
2.12892e+07
2.11098e+07
2.15637e+07
2.13369e+07
2.02574e+07
2.01991e+07
2.07824e+07
2.00745e+07
2.03279e+07
2.12022e+07
2.12594e+07
2.227e+07
2.18516e+07
2.27846e+07
2.13364e+07
2.18581e+07
2.22515e+07
2.24659e+07
2.12669e+07
2.2082e+07
2.22632e+07
2.19702e+07
2.20298e+07
2.21472e+07
2.17998e+07
2.14008e+07
2.13807e+07
2.10901e+07
2.0946e+07
2.13024e+07
2.0991e+07
2.09673e+07
2.1655e+07
2.23967e+07
2.18936e+07
2.19644e+07
2.13195e+07
2.12712e+07
2.07154e+07
2.02658e+07
2.06804e+07
2.09579e+07
2.09574e+07
2.11548e+07
2.11336e+07
2.06874e+07
2.09194e+07
2.17462e+07
2.19947e+07
2.16492e+07
2.13542e+07
2.14969e+07
2.11136e+07
2.04919e+07
1.98921e+07
1.96204e+07
1.9912e+07
2.08653e+07
2.06854e+07
2.24669e+07
2.12691e+07
2.14795e+07
2.22315e+07
2.13999e+07
2.14155e+07
2.12543e+07
2.16255e+07
2.12786e+07
2.16401e+07
2.21147e+07
2.20524e+07
2.10403e+07
2.09561e+07
2.13762e+07
2.11691e+07
2.06203e+07
2.02862e+07
1.98656e+07
1.97562e+07
1.96013e+07
1.99376e+07
1.95129e+07
2.0069e+07
2.02696e+07
2.03237e+07
2.00544e+07
2.04689e+07
2.11206e+07
2.14501e+07
2.12005e+07
2.14487e+07
2.13838e+07
2.1506e+07
2.15177e+07
2.21533e+07
2.15152e+07
2.05919e+07
2.09365e+07
2.1298e+07
2.16419e+07
2.09736e+07
2.12796e+07
2.14025e+07
2.05557e+07
2.05056e+07
2.07762e+07
2.00776e+07
1.93875e+07
1.95834e+07
2.04437e+07
1.96643e+07
2.07293e+07
2.13207e+07
2.10285e+07
2.10883e+07
2.0882e+07
2.11313e+07
2.1645e+07
2.20403e+07
2.22362e+07
2.31312e+07
2.26306e+07
2.24425e+07
2.20648e+07
2.11544e+07
2.11473e+07
2.11034e+07
2.20754e+07
2.30949e+07
2.27349e+07
2.17436e+07
2.12576e+07
2.13959e+07
2.17253e+07
2.16972e+07
2.09525e+07
2.01184e+07
2.07366e+07
2.10156e+07
2.04119e+07
2.02583e+07
1.95608e+07
1.98924e+07
1.96712e+07
1.99164e+07
2.01899e+07
2.06679e+07
2.09503e+07
2.05824e+07
2.0972e+07
2.18011e+07
2.0762e+07
2.00643e+07
1.94049e+07
1.92901e+07
1.90956e+07
2.02077e+07
1.97666e+07
2.00875e+07
2.09229e+07
2.08854e+07
2.14402e+07
2.11335e+07
2.09645e+07
2.0324e+07
1.97124e+07
1.95084e+07
1.94352e+07
1.96234e+07
1.91935e+07
1.98154e+07
2.0334e+07
2.04278e+07
1.98403e+07
1.92161e+07
1.98465e+07
1.96275e+07
1.97243e+07
2.05458e+07
2.04626e+07
1.9375e+07
1.92047e+07
1.88458e+07
1.87631e+07
1.8713e+07
1.86685e+07
1.87156e+07
1.89949e+07
1.9441e+07
1.99101e+07
1.9943e+07
1.98511e+07
2.00339e+07
2.0485e+07
2.11238e+07
2.10187e+07
2.14911e+07
2.18537e+07
2.18771e+07
2.2713e+07
2.28745e+07
2.14069e+07
2.09006e+07
2.10334e+07
2.09517e+07
2.00927e+07
1.97369e+07
1.9449e+07
2.01296e+07
1.96409e+07
2.02851e+07
2.06e+07
2.07274e+07
2.12537e+07
2.16802e+07
2.19236e+07
2.2131e+07
2.23048e+07
2.18289e+07
2.19479e+07
2.20574e+07
2.23046e+07
2.21559e+07
2.09464e+07
2.13328e+07
2.14357e+07
2.14893e+07
2.26258e+07
2.1671e+07
2.22462e+07
2.14359e+07
2.16518e+07
2.21627e+07
2.17663e+07
2.14882e+07
2.09853e+07
2.1189e+07
2.12262e+07
2.11455e+07
2.11514e+07
2.08724e+07
2.06003e+07
1.99648e+07
2.07637e+07
2.11936e+07
2.1351e+07
2.11041e+07
2.11775e+07
2.14793e+07
2.06618e+07
2.10446e+07
2.12528e+07
2.07083e+07
2.01416e+07
2.02702e+07
1.9649e+07
1.98126e+07
1.99285e+07
2.07656e+07
1.96371e+07
1.96079e+07
1.95055e+07
1.95853e+07
2.04874e+07
2.11127e+07
2.20144e+07
2.24662e+07
2.19692e+07
2.14492e+07
2.08984e+07
2.11814e+07
2.13518e+07
2.23522e+07
2.19688e+07
2.18413e+07
2.26866e+07
2.28158e+07
2.25328e+07
2.26114e+07
2.25009e+07
2.39425e+07
2.37573e+07
2.3348e+07
2.2986e+07
2.22456e+07
2.1809e+07
2.175e+07
2.04443e+07
2.01658e+07
1.99593e+07
2.00372e+07
1.95488e+07
1.92528e+07
1.95838e+07
1.95574e+07
1.95861e+07
1.95532e+07
1.95742e+07
1.95034e+07
1.99181e+07
2.06856e+07
2.10108e+07
2.14932e+07
2.1083e+07
2.18575e+07
2.21703e+07
2.19864e+07
2.17506e+07
2.17579e+07
2.17363e+07
2.13433e+07
2.06929e+07
2.07888e+07
2.06388e+07
2.11063e+07
2.19036e+07
2.20415e+07
2.18556e+07
2.1607e+07
2.21873e+07
2.2163e+07
2.2173e+07
2.23243e+07
2.06766e+07
2.07425e+07
2.09663e+07
2.01725e+07
2.05009e+07
2.00141e+07
2.12801e+07
2.14362e+07
2.10011e+07
2.03414e+07
2.07035e+07
2.08317e+07
2.02758e+07
2.07042e+07
2.14069e+07
2.07711e+07
2.05911e+07
1.96795e+07
2.05207e+07
2.00431e+07
1.97527e+07
2.06179e+07
2.11876e+07
2.26182e+07
2.18536e+07
2.14855e+07
-nan
-nan
-nan
-nan
-nan
-nan
-nan
-nan
-nan
-nan
-nan
-nan
-nan
-nan
-nan
-nan
-nan
-nan
-nan
-nan
-nan
-nan
-nan
-nan
-nan
-nan
-nan
-nan
-nan
-nan
-nan
-nan
-nan
-nan
-nan
-nan
-nan
-nan
-nan
-nan
-nan
-nan
-nan
-nan
-nan
-nan
-nan
-nan
-nan
-nan
-nan
-nan
-nan
-nan
-nan
-nan
-nan
-nan
-nan
-nan
-nan
-nan
-nan
-nan
-nan
-nan
-nan
-nan
-nan
-nan
-nan
-nan
-nan
-nan
-nan
-nan
-nan
-nan
-nan
-nan
-nan
-nan
-nan
-nan
-nan
-nan
-nan
-nan
-nan
-nan
-nan
-nan
-nan
-nan
-nan
-nan
-nan
-nan
-nan
-nan
-nan
-nan
-nan
-nan
-nan
-nan
-nan
-nan
-nan
-nan
-nan
-nan
-nan
-nan
-nan
-nan
-nan
-nan
-nan
-nan
-nan
-nan
-nan
-nan
-nan
-nan
-nan
-nan
-nan
-nan
-nan
-nan
-nan
-nan
-nan
-nan
-nan
-nan
-nan
-nan
-nan
-nan
-nan
-nan
-nan
-nan
-nan
-nan
-nan
-nan
-nan
-nan
-nan
-nan
-nan
-nan
-nan
-nan
-nan
-nan
-nan
-nan
-nan
-nan
-nan
-nan
-nan
-nan
-nan
-nan
-nan
-nan
-nan
-nan
-nan
-nan
-nan
-nan
-nan
-nan
