-3.61404
-3.61329
-3.6145
-3.61435
-3.61465
-3.61435
-3.61359
-3.61314
-3.61254
-3.61269
-3.61269
-3.61239
-3.61374
-3.61329
-3.61359
-3.61299
-3.61208
-3.61208
-3.61254
-3.61238
-3.61269
-3.6139
-3.6139
-3.6136
-3.61375
-3.61375
-3.61435
-3.6145
-3.61511
-3.61526
-3.61586
-3.61556
-3.61586
-3.61601
-3.61601
-3.61753
-3.61738
-3.61662
-3.61677
-3.61707
-3.61677
-3.61707
-3.61707
-3.61798
-3.61813
-3.61768
-3.61858
-3.61904
-3.61692
-3.61662
-3.61571
-3.61496
-3.61541
-3.61526
-3.61617
-3.61556
-3.61632
-3.61737
-3.61692
-3.61677
-3.61737
-3.61782
-3.61798
-3.61753
-3.61722
-3.61753
-3.61768
-3.61783
-3.61722
-3.61737
-3.61767
-3.61768
-3.61737
-3.61662
-3.61677
-3.61677
-3.61662
-3.61617
-3.61632
-3.61571
-3.61662
-3.61662
-3.61586
-3.61737
-3.61722
-3.61783
-3.61752
-3.61661
-3.61782
-3.61888
-3.61873
-3.61858
-3.61843
-3.61767
-3.61813
-3.61873
-3.61813
-3.61843
-3.61812
-3.61827
-3.61782
-3.61782
-3.61812
-3.61812
-3.61782
-3.61827
-3.61828
-3.61918
-3.61919
-3.61843
-3.61768
-3.61692
-3.61662
-3.61616
-3.61601
-3.61586
-3.61601
-3.61526
-3.61496
-3.61465
-3.61405
-3.6142
-3.61511
-3.61495
-3.6142
-3.61435
-3.61435
-3.61465
-3.61465
-3.61375
-3.61375
-3.61344
-3.61374
-3.61268
-3.61268
-3.61253
-3.61193
-3.61163
-3.61208
-3.61254
-3.61254
-3.61299
-3.61314
-3.61344
-3.6139
-3.61344
-3.61359
-3.61344
-3.61374
-3.61299
-3.61374
-3.61118
-3.61072
-3.61163
-3.61102
-3.61117
-3.61072
-3.61102
-3.61057
-3.61072
-3.60996
-3.61011
-3.60966
-3.61042
-3.61178
-3.61208
-3.61133
-3.61283
-3.61389
-3.61344
-3.61343
-3.61208
-3.61238
-3.61268
-3.61132
-3.61102
-3.61163
-3.61283
-3.61298
-3.61313
-3.61344
-3.61405
-3.61329
-3.61344
-3.61405
-3.61314
-3.61253
-3.61359
-3.61404
-3.61434
-3.61359
-3.61314
-3.61374
-3.61374
-3.61374
-3.61464
-3.61404
-3.6148
-3.61328
-3.61434
-3.61434
-3.61329
-3.6145
-3.61525
-3.61525
-3.61556
-3.61555
-3.6151
-3.6142
-3.61435
-3.61525
-3.61479
-3.61509
-3.61494
-3.61509
-3.61449
-3.61359
-3.61449
-3.61495
-3.6148
-3.61525
-3.61449
-3.6151
-3.61555
-3.61616
-3.61631
-3.61736
-3.61827
-3.61751
-3.61827
-3.61781
-3.61826
-3.61736
-3.61751
-3.61796
-3.61796
-3.61736
-3.61751
-3.61887
-3.61841
-3.61826
-3.61812
-3.61752
-3.61812
-3.61933
-3.61903
-3.61963
-3.61902
-3.61902
-3.61902
-3.62023
-3.62053
-3.62038
-3.62068
-3.62098
-3.62098
-3.62083
-3.61962
-3.62053
-3.62098
-3.62008
-3.61992
-3.61902
-3.61917
-3.61811
-3.61856
-3.61796
-3.61842
-3.61796
-3.61842
-3.61872
-3.61857
-3.61917
-3.61811
-3.61857
-3.61887
-3.61781
-3.61736
-3.61766
-3.61706
-3.61721
-3.61706
-3.61691
-3.61615
-3.61691
-3.61661
-3.61721
-3.61751
-3.61736
-3.61691
-3.6157
-3.61555
-3.61555
-3.61479
-3.61615
-3.61539
-3.61554
-3.61615
-3.6163
-3.61736
-3.61826
-3.61781
-3.61766
-3.61796
-3.61826
-3.61932
-3.61977
-3.61932
-3.61841
-3.61811
-3.61751
-3.61675
-3.6157
-3.6163
-3.61555
-3.61525
-3.61494
-3.61661
-3.61766
-3.61781
-3.61857
-3.61887
-3.62008
-3.61917
-3.61977
-3.61993
-3.61993
-3.62038
-3.62069
-3.62053
-3.62008
-3.62023
-3.61993
-3.61978
-3.62008
-3.61962
-3.61917
-3.62068
-3.62008
-3.61947
-3.61902
-3.61902
-3.61857
-3.61706
-3.61706
-3.61766
-3.61766
-3.61857
-3.61902
-3.61947
-3.61887
-3.61796
-3.61826
-3.6172
-3.61766
-3.61766
-3.61781
-3.6166
-3.61706
-3.61736
-3.61751
-3.61675
-3.61585
-3.61524
-3.61479
-3.616
-3.6157
-3.61555
-3.61509
-3.61555
-3.6154
-3.6166
-3.61585
-3.61479
-3.6154
-3.61555
-3.6154
-3.6163
-3.61509
-3.61524
-3.61494
-3.61509
-3.61449
-3.61434
-3.61419
-3.61495
-3.61374
-3.61404
-3.61343
-3.61539
-3.61479
-3.61509
-3.61494
-3.61479
-3.61585
-3.616
-3.61555
-3.61525
-3.61479
-3.61494
-3.61524
-3.61418
-3.61585
-3.61509
-3.61494
-3.61418
-3.61434
-3.61449
-3.6154
-3.6157
-3.616
-3.616
-3.61585
-3.616
-3.61615
-3.61555
-3.61675
-3.616
-3.61645
-3.61675
-3.61705
-3.61675
-3.61661
-3.61706
-3.61782
-3.61857
-3.61902
-3.61887
-3.61962
-3.61962
-3.61992
-3.62007
-3.62023
-3.62023
-3.61992
-3.61902
-3.61993
-3.62023
-3.61993
-3.62038
-3.62008
-3.61947
-3.61886
-3.6181
-3.6178
-3.61751
-3.61706
-3.61661
-3.61646
-3.61585
-3.61585
-3.616
-3.61555
-3.61585
-3.61494
-3.61494
-3.61539
-3.61448
-3.61464
-3.61358
-3.61343
-3.61388
-3.61404
-3.61434
-3.61509
-3.61555
-3.61706
-3.61675
-3.61645
-3.61705
-3.61841
-3.61811
-3.61645
-3.61675
-3.61585
-3.616
-3.61736
-3.61796
-3.61751
-3.61796
-3.61781
-3.61705
-3.61751
-3.61766
-3.61796
-3.61811
-3.61872
-3.61872
-3.61993
-3.62083
-3.62113
-3.62098
-3.62174
-3.62219
-3.62249
-3.62098
-3.62038
-3.62038
-3.62053
-3.62069
-3.61978
-3.61978
-3.61767
-3.61827
-3.61857
-3.61917
-3.61962
-3.61856
-3.61856
-3.61721
-3.61675
-3.61706
-3.61721
-3.61675
-3.6169
-3.61615
-3.61615
-3.61555
-3.6148
-3.6148
-3.61525
-3.6151
-3.61374
-3.61359
-3.61328
-3.61359
-3.61298
-3.61283
-3.61207
-3.61298
-3.61207
-3.61328
-3.61253
-3.61298
-3.61298
-3.61268
-3.61268
-3.61359
-3.61298
-3.61313
-3.61192
-3.61117
-3.61147
-3.61132
-3.61193
-3.61223
-3.61208
-3.61208
-3.61253
-3.61358
-3.61358
-3.61313
-3.61388
-3.61449
-3.61373
-3.61464
-3.61555
-3.6151
-3.6151
-3.6151
-3.61601
-3.61555
-3.61449
-3.61389
-3.61268
-3.61283
-3.61313
-3.61374
-3.61434
-3.61495
-3.61419
-3.6151
-3.6151
-3.6157
-3.61585
-3.61585
-3.61615
-3.61676
-3.6169
-3.6163
-3.6169
-3.61645
-3.61751
-3.61766
-3.61646
-3.61722
-3.61691
-3.61631
-3.61661
-3.61752
-3.61857
-3.61842
-3.61812
-3.61842
-3.61887
-3.61826
-3.61735
-3.6172
-3.6169
-3.61796
-3.61766
-3.61766
-3.61691
-3.61736
-3.61736
-3.61841
-3.61796
-3.61856
-3.61872
-3.61811
-3.61796
-3.61781
-3.61751
-3.61751
-3.61781
-3.61857
-3.61947
-3.61947
-3.61932
-3.62023
-3.62007
-3.61992
-3.62023
-3.62038
-3.62083
-3.62098
-3.61962
-3.61932
-3.61902
-3.62068
-3.62053
-3.61992
-3.62083
-3.62189
-3.62295
-3.6228
-3.62234
-3.62159
-3.62129
-3.62068
-3.62144
-3.62325
-3.62249
-3.62295
-3.62264
-3.62159
-3.62008
-3.61978
-3.62008
-3.61993
-3.61948
-3.61902
-3.61917
-3.61977
-3.62007
-3.62037
-3.61962
-3.61826
-3.61932
-3.61856
-3.61736
-3.61766
-3.6163
-3.61705
-3.6163
-3.61585
-3.61479
-3.61434
-3.6154
-3.61555
-3.61509
-3.61358
-3.61312
-3.61297
-3.61327
-3.61373
-3.61373
-3.61312
-3.61357
-3.61237
-3.61207
-3.61192
-3.61222
-3.61252
-3.61252
-3.61222
-3.61267
-3.61373
-3.61449
-3.61524
-3.61464
-3.61479
-3.61524
-3.61524
-3.61554
-3.61494
-3.61509
-3.61524
-3.61554
-3.61554
-3.61584
-3.61585
-3.616
-3.61539
-3.616
-3.616
-3.61645
-3.61615
-3.61554
-3.61524
-3.61629
-3.61463
-3.61509
-3.61464
-3.61449
-3.61509
-3.6154
-3.61555
-3.61555
-3.6154
-3.616
-3.6163
-3.61585
-3.61585
-3.61585
-3.61554
-3.61524
-3.61448
-3.61494
-3.61569
-3.61464
-3.61464
-3.61388
-3.61419
-3.61374
-3.61389
-3.61358
-3.61373
-3.61358
-3.61297
-3.61267
-3.61222
-3.61222
-3.61071
-3.61222
-3.61177
-3.61207
-3.61207
-3.61207
-3.61358
-3.61313
-3.61267
-3.61358
-3.61403
-3.61449
-3.61494
-3.616
-3.6169
-3.61706
-3.616
-3.61539
-3.61373
-3.61373
-3.61449
-3.61328
-3.61389
-3.61449
-3.61404
-3.61539
-3.61539
-3.61539
-3.6166
-3.61705
-3.61705
-3.61811
-3.61872
-3.61872
-3.61902
-3.61902
-3.61932
-3.61826
-3.61826
-3.61766
-3.61735
-3.61796
-3.6175
-3.61781
-3.61826
-3.61751
-3.61856
-3.61887
-3.61932
-3.61872
-3.61872
-3.61781
-3.61766
-3.61826
-3.6172
-3.61584
-3.61494
-3.61479
-3.61585
-3.61615
-3.61615
-3.61615
-3.61646
-3.61646
-3.6163
-3.6166
-3.61615
-3.61645
-3.6166
-3.61781
-3.61751
-3.61736
-3.61736
-3.61645
-3.61615
-3.61615
-3.61463
-3.61478
-3.61372
-3.61372
-3.61402
-3.61373
-3.61433
-3.61434
-3.61509
-3.61479
-3.61524
-3.616
-3.61585
-3.6157
-3.616
-3.61539
-3.61433
-3.61418
-3.61448
-3.61478
-3.61584
-3.61448
-3.61464
-3.61494
-3.61494
-3.61403
-3.61388
-3.61297
-3.61328
-3.61282
-3.61343
-3.61358
-3.61388
-3.61403
-3.61524
-3.61463
-3.61509
-3.61479
-3.61509
-3.61584
-3.616
-3.61585
-3.616
-3.6157
-3.61539
-3.61419
-3.61419
-3.61388
-3.61388
-3.61372
-3.61372
-3.61402
-3.61387
-3.61418
-3.61418
-3.61403
-3.61418
-3.61509
-3.61373
-3.61388
-3.61418
-3.61509
-3.61433
-3.61448
-3.61418
-3.61372
-3.61493
-3.61478
-3.61645
-3.6169
-3.6166
-3.61675
-3.6172
-3.6166
-3.61675
-3.61735
-3.61841
-3.6178
-3.61841
-3.61947
-3.61916
-3.61962
-3.61902
-3.61977
-3.61872
-3.61947
-3.61932
-3.62037
-3.62007
-3.61977
-3.61977
-3.61962
-3.61901
-3.61947
-3.61917
-3.61886
-3.61856
-3.61826
-3.61826
-3.61705
-3.61781
-3.61811
-3.61781
-3.61736
-3.61781
-3.61766
-3.61872
-3.61857
-3.61902
-3.61871
-3.61872
-3.61826
-3.6169
-3.61585
-3.616
-3.6163
-3.6163
-3.61645
-3.6163
-3.61554
-3.61433
-3.61449
-3.61555
-3.61585
-3.61585
-3.61554
-3.616
-3.61524
-3.61479
-3.61464
-3.61448
-3.61418
-3.61448
-3.61403
-3.61418
-3.61464
-3.61464
-3.6154
-3.61585
-3.6169
-3.6169
-3.61539
-3.61675
-3.61811
-3.61751
-3.61706
-3.61751
-3.61751
-3.61766
-3.61781
-3.61796
-3.61796
-3.61766
-3.61841
-3.61781
-3.61705
-3.61751
-3.61706
-3.61751
-3.61842
-3.61918
-3.61918
-3.61978
-3.61812
-3.61827
-3.61962
-3.61932
-3.61871
-3.61796
-3.61826
-3.61796
-3.61781
-3.61721
-3.61721
-3.61615
-3.6157
-3.616
-3.61494
-3.61615
-3.61751
-3.61706
-3.61675
-3.61705
-3.6172
-3.61766
-3.61796
-3.61872
-3.61827
-3.61887
-3.61857
-3.61782
-3.61827
-3.61827
-3.61752
-3.61661
-3.61706
-3.61751
-3.61796
-3.61857
-3.61902
-3.61691
-3.6163
-3.61661
-3.61721
-3.61736
-3.61645
-3.61585
-3.616
-3.61631
-3.6148
-3.6151
-3.61495
-3.61435
-3.61419
-3.61374
-3.61358
-3.61449
-3.61434
-3.61449
-3.61374
-3.61328
-3.61343
-3.61358
-3.61388
-3.61449
-3.61464
-3.61359
-3.61238
-3.61283
-3.61343
-3.61283
-3.61298
-3.61297
-3.61358
-3.61298
-3.61313
-3.61283
-3.61328
-3.61283
-3.61268
-3.61343
-3.61525
-3.6151
-3.61449
-3.61464
-3.61449
-3.61525
-3.61676
-3.61525
-3.61494
-3.61494
-3.61464
-3.61464
-3.6157
-3.6163
-3.61479
-3.61464
-3.61509
-3.61509
-3.61585
-3.61615
-3.61524
-3.61615
-3.61585
-3.61569
-3.6163
-3.61705
-3.61751
-3.61645
-3.61736
-3.61781
-3.61797
-3.61706
-3.61766
-3.61676
-3.6166
-3.61675
-3.6166
-3.61675
-3.6172
-3.6178
-3.61765
-3.6178
-3.61705
-3.61781
-3.61797
-3.61887
-3.61993
-3.62008
-3.61918
-3.61781
-3.61766
-3.61706
-3.61796
-3.61887
-3.61856
-3.61705
-3.61766
-3.6175
-3.61705
-3.6166
-3.6169
-3.61675
-3.61615
-3.616
-3.61569
-3.6163
-3.6166
-3.61645
-3.61615
-3.61584
-3.61554
-3.61614
-3.61599
-3.6166
-3.61569
-3.61645
-3.6166
-3.6166
-3.616
-3.61585
-3.6157
-3.61569
-3.61479
-3.61584
-3.61524
-3.61433
-3.61493
-3.61569
-3.61645
-3.6166
-3.616
-3.6163
-3.61675
-3.6166
-3.61691
-3.61585
-3.616
-3.61615
-3.61525
-3.6154
-3.6157
-3.61585
-3.61645
-3.616
-3.61584
-3.61584
-3.6166
-3.61675
-3.61614
-3.6163
-3.61584
-3.61585
-3.61615
-3.6166
-3.6163
-3.6166
-3.61615
-3.61539
-3.61524
-3.61524
-3.61449
-3.61464
-3.61555
-3.61539
-3.61494
-3.61509
-3.61524
-3.61584
-3.61645
-3.61675
-3.61781
-3.61796
-3.61781
-3.61751
-3.6166
-3.61781
-3.61766
-3.61766
-3.61736
-3.61736
-3.61736
-3.61781
-3.61735
-3.61766
-3.61751
-3.61751
-3.61706
-3.61811
-3.61736
-3.61781
-3.61796
-3.61856
-3.61841
-3.61766
-3.61766
-3.61781
-3.61766
-3.61766
-3.61887
-3.61902
-3.62023
-3.61887
-3.61796
-3.61887
-3.61887
-3.61781
-3.61675
-3.61569
-3.61675
-3.6163
-3.61585
-3.61539
-3.6166
-3.616
-3.61645
-3.6163
-3.61569
-3.616
-3.61585
-3.61509
-3.6154
-3.61615
-3.6154
-3.61615
-3.61525
-3.61585
-3.6166
-3.61584
-3.61524
-3.61554
-3.61509
-3.61524
-3.61554
-3.61554
-3.61524
-3.6154
-3.6154
-3.61479
-3.61494
-3.61524
-3.61555
-3.61509
-3.61539
-3.6166
-3.61615
-3.6166
-3.61735
-3.6169
-3.61766
-3.61585
-3.61509
-3.61539
-3.61554
-3.61615
-3.61721
-3.61721
-3.61675
-3.61615
-3.61721
-3.61736
-3.61736
-3.61645
-3.61599
-3.61584
-3.61614
-3.61645
-3.61675
-3.61751
-3.61857
-3.61827
-3.61811
-3.61842
-3.61887
-3.61886
-3.61796
-3.61795
-3.6178
-3.61781
-3.61796
-3.61872
-3.61811
-3.61811
-3.61811
-3.61705
-3.6166
-3.6166
-3.61629
-3.61599
-3.6166
-3.6169
-3.61675
-3.61751
-3.61645
-3.6163
-3.61645
-3.616
-3.6157
-3.61479
-3.61479
-3.61433
-3.61448
-3.61493
-3.61448
-3.61418
-3.61449
-3.61494
-3.61479
-3.61524
-3.61509
-3.61569
-3.61509
-3.61448
-3.61373
-3.61448
-3.61524
-3.61388
-3.61343
-3.61252
-3.61192
-3.61116
-3.61131
-3.61086
-3.61101
-3.61161
-3.61207
-3.61191
-3.61282
-3.61312
-3.61343
-3.61448
-3.61449
-3.61388
-3.61434
-3.61509
-3.6163
-3.61645
-3.61736
-3.61766
-3.61721
-3.61766
-3.61796
-3.61736
-3.6163
-3.61599
-3.6166
-3.61599
-3.61599
-3.61615
-3.61524
-3.61645
-3.61736
-3.6163
-3.61464
-3.61464
-3.61449
-3.6151
-3.6151
-3.61464
-3.61494
-3.61509
-3.61509
-3.61569
-3.61554
-3.61554
-3.61539
-3.61554
-3.61479
-3.61479
-3.61494
-3.61479
-3.61404
-3.61495
-3.61434
-3.61419
-3.61358
-3.61328
-3.61419
-3.61434
-3.61328
-3.61268
-3.61404
-3.61389
-3.61373
-3.61464
-3.61419
-3.6148
-3.61555
-3.61555
-3.61601
-3.61631
-3.61601
-3.61571
-3.61586
-3.61631
-3.61615
-3.61585
-3.61509
-3.61479
-3.61449
-3.61374
-3.61389
-3.6148
-3.61555
-3.61555
-3.61616
-3.61661
-3.61737
-3.61691
-3.61661
-3.61616
-3.61722
-3.61752
-3.61767
-3.61646
-3.6157
-3.61615
-3.61555
-3.61585
-3.6154
-3.61495
-3.6151
-3.6151
-3.61449
-3.61374
-3.61419
-3.61359
-3.6145
-3.6148
-3.61571
-3.61571
-3.61707
-3.61737
-3.61797
-3.61736
-3.61691
-3.61721
-3.61736
-3.61691
-3.61721
-3.61782
-3.61691
-3.61676
-3.61661
-3.61676
-3.61721
-3.61721
-3.61705
-3.61721
-3.61585
-3.61736
-3.61751
-3.61812
-3.61873
-3.61842
-3.61827
-3.61827
-3.61797
-3.61766
-3.61781
-3.61706
-3.6169
-3.61781
-3.61856
-3.61871
-3.61856
-3.61932
-3.61872
-3.61857
-3.61782
-3.61872
-3.61797
-3.61736
-3.61781
-3.61751
-3.61555
-3.61479
-3.61494
-3.61434
-3.61373
-3.61373
-3.61373
-3.61434
-3.61524
-3.616
-3.61675
-3.61555
-3.6163
-3.61555
-3.616
-3.6163
-3.61691
-3.61646
-3.61661
-3.61661
-3.61782
-3.61993
-3.61993
-3.61962
-3.61947
-3.61962
-3.61932
-3.61902
-3.61947
-3.62038
-3.61948
-3.61903
-3.61872
-3.61752
-3.61827
-3.61766
-3.61736
-3.61721
-3.61691
-3.61691
-3.61675
-3.61781
-3.61857
-3.61827
-3.61857
-3.61721
-3.61706
-3.61691
-3.61676
-3.6163
-3.6163
-3.6163
-3.616
-3.61555
-3.61585
-3.61615
-3.6172
-3.61751
-3.61706
-3.61706
-3.61585
-3.61494
-3.6157
-3.61691
-3.61661
-3.61721
-3.61661
-3.61661
-3.616
-3.6163
-3.616
-3.61585
-3.61509
-3.61509
-3.61419
-3.61403
-3.61419
-3.61373
-3.61373
-3.61449
-3.61479
-3.61494
-3.61494
-3.61615
-3.61675
-3.61781
-3.61736
-3.61675
-3.61615
-3.61539
-3.61554
-3.61524
-3.61554
-3.61554
-3.61494
-3.61464
-3.61449
-3.61449
-3.61419
-3.61388
-3.61343
-3.61207
-3.61146
-3.61222
-3.61131
-3.61192
-3.61147
-3.61283
-3.61192
-3.61208
-3.61314
-3.61283
-3.61298
-3.61253
-3.61237
-3.61313
-3.61177
-3.61237
-3.61222
-3.61223
-3.61313
-3.61328
-3.61328
-3.61374
-3.61343
-3.61343
-3.61344
-3.61464
-3.61525
-3.61524
-3.61494
-3.61448
-3.61433
-3.61434
-3.61404
-3.61585
-3.61615
-3.6154
-3.61494
-3.6157
-3.61555
-3.61615
-3.61645
-3.61691
-3.61706
-3.61706
-3.61721
-3.61736
-3.61736
-3.61766
-3.6166
-3.61691
-3.6163
-3.61615
-3.6163
-3.61615
-3.616
-3.61645
-3.61721
-3.61721
-3.61676
-3.61645
-3.6163
-3.61781
-3.61842
-3.61917
-3.61977
-3.62068
-3.62023
-3.62069
-3.62144
-3.62114
-3.6216
-3.62069
-3.62023
-3.62008
-3.62054
-3.62069
-3.62129
-3.62129
-3.62174
-3.62114
-3.62174
-3.6225
-3.6219
-3.62205
-3.62189
-3.62189
-3.62189
-3.62204
-3.62114
-3.62159
-3.62114
-3.62084
-3.61993
-3.62023
-3.62038
-3.62099
-3.62129
-3.62204
-3.62008
-3.62023
-3.62023
-3.61963
-3.62069
-3.62038
-3.62008
-3.61978
-3.61857
-3.61902
-3.61993
-3.62008
-3.62038
-3.61993
-3.61962
-3.61947
-3.61932
-3.61932
-3.61963
-3.62144
-3.62129
-3.62068
-3.62174
-3.62144
-3.62083
-3.62144
-3.62053
-3.62114
-3.62114
-3.62068
-3.61993
-3.62054
-3.61963
-3.62008
-3.61993
-3.61903
-3.61918
-3.61917
-3.61917
-3.61782
-3.61766
-3.61797
-3.61842
-3.61857
-3.61796
-3.61751
-3.61827
-3.61872
-3.61767
-3.61737
-3.61676
-3.6157
-3.61555
-3.61495
-3.6157
-3.61525
-3.6151
-3.61479
-3.6151
-3.61494
-3.61449
-3.61525
-3.61494
-3.6157
-3.61525
-3.61495
-3.61464
-3.61464
-3.61464
-3.6151
-3.61495
-3.61404
-3.61495
-3.61646
-3.61615
-3.61661
-3.61706
-3.61615
-3.61661
-3.6163
-3.61585
-3.61464
-3.6154
-3.6157
-3.61555
-3.61555
-3.61525
-3.61585
-3.61691
-3.61706
-3.61706
-3.61661
-3.61691
-3.61661
-3.61752
-3.61752
-3.61722
-3.61797
-3.61827
-3.61888
-3.61872
-3.61782
-3.61842
-3.61857
-3.61872
-3.61887
-3.61796
-3.61812
-3.61782
-3.61782
-3.61812
-3.61782
-3.61797
-3.61918
-3.61842
-3.61752
-3.61691
-3.61797
-3.61752
-3.61721
-3.61676
-3.6157
-3.61555
-3.616
-3.616
-3.6157
-3.61495
-3.61555
-3.61555
-3.61555
-3.616
-3.61615
-3.6166
-3.6163
-3.61616
-3.61661
-3.61676
-3.61721
-3.61767
-3.61766
-3.61751
-3.61781
-3.61811
-3.61826
-3.61796
-3.61796
-3.61766
-3.61751
-3.61706
-3.61631
-3.61661
-3.61661
-3.61585
-3.61706
-3.61797
-3.61827
-3.61857
-3.61872
-3.61918
-3.61812
-3.61857
-3.61887
-3.61933
-3.61978
-3.61978
-3.61963
-3.61873
-3.61858
-3.61752
-3.61797
-3.61812
-3.61797
-3.61842
-3.61827
-3.62008
-3.62038
-3.62084
-3.62068
-3.62099
-3.62099
-3.62144
-3.62265
-3.6225
-3.6222
-3.62144
-3.62069
-3.62054
-3.62008
-3.61918
-3.61812
-3.61721
-3.61721
-3.61782
-3.61782
-3.61706
-3.61752
-3.61767
-3.61737
-3.61797
-3.61766
-3.6163
-3.61585
-3.61586
-3.61677
-3.61526
-3.61496
-3.61375
-3.61359
-3.61374
-3.61313
-3.61419
-3.61419
-3.61524
-3.61555
-3.6148
-3.61389
-3.6151
-3.61556
-3.61525
-3.61616
-3.61676
-3.61661
-3.61707
-3.61601
-3.61631
-3.61616
-3.61631
-3.61707
-3.61677
-3.61722
-3.61722
-3.61782
-3.61737
-3.61857
-3.61918
-3.61797
-3.61691
-3.61676
-3.61631
-3.61586
-3.61601
-3.61586
-3.61586
-3.61525
-3.6154
-3.61586
-3.61586
-3.61586
-3.61616
-3.61646
-3.61585
-3.616
-3.6154
-3.616
-3.6154
-3.61586
-3.61571
-3.61677
-3.61616
-3.61586
-3.6154
-3.6151
-3.61479
-3.61555
-3.61631
-3.6157
-3.61525
-3.61571
-3.61404
-3.6148
-3.61495
-3.6151
-3.6145
-3.61465
-3.61495
-3.61585
-3.61706
-3.61857
-3.61812
-3.61797
-3.61737
-3.61722
-3.61737
-3.61737
-3.61843
-3.61842
-3.61842
-3.61842
-3.61857
-3.61842
-3.61917
-3.61933
-3.61887
-3.61918
-3.61903
-3.61797
-3.61812
-3.61782
-3.61767
-3.61707
-3.61661
-3.61646
-3.61706
-3.61797
-3.61812
-3.61766
-3.61857
-3.61827
-3.61812
-3.61827
-3.61706
-3.61646
-3.616
-3.61555
-3.61585
-3.61616
-3.61616
-3.6154
-3.61465
-3.6148
-3.61329
-3.61344
-3.61404
-3.61419
-3.61389
-3.61358
-3.61343
-3.61358
-3.61403
-3.61419
-3.61283
-3.61178
-3.61102
-3.61178
-3.61223
-3.61087
-3.61072
-3.60966
-3.60996
-3.60996
-3.60996
-3.61056
-3.61162
-3.61268
-3.61329
-3.61404
-3.61419
-3.61449
-3.61359
-3.61479
-3.61479
-3.6154
-3.61661
-3.61691
-3.61661
-3.61721
-3.61706
-3.61691
-3.61721
-3.6163
-3.6157
-3.61525
-3.61495
-3.61465
-3.61389
-3.61358
-3.61373
-3.61403
-3.61419
-3.61343
-3.61314
-3.61299
-3.61284
-3.61315
-3.61329
-3.61253
-3.61268
-3.61374
-3.61298
-3.61374
-3.61419
-3.61419
-3.61298
-3.61132
-3.61117
-3.61147
-3.61102
-3.61132
-3.61178
-3.61207
-3.61238
-3.61267
-3.61282
-3.61177
-3.61207
-3.61252
-3.61328
-3.61298
-3.61193
-3.61193
-3.61209
-3.61224
-3.61193
-3.61284
-3.61313
-3.61374
-3.61404
-3.61479
-3.61525
-3.6157
-3.6157
-3.616
-3.61525
-3.61465
-3.6145
-3.61405
-3.6145
-3.61571
-3.6154
-3.6154
-3.6157
-3.61555
-3.61555
-3.61525
-3.61586
-3.6148
-3.61495
-3.6151
-3.6148
-3.61555
-3.61691
-3.61631
-3.61555
-3.616
-3.6166
-3.61645
-3.6166
-3.61615
-3.616
-3.61555
-3.6157
-3.61646
-3.61721
-3.61646
-3.61691
-3.616
-3.61615
-3.61555
-3.61615
-3.61555
-3.61524
-3.61449
-3.61404
-3.61465
-3.6154
-3.61465
-3.61465
-3.6148
-3.6151
-3.61434
-3.61388
-3.61388
-3.61358
-3.61464
-3.61464
-3.61539
-3.6163
-3.61645
-3.61554
-3.616
-3.61554
-3.6157
-3.61525
-3.61479
-3.61555
-3.61585
-3.61494
-3.61434
-3.61419
-3.61419
-3.61494
-3.61554
-3.61585
-3.61524
-3.616
-3.6166
-3.61797
-3.61812
-3.61827
-3.61737
-3.61706
-3.61631
-3.6148
-3.61525
-3.61554
-3.61615
-3.61584
-3.61614
-3.6169
-3.6157
-3.6163
-3.61691
-3.61721
-3.61706
-3.61767
-3.61812
-3.61751
-3.61797
-3.61812
-3.61691
-3.61645
-3.61645
-3.61645
-3.61751
-3.61706
-3.61751
-3.61751
-3.61796
-3.61826
-3.61781
-3.61751
-3.61736
-3.61721
-3.61721
-3.61631
-3.61525
-3.61479
-3.61494
-3.61433
-3.61494
-3.61479
-3.6154
-3.61495
-3.61616
-3.61601
-3.61691
-3.61676
-3.61586
-3.61555
-3.61571
-3.61571
-3.61616
-3.61616
-3.61555
-3.61631
-3.61706
-3.61781
-3.61751
-3.61796
-3.61781
-3.61721
-3.61661
-3.61737
-3.61737
-3.61722
-3.61722
-3.61601
-3.61661
-3.61736
-3.61736
-3.6163
-3.61509
-3.61525
-3.61495
-3.61419
-3.61374
-3.61314
-3.61239
-3.61284
-3.61238
-3.61329
-3.61298
-3.61374
-3.61449
-3.61479
-3.61509
-3.61419
-3.61404
-3.61495
-3.6148
-3.6139
-3.61405
-3.61511
-3.6148
-3.61616
-3.61555
-3.6154
-3.6157
-3.61509
-3.61585
-3.61525
-3.61525
-3.61585
-3.61555
-3.61449
-3.61435
-3.6151
-3.61556
-3.61586
-3.61616
-3.61601
-3.61404
-3.61374
-3.61343
-3.61328
-3.61358
-3.61419
-3.61328
-3.61359
-3.61374
-3.61329
-3.61299
-3.61253
-3.61268
-3.61207
-3.61207
-3.61252
-3.61252
-3.61373
-3.61464
-3.61464
-3.61449
-3.61374
-3.61389
-3.61434
-3.6154
-3.6157
-3.6148
-3.6148
-3.6148
-3.61585
-3.61615
-3.616
-3.61479
-3.61509
-3.61389
-3.61389
-3.61434
-3.61434
-3.6148
-3.61464
-3.61615
-3.61646
-3.61615
-3.61555
-3.61539
-3.61585
-3.61524
-3.61525
-3.61479
-3.616
-3.6154
-3.616
-3.61691
-3.61736
-3.61661
-3.61585
-3.616
-3.61645
-3.616
-3.61554
-3.61645
-3.61691
-3.61646
-3.61615
-3.616
-3.616
-3.61676
-3.61751
-3.61857
-3.61796
-3.61857
-3.61812
-3.61903
-3.61918
-3.61888
-3.61918
-3.62054
-3.62069
-3.61993
-3.61872
-3.61812
-3.61736
-3.61751
-3.61782
-3.61736
-3.61782
-3.61752
-3.61737
-3.61691
-3.61782
-3.61752
-3.61812
-3.61767
-3.61812
-3.61782
-3.61767
-3.61751
-3.61766
-3.61902
-3.62069
-3.62008
-3.61918
-3.61918
-3.61843
-3.61707
-3.61661
-3.61691
-3.61615
-3.61615
-3.61524
-3.61464
-3.61509
-3.61509
-3.61464
-3.61434
-3.61449
-3.61404
-3.6145
-3.61525
-3.61616
-3.61601
-3.61646
-3.61631
-3.61555
-3.61449
-3.61494
-3.61418
-3.61449
-3.61419
-3.61555
-3.6151
-3.61495
-3.61495
-3.61555
-3.6154
-3.61646
-3.61691
-3.61661
-3.61691
-3.61721
-3.61646
-3.61555
-3.6154
-3.6154
-3.61495
-3.61419
-3.61389
-3.61328
-3.61298
-3.61328
-3.61373
-3.61388
-3.61419
-3.61373
-3.61373
-3.61434
-3.61419
-3.61585
-3.6148
-3.6145
-3.61465
-3.6142
-3.61404
-3.6145
-3.6157
-3.61464
-3.61404
-3.61449
-3.61555
-3.6157
-3.61601
-3.61586
-3.61571
-3.61661
-3.61646
-3.61661
-3.61676
-3.61706
-3.61812
-3.61842
-3.61842
-3.61737
-3.61722
-3.61722
-3.61782
-3.61752
-3.61706
-3.61721
-3.61691
-3.61631
-3.61691
-3.61646
-3.61571
-3.61601
-3.61677
-3.61661
-3.61691
-3.61676
-3.61645
-3.61615
-3.61661
-3.61676
-3.61782
-3.61721
-3.61797
-3.61752
-3.61797
-3.61827
-3.61842
-3.61797
-3.61812
-3.61691
-3.61661
-3.61646
-3.61601
-3.61525
-3.61555
-3.61585
-3.6157
-3.61495
-3.61525
-3.6148
-3.61555
-3.61601
-3.61616
-3.61706
-3.61691
-3.61736
-3.61631
-3.61631
-3.61662
-3.61616
-3.61692
-3.61676
-3.61661
-3.61646
-3.61691
-3.61585
-3.616
-3.61464
-3.61449
-3.6148
-3.6145
-3.61525
-3.61449
-3.61389
-3.61358
-3.61253
-3.61192
-3.61253
-3.61223
-3.61223
-3.61253
-3.61268
-3.61177
-3.61253
-3.61238
-3.61283
-3.61268
-3.61223
-3.61268
-3.61328
-3.61298
-3.61253
-3.61177
-3.61147
-3.61193
-3.61117
-3.61162
-3.61192
-3.61162
-3.61238
-3.61329
-3.61344
-3.61359
-3.61359
-3.61404
-3.61389
-3.61374
-3.61359
-3.61449
-3.61585
-3.6157
-3.61585
-3.61585
-3.61601
-3.61616
-3.61676
-3.61615
-3.61615
-3.61585
-3.61721
-3.61706
-3.61661
-3.61646
-3.616
-3.61615
-3.61661
-3.61631
-3.61631
-3.61751
-3.61691
-3.61585
-3.6154
-3.616
-3.6163
-3.61555
-3.6157
-3.6157
-3.616
-3.61812
-3.61857
-3.61736
-3.61766
-3.61841
-3.61781
-3.61752
-3.61676
-3.61752
-3.61737
-3.61737
-3.61722
-3.61676
-3.61752
-3.61827
-3.61767
-3.61782
-3.61706
-3.61645
-3.61751
-3.61751
-3.616
-3.61615
-3.61525
-3.61404
-3.61434
-3.61419
-3.61525
-3.6151
-3.6151
-3.6157
-3.6154
-3.61389
-3.61374
-3.61329
-3.61313
-3.61268
-3.61253
-3.61192
-3.61237
-3.61147
-3.61071
-3.61147
-3.61177
-3.61223
-3.61177
-3.61102
-3.61177
-3.61223
-3.61344
-3.61434
-3.6148
-3.61464
-3.6151
-3.616
-3.61585
-3.6157
-3.616
-3.61525
-3.61525
-3.61585
-3.61615
-3.6163
-3.6169
-3.61736
-3.61797
-3.61766
-3.61721
-3.61706
-3.61721
-3.61842
-3.61812
-3.61842
-3.61782
-3.61782
-3.61752
-3.61737
-3.61706
-3.6154
-3.61479
-3.61464
-3.61495
-3.6151
-3.61525
-3.61676
-3.61752
-3.61827
-3.61872
-3.61888
-3.61857
-3.61812
-3.61872
-3.61827
-3.61842
-3.61842
-3.61782
-3.61767
-3.61721
-3.61782
-3.61782
-3.61736
-3.61706
-3.61676
-3.61646
-3.61691
-3.61797
-3.61766
-3.61827
-3.61766
-3.61766
-3.61766
-3.61872
-3.61917
-3.61811
-3.61842
-3.61781
-3.61842
-3.61782
-3.61812
-3.61827
-3.61857
-3.61781
-3.61872
-3.61917
-3.61948
-3.61902
-3.61842
-3.61706
-3.616
-3.61646
-3.61721
-3.6163
-3.61706
-3.61706
-3.61676
-3.61706
-3.61705
-3.61736
-3.61766
-3.6163
-3.6163
-3.61554
-3.61524
-3.61555
-3.61524
-3.61479
-3.61419
-3.61419
-3.61464
-3.61343
-3.61328
-3.61297
-3.61373
-3.61433
-3.61448
-3.61554
-3.616
-3.61721
-3.61736
-3.61751
-3.61811
-3.61947
-3.61856
-3.61826
-3.61811
-3.61841
-3.6166
-3.61644
-3.6169
-3.61705
-3.61796
-3.61811
-3.61766
-3.61661
-3.61706
-3.61646
-3.61661
-3.61555
-3.6157
-3.61584
-3.61645
-3.6166
-3.61675
-3.61644
-3.61599
-3.61675
-3.61675
-3.6169
-3.61811
-3.61932
-3.61963
-3.62083
-3.62114
-3.62174
-3.62174
-3.62189
-3.62083
-3.62023
-3.62023
-3.61947
-3.61887
-3.61826
-3.61887
-3.61841
-3.61857
-3.61842
-3.61827
-3.61796
-3.61781
-3.61826
-3.61917
-3.62038
-3.62007
-3.61977
-3.61932
-3.61887
-3.61902
-3.61856
-3.61781
-3.61826
-3.61811
-3.61736
-3.61766
-3.61736
-3.61902
-3.61872
-3.61751
-3.61826
-3.61766
-3.6169
-3.6163
-3.6166
-3.61645
-3.61584
-3.61554
-3.61494
-3.61433
-3.61358
-3.61343
-3.61433
-3.61433
-3.61418
-3.61388
-3.61388
-3.61403
-3.61494
-3.61569
-3.61493
-3.61493
-3.61553
-3.61614
-3.61569
-3.61539
-3.61509
-3.61509
-3.61464
-3.61358
-3.61328
-3.61297
-3.61282
-3.61312
-3.61297
-3.61327
-3.61297
-3.61282
-3.61267
-3.61388
-3.61464
-3.61509
-3.61524
-3.61554
-3.61599
-3.61644
-3.61644
-3.61644
-3.61599
-3.61539
-3.61509
-3.61509
-3.61524
-3.61538
-3.61569
-3.61599
-3.61659
-3.61569
-3.61523
-3.61539
-3.6166
-3.61569
-3.6166
-3.61659
-3.61629
-3.61614
-3.61584
-3.61554
-3.61524
-3.61584
-3.61629
-3.6175
-3.61781
-3.61675
-3.61705
-3.61856
-3.61901
-3.61962
-3.61931
-3.61886
-3.61886
-3.61825
-3.61856
-3.61871
-3.6181
-3.61765
-3.61674
-3.61599
-3.61599
-3.61554
-3.61599
-3.61599
-3.61629
-3.61675
-3.6166
-3.6163
-3.61615
-3.6172
-3.61675
-3.61675
-3.61659
-3.61644
-3.61554
-3.61539
-3.61494
-3.61494
-3.61524
-3.61448
-3.61524
-3.61554
-3.61629
-3.61554
-3.61554
-3.61539
-3.61539
-3.61464
-3.61479
-3.61524
-3.61494
-3.61418
-3.61494
-3.61509
-3.61539
-3.61524
-3.61584
-3.61569
-3.6169
-3.61705
-3.61645
-3.61675
-3.61644
-3.61599
-3.61614
-3.61569
-3.61645
-3.6163
-3.61585
-3.61479
-3.61494
-3.61554
-3.61599
-3.61539
-3.61448
-3.61479
-3.61494
-3.61509
-3.61645
-3.61645
-3.6166
-3.6166
-3.6169
-3.61675
-3.61554
-3.61554
-3.61538
-3.61508
-3.61493
-3.61523
-3.61675
-3.61645
-3.61463
-3.61494
-3.61433
-3.61418
-3.61569
-3.61554
-3.61539
-3.61493
-3.61523
-3.61554
-3.61629
-3.61629
-3.61644
-3.6178
-3.6175
-3.6178
-3.61675
-3.61629
-3.61569
-3.61629
-3.61675
-3.61659
-3.61614
-3.61629
-3.61614
-3.61569
-3.61584
-3.61599
-3.61614
-3.61584
-3.61629
-3.61614
-3.61554
-3.61569
-3.61539
-3.61614
-3.6172
-3.61765
-3.61796
-3.61841
-3.6181
-3.6178
-3.6172
-3.61735
-3.61659
-3.61584
-3.61614
-3.6166
-3.61569
-3.6166
-3.6169
-3.61644
-3.61538
-3.61478
-3.61448
-3.61568
-3.61553
-3.61584
-3.61614
-3.61614
-3.61569
-3.61554
-3.61554
-3.61493
-3.61342
-3.61402
-3.61433
-3.61479
-3.61464
-3.61418
-3.61478
-3.61418
-3.61312
-3.61342
-3.61418
-3.61418
-3.61508
-3.6169
-3.6169
-3.61659
-3.61644
-3.61569
-3.61599
-3.61614
-3.61629
-3.61554
-3.61554
-3.61539
-3.61523
-3.61569
-3.61554
-3.61569
-3.61539
-3.61478
-3.61433
-3.61493
-3.61584
-3.61614
-3.6169
-3.6163
-3.61736
-3.6169
-3.61675
-3.6169
-3.61554
-3.61554
-3.61569
-3.61524
-3.61478
-3.61478
-3.61478
-3.61553
-3.61553
-3.61614
-3.61508
-3.61614
-3.61735
-3.61796
-3.61886
-3.61947
-3.61992
-3.61946
-3.61931
-3.61977
-3.61961
-3.61946
-3.62007
-3.61992
-3.61946
-3.61856
-3.61856
-3.61765
-3.61795
-3.6175
-3.61749
-3.61795
-3.61719
-3.61629
-3.61538
-3.61508
-3.61403
-3.61433
-3.61493
-3.61584
-3.61614
-3.61447
-3.61447
-3.61447
-3.61493
-3.61599
-3.61689
-3.61614
-3.61674
-3.61659
-3.61553
-3.61553
-3.61569
-3.61599
-3.61659
-3.61705
-3.6172
-3.61614
-3.61539
-3.61599
-3.61614
-3.61569
-3.61538
-3.61447
-3.61402
-3.61462
-3.61372
-3.61402
-3.61311
-3.61327
-3.61372
-3.61418
-3.61418
-3.61524
-3.61554
-3.61523
-3.61478
-3.61493
-3.61447
-3.61432
-3.61463
-3.61448
-3.61478
-3.61463
-3.61463
-3.61478
-3.61538
-3.61583
-3.61568
-3.61583
-3.61478
-3.61448
-3.61554
-3.61554
-3.61614
-3.61675
-3.61675
-3.61569
-3.61523
-3.61538
-3.61493
-3.61478
-3.61432
-3.61478
-3.61538
-3.61493
-3.61433
-3.61538
-3.61538
-3.61629
-3.61553
-3.61568
-3.61629
-3.61553
-3.61553
-3.61523
-3.61417
-3.61448
-3.61463
-3.61463
-3.61508
-3.61462
-3.61523
-3.61568
-3.61553
-3.61447
-3.61432
-3.61478
-3.61523
-3.61568
-3.61523
-3.61538
-3.61447
-3.61493
-3.61523
-3.61523
-3.61613
-3.61704
-3.61659
-3.61764
-3.6178
-3.61704
-3.61659
-3.61614
-3.61584
-3.61629
-3.61599
-3.61689
-3.61583
-3.61553
-3.61432
-3.61417
-3.61432
-3.61402
-3.61463
-3.61539
-3.61584
-3.61553
-3.61523
-3.61538
-3.61417
-3.61356
-3.61387
-3.61462
-3.61372
-3.61387
-3.61508
-3.61599
-3.61629
-3.61568
-3.61553
-3.61598
-3.61598
-3.61507
-3.61522
-3.61538
-3.61659
-3.61599
-3.61644
-3.61689
-3.61674
-3.61629
-3.61689
-3.61749
-3.61779
-3.61764
-3.61824
-3.6196
-3.6193
-3.6187
-3.61885
-3.61809
-3.61794
-3.61779
-3.61809
-3.61733
-3.61688
-3.61718
-3.61688
-3.61688
-3.61642
-3.61597
-3.61658
-3.61673
-3.61643
-3.61703
-3.61734
-3.61824
-3.61839
-3.61764
-3.61794
-3.61778
-3.61673
-3.61733
-3.61673
-3.61688
-3.61658
-3.61703
-3.61794
-3.61809
-3.61809
-3.61854
-3.619
-3.6196
-3.61854
-3.61869
-3.61824
-3.61763
-3.61718
-3.61703
-3.61779
-3.61885
-3.61825
-3.61764
-3.61794
-3.61794
-3.61794
-3.61733
-3.61824
-3.61809
-3.61945
-3.61885
-3.61885
-3.61779
-3.61779
-3.61809
-3.61764
-3.61839
-3.61764
-3.61734
-3.61688
-3.61749
-3.61733
-3.61763
-3.61733
-3.61778
-3.61748
-3.61733
-3.61597
-3.61688
-3.61794
-3.61854
-3.61824
-3.61869
-3.61854
-3.61869
-3.61854
-3.61869
-3.61839
-3.61824
-3.61914
-3.61869
-3.61854
-3.61854
-3.61854
-3.61779
-3.61703
-3.61688
-3.61718
-3.61658
-3.61552
-3.61627
-3.61582
-3.61673
-3.61778
-3.61809
-3.61748
-3.61703
-3.61551
-3.61521
-3.61491
-3.614
-3.61461
-3.61506
-3.61582
-3.61627
-3.61733
-3.61703
-3.61718
-3.61733
-3.61703
-3.61658
-3.61642
-3.61733
-3.61733
-3.61642
-3.61657
-3.61748
-3.61673
-3.61688
-3.61778
-3.61869
-3.61869
-3.6193
-3.62081
-3.62021
-3.6199
-3.62051
-3.61975
-3.61914
-3.61975
-3.61854
-3.61869
-3.61809
-3.61763
-3.61763
-3.61824
-3.61763
-3.61658
-3.61612
-3.61537
-3.61537
-3.61612
-3.61567
-3.61506
-3.61552
-3.61491
-3.61325
-3.61371
-3.61295
-3.61386
-3.61371
-3.61477
-3.61416
-3.61491
-3.61431
-3.61416
-3.61431
-3.61416
-3.61431
-3.61416
-3.61446
-3.61597
-3.61537
-3.61582
-3.61522
-3.61507
-3.61552
-3.61552
-3.61643
-3.61719
-3.61704
-3.61688
-3.61628
-3.61567
-3.61567
-3.61552
-3.61643
-3.61719
-3.61689
-3.61673
-3.61643
-3.61658
-3.61643
-3.61703
-3.61763
-3.61824
-3.61824
-3.61839
-3.61854
-3.61839
-3.61794
-3.61779
-3.61779
-3.61703
-3.61613
-3.61552
-3.61522
-3.61537
-3.61446
-3.61491
-3.61491
-3.61507
-3.61492
-3.61598
-3.61613
-3.61703
-3.61658
-3.61507
-3.61597
-3.61582
-3.61642
-3.61521
-3.61536
-3.61536
-3.61612
-3.61718
-3.61749
-3.61688
-3.61612
-3.61597
-3.61582
-3.61658
-3.61597
-3.61613
-3.61507
-3.61521
-3.61476
-3.61491
-3.61492
-3.61568
-3.61598
-3.61492
-3.61431
-3.61431
-3.61461
-3.61506
-3.6137
-3.61385
-3.61355
-3.61386
-3.61371
-3.61326
-3.61371
-3.61401
-3.61371
-3.61477
-3.61462
-3.61507
-3.61507
-3.61477
-3.61416
-3.61431
-3.61371
-3.61401
-3.61492
-3.61492
-3.61462
-3.61552
-3.61597
-3.61567
-3.61582
-3.61552
-3.61643
-3.61613
-3.61673
-3.61749
-3.61779
-3.61869
-3.619
-3.61885
-3.61824
-3.619
-3.61794
-3.61764
-3.61885
-3.61809
-3.61643
-3.61688
-3.61658
-3.61613
-3.61567
-3.61567
-3.61522
-3.61567
-3.61628
-3.61492
-3.61476
-3.61446
-3.61401
-3.61311
-3.61265
-3.61235
-3.61265
-3.61235
-3.61235
-3.61235
-3.6131
-3.61295
-3.61174
-3.61205
-3.61144
-3.61235
-3.61235
-3.61356
-3.61371
-3.61432
-3.61341
-3.61507
-3.61477
-3.61447
-3.61492
-3.61462
-3.61492
-3.61567
-3.61537
-3.61491
-3.61537
-3.61477
-3.61522
-3.61386
-3.61446
-3.61446
-3.61476
-3.61356
-3.61296
-3.61296
-3.61251
-3.61266
-3.6122
-3.61114
-3.61159
-3.61204
-3.61068
-3.61114
-3.61099
-3.61144
-3.61129
-3.61083
-3.61219
-3.61234
-3.61129
-3.61159
-3.61129
-3.61129
-3.61129
-3.61099
-3.61175
-3.6125
-3.61326
-3.61447
-3.61522
-3.61628
-3.61597
-3.61612
-3.61536
-3.61536
-3.61521
-3.61506
-3.61476
-3.61401
-3.61355
-3.61416
-3.61386
-3.61355
-3.61325
-3.6137
-3.61385
-3.61295
-3.61204
-3.61189
-3.61114
-3.61083
-3.61113
-3.60992
-3.61128
-3.61158
-3.61068
-3.61143
-3.61158
-3.61234
-3.61158
-3.61188
-3.61143
-3.61219
-3.61174
-3.61204
-3.61189
-3.61265
-3.61204
-3.61279
-3.61249
-3.61219
-3.61158
-3.61189
-3.61098
-3.61053
-3.61053
-3.61159
-3.61219
-3.61204
-3.61234
-3.61279
-3.61309
-3.61204
-3.61129
-3.61204
-3.61159
-3.61234
-3.61189
-3.61158
-3.61174
-3.61129
-3.61174
-3.61219
-3.61158
-3.61113
-3.61083
-3.61022
-3.61068
-3.61098
-3.61037
-3.61053
-3.61038
-3.61068
-3.60932
-3.60932
-3.60947
-3.60917
-3.60992
-3.61038
-3.61143
-3.61083
-3.61083
-3.61052
-3.61067
-3.61052
-3.61022
-3.60931
-3.60947
-3.60871
-3.60871
-3.60751
-3.60856
-3.60886
-3.60886
-3.60947
-3.61022
-3.60947
-3.60932
-3.61022
-3.61037
-3.60977
-3.60992
-3.61007
-3.61097
-3.61158
-3.61098
-3.61188
-3.61234
-3.61204
-3.61264
-3.61355
-3.6137
-3.61415
-3.614
-3.6146
-3.61445
-3.6143
-3.61461
-3.61461
-3.61476
-3.61491
-3.61566
-3.61551
-3.61536
-3.6152
-3.61611
-3.61596
-3.61627
-3.61672
-3.61732
-3.61717
-3.61823
-3.61808
-3.61777
-3.61777
-3.61853
-3.61747
-3.61657
-3.61687
-3.61717
-3.61702
-3.61642
-3.61687
-3.61732
-3.61732
-3.61747
-3.61822
-3.61838
-3.61883
-3.61777
-3.61808
-3.61807
-3.61853
-3.61838
-3.61943
-3.61928
-3.62049
-3.62019
-3.61943
-3.61943
-3.61928
-3.62004
-3.61989
-3.62035
-3.62004
-3.61899
-3.61929
-3.61929
-3.61959
-3.61974
-3.61974
-3.61974
-3.61898
-3.61883
-3.61671
-3.6152
-3.61581
-3.61702
-3.61687
-3.61642
-3.61642
-3.61627
-3.61536
-3.61536
-3.6143
-3.61476
-3.61475
-3.61415
-3.614
-3.6146
-3.614
-3.61384
-3.61354
-3.61385
-3.614
-3.61415
-3.61385
-3.6137
-3.61279
-3.61294
-3.61415
-3.61385
-3.61295
-3.6134
-3.61416
-3.6137
-3.6143
-3.61385
-3.61491
-3.61476
-3.61536
-3.61461
-3.61415
-3.61325
-3.61294
-3.61355
-3.61401
-3.61386
-3.61325
-3.6131
-3.61371
-3.61537
-3.61476
-3.61475
-3.6143
-3.61415
-3.61385
-3.61295
-3.61326
-3.61401
-3.61265
-3.6125
-3.61265
-3.61264
-3.61249
-3.61264
-3.6134
-3.61325
-3.6128
-3.6125
-3.6134
-3.61446
-3.61491
-3.61521
-3.61566
-3.61596
-3.61657
-3.61657
-3.61627
-3.61627
-3.61597
-3.61612
-3.61642
-3.61718
-3.61793
-3.61808
-3.61899
-3.6202
-3.62035
-3.6202
-3.62005
-3.62035
-3.6202
-3.61975
-3.6193
-3.61899
-3.61763
-3.61778
-3.61748
-3.61763
-3.61702
-3.61687
-3.61793
-3.61657
-3.61612
-3.61628
-3.61628
-3.61597
-3.61552
-3.61612
-3.61537
-3.61552
-3.61597
-3.61567
-3.61491
-3.61506
-3.61476
-3.61476
-3.61385
-3.614
-3.6137
-3.61431
-3.61461
-3.61537
-3.61552
-3.61582
-3.61567
-3.61536
-3.61476
-3.61325
-3.61189
-3.61189
-3.61249
-3.61204
-3.61128
-3.61159
-3.61174
-3.61129
-3.61174
-3.61219
-3.61128
-3.61189
-3.61068
-3.61128
-3.61219
-3.61235
-3.6125
-3.61386
-3.61386
-3.61355
-3.6137
-3.61416
-3.61446
-3.61506
-3.61552
-3.61521
-3.61567
-3.61597
-3.61672
-3.61597
-3.61597
-3.61612
-3.61672
-3.61733
-3.61793
-3.61748
-3.61793
-3.61793
-3.61778
-3.61763
-3.61718
-3.61627
-3.61702
-3.61733
-3.61642
-3.61687
-3.61732
-3.61778
-3.61778
-3.61688
-3.61794
-3.61733
-3.61763
-3.61718
-3.61627
-3.61612
-3.61566
-3.61551
-3.61612
-3.61581
-3.61597
-3.61566
-3.61597
-3.61536
-3.61461
-3.61461
-3.614
-3.61461
-3.61385
-3.6137
-3.61445
-3.61445
-3.61536
-3.61552
-3.61476
-3.61401
-3.61597
-3.61687
-3.61597
-3.61581
-3.61597
-3.61566
-3.61626
-3.61626
-3.61702
-3.61672
-3.61657
-3.61612
-3.61552
-3.61612
-3.61582
-3.61627
-3.61642
-3.61732
-3.61686
-3.61641
-3.61672
-3.61672
-3.61597
-3.61642
-3.61597
-3.61673
-3.61688
-3.61627
-3.61657
-3.61657
-3.61733
-3.61748
-3.61687
-3.61687
-3.61703
-3.61703
-3.61703
-3.61869
-3.61854
-3.61793
-3.61778
-3.61642
-3.61732
-3.61657
-3.61642
-3.61687
-3.61657
-3.61703
-3.61642
-3.61703
-3.61567
-3.61415
-3.61385
-3.6143
-3.61521
-3.61431
-3.61491
-3.61385
-3.61385
-3.6143
-3.61491
-3.61506
-3.61611
-3.61642
-3.61808
-3.61717
-3.61747
-3.61717
-3.61747
-3.61793
-3.61702
-3.61672
-3.61611
-3.61596
-3.61611
-3.61641
-3.61687
-3.61853
-3.61898
-3.61913
-3.62019
-3.61974
-3.61974
-3.61898
-3.61868
-3.61899
-3.61853
-3.61868
-3.61763
-3.61763
-3.61853
-3.61808
-3.61792
-3.61838
-3.61717
-3.61672
-3.61657
-3.61642
-3.61702
-3.61627
-3.61582
-3.61567
-3.61476
-3.61461
-3.61521
-3.61521
-3.61657
-3.61793
-3.61808
-3.61822
-3.61777
-3.61823
-3.61868
-3.61853
-3.61944
-3.61884
-3.61838
-3.61808
-3.61898
-3.61944
-3.61883
-3.61913
-3.61914
-3.61929
-3.62004
-3.61944
-3.61989
-3.62095
-3.62034
-3.6205
-3.62095
-3.62065
-3.6202
-3.61975
-3.6208
-3.61974
-3.61898
-3.61974
-3.61959
-3.62019
-3.61928
-3.61944
-3.62019
-3.61913
-3.61943
-3.62018
-3.61988
-3.61973
-3.62033
-3.62064
-3.62034
-3.62079
-3.62201
-3.62095
-3.62125
-3.62065
-3.6208
-3.62095
-3.61974
-3.61898
-3.61868
-3.61823
-3.61808
-3.61868
-3.61808
-3.61823
-3.61883
-3.61853
-3.61823
-3.61823
-3.61807
-3.61868
-3.61974
-3.62034
-3.62049
-3.6211
-3.62155
-3.62095
-3.62156
-3.6211
-3.6217
-3.622
-3.62261
-3.62246
-3.62367
-3.622
-3.622
-3.62261
-3.62231
-3.622
-3.62125
-3.62155
-3.62125
-3.622
-3.62185
-3.62216
-3.62155
-3.6217
-3.622
-3.622
-3.622
-3.62125
-3.62064
-3.6208
-3.62095
-3.62156
-3.62186
-3.6214
-3.62185
-3.62215
-3.62261
-3.6214
-3.62035
-3.62111
-3.62096
-3.62126
-3.62111
-3.62095
-3.62035
-3.62034
-3.62064
-3.61974
-3.61974
-3.61913
-3.61929
-3.61944
-3.61899
-3.61838
-3.61853
-3.61959
-3.61944
-3.61929
-3.61898
-3.61898
-3.61959
-3.61928
-3.61838
-3.61868
-3.61943
-3.61837
-3.61807
-3.61807
-3.61807
-3.61702
-3.61747
-3.61898
-3.61793
-3.61793
-3.61702
-3.61687
-3.61627
-3.61611
-3.61536
-3.61581
-3.6152
-3.61565
-3.6161
-3.61656
-3.6158
-3.61566
-3.61581
-3.61687
-3.61762
-3.61762
-3.61702
-3.61656
-3.61762
-3.61853
-3.61853
-3.61913
-3.61868
-3.61808
-3.61793
-3.61808
-3.61853
-3.61913
-3.61853
-3.61868
-3.61853
-3.61883
-3.61898
-3.61973
-3.61928
-3.61898
-3.61989
-3.61868
-3.61853
-3.61853
-3.61762
-3.61732
-3.61702
-3.61717
-3.61641
-3.61656
-3.61641
-3.61657
-3.61762
-3.61823
-3.61854
-3.61838
-3.61959
-3.62035
-3.6208
-3.6205
-3.62095
-3.62109
-3.6211
-3.62019
-3.62019
-3.61959
-3.61944
-3.6214
-3.62155
-3.6214
-3.62201
-3.62277
-3.62171
-3.62246
-3.62292
-3.62307
-3.62307
-3.62307
-3.62231
-3.62261
-3.62246
-3.62201
-3.62186
-3.62216
-3.62216
-3.62231
-3.62352
-3.62367
-3.62382
-3.62367
-3.62291
-3.62231
-3.62155
-3.62095
-3.62035
-3.61914
-3.61899
-3.61869
-3.61793
-3.61823
-3.61748
-3.61702
-3.61747
-3.61747
-3.61777
-3.61747
-3.61732
-3.61687
-3.61581
-3.61596
-3.61611
-3.61641
-3.61505
-3.6152
-3.61551
-3.61566
-3.61581
-3.61672
-3.61717
-3.61717
-3.61702
-3.61687
-3.61671
-3.61656
-3.61551
-3.61581
-3.61536
-3.61445
-3.6143
-3.6143
-3.61475
-3.61475
-3.6146
-3.6137
-3.61369
-3.61415
-3.61324
-3.61324
-3.61233
-3.61369
-3.61429
-3.61324
-3.61309
-3.61234
-3.61203
-3.61158
-3.61234
-3.61158
-3.61204
-3.61294
-3.61219
-3.61219
-3.61309
-3.61339
-3.61415
-3.61354
-3.61491
-3.61491
-3.61521
-3.61536
-3.61521
-3.61536
-3.61536
-3.61505
-3.61475
-3.6143
-3.6143
-3.6143
-3.61385
-3.6134
-3.61173
-3.61204
-3.61188
-3.61219
-3.61264
-3.61309
-3.61324
-3.6137
-3.6137
-3.6137
-3.6137
-3.61354
-3.61385
-3.61279
-3.61355
-3.6134
-3.61279
-3.6134
-3.61355
-3.61446
-3.61491
-3.61476
-3.61446
-3.61476
-3.61522
-3.61491
-3.61566
-3.61536
-3.61536
-3.61506
-3.61642
-3.61582
-3.61582
-3.61612
-3.61552
-3.61552
-3.61446
-3.61415
-3.61385
-3.61294
-3.61264
-3.61189
-3.61159
-3.61204
-3.61159
-3.61129
-3.61235
-3.61265
-3.61401
-3.61356
-3.61189
-3.61279
-3.61279
-3.61324
-3.61385
-3.6134
-3.6137
-3.6134
-3.61356
-3.61416
-3.6137
-3.6134
-3.6137
-3.61415
-3.61476
-3.61461
-3.61491
-3.61461
-3.61476
-3.61416
-3.61491
-3.61461
-3.61476
-3.6143
-3.61476
-3.61491
-3.61506
-3.61476
-3.61506
-3.61446
-3.61461
-3.61461
-3.61491
-3.61416
-3.61416
-3.61431
-3.61431
-3.61506
-3.61461
-3.61491
-3.61521
-3.61566
-3.61566
-3.61582
-3.61491
-3.61581
-3.61491
-3.61445
-3.61445
-3.61491
-3.61461
-3.61521
-3.61476
-3.61566
-3.61476
-3.61506
-3.61612
-3.61582
-3.61582
-3.61582
-3.61658
-3.61688
-3.61673
-3.61642
-3.61687
-3.61732
-3.61778
-3.61747
-3.61762
-3.61793
-3.61868
-3.61793
-3.61883
-3.61898
-3.61778
-3.61883
-3.61929
-3.62005
-3.61975
-3.61929
-3.6205
-3.62005
-3.61944
-3.61899
-3.61778
-3.61732
-3.61778
-3.61793
-3.61853
-3.61853
-3.61914
-3.61959
-3.61959
-3.62005
-3.61989
-3.61808
-3.61687
-3.61642
-3.61597
-3.61642
-3.61672
-3.61778
-3.61823
-3.61898
-3.61959
-3.61914
-3.61808
-3.61899
-3.61899
-3.61838
-3.61914
-3.62004
-3.62004
-3.61989
-3.61943
-3.62019
-3.61853
-3.61822
-3.61838
-3.61777
-3.61808
-3.61898
-3.61929
-3.61928
-3.61868
-3.61883
-3.61898
-3.61959
-3.61929
-3.61853
-3.61823
-3.61883
-3.61958
-3.62004
-3.61928
-3.61823
-3.61868
-3.61898
-3.61944
-3.61929
-3.61974
-3.62034
-3.61944
-3.61898
-3.61898
-3.61913
-3.61837
-3.61868
-3.61777
-3.61898
-3.61883
-3.61823
-3.61868
-3.61853
-3.61808
-3.61747
-3.61686
-3.61701
-3.61731
-3.61686
-3.61595
-3.61626
-3.61565
-3.6146
-3.61399
-3.61354
-3.61369
-3.61384
-3.6146
-3.6146
-3.61414
-3.61354
-3.61323
-3.61323
-3.61278
-3.61278
-3.61203
-3.61203
-3.61233
-3.61263
-3.61339
-3.61308
-3.61308
-3.61399
-3.61489
-3.61474
-3.61429
-3.61399
-3.61444
-3.61474
-3.61565
-3.61595
-3.6161
-3.61671
-3.61655
-3.61731
-3.61777
-3.61777
-3.61656
-3.61656
-3.6167
-3.61565
-3.6164
-3.61655
-3.61564
-3.61534
-3.61504
-3.61535
-3.61474
-3.61535
-3.6149
-3.6152
-3.61475
-3.6149
-3.61686
-3.61625
-3.61731
-3.61685
-3.61715
-3.617
-3.61685
-3.61625
-3.6167
-3.6173
-3.61746
-3.61761
-3.61656
-3.61671
-3.61792
-3.61762
-3.61792
-3.61791
-3.61655
-3.61655
-3.61685
-3.61655
-3.61671
-3.61686
-3.61746
-3.61852
-3.61897
-3.61928
-3.61928
-3.62033
-3.61973
-3.61988
-3.61942
-3.61927
-3.61882
-3.61927
-3.61852
-3.61882
-3.61897
-3.61867
-3.61806
-3.61822
-3.61716
-3.61717
-3.61732
-3.61717
-3.61747
-3.61762
-3.61716
-3.61776
-3.61685
-3.61625
-3.61715
-3.61761
-3.61701
-3.61837
-3.61822
-3.61853
-3.61853
-3.61944
-3.62004
-3.61913
-3.61747
-3.61807
-3.61625
-3.61716
-3.6161
-3.61595
-3.61671
-3.61625
-3.61686
-3.61761
-3.61746
-3.61776
-3.61761
-3.61746
-3.61776
-3.61807
-3.61777
-3.61777
-3.61731
-3.61792
-3.61822
-3.61822
-3.61777
-3.61761
-3.61822
-3.61776
-3.61822
-3.61927
-3.61897
-3.61897
-3.61942
-3.61973
-3.61943
-3.61943
-3.61973
-3.62124
-3.62003
-3.62048
-3.62124
-3.62079
-3.62019
-3.62018
-3.62003
-3.62079
-3.62154
-3.62124
-3.62063
-3.62033
-3.62124
-3.62093
-3.62003
-3.62033
-3.62048
-3.62003
-3.62018
-3.62018
-3.61883
-3.61807
-3.61792
-3.61852
-3.61837
-3.61837
-3.61912
-3.61867
-3.61791
-3.61746
-3.6173
-3.61715
-3.6167
-3.61746
-3.6167
-3.61731
-3.61746
-3.6167
-3.61746
-3.61731
-3.61807
-3.61746
-3.61837
-3.61837
-3.61943
-3.61897
-3.61837
-3.61882
-3.61881
-3.62017
-3.61972
-3.61866
-3.61912
-3.61927
-3.61913
-3.62018
-3.62003
-3.61973
-3.61882
-3.61912
-3.61987
-3.61882
-3.61821
-3.61716
-3.61716
-3.61731
-3.61746
-3.61685
-3.61701
-3.6167
-3.61791
-3.61655
-3.61685
-3.617
-3.61745
-3.61715
-3.61745
-3.61821
-3.61836
-3.61837
-3.61821
-3.61791
-3.61761
-3.61731
-3.61625
-3.61685
-3.617
-3.617
-3.61685
-3.61655
-3.61626
-3.61595
-3.6161
-3.6164
-3.61489
-3.61443
-3.61504
-3.61504
-3.61504
-3.61459
-3.61625
-3.61716
-3.61761
-3.61715
-3.61715
-3.6164
-3.61504
-3.61398
-3.61474
-3.61535
-3.61535
-3.6152
-3.6158
-3.61671
-3.61686
-3.61716
-3.61867
-3.61882
-3.61882
-3.61882
-3.61837
-3.61807
-3.61716
-3.61549
-3.61595
-3.61564
-3.61534
-3.6161
-3.61565
-3.6164
-3.61671
-3.61641
-3.61595
-3.61565
-3.6158
-3.6149
-3.61535
-3.6155
-3.61399
-3.6146
-3.61384
-3.61369
-3.61444
-3.61383
-3.61308
-3.61232
-3.61202
-3.61248
-3.61278
-3.61263
-3.61308
-3.61338
-3.61444
-3.61444
-3.61414
-3.61429
-3.61535
-3.6146
-3.6149
-3.61535
-3.61535
-3.61535
-3.61565
-3.6152
-3.6146
-3.61535
-3.61566
-3.61656
-3.61551
-3.61566
-3.61535
-3.6152
-3.61641
-3.61671
-3.61596
-3.61626
-3.61596
-3.61596
-3.6155
-3.61595
-3.6152
-3.6158
-3.6149
-3.61535
-3.61475
-3.61506
-3.61461
-3.61476
-3.6143
-3.61415
-3.61445
-3.61369
-3.61414
-3.6152
-3.61475
-3.61505
-3.6146
-3.61445
-3.61384
-3.61384
-3.61384
-3.61384
-3.61429
-3.61414
-3.61339
-3.61294
-3.61324
-3.61399
-3.61399
-3.61369
-3.61339
-3.61399
-3.61384
-3.6155
-3.61535
-3.61505
-3.61535
-3.6146
-3.6149
-3.61505
-3.61535
-3.6158
-3.61565
-3.61565
-3.61596
-3.61611
-3.6149
-3.61505
-3.6149
-3.6146
-3.61429
-3.61324
-3.61429
-3.6146
-3.61384
-3.61354
-3.61354
-3.61414
-3.61384
-3.61415
-3.61445
-3.6149
-3.61445
-3.61415
-3.61384
-3.61354
-3.61324
-3.61399
-3.61399
-3.61384
-3.61445
-3.61384
-3.61263
-3.61248
-3.61233
-3.61294
-3.61263
-3.61248
-3.61294
-3.6143
-3.6146
-3.61429
-3.61535
-3.6158
-3.6158
-3.61686
-3.61777
-3.61822
-3.61822
-3.61853
-3.61928
-3.62019
-3.61958
-3.61988
-3.61852
-3.61792
-3.61807
-3.6161
-3.61595
-3.6161
-3.61671
-3.61746
-3.61807
-3.61807
-3.61868
-3.61853
-3.61974
-3.61958
-3.61958
-3.61853
-3.61822
-3.61837
-3.61852
-3.61867
-3.61792
-3.61716
-3.61701
-3.61746
-3.61716
-3.61792
-3.61777
-3.61732
-3.61672
-3.61762
-3.61808
-3.61838
-3.61868
-3.61973
-3.61897
-3.61898
-3.61822
-3.61852
-3.61853
-3.61807
-3.61792
-3.61747
-3.61777
-3.6158
-3.61505
-3.6155
-3.61581
-3.61596
-3.61611
-3.61626
-3.61626
-3.61551
-3.6152
-3.61505
-3.6146
-3.61505
-3.61399
-3.61475
-3.61475
-3.61505
-3.61611
-3.61686
-3.61686
-3.61777
-3.61596
-3.61611
-3.61672
-3.61611
-3.61581
-3.61475
-3.61475
-3.6146
-3.6149
-3.6146
-3.61475
-3.6149
-3.6146
-3.6152
-3.61505
-3.6143
-3.61399
-3.6149
-3.61369
-3.61385
-3.6134
-3.61309
-3.6131
-3.61295
-3.61325
-3.61385
-3.61461
-3.61415
-3.61445
-3.61445
-3.61475
-3.61626
-3.61701
-3.61746
-3.61716
-3.61686
-3.61732
-3.61792
-3.61672
-3.61702
-3.61763
-3.61823
-3.61823
-3.61853
-3.61808
-3.61762
-3.61838
-3.61747
-3.61657
-3.61687
-3.61671
-3.61641
-3.61565
-3.6158
-3.61596
-3.61566
-3.61687
-3.61657
-3.61717
-3.61792
-3.61702
-3.61943
-3.61868
-3.61853
-3.61822
-3.61747
-3.61807
-3.61868
-3.61853
-3.61808
-3.61747
-3.61672
-3.61702
-3.61747
-3.61793
-3.61717
-3.61777
-3.61656
-3.61626
-3.61596
-3.61611
-3.6152
-3.61566
-3.6152
-3.6152
-3.61505
-3.61521
-3.61491
-3.61506
-3.61476
-3.6143
-3.6137
-3.614
-3.61339
-3.61324
-3.614
-3.61476
-3.61536
-3.61536
-3.61612
-3.61596
-3.61657
-3.61596
-3.61596
-3.61747
-3.61672
-3.61808
-3.61838
-3.61823
-3.61747
-3.61672
-3.61641
-3.61566
-3.61687
-3.61687
-3.61626
-3.61687
-3.61747
-3.61838
-3.61838
-3.61778
-3.61778
-3.61778
-3.61853
-3.61899
-3.61914
-3.61929
-3.61914
-3.61853
-3.61793
-3.61808
-3.61808
-3.61853
-3.61898
-3.61914
-3.6208
-3.62034
-3.61914
-3.61929
-3.61884
-3.61869
-3.61748
-3.61838
-3.61914
-3.61853
-3.61793
-3.61823
-3.61793
-3.61808
-3.61687
-3.61687
-3.61641
-3.61596
-3.61596
-3.61551
-3.61551
-3.61506
-3.61475
-3.61536
-3.61536
-3.61551
-3.61626
-3.61626
-3.61762
-3.61747
-3.61581
-3.61626
-3.61611
-3.6155
-3.61551
-3.61475
-3.61475
-3.61521
-3.61627
-3.61778
-3.61778
-3.61884
-3.61824
-3.61808
-3.61808
-3.61823
-3.61869
-3.61914
-3.61928
-3.61868
-3.61943
-3.61883
-3.61944
-3.62065
-3.6199
-3.6196
-3.61929
-3.61914
-3.6196
-3.62035
-3.62066
-3.62096
-3.62081
-3.62171
-3.62201
-3.62246
-3.62246
-3.6211
-3.6217
-3.62171
-3.62065
-3.62065
-3.6196
-3.61945
-3.61914
-3.61809
-3.61824
-3.61778
-3.61763
-3.61748
-3.61612
-3.61521
-3.61491
-3.61445
-3.61521
-3.61596
-3.61612
-3.61612
-3.61612
-3.61673
-3.61657
-3.61642
-3.61582
-3.61491
-3.61401
-3.61401
-3.61325
-3.61325
-3.6131
-3.61265
-3.61234
-3.61234
-3.61204
-3.61143
-3.61098
-3.61158
-3.61234
-3.61174
-3.61174
-3.61189
-3.61189
-3.6125
-3.61386
-3.61341
-3.61371
-3.61401
-3.61462
-3.61477
-3.61582
-3.61627
-3.61551
-3.61582
-3.61597
-3.61506
-3.61522
-3.61597
-3.61612
-3.61567
-3.61537
-3.61522
-3.61477
-3.61432
-3.61417
-3.61296
-3.6125
-3.61159
-3.61159
-3.61159
-3.61234
-3.6134
-3.6128
-3.61144
-3.61114
-3.61008
-3.61008
-3.6116
-3.6116
-3.61039
-3.61039
-3.6125
-3.61295
-3.61249
-3.61264
-3.61264
-3.6128
-3.61325
-3.61386
-3.61386
-3.61446
-3.61446
-3.61431
-3.6134
-3.61355
-3.61219
-3.61234
-3.61204
-3.61249
-3.61295
-3.6137
-3.61416
-3.61461
-3.61537
-3.61612
-3.61552
-3.61552
-3.61688
-3.61718
-3.61703
-3.61643
-3.61613
-3.61582
-3.61612
-3.61521
-3.61612
-3.61536
-3.61657
-3.61566
-3.61506
-3.61385
-3.61385
-3.6128
-3.6125
-3.6128
-3.61265
-3.6125
-3.61401
-3.61386
-3.6131
-3.61189
-3.61204
-3.61234
-3.61234
-3.61401
-3.61385
-3.6128
-3.6128
-3.6131
-3.61385
-3.6137
-3.61295
-3.61265
-3.61325
-3.61492
-3.61567
-3.61522
-3.61461
-3.61552
-3.61597
-3.61703
-3.61809
-3.61854
-3.61839
-3.61869
-3.61824
-3.61839
-3.61764
-3.61764
-3.61809
-3.61703
-3.61658
-3.61658
-3.61673
-3.61673
-3.61809
-3.61748
-3.61718
-3.61733
-3.61748
-3.61808
-3.61778
-3.61703
-3.61703
-3.61673
-3.61598
-3.61582
-3.61522
-3.61537
-3.6137
-3.614
-3.61445
-3.6143
-3.61415
-3.6146
-3.61476
-3.6137
-3.61461
-3.61566
-3.61476
-3.61642
-3.61763
-3.61793
-3.61884
-3.61884
-3.61869
-3.61823
-3.61853
-3.61868
-3.61808
-3.61823
-3.61808
-3.61959
-3.61914
-3.61929
-3.61884
-3.61884
-3.61823
-3.61838
-3.61823
-3.61777
-3.61808
-3.61793
-3.61793
-3.61838
-3.61869
-3.61854
-3.61868
-3.61974
-3.61974
-3.61959
-3.61974
-3.6196
-3.6196
-3.62005
-3.61944
-3.61807
-3.61777
-3.61823
-3.61808
-3.61763
-3.61702
-3.61687
-3.61687
-3.61762
-3.61792
-3.61929
-3.61989
-3.61974
-3.61914
-3.61763
-3.61778
-3.61763
-3.61688
-3.61657
-3.61582
-3.61536
-3.61475
-3.6152
-3.6149
-3.61475
-3.6146
-3.6149
-3.61476
-3.61461
-3.61415
-3.6137
-3.6131
-3.6134
-3.6143
-3.61294
-3.61249
-3.61294
-3.61339
-3.61354
-3.61354
-3.61475
-3.61445
-3.6143
-3.61506
-3.61445
-3.61415
-3.61445
-3.6143
-3.6149
-3.61566
-3.61581
-3.61626
-3.61626
-3.61717
-3.61777
-3.61777
-3.61702
-3.61672
-3.61641
-3.61656
-3.61581
-3.61641
-3.61656
-3.61581
-3.61596
-3.61671
-3.61687
-3.61777
-3.61732
-3.61687
-3.61657
-3.61642
-3.61642
-3.61612
-3.61642
-3.61717
-3.61777
-3.61823
-3.61807
-3.61777
-3.61702
-3.61747
-3.61762
-3.61611
-3.61475
-3.6149
-3.614
-3.61385
-3.6137
-3.614
-3.61385
-3.61204
-3.61128
-3.61128
-3.61053
-3.61083
-3.61158
-3.61082
-3.61112
-3.61127
-3.61188
-3.61233
-3.61158
-3.61203
-3.61173
-3.61158
-3.61188
-3.61249
-3.61188
-3.61128
-3.61128
-3.61143
-3.61249
-3.61203
-3.61219
-3.61234
-3.61234
-3.61234
-3.61098
-3.61038
-3.60992
-3.61022
-3.61098
-3.61113
-3.61082
-3.61007
-3.61067
-3.61188
-3.61218
-3.61219
-3.61294
-3.61324
-3.61355
-3.6134
-3.61309
-3.61249
-3.61189
-3.61204
-3.61174
-3.61234
-3.61158
-3.61264
-3.61249
-3.61294
-3.6143
-3.6143
-3.61536
-3.61415
-3.61415
-3.61369
-3.61384
-3.6146
-3.61536
-3.6137
-3.6134
-3.61279
-3.61204
-3.61204
-3.61143
-3.61023
-3.60977
-3.61083
-3.61053
-3.61053
-3.61159
-3.61098
-3.61037
-3.61067
-3.61203
-3.61188
-3.61279
-3.61324
-3.6137
-3.6134
-3.61355
-3.6134
-3.6137
-3.61355
-3.61295
-3.61249
-3.61325
-3.61249
-3.61204
-3.61204
-3.61083
-3.61098
-3.61098
-3.61129
-3.61249
-3.61234
-3.6134
-3.6137
-3.61309
-3.61219
-3.61234
-3.61264
-3.6137
-3.614
-3.61446
-3.6134
-3.61325
-3.61431
-3.6134
-3.61279
-3.61219
-3.61234
-3.61339
-3.61294
-3.61294
-3.61294
-3.61279
-3.61309
-3.61219
-3.61294
-3.61249
-3.6137
-3.614
-3.61415
-3.61355
-3.61446
-3.61476
-3.61551
-3.61581
-3.61672
-3.61641
-3.61732
-3.61641
-3.61747
-3.61778
-3.61823
-3.61854
-3.61899
-3.61884
-3.61884
-3.61914
-3.61959
-3.61974
-3.61989
-3.62064
-3.62065
-3.6214
-3.62171
-3.62171
-3.62231
-3.62095
-3.62065
-3.62065
-3.6205
-3.61914
-3.61929
-3.61838
-3.61914
-3.61853
-3.61793
-3.61763
-3.61702
-3.61747
-3.61611
-3.61611
-3.61581
-3.61551
-3.61688
-3.61642
-3.61657
-3.61718
-3.61688
-3.61688
-3.61612
-3.61551
-3.61536
-3.61521
-3.6143
-3.6143
-3.61445
-3.6155
-3.61596
-3.61551
-3.61536
-3.61551
-3.61627
-3.61536
-3.61612
-3.61672
-3.61657
-3.61777
-3.61717
-3.61536
-3.61581
-3.61581
-3.61566
-3.61521
-3.61536
-3.61536
-3.61475
-3.6146
-3.6152
-3.61535
-3.61551
-3.61626
-3.61626
-3.61596
-3.61581
-3.61612
-3.61612
-3.61702
-3.61672
-3.61793
-3.61853
-3.61763
-3.61823
-3.61854
-3.61914
-3.61884
-3.61883
-3.61898
-3.61837
-3.61837
-3.61853
-3.61868
-3.61823
-3.61868
-3.61914
-3.61868
-3.61899
-3.61929
-3.61884
-3.61929
-3.61793
-3.61884
-3.61808
-3.61914
-3.61914
-3.6202
-3.6205
-3.61943
-3.61928
-3.62049
-3.6202
-3.62095
-3.6208
-3.6208
-3.62095
-3.62065
-3.6208
-3.62064
-3.6208
-3.62186
-3.6214
-3.6202
-3.6208
-3.62035
-3.6202
-3.6199
-3.62095
-3.61989
-3.61944
-3.61883
-3.61792
-3.61732
-3.61763
-3.6205
-3.6202
-3.6202
-3.62126
-3.6202
-3.62065
-3.62156
-3.6208
-3.62004
-3.61974
-3.61944
-3.61944
-3.61929
-3.62005
-3.6202
-3.61884
-3.61914
-3.61914
-3.61899
-3.61793
-3.61748
-3.61718
-3.61733
-3.61703
-3.61718
-3.61718
-3.61567
-3.61627
-3.61582
-3.61612
-3.61551
-3.61491
-3.61431
-3.61476
-3.61582
-3.61657
-3.61672
-3.61642
-3.61566
-3.61687
-3.61718
-3.61763
-3.61823
-3.61869
-3.61823
-3.61914
-3.61884
-3.61989
-3.61868
-3.61868
-3.61808
-3.61778
-3.61717
-3.61793
-3.61793
-3.61793
-3.61854
-3.61823
-3.61808
-3.61718
-3.61854
-3.61884
-3.61854
-3.61854
-3.61823
-3.61838
-3.61914
-3.61899
-3.61808
-3.61823
-3.61808
-3.61899
-3.61899
-3.61853
-3.61868
-3.61899
-3.61929
-3.61884
-3.61989
-3.62019
-3.61944
-3.61974
-3.61883
-3.61883
-3.61883
-3.61883
-3.61778
-3.61838
-3.61808
-3.61808
-3.61808
-3.61778
-3.61838
-3.61853
-3.61823
-3.61808
-3.61899
-3.61914
-3.61868
-3.61929
-3.61929
-3.61944
-3.62034
-3.62049
-3.62034
-3.62094
-3.62049
-3.61913
-3.61793
-3.61823
-3.61763
-3.61808
-3.61778
-3.61808
-3.61717
-3.61657
-3.61551
-3.61626
-3.61596
-3.6146
-3.61475
-3.61611
-3.61596
-3.61521
-3.61536
-3.61612
-3.61627
-3.61702
-3.61702
-3.61702
-3.61747
-3.61671
-3.61611
-3.61535
-3.61611
-3.61581
-3.61612
-3.61551
-3.61642
-3.61672
-3.61672
-3.61732
-3.61626
-3.61566
-3.61445
-3.61445
-3.61475
-3.61596
-3.61672
-3.61732
-3.61777
-3.61687
-3.61626
-3.6152
-3.61445
-3.61445
-3.61384
-3.61385
-3.6137
-3.61475
-3.61521
-3.61581
-3.61611
-3.6155
-3.61641
-3.61641
-3.61596
-3.61596
-3.61596
-3.61521
-3.61445
-3.61491
-3.61521
-3.61521
-3.6146
-3.61506
-3.61475
-3.61445
-3.61535
-3.6152
-3.61505
-3.61566
-3.61672
-3.61657
-3.61581
-3.61596
-3.6146
-3.6152
-3.61475
-3.61415
-3.614
-3.61385
-3.6143
-3.61445
-3.61445
-3.61491
-3.61566
-3.61702
-3.61672
-3.61687
-3.61656
-3.61686
-3.61565
-3.6155
-3.61656
-3.61701
-3.61747
-3.61687
-3.61777
-3.61687
-3.61611
-3.6149
-3.61626
-3.61626
-3.61702
-3.61626
-3.61596
-3.6152
-3.61505
-3.61384
-3.61399
-3.61414
-3.61354
-3.61354
-3.61369
-3.61384
-3.61399
-3.61354
-3.614
-3.614
-3.61415
-3.6146
-3.61415
-3.61354
-3.61399
-3.61369
-3.61293
-3.61233
-3.61233
-3.61278
-3.61264
-3.61173
-3.61143
-3.61128
-3.61113
-3.61143
-3.61173
-3.61052
-3.60961
-3.60946
-3.61006
-3.61067
-3.61037
-3.61082
-3.61173
-3.61218
-3.61233
-3.61188
-3.61173
-3.61218
-3.61249
-3.61188
-3.61234
-3.61249
-3.61279
-3.61279
-3.61264
-3.61339
-3.61354
-3.61415
-3.6143
-3.61445
-3.61475
-3.61415
-3.61415
-3.6146
-3.61491
-3.61445
-3.61415
-3.6137
-3.6143
-3.6143
-3.6149
-3.61475
-3.61506
-3.61521
-3.61611
-3.61626
-3.61596
-3.61611
-3.6158
-3.6158
-3.61596
-3.61611
-3.61626
-3.61566
-3.61461
-3.61491
-3.61385
-3.61355
-3.61354
-3.61309
-3.61324
-3.61354
-3.61475
-3.61354
-3.61385
-3.61309
-3.6134
-3.61294
-3.61294
-3.61415
-3.6137
-3.61324
-3.61324
-3.61294
-3.61325
-3.61401
-3.61431
-3.6134
-3.61385
-3.614
-3.6143
-3.61325
-3.6137
-3.614
-3.6143
-3.61309
-3.61309
-3.61279
-3.61264
-3.61234
-3.61189
-3.61129
-3.61219
-3.61219
-3.61264
-3.61294
-3.61294
-3.6134
-3.6137
-3.61355
-3.6137
-3.61385
-3.61551
-3.61581
-3.61657
-3.61672
-3.61687
-3.61733
-3.61748
-3.61687
-3.61717
-3.61778
-3.61808
-3.61899
-3.62005
-3.61989
-3.61944
-3.61929
-3.61959
-3.61899
-3.61914
-3.61929
-3.62065
-3.6217
-3.6214
-3.6211
-3.6214
-3.6208
-3.62185
-3.62216
-3.6208
-3.6205
-3.62125
-3.61944
-3.61974
-3.62065
-3.61989
-3.61853
-3.61763
-3.61717
-3.61581
-3.61626
-3.61747
-3.61732
-3.61748
-3.61823
-3.61778
-3.61778
-3.61748
-3.61838
-3.61793
-3.61642
-3.61627
-3.61642
-3.61597
-3.61551
-3.61581
-3.61672
-3.61687
-3.61641
-3.61581
-3.61626
-3.61581
-3.61611
-3.61596
-3.61657
-3.61672
-3.61642
-3.61748
-3.61808
-3.61808
-3.61824
-3.61688
-3.61597
-3.61521
-3.61506
-3.61551
-3.61551
-3.61566
-3.61566
-3.61581
-3.61551
-3.61596
-3.61642
-3.61506
-3.61642
-3.61673
-3.61718
-3.61672
-3.61642
-3.61627
-3.61657
-3.61657
-3.61611
-3.61657
-3.61566
-3.61536
-3.61551
-3.61521
-3.61567
-3.61506
-3.61537
-3.61521
-3.61521
-3.61506
-3.61475
-3.6143
-3.61203
-3.61234
-3.61204
-3.61249
-3.61325
-3.61445
-3.61506
-3.61536
-3.61506
-3.61521
-3.61521
-3.61416
-3.61491
-3.61522
-3.61552
-3.61612
-3.61612
-3.61642
-3.61657
-3.61627
-3.61627
-3.61778
-3.61732
-3.61687
-3.61793
-3.61778
-3.61687
-3.61657
-3.61703
-3.61748
-3.61794
-3.61808
-3.61823
-3.61793
-3.61778
-3.61793
-3.61868
-3.61793
-3.61747
-3.61793
-3.61762
-3.61687
-3.61611
-3.61642
-3.61627
-3.61687
-3.61642
-3.61627
-3.61612
-3.61642
-3.61657
-3.61582
-3.61733
-3.61763
-3.61763
-3.61672
-3.61642
-3.61612
-3.61581
-3.61687
-3.61748
-3.61748
-3.61717
-3.61778
-3.61687
-3.61763
-3.61778
-3.61823
-3.61974
-3.61974
-3.62004
-3.61944
-3.61868
-3.61808
-3.61687
-3.61732
-3.61732
-3.61566
-3.61551
-3.61506
-3.61461
-3.61521
-3.61612
-3.61627
-3.61611
-3.61626
-3.61581
-3.61551
-3.61611
-3.61641
-3.61596
-3.61687
-3.61582
-3.61612
-3.61551
-3.61596
-3.61611
-3.61596
-3.61687
-3.61597
-3.61702
-3.61687
-3.61687
-3.61732
-3.61717
-3.61777
-3.61702
-3.61717
-3.61657
-3.61551
-3.61582
-3.61582
-3.61536
-3.61551
-3.61582
-3.61551
-3.61566
-3.61581
-3.61581
-3.61476
-3.61596
-3.61702
-3.61642
-3.61566
-3.61626
-3.61596
-3.61642
-3.61627
-3.61567
-3.61552
-3.61506
-3.61476
-3.61415
-3.61445
-3.61475
-3.61445
-3.61324
-3.61294
-3.6137
-3.61385
-3.61476
-3.61521
-3.61536
-3.61461
-3.61521
-3.61415
-3.61521
-3.61521
-3.614
-3.614
-3.6143
-3.61445
-3.61536
-3.61566
-3.61627
-3.61612
-3.61733
-3.61672
-3.61657
-3.61642
-3.61763
-3.61672
-3.61581
-3.61627
-3.61596
-3.61581
-3.61581
-3.61672
-3.61582
-3.61642
-3.61582
-3.61521
-3.61506
-3.61551
-3.61642
-3.61506
-3.6146
-3.61521
-3.61642
-3.61717
-3.61778
-3.61733
-3.61733
-3.61794
-3.61703
-3.61657
-3.61566
-3.61566
-3.61475
-3.6146
-3.6143
-3.6143
-3.61309
-3.61264
-3.61279
-3.61234
-3.61174
-3.61174
-3.61295
-3.61325
-3.61355
-3.6137
-3.61551
-3.61536
-3.61506
-3.6146
-3.61521
-3.61596
-3.61566
-3.61717
-3.61687
-3.61748
-3.61763
-3.61778
-3.61869
-3.62005
-3.61899
-3.61854
-3.61914
-3.61914
-3.61854
-3.61854
-3.61839
-3.61824
-3.61808
-3.61823
-3.61853
-3.61763
-3.61763
-3.61733
-3.61824
-3.61824
-3.61703
-3.61612
-3.61717
-3.61747
-3.61838
-3.61868
-3.61914
-3.61854
-3.61839
-3.61703
-3.61778
-3.61854
-3.61809
-3.61885
-3.61945
-3.619
-3.61915
-3.61778
-3.61824
-3.61854
-3.61808
-3.61747
-3.61657
-3.61642
-3.61657
-3.61733
-3.61763
-3.61733
-3.61793
-3.61733
-3.61703
-3.61597
-3.61612
-3.61658
-3.61552
-3.61491
-3.61491
-3.61521
-3.61521
-3.61506
-3.61355
-3.61386
-3.61416
-3.61386
-3.61416
-3.61295
-3.6131
-3.6131
-3.61219
-3.61204
-3.61129
-3.61144
-3.61295
-3.61355
-3.61295
-3.61325
-3.61371
-3.61355
-3.6134
-3.61279
-3.61355
-3.61431
-3.61416
-3.61416
-3.61492
-3.61446
-3.61356
-3.61386
-3.61491
-3.61537
-3.61431
-3.61461
-3.61461
-3.61597
-3.61582
-3.61522
-3.61461
-3.61431
-3.61491
-3.61491
-3.61461
-3.61446
-3.61446
-3.61491
-3.61537
-3.61613
-3.61568
-3.61704
-3.61764
-3.61704
-3.61628
-3.61673
-3.61582
-3.61506
-3.61521
-3.61567
-3.61567
-3.61597
-3.61613
-3.61447
-3.61432
-3.61568
-3.61522
-3.61522
-3.61522
-3.61507
-3.61567
-3.61583
-3.61582
-3.61537
-3.61612
-3.61597
-3.61552
-3.61506
-3.61552
-3.61492
-3.61462
-3.61583
-3.61719
-3.61764
-3.6178
-3.61764
-3.61809
-3.61809
-3.61809
-3.61794
-3.61809
-3.61824
-3.61733
-3.61718
-3.61763
-3.61763
-3.61779
-3.61764
-3.61703
-3.61688
-3.61643
-3.61583
-3.61597
-3.61597
-3.61597
-3.61567
-3.61612
-3.61506
-3.61416
-3.61355
-3.61295
-3.61371
-3.61431
-3.61492
-3.61491
-3.61582
-3.61672
-3.61596
-3.61521
-3.61461
-3.61506
-3.61521
-3.61537
-3.61507
-3.61447
-3.61462
-3.61462
-3.6131
-3.61265
-3.61234
-3.61355
-3.61461
-3.61537
-3.61522
-3.61537
-3.61613
-3.61658
-3.61658
-3.61688
-3.61718
-3.61718
-3.61763
-3.61854
-3.61869
-3.61793
-3.61748
-3.61778
-3.61748
-3.61824
-3.61808
-3.61733
-3.61733
-3.61733
-3.61748
-3.61718
-3.61794
-3.61794
-3.61809
-3.61794
-3.619
-3.61884
-3.61794
-3.61794
-3.61748
-3.61688
-3.61627
-3.61552
-3.61582
-3.61658
-3.61658
-3.61703
-3.61643
-3.61537
-3.61446
-3.61431
-3.6137
-3.61461
-3.61325
-3.6125
-3.61265
-3.6131
-3.6131
-3.61386
-3.61401
-3.6134
-3.6125
-3.61174
-3.61219
-3.61234
-3.6131
-3.61219
-3.6125
-3.6137
-3.6131
-3.6131
-3.61265
-3.61189
-3.61189
-3.61279
-3.61415
-3.6143
-3.61521
-3.61506
-3.61446
-3.61552
-3.61446
-3.61401
-3.61506
-3.61521
-3.61521
-3.61521
-3.61491
-3.61536
-3.61506
-3.61491
-3.61582
-3.61657
-3.61688
-3.61718
-3.61793
-3.61854
-3.61823
-3.61763
-3.61823
-3.62035
-3.62004
-3.61929
-3.61869
-3.61854
-3.61884
-3.61944
-3.6199
-3.61899
-3.61824
-3.61809
-3.61839
-3.61884
-3.61854
-3.61869
-3.61808
-3.61718
-3.61718
-3.61718
-3.61718
-3.61718
-3.61733
-3.61733
-3.61687
-3.61567
-3.61551
-3.61672
-3.61657
-3.61657
-3.61673
-3.61642
-3.61642
-3.61552
-3.61552
-3.61567
-3.61551
-3.61521
-3.61566
-3.61581
-3.61506
-3.61536
-3.61612
-3.61612
-3.61672
-3.61718
-3.61718
-3.61672
-3.61733
-3.61854
-3.61884
-3.61869
-3.61793
-3.61808
-3.61763
-3.61748
-3.61702
-3.61763
-3.61808
-3.61808
-3.61778
-3.61748
-3.61854
-3.61854
-3.61838
-3.61838
-3.61854
-3.61838
-3.61944
-3.61899
-3.62035
-3.6211
-3.62065
-3.6211
-3.6208
-3.62141
-3.62201
-3.62277
-3.62247
-3.62246
-3.62186
-3.62216
-3.62156
-3.62095
-3.62095
-3.61974
-3.61929
-3.61929
-3.61975
-3.6202
-3.62141
-3.62035
-3.6193
-3.6196
-3.62035
-3.6199
-3.62095
-3.6211
-3.62019
-3.62095
-3.6217
-3.62291
-3.6214
-3.6214
-3.62125
-3.62065
-3.6205
-3.62141
-3.6199
-3.6193
-3.62005
-3.61915
-3.61945
-3.61944
-3.6202
-3.62034
-3.61989
-3.62019
-3.61883
-3.61884
-3.61884
-3.61763
-3.61733
-3.61703
-3.61612
-3.61687
-3.61732
-3.61777
-3.61747
-3.61747
-3.61687
-3.61672
-3.61597
-3.61582
-3.61657
-3.61718
-3.61763
-3.61808
-3.61854
-3.61703
-3.61702
-3.61687
-3.61687
-3.61687
-3.61687
-3.61612
-3.61582
-3.61567
-3.61491
-3.61537
-3.61491
-3.61446
-3.61491
-3.61476
-3.61431
-3.61476
-3.61416
-3.6137
-3.6131
-3.61325
-3.6134
-3.61385
-3.6131
-3.6131
-3.6134
-3.61324
-3.61294
-3.61324
-3.61461
-3.61461
-3.61461
-3.61506
-3.61536
-3.61612
-3.61582
-3.61566
-3.61582
-3.61642
-3.61733
-3.61733
-3.61733
-3.61808
-3.61672
-3.61763
-3.61793
-3.61748
-3.61854
-3.61854
-3.61929
-3.61914
-3.61808
-3.61823
-3.61898
-3.61883
-3.61853
-3.61777
-3.61687
-3.61611
-3.61581
-3.61521
-3.61506
-3.61476
-3.61506
-3.61582
-3.61642
-3.61642
-3.61657
-3.61672
-3.61612
-3.61521
-3.61506
-3.61581
-3.61597
-3.61612
-3.61566
-3.61521
-3.61506
-3.61461
-3.61521
-3.61611
-3.61747
-3.61808
-3.61808
-3.61884
-3.61914
-3.61884
-3.61884
-3.61854
-3.61839
-3.61854
-3.61914
-3.61899
-3.61823
-3.61838
-3.61883
-3.61822
-3.61747
-3.61716
-3.61716
-3.61702
-3.61687
-3.61581
-3.61642
-3.61672
-3.61718
-3.61582
-3.61597
-3.61597
-3.61627
-3.61642
-3.61626
-3.61672
-3.61596
-3.61626
-3.61596
-3.61521
-3.61476
-3.61536
-3.61627
-3.61627
-3.61612
-3.61672
-3.61702
-3.61657
-3.61612
-3.61596
-3.61566
-3.61551
-3.61612
-3.61687
-3.61657
-3.61703
-3.61582
-3.61672
-3.61808
-3.61718
-3.61733
-3.61748
-3.61793
-3.61702
-3.61748
-3.61703
-3.61627
-3.61552
-3.61688
-3.61718
-3.61748
-3.61869
-3.61869
-3.61945
-3.6199
-3.6196
-3.61824
-3.61748
-3.61779
-3.61839
-3.61869
-3.61884
-3.61929
-3.61989
-3.6199
-3.61959
-3.6205
-3.6202
-3.62036
-3.6199
-3.6202
-3.62081
-3.62141
-3.62141
-3.62066
-3.62005
-3.6196
-3.6199
-3.6202
-3.6199
-3.61959
-3.61854
-3.61733
-3.61627
-3.61657
-3.61672
-3.61627
-3.61581
-3.61551
-3.61551
-3.61476
-3.6143
-3.614
-3.6131
-3.61234
-3.61295
-3.61401
-3.61446
-3.61552
-3.61567
-3.61521
-3.61446
-3.61416
-3.6137
-3.61385
-3.6131
-3.6137
-3.6131
-3.61401
-3.61386
-3.61401
-3.61552
-3.61597
-3.61673
-3.61702
-3.61748
-3.61687
-3.61763
-3.61808
-3.61929
-3.61914
-3.6199
-3.62005
-3.6208
-3.62126
-3.62141
-3.62035
-3.62005
-3.61915
-3.61945
-3.61945
-3.61929
-3.6202
-3.61929
-3.61929
-3.6202
-3.6211
-3.62035
-3.61944
-3.61869
-3.61914
-3.61975
-3.61975
-3.61975
-3.61975
-3.62005
-3.6202
-3.61989
-3.61974
-3.61959
-3.61975
-3.61975
-3.61929
-3.61945
-3.6196
-3.61899
-3.61823
-3.61853
-3.61868
-3.61868
-3.61838
-3.61762
-3.61763
-3.61778
-3.61823
-3.61869
-3.61929
-3.61869
-3.61929
-3.61838
-3.61974
-3.62065
-3.62019
-3.6211
-3.61989
-3.61899
-3.61899
-3.61929
-3.61944
-3.62034
-3.62095
-3.62095
-3.62019
-3.61884
-3.61914
-3.61929
-3.6196
-3.62005
-3.6196
-3.6199
-3.62065
-3.6211
-3.62095
-3.61989
-3.61913
-3.62004
-3.62004
-3.62005
-3.61944
-3.62005
-3.6205
-3.6202
-3.62096
-3.61974
-3.61944
-3.62004
-3.61929
-3.61898
-3.61838
-3.61838
-3.61838
-3.61868
-3.61929
-3.61868
-3.61808
-3.61702
-3.61642
-3.61627
-3.61581
-3.61506
-3.61551
-3.61506
-3.61461
-3.61491
-3.61506
-3.6146
-3.61445
-3.61536
-3.61611
-3.61566
-3.61626
-3.61566
-3.61581
-3.61627
-3.61687
-3.61793
-3.61839
-3.61869
-3.61778
-3.61793
-3.61884
-3.61884
-3.61718
-3.61642
-3.61552
-3.61551
-3.61597
-3.61581
-3.61506
-3.61506
-3.61567
-3.61476
-3.61446
-3.61582
-3.61658
-3.61628
-3.61582
-3.61597
-3.61567
-3.61688
-3.61642
-3.61642
-3.61672
-3.61642
-3.61582
-3.61567
-3.61567
-3.61491
-3.61401
-3.61431
-3.61445
-3.61536
-3.61446
-3.61476
-3.61612
-3.61627
-3.61552
-3.61552
-3.61537
-3.61567
-3.61522
-3.61506
-3.61612
-3.61612
-3.61566
-3.61521
-3.61596
-3.61596
-3.61687
-3.61672
-3.61612
-3.61703
-3.61703
-3.61733
-3.61718
-3.61748
-3.61793
-3.61717
-3.61702
-3.61778
-3.61732
-3.61808
-3.61808
-3.61838
-3.61869
-3.61854
-3.61974
-3.61959
-3.61989
-3.61974
-3.62004
-3.61898
-3.61899
-3.61793
-3.61839
-3.61839
-3.61869
-3.61763
-3.61672
-3.61627
-3.61597
-3.61597
-3.61687
-3.61763
-3.61763
-3.61853
-3.61838
-3.61989
-3.61974
-3.61974
-3.61929
-3.6202
-3.61869
-3.61869
-3.61898
-3.61838
-3.61837
-3.61868
-3.61793
-3.61778
-3.61808
-3.61763
-3.61657
-3.61582
-3.61596
-3.61611
-3.61687
-3.61732
-3.61792
-3.61898
-3.61838
-3.61808
-3.61839
-3.61809
-3.61748
-3.61718
-3.61763
-3.61823
-3.61838
-3.61778
-3.61868
-3.61838
-3.61778
-3.61778
-3.61838
-3.61762
-3.61747
-3.61702
-3.61672
-3.61611
-3.61536
-3.61611
-3.61566
-3.61611
-3.61627
-3.61657
-3.61687
-3.61763
-3.61702
-3.61763
-3.61733
-3.61748
-3.61687
-3.61733
-3.61733
-3.61793
-3.61672
-3.61657
-3.61748
-3.61763
-3.61657
-3.61567
-3.61657
-3.61748
-3.61657
-3.61657
-3.61703
-3.61733
-3.61627
-3.61627
-3.61552
-3.61536
-3.61567
-3.61537
-3.61537
-3.61431
-3.61522
-3.61461
-3.61416
-3.614
-3.6137
-3.6134
-3.61416
-3.61552
-3.61537
-3.61371
-3.61401
-3.61371
-3.61401
-3.61401
-3.6134
-3.61341
-3.6128
-3.61311
-3.6128
-3.61325
-3.61371
-3.6137
-3.6134
-3.6128
-3.61355
-3.61431
-3.61401
-3.61401
-3.61416
-3.61431
-3.61477
-3.61371
-3.61295
-3.6125
-3.6125
-3.6125
-3.6125
-3.61159
-3.61235
-3.6128
-3.6131
-3.61386
-3.6128
-3.6128
-3.6134
-3.61325
-3.6134
-3.61219
-3.61204
-3.61204
-3.61219
-3.6125
-3.61204
-3.61234
-3.61325
-3.61401
-3.61385
-3.61446
-3.61355
-3.61355
-3.6134
-3.61491
-3.61552
-3.61627
-3.61597
-3.61627
-3.61657
-3.61733
-3.61673
-3.61673
-3.61673
-3.61567
-3.61506
-3.61491
-3.61492
-3.61476
-3.61371
-3.61386
-3.61416
-3.6134
-3.6134
-3.6128
-3.61371
-3.61462
-3.61446
-3.61416
-3.61462
-3.61401
-3.61507
-3.61507
-3.61446
-3.61416
-3.61506
-3.61582
-3.61627
-3.61567
-3.61612
-3.61612
-3.61597
-3.61764
-3.61748
-3.61748
-3.61688
-3.61612
-3.61688
-3.61627
-3.61597
-3.61628
-3.61643
-3.61628
-3.61613
-3.61703
-3.61749
-3.61794
-3.61779
-3.61763
-3.61672
-3.61642
-3.61597
-3.61537
-3.61612
-3.61658
-3.61582
-3.61627
-3.61673
-3.61718
-3.61627
-3.61657
-3.61672
-3.61658
-3.61492
-3.61371
-3.61492
-3.61507
-3.61506
-3.61385
-3.61446
-3.61521
-3.61355
-3.61386
-3.61446
-3.61537
-3.61628
-3.61658
-3.61658
-3.61612
-3.61642
-3.61582
-3.61567
-3.61582
-3.61415
-3.61415
-3.61325
-3.61264
-3.61264
-3.61264
-3.61234
-3.61264
-3.6134
-3.6137
-3.61446
-3.61401
-3.61416
-3.61431
-3.61431
-3.61431
-3.61521
-3.61687
-3.61657
-3.61793
-3.61869
-3.61854
-3.61854
-3.61793
-3.61794
-3.61884
-3.61915
-3.61854
-3.61838
-3.61793
-3.61808
-3.61733
-3.61718
-3.61643
-3.61628
-3.61673
-3.61643
-3.61658
-3.61673
-3.61703
-3.61703
-3.61748
-3.61748
-3.61778
-3.61748
-3.61793
-3.61793
-3.61778
-3.61824
-3.61793
-3.61839
-3.61945
-3.61945
-3.6193
-3.61945
-3.61854
-3.61869
-3.61884
-3.61899
-3.61853
-3.61898
-3.61959
-3.61974
-3.62004
-3.6208
-3.62125
-3.62125
-3.62035
-3.61929
-3.62035
-3.6199
-3.61899
-3.61884
-3.61929
-3.61959
-3.61944
-3.61929
-3.61853
-3.61763
-3.61793
-3.61763
-3.61733
-3.61657
-3.61718
-3.61657
-3.61672
-3.61641
-3.61581
-3.61581
-3.61476
-3.61566
-3.61627
-3.61703
-3.61778
-3.61748
-3.61732
-3.61672
-3.61627
-3.61627
-3.61657
-3.61642
-3.61612
-3.61581
-3.61581
-3.61627
-3.61611
-3.61566
-3.61596
-3.61566
-3.61642
-3.61566
-3.61476
-3.61552
-3.61657
-3.61582
-3.61536
-3.61475
-3.6152
-3.6146
-3.6143
-3.61339
-3.61249
-3.61203
-3.61127
-3.61158
-3.61112
-3.61188
-3.61294
-3.61279
-3.61264
-3.61264
-3.61264
-3.61279
-3.61264
-3.614
-3.6143
-3.61399
-3.61309
-3.61233
-3.61188
-3.61203
-3.61113
-3.61188
-3.61218
-3.61249
-3.61234
-3.61218
-3.61233
-3.61294
-3.61354
-3.61248
-3.61279
-3.61264
-3.61234
-3.61188
-3.61249
-3.61188
-3.61112
-3.61173
-3.61309
-3.61233
-3.61294
-3.61324
-3.61309
-3.61279
-3.61294
-3.61309
-3.61324
-3.61324
-3.61279
-3.61339
-3.61248
-3.61218
-3.61309
-3.61384
-3.61294
-3.61324
-3.61264
-3.61309
-3.61294
-3.61325
-3.6131
-3.61264
-3.61203
-3.61158
-3.61067
-3.60947
-3.60916
-3.60886
-3.60841
-3.60841
-3.60901
-3.60931
-3.60931
-3.60961
-3.60886
-3.60826
-3.60856
-3.60825
-3.60825
-3.60916
-3.60856
-3.60795
-3.6072
-3.60795
-3.6078
-3.60765
-3.60719
-3.6078
-3.60871
-3.61037
-3.61067
-3.61052
-3.61113
-3.61067
-3.60977
-3.61022
-3.61158
-3.61188
-3.61143
-3.61128
-3.61173
-3.61098
-3.61128
-3.61143
-3.61082
-3.61128
-3.61128
-3.61128
-3.61128
-3.61112
-3.61082
-3.61052
-3.61143
-3.61158
-3.61203
-3.61249
-3.61249
-3.61324
-3.61249
-3.61294
-3.6134
-3.61324
-3.61491
-3.61506
-3.61521
-3.61566
-3.61596
-3.61536
-3.61551
-3.6149
-3.61445
-3.6146
-3.61506
-3.61491
-3.61521
-3.61566
-3.61566
-3.61506
-3.61551
-3.61506
-3.614
-3.61324
-3.61309
-3.61278
-3.61293
-3.61309
-3.61384
-3.61475
-3.61476
-3.61445
-3.61476
-3.61506
-3.61491
-3.61476
-3.6146
-3.61415
-3.61475
-3.6149
-3.61459
-3.61369
-3.61293
-3.61369
-3.61324
-3.61354
-3.61339
-3.61324
-3.61308
-3.61339
-3.61369
-3.61339
-3.61279
-3.6134
-3.61324
-3.61415
-3.6137
-3.61324
-3.61278
-3.61354
-3.61399
-3.61368
-3.61338
-3.61263
-3.61308
-3.61414
-3.61324
-3.61339
-3.61294
-3.61294
-3.6143
-3.614
-3.61309
-3.6146
-3.6155
-3.6152
-3.61565
-3.6155
-3.61505
-3.61445
-3.61475
-3.61369
-3.61354
-3.61324
-3.61354
-3.61414
-3.61459
-3.6149
-3.6152
-3.61475
-3.61551
-3.61551
-3.61506
-3.61551
-3.61551
-3.61551
-3.6146
-3.6149
-3.6149
-3.61475
-3.6152
-3.6155
-3.61565
-3.61475
-3.6146
-3.61536
-3.61536
-3.61475
-3.61279
-3.61264
-3.61263
-3.61414
-3.61429
-3.6155
-3.61505
-3.61535
-3.6146
-3.61354
-3.61445
-3.61385
-3.61369
-3.61445
-3.61535
-3.6152
-3.61475
-3.61445
-3.6149
-3.61521
-3.61551
-3.61581
-3.61566
-3.6152
-3.61641
-3.6155
-3.61611
-3.61596
-3.61581
-3.61535
-3.61611
-3.61566
-3.61656
-3.61656
-3.61717
-3.61792
-3.61732
-3.61792
-3.61732
-3.61566
-3.61596
-3.61535
-3.61611
-3.61626
-3.61505
-3.6149
-3.6143
-3.61505
-3.61506
-3.61491
-3.614
-3.614
-3.6146
-3.6146
-3.6146
-3.61415
-3.6143
-3.61414
-3.61384
-3.6155
-3.61566
-3.6146
-3.61505
-3.6149
-3.61384
-3.61354
-3.61384
-3.61445
-3.6146
-3.6143
-3.61445
-3.61354
-3.6137
-3.6149
-3.61506
-3.61521
-3.61521
-3.6143
-3.6146
-3.61415
-3.61384
-3.61399
-3.61399
-3.61309
-3.61309
-3.61249
-3.61249
-3.61279
-3.61188
-3.61294
-3.61279
-3.61249
-3.61279
-3.61294
-3.61354
-3.61324
-3.61415
-3.61505
-3.6143
-3.61506
-3.61581
-3.61551
-3.61551
-3.61536
-3.61475
-3.61505
-3.61535
-3.61671
-3.61701
-3.61747
-3.61732
-3.61717
-3.61732
-3.61687
-3.61717
-3.61747
-3.61793
-3.61808
-3.61747
-3.61748
-3.61657
-3.61687
-3.61536
-3.61566
-3.61551
-3.61506
-3.61597
-3.61642
-3.61687
-3.61642
-3.61657
-3.61732
-3.61717
-3.61853
-3.61929
-3.61898
-3.61838
-3.61808
-3.61929
-3.61959
-3.61989
-3.6205
-3.61959
-3.61899
-3.61853
-3.61808
-3.61762
-3.61747
-3.61657
-3.61581
-3.61597
-3.61642
-3.61657
-3.61642
-3.61596
-3.61536
-3.61551
-3.61566
-3.61536
-3.61551
-3.61626
-3.61641
-3.61611
-3.61581
-3.61612
-3.61597
-3.61627
-3.61612
-3.61627
-3.61596
-3.61732
-3.61687
-3.61717
-3.61762
-3.61808
-3.61883
-3.61899
-3.61823
-3.61868
-3.61838
-3.61823
-3.61823
-3.61838
-3.61792
-3.61762
-3.61747
-3.61641
-3.61581
-3.61536
-3.61566
-3.61566
-3.61491
-3.61475
-3.6149
-3.6149
-3.6152
-3.61626
-3.61505
-3.61475
-3.6146
-3.6146
-3.61535
-3.61611
-3.61656
-3.61732
-3.61747
-3.61732
-3.61792
-3.61837
-3.61777
-3.61701
-3.61777
-3.61898
-3.61913
-3.61868
-3.61959
-3.61943
-3.62004
-3.61898
-3.62003
-3.62155
-3.62109
-3.62034
-3.6208
-3.62095
-3.62095
-3.6208
-3.62004
-3.61928
-3.61943
-3.61913
-3.61837
-3.61867
-3.61867
-3.61777
-3.61822
-3.61762
-3.61687
-3.61717
-3.61657
-3.61657
-3.61611
-3.61641
-3.61596
-3.6155
-3.61551
-3.61566
-3.6155
-3.61626
-3.61581
-3.6149
-3.61521
-3.61536
-3.61536
-3.61611
-3.61656
-3.61702
-3.61732
-3.61793
-3.61823
-3.61883
-3.61883
-3.61883
-3.61928
-3.61837
-3.61822
-3.61868
-3.61898
-3.61974
-3.61822
-3.61746
-3.61792
-3.61822
-3.61944
-3.61974
-3.61989
-3.62065
-3.61974
-3.62034
-3.62049
-3.62034
-3.62064
-3.62155
-3.622
-3.6211
-3.62095
-3.62064
-3.62185
-3.6214
-3.62095
-3.62231
-3.62201
-3.62156
-3.62125
-3.62005
-3.61975
-3.6199
-3.62005
-3.61914
-3.61989
-3.61944
-3.62019
-3.6211
-3.62095
-3.6208
-3.6211
-3.6211
-3.62035
-3.62005
-3.6199
-3.61959
-3.6199
-3.62095
-3.6211
-3.62094
-3.62019
-3.62003
-3.61928
-3.61898
-3.61823
-3.61838
-3.61899
-3.61838
-3.61838
-3.61898
-3.61898
-3.61943
-3.61928
-3.61959
-3.62019
-3.62019
-3.62004
-3.62019
-3.61989
-3.61929
-3.61959
-3.62004
-3.61944
-3.61928
-3.61913
-3.61853
-3.61838
-3.61868
-3.61883
-3.61762
-3.61672
-3.61747
-3.61748
-3.61763
-3.61854
-3.61929
-3.61884
-3.61853
-3.61914
-3.61959
-3.61928
-3.62004
-3.62079
-3.62155
-3.62216
-3.62216
-3.62216
-3.62186
-3.62231
-3.62231
-3.62216
-3.62201
-3.62246
-3.62216
-3.62246
-3.62201
-3.6208
-3.62231
-3.6211
-3.62125
-3.6202
-3.62095
-3.61929
-3.61914
-3.61914
-3.61868
-3.61899
-3.61914
-3.61914
-3.61898
-3.61974
-3.61958
-3.61883
-3.61823
-3.61763
-3.61657
-3.61702
-3.61717
-3.61687
-3.61702
-3.61687
-3.61702
-3.61823
-3.61838
-3.61793
-3.61747
-3.61732
-3.61747
-3.61702
-3.61626
-3.61521
-3.61505
-3.61521
-3.6149
-3.61536
-3.61491
-3.61597
-3.61582
-3.61582
-3.61673
-3.61612
-3.61567
-3.61567
-3.61521
-3.6152
-3.61535
-3.61535
-3.61565
-3.61672
-3.61566
-3.61582
-3.61582
-3.61672
-3.61657
-3.61717
-3.61657
-3.61642
-3.61611
-3.61551
-3.61566
-3.61626
-3.61672
-3.61763
-3.61838
-3.61839
-3.61884
-3.6199
-3.62035
-3.6208
-3.62079
-3.61989
-3.61928
-3.61914
-3.62035
-3.61899
-3.61838
-3.61763
-3.61763
-3.61808
-3.61854
-3.61854
-3.61929
-3.61974
-3.61914
-3.61929
-3.61898
-3.61929
-3.61898
-3.61823
-3.61898
-3.61853
-3.61823
-3.61838
-3.61808
-3.61793
-3.61929
-3.61959
-3.6202
-3.62156
-3.62171
-3.62231
-3.62232
-3.62186
-3.62141
-3.62066
-3.62156
-3.6211
-3.62095
-3.62185
-3.62261
-3.62231
-3.62261
-3.62277
-3.62337
-3.62277
-3.62247
-3.62201
-3.62186
-3.62186
-3.62171
-3.62096
-3.62126
-3.62201
-3.62156
-3.62126
-3.62126
-3.62111
-3.62156
-3.62035
-3.61974
-3.61914
-3.61839
-3.61793
-3.61703
-3.61793
-3.61824
-3.61839
-3.61838
-3.61853
-3.61959
-3.61959
-3.61959
-3.62005
-3.61975
-3.6199
-3.62021
-3.62021
-3.62005
-3.62005
-3.6208
-3.6205
-3.62019
-3.6205
-3.61959
-3.61944
-3.61974
-3.61914
-3.61929
-3.61959
-3.6205
-3.6205
-3.62051
-3.61975
-3.6199
-3.61959
-3.61989
-3.62034
-3.62004
-3.61974
-3.61944
-3.61974
-3.61899
-3.61914
-3.61914
-3.61914
-3.61944
-3.61884
-3.61793
-3.61687
-3.61581
-3.61642
-3.61461
-3.6143
-3.61597
-3.61627
-3.61596
-3.61627
-3.61702
-3.61687
-3.61657
-3.61612
-3.61536
-3.61537
-3.61582
-3.61567
-3.61566
-3.61506
-3.61521
-3.61294
-3.61294
-3.61324
-3.61294
-3.61385
-3.6146
-3.61475
-3.61536
-3.61445
-3.61521
-3.61536
-3.61521
-3.6146
-3.6146
-3.61385
-3.61415
-3.61445
-3.6146
-3.61445
-3.61551
-3.61596
-3.61611
-3.61505
-3.6146
-3.61506
-3.61476
-3.61461
-3.61461
-3.61521
-3.61536
-3.61656
-3.61626
-3.61702
-3.61717
-3.61641
-3.61671
-3.61611
-3.61551
-3.61475
-3.6146
-3.61324
-3.61339
-3.6149
-3.61475
-3.6152
-3.61445
-3.6146
-3.61581
-3.61536
-3.61536
-3.6149
-3.61475
-3.6152
-3.6149
-3.6155
-3.61596
-3.61671
-3.61731
-3.61837
-3.61821
-3.6167
-3.61701
-3.61776
-3.61852
-3.61837
-3.61853
-3.61913
-3.61928
-3.61943
-3.61898
-3.61837
-3.61882
-3.61852
-3.61807
-3.61776
-3.61625
-3.6161
-3.61626
-3.61641
-3.61792
-3.61868
-3.61928
-3.61913
-3.61928
-3.61898
-3.61853
-3.61777
-3.61777
-3.61686
-3.61761
-3.61746
-3.61746
-3.61731
-3.61792
-3.61777
-3.61747
-3.61777
-3.61702
-3.61702
-3.61747
-3.61732
-3.61686
-3.61701
-3.61611
-3.61686
-3.61716
-3.61731
-3.61777
-3.61807
-3.61852
-3.61928
-3.61898
-3.61974
-3.61989
-3.61943
-3.61989
-3.61973
-3.61943
-3.61913
-3.62079
-3.62004
-3.61928
-3.61958
-3.61988
-3.61912
-3.61882
-3.61822
-3.61882
-3.61868
-3.61837
-3.61792
-3.61747
-3.61777
-3.61716
-3.6158
-3.61641
-3.61565
-3.61565
-3.61444
-3.61489
-3.61368
-3.61459
-3.61399
-3.61369
-3.61339
-3.6146
-3.61415
-3.61415
-3.61415
-3.61309
-3.61339
-3.61384
-3.6149
-3.61444
-3.61414
-3.61399
-3.61384
-3.61504
-3.61444
-3.61414
-3.61459
-3.61475
-3.61429
-3.61445
-3.61399
-3.61384
-3.61339
-3.61293
-3.61399
-3.61384
-3.61399
-3.61369
-3.61354
-3.61294
-3.61354
-3.6149
-3.6158
-3.61565
-3.61534
-3.61534
-3.61549
-3.61579
-3.61549
-3.61565
-3.61459
-3.61384
-3.6149
-3.61595
-3.61626
-3.61626
-3.61565
-3.61626
-3.61671
-3.61686
-3.61701
-3.61731
-3.61746
-3.61776
-3.61685
-3.6164
-3.6164
-3.6164
-3.61625
-3.61716
-3.61776
-3.61791
-3.61746
-3.61791
-3.61761
-3.61731
-3.61746
-3.61655
-3.61655
-3.6164
-3.61685
-3.61685
-3.6167
-3.61564
-3.61701
-3.61565
-3.61564
-3.61595
-3.61428
-3.61292
-3.61308
-3.61308
-3.61278
-3.61278
-3.61399
-3.61519
-3.61489
-3.61474
-3.61549
-3.61564
-3.61731
-3.617
-3.61746
-3.61821
-3.61746
-3.61776
-3.61791
-3.61716
-3.6164
-3.6164
-3.6164
-3.6167
-3.61625
-3.61564
-3.61489
-3.61534
-3.6167
-3.61746
-3.6167
-3.61731
-3.61731
-3.61761
-3.61821
-3.61821
-3.61882
-3.61972
-3.62003
-3.61927
-3.61958
-3.61973
-3.61927
-3.61806
-3.61685
-3.61731
-3.61867
-3.61791
-3.61807
-3.61897
-3.61958
-3.61928
-3.61882
-3.61958
-3.61912
-3.61836
-3.61851
-3.61791
-3.61776
-3.61852
-3.61852
-3.61777
-3.61882
-3.61912
-3.61897
-3.62079
-3.62048
-3.62093
-3.62184
-3.62229
-3.62168
-3.62153
-3.62123
-3.62017
-3.61927
-3.61821
-3.61882
-3.61927
-3.61867
-3.61791
-3.61746
-3.61746
-3.61716
-3.61776
-3.61851
-3.61776
-3.61745
-3.61685
-3.6167
-3.61609
-3.61564
-3.61549
-3.61595
-3.61685
-3.6161
-3.61595
-3.6155
-3.6155
-3.61565
-3.61565
-3.61595
-3.61534
-3.61489
-3.61459
-3.61519
-3.61504
-3.61534
-3.61519
-3.61474
-3.61459
-3.61474
-3.61504
-3.61549
-3.61625
-3.6161
-3.61579
-3.61655
-3.61746
-3.617
-3.61806
-3.61821
-3.61761
-3.61836
-3.61761
-3.61731
-3.6161
-3.61595
-3.61489
-3.61459
-3.61444
-3.61459
-3.61428
-3.61443
-3.61489
-3.61473
-3.61398
-3.61383
-3.61398
-3.61368
-3.61428
-3.61459
-3.61519
-3.61504
-3.61474
-3.61398
-3.61323
-3.61338
-3.61353
-3.61458
-3.61518
-3.61488
-3.61428
-3.61413
-3.61473
-3.61413
-3.61413
-3.61413
-3.61489
-3.61504
-3.61443
-3.61428
-3.61549
-3.61458
-3.61488
-3.61519
-3.61473
-3.61579
-3.61489
-3.61519
-3.61549
-3.61504
-3.61428
-3.61458
-3.61412
-3.61382
-3.61397
-3.61428
-3.61383
-3.61428
-3.61413
-3.61368
-3.61368
-3.61383
-3.61262
-3.61277
-3.61232
-3.61413
-3.61428
-3.61428
-3.61533
-3.61443
-3.61383
-3.61368
-3.61398
-3.61398
-3.61473
-3.61655
-3.61715
-3.61745
-3.61776
-3.61745
-3.61912
-3.61911
-3.61911
-3.61851
-3.61821
-3.61911
-3.61896
-3.61851
-3.61806
-3.61775
-3.61745
-3.61685
-3.61655
-3.61534
-3.61564
-3.61609
-3.61564
-3.61594
-3.61534
-3.61594
-3.61594
-3.61594
-3.6173
-3.61775
-3.61821
-3.61957
-3.61957
-3.61941
-3.61926
-3.61957
-3.61972
-3.62002
-3.61972
-3.61791
-3.61761
-3.61806
-3.61881
-3.61972
-3.61986
-3.62047
-3.62001
-3.61941
-3.61971
-3.61941
-3.61911
-3.61866
-3.6173
-3.6161
-3.61564
-3.61761
-3.61776
-3.61806
-3.61806
-3.61685
-3.6164
-3.6167
-3.6176
-3.617
-3.61655
-3.6167
-3.61594
-3.61791
-3.61791
-3.6167
-3.61655
-3.61655
-3.61624
-3.61639
-3.61579
-3.61564
-3.61609
-3.61489
-3.61564
-3.61579
-3.61579
-3.61564
-3.61504
-3.61504
-3.61624
-3.61548
-3.61609
-3.61609
-3.61563
-3.61564
-3.61594
-3.61594
-3.61534
-3.61489
-3.61474
-3.61398
-3.61443
-3.61428
-3.61398
-3.61413
-3.61367
-3.61292
-3.61231
-3.61246
-3.61246
-3.61276
-3.61216
-3.61322
-3.61413
-3.61459
-3.61368
-3.61338
-3.61353
-3.61444
-3.61413
-3.61488
-3.61564
-3.61594
-3.61564
-3.61564
-3.61474
-3.61519
-3.61489
-3.6155
-3.61625
-3.6164
-3.6161
-3.61625
-3.61639
-3.61594
-3.61549
-3.61503
-3.61594
-3.61579
-3.6161
-3.61564
-3.61625
-3.6161
-3.61535
-3.61519
-3.61474
-3.61443
-3.61458
-3.61503
-3.61503
-3.61367
-3.61458
-3.61397
-3.61413
-3.61337
-3.61337
-3.61428
-3.61413
-3.61307
-3.61247
-3.61141
-3.61081
-3.61065
-3.61035
-3.61035
-3.60975
-3.6096
-3.60884
-3.60838
-3.60793
-3.60793
-3.60747
-3.60823
-3.60763
-3.60839
-3.60975
-3.6099
-3.61095
-3.61126
-3.61186
-3.61413
-3.61428
-3.61503
-3.61564
-3.61625
-3.61594
-3.61579
-3.61564
-3.61669
-3.61669
-3.61715
-3.6179
-3.61654
-3.61548
-3.61639
-3.61609
-3.61851
-3.61745
-3.6167
-3.6167
-3.61685
-3.617
-3.61564
-3.61564
-3.61609
-3.61609
-3.61639
-3.61669
-3.61639
-3.61579
-3.61609
-3.61639
-3.61655
-3.6173
-3.61746
-3.61731
-3.6164
-3.61609
-3.61624
-3.61564
-3.61624
-3.61564
-3.61533
-3.61548
-3.61442
-3.61578
-3.61594
-3.61624
-3.61639
-3.61564
-3.61519
-3.6158
-3.61564
-3.6173
-3.61745
-3.61775
-3.61805
-3.61836
-3.61745
-3.61775
-3.61881
-3.61926
-3.62002
-3.61972
-3.61926
-3.61942
-3.61896
-3.61927
-3.61912
-3.61987
-3.61972
-3.61927
-3.61972
-3.61941
-3.61881
-3.61835
-3.61911
-3.61836
-3.6176
-3.61715
-3.61625
-3.61549
-3.61519
-3.61549
-3.61504
-3.61519
-3.61428
-3.61458
-3.61473
-3.61488
-3.61548
-3.61579
-3.61745
-3.61684
-3.61624
-3.61609
-3.61534
-3.61443
-3.61428
-3.61352
-3.61413
-3.61413
-3.61413
-3.61428
-3.61413
-3.61429
-3.61474
-3.61519
-3.61595
-3.6164
-3.61715
-3.61745
-3.617
-3.617
-3.61821
-3.61866
-3.61851
-3.61806
-3.61776
-3.61716
-3.61776
-3.61792
-3.61776
-3.61822
-3.61806
-3.617
-3.6167
-3.6167
-3.61791
-3.617
-3.61715
-3.6173
-3.61806
-3.61776
-3.61746
-3.61655
-3.61549
-3.61489
-3.61459
-3.61504
-3.61489
-3.61489
-3.61504
-3.61489
-3.61504
-3.61655
-3.61731
-3.61731
-3.61731
-3.617
-3.617
-3.61624
-3.61609
-3.61564
-3.61549
-3.61534
-3.6158
-3.61565
-3.6155
-3.6158
-3.6161
-3.61716
-3.61792
-3.61791
-3.61731
-3.6167
-3.61746
-3.61716
-3.6158
-3.61625
-3.61474
-3.61444
-3.61459
-3.61459
-3.61519
-3.6161
-3.61655
-3.61686
-3.61731
-3.61882
-3.61882
-3.61912
-3.61942
-3.62048
-3.62018
-3.61972
-3.61972
-3.62003
-3.62003
-3.61957
-3.62033
-3.62033
-3.62094
-3.62154
-3.62079
-3.62048
-3.62109
-3.62109
-3.61973
-3.61958
-3.61943
-3.61973
-3.61867
-3.61837
-3.61837
-3.61807
-3.61822
-3.61746
-3.61701
-3.61671
-3.61611
-3.6155
-3.6152
-3.61429
-3.61414
-3.61384
-3.61429
-3.61489
-3.6155
-3.61565
-3.6155
-3.6158
-3.61565
-3.61459
-3.6152
-3.61565
-3.61625
-3.61686
-3.61565
-3.61656
-3.61581
-3.61671
-3.61671
-3.61701
-3.61747
-3.61777
-3.61807
-3.61731
-3.61731
-3.61762
-3.61822
-3.61807
-3.61853
-3.61913
-3.61958
-3.61883
-3.61822
-3.61822
-3.61777
-3.61807
-3.61776
-3.61701
-3.6158
-3.61595
-3.61656
-3.61746
-3.61671
-3.61671
-3.61611
-3.61596
-3.61596
-3.61717
-3.61732
-3.61671
-3.61656
-3.61686
-3.61671
-3.61671
-3.61626
-3.61611
-3.61596
-3.61611
-3.6155
-3.6149
-3.61399
-3.61384
-3.61414
-3.61459
-3.61429
-3.6149
-3.61459
-3.61505
-3.61565
-3.6155
-3.6149
-3.61565
-3.6158
-3.61626
-3.61565
-3.61611
-3.61701
-3.61656
-3.61565
-3.61596
-3.61611
-3.61641
-3.61656
-3.61626
-3.61641
-3.61747
-3.61823
-3.61807
-3.61792
-3.61838
-3.61777
-3.61686
-3.61671
-3.61686
-3.61686
-3.61716
-3.6155
-3.61505
-3.61536
-3.61581
-3.61596
-3.61566
-3.61687
-3.61672
-3.61656
-3.61596
-3.61611
-3.61596
-3.6149
-3.61521
-3.61566
-3.61657
-3.61717
-3.61748
-3.61778
-3.61732
-3.61838
-3.61823
-3.61732
-3.61732
-3.61656
-3.61717
-3.61702
-3.61717
-3.61657
-3.61672
-3.61702
-3.61702
-3.61687
-3.61763
-3.61883
-3.61914
-3.61914
-3.61883
-3.62019
-3.61853
-3.61914
-3.61959
-3.61944
-3.61899
-3.61959
-3.61959
-3.61853
-3.61929
-3.61793
-3.61868
-3.61974
-3.61914
-3.61914
-3.61808
-3.61823
-3.61702
-3.61536
-3.61566
-3.61596
-3.61521
-3.61415
-3.6143
-3.61461
-3.61461
-3.61431
-3.61491
-3.61521
-3.61566
-3.6149
-3.6143
-3.61445
-3.6143
-3.6143
-3.614
-3.61325
-3.614
-3.61355
-3.61264
-3.61143
-3.61144
-3.61189
-3.61204
-3.61189
-3.61158
-3.61158
-3.61233
-3.61294
-3.61203
-3.61143
-3.61188
-3.61158
-3.61113
-3.61143
-3.61113
-3.61113
-3.61174
-3.61204
-3.61219
-3.61249
-3.61173
-3.61188
-3.61219
-3.6137
-3.61355
-3.61309
-3.61204
-3.61309
-3.61264
-3.61233
-3.61248
-3.61309
-3.61249
-3.61174
-3.61128
-3.61128
-3.61083
-3.61083
-3.61007
-3.61022
-3.61128
-3.61143
-3.61204
-3.61188
-3.61249
-3.61219
-3.61188
-3.61249
-3.61309
-3.61339
-3.61369
-3.61324
-3.61218
-3.61219
-3.61234
-3.61294
-3.61279
-3.61263
-3.61203
-3.61249
-3.61294
-3.61279
-3.6128
-3.61295
-3.61295
-3.61279
-3.61294
-3.61219
-3.61279
-3.61173
-3.61143
-3.61143
-3.61128
-3.61188
-3.61188
-3.61188
-3.61173
-3.61112
-3.61143
-3.61097
-3.61158
-3.61113
-3.61158
-3.61173
-3.61203
-3.61218
-3.61233
-3.61188
-3.61188
-3.61142
-3.61142
-3.61173
-3.61203
-3.61218
-3.61188
-3.61112
-3.61233
-3.61369
-3.61324
-3.61294
-3.61415
-3.6143
-3.61415
-3.614
-3.61324
-3.61385
-3.61445
-3.61475
-3.61551
-3.61445
-3.61415
-3.6143
-3.6149
-3.61536
-3.6149
-3.61521
-3.6152
-3.61339
-3.61369
-3.61369
-3.61384
-3.614
-3.61324
-3.61324
-3.61279
-3.6134
-3.61415
-3.61521
-3.6149
-3.61445
-3.61414
-3.61308
-3.61293
-3.61323
-3.61278
-3.61233
-3.61324
-3.6146
-3.61581
-3.61642
-3.61657
-3.61627
-3.61597
-3.61597
-3.61551
-3.61536
-3.61535
-3.6155
-3.61596
-3.61596
-3.61671
-3.61777
-3.61732
-3.61687
-3.61672
-3.61656
-3.61536
-3.61535
-3.6146
-3.61475
-3.614
-3.61369
-3.6146
-3.6152
-3.61581
-3.61702
-3.61536
-3.61521
-3.61536
-3.61551
-3.61536
-3.61581
-3.61687
-3.61717
-3.61702
-3.61612
-3.61657
-3.61702
-3.61748
-3.61838
-3.61898
-3.61929
-3.61944
-3.61974
-3.62004
-3.61929
-3.61899
-3.61929
-3.61838
-3.61854
-3.61778
-3.61823
-3.61627
-3.61536
-3.61475
-3.61611
-3.61566
-3.61505
-3.61596
-3.61582
-3.61491
-3.61612
-3.61642
-3.61702
-3.61717
-3.61702
-3.61671
-3.61702
-3.61611
-3.61626
-3.61642
-3.61687
-3.61672
-3.61748
-3.61838
-3.61717
-3.61778
-3.61838
-3.61838
-3.61778
-3.61717
-3.61747
-3.61732
-3.61732
-3.61748
-3.61718
-3.61672
-3.61718
-3.61718
-3.61748
-3.61853
-3.61883
-3.61944
-3.61853
-3.61838
-3.61838
-3.61793
-3.61823
-3.61914
-3.61823
-3.61898
-3.61899
-3.61914
-3.61854
-3.61854
-3.61869
-3.61749
-3.61839
-3.61945
-3.61914
-3.61944
-3.61929
-3.61777
-3.61792
-3.61777
-3.61717
-3.61793
-3.61732
-3.61732
-3.61732
-3.61717
-3.61702
-3.61627
-3.61703
-3.61748
-3.61567
-3.61552
-3.61597
-3.61582
-3.61612
-3.61551
-3.61581
-3.61642
-3.61597
-3.61582
-3.61536
-3.61491
-3.61506
-3.61506
-3.61476
-3.61521
-3.61415
-3.61309
-3.61249
-3.61234
-3.61325
-3.6137
-3.6134
-3.61294
-3.61189
-3.61234
-3.61355
-3.61386
-3.61355
-3.61431
-3.61491
-3.61566
-3.61475
-3.61475
-3.6146
-3.61415
-3.61264
-3.61234
-3.61144
-3.61174
-3.61129
-3.61158
-3.61204
-3.61189
-3.61219
-3.61159
-3.61038
-3.61069
-3.61083
-3.61037
-3.61097
-3.61006
-3.61097
-3.61053
-3.61068
-3.61129
-3.6122
-3.61205
-3.61371
-3.6128
-3.61234
-3.61279
-3.61309
-3.61445
-3.61491
-3.61552
-3.61612
-3.61643
-3.61613
-3.61567
-3.61491
-3.61446
-3.61294
-3.6137
-3.61476
-3.614
-3.61476
-3.61446
-3.6143
-3.61476
-3.61355
-3.61461
-3.61491
-3.61536
-3.61657
-3.61506
-3.61536
-3.61627
-3.61552
-3.61431
-3.61401
-3.61507
-3.61491
-3.6137
-3.61536
-3.61521
-3.61461
-3.61536
-3.61597
-3.61567
-3.61567
-3.61612
-3.61461
-3.61506
-3.61506
-3.61521
-3.61461
-3.61446
-3.61461
-3.61506
-3.61521
-3.61551
-3.61612
-3.61597
-3.61657
-3.61763
-3.61824
-3.61808
-3.61718
-3.61733
-3.61839
-3.61869
-3.6199
-3.61944
-3.61974
-3.61959
-3.62035
-3.61945
-3.61884
-3.61793
-3.61748
-3.61703
-3.61612
-3.61582
-3.61491
-3.61567
-3.61491
-3.61552
-3.61431
-3.61355
-3.61309
-3.6143
-3.61385
-3.61355
-3.61355
-3.61385
-3.61355
-3.61371
-3.6131
-3.61371
-3.61446
-3.61506
-3.61536
-3.61536
-3.61491
-3.614
-3.61264
-3.6131
-3.6134
-3.6131
-3.61385
-3.61401
-3.61431
-3.61446
-3.61461
-3.61522
-3.61567
-3.61491
-3.61521
-3.61461
-3.61476
-3.61476
-3.61491
-3.61536
-3.61567
-3.61491
-3.61446
-3.61461
-3.61552
-3.61552
-3.61582
-3.61642
-3.61718
-3.61643
-3.61537
