1.61174
1.61075
1.5776
1.52942
1.47363
1.42148
1.37883
1.34724
1.32829
1.3194
1.32076
1.32989
1.3383
1.34635
1.34188
1.32315
1.28799
1.23723
1.17743
1.11617
1.05492
0.994569
0.940979
0.895396
0.860517
0.84043
0.832702
0.834234
0.836012
0.834484
0.826976
0.819329
0.812803
0.812007
0.818856
0.831415
0.855936
0.886324
0.910757
0.920387
0.909811
0.873771
0.810852
0.713564
0.585397
0.4387
0.291227
0.166394
0.0796937
0.0256936
0.00817235
0.023317
0.0667398
0.139664
0.236007
0.356958
0.491222
0.633095
0.776095
0.905534
1.01188
1.09437
1.15768
1.21104
1.26135
1.31258
1.36659
1.41985
1.46897
1.50673
1.53253
1.54776
1.55347
1.55044
1.53661
1.51683
1.49618
1.47964
1.46661
1.45689
1.44178
1.42346
1.40142
1.37096
1.34168
1.30994
1.27838
1.24361
1.19661
1.14032
1.07936
1.01739
0.961256
0.917362
0.885294
0.869338
0.873905
0.895387
0.935366
0.988037
1.05007
1.11312
1.17069
1.21623
1.24236
1.24369
1.22725
1.20223
1.18602
1.18818
1.21013
1.24812
1.2928
1.33513
1.36565
1.38116
1.38323
1.38074
1.37803
1.3807
1.39059
1.40367
1.41623
1.42837
1.43736
1.44034
1.44028
1.43626
1.42849
1.41747
1.3999
1.37836
1.3493
1.31304
1.26118
1.19501
1.11797
1.03515
0.954315
0.885012
0.83313
0.797537
0.776273
0.762603
0.750475
0.736849
0.714914
0.685032
0.648159
0.613471
0.583075
0.571749
0.570457
0.580025
0.604241
0.635892
0.673463
0.707813
0.733425
0.738707
0.720778
0.676215
0.615483
0.547815
0.488735
0.453152
0.447103
0.463074
0.499093
0.545781
0.587311
0.619135
0.633434
0.637836
0.642732
0.647728
0.652642
0.651952
0.641633
0.617487
0.585941
0.560156
0.557517
0.582574
0.637573
0.719574
0.812187
0.898834
0.975355
1.04056
1.10173
1.16164
1.22026
1.27802
1.32835
1.36395
1.38514
1.3825
1.36023
1.30741
1.2335
1.14516
1.04527
0.949325
0.866931
0.803712
0.767473
0.763669
0.793884
0.849326
0.913855
0.964714
0.969021
0.912253
0.795859
0.640813
0.469695
0.297757
0.14198
0.0096876
-0.0972099
-0.171327
-0.213593
-0.217342
-0.181581
-0.106843
-0.00110837
0.130006
0.280757
0.435684
0.59107
0.733634
0.859643
0.958159
1.02733
1.06831
1.08287
1.0686
1.02062
0.938377
0.816984
0.669934
0.52121
0.389611
0.290118
0.23235
0.211779
0.230405
0.280919
0.359267
0.455757
0.565377
0.67695
0.779229
0.866426
0.936387
0.989855
1.03225
1.06173
1.08695
1.11106
1.12873
1.14012
1.1382
1.12502
1.09478
1.05503
1.00705
0.962857
0.928125
0.912855
0.92117
0.947179
0.984122
1.00857
1.00746
0.97467
0.908592
0.819242
0.72312
0.628861
0.547231
0.482267
0.436474
0.405437
0.394404
0.40102
0.430501
0.486239
0.569441
0.679532
0.807874
0.948643
1.09545
1.23566
1.37188
1.4914
1.58643
1.65077
1.67995
1.68358
1.67742
1.66952
1.66293
1.65312
1.62813
1.58072
1.50645
1.40592
1.28384
1.15113
1.01619
0.886263
0.762905
0.657089
0.570337
0.50839
0.469915
0.458226
0.467136
0.483784
0.500112
0.505252
0.500495
0.478388
0.447479
0.415757
0.392433
0.388162
0.409625
0.457764
0.527223
0.612739
0.703124
0.786542
0.853893
0.893456
0.89546
0.869624
0.819542
0.754292
0.68278
0.619929
0.583926
0.58331
0.622993
0.697425
0.790314
0.892548
0.995675
1.09625
1.1857
1.2515
1.29007
1.29261
1.26792
1.22578
1.18153
1.13785
1.10076
1.06695
1.03245
0.992492
0.94819
0.907042
0.875559
0.867619
0.882837
0.91998
0.971523
1.03572
1.10666
1.19197
1.2904
1.39847
1.51726
1.6391
1.74976
1.84034
1.88679
1.8781
1.80717
1.68583
1.53459
1.38235
1.25064
1.15796
1.0983
1.06653
1.03771
1.00128
0.934513
0.836502
0.716452
0.590317
0.481007
0.401573
0.357318
0.349545
0.37271
0.420241
0.485616
0.550423
0.615616
0.669384
0.714244
0.753681
0.798566
0.851475
0.907182
0.947577
0.963315
0.96337
0.967502
0.991098
1.03624
1.08668
1.13242
1.14868
1.12359
1.05199
0.944779
0.82324
0.712403
0.631356
0.58743
0.578035
0.59512
0.625481
0.663468
0.700868
0.736375
0.770948
0.807657
0.849166
0.898014
0.952599
1.02346
1.11664
1.23023
1.3562
1.46754
1.52661
1.49995
1.37492
1.17338
0.940109
0.721876
0.551056
0.443694
0.397675
0.404782
0.452365
0.521419
0.599797
0.669547
0.721937
0.756038
0.767986
0.767904
0.759879
0.75349
0.759214
0.784049
0.833744
0.912879
1.01594
1.13748
1.25371
1.33852
1.3753
1.36938
1.33583
1.2865
1.239
1.19158
1.14165
1.08907
1.03104
0.962492
0.888398
0.81299
0.737259
0.667799
0.607333
0.562646
0.541683
0.555032
0.601468
0.677642
0.7707
0.86442
0.942353
0.998095
1.02889
1.04176
1.03914
1.02999
1.02197
1.02167
1.0392
1.07927
1.15292
1.24904
1.36563
1.48885
1.6045
1.70049
1.76099
1.78776
1.78013
1.74342
1.67936
1.58372
1.45067
1.2891
1.11261
0.945843
0.806457
0.702536
0.635953
0.604503
0.603228
0.621836
0.659366
0.711755
0.7781
0.847136
0.906624
0.935814
0.931349
0.886051
0.817653
0.732812
0.646914
0.569172
0.50481
0.455847
0.427303
0.412526
0.41285
0.423224
0.444051
0.483236
0.545342
0.638724
0.765743
0.919958
1.08741
1.24845
1.38556
1.48022
1.51852
1.50046
1.43407
1.32685
1.20117
1.08
0.976704
0.902612
0.858055
0.841057
0.83676
0.828
0.807257
0.771121
0.731845
0.703019
0.698121
0.726414
0.795446
0.899703
1.04076
1.2086
1.39558
1.58891
1.77319
1.93191
2.04935
2.11009
2.09873
2.01697
1.86891
1.67966
1.47553
1.27366
1.09821
0.959207
0.86012
0.803506
0.789928
0.820469
0.889795
0.990227
1.11107
1.23596
1.33906
1.39617
1.40071
1.36009
1.30123
1.23997
1.18793
1.14205
1.10227
1.06161
1.02229
0.97789
0.931815
0.88673
0.844027
0.809486
0.788114
0.782093
0.791777
0.814254
0.845432
0.882092
0.918327
0.948806
0.976149
0.997038
1.00925
1.01275
1.00654
0.993474
0.978997
0.961232
0.944317
0.924147
0.905381
0.880606
0.841961
0.792494
0.738366
0.691332
0.658391
0.644309
0.647197
0.664077
0.684937
0.703789
0.722914
0.731599
0.73158
0.721752
0.703278
0.679715
0.663891
0.670682
0.708476
0.777303
0.867247
0.962486
1.04622
1.1035
1.12948
1.12391
1.08711
1.0367
0.978574
0.913153
0.845172
0.762331
0.670435
0.573257
0.488379
0.430672
0.410146
0.43429
0.496964
0.587991
0.689281
0.787885
0.869718
0.92356
0.942343
0.923467
0.866543
0.784206
0.679769
0.56239
0.438349
0.316194
0.205524
0.115345
0.0507949
0.0166506
0.0166454
0.050337
0.120009
0.220593
0.351061
0.508197
0.681529
0.859803
1.02374
1.16085
1.26293
1.3305
1.36807
1.38587
1.39302
1.40009
1.40838
1.4215
1.43206
1.43378
1.41696
1.3741
1.30038
1.20483
1.08234
0.947118
0.808425
0.679326
0.576365
0.511374
0.491655
0.518047
0.583459
0.680434
0.79866
0.925124
1.05142
1.17028
1.27406
1.35678
1.4084
1.42599
1.41364
1.3719
1.31631
1.25785
1.213
1.186
1.17727
1.17475
1.16507
1.13613
1.08285
1.01283
0.937359
0.872545
0.817225
0.783682
0.764037
0.755383
0.75197
0.74739
0.747384
0.748363
0.748381
0.751614
0.757244
0.764797
0.771694
0.776375
0.77564
0.766418
0.744673
0.718334
0.692834
0.684176
0.710686
0.771886
0.870341
0.99934
1.13863
1.27698
1.39365
1.47094
1.5042
1.49493
1.45398
1.40635
1.37551
1.37717
1.41978
1.49748
1.59838
1.69678
1.77619
1.82157
1.8267
1.79666
1.73178
1.63788
1.52285
1.38794
1.24861
1.11573
1.00435
0.920985
0.87287
0.852593
0.84674
0.839572
0.807558
0.736414
0.625329
0.484522
0.335489
0.196049
0.080885
-0.00190216
-0.0499713
-0.0689717
-0.069013
-0.0566044
-0.0406471
-0.0205867
0.00456465
0.0467185
0.110767
0.203908
0.332458
0.492424
0.676182
0.869868
1.04066
1.16385
1.21131
1.1786
1.08208
0.945975
0.801716
0.668342
0.562642
0.487579
0.446964
0.443862
0.474183
0.530277
0.603104
0.677156
0.736388
0.773884
0.790188
0.789988
0.789234
0.789486
0.800136
0.825247
0.866664
0.920903
0.991224
1.07431
1.17331
1.27986
1.38682
1.47859
1.54099
1.56164
1.54419
1.48816
1.40673
1.30765
1.20026
1.09388
0.99423
0.906894
0.840952
0.803095
0.801248
0.833462
0.897623
0.976956
1.04682
1.07973
1.06118
0.999401
0.913721
0.827087
0.752145
0.692683
0.648341
0.624512
0.61274
0.614083
0.625068
0.647006
0.671918
0.701087
0.734606
0.771278
0.819758
0.874725
0.940554
1.01198
1.08072
1.1418
1.19463
1.2345
1.26179
1.27578
1.27882
1.26305
1.22934
1.18446
1.13239
1.08871
1.0606
1.06219
1.08732
1.1363
1.19608
1.26262
1.32592
1.38053
1.42454
1.45726
1.47558
1.48437
1.48437
1.47828
1.46838
1.45507
1.44069
1.41732
1.38892
1.35718
1.32536
1.29729
1.28135
1.27608
1.28418
1.29635
1.309
1.31651
1.32113
1.32761
1.33721
1.34871
1.36069
1.3681
1.36471
1.34904
1.32318
1.29117
1.2545
1.21792
1.18618
1.1575
1.1293
1.09619
1.05928
1.01458
0.963245
0.90825
0.851748
0.793132
0.736549
0.683852
0.644629
0.632001
0.653515
0.71459
0.806571
0.915443
1.01859
1.0869
1.1195
1.13133
1.14052
1.16829
1.23261
1.33641
1.47237
1.62266
1.76414
1.87506
1.93763
1.95035
1.9131
1.83362
1.73324
1.62872
1.54001
1.48238
1.46424
1.48305
1.53853
1.61229
1.69299
1.77294
1.83626
1.87101
1.86748
1.82873
1.76034
1.67504
1.58222
1.49352
1.41047
1.33581
1.27649
1.22774
1.19419
1.17598
1.16042
1.13464
1.08915
1.01755
0.92281
0.812324
0.701409
0.598205
0.518268
0.470535
0.458898
0.490268
0.564212
0.673434
0.804281
0.945997
1.0849
1.20941
1.31331
1.39968
1.46245
1.50571
1.5313
1.53798
1.52257
1.4801
1.41316
1.33329
1.25992
1.20273
1.17992
1.1972
1.2471
1.3144
1.37722
1.42088
1.45022
1.47207
1.49697
1.52326
1.54496
1.55664
1.55471
1.54086
1.52296
1.5104
1.50675
1.50948
1.51812
1.52892
1.53115
1.52158
1.49687
1.462
1.41659
1.36712
1.31403
1.26158
1.20703
1.14941
1.09096
1.04297
1.00967
0.995534
1.0069
1.04137
1.0945
1.1654
1.23541
1.29665
1.34337
1.37118
1.37853
1.36986
1.34937
1.30934
1.24926
1.17078
1.07551
0.974923
0.881423
0.797347
0.731756
0.680095
0.63694
0.600059
0.569829
0.551527
0.543822
0.558802
0.604336
0.689505
0.813665
0.980521
1.17305
1.36997
1.54709
1.68284
1.76485
1.78627
1.74433
1.63711
1.47624
1.27642
1.06778
0.873064
0.712856
0.599566
0.53401
0.507307
0.504279
0.517103
0.534395
0.555122
0.579452
0.605087
0.622151
0.632184
0.630361
0.614382
0.585075
0.55131
0.521866
0.503614
0.504243
0.524515
0.565514
0.62237
0.686411
0.747915
0.798104
0.828793
0.840757
0.832915
0.815518
0.790109
0.769407
0.7594
0.765608
0.787623
0.824812
0.871946
0.922204
0.957316
0.970819
0.950545
0.891891
0.804005
0.695945
0.576317
0.451157
0.322533
0.198294
0.0879888
-0.000951331
-0.0549084
-0.0702452
-0.0387249
0.0436258
0.1703
0.336873
0.534466
0.749616
0.970963
1.18008
1.36156
1.50046
1.59014
1.62809
1.61595
1.56773
1.49641
1.41725
1.34213
1.27936
1.22776
1.18805
1.15601
1.1274
1.10328
1.08822
1.08286
1.09046
1.1147
1.15044
1.18882
1.22202
1.23977
1.23526
1.20494
1.1483
1.07703
1.00319
0.940208
0.899028
0.879271
0.888934
0.922674
0.975517
1.03722
1.09773
1.14585
1.17635
1.18272
1.17144
1.15159
1.13528
1.12375
1.12069
1.11206
1.09317
1.05907
1.01324
0.958883
0.897573
0.835576
0.780476
0.73974
0.719938
0.731999
0.773641
0.848331
0.941173
1.03704
1.12806
1.20355
1.25573
1.28531
1.29354
1.29483
1.29312
1.29386
1.29711
1.31011
1.32405
1.33694
1.34323
1.33749
1.32321
1.30447
1.28366
1.26885
1.27134
1.29132
1.33711
1.39727
1.4613
1.5139
1.53297
1.5037
1.42549
1.30256
1.15159
0.993712
0.847953
0.726405
0.637154
0.58292
0.559726
0.564976
0.592524
0.635358
0.681696
0.723702
0.760687
0.783356
0.790575
0.785631
0.767072
0.748041
0.727725
0.712118
0.708365
0.718231
0.742665
0.783912
0.838841
0.904235
0.973026
1.04535
1.11269
1.16826
1.2016
1.20838
1.18842
1.14789
1.09597
1.04288
0.999751
0.978097
0.978651
0.999093
1.03258
1.0683
1.09366
1.09509
1.07253
1.03186
0.985002
0.943512
0.920351
0.915309
0.927049
0.949091
0.964364
0.95578
0.907792
0.809779
0.663032
0.486298
0.302912
0.131825
-0.00538291
-0.104079
-0.158473
-0.167024
-0.135493
-0.0701748
0.0151182
0.109107
0.192963
0.251364
0.278605
0.277253
0.260715
0.245266
0.242893
0.255855
0.286763
0.329982
0.384483
0.44286
0.5024
0.559652
0.619128
0.685969
0.753434
0.82314
0.894609
0.972846
1.06094
1.1644
1.27787
1.3931
1.49936
1.58513
1.63663
1.65042
1.624
1.5611
1.47654
1.38453
1.29709
1.22821
1.18527
1.17355
1.18657
1.22033
1.26666
1.31405
1.35811
1.3953
1.41995
1.42487
1.40581
1.36554
1.30237
1.22217
1.13427
1.03988
0.950881
0.876921
0.820721
0.782602
0.770352
0.785409
0.831859
0.908026
1.00667
1.12156
1.24231
1.3565
1.45703
1.53404
1.58126
1.59107
1.56069
1.48841
1.38885
1.2859
1.20316
1.15003
1.13533
1.14923
1.18423
1.23
1.27785
1.32615
1.37073
1.40355
1.41835
1.42097
1.40969
1.3858
1.35893
1.32982
1.30556
1.29238
1.29135
1.30673
1.34261
1.40113
1.48248
1.58112
1.68185
1.75634
1.77602
1.72076
1.59252
1.41155
1.20332
0.993793
0.801922
0.637587
0.501306
0.395088
0.318088
0.274454
0.264205
0.291201
0.353292
0.451551
0.575933
0.715546
0.851573
0.968858
1.06352
1.13024
1.1758
1.20209
1.20813
1.19348
1.15884
1.10833
1.04995
1.00156
0.969521
0.964893
0.988025
1.04222
1.12182
1.22844
1.35222
1.48414
1.60521
1.6964
1.74491
1.74651
1.70706
1.64808
1.59752
1.56889
1.569
1.58933
1.61286
1.62171
1.60013
1.54099
1.45214
1.33746
1.22252
1.12151
1.05148
1.0274
1.05584
1.13962
1.27526
1.44996
1.64359
1.83537
1.9992
2.11578
2.17623
2.1775
2.12183
2.01572
1.87773
1.72121
1.56489
1.41686
1.28969
1.17951
1.08114
0.995694
0.925551
0.868763
0.830926
0.819442
0.833651
0.867754
0.911637
0.948266
0.96403
0.954259
0.923525
0.886439
0.845179
0.812295
0.783501
0.760865
0.744472
0.742168
0.759482
0.807106
0.887304
0.99806
1.13399
1.27259
1.39022
1.46596
1.48892
1.4577
1.38134
1.27811
1.17207
1.07571
1.00051
0.951267
0.917156
0.896
0.877387
0.858984
0.841433
0.823792
0.806381
0.786882
0.770963
0.764933
0.771558
0.801644
0.854619
0.93485
1.03938
1.16073
1.28598
1.40445
1.50782
1.5903
1.64615
1.67195
1.66058
1.61191
1.52879
1.417
1.28887
1.14722
0.992179
0.83052
0.675203
0.533492
0.420269
0.338398
0.292354
0.277959
0.295234
0.338617
0.404778
0.485513
0.578158
0.673192
0.765879
0.85415
0.93489
1.00925
1.08265
1.15664
1.23092
1.30024
1.36541
1.42268
1.4761
1.52358
1.56461
1.59799
1.61934
1.6292
1.62376
1.60368
1.56938
1.52105
1.46365
1.40349
1.34683
1.29518
1.24732
1.20089
1.14834
1.08539
1.01695
0.93803
0.857924
0.778175
0.716774
0.678377
0.673337
0.711715
0.787186
0.888918
0.993808
1.0779
1.13244
1.14831
1.14175
1.12618
1.1125
1.11074
1.12183
1.14537
1.18608
1.24644
1.33141
1.43821
1.56125
1.68254
1.78032
1.83776
1.84684
1.81046
1.73973
1.6432
1.53976
1.43531
1.32911
1.21885
1.10843
0.996422
0.889974
0.795966
0.723612
0.677966
0.657745
0.656037
0.662871
0.670268
0.681652
0.696741
0.723472
0.756206
0.787829
0.813706
0.833485
0.852191
0.878573
0.920371
0.977594
1.04504
1.11745
1.1872
1.25326
1.30233
1.32011
1.29493
1.23226
1.1442
1.05497
0.985139
0.938146
0.916914
0.913866
0.925851
0.948715
0.978889
1.00713
1.02718
1.03155
1.02347
1.00394
0.98223
0.965906
0.950537
0.933378
0.906191
0.862561
0.799631
0.723538
0.638227
0.557771
0.485954
0.424748
0.367922
0.316105
0.267533
0.222948
0.178562
0.13868
0.0943811
0.0537386
0.0225254
0.000957256
-0.000864555
0.0172808
0.0568574
0.119297
0.197313
0.288841
0.389323
0.488134
0.578108
0.65079
0.703772
0.739777
0.764871
0.786842
0.810617
0.847032
0.891647
0.933831
0.971307
0.995156
0.998818
0.987057
0.955538
0.912518
0.864245
0.818665
0.780821
0.763102
0.763766
0.787543
0.83251
0.889632
0.953416
1.01508
1.07186
1.11928
1.16443
1.21238
1.25995
1.29343
1.29407
1.25539
1.19463
1.13709
1.09544
1.07784
1.08202
1.0987
1.12319
1.14565
1.16683
1.18084
1.18566
1.17638
1.15272
1.11467
1.06092
0.996234
0.914691
0.820354
0.714986
0.608446
0.511054
0.43145
0.372366
0.336413
0.323258
0.326668
0.346539
0.383026
0.424802
0.467528
0.510922
0.550388
0.593257
0.64056
0.692141
0.736879
0.771512
0.788932
0.784543
0.759876
0.71538
0.655336
0.585761
0.508719
0.429001
0.34889
0.275861
0.210823
0.162696
0.135636
0.132514
0.159973
0.215744
0.295545
0.388468
0.477038
0.552997
0.606352
0.632795
0.635592
0.616499
0.587542
0.556749
0.532121
0.520789
0.523226
0.538597
0.572234
0.619892
0.680968
0.753778
0.844758
0.947126
1.05224
1.14722
1.2169
1.25892
1.28408
1.30669
1.33849
1.37864
1.42449
1.46284
1.48103
1.4744
1.44412
1.40268
1.3628
1.33728
1.33606
1.35833
1.39745
1.44134
1.47367
1.47862
1.44751
1.3791
1.28083
1.16355
1.04201
0.926714
0.826533
0.746601
0.687398
0.653235
0.64482
0.654812
0.684713
0.73149
0.789542
0.853299
0.914038
0.966159
0.995836
1.00331
0.991602
0.969836
0.949292
0.9379
0.942248
0.961958
1.00129
1.05518
1.12558
1.20908
1.2986
1.38983
1.46994
1.53803
1.58433
1.60708
1.60519
1.58488
1.55158
1.51221
1.47812
1.45265
1.43976
1.43847
1.44356
1.45012
1.45149
1.4426
1.42204
1.38974
1.34753
1.2974
1.23901
1.17056
1.10194
1.04333
0.997222
0.957641
0.900357
0.803092
0.679232
0.565539
0.503766
0.503875
0.571827
0.696055
0.862576
1.04967
1.22285
1.3593
1.43748
1.45986
1.43969
1.39369
1.33321
1.27179
1.20852
1.13302
1.04215
0.936355
0.819307
0.705103
0.597529
0.507823
0.440803
0.40166
0.398607
0.430852
0.499816
0.597767
0.718142
0.843648
0.968029
1.0864
1.19187
1.28333
1.36505
1.43825
1.50293
1.56161
1.61321
1.65803
1.69417
1.72916
1.77491
1.83614
1.90612
1.96863
2.00512
1.99672
1.94231
1.84752
1.73721
1.62996
1.54759
1.49578
1.47959
1.48669
1.50543
1.52209
1.52676
1.51259
1.4831
1.44772
1.41295
1.38656
1.38128
1.39046
1.41765
1.45471
1.49348
1.52232
1.53864
1.54299
1.53889
1.52583
1.50393
1.46556
1.41719
1.37146
1.34603
1.35274
1.38937
1.45139
1.52408
1.59504
1.65278
1.68763
1.68776
1.65061
1.5775
1.47464
1.35883
1.24718
1.14988
1.08035
1.04252
1.03821
1.06359
1.11361
1.18098
1.2589
1.34079
1.41779
1.47872
1.52331
1.54509
1.5413
1.51369
1.45813
1.37721
1.27539
1.15821
1.03687
0.923712
0.83196
0.770932
0.74574
0.762793
0.811548
0.887267
0.983216
1.08899
1.18988
1.26911
1.31174
1.31102
1.27324
1.21676
1.1594
1.12122
1.11276
1.14079
1.20188
1.27653
1.35193
1.40677
1.43132
1.41807
1.36592
1.28153
1.17645
1.06391
0.954138
0.856438
0.771843
0.700289
0.629591
0.561919
0.493786
0.43072
0.384517
0.362687
0.366146
0.396595
0.446276
0.506042
0.572361
0.639459
0.709129
0.784331
0.86572
0.948865
1.02064
1.06586
1.06965
1.02151
0.923582
0.792546
0.664098
0.574063
0.542357
0.571357
0.647796
0.745444
0.84203
0.927096
0.986967
1.02607
1.05062
1.06988
1.08953
1.11182
1.14399
1.19177
1.25235
1.32275
1.3946
1.45496
1.48952
1.4848
1.43199
1.32066
1.15634
0.952108
0.733507
0.528216
0.36012
0.251597
0.212415
0.240829
0.320561
0.436032
0.56538
0.693389
0.807546
0.902967
0.975623
1.02529
1.05221
1.06459
1.0693
1.0773
1.10116
1.14482
1.20643
1.279
1.34129
1.37626
1.37532
1.33729
1.27217
1.19196
1.11724
1.05558
1.01875
1.01283
1.03612
1.08736
1.16614
1.26026
1.35601
1.44401
1.5161
1.56366
1.58613
1.5836
1.56285
1.53025
1.49504
1.46662
1.45312
1.45051
1.46205
1.47936
1.50171
1.51976
1.5315
1.52743
1.50768
1.47954
1.45961
1.46953
1.52513
1.62282
1.75478
1.90575
2.05985
2.19562
2.29756
2.36017
2.38265
2.3772
2.34584
2.29097
2.21309
2.11267
1.98833
1.85173
1.70945
1.57495
1.4585
1.36771
1.31212
1.29384
1.30399
1.33139
1.36369
1.38823
1.39974
1.3959
1.3781
1.34354
1.29939
1.25217
1.21824
1.20911
1.23824
1.30776
1.41773
1.55909
1.71005
1.85288
1.9618
2.01525
1.9932
1.89197
1.72822
1.51915
1.29805
1.092
0.919385
0.786186
0.694474
0.641112
0.614914
0.612109
0.630364
0.66323
0.710166
0.770435
0.838409
0.913859
0.985951
1.05261
1.1102
1.16171
1.21319
1.26999
1.34045
1.43275
1.55114
1.69544
1.8506
1.98755
2.06902
2.06611
1.96611
1.79024
1.56728
1.33145
1.09833
0.886248
0.698544
0.546893
0.438006
0.375518
0.364067
0.406595
0.500155
0.639941
0.813434
0.998457
1.17752
1.33311
1.45533
1.53438
1.57185
1.57113
1.54034
1.49014
1.43945
1.39893
1.37318
1.36188
1.34875
1.32357
1.27663
1.20308
1.10288
0.980411
0.850692
0.728002
0.626295
0.56063
0.541419
0.570498
0.649419
0.762688
0.895967
1.01945
1.11058
1.15365
1.14297
1.08753
0.9991
0.898597
0.812449
0.757955
0.742527
0.770467
0.844079
0.949216
1.079
1.20931
1.31849
1.39006
1.40787
1.37489
1.2908
1.16073
0.993884
0.80167
0.601157
0.417453
0.275154
0.188848
0.16545
0.206294
0.307177
0.445619
0.601009
0.746403
0.862017
0.94309
0.999391
1.03506
1.06242
1.09339
1.13848
1.20534
1.28708
1.36688
1.41655
1.41916
1.37607
1.29731
1.20354
1.11075
1.02663
0.955695
0.894903
0.844795
0.806708
0.789413
0.802657
0.849671
0.9327
1.03799
1.144
1.21885
1.24234
1.21124
1.15286
1.08673
1.03081
0.992519
0.969287
0.961553
0.964526
0.98297
1.01009
1.03359
1.03727
1.00993
0.953231
0.872216
0.783221
0.696894
0.632429
0.592251
0.582291
0.603638
0.652986
0.719767
0.791978
0.860623
0.920092
0.964165
0.990247
1.00621
1.01953
1.03431
1.05348
1.07475
1.08961
1.09022
1.06911
1.02904
0.968346
0.898122
0.820304
0.745486
0.679138
0.624096
0.581529
0.553948
0.535022
0.516814
0.491486
0.457942
0.414655
0.366001
0.318038
0.272512
0.238108
0.21824
0.218406
0.238764
0.286106
0.355539
0.447735
0.552837
0.665157
0.77059
0.853517
0.896287
0.88548
0.824128
0.733112
0.632428
0.542461
0.481772
0.455962
0.45941
0.48359
0.519531
0.550347
0.568123
0.563503
0.533797
0.486661
0.431268
0.377948
0.337884
0.323253
0.338283
0.388056
0.473159
0.592692
0.736442
0.896378
1.05876
1.20668
1.31982
1.3901
1.40734
1.3793
1.31426
1.23474
1.14944
1.06624
0.98635
0.910146
0.828768
0.74139
0.647946
0.551203
0.4623
0.394677
0.357316
0.357879
0.404746
0.501874
0.645097
0.821491
1.01516
1.2051
1.37277
1.50615
1.59901
1.64787
1.65455
1.61821
1.54216
1.43668
1.31032
1.19084
1.09008
1.02123
0.989642
0.988079
1.00459
1.02505
1.04211
1.03993
1.01188
0.96028
0.896347
0.830425
0.776117
0.740591
0.723395
0.724033
0.730329
0.731459
0.717845
0.684631
0.637809
0.583771
0.532117
0.485098
0.446999
0.415586
0.388729
0.357942
0.316412
0.266495
0.215255
0.172385
0.156332
0.17694
0.237513
0.338456
0.47347
0.622023
0.761399
0.866188
0.919714
0.917079
0.866937
0.77729
0.663822
0.529919
0.38923
0.245775
0.11017
-0.00895032
-0.102841
-0.16778
-0.196068
-0.191047
-0.152495
-0.0833483
0.00975972
0.114678
0.222851
0.326629
0.423123
0.511893
0.602262
0.693926
0.78799
0.877739
0.953019
1.00968
1.03736
1.03954
1.02387
1.01361
1.02803
1.06843
1.1349
1.21733
1.30576
1.3879
1.45649
1.49689
1.51081
1.49631
1.46419
1.4274
1.38982
1.35665
1.31818
1.26613
1.19833
1.11442
1.01963
0.925767
0.835755
0.752076
0.676343
0.610815
0.550741
0.501979
0.461602
0.430923
0.40732
0.38615
0.367512
0.353813
0.345797
0.346979
0.357683
0.375338
0.397482
0.412192
0.420113
0.427381
0.438936
0.462087
0.499526
0.547673
0.604228
0.665935
0.733664
0.805389
0.879748
0.951257
1.01585
1.07222
1.11434
1.14512
1.16943
1.19252
1.2133
1.22866
1.22722
1.20817
1.17164
1.13079
1.08805
1.04397
1.00022
0.956657
0.917692
0.890484
0.877216
0.877964
0.897607
0.929488
0.965988
1.00082
1.03319
1.06389
1.09081
1.11895
1.14927
1.17755
1.20453
1.21754
1.19168
1.11199
0.980544
0.815632
0.654365
0.524935
0.449852
0.430329
0.462024
0.538288
0.650534
0.796089
0.968435
1.14435
1.2985
1.39902
1.42505
1.38291
1.28934
1.15924
1.01691
0.874543
0.737759
0.617329
0.515492
0.441381
0.394502
0.373945
0.381386
0.416558
0.474451
0.557741
0.660252
0.771705
0.874771
0.955534
1.00113
1.0131
0.990338
0.935983
0.862853
0.780156
0.699899
0.629409
0.572325
0.538184
0.529041
0.548761
0.596664
0.669737
0.760547
0.863297
0.974748
1.08729
1.19645
1.30422
1.40692
1.5023
1.58369
1.63678
1.64729
1.613
1.54203
1.45103
1.35065
1.2465
1.14129
1.03572
0.939227
0.855242
0.796941
0.770888
0.7831
0.827967
0.893227
0.965739
1.02752
1.07005
1.08903
1.08977
1.08162
1.06877
1.05539
1.03618
1.00973
0.978361
0.947171
0.919681
0.894985
0.87626
0.857936
0.839413
0.820346
0.79812
0.774929
0.75037
0.731993
0.724398
0.729649
0.748257
0.777294
0.810897
0.845519
0.883076
0.918686
0.956006
0.988833
1.01316
1.02016
1.00714
0.972933
0.91325
0.838366
0.752755
0.670818
0.596647
0.537593
0.494189
0.466455
0.444996
0.430728
0.421608
0.419044
0.422566
0.434187
0.452883
0.4783
0.515922
0.572709
0.643257
0.729993
0.824949
0.915106
0.989741
1.03755
1.05469
1.04657
1.01468
0.973958
0.93401
0.906494
0.904371
0.934283
0.999343
1.09552
1.21499
1.34983
1.48122
1.60012
1.69681
1.77055
1.82167
1.8495
1.8621
1.86594
1.87581
1.89756
1.93091
1.96972
2.01266
2.04761
2.06893
2.06702
2.0347
1.95133
1.81032
1.61601
1.38416
1.14758
0.938026
0.780725
0.685736
0.662215
0.702617
0.80103
0.938314
1.09886
1.2612
1.40616
1.51476
1.57682
1.59045
1.56079
1.50525
1.43719
1.36877
1.31243
1.27544
1.25539
1.25496
1.27008
1.29974
1.3371
1.37661
1.40575
1.41762
1.41349
1.39495
1.36776
1.33487
1.30544
1.28063
1.26691
1.26754
1.28434
1.31488
1.35339
1.39378
1.42997
1.46076
1.4809
1.49122
1.49381
1.48974
1.48192
1.46862
1.44586
1.41848
1.38986
1.36025
1.33497
1.30948
1.29208
1.28121
1.27085
1.26554
1.25924
1.24708
1.22413
1.19237
1.15516
1.11781
1.0893
1.07495
1.07754
1.09502
1.12451
1.16835
1.22468
1.29399
1.37546
1.46762
1.56444
1.65868
1.7392
1.78432
1.77918
1.71986
1.61813
1.49247
1.36615
1.2561
1.17349
1.12105
1.09247
1.08039
1.0718
1.05265
1.0143
0.949656
0.861112
0.753384
0.639046
0.532114
0.453327
0.414598
0.419754
0.462901
0.532689
0.616255
0.704347
0.791793
0.880802
0.974572
1.07484
1.18069
1.2867
1.38303
1.45695
1.49776
1.49985
1.4698
1.41293
1.34086
1.26347
1.19409
1.12678
1.06455
1.00215
0.936173
0.867987
0.800996
0.739863
0.686699
0.646499
0.620237
0.614771
0.634264
0.674222
0.732332
0.807517
0.890308
0.974777
1.04991
1.10493
1.13602
1.14096
1.12781
1.10466
1.07472
1.04236
1.00881
0.975329
0.946526
0.921166
0.902549
0.889582
0.883678
0.889351
0.911428
0.956484
1.02802
1.13058
1.24783
1.3564
1.42969
1.45923
1.45621
1.448
1.44863
1.45617
1.45982
1.44155
1.4004
1.33795
1.2657
1.18707
1.1105
1.04074
0.983997
0.940164
0.911784
0.900007
0.902023
0.912707
0.93744
0.977066
1.03336
1.10139
1.18027
1.26261
1.35024
1.43607
1.5034
1.53656
1.5202
1.45383
1.35882
1.25871
1.18009
1.13246
1.11564
1.11815
1.13161
1.14924
1.16853
1.18786
1.20749
1.23521
1.27585
1.33041
1.4045
1.49238
1.58901
1.68573
1.77478
1.84708
1.88836
1.89417
1.86192
1.79416
1.6983
1.58382
1.46829
1.36133
1.26387
1.18826
1.13647
1.10853
1.1102
1.13331
1.16987
1.20696
1.23486
1.24268
1.22593
1.18047
1.10719
1.0197
0.924448
0.836417
0.760284
0.702127
0.659774
0.63371
0.621487
0.619369
0.623
0.632281
0.645763
0.660543
0.676725
0.693082
0.709368
0.722464
0.735562
0.750967
0.771455
0.806514
0.860029
0.937478
1.03976
1.15991
1.28762
1.41379
1.52705
1.62073
1.68861
1.73317
1.75528
1.75982
1.75958
1.76885
1.7876
1.81923
1.85658
1.88968
1.90786
1.90489
1.87405
1.81976
1.7412
1.64665
1.54786
1.45768
1.38389
1.32536
1.26669
1.18493
1.06572
0.931649
0.811504
0.729428
0.694286
0.702418
0.750561
0.825212
0.909315
0.993083
1.07172
1.1395
1.1968
1.24926
1.29269
1.32512
1.35044
1.37232
1.4018
1.44381
1.49891
1.55694
1.61026
1.6505
1.67222
1.67706
1.66362
1.63302
1.58394
1.51555
1.4286
1.32968
1.22736
1.12764
1.04328
0.977441
0.943979
0.943366
0.974798
1.03602
1.11172
1.19442
1.27836
1.35751
1.42579
1.47728
1.50359
1.50281
1.46921
1.40561
1.3063
1.18427
1.057
0.93912
0.841852
0.765916
0.707127
0.655549
0.605303
0.558104
0.515972
0.481989
0.462724
0.458749
0.470094
0.492357
0.525733
0.560356
0.592607
0.612177
0.612758
0.595218
0.560554
0.517599
0.479128
0.463813
0.48137
0.541434
0.641575
0.770137
0.908862
1.02967
1.12381
1.19029
1.23592
1.26841
1.29125
1.2937
1.27417
1.23084
1.1632
1.08008
0.987267
0.886349
0.779327
0.673421
0.585062
0.527339
0.50751
0.528402
0.581247
0.651505
0.727573
0.796932
0.851838
0.894352
0.918407
0.929875
0.927601
0.919963
0.917858
0.933739
0.973897
1.04549
1.1437
1.25476
1.35975
1.44649
1.50803
1.54878
1.57978
1.60636
1.63123
1.64753
1.64602
1.61759
1.55915
1.47263
1.36127
1.23531
1.0995
0.96287
0.841016
0.740268
0.668803
0.631048
0.626183
0.643801
0.672666
0.702884
0.722909
0.728884
0.718363
0.696955
0.673545
0.652807
0.63565
0.62944
0.629929
0.640374
0.653136
0.667071
0.685114
0.704269
0.729673
0.766084
0.81211
0.870558
0.937389
1.00448
1.0668
1.11401
1.14522
1.16239
1.17146
1.17676
1.18615
1.20447
1.23101
1.26377
1.29574
1.32771
1.35364
1.37483
1.38834
1.38722
1.36896
1.33396
1.27805
1.21263
1.14882
1.09716
1.06959
1.07318
1.1095
1.1802
1.27585
1.39148
1.50278
1.58826
1.6224
1.60135
1.5437
1.47814
1.43471
1.42551
1.44092
1.45546
1.44817
1.41775
1.36522
1.29408
1.20706
1.113
1.0155
0.924095
0.847615
0.788707
0.746911
0.716043
0.689845
0.662034
0.625164
0.571616
0.508115
0.444639
0.401912
0.387088
0.410031
0.47353
0.572244
0.691929
0.816735
0.925901
1.00181
1.03563
1.03502
1.02159
1.01013
1.01076
1.03208
1.07061
1.12375
1.18493
1.25072
1.31131
1.35852
1.38834
1.3942
1.37639
1.33689
1.28
1.21734
1.1585
1.11024
1.08334
1.08203
1.11158
1.1701
1.24552
1.327
1.39847
1.44045
1.45234
1.43297
1.39306
1.33999
1.28366
1.2345
1.19698
1.17204
1.15954
1.15657
1.1639
1.17258
1.18108
1.18003
1.15835
1.10897
1.03489
0.952958
0.886256
0.844125
0.825688
0.823082
0.819017
0.799049
0.751849
0.687351
0.614332
0.555424
0.516625
0.505073
0.514567
0.542357
0.587124
0.643844
0.719125
0.811479
0.923934
1.05297
1.19544
1.33487
1.4532
1.52713
1.54776
1.51723
1.45629
1.38068
1.31214
1.25978
1.22385
1.19557
1.17117
1.14402
1.11318
1.07811
1.04295
1.01045
0.983422
0.971229
0.973755
0.992228
1.0256
1.07261
1.12836
1.18779
1.24703
1.30458
1.35595
1.39439
1.42529
1.44431
1.45531
1.46135
1.463
1.45722
1.44507
1.42129
1.38919
1.35276
1.31167
1.27273
1.23684
1.20465
1.1722
1.14198
1.11189
1.08778
1.07652
1.08099
1.09918
1.12444
1.1537
1.18054
1.19706
1.20279
1.20356
1.19586
1.18103
1.16115
1.13966
1.11791
1.10269
1.1086
1.13724
1.18827
1.25992
1.33626
1.39876
1.43858
1.44177
1.41483
1.36553
1.30429
1.23865
1.17614
1.11739
1.06286
1.0172
0.979102
0.94492
0.910639
0.86531
0.801255
0.723163
0.637039
0.546721
0.47133
0.417304
0.398634
0.412769
0.460016
0.523849
0.599033
0.675322
0.750867
0.826237
0.897917
0.961962
1.01013
1.0351
1.04092
1.02239
0.986911
0.934734
0.868584
0.795767
0.723802
0.669538
0.648301
0.661979
0.696544
0.72055
0.708577
0.668105
0.627985
0.621299
0.664397
0.754139
0.881078
1.02841
1.17875
1.31058
1.41094
1.47443
1.50542
1.50957
1.49463
1.46699
1.42997
1.38395
1.33076
1.27494
1.21923
1.16624
1.11645
1.06559
1.00984
0.939297
0.859304
0.778699
0.712916
0.671739
0.666669
0.696314
0.763178
0.862058
0.977224
1.10132
1.21137
1.29213
1.32291
1.30535
1.25055
1.18066
1.11832
1.07724
1.06016
1.06273
1.0798
1.10401
1.13869
1.18283
1.24125
1.29745
1.33009
1.32056
1.28708
1.26798
1.29738
1.38416
1.51056
1.65018
1.77432
1.85966
1.8982
1.88364
1.82785
1.73964
1.63285
1.51949
1.40954
1.31587
1.24655
1.2008
1.18429
1.19296
1.22739
1.28336
1.35385
1.42819
1.50218
1.56882
1.62873
1.68682
1.74312
1.79332
1.83668
1.86806
1.87962
1.87019
1.83704
1.78828
1.72363
1.6471
1.56073
1.46294
1.35819
1.25107
1.14908
1.05717
0.98876
0.942292
0.915656
0.912185
0.925352
0.945713
0.97717
1.01737
1.0647
1.11679
1.17427
1.23293
1.29133
1.34856
1.39223
1.42109
1.43646
1.44619
1.45861
1.48221
1.51758
1.56132
1.60121
1.62745
1.63166
1.6144
1.57628
1.51459
1.43865
1.35045
1.26368
1.18362
1.12315
1.08494
1.07558
1.08755
1.12987
1.19902
1.29376
1.41508
1.5527
1.69208
1.81775
1.91516
1.98295
2.03645
2.08291
2.1309
2.16532
2.17857
2.16066
2.11984
2.0703
2.036
2.03717
2.0761
2.14417
2.21916
2.27229
2.28936
2.26909
2.20926
2.12262
2.0117
1.87926
1.7227
1.53745
1.33386
1.12088
0.904741
0.700647
0.516938
0.362821
0.246178
0.170178
0.141153
0.161304
0.22919
0.342601
0.491522
0.66525
0.840042
0.994121
1.1014
1.15157
1.14769
1.10473
1.03998
0.964387
0.883848
0.80704
0.736317
0.675267
0.624749
0.588378
0.570095
0.571829
0.596525
0.649521
0.727461
0.824159
0.93428
1.03889
1.13606
1.22012
1.28171
1.3223
1.33698
1.32939
1.29691
1.24843
1.18736
1.12748
1.07496
1.04158
1.03007
1.04418
1.07108
1.10438
1.13218
1.15175
1.16551
1.1877
1.2244
1.27897
1.34564
1.4168
1.48012
1.52162
1.53469
1.51951
1.48585
1.44291
1.39935
1.36284
1.32126
1.27115
1.21114
1.153
1.11346
1.09776
1.10742
1.13801
1.17842
1.22132
1.26327
1.29968
1.33222
1.36217
1.38698
1.41106
1.43624
1.46959
1.506
1.54652
1.58991
1.63166
1.67548
1.7222
1.77813
1.83671
1.8934
1.93812
1.96494
1.96962
1.95311
1.91566
1.86819
1.81732
1.77718
1.74704
1.7327
1.72767
1.72235
1.71101
1.69477
1.67299
1.65265
1.6443
1.64796
1.64996
1.63404
1.58488
1.50506
1.40991
1.31011
1.22012
1.14499
1.08237
1.03245
0.99469
0.964091
0.940883
0.922453
0.912746
0.911107
0.917809
0.936925
0.971276
1.02362
1.09045
1.16568
1.23404
1.28308
1.3042
1.30244
1.28101
1.24941
1.21625
1.18862
1.16198
1.13424
1.09285
1.02738
0.932298
0.81531
0.682184
0.545316
0.422936
0.329502
0.273467
0.253987
0.269627
0.314027
0.377583
0.452047
0.534646
0.620425
0.711138
0.799709
0.887705
0.971206
1.04901
1.11338
1.16489
1.19537
1.20984
1.20773
1.18893
1.15749
1.11432
1.06857
1.02575
0.998164
0.993809
1.01298
1.05968
1.13032
1.22147
1.32777
1.44301
1.56165
1.67244
1.77036
1.84008
1.87125
1.86525
1.83138
1.77827
1.7164
1.65697
1.6085
1.5736
1.56057
1.56583
1.59088
1.62986
1.67186
1.70612
1.72703
1.72487
1.69926
1.6509
1.58329
1.49507
1.3843
1.24991
1.10061
0.945948
0.801415
0.685649
0.605809
0.561145
0.551218
0.57225
0.610678
0.661833
0.713302
0.76475
0.806908
0.837834
0.847735
0.834138
0.797408
0.747269
0.700461
0.671511
0.669574
0.697682
0.754836
0.832382
0.918129
0.976878
0.978143
0.900767
0.754451
0.577144
0.411584
0.29317
0.23905
0.234463
0.259857
0.290473
0.30569
0.295485
0.263208
0.225169
0.197287
0.194854
0.228121
0.305779
0.428492
0.585584
0.758002
0.923542
1.06209
1.1669
1.24029
1.29137
1.33353
1.37434
1.4163
1.45371
1.48063
1.49562
1.49769
1.48876
1.4692
1.43539
1.3912
1.34851
1.3252
1.33293
1.37458
1.44564
1.53999
1.64287
1.74763
1.83866
1.89979
1.9095
1.85733
1.75987
1.63428
1.5065
1.39507
1.30734
1.24316
1.19696
1.16957
1.15313
1.14709
1.15306
1.16942
1.18948
1.20799
1.2136
1.20174
1.16846
1.12396
1.07704
1.04201
1.02682
1.03861
1.07578
1.13518
1.20992
1.2941
1.38346
1.47037
1.54649
1.60828
1.65691
1.69344
1.72201
1.75319
1.7933
1.83883
1.88439
1.92092
1.93032
1.91049
1.85281
1.76814
1.67447
1.58953
1.52675
1.49806
1.49743
1.51242
1.53283
1.55452
1.57665
1.60125
1.62931
1.65595
1.68035
1.69844
1.71165
1.71366
1.70482
1.68471
1.65497
1.61625
1.57134
1.51798
1.46269
1.41089
1.36888
1.34201
1.33153
1.32958
1.33288
1.33372
1.3198
1.2923
1.25686
1.2252
1.21038
1.21627
1.25431
1.31735
1.40152
1.49656
1.59089
1.67947
1.75563
1.81404
1.85515
1.87663
1.88461
1.8833
1.88099
1.87868
1.87446
1.86904
1.85529
1.8338
1.79669
1.74204
1.67624
1.60362
1.53812
1.49092
1.46808
1.46684
1.49184
1.53829
1.59368
1.65102
1.70217
1.73311
1.7372
1.7085
1.65652
1.59243
1.53457
1.49964
1.49836
1.54273
1.62932
1.74767
1.86384
1.93176
1.90358
1.77129
1.57136
1.3497
1.13512
0.949878
0.798747
0.689401
0.622989
0.594054
0.599859
0.630649
0.680513
0.74251
0.810053
0.883602
0.964604
1.0522
1.14013
1.23069
1.31582
1.38664
1.43623
1.4455
1.41339
1.33547
1.22253
1.095
0.968648
0.861601
0.776064
0.71689
0.673899
0.637732
0.606644
0.583087
0.575589
0.580981
0.606763
0.646314
0.697869
0.758266
0.82477
0.891011
0.957049
1.01609
1.07464
1.12581
1.1756
1.22513
1.2787
1.34108
1.40765
1.47687
1.54162
1.59535
1.6317
1.64579
1.63361
1.60165
1.55233
1.48784
1.41602
1.33431
1.24652
1.15414
1.06427
0.988572
0.931336
0.89814
0.880527
0.870215
0.861081
0.839822
0.798696
0.739498
0.660261
0.570402
0.482965
0.409374
0.363786
0.347815
0.361543
0.404047
0.468541
0.551763
0.653178
0.763653
0.876351
0.979716
1.05615
1.09628
1.09635
1.06787
1.02808
0.989328
0.966586
0.957917
0.956695
0.949821
0.930797
0.89575
0.840854
0.772335
0.695494
0.616333
0.543393
0.470755
0.39181
0.302387
0.197241
0.0903522
0.00570853
-0.0375496
-0.0283239
0.03094
0.139426
0.280417
0.44104
0.620055
0.811475
1.01714
1.22622
1.4298
1.61962
1.77438
1.87992
1.92293
1.88708
1.76554
1.5687
1.31912
1.04323
0.76942
0.526026
0.320086
0.162279
0.0483614
-0.026611
-0.0696014
-0.0944618
-0.109308
-0.117295
-0.119054
-0.11151
-0.0851944
-0.0398168
0.0248896
0.105186
0.187804
0.259725
0.313741
0.347117
0.36472
0.373022
0.374235
0.368002
0.360241
0.362381
0.380823
0.42595
0.490052
0.564338
0.634667
0.695768
0.743809
0.792561
0.838558
0.886486
0.939116
0.993591
1.05113
1.11075
1.17756
1.24882
1.32795
1.41107
1.49815
1.5797
1.64644
1.68683
1.69093
1.65856
1.59502
1.51165
1.42326
1.33872
1.26294
1.19293
1.11531
1.02056
0.901986
0.768193
0.631008
0.507199
0.420293
0.37922
0.388416
0.440163
0.520755
0.609365
0.688752
0.748612
0.777336
0.776172
0.746759
0.701391
0.655999
0.62314
0.608775
0.613408
0.63691
0.670646
0.710059
0.752418
0.79739
0.84735
0.897454
0.935319
0.950732
0.937087
0.88258
0.788321
0.662298
0.519695
0.371658
0.235412
0.132052
0.0640751
0.0406942
0.0606014
0.125943
0.232301
0.375036
0.536724
0.699933
0.833665
0.9165
0.937066
0.902187
0.824719
0.726024
0.62287
0.529165
0.450338
0.385076
0.326909
0.26663
0.203337
0.140347
0.0831186
0.0470946
0.0418827
0.073951
0.146235
0.255873
0.395105
0.554782
0.717712
0.873616
1.01153
1.12672
1.21469
1.27821
1.31489
1.3238
1.31361
1.28156
1.23515
1.18392
1.13143
1.08193
1.03302
0.982839
0.923518
0.856579
0.785082
0.717011
0.667015
0.646551
0.665139
0.723649
0.8236
0.954218
1.09746
1.22598
1.3189
1.36245
1.35917
1.31722
1.2526
1.17065
1.07044
0.961987
0.848009
0.735757
0.636815
0.56317
0.510573
0.480488
0.466437
0.461989
0.465018
0.480521
0.510742
0.562558
0.634351
0.717539
0.800204
0.871349
0.920751
0.942963
0.943791
0.925111
0.890989
0.844268
0.785573
0.719318
0.651158
0.589432
0.543369
0.515856
0.512605
0.534657
0.577249
0.640891
0.716705
0.794506
0.86665
0.92287
0.960009
0.975415
0.971079
0.949491
0.909028
0.853603
0.78363
0.703206
0.607679
0.504393
0.402366
0.31254
0.244916
0.21059
0.213197
0.249995
0.313577
0.393747
0.480239
0.567599
0.648788
0.730093
0.816043
0.910399
1.02001
1.14804
1.2971
1.46337
1.6405
1.81388
1.97151
2.10494
2.19982
2.25152
2.24594
2.18312
2.06561
1.90027
1.71109
1.51873
1.34226
1.19006
1.07276
0.985883
0.928499
0.89928
0.884838
0.873593
0.856261
0.821164
0.770377
0.706133
0.651037
0.61723
0.613941
0.640167
0.684917
0.734446
0.774948
0.797747
0.804122
0.801659
0.80351
0.821189
0.859625
0.921009
0.994212
1.07706
1.16152
1.24483
1.32682
1.40892
1.48969
1.56752
1.63549
1.68624
1.71395
1.71464
1.69272
1.64526
1.58204
1.50663
1.42015
1.33072
1.24157
1.16204
1.1007
1.06542
1.06186
1.09334
1.15596
1.23151
1.3041
1.35306
1.37165
1.36062
1.34015
1.31934
1.30935
1.31726
1.33842
1.3686
1.3913
1.39174
1.35705
1.28054
1.1738
1.05435
0.942827
0.859339
0.812192
0.804617
0.844486
0.931214
1.07078
1.25435
1.45243
1.63354
1.75211
1.78701
1.75447
1.68581
1.61535
1.55786
1.51753
1.49393
1.47761
1.45979
1.43513
1.40147
1.36367
1.32549
1.29435
1.26965
1.25102
1.22904
1.203
1.16545
1.1155
1.04873
0.968113
0.876043
0.778915
0.681661
0.593938
0.517468
0.457623
0.416889
0.401783
0.412455
0.452531
0.522893
0.620266
0.746191
0.893792
1.06045
1.2398
1.42472
1.60425
1.77067
1.9087
2.01708
2.08479
2.10916
2.0935
2.04974
1.98656
1.91604
1.8328
1.7353
1.60999
1.45954
1.30207
1.15546
1.0408
0.970166
0.950604
0.978192
1.04168
1.1243
1.21167
1.29061
1.35478
1.39979
1.42813
1.44193
1.44617
1.43307
1.40471
1.36042
1.29442
1.21852
1.1411
1.07667
1.03377
1.01538
1.02995
1.07143
1.13154
1.20046
1.26166
1.3026
1.31799
1.30506
1.27009
1.21783
1.15725
1.09503
1.03351
0.977136
0.928879
0.884118
0.842472
0.806782
0.779045
0.765839
0.766213
0.777163
0.786803
0.7885
0.785243
0.78606
0.798579
0.837782
0.90586
0.996246
1.10568
1.22867
1.35335
1.46608
1.54879
1.59807
1.60486
1.57845
1.53338
1.47805
1.42148
1.37068
1.32676
1.29059
1.25957
1.23549
1.21746
1.20692
1.19968
1.18851
1.16596
1.12801
1.07327
1.00594
0.930854
0.853652
0.787227
0.739331
0.717936
0.724474
0.759065
0.817601
0.882584
0.938197
0.972679
0.983734
0.97229
0.954487
0.93778
0.941315
0.971003
1.02642
1.10929
1.21352
1.32893
1.44082
1.53066
1.58364
1.59062
1.54895
1.46351
1.35277
1.22919
1.09968
0.9701
0.844368
0.729007
0.627159
0.542432
0.470405
0.403076
0.332063
0.254053
0.173758
0.0977041
0.038135
0.000209928
-0.00996891
0.0100853
0.0583549
0.134471
0.230798
0.340269
0.4578
0.578153
0.693473
0.800169
0.898904
0.995654
1.09121
1.18568
1.27149
1.33904
1.38463
1.40444
1.40687
1.40193
1.39908
1.39481
1.38404
1.3559
1.28982
1.18141
1.03249
0.851606
0.659206
0.474965
0.319406
0.200662
0.131402
0.114036
0.156219
0.256927
0.408644
0.604181
0.808661
0.999492
1.15382
1.27116
1.35454
1.40347
1.40554
1.35302
1.24844
1.10763
0.960275
0.829587
0.735513
0.689669
0.680677
0.693087
0.709318
0.710643
0.696244
0.672869
0.646227
0.624918
0.615033
0.622859
0.655371
0.713925
0.79728
0.897035
1.01
1.12234
1.22955
1.32503
1.40709
1.47168
1.52273
1.55676
1.57618
1.57646
1.54695
1.47899
1.38639
1.29235
1.23081
1.224
1.27393
1.36886
1.48565
1.5934
1.67304
1.70382
1.67362
1.58369
1.44117
1.25711
1.06562
0.89366
0.768682
0.703955
0.706217
0.771918
0.884982
1.01886
1.16113
1.28477
1.39135
1.47535
1.54038
1.59304
1.62715
1.63921
1.62555
1.58089
1.50931
1.41567
1.30618
1.18867
1.07077
0.956487
0.852406
0.759766
0.684797
0.63028
0.597891
0.585369
0.588033
0.602717
0.616848
0.622228
0.615935
0.591549
0.550624
0.500846
0.451578
0.407871
0.372573
0.342903
0.324204
0.306952
0.296792
0.303232
0.331021
0.381631
0.45294
0.533035
0.61132
0.679196
0.728077
0.752011
0.744938
0.708377
0.641227
0.545386
0.434478
0.323561
0.225035
0.154031
0.123998
0.138915
0.202446
0.313246
0.468474
0.656347
0.863051
1.07865
1.28738
1.47445
1.62723
1.736
1.79575
1.80462
1.7758
1.71482
1.63537
1.5454
1.44609
1.35086
1.2683
1.21619
1.19902
1.22572
1.28986
1.38863
1.50736
1.62782
1.73231
1.79261
1.79336
1.72497
1.59717
1.44232
1.29021
1.15808
1.05859
0.98689
0.934374
0.885803
0.833233
0.776549
0.71215
0.646657
0.583236
0.529289
0.489625
0.469307
0.468016
0.488987
0.525518
0.578118
0.626299
0.660025
0.667862
0.648945
0.606356
0.552367
0.50276
0.468227
0.456345
0.470449
0.509855
0.570624
0.646664
0.722514
0.791149
0.845142
0.887119
0.930415
0.993699
1.09179
1.22387
1.36987
1.49974
1.58321
1.62322
1.64646
1.67461
1.71953
1.77545
1.83912
1.89507
1.92615
1.91276
1.84697
1.7283
1.56462
1.36856
1.1611
0.958483
0.772097
0.608964
0.475159
0.374421
0.303988
0.260026
0.247158
0.264248
0.312679
0.392633
0.496846
0.614117
0.727046
0.812034
0.8622
0.871576
0.841365
0.785195
0.710475
0.633127
0.564078
0.509662
0.473015
0.454991
0.459421
0.483034
0.531535
0.609799
0.710693
0.837861
0.978208
1.11511
1.23279
1.31133
1.34408
1.33745
1.30583
1.26459
1.22058
1.17092
1.11316
1.04323
0.966869
0.888361
0.81327
0.746815
0.698361
0.663963
0.645358
0.642209
0.650558
0.665603
0.685736
0.70862
0.733875
0.77069
0.823323
0.901888
1.00214
1.12569
1.26597
1.41231
1.55988
1.70064
1.82475
1.93204
2.0158
2.06761
2.06911
2.00914
1.87696
1.68949
1.46781
1.25081
1.06571
0.937113
0.871454
0.868843
0.915063
0.989687
1.07236
1.13846
1.17869
1.1989
1.20501
1.21205
1.22339
1.23572
1.23441
1.20792
1.15089
1.06694
0.970082
0.874688
0.791707
0.729586
0.694617
0.691244
0.716411
0.762207
0.814311
0.860619
0.884329
0.892143
0.892334
0.899637
0.928155
0.973685
1.02892
1.07928
1.1135
1.12948
1.13036
1.12558
1.12676
1.14499
1.18002
1.2359
1.30804
1.38725
1.4638
1.52297
1.56679
1.59616
1.60815
1.60145
1.57504
1.53573
1.488
1.44057
1.39817
1.36503
1.33906
1.31952
1.30507
1.29438
1.284
1.27609
1.26781
1.25558
1.24143
1.22241
1.19403
1.15937
1.12123
1.08991
1.07008
1.06402
1.06904
1.08241
1.09427
1.09206
1.07363
1.03705
0.983093
0.922758
0.867291
0.82581
0.801566
0.793778
0.798018
0.809917
0.816562
0.816432
0.800854
0.768744
0.726453
0.666947
0.593236
0.50484
0.404237
0.297917
0.196719
0.110194
0.0525592
0.0286144
0.0489363
0.111059
0.212611
0.339849
0.478864
0.61442
0.732297
0.824709
0.885891
0.915561
0.918086
0.90281
0.87462
0.847285
0.830309
0.833236
0.859322
0.913248
0.988214
1.07161
1.14659
1.20451
1.23245
1.23376
1.21189
1.17922
1.1432
1.10348
1.05629
0.992047
0.912297
0.812226
0.700343
0.590973
0.495747
0.424199
0.383698
0.379135
0.413468
0.482722
0.582605
0.706137
0.84092
0.981277
1.11132
1.22944
1.32975
1.4101
1.47351
1.52342
1.56048
1.59674
1.62789
1.66106
1.70178
1.74674
1.79524
1.839
1.87514
1.89734
1.90395
1.89122
1.86063
1.81453
1.7504
1.66893
1.56514
1.43294
1.2707
1.09043
0.895591
0.70426
0.531126
0.392131
0.302246
0.270022
0.299862
0.390175
0.536427
0.723232
0.937233
1.15788
1.36108
1.52863
1.64263
1.69594
1.68843
1.62793
1.53143
1.42279
1.31569
1.22879
1.17211
1.14916
1.15521
1.18722
1.23906
1.30588
1.39244
1.49351
1.60014
1.70204
1.77927
1.8135
1.79236
1.7231
1.62516
1.51768
1.42501
1.35083
1.29562
1.25599
1.21353
1.17466
1.1287
1.07706
1.02236
0.964683
0.912073
0.872538
0.851599
0.853916
0.882114
0.93429
1.01081
1.10852
1.22375
1.34259
1.46081
1.56241
1.64022
1.68694
1.70199
1.67952
1.62463
1.53615
1.4184
1.27694
1.12395
0.970655
0.830618
0.710351
0.611371
0.528872
0.462412
0.407043
0.363725
0.339885
0.342486
0.376156
0.435443
0.513682
0.593104
0.664378
0.717947
0.755099
0.791597
0.825472
0.863762
0.900297
0.927917
0.939244
0.930531
0.904158
0.858375
0.804083
0.745393
0.684317
0.628886
0.583574
0.554517
0.543207
0.548079
0.570736
0.61055
0.670931
0.752311
0.851882
0.96438
1.08135
1.19189
1.28498
1.35493
1.39665
1.41164
1.40495
1.37727
1.33575
1.27419
1.18975
1.09944
1.02237
0.979149
0.970492
0.995982
1.04524
1.1007
1.14888
1.18685
1.2119
1.22998
1.2377
1.2377
1.22702
1.20406
1.17308
1.13725
1.10372
1.0752
1.05225
1.03839
1.03172
1.03028
1.03519
1.03983
1.04658
1.05099
1.04049
1.01502
0.969837
0.900778
0.812203
0.707319
0.597094
0.494502
0.413898
0.371282
0.36909
0.414407
0.499418
0.618156
0.762112
0.919023
1.07172
1.19823
1.27734
1.29035
1.24119
1.13685
0.99921
0.855402
0.718522
0.601833
0.513159
0.457718
0.441465
0.469837
0.54253
0.655293
0.792657
0.938728
1.06881
1.16212
1.20597
1.19191
1.13608
1.05787
0.972322
0.89904
0.844292
0.815035
0.812029
0.826416
0.855296
0.892409
0.937084
0.990827
1.0456
1.09101
1.11592
1.10646
1.05888
0.975955
0.867995
0.752561
0.645497
0.559808
0.497336
0.458259
0.440225
0.440862
0.457729
0.49459
0.549315
0.623693
0.715593
0.817337
0.916351
0.996739
1.04033
1.03287
0.969427
0.86049
0.726616
0.585158
0.457244
0.359705
0.302197
0.290556
0.332161
0.421675
0.558296
0.735959
0.945399
1.1666
1.38086
1.56849
1.71015
1.80269
1.85179
1.86153
1.8382
1.7842
1.69962
1.59039
1.47308
1.36958
1.29828
1.27104
1.29467
1.36121
1.46122
1.57471
1.68339
1.76612
1.80907
1.81125
1.77802
1.72129
1.66132
1.60708
1.56561
1.54787
1.55619
1.58504
1.62532
1.66843
1.69051
1.66874
1.59714
1.48366
1.34765
1.21166
1.09533
1.00691
0.951395
0.923795
0.917201
0.918597
0.924179
0.920425
0.905525
0.873788
0.826618
0.766839
0.70178
0.638031
0.581611
0.537763
0.511029
0.496922
0.493032
0.506221
0.541591
0.607103
0.705494
0.833422
0.976922
1.12164
1.24437
1.33987
1.39461
1.41509
1.39877
1.35331
1.28392
1.20497
1.12143
1.03993
0.967618
0.908489
0.864104
0.844856
0.849554
0.875154
0.912589
0.957716
1.00559
1.04826
1.09044
1.12926
1.16004
1.18298
1.19528
1.19658
1.1854
1.16405
1.14212
1.13209
1.14679
1.18688
1.24038
1.28808
1.31868
1.32117
1.29511
1.24467
1.17451
1.08839
0.996676
0.906686
0.83139
0.773717
0.734246
0.71122
0.693224
0.676565
0.662758
0.655639
0.654029
0.663112
0.67319
0.674322
0.653455
0.596226
0.501843
0.381795
0.257224
0.154356
0.0906281
0.0723415
0.102613
0.174333
0.282812
0.405747
0.527741
0.63042
0.696797
0.718725
0.70112
0.655957
0.589464
0.516982
0.452342
0.394382
0.355771
0.342117
0.352157
0.386773
0.438583
0.49921
0.55643
0.602246
0.630264
0.633582
0.615308
0.57779
0.538857
0.50604
0.492705
0.5017
0.530737
0.563175
0.582314
0.572307
0.524138
0.443787
0.342618
0.23852
0.15112
0.0923558
0.0603586
0.0438156
0.034979
0.0296704
0.0379235
0.079018
0.165739
0.296472
0.453406
0.60158
0.709301
0.772906
0.809591
0.833189
0.847994
0.850495
0.837857
0.807237
0.761128
0.697357
0.62085
0.535332
0.449626
0.379907
0.338063
0.341112
0.395125
0.494739
0.630472
0.782779
0.930218
1.04802
1.12259
1.14461
1.11834
1.05634
0.978378
0.900213
0.834425
0.787205
0.761627
0.75509
0.764222
0.787403
0.809612
0.823524
0.826121
0.81549
0.791065
0.752682
0.710759
0.667487
0.625335
0.590153
0.557436
0.524106
0.489999
0.452287
0.414477
0.382586
0.360269
0.353598
0.362371
0.389105
0.432475
0.489655
0.554611
0.624844
0.69675
0.771086
0.841504
0.909049
0.971065
1.01981
1.05245
1.06974
1.06953
1.05842
1.03768
1.01259
0.990179
0.97797
0.982664
1.00398
1.03835
1.07904
1.11731
1.14716
1.16368
1.16654
1.15492
1.13717
1.12139
1.10616
1.08627
1.06228
1.02889
0.992251
0.961089
0.947916
0.963685
1.00821
1.08368
1.19102
1.32072
1.46455
1.61456
1.75295
1.87046
1.95723
2.01094
2.0367
2.03808
2.02956
2.0182
2.00819
1.99975
1.99177
1.97518
1.9414
1.88535
1.80299
1.70163
1.58493
1.46589
1.35847
1.27524
1.2285
1.21879
1.24686
1.30622
1.38829
1.48324
1.5776
1.65895
1.71434
1.7408
1.74199
1.72071
1.67955
1.62456
1.55769
1.48292
1.40427
1.32835
1.26171
1.20938
1.17833
1.1675
1.18042
1.20738
1.24893
1.29398
1.33351
1.36466
1.37791
1.3777
1.35593
1.31426
1.24843
1.15747
1.04497
0.922259
0.791388
0.665956
0.554535
0.461936
0.395686
0.359451
0.353694
0.3792
0.442167
0.536975
0.656147
0.795505
0.939253
1.07162
1.17878
1.25505
1.28962
1.28684
1.25424
1.20657
1.15558
1.11465
1.09018
1.08778
1.10746
1.14522
1.19429
1.25409
1.31439
1.36872
1.41635
1.45159
1.47992
1.50393
1.52447
1.54591
1.5616
1.57358
1.57994
1.5766
1.55822
1.52635
1.48394
1.44249
1.4103
1.39926
1.40918
1.43926
1.49162
1.55476
1.62108
1.68051
1.72441
1.75025
1.7486
1.71746
1.65708
1.56877
1.46019
1.3313
1.19446
1.05138
0.915408
0.793917
0.696949
0.627349
0.5929
0.589303
0.609829
0.639365
0.667501
0.678121
0.671397
0.640961
0.600094
0.559194
0.531842
0.527704
0.553634
0.60788
0.684213
0.771902
0.857328
0.924692
0.961255
0.966826
0.94649
0.919083
0.90189
0.905033
0.937051
0.987933
1.05093
1.11765
1.18234
1.23455
1.27763
1.30709
1.33069
1.34512
1.3439
1.31709
1.25007
1.14279
0.993724
0.820013
0.638921
0.464458
0.317504
0.203002
0.126855
0.0937156
0.100104
0.14462
0.219541
0.316066
0.424412
0.532728
0.621865
0.677435
0.687781
0.658658
0.607622
0.556434
0.526494
0.529972
0.574956
0.65159
0.756234
0.880902
1.01148
1.14486
1.27225
1.38235
1.4796
1.56422
1.63713
1.69555
1.73813
1.76179
1.76012
1.72905
1.66994
1.58472
1.47904
1.36505
1.25156
1.14567
1.0516
0.97138
0.898196
0.82817
0.74933
0.667965
0.599111
0.555784
0.557482
0.609227
0.707473
0.83244
0.958972
1.06179
1.11788
1.12123
1.07904
1.00757
0.920152
0.832099
0.755357
0.694687
0.658734
0.655128
0.684465
0.751512
0.841398
0.949898
1.05746
1.16224
1.25842
1.34662
1.41362
1.432
1.39047
1.31198
1.22342
1.15174
1.09946
1.058
1.01627
0.963833
0.900197
0.827156
0.748648
0.674779
0.608932
0.550393
0.508786
0.484649
0.481087
0.494532
0.52573
0.554694
0.56236
0.533397
0.468474
0.386094
0.30832
0.265558
0.259482
0.288175
0.351339
0.431583
0.519716
0.609212
0.687116
0.744511
0.778124
0.789879
0.790431
0.790994
0.806086
0.843532
0.895858
0.959182
1.0221
1.07735
1.12007
1.1545
1.18258
1.20412
1.21332
1.21043
1.20129
1.18327
1.16576
1.14544
1.1236
1.09549
1.05922
1.01278
0.958957
0.901836
0.843876
0.786457
0.731868
0.678661
0.636634
0.607863
0.596077
0.604951
0.63789
0.690215
0.763405
0.844527
0.929827
1.00125
1.05506
1.08863
1.10809
1.11775
1.1286
1.14287
1.15986
1.18124
1.20332
1.22674
1.24379
1.2585
1.26745
1.2684
1.26434
1.25677
1.24823
1.24456
1.24798
1.25583
1.26867
1.27892
1.28565
1.28605
1.2799
1.27201
1.26592
1.26396
1.2597
1.25398
1.24283
1.2175
1.17911
1.12228
1.05056
0.968204
0.882771
0.794371
0.712647
0.638163
0.57334
0.520317
0.47838
0.451886
0.442118
0.448922
0.471953
0.516621
0.583279
0.665896
0.76009
0.85187
0.924713
0.966722
0.966079
0.916612
0.825999
0.705251
0.568383
0.43035
0.311924
0.221258
0.169057
0.154382
0.177511
0.227465
0.294331
0.360721
0.421117
0.468689
0.497412
0.512658
0.52824
0.551572
0.587358
0.640451
0.713167
0.79867
0.891726
0.980733
1.05473
1.10994
1.1426
1.15941
1.16895
1.19045
1.23305
1.30775
1.41191
1.54588
1.69967
1.85765
2.00853
2.13403
2.22758
2.28374
2.30851
2.30868
2.29618
2.27828
2.25915
2.2405
2.21398
2.17393
2.11301
2.02906
1.92962
1.82209
1.71967
1.62921
1.559
1.50627
1.46505
1.42595
1.37235
1.29931
1.20158
1.08048
0.947183
0.817802
0.705722
0.620551
0.572475
0.564362
0.595075
0.655738
0.741036
0.837715
0.930252
1.01157
1.0731
1.11411
1.14186
1.16781
1.19585
1.22298
1.24942
1.26104
1.25728
1.23342
1.19105
1.13983
1.09103
1.05922
1.05434
1.08121
1.14146
1.23076
1.34449
1.46365
1.57166
1.64889
1.68823
1.6815
1.63179
1.54964
1.44276
1.32344
1.19734
1.08137
0.980373
0.90243
0.846247
0.822066
0.825138
0.855904
0.902691
0.956679
1.00436
1.03945
1.05184
1.04389
1.02096
0.986401
0.947215
0.908482
0.873861
0.848585
0.83539
0.843573
0.877005
0.936044
1.01784
1.10992
1.19478
1.25934
1.28812
1.27067
1.20576
1.10324
0.983035
0.867273
0.773825
0.718399
0.707572
0.737811
0.799905
0.882461
0.966724
1.03908
1.09149
1.12309
1.13828
1.13941
1.13372
1.12891
1.1288
1.1357
1.14709
1.15974
1.1716
1.18114
1.18318
1.18154
1.17853
1.17894
1.18496
1.19374
1.20387
1.20712
1.20005
1.17932
1.14543
1.10426
1.05959
1.02025
0.994999
0.989359
1.00245
1.03371
1.07928
1.14175
1.21874
1.31311
1.42153
1.54217
1.66704
1.78844
1.89075
1.95571
1.97308
1.93907
1.86263
1.76068
1.65308
1.56034
1.49756
1.47137
1.48988
1.54299
1.61808
1.69873
1.76517
1.80484
1.80978
1.78869
1.7434
1.69222
1.64192
1.60108
1.56565
1.52751
1.48289
1.41906
1.32997
1.22064
1.10247
0.994066
0.913345
0.87074
0.862255
0.886472
0.934342
0.999179
1.06554
1.12752
1.17624
1.20667
1.20581
1.17097
1.10007
0.999963
0.884963
0.773718
0.678962
0.612617
0.568395
0.5378
0.513423
0.493529
0.484695
0.491984
0.512543
0.540051
0.563074
0.581899
0.592895
0.60257
0.615533
0.634676
0.659693
0.685168
0.699463
0.697725
0.681148
0.654396
0.62868
0.616781
0.623769
0.650862
0.696182
0.757691
0.825353
0.893494
0.953569
1.00475
1.04768
1.07903
1.09578
1.09774
1.0771
1.03905
0.990016
0.932426
0.874955
0.831669
0.796995
0.774688
0.767839
0.771767
0.78065
0.789337
0.794511
0.78609
0.765844
0.742891
0.722071
0.710973
0.718856
0.744678
0.789175
0.847027
0.921441
1.01216
1.11788
1.246
1.40177
1.58105
1.76996
1.94788
2.09381
2.18807
2.21963
2.18581
2.09797
1.96506
1.8035
1.62439
1.44172
1.2649
1.09814
0.95213
0.834459
0.751144
0.711865
0.715163
0.75732
0.825545
0.90271
0.972693
1.01954
1.03493
1.01476
0.961368
0.878796
0.781136
0.689344
0.612675
0.572949
0.57476
0.618954
0.694749
0.788159
0.881832
0.960746
1.01249
1.02845
1.01552
0.979682
0.935858
0.902035
0.890254
0.913777
0.971275
1.06036
1.16881
1.28326
1.38983
1.47721
1.54246
1.577
1.59247
1.59256
1.58139
1.5572
1.51805
1.45988
1.38301
1.28898
1.18631
1.08702
0.99714
0.932166
0.898851
0.899522
0.933723
0.993005
1.06838
1.14883
1.22132
1.27424
1.30931
1.32106
1.30679
1.27326
1.22387
1.16553
1.11242
1.08119
1.08186
1.11601
1.17529
1.24855
1.32447
1.39783
1.46633
1.53192
1.5852
1.61595
1.61828
1.58592
1.5186
1.42147
1.3095
1.19345
1.08803
0.997556
0.925434
0.870781
0.833601
0.813591
0.801594
0.800204
0.802753
0.806862
0.808442
0.809781
0.813022
0.817825
0.829604
0.849267
0.875396
0.903482
0.935704
0.96314
0.987604
1.00399
1.0069
0.998487
0.974593
0.939854
0.896562
0.848018
0.799169
0.748873
0.705214
0.675311
0.657821
0.660557
0.685
0.728508
0.789818
0.866563
0.951784
1.0361
1.11085
1.163
1.18236
1.17025
1.13614
1.09011
1.05119
1.0173
0.988769
0.953159
0.906673
0.848988
0.782579
0.720256
0.660138
0.611123
0.5699
0.532708
0.496706
0.45354
0.402757
0.338621
0.268479
0.200755
0.143489
0.110924
0.11091
0.144144
0.209366
0.302063
0.411846
0.531443
0.655248
0.782299
0.905216
1.02715
1.14585
1.25018
1.33017
1.38947
1.43134
1.47081
1.52248
1.59827
1.70771
1.84808
2.00631
2.1552
2.26801
2.3252
2.32404
2.2749
2.19933
2.11984
2.04509
1.98113
1.92595
1.87645
1.8234
1.76909
1.7036
1.63184
1.55337
1.46347
1.36579
1.26538
1.16672
1.07972
1.00925
0.962623
0.939459
0.94912
0.98907
1.05947
1.15189
1.26136
1.3682
1.45629
1.52361
1.56924
1.59757
1.61231
1.62518
1.6372
1.66009
1.69265
1.72854
1.75743
1.76905
1.76168
1.72771
1.6714
1.60112
1.52475
1.44398
1.36386
1.29203
1.24509
1.2407
1.27546
1.33783
1.40449
1.46068
1.49364
1.50501
1.49887
1.48388
1.4606
1.43345
1.41005
1.39598
1.39617
1.4138
1.45395
1.51213
1.58355
1.65859
1.73799
1.81035
1.8653
1.88798
1.86911
1.80672
1.70061
1.57127
1.42847
1.28689
1.15254
1.02711
0.912686
0.816189
0.733065
0.664343
0.616337
0.593446
0.598246
0.635219
0.701992
0.790148
0.886266
0.978124
1.06086
1.12991
1.19301
1.25392
1.32021
1.38885
1.44546
1.47021
1.45271
1.38169
1.26196
1.10406
0.926958
0.743676
0.570501
0.411238
0.280035
0.189729
0.145362
0.156218
0.224824
0.341697
0.498379
0.670729
0.843015
0.997569
1.1175
1.19212
1.21388
1.18469
1.11162
1.00997
0.896102
0.783003
0.688879
0.621582
0.590531
0.594844
0.633922
0.703082
0.784922
0.863161
0.923382
0.956194
0.957742
0.935353
0.895055
0.856343
0.834861
0.837357
0.870611
0.925613
0.997686
1.07728
1.14777
1.19855
1.21735
1.20231
1.16669
1.12612
1.09099
1.07053
1.06333
1.05537
1.03089
0.975478
0.893882
0.801516
0.71368
0.643348
0.602762
0.593526
0.610985
0.650083
0.702795
0.757236
0.79604
0.818489
0.826282
0.835583
0.854634
0.888731
0.937674
0.994206
1.04955
1.08819
1.0956
1.06449
0.996068
0.902166
0.799639
0.711705
0.650639
0.633812
0.665498
0.737236
0.831394
0.932676
1.01682
1.06652
1.07708
1.05437
1.00756
0.950467
0.899585
0.860973
0.845077
0.863644
0.909376
0.973656
1.04625
1.11997
1.19723
1.27683
1.35286
1.40929
1.43534
1.41818
1.3536
1.24633
1.11578
0.980279
0.859363
0.773559
0.735104
0.744346
0.795927
0.879036
0.985314
1.10251
1.21807
1.31645
1.38321
1.40772
1.37878
1.29617
1.16941
1.01159
0.84209
0.680084
0.539905
0.433913
0.36607
0.33254
0.328396
0.344519
0.372594
0.403012
0.435791
0.467968
0.505018
0.556618
0.628336
0.726939
0.849522
0.988429
1.12601
1.24535
1.33113
1.36779
1.35333
1.29379
1.20606
1.10794
1.02065
0.961896
0.939197
0.95126
0.984282
1.00868
1.00498
0.962703
0.892007
0.807718
0.726551
0.659741
0.617439
0.607463
0.629119
0.672522
0.725293
0.775037
0.811106
0.830038
0.835203
0.829215
0.810436
0.776189
0.726468
0.657715
0.578025
0.494457
0.41248
0.339823
0.279949
0.236131
0.206838
0.197158
0.206663
0.236989
0.284664
0.352751
0.437465
0.531209
0.630998
0.72951
0.820534
0.901618
0.971816
1.03692
1.10403
1.17271
1.24341
1.30872
1.3603
1.3917
1.40367
1.39442
1.37635
1.34985
1.32011
1.29291
1.2731
1.26057
1.25944
1.27063
1.29312
1.32472
1.3602
1.39768
1.43017
1.4584
1.47489
1.47997
1.47975
1.47053
1.45511
1.43256
1.39878
1.35078
1.28676
1.20794
1.11022
1.00051
0.885793
0.773832
0.684578
0.62157
0.585952
0.579564
0.594208
0.622358
0.659386
0.700715
0.749039
0.803118
0.861955
0.928861
1.0057
1.09298
1.19024
1.29618
1.40509
1.50336
1.57279
1.59919
1.58283
1.52013
1.41666
1.28182
1.12605
0.959487
0.792699
0.638828
0.50663
0.406459
0.345781
0.323058
0.325255
0.326452
0.31104
0.278736
0.243092
0.221666
0.219538
0.232575
0.254185
0.281373
0.314219
0.353269
0.393681
0.433075
0.476705
0.524633
0.582167
0.655896
0.747596
0.859304
0.983055
1.11204
1.23586
1.34186
1.41797
1.46109
1.47338
1.45667
1.41999
1.3736
1.3218
1.27163
1.22719
1.18895
1.15154
1.11286
1.07564
1.04303
1.02194
1.0146
1.02556
1.05126
1.08924
1.13246
1.17886
1.22521
1.26854
1.30724
1.3394
1.37177
1.40458
1.4376
1.46868
1.49463
1.50799
1.51104
1.49631
1.46962
1.43399
1.38709
1.33421
1.27424
1.21149
1.14801
1.08766
1.02758
0.967977
0.903753
0.83651
0.761757
0.674132
0.57354
0.457423
0.336648
0.228699
0.153008
0.121199
0.144073
0.214058
0.320255
0.454082
0.607715
0.763384
0.911553
1.03723
1.12126
1.15786
1.14338
1.08773
0.990994
0.868454
0.73512
0.605
0.492721
0.419241
0.388069
0.40251
0.465764
0.562331
0.679869
0.797914
0.900916
0.974176
1.00788
1.01059
0.990608
0.970971
0.973149
1.00434
1.06654
1.14965
1.22953
1.28786
1.30638
1.27968
1.21223
1.12309
1.03131
0.956703
0.906721
0.882397
0.882005
0.899817
0.930271
0.968909
1.01394
1.04933
1.06632
1.05367
1.00831
0.937535
0.858756
0.787761
0.739304
0.721332
0.728507
0.756653
0.791871
0.820372
0.837662
0.842888
0.840042
0.842774
0.857639
0.890578
0.940574
1.00631
1.08219
1.16473
1.2421
1.30631
1.35069
1.36937
1.36002
1.32633
1.28241
1.23695
1.19856
1.17229
1.15398
1.13992
1.12314
1.10432
1.08768
1.0771
1.07492
1.07639
1.07671
1.08029
1.07992
1.08469
1.09814
1.11774
1.14829
1.18328
1.22078
1.25387
1.27101
1.26659
1.2382
1.18086
1.09491
0.984055
0.856532
0.723741
0.599722
0.493714
0.414562
0.364483
0.343468
0.349044
0.376125
0.416492
0.464556
0.517659
0.57228
0.624349
0.671154
0.71242
0.744063
0.766671
0.781884
0.79416
0.808695
0.822233
0.830428
0.824702
0.801628
0.761911
0.712066
0.669649
0.651474
0.66841
0.727387
0.8269
0.962996
1.13085
1.32665
1.54
1.7527
1.94614
2.10092
2.19462
2.2115
2.14765
2.01226
1.82458
1.61251
1.39761
1.20585
1.05102
0.943983
0.878389
0.852538
0.856474
0.879315
0.908038
0.928239
0.934189
0.918026
0.886812
0.849493
0.815476
0.792326
0.787045
0.803639
0.839095
0.888055
0.948022
1.01465
1.08073
1.13977
1.18735
1.21942
1.23447
1.23665
1.23321
1.22525
1.22089
1.21455
1.21089
1.21591
1.22134
1.22371
1.21371
1.18689
1.13557
1.06922
0.996776
0.929125
0.871842
0.837562
0.826848
0.837435
0.870846
0.919466
0.981698
1.05545
1.13947
1.22971
1.32357
1.41629
1.49626
1.54688
1.55398
1.51231
1.42595
1.30331
1.15552
1.00444
0.863172
0.746142
0.657102
0.598601
0.570738
0.574859
0.613398
0.687951
0.800833
0.949379
1.12857
1.3285
1.53444
1.73512
1.9199
2.08277
2.21818
2.32515
2.39802
2.42755
2.40719
2.33533
2.21895
2.06606
1.89027
1.70723
1.52871
1.36354
1.22187
1.11078
1.02894
0.976906
0.949212
0.940015
0.944123
0.961299
0.989539
1.03048
1.07651
1.1294
1.18345
1.24914
1.33312
1.44016
1.57161
1.70729
1.82159
1.88765
1.89426
1.83726
1.72998
1.58398
1.41749
1.23877
1.06097
0.888696
0.728282
0.583991
0.464
0.373117
0.322787
0.315001
0.353235
0.432003
0.538515
0.663934
0.785975
0.888436
0.961695
1.00607
1.02483
1.02952
1.03064
1.03852
1.05671
1.08057
1.10304
1.11402
1.10411
1.06605
0.997513
0.90581
0.802193
0.699855
0.609746
0.537397
0.488339
0.464259
0.459226
0.4616
0.461956
0.449173
0.417343
0.367584
0.304602
0.239844
0.183097
0.143042
0.124718
0.133096
0.162516
0.214695
0.276305
0.3462
0.420594
0.490802
0.563135
0.633665
0.70119
0.764069
0.816949
0.849706
0.856964
0.836017
0.790189
0.728183
0.658942
0.601505
0.57049
0.578892
0.637029
0.741951
0.883284
1.03861
1.17541
1.26319
1.28357
1.23787
1.14923
1.03791
0.925287
0.824505
0.751383
0.715411
0.715324
0.753726
0.816732
0.892573
0.972168
1.03897
1.08511
1.1049
1.10124
1.07903
1.04522
1.0087
0.97035
0.931701
0.890497
0.847529
0.807655
0.776452
0.757301
0.759961
0.786353
0.836208
0.909525
1.00165
1.10147
1.19545
1.27379
1.32948
1.35409
1.35254
1.32247
1.26545
1.18369
1.08403
0.982503
0.893603
0.829806
0.788802
0.767464
0.763989
0.776021
0.795372
0.819659
0.839252
0.845063
0.829494
0.787061
0.717101
0.63016
0.546424
0.479073
0.440528
0.444241
0.493243
0.580973
0.69484
0.82098
0.936812
1.03076
1.08583
1.09893
1.07973
1.04396
1.00843
0.987067
0.985562
0.9966
1.0039
0.994226
0.953895
0.885634
0.792141
0.689562
0.599145
0.532722
0.493323
0.483872
0.501096
0.543882
0.605572
0.677482
0.752913
0.815116
0.847045
0.835557
0.783724
0.697185
0.595667
0.497307
0.417597
0.377208
0.383178
0.43829
0.533211
0.653422
0.781824
0.895059
0.978414
1.03101
1.05208
1.0559
1.05287
1.05495
1.07097
1.0998
1.14197
1.18163
1.20408
1.19337
1.14823
1.07081
0.980911
0.891097
0.81964
0.773217
0.757466
0.767522
0.79838
0.844932
0.90077
0.959252
1.01837
1.07691
1.13068
1.18418
1.23295
1.28374
1.3327
1.38321
1.43692
1.50651
1.58313
1.65667
1.70522
1.70048
1.63445
1.5255
1.39925
1.28225
1.19254
1.13436
1.10181
1.08319
1.06588
1.03279
0.971744
0.87382
0.740065
0.586852
0.429827
0.289506
0.185918
0.130132
0.126415
0.173775
0.26805
0.399912
0.55523
0.713465
0.867157
1.00813
1.13428
1.24779
1.35318
1.44367
1.51578
1.56325
1.58434
1.57996
1.55065
1.50581
1.44351
1.36654
1.27403
1.16763
1.04988
0.929438
0.806908
0.691922
0.585933
0.493336
0.41034
0.338745
0.275532
0.225472
0.183379
0.149667
0.12813
0.119656
0.121265
0.128782
0.144459
0.171366
0.206161
0.2547
0.323357
0.416292
0.524797
0.643891
0.761611
0.872585
0.978849
1.08265
1.19163
1.30266
1.42132
1.53799
1.64251
1.72559
1.78016
1.8028
1.79821
1.77743
1.74654
1.70094
1.64449
1.57317
1.49074
1.40464
1.32224
1.25517
1.20642
1.18042
1.17112
1.17247
1.17492
1.16658
1.13742
1.07848
0.992493
0.88682
0.767456
0.645018
0.53019
0.431972
0.361806
0.321155
0.311371
0.329657
0.371513
0.430484
0.503026
0.580916
0.666842
0.759456
0.854812
0.951582
1.03545
1.09756
1.13267
1.13498
1.10923
1.05641
0.986774
0.909356
0.831788
0.760842
0.6956
0.636518
0.585161
0.544565
0.514981
0.505913
0.517287
0.553756
0.610647
0.687757
0.773564
0.858566
0.928243
0.977661
1.00671
1.02353
1.02773
1.02165
1.00783
0.984461
0.954208
0.921854
0.891611
0.864109
0.827382
0.773072
0.699224
0.60916
0.520532
0.444565
0.395261
0.380503
0.400616
0.453828
0.542348
0.657192
0.797164
0.951251
1.10456
1.2415
1.35335
1.43455
1.48808
1.51808
1.53946
1.5622
1.58666
1.61646
1.63965
1.6517
1.65077
1.63546
1.61343
1.58379
1.55027
1.5195
1.49595
1.48298
1.48448
1.51093
1.56521
1.64298
1.7265
1.79515
1.82935
1.8285
1.80519
1.77465
1.75498
1.75493
1.76838
1.7892
1.80391
1.80079
1.7649
1.69845
1.6115
1.522
1.44076
1.37234
1.32424
1.28928
1.26201
1.23087
1.19815
1.17272
1.15286
1.1505
1.17378
1.22862
1.3164
1.43028
1.55906
1.68691
1.80553
1.90435
1.97866
2.02884
2.04556
2.03451
1.99727
1.93928
1.86773
1.78822
1.70293
1.61526
1.52978
1.44734
1.37384
1.30741
1.24874
1.19452
1.13836
1.07222
0.993194
0.908619
0.818369
0.737004
0.674529
0.634923
0.62199
0.633513
0.669215
0.732415
0.819426
0.910622
0.976195
0.985159
0.9388
0.861803
0.790223
0.743174
0.72923
0.751912
0.805112
0.882329
0.972493
1.06263
1.13582
1.18157
1.19516
1.18567
1.16264
1.13856
1.11798
1.10117
1.09272
1.0938
1.11129
1.15581
1.23074
1.33487
1.46324
1.59813
1.72692
1.83772
1.92304
1.97225
1.97949
1.94126
1.85776
1.73661
1.59142
1.43416
1.27471
1.1186
0.968308
0.838467
0.734129
0.658404
0.613186
0.593889
0.585092
0.565659
0.52714
0.47953
0.443715
0.443522
0.48602
0.569272
0.679525
0.807272
0.932393
1.04312
1.13083
1.19279
1.23727
1.2664
1.29336
1.32349
1.35765
1.39147
1.41189
1.41179
1.38946
1.35217
1.31182
1.27946
1.25881
1.24918
1.24671
1.24639
1.24399
1.23153
1.20126
1.15527
1.0967
1.04332
1.00817
1.00219
1.03757
1.1201
1.23817
1.37781
1.5182
1.6477
1.75485
1.84038
1.90588
1.95181
1.97676
1.97267
1.94085
1.88288
1.81357
1.75126
1.70498
1.67912
1.67236
1.67852
1.69011
1.69303
1.67961
1.63589
1.5544
1.43783
1.30082
1.16048
1.03277
0.917898
0.821443
0.742734
0.682975
0.640999
0.614497
0.600446
0.598164
0.612213
0.640744
0.692633
0.770705
0.87436
0.996262
1.13268
1.27156
1.40001
1.51064
1.60289
1.66676
1.70646
1.72679
1.73357
1.7314
1.72394
1.71021
1.68691
1.65009
1.59256
1.51599
1.41408
1.28601
1.13891
0.984692
0.83021
0.694059
0.586893
0.525193
0.516004
0.562324
0.65341
0.768322
0.885436
0.996995
1.10751
1.22324
1.34905
1.48068
1.60751
1.71844
1.80668
1.86862
1.90556
1.92718
1.93855
1.94169
1.93696
1.91581
1.87193
1.81152
1.7398
1.66776
1.59975
1.54193
1.48762
1.42917
1.35623
1.26703
1.16327
1.05629
0.952703
0.85699
0.776759
0.712379
0.660882
0.624308
0.608732
0.616374
0.647673
0.703081
0.784632
0.88326
0.994006
1.10962
1.21932
1.32187
1.41373
1.49214
1.55404
1.59741
1.62325
1.63337
1.6359
1.63002
1.61396
1.58432
1.5361
1.47605
1.40603
1.33729
1.27759
1.22467
1.18479
1.15354
1.12777
1.10404
1.07769
1.03903
0.986649
0.917931
0.83556
0.748205
0.669225
0.608862
0.57709
0.578884
0.613123
0.672654
0.757036
0.858416
0.960047
1.03819
1.07186
1.05014
0.98073
0.87938
0.766499
0.663059
0.585503
0.547826
0.563272
0.638428
0.769953
0.946371
1.14856
1.34821
1.5211
1.64464
1.70788
1.71312
1.67361
1.61421
1.5443
1.46852
1.37911
1.26737
1.12962
0.974723
0.821719
0.692341
0.603851
0.573911
0.60479
0.69931
0.844859
1.02323
1.20524
1.36111
1.45989
1.47992
1.42199
1.302
1.15074
1.00293
0.87535
0.785301
0.736388
0.726047
0.754812
0.811316
0.877059
0.943552
0.998237
1.02824
1.03516
1.02502
1.00866
0.995001
0.995789
1.0079
1.02901
1.04863
1.05677
1.04587
1.01308
0.962665
0.907086
0.856527
0.8279
0.829664
0.864046
0.936383
1.04692
1.19501
1.36681
1.54677
1.70964
1.82928
1.89082
1.89087
1.84031
1.75239
1.64636
1.54322
1.45478
1.3866
1.32757
1.26961
1.19647
1.10359
0.982852
0.844854
0.696905
0.557777
0.43976
0.347391
0.290587
0.263252
0.258584
0.270228
0.292634
0.318978
0.348631
0.386847
0.444788
0.529115
0.640464
0.773431
0.916511
1.05335
1.18165
1.28921
1.38037
1.45566
1.5168
1.5596
1.58641
1.59069
1.57779
1.54718
1.503
1.45243
1.39608
1.34483
1.30195
1.25966
1.21609
1.15593
1.07335
0.965503
0.83092
0.682952
0.532317
0.398297
0.292877
0.227163
0.203587
0.223694
0.285613
0.378926
0.491911
0.609309
0.722062
0.82338
0.906989
0.980741
1.04564
1.09623
1.13328
1.15023
1.13535
1.08451
1.00252
0.90343
0.803054
0.712732
0.642948
0.592207
0.561259
0.555035
0.572567
0.614849
0.682223
0.765951
0.860541
0.949877
1.01746
1.05373
1.06047
1.0443
1.02084
0.995227
0.96907
0.943342
0.911455
0.883546
0.864242
0.858595
0.871366
0.899295
0.937699
0.972849
1.00136
1.02873
1.05716
1.09866
1.15997
1.23656
1.32177
1.40543
1.4735
1.51819
1.53115
1.51472
1.46961
1.40484
1.32946
1.25267
1.18296
1.12001
1.06421
1.01343
0.968708
0.933998
0.910892
0.904924
0.91085
0.930758
0.953263
0.981084
1.0148
1.05253
1.09666
1.14088
1.17993
1.20679
1.22248
1.23298
1.23386
1.22604
1.20576
1.16846
1.11331
1.04184
0.965253
0.888997
0.818969
0.763434
0.720506
0.688715
0.6638
0.641112
0.618951
0.60406
0.603455
0.624363
0.672654
0.748354
0.844973
0.953376
1.06486
1.17173
1.27088
1.35681
1.41878
1.44826
1.44468
1.41207
1.35965
1.29825
1.23992
1.18829
1.14584
1.10821
1.07269
1.03118
0.98777
0.935546
0.875079
0.807943
0.737783
0.673283
0.622612
0.587591
0.575468
0.584657
0.612028
0.650848
0.69259
0.724917
0.740769
0.742686
0.735512
0.730323
0.734854
0.757196
0.801965
0.867663
0.951599
1.04574
1.13715
1.21499
1.28065
1.32747
1.3592
1.38009
1.39544
1.41444
1.44429
1.48712
1.54297
1.6035
1.65392
1.68236
1.68173
1.6499
1.59067
1.51659
1.44062
1.36906
1.30101
1.23981
1.1766
1.10818
1.01842
0.906154
0.781023
0.65481
0.543782
0.466576
0.430282
0.433946
0.471618
0.532162
0.602319
0.671958
0.727701
0.75547
0.75367
0.728722
0.688974
0.654603
0.636655
0.640258
0.670984
0.722405
0.789203
0.859132
0.924931
0.976608
1.00809
1.01734
1.00168
0.952643
0.871987
0.768341
0.660106
0.57054
0.507908
0.466826
0.44259
0.433464
0.446344
0.489293
0.567999
0.677723
0.809271
0.94594
1.0711
1.17673
1.25459
1.30892
1.34883
1.377
1.39229
1.37255
1.30312
1.19088
1.0588
0.94387
0.87139
0.852469
0.888507
0.955504
1.03037
1.08726
1.11235
1.10962
1.09407
1.0776
1.05737
1.02957
0.984054
0.924261
0.849373
0.762431
0.67944
0.607528
0.55569
0.533754
0.543077
0.585628
0.657881
0.750721
0.841405
0.915784
0.952229
0.944247
0.895885
0.815279
0.717059
0.620829
0.545822
0.505016
0.508522
0.559201
0.650915
0.772136
0.907899
1.03266
1.12151
1.1534
1.12572
1.04693
0.940332
0.827475
0.728586
0.65674
0.608224
0.5757
0.551595
0.525799
0.497099
0.464439
0.431898
0.40627
0.391875
0.39265
0.413363
0.454057
0.509155
0.574349
0.645575
0.714403
0.776919
0.827784
0.856412
0.853322
0.813949
0.742386
0.645473
0.537631
0.443946
0.381208
0.361031
0.390236
0.467704
0.579821
0.707645
0.831398
0.930233
0.983868
0.986743
0.940878
0.857421
0.75468
0.650208
0.557991
0.480519
0.417908
0.365277
0.320387
0.282998
0.257261
0.239836
0.230978
0.228802
0.227671
0.242856
0.271109
0.319893
0.38277
0.466568
0.562371
0.671764
0.793168
0.91977
1.04932
1.17898
1.3044
1.41319
1.49257
1.52718
1.5125
1.4598
1.38718
1.30564
1.22858
1.16259
1.11042
1.07623
1.05894
1.05415
1.06053
1.07029
1.07561
1.07087
1.05257
1.01995
0.969939
0.900555
0.808594
0.696691
0.571052
0.438144
0.314195
0.209723
0.145687
0.133119
0.180748
0.298865
0.482779
0.720523
0.988704
1.24525
1.44271
1.54486
1.54522
1.47028
1.36719
1.26449
1.18491
1.13234
1.1078
1.10065
1.10766
1.12041
1.13743
1.15742
1.17613
1.19105
1.20124
1.20804
1.22247
1.26087
1.33432
1.44551
1.58373
1.72048
1.8255
1.87798
1.87086
1.81405
1.72348
1.62483
1.52547
1.43649
1.36182
1.30574
1.27157
1.26097
1.2695
1.29344
1.32486
1.34903
1.35856
1.34554
1.31144
1.25829
1.18514
1.09924
0.998644
0.883952
0.759946
0.630618
0.500115
0.381036
0.277726
0.195849
0.14562
0.130104
0.157207
0.230718
0.350363
0.511935
0.699404
0.899148
1.0829
1.22492
1.31181
1.34343
1.32802
1.28562
1.23264
1.18433
1.14367
1.11372
1.09417
1.0862
1.09222
1.11504
1.15231
1.20469
1.27305
1.3499
1.42746
1.49698
1.54761
1.57805
1.58312
1.5669
1.53398
1.48874
1.44
1.3922
1.35788
1.33782
1.32399
1.29777
1.23584
1.12765
0.972598
0.786856
0.597984
0.428951
0.300372
0.224967
0.205118
0.234424
0.299001
0.385772
0.475356
0.551783
0.608637
0.637808
0.6423
0.632813
0.616033
0.601554
0.595249
0.608027
0.647697
0.723073
0.829722
0.956867
1.07759
1.16367
1.19392
1.15918
1.07017
0.95011
0.830354
0.729333
0.661937
0.631912
0.63586
0.667839
0.71411
0.760868
0.798347
0.821259
0.842585
0.862006
0.884021
0.91471
0.944982
0.960671
0.953406
0.927001
0.890178
0.8556
0.833834
0.830461
0.852465
0.905956
0.988275
1.09263
1.20139
1.30293
1.37254
1.40628
1.40716
1.3793
1.33511
1.28374
1.22879
1.17732
1.12367
1.07096
1.01795
0.96803
0.926011
0.901954
0.895915
0.908175
0.932688
0.961203
0.982843
0.996014
0.998291
0.992938
0.981265
0.971676
0.9792
1.01214
1.07403
1.15863
1.25513
1.34377
1.41353
1.44746
1.44327
1.40239
1.32744
1.23283
1.12865
1.02566
0.929199
0.845302
0.767146
0.691706
0.622396
0.554924
0.496833
0.450577
0.422604
0.422787
0.447515
0.495729
0.561643
0.641263
0.735671
0.840331
0.954056
1.06816
1.17104
1.24678
1.28615
1.28309
1.23313
1.14866
1.0458
0.943341
0.853713
0.78665
0.748103
0.735832
0.745383
0.767305
0.789294
0.805009
0.804441
0.780618
0.733488
0.659764
0.567924
0.468399
0.369877
0.287634
0.229776
0.204698
0.215208
0.265261
0.353617
0.47569
0.618579
0.768317
0.898553
0.995013
1.04438
1.04726
1.01198
0.958148
0.90262
0.858727
0.838073
0.837886
0.853601
0.879518
0.908091
0.933075
0.954793
0.963654
0.956881
0.925423
0.862595
0.770845
0.660067
0.54658
0.449974
0.378241
0.340691
0.338507
0.36672
0.424769
0.507803
0.612063
0.729442
0.861267
0.990615
1.10011
1.1779
1.21863
1.22069
1.19412
1.14783
1.09816
1.05555
1.03002
1.02847
1.05223
1.10243
1.17257
1.24933
1.3319
1.40822
1.47063
1.49649
1.47491
1.39053
1.25959
1.10127
0.942689
0.802823
0.70249
0.64562
0.636822
0.678391
0.762089
0.882796
1.02751
1.18456
1.33319
1.45758
1.54638
1.59007
1.59224
1.54967
1.46664
1.35509
1.22866
1.09849
0.978482
0.874718
0.792527
0.73246
0.690924
0.672291
0.673088
0.695809
0.742094
0.817106
0.920206
1.05058
1.20186
1.35869
1.497
1.5923
1.62537
1.58541
1.47449
1.30205
1.0907
0.859993
0.628449
0.417786
0.244025
0.118224
0.0503899
0.0422834
0.0955938
0.202068
0.346055
0.50862
0.671588
0.818604
0.941656
1.03198
1.08812
1.11275
1.11096
1.08769
1.05439
1.02054
0.995397
0.984313
0.997301
1.03623
1.09868
1.18096
1.26847
1.35144
1.41855
1.46626
1.49319
1.50388
1.49627
1.48427
1.46057
1.42525
1.37945
1.31693
1.23764
1.15136
1.06689
0.990362
0.923329
0.867052
0.820492
0.775903
0.729169
0.683372
0.636422
0.598149
0.565761
0.54157
0.529306
0.523841
0.529141
0.550805
0.591976
0.653345
0.73241
0.817853
0.89764
0.958744
0.997095
1.01519
1.02478
1.04064
1.07271
1.11807
1.17853
1.24695
1.31676
1.38354
1.44054
1.48716
1.52746
1.56666
1.60396
1.6414
1.67443
1.69441
1.69148
1.6591
1.60331
1.54097
1.47897
1.42842
1.39818
1.39206
1.40735
1.43565
1.47055
1.49343
1.48307
1.42972
1.33153
1.20284
1.06993
0.9541
0.864385
0.812301
0.798328
0.816053
0.870505
0.950469
1.04702
1.14765
1.23683
1.29743
1.32392
1.31894
1.28753
1.23952
1.181
1.12476
1.08011
1.04973
1.03374
1.03023
1.03805
1.05185
1.06903
1.08628
1.09044
1.07256
1.02246
0.938915
0.825941
0.695498
0.561998
0.439018
0.340025
0.266233
0.223068
0.211327
0.232486
0.286065
0.367605
0.472769
0.589353
0.705701
0.811312
0.906637
0.991413
1.07065
1.14507
1.21187
1.26836
1.3128
1.34431
1.36226
1.36817
1.35895
1.33127
1.28859
1.23876
1.18303
1.13326
1.09492
1.06764
1.05858
1.06223
1.07657
1.09116
1.10417
1.10964
1.11
1.10884
1.11174
1.11859
1.12723
1.13279
1.12725
1.10398
1.06668
1.02591
0.988717
0.963542
0.951071
0.953474
0.970254
1.00402
1.05557
1.12207
1.19918
1.27307
1.32984
1.35342
1.33158
1.26344
1.16117
1.04874
0.942238
0.856844
0.797848
0.76893
0.767687
0.787071
0.819688
0.866508
0.915552
0.965511
1.01685
1.06714
1.12839
1.2015
1.29628
1.41824
1.56169
1.70604
1.82565
1.89001
1.88559
1.82117
1.71886
1.59454
1.4637
1.33473
1.21662
1.12234
1.06516
1.04317
1.05459
1.07925
1.10579
1.11512
1.09896
1.06815
1.02754
0.984683
0.943828
0.908094
0.874876
0.840979
0.80813
0.776588
0.754696
0.753548
0.769576
0.800515
0.828468
0.844192
0.843965
0.829501
0.807859
0.776153
0.730818
0.671667
0.604709
0.540738
0.489597
0.461996
0.456685
0.474873
0.513598
0.562951
0.619958
0.675703
0.730667
0.781757
0.82545
0.866417
0.903855
0.936805
0.968916
0.993977
1.00572
0.998727
0.9762
0.948509
0.934474
0.952522
1.00591
1.09471
1.20806
1.32727
1.43233
1.50132
1.5242
1.49514
1.41704
1.30536
1.17596
1.04644
0.931751
0.83707
0.76268
0.702851
0.662035
0.632218
0.610373
0.59452
0.577015
0.554874
0.527194
0.499031
0.469749
0.442417
0.424355
0.411557
0.414247
0.42895
0.447508
0.468629
0.492166
0.516851
0.54487
0.572153
0.595858
0.618547
0.632857
0.645791
0.659835
0.678344
0.703099
0.728893
0.746552
0.751435
0.726773
0.67092
0.584462
0.472917
0.348892
0.228726
0.128475
0.0596082
0.030127
0.043917
0.0932102
0.17277
0.270539
0.374885
0.479677
0.57819
0.663969
0.729198
0.768509
0.775816
0.753978
0.705642
0.64836
0.599354
0.576071
0.586666
0.638177
0.729678
0.856159
0.995438
1.12679
1.23177
1.3031
1.34449
1.37109
1.39137
1.41914
1.45701
1.50962
1.57857
1.65898
1.73865
1.80395
1.84116
1.83765
1.788
1.69122
1.56151
1.41214
1.26652
1.14277
1.0624
1.03533
1.05884
1.12279
1.20421
1.27547
1.31227
1.30099
1.24092
1.13294
0.998786
0.850029
0.705049
0.573141
0.463209
0.384296
0.33682
0.314797
0.314424
0.328834
0.356511
0.401886
0.470231
0.568236
0.69255
0.835184
0.975956
1.09338
1.16801
1.19317
1.1691
1.11329
1.03553
0.950534
0.870833
0.797063
0.734361
0.680635
0.632543
0.598233
0.575835
0.573259
0.597308
0.654206
0.74059
0.848404
0.961426
1.06955
1.15972
1.22825
1.27825
1.3004
1.28384
1.22898
1.12956
1.00882
0.876373
0.749315
0.643516
0.567841
0.52593
0.504739
0.493421
0.480311
0.454074
0.412166
0.359463
0.303955
0.254014
0.222237
0.21901
0.252005
0.33036
0.45453
0.617342
0.799742
0.984001
1.15972
1.31514
1.44687
1.5406
1.58386
1.57162
1.49528
1.36867
1.20317
1.01892
0.839092
0.681173
0.558145
0.480563
0.441468
0.43695
0.447617
0.458892
0.464175
0.468519
0.473474
0.483865
0.501455
0.520407
0.539365
0.554898
0.567128
0.582157
0.601176
0.62967
0.667539
0.720768
0.786968
0.852917
0.899358
0.90201
0.853163
0.76421
0.661564
0.559211
0.468119
0.398957
0.358375
0.351404
0.379654
0.443336
0.532885
0.640947
0.749829
0.848689
0.925935
0.974237
0.994383
0.986442
0.962773
0.92422
0.874782
0.821222
0.766799
0.712908
0.664072
0.617482
0.578866
0.551287
0.541761
0.560709
0.615799
0.711754
0.846705
1.00913
1.18211
1.34238
1.47028
1.55052
1.57292
1.53705
1.45538
1.34187
1.21347
1.08793
0.983435
0.910577
0.880877
0.895935
0.949339
1.03304
1.13283
1.22851
1.30479
1.34744
1.35708
1.3284
1.27007
1.19021
1.10171
1.01108
0.927162
0.856211
0.803952
0.776558
0.77711
0.809953
0.873595
0.967093
1.08941
1.23596
1.39966
1.57865
1.76558
1.94923
2.11684
2.25013
2.33225
2.34434
2.28086
2.14602
1.95731
1.73706
1.5121
1.30237
1.12285
0.983903
0.886877
0.830244
0.805257
0.797659
0.791786
0.775065
0.749946
0.720564
0.688531
0.66918
0.662498
0.672631
0.697782
0.72901
0.760488
0.794242
0.837882
0.901323
0.988682
1.10268
1.22954
1.35495
1.46155
1.54053
1.58208
1.58419
1.55156
1.49292
1.41723
1.32997
1.24358
1.16323
1.09644
1.04917
1.01648
0.990819
0.96462
0.92874
0.87184
0.796606
0.707199
0.613374
0.516115
0.420761
0.333271
0.25798
0.204482
0.177228
0.181959
0.222225
0.296883
0.401796
0.532844
0.679962
0.836772
0.993268
1.14337
1.28224
1.40906
1.52562
1.63463
1.74059
1.84166
1.92236
1.96989
1.96854
1.91514
1.8256
1.71318
1.6042
1.50234
1.41397
1.3318
1.24953
1.16405
1.07606
0.990731
0.905411
0.81948
0.733583
0.657157
0.600364
0.576821
0.594154
0.654109
0.747527
0.863119
0.991051
1.11721
1.23432
1.33465
1.41341
1.46373
1.48508
1.47667
1.44389
1.38659
1.31488
1.23584
1.15979
1.09301
1.04491
1.01546
0.999411
0.992365
0.992108
0.99512
1.00214
1.01246
1.02756
1.04712
1.07274
1.10151
1.13159
1.15715
1.17391
1.17755
1.16683
1.13891
1.10132
1.05641
1.0102
0.966974
0.926062
0.882552
0.839594
0.796255
0.757869
0.723496
0.696922
0.682765
0.678404
0.67855
0.683837
0.692922
0.708357
0.735461
0.778822
0.843185
0.933692
1.05066
1.1883
1.33934
1.49932
1.65668
1.79617
1.90312
1.96368
1.96789
1.921
1.82779
1.7083
1.58701
1.4873
1.4261
1.40615
1.42784
1.47197
1.51663
1.53814
1.5273
1.48809
1.43044
1.37572
1.33992
1.33506
1.36462
1.42514
1.5099
1.60189
1.69087
1.7592
1.78928
1.77633
1.71651
1.62187
1.50204
1.37072
1.23441
1.10148
0.978545
0.86996
0.777448
0.704679
0.655464
0.627085
0.614892
0.608503
0.611527
0.610769
0.611562
0.617015
0.628363
0.64273
0.660331
0.677147
0.683722
0.687953
0.685074
0.683429
0.690531
0.70367
0.726326
0.75312
0.787433
0.824169
0.853224
0.872893
0.882672
0.884088
0.881953
0.887883
0.911679
0.960992
1.0384
1.14539
1.27203
1.40478
1.52166
1.60545
1.65121
1.66179
1.64974
1.62876
1.60485
1.58856
1.58105
1.58579
1.60619
1.65049
1.72283
1.81784
1.92087
2.0109
2.06709
2.07745
2.04006
1.95531
1.83166
1.68544
1.52875
1.37332
1.23553
1.1258
1.051
1.01299
1.00431
1.01373
1.03464
1.05913
1.08943
1.12612
1.17719
1.24039
1.31408
1.3872
1.45699
1.50691
1.52479
1.50766
1.46784
1.41981
1.37735
1.34629
1.32665
1.31208
1.30291
1.29709
1.2967
1.30601
1.32106
1.34235
1.36525
1.39171
1.41811
1.43962
1.45348
1.45455
1.43722
1.40181
1.35309
1.29777
1.24673
1.2006
1.15261
1.08633
0.991344
0.865055
0.723376
0.589735
0.485685
0.428999
0.42979
0.488482
0.596266
0.740879
0.899712
1.06162
1.20904
1.3355
1.43855
1.51563
1.56979
1.59934
1.60191
1.57506
1.5181
1.44519
1.37041
1.31575
1.28926
1.29698
1.33414
1.39214
1.45882
1.52331
1.57326
1.60354
1.60935
1.59133
1.5526
1.49649
1.42629
1.34474
1.25048
1.1511
1.05379
0.956221
0.856149
0.760682
0.674135
0.605781
0.567855
0.56421
0.598292
0.663499
0.745395
0.834029
0.913095
0.97835
1.0311
1.07737
1.12363
1.16894
1.21356
1.25384
1.27193
1.26367
1.2259
1.16685
1.10467
1.05479
1.03495
1.05057
1.10439
1.19012
1.29925
1.41336
1.51369
1.58518
1.6128
1.59341
1.53315
1.44025
1.32517
1.20412
1.09242
1.00376
0.948439
0.934358
0.965268
1.04055
1.15496
1.29218
1.43136
1.55148
1.63891
1.69272
1.71637
1.71987
1.71518
1.70462
1.68952
1.66993
1.64674
1.61474
1.57821
1.53456
1.48778
1.43474
1.37374
1.30915
1.24341
1.1792
1.12686
1.07979
1.0403
1.00588
0.970605
0.924541
0.861623
0.784231
0.69832
0.615276
0.541623
0.486948
0.452771
0.435155
0.430298
0.432921
0.438861
0.445796
0.454939
0.471544
0.497003
0.535664
0.595462
0.675729
0.782577
0.910216
1.05851
1.20701
1.33949
1.43518
1.49064
1.50331
1.48219
1.45073
1.42605
1.4147
1.42713
1.45713
1.49571
1.52877
1.54339
1.53055
1.49343
1.43344
1.36248
1.29083
1.22982
1.18264
1.15247
1.14076
1.13296
1.12475
1.11084
1.0875
1.05265
1.00605
0.954651
0.904731
0.866594
0.852659
0.870951
0.922477
1.00544
1.10656
1.20985
1.30653
1.39049
1.46664
1.53059
1.57833
1.60126
1.58685
1.52806
1.42611
1.27541
1.08992
0.887044
0.694618
0.535843
0.43137
0.395492
0.423677
0.512995
0.650173
0.806969
0.958116
1.08256
1.16143
1.19575
1.18963
1.14655
1.07964
0.991897
0.890537
0.781854
0.672539
0.571954
0.484141
0.41971
0.38689
0.378493
0.393333
0.42706
0.468593
0.511489
0.54555
0.570257
0.59161
0.612991
0.641136
0.678323
0.723453
0.776524
0.836092
0.898646
0.96724
1.03692
1.10411
1.16557
1.21662
1.25666
1.28307
1.29252
1.28641
1.26515
1.23926
1.22385
1.22935
1.25841
1.31064
1.37162
1.42117
1.42835
1.38155
1.28954
1.17937
1.07443
0.997781
0.954266
0.945477
0.956078
0.969527
0.976448
0.98191
1.01005
1.08058
1.19628
1.3505
1.51838
1.65933
1.74137
1.73938
1.67133
1.56678
1.46199
1.38315
1.3465
1.34952
1.39476
1.46066
1.52377
1.56329
1.56381
1.53229
1.48329
1.43852
1.41619
1.42607
1.46638
1.52766
1.59394
1.65379
1.69201
1.71041
1.71532
1.70302
1.68072
1.64744
1.60426
1.55889
1.50775
1.46084
1.41785
1.37515
1.33366
1.27776
1.207
1.12976
1.05378
0.988468
0.941159
0.916858
0.906477
0.888696
0.861407
0.817581
0.757062
0.691575
0.633037
0.588331
0.562519
0.560191
0.568005
0.582696
0.596496
0.609658
0.623557
0.64436
0.674901
0.713037
0.749727
0.777266
0.796338
0.808194
0.818419
0.829925
0.840718
0.84825
0.850121
0.851896
0.862837
0.88197
0.911501
0.940845
0.968233
0.991382
1.01996
1.05538
1.10082
1.15115
1.19941
1.23844
1.26254
1.27671
1.2834
1.29607
1.31219
1.33473
1.34929
1.34269
1.30091
1.22691
1.12302
1.0025
0.882553
0.782046
0.713561
0.690294
0.714127
0.786653
0.900221
1.03793
1.17543
1.28815
1.36056
1.39223
1.38943
1.3691
1.34117
1.30771
1.2774
1.25584
1.25093
1.26725
1.30538
1.36508
1.44429
1.53106
1.61876
1.69202
1.74204
1.76201
1.75173
1.71828
1.67304
1.62191
1.56807
1.50907
1.44263
1.36193
1.26838
1.17253
1.09427
1.0453
