0.577973
-0.0997681
-0.211302
0.0631395
-0.223923
0.334568
1.13679
-0.00614168
-0.170022
1.26467
-0.288415
-0.26144
13.0649
-0.244777
6.73996
0.0747975
3.21869
2858.4
6.64673
142.849
29.8421
82.9855
2934.33
2851.88
6.80901
632.639
18.0315
43.1029
1.52577e+08
22698.9
17.3584
317.771
96950.4
50909.7
22.1059
728.18
1.31315
3.26412e+10
2730.47
434.545
569.364
23.9415
400461
294.766
80.0037
1954.69
20820.8
130.296
2590.16
421.04
3412
304601
1325.37
33437.9
318.555
3302.91
2.63389e+09
1.20981e+07
34185.3
96.5727
1.84609e+06
1564.13
50610.1
182252
110444
7.78525e+08
44344.7
151.11
8.08417e+17
11645.8
62535
1.37164e+07
10.0737
980.469
119.813
42541.2
9915.98
5337.94
13922.7
16560.4
358.144
133
136744
324.203
827.498
3.78611e+07
153.333
19576.6
354.888
5732.32
452.122
39.3725
511.94
319.67
89.1792
941907
1.26342e+06
40602.5
12961
649463
154.928
5.70703e+09
2823.01
10122.7
766.909
467.106
2001.81
4766.89
2.66017e+06
1873.69
100.761
2160.24
20271.3
711.004
3224.46
15668.3
231.821
2.47509e+10
1211.4
9.624
1.47293e+07
699889
27.1162
1.6386e+11
152.996
114.71
469908
799.258
504028
312.265
2837.38
3.5419e+07
131.869
4.91434e+07
9.14577
16.569
1502.14
172.115
1.03802e+10
1.92545e+06
98066.5
214.481
105313
325490
2403.8
299.791
25.4958
652.729
325155
12144.3
604.073
668.861
13606.9
1194.96
6.89499e+07
115.842
9.54901e+06
1541.36
15563
91.5305
3737.48
15160.9
4182.73
31886.4
825910
14123.3
53.5475
59.3232
54597
162599
270.049
3.70564e+07
4.1875e+10
39.0995
54.9878
37754.6
48.8436
456.797
32.6977
6970.79
431.774
8.19957e+08
1.09003e+11
1.01558e+09
2221.8
7545.79
18605.6
16539.4
111060
1250.02
2662.35
5708.64
10714.1
1.74393e+06
5.6082e+08
4.74872
418682
27022.2
9482.59
28.7968
4926.58
6.92502e+10
347497
917502
314.673
5559.6
136.05
248.961
5.13491e+07
3.30928e+06
7611.39
555956
146737
2545.1
22715.3
33.0037
151.823
107875
451217
6722.88
5.85405e+10
186277
2.24008
1.30757e+07
38.9175
86256.8
5879.48
21170.2
1.41826e+07
123.182
93.0942
245.304
38276
3.80917e+06
5590.03
38618.5
2.54993e+06
567.808
580.677
7.718
791.168
1.52635e+06
8.38308e+06
1.06798e+06
580.966
287713
92.1535
99974.3
111.614
17225.9
36765
23695.4
2083.9
1707.47
677032
7413.77
4.66344e+06
204.462
187.142
341.708
920.474
9865.38
84.4589
3347.35
227.175
209265
8863.06
708.25
245.475
137815
16857
123.036
340714
7.51321e+06
5.82163e+06
396.948
86.4389
173128
457750
340.59
62.2021
437.506
842.812
35002.8
179110
1785.97
15825.3
760.819
3.1602
122.614
188.166
34.5729
32019.6
2031.89
1462.06
198.579
201.819
4.72481
1108.65
513.029
202.179
292859
11757.4
13.1592
1121.27
977801
17.5087
97244.3
8.08203
696.498
92649.5
359.441
179.05
5.36879e+07
865.891
3.30531e+10
59512.9
1.46654e+09
39943.5
6800.81
23060.4
94.7993
6231.81
42.9802
71.8713
2.53269e+06
29.1916
13964.9
1895.09
33.5702
44.3895
1612.8
2735.87
77.0311
9.40465
3865.05
2.67063e+06
7.67042e+07
263639
2.99114e+08
139690
3116.84
1109.53
3.45264e+06
12433.3
252.125
225.733
8.41257
14.9376
12349.3
296.43
3.60334
22240.2
2669.7
27.2762
4283.41
95.2721
206.677
24988.7
2611.52
64219
117.806
45385.5
572.727
86034.4
144856
133.685
236704
26752.3
51045.9
385.443
170951
60.0786
23.7696
247.91
2365.67
3259.89
655.169
68199.7
44513.9
360.065
16502.4
27.8479
1792.27
923331
40.6433
42.2281
87.4009
696.815
11291.2
176.629
63519.3
635.519
82.4224
55460.4
2.58516e+06
135.427
1.3184
2.95414
22.5824
12663.5
84.9536
1596.55
24237.6
3.11729
259.904
475.37
672.875
2850.92
30.3964
143.419
991.322
123304
8901.24
907.936
31039.7
12.5858
3.07654e+06
162755
8868.88
1.02099e+07
11.6951
1063.46
349.303
2020.72
141.007
46.6679
-0.196221
3980.94
28716.2
683296
121.69
1380.23
7066.99
1872.17
98.3945
896.057
233.494
988.304
1.85273e+06
269275
6623.62
161372
47100.3
42737
2.66219e+06
74435.3
1.77739e+06
265.266
1413.18
1149.31
252691
647.601
55.0679
947.215
1862.95
302.836
10.414
4920.85
3698.19
1.51068e+07
96.0652
23.7366
130255
1159.85
2499.14
26.0089
3265.96
1.76581e+07
982.123
107.168
1798.08
64138.9
379652
126.833
4.98323e+11
39.4593
294.653
7.2786e+07
122.8
16305.1
11691.1
20.3492
10.0875
11.4039
79798.5
4821.43
15841.4
311053
62.4144
3548.41
638404
8.94846e+06
1.55521e+09
161.709
3.20053
942766
31993.6
5602.65
371.761
168.075
2409.46
7.18608e+06
36097.9
3721.54
21678.2
183.442
66678.8
6.2953e+06
16.7504
9775.2
1199.77
1551.59
1.8015e+09
11.4738
6912.15
898868
223.762
719.001
4.33468
20167.5
1.74303e+07
12326.3
90441.5
567.053
2166.63
6.99293e+07
7937.4
1.17954e+06
6.32415e+12
1.82464e+08
3737.2
53.5921
143.579
5239.53
629.757
3.66015e+18
16594.1
19869.8
16.5173
42914.7
1.29872e+06
4758.2
8.56304
81557.3
14.9382
626.235
154.322
13644.9
782.329
882.982
2.46565e+06
330.794
1.89484e+06
11936.1
1.05972e+06
1.77132e+09
9.4072e+10
5961.33
580461
176.878
748.045
819971
19116.9
19510.1
15669.7
611.32
28.2039
101509
2081.12
27.7082
235.587
119709
331.415
7.96534e+07
3.50037e+06
34453.1
71.0047
23879.9
999350
348.401
23.1102
890.981
945.171
1617.63
607376
6.27627
4.90108
2663.74
2336.38
849.121
23440.3
6.68862
6557.27
314643
7490.14
106.031
3.70536
9.56158e+06
15.1537
747533
487.076
16478.6
780702
1.35977e+06
18533
9.85448e+06
4.32636e+08
10.5062
52398.5
1926.52
15152.8
5296.94
1755.41
466.495
5103.83
24217.6
63151
27569.7
1811.17
160.98
21852.2
9.28682e+06
971.142
261539
982575
336.984
18.1247
4259.18
10.9853
177.687
42.4095
2662.22
9.58715
19.6024
4155.75
3915.36
1316.81
1956.08
516.829
3569.01
13830.6
272434
43.1831
79.1021
1374.09
166.225
8335.27
374.698
1.38757e+08
1.22297e+07
430.595
67.9774
44832.2
91.7094
3607.14
237.559
50.6718
7.98471
87.7302
1.57626e+07
83.2093
9984.13
349.838
7.50017
551789
1359.44
881.475
2007.69
267407
14597.9
2.92887e+07
3.92979e+08
5839.94
20.3106
139.68
131.215
611.906
3275.62
423932
293.525
7.67709e+06
36097.8
11.286
121.605
1635.83
232.269
2815.77
11738
4.80145e+07
78000.2
14943.1
3424.4
2347.48
6.83291e+08
51830.7
30180.8
305285
2006.95
966351
3104.34
4372.47
64.6455
94453.8
946.058
54915.4
3989.82
22.7185
105311
1.07385e+06
1410.09
2619.39
603.114
1.25147e+08
284.308
218.57
11376.4
871868
531.17
812.961
1463.83
11269.2
54.363
1000.54
958.544
1.90411e+06
3879.15
64188.9
147.478
958262
22.5139
2.53835e+06
44.413
13712.1
65.4619
633.181
7.32078
77.3216
9.61412
0.589412
6071.69
177.592
76.8155
210324
938549
352.796
1.69532e+07
1.84399e+06
1274.65
1.82702e+06
1.33968e+09
133.313
657.23
3639.28
90.1397
19188.7
4.40539e+08
8064.21
2653.02
14.7494
857.454
688.265
2.3289e+09
1924.42
150.949
288574
9.42243e+07
3.1375e+07
95508
1623.47
13802
4.87661
61101
11725.9
148.58
19451
231882
1514.86
3581.96
140.788
2323.57
200.069
515131
413440
685638
61267.3
299.405
3.90014e+08
16.8214
1.66714
15139.4
375.513
1751.57
520502
6.35875
690.564
586673
7634.58
51.0061
2250.6
993655
2.772e+09
1.06995e+08
771.047
173.264
18637.8
34.7109
15430.1
209.945
5.28539
243.243
50.161
814.375
112.464
70.6543
26969.7
12369.1
807948
3.42948e+12
5.47341e+09
164004
22946.6
19421.9
12.673
5.76709e+10
29.3162
48.9635
1119.48
3.27448e+08
296.092
65098.1
2161.53
9.48643e+06
4.62453
4.49922e+07
12616.1
180.768
591062
3724.48
304.159
10.3882
1932.31
1626.76
258.065
22631.8
3868.95
133177
8.09019e+07
45708.5
2916.68
13242.1
1622.16
321552
1021.1
33.5458
14281
104.028
4666.16
195.41
155.27
478358
446513
88.27
118332
168.312
77074.7
298.674
1408.49
530.555
72.4666
30216.9
47745.2
5117.24
836.316
19919.4
734.998
186.406
11.9805
1.18846e+10
168323
2.23188e+06
10.4264
30.3061
675.598
2975.94
6234.66
52.605
303839
1.86694e+06
1546.73
3788.58
2327.8
110.736
6038.93
1.54262e+11
7.95077
10881.8
2012.06
7732.44
56873.5
1583.62
37744.5
69.2371
240.94
21.1049
1515.29
1937.85
10888.5
335.162
11253
1054.59
2795.49
1153.74
147754
659.509
4.2882e+06
352718
14556.9
180914
116.51
3190
3248
120.675
1.0156e+07
18138.3
112.197
45.4988
30504.7
36467.5
486.183
2173.97
27172.5
68452.8
23.9063
1288.94
550755
773.573
35363.8
7228.22
1.11119e+10
1650.14
19.6611
14237.2
712.918
2123.62
9231.73
1890.09
274.957
2.33271e+09
117973
111289
12330.5
833.752
519.882
221.998
56574.8
6.29094e+06
441.282
10.5188
820.069
34.7721
12353.5
451.301
4.65211e+06
1017.06
5.94736e+08
8615.53
6664.62
271.844
4.8983e+06
2.06086e+07
682.736
3.86939e+07
6968.22
5590.24
147.881
1101.26
6.43919
140.198
55.6391
1.29288e+08
4937.78
331994
8760.44
134.994
264.029
213443
2.65381
4802.82
2.64849
1898.63
317827
383.724
36.8427
103765
30.9293
1147.53
1735.58
727.674
1.30079e+09
