1.20575
1.20741
1.21122
1.21623
1.22148
1.2263
1.23042
1.23384
1.23667
1.23903
1.24098
1.2425
1.24353
1.24395
1.24369
1.24271
1.24105
1.23889
1.23655
1.23445
1.23306
1.23269
1.23347
1.23524
1.23764
1.24023
1.2426
1.24448
1.24569
1.24618
1.246
1.24525
1.24407
1.24261
1.24103
1.23947
1.23806
1.23688
1.23605
1.23566
1.2358
1.23659
1.23804
1.24016
1.24282
1.24588
1.24915
1.25249
1.25578
1.25897
1.26203
1.26496
1.26774
1.27034
1.27275
1.27493
1.27684
1.27844
1.27969
1.28054
1.28091
1.28071
1.27983
1.2781
1.27538
1.27154
1.26656
1.26058
1.25403
1.24756
1.24195
1.2379
1.23578
1.23563
1.23726
1.24035
1.24443
1.249
1.25352
1.25757
1.26089
1.26338
1.26507
1.26603
1.2664
1.26629
1.26587
1.26528
1.26469
1.26422
1.26401
1.26413
1.26461
1.26545
1.2666
1.268
1.26957
1.27124
1.27293
1.2746
1.27619
1.27768
1.27903
1.28021
1.28119
1.28192
1.28237
1.28247
1.28216
1.28137
1.28004
1.27812
1.27558
1.27247
1.26886
1.26491
1.26085
1.25688
1.25319
1.24989
1.24703
1.24461
1.24265
1.24125
1.24055
1.24068
1.24167
1.24336
1.24541
1.24742
1.249
1.24994
1.25018
1.24984
1.24916
1.2484
1.2478
1.2475
1.24755
1.2479
1.24846
1.24914
1.24986
1.25059
1.25131
1.25203
1.25276
1.25352
1.2543
1.25509
1.25587
1.25662
1.2573
1.25789
1.25837
1.25872
1.25893
1.25901
1.25897
1.25883
1.2586
1.25832
1.25799
1.25763
1.25727
1.2569
1.25654
1.25619
1.25584
1.2555
1.25519
1.25491
1.25468
1.25452
1.25447
1.25453
1.25473
1.25508
1.25556
1.25615
1.25683
1.25753
1.2582
1.25878
1.25919
1.25939
1.25932
1.25891
1.25814
1.25697
1.25539
1.2534
1.25103
1.24835
1.24548
1.2426
1.23997
1.2379
1.23673
1.23669
1.23789
1.24019
1.24326
1.24667
1.24995
1.25273
1.25478
1.25601
1.25648
1.2564
1.2561
1.25598
1.25638
1.25756
1.25957
1.26226
1.26538
1.26863
1.27177
1.27462
1.2771
1.2792
1.28094
1.28235
1.28348
1.28436
1.28505
1.28554
1.28587
1.28603
1.28604
1.28589
1.2856
1.28518
1.28464
1.28403
1.2834
1.2828
1.2823
1.28199
1.28192
1.28215
1.2827
1.28356
1.28471
1.28608
1.28761
1.28924
1.29091
1.29259
1.29424
1.29584
1.29739
1.29886
1.30024
1.3015
1.30259
1.30346
1.30406
1.30432
1.30419
1.30367
1.30281
1.30174
1.30072
1.30009
1.30025
1.30152
1.30406
1.30776
1.31231
1.31723
1.32204
1.32629
1.32966
1.33188
1.33278
1.33227
1.33036
1.32715
1.32291
1.31803
1.313
1.30827
1.30419
1.30098
1.29873
1.2976
1.29777
1.29943
1.3027
1.30744
1.31331
1.31983
1.32647
1.33279
1.33847
1.34333
1.34729
1.35036
1.3526
1.35408
1.35491
1.3552
1.35508
1.35468
1.35412
1.35351
1.35293
1.35242
1.35194
1.35145
1.35085
1.35004
1.34892
1.34744
1.34555
1.34324
1.34053
1.33743
1.334
1.33031
1.32645
1.32253
1.31867
1.31497
1.31148
1.30822
1.30524
1.3026
1.30045
1.29896
1.29833
1.29866
1.29994
1.30202
1.30464
1.30743
1.30994
1.31178
1.31257
1.31212
1.31044
1.30785
1.30496
1.30259
1.30147
1.30197
1.304
1.30703
1.31042
1.31358
1.31615
1.31796
1.31903
1.31942
1.31928
1.31873
1.31789
1.31686
1.31573
1.31457
1.31342
1.3123
1.31124
1.31021
1.30919
1.30811
1.3069
1.3055
1.30381
1.30175
1.29924
1.29621
1.29259
1.28832
1.28341
1.27792
1.27206
1.26619
1.26079
1.25637
1.25328
1.25156
1.25091
1.25079
1.25064
1.25003
1.24878
1.24695
1.24482
1.24279
1.24128
1.2406
1.24087
1.24201
1.24382
1.24605
1.24845
1.25081
1.25298
1.25485
1.25634
1.25742
1.25808
1.25832
1.25817
1.25768
1.25688
1.25583
1.25457
1.25316
1.25165
1.25009
1.24851
1.24696
1.24545
1.24401
1.24263
1.2413
1.24002
1.23877
1.23755
1.23636
1.23522
1.23417
1.23327
1.23256
1.23208
1.23186
1.23191
1.23219
1.23268
1.23332
1.23404
1.2348
1.23552
1.23617
1.2367
1.23708
1.23731
1.23738
1.23732
1.23718
1.23704
1.23699
1.23713
1.23755
1.23831
1.23943
1.24088
1.24259
1.24448
1.24644
1.24838
1.25021
1.25187
1.25332
1.2545
1.25541
1.25602
1.25631
1.25627
1.25589
1.25516
1.25407
1.25258
1.25068
1.24832
1.24547
1.24212
1.23834
1.2343
1.2303
1.22673
1.22399
1.22236
1.22194
1.22263
1.22416
1.22623
1.22858
1.23103
1.23358
1.23625
1.23909
1.24207
1.24508
1.24794
1.25053
1.25277
1.25468
1.2563
1.25763
1.25856
1.25882
1.25801
1.25568
1.25141
1.24502
1.23677
1.22756
1.21899
1.21299
1.21121
1.2142
1.22124
1.23068
1.24074
1.25005
1.25785
1.2639
1.26827
1.27121
1.27301
1.27396
1.2743
1.27423
1.27387
1.27336
1.27275
1.2721
1.27144
1.27079
1.27015
1.26954
1.26895
1.26838
1.26783
1.26729
1.26678
1.26628
1.26581
1.26534
1.26488
1.26442
1.26396
1.26346
1.26292
1.26229
1.26153
1.26057
1.25932
1.25768
1.25549
1.25257
1.24875
1.24387
1.23797
1.23137
1.22488
1.21969
1.21705
1.21765
1.22116
1.22647
1.23226
1.23751
1.2417
1.24471
1.24663
1.24769
1.24808
1.24799
1.24758
1.24694
1.24613
1.2452
1.24415
1.24304
1.24191
1.24086
1.23999
1.23934
1.23877
1.23798
1.23651
1.23388
1.22986
1.22472
1.2193
1.21489
1.21266
1.2132
1.2163
1.2212
1.22692
1.23257
1.23753
1.24154
1.24465
1.24705
1.24897
1.25053
1.25177
1.25268
1.25323
1.25343
1.25333
1.25299
1.25251
1.25194
1.25135
1.25083
1.25049
1.25054
1.25121
1.25266
1.2549
1.25771
1.26075
1.26362
1.26597
1.2676
1.26844
1.26853
1.26798
1.26694
1.26555
1.26395
1.26224
1.2605
1.25886
1.25746
1.25651
1.25619
1.25662
1.2578
1.25956
1.26166
1.2638
1.26574
1.26731
1.26844
1.26913
1.2694
1.26932
1.26894
1.26829
1.26741
1.26629
1.26495
1.26341
1.26168
1.25983
1.25793
1.25612
1.25457
1.25343
1.25287
1.25298
1.25377
1.25513
1.25693
1.25895
1.26102
1.26296
1.26466
1.266
1.26691
1.2673
1.26713
1.26631
1.26478
1.26252
1.25952
1.25587
1.25174
1.24743
1.24338
1.24005
1.23788
1.23715
1.23786
1.23977
1.24247
1.24547
1.24833
1.25069
1.25232
1.25314
1.25319
1.25261
1.25168
1.25074
1.25012
1.25007
1.25067
1.25182
1.2533
1.25478
1.25599
1.25666
1.25663
1.25578
1.25409
1.25161
1.24856
1.24528
1.24226
1.24009
1.23923
1.23989
1.24195
1.245
1.24853
1.25211
1.25542
1.25828
1.26063
1.26247
1.26384
1.26478
1.26534
1.26556
1.26547
1.2651
1.26446
1.26356
1.26236
1.26085
1.259
1.25682
1.25437
1.25178
1.24925
1.24705
1.24548
1.24478
1.24514
1.24656
1.24892
1.252
1.25549
1.25912
1.26263
1.26584
1.26862
1.27092
1.27271
1.27399
1.27478
1.27509
1.27492
1.27427
1.27315
1.27158
1.26963
1.26739
1.26506
1.26284
1.26097
1.25963
1.25893
1.25885
1.25926
1.25997
1.26076
1.26139
1.26165
1.26136
1.26041
1.25882
1.25679
1.25472
1.25316
1.25266
1.25356
1.25583
1.25913
1.26289
1.2666
1.26984
1.27237
1.27408
1.2749
1.27482
1.27385
1.27202
1.26942
1.26619
1.26258
1.25893
1.25566
1.25316
1.25173
1.2514
1.25196
1.25291
1.25368
1.25374
1.25286
1.25116
1.24919
1.24766
1.24704
1.2472
1.24752
1.24736
1.24668
1.24618
1.24697
1.24973
1.25424
1.2595
1.26439
1.26815
1.2706
1.27194
1.27258
1.27292
1.27327
1.27377
1.27444
1.27521
1.27602
1.27681
1.27761
1.27846
1.27941
1.28048
1.28164
1.28282
1.28392
1.28481
1.28536
1.28544
1.28494
1.28375
1.28179
1.27904
1.27556
1.27153
1.26731
1.26341
1.26047
1.25905
1.25948
1.26172
1.26543
1.27006
1.27503
1.27986
1.28424
1.28796
1.29098
1.29328
1.29491
1.2959
1.29626
1.29597
1.29497
1.29318
1.29049
1.28686
1.28229
1.27699
1.27132
1.26585
1.26123
1.25805
1.25665
1.25704
1.25891
1.26172
1.26491
1.26801
1.27075
1.27301
1.27486
1.27647
1.27804
1.27976
1.28169
1.28376
1.28576
1.28747
1.28866
1.28919
1.289
1.28812
1.28666
1.28479
1.28273
1.28071
1.27898
1.27773
1.27707
1.27701
1.27747
1.27826
1.2792
1.28008
1.28074
1.28107
1.28102
1.28058
1.27979
1.27872
1.27748
1.2762
1.27501
1.27402
1.27331
1.27293
1.27284
1.27299
1.27327
1.2736
1.27389
1.27411
1.2743
1.27451
1.27486
1.27547
1.27643
1.27776
1.27945
1.2814
1.2835
1.28562
1.28765
1.28952
1.29115
1.29253
1.29364
1.29448
1.29507
1.29541
1.29551
1.2954
1.29509
1.29461
1.29402
1.29336
1.29269
1.29207
1.29154
1.29109
1.29071
1.29031
1.28979
1.28903
1.28787
1.28619
1.28387
1.28083
1.27707
1.27271
1.26807
1.26368
1.26026
1.25851
1.2589
1.26146
1.26577
1.27111
1.27672
1.28197
1.28647
1.28998
1.29244
1.29383
1.2942
1.29362
1.29218
1.29004
1.28744
1.28468
1.28211
1.28003
1.27857
1.27766
1.27704
1.27639
1.27544
1.27406
1.27236
1.27067
1.26948
1.26933
1.27062
1.27348
1.27768
1.28271
1.28795
1.2928
1.29684
1.2998
1.30157
1.30214
1.30162
1.30014
1.29789
1.2951
1.29202
1.28895
1.28617
1.28391
1.2823
1.28135
1.28092
1.2808
1.28068
1.28027
1.27936
1.27781
1.27564
1.27296
1.26997
1.2669
1.26401
1.26153
1.25965
1.2585
1.25815
1.25858
1.25967
1.26121
1.26297
1.26467
1.26608
1.26702
1.26736
1.2671
1.26632
1.2652
1.26406
1.26322
1.26299
1.26356
1.26491
1.26689
1.2692
1.27156
1.27372
1.27552
1.27688
1.2778
1.27832
1.2785
1.27842
1.27815
1.27776
1.27733
1.27692
1.27656
1.27629
1.27613
1.27606
1.27605
1.27602
1.27587
1.27544
1.27452
1.27285
1.27018
1.26626
1.26107
1.25496
1.24883
1.24406
1.24196
1.24304
1.24662
1.25128
1.25556
1.25854
1.2599
1.25978
1.25859
1.25685
1.25512
1.25386
1.25339
1.25387
1.25524
1.25734
1.2599
1.26268
1.26549
1.26819
1.27068
1.27295
1.275
1.27686
1.27858
1.28019
1.28173
1.28323
1.2847
1.28612
1.28747
1.28874
1.28988
1.29087
1.29166
1.29223
1.29255
1.29261
1.29238
1.29186
1.29106
1.28999
1.28866
1.28711
1.28539
1.28353
1.28158
1.27957
1.27748
1.27529
1.27294
1.27041
1.26776
1.2652
1.26314
1.26211
1.26263
1.26494
1.26888
1.27393
1.27935
1.28448
1.28883
1.29213
1.2943
1.29535
1.29536
1.29448
1.29285
1.29066
1.28811
1.28543
1.28282
1.28048
1.27853
1.27703
1.27599
1.27532
1.27492
1.27464
1.2743
1.27372
1.27273
1.27117
1.26903
1.26635
1.26337
1.26038
1.25778
1.25591
1.25503
1.25526
1.25659
1.25897
1.26225
1.2663
1.27092
1.27587
1.28089
1.28569
1.29002
1.29371
1.2966
1.29862
1.29972
1.29988
1.29909
1.2974
1.29486
1.29161
1.28784
1.28386
1.28006
1.27684
1.2745
1.27313
1.27251
1.27214
1.27143
1.26995
1.26768
1.26517
1.26339
1.26327
1.26508
1.26832
1.27198
1.27508
1.27706
1.27778
1.27738
1.27611
1.27426
1.27213
1.27
1.26813
1.26672
1.26578
1.26519
1.26472
1.26413
1.26326
1.26213
1.26088
1.25964
1.25848
1.25733
1.256
1.2543
1.25214
1.24971
1.24743
1.24588
1.24563
1.24699
1.24989
1.25394
1.25855
1.26313
1.26725
1.27061
1.27312
1.27479
1.27571
1.27601
1.27582
1.27529
1.27453
1.27365
1.2727
1.27173
1.27072
1.26963
1.26835
1.26677
1.26477
1.26226
1.25927
1.25598
1.25278
1.25022
1.24884
1.24898
1.25061
1.25336
1.25662
1.25985
1.2626
1.26464
1.26588
1.2663
1.26596
1.26493
1.2633
1.26118
1.25872
1.25611
1.25357
1.25133
1.24958
1.24845
1.24796
1.24805
1.24857
1.24936
1.25026
1.25115
1.252
1.2528
1.2536
1.25444
1.25536
1.25636
1.25742
1.2585
1.25952
1.26045
1.26123
1.2618
1.26213
1.26214
1.26176
1.26092
1.25956
1.25768
1.25534
1.25268
1.24993
1.24734
1.24516
1.24357
1.24265
1.24241
1.24278
1.24366
1.24497
1.24663
1.24859
1.25081
1.25324
1.25581
1.25842
1.26094
1.26328
1.26536
1.26716
1.26869
1.27002
1.27122
1.27236
1.27344
1.27443
1.27527
1.27589
1.27625
1.27637
1.27633
1.27624
1.27624
1.27639
1.27669
1.27706
1.27729
1.27716
1.27644
1.27492
1.27247
1.26903
1.26468
1.25965
1.25432
1.24923
1.245
1.24221
1.24127
1.24229
1.24505
1.24902
1.25356
1.258
1.26184
1.26477
1.26671
1.26774
1.26807
1.26797
1.26769
1.26744
1.26733
1.26738
1.26754
1.26772
1.2678
1.26768
1.2673
1.26663
1.26568
1.26448
1.26311
1.26167
1.26028
1.25905
1.25808
1.25743
1.25713
1.25715
1.25743
1.25789
1.25842
1.25893
1.25934
1.25955
1.2595
1.25909
1.25825
1.25685
1.25478
1.25187
1.24797
1.24292
1.23662
1.22912
1.22069
1.21194
1.20379
1.19731
1.19332
1.19217
1.19359
1.19691
1.20132
1.20616
1.21104
1.21581
1.22049
1.22514
1.22973
1.23418
1.23836
1.24209
1.24525
1.24775
1.24957
1.2507
1.25121
1.25114
1.25059
1.24967
1.24848
1.24719
1.24595
1.24491
1.24418
1.24384
1.2439
1.24429
1.2449
1.2456
1.24624
1.2467
1.24689
1.24675
1.24622
1.24529
1.24399
1.24235
1.24048
1.23852
1.23667
1.23516
1.23419
1.23393
1.23441
1.23559
1.23732
1.23938
1.24159
1.24376
1.24577
1.24756
1.24909
1.25035
1.25138
1.25219
1.25282
1.25329
1.25365
1.2539
1.25407
1.25416
1.25419
1.25414
1.25401
1.2538
1.25353
1.25322
1.25291
1.25268
1.25262
1.2528
1.25332
1.25424
1.25557
1.25731
1.25938
1.26168
1.26409
1.26644
1.26856
1.27024
1.27123
1.27127
1.27004
1.26723
1.2626
1.25615
1.24838
1.24048
1.23419
1.23118
1.23213
1.2363
1.24212
1.24807
1.25317
1.25703
1.25964
1.26121
1.26199
1.26232
1.26251
1.26288
1.26367
1.26502
1.26692
1.26928
1.2719
1.27456
1.27706
1.27922
1.28095
1.2822
1.28301
1.28347
1.28372
1.28392
1.2842
1.28465
1.28525
1.28591
1.28644
1.28662
1.28624
1.28509
1.28307
1.28016
1.27651
1.27247
1.26854
1.26535
1.26349
1.26327
1.26466
1.26729
1.27062
1.27411
1.27735
1.28004
1.28204
1.28329
1.28379
1.28359
1.2828
1.28157
1.28009
1.27857
1.27724
1.27629
1.2758
1.27572
1.27585
1.27592
1.27567
1.27495
1.27373
1.27217
1.27053
1.26913
1.26828
1.26821
1.26898
1.2705
1.27255
1.27483
1.27707
1.27901
1.28048
1.28136
1.28159
1.2812
1.28022
1.27873
1.27685
1.27466
1.27226
1.26968
1.26701
1.26433
1.26186
1.2599
1.25884
1.25899
1.26037
1.26271
1.26552
1.26823
1.27042
1.27182
1.27236
1.27212
1.27122
1.26986
1.26822
1.26649
1.26482
1.26336
1.26219
1.26137
1.26092
1.26086
1.26121
1.26199
1.26325
1.26503
1.26733
1.27009
1.2732
1.27648
1.27975
1.28281
1.28548
1.28761
1.28902
1.28952
1.28891
1.28693
1.28334
1.27799
1.27093
1.26264
1.25415
1.24686
1.2422
1.24108
1.24357
1.249
1.25623
1.26401
1.27132
1.27749
1.28226
1.28564
1.2878
1.28899
1.28942
1.2893
1.28875
1.28789
1.28679
1.28547
1.28397
1.2823
1.28049
1.27858
1.27661
1.27465
1.27275
1.27098
1.26938
1.26795
1.26666
1.26548
1.2644
1.26348
1.26282
1.26258
1.26293
1.26396
1.26565
1.26787
1.27039
1.27297
1.2754
1.2775
1.27921
1.28049
1.28138
1.28192
1.28216
1.28214
1.28187
1.28131
1.28034
1.27876
1.27631
1.27262
1.26731
1.26009
1.25106
1.241
1.23165
1.22537
1.22394
1.22747
1.23431
1.2423
1.24978
1.25601
1.26085
1.26448
1.26713
1.26906
1.27046
1.27149
1.27227
1.27286
1.27332
1.27364
1.27381
1.27378
1.27348
1.27281
1.27168
1.26998
1.26767
1.26476
1.26144
1.25803
1.25499
1.25282
1.25186
1.25227
1.25393
1.25659
1.25996
1.26376
1.26774
1.27167
1.27533
1.27855
1.28119
1.28317
1.2844
1.28482
1.28435
1.28291
1.28036
1.27662
1.27167
1.26566
1.25902
1.25254
1.24725
1.24416
1.24385
1.24626
1.25067
1.2561
1.2616
1.2665
1.27044
1.27325
1.27493
1.27554
1.27516
1.27388
1.27177
1.26894
1.26557
1.26192
1.25837
1.25535
1.25333
1.2526
1.25326
1.25519
1.25809
1.26162
1.26546
1.26937
1.27318
1.27677
1.28006
1.28297
1.28547
1.28754
1.28916
1.29037
1.29119
1.29168
1.29189
1.29189
1.29176
1.29155
1.29133
1.29114
1.291
1.29094
1.29093
1.29095
1.29095
1.29087
1.29066
1.29025
1.2896
1.28866
1.28743
1.28593
1.28421
1.28238
1.28059
1.279
1.27777
1.27701
1.27678
1.27703
1.27768
1.27858
1.27962
1.2807
1.28177
1.28279
1.28373
1.28459
1.2853
1.28579
1.28599
1.28581
1.28524
1.28435
1.28329
1.28233
1.28177
1.28187
1.28274
1.28434
1.28647
1.28885
1.29121
1.29335
1.29514
1.29653
1.2975
1.29805
1.2982
1.29792
1.2972
1.29601
1.29435
1.29225
1.28983
1.2873
1.285
1.28331
1.28255
1.28287
1.28418
1.28617
1.2884
1.29046
1.29203
1.29295
1.29317
1.29279
1.29195
1.29086
1.28971
1.28867
1.2878
1.28714
1.28662
1.2862
1.28582
1.2855
1.28532
1.28538
1.2858
1.28667
1.28802
1.28979
1.29189
1.29419
1.29656
1.29889
1.30108
1.3031
1.30492
1.30655
1.30798
1.30925
1.31036
1.31135
1.31222
1.31298
1.31364
1.31421
1.31466
1.31498
1.31515
1.3151
1.31478
1.31408
1.31284
1.31084
1.30779
1.30332
1.29703
1.28877
1.27897
1.26908
1.2616
1.25898
1.26194
1.26892
1.27719
1.28451
1.28985
1.2931
1.29465
1.295
1.29462
1.29387
1.293
1.29216
1.29142
1.29079
1.29027
1.28979
1.28931
1.28877
1.28812
1.28735
1.28645
1.28548
1.28455
1.28383
1.28351
1.28379
1.28479
1.28649
1.28879
1.29145
1.29424
1.29692
1.29934
1.30138
1.30298
1.30412
1.30482
1.30508
1.30495
1.30443
1.30358
1.30243
1.30106
1.29956
1.29802
1.29658
1.29536
1.29445
1.29391
1.29376
1.29393
1.29433
1.29481
1.29527
1.29561
1.29576
1.29572
1.2955
1.29515
1.2947
1.29421
1.29371
1.29325
1.29286
1.29262
1.29258
1.29278
1.29324
1.29391
1.29476
1.29571
1.2967
1.29772
1.29878
1.29993
1.30123
1.30273
1.30444
1.30636
1.3084
1.31049
1.31249
1.31429
1.31578
1.31685
1.31743
1.31743
1.31683
1.31559
1.31371
1.3112
1.30811
1.3045
1.30048
1.29617
1.29175
1.28742
1.2834
1.27994
1.2773
1.27567
1.27517
1.27582
1.27746
1.27986
1.28269
1.28565
1.28847
1.29097
1.29302
1.29459
1.29568
1.29633
1.29662
1.29661
1.29639
1.29599
1.29547
1.29485
1.29413
1.29332
1.29241
1.2914
1.29027
1.28903
1.28768
1.28624
1.28474
1.28321
1.28168
1.28018
1.27875
1.2774
1.27612
1.27492
1.27378
1.27267
1.27156
1.27043
1.26927
1.26805
1.26678
1.26544
1.26406
1.26264
1.26121
1.25978
1.25839
1.25706
1.25582
1.25469
1.25369
1.25281
1.25208
1.25147
1.25098
1.25059
1.25029
1.25007
1.24992
1.24984
1.24983
1.2499
1.25006
1.2503
1.25063
1.25105
1.25155
1.25212
1.25273
1.25336
1.25395
1.25447
1.25483
1.25493
1.25464
1.25379
1.2522
1.24971
1.24627
1.24204
1.23754
1.23363
1.23127
1.23104
1.23272
1.23527
1.23729
1.23754
1.23534
1.23075
1.22468
1.21875
1.21477
1.21378
1.21555
1.21881
1.22217
1.2248
1.22659
1.22795
1.2294
1.23131
1.23381
1.23681
1.24009
1.24339
1.24652
1.24932
1.25169
1.25359
1.25498
1.25584
1.25612
1.2558
1.25483
1.25321
1.25094
1.24809
1.24479
1.24124
1.23778
1.23476
1.23258
1.23152
1.23174
1.23318
1.23561
1.23872
1.24214
1.24556
1.24874
1.2515
1.25379
1.25558
1.25693
1.25795
1.25876
1.2595
1.2603
1.26125
1.26236
1.26364
1.26502
1.26639
1.26766
1.26872
1.26947
1.26985
1.26978
1.26924
1.2682
1.26669
1.26476
1.26253
1.26015
1.25785
1.25588
1.25449
1.25387
1.25414
1.25528
1.25717
1.2596
1.26227
1.26487
1.26706
1.26854
1.26904
1.26835
1.26635
1.26306
1.25859
1.25324
1.2475
1.24197
1.23738
1.23446
1.23376
1.23553
1.23959
1.24544
1.25234
1.25955
1.26642
1.27247
1.27733
1.28076
1.28264
1.28295
1.28192
1.27997
1.27777
1.27602
1.27525
1.27553
1.27647
1.27742
1.27773
1.27693
1.27481
1.2714
1.2669
1.26163
1.25604
1.25063
1.24598
1.24257
1.24071
1.24037
1.2412
1.24269
1.24439
1.24607
1.24771
1.24941
1.25122
1.25315
1.25514
1.25719
1.25932
1.26163
1.26416
1.26691
1.26977
1.27258
1.27516
1.27736
1.27915
1.28057
1.28179
1.28298
1.28433
1.28595
1.28785
1.28994
1.29211
1.29419
1.29606
1.29764
1.29888
1.29977
1.30032
1.30056
1.30053
1.30026
1.29978
1.29914
1.29834
1.29739
1.29631
1.29506
1.29363
1.29196
1.29003
1.28779
1.28526
1.28245
1.27948
1.27651
1.27373
1.27142
1.2698
1.2691
1.26945
1.27087
1.27325
1.27638
1.27997
1.2837
1.28729
1.29051
1.2932
1.29529
1.29676
1.29764
1.29799
1.29789
1.29739
1.29655
1.29542
1.29402
1.2924
1.29065
1.28894
1.28751
1.28664
1.28653
1.28727
1.28876
1.2907
1.29275
1.29455
1.29579
1.29627
1.29594
1.29483
1.2931
1.29101
1.2888
1.28666
1.28464
1.28258
1.28024
1.27735
1.27388
1.27013
1.26674
1.26455
1.26425
1.26603
1.26952
1.27395
1.27857
1.2828
1.28634
1.28911
1.29115
1.29255
1.29343
1.29385
1.29388
1.29354
1.29283
1.29169
1.29006
1.28785
1.28493
1.28118
1.2765
1.27088
1.26447
1.25774
1.25147
1.24666
1.24411
1.24411
1.24623
1.24961
1.25339
1.25699
1.26015
1.26283
1.26509
1.26695
1.26841
1.26937
1.26974
1.26936
1.26809
1.26577
1.26224
1.25743
1.25142
1.24459
1.23767
1.23167
1.22758
1.22599
1.22686
1.2296
1.23346
1.23782
1.24226
1.24652
1.25046
1.25399
1.25707
1.25968
1.26186
1.26365
1.26512
1.26632
1.26731
1.26813
1.26881
1.26935
1.26977
1.27004
1.27016
1.27007
1.26975
1.26913
1.26814
1.2667
1.26473
1.26212
1.25877
1.25461
1.24964
1.24395
1.23782
1.23178
1.22656
1.22296
1.22156
1.22251
1.22539
1.22947
1.23397
1.23829
1.24207
1.24521
1.24771
1.24968
1.25123
1.25246
1.25347
1.25431
1.25501
1.25558
1.25603
1.25635
1.25654
1.25661
1.25659
1.25649
1.25635
1.2562
1.25604
1.25589
1.25571
1.25548
1.25514
1.25467
1.25402
1.2532
1.25222
1.25115
1.25007
1.24909
1.24831
1.24783
1.24771
1.24795
1.24852
1.24934
1.25032
1.25136
1.25235
1.25322
1.25393
1.25443
1.25473
1.25485
1.2548
1.25464
1.2544
1.25415
1.25391
1.25373
1.25361
1.25357
1.25357
1.25361
1.25365
1.25364
1.25357
1.25341
1.25316
1.25281
1.25239
1.25193
1.25148
1.25109
1.25083
1.25073
1.25084
1.25116
1.25169
1.25237
1.25317
1.25402
1.25486
1.25565
1.25634
1.25692
1.2574
1.25778
1.25811
1.25842
1.25876
1.25916
1.25966
1.26026
1.26097
1.26177
1.26266
1.26358
1.26453
1.26547
1.26638
1.26725
1.26807
1.26885
1.26957
1.27026
1.27091
1.27153
1.27213
1.2727
1.27325
1.27378
1.27427
1.27472
1.27509
1.27537
1.27552
1.2755
1.27526
1.27475
1.2739
1.27267
1.27101
1.26894
1.26648
1.26376
1.26097
1.25839
1.25627
1.25487
1.25432
1.25464
1.25572
1.25744
1.25963
1.26217
1.26492
1.26777
1.2706
1.27331
1.27582
1.27808
1.28008
1.28186
1.28345
1.28491
1.28628
1.28756
1.28876
1.28988
1.2909
1.29184
1.29271
1.29353
1.29435
1.29517
1.29604
1.29693
1.29783
1.29872
1.29954
1.30024
1.30076
1.30107
1.30112
1.30092
1.3005
1.29996
1.29943
1.29907
1.29901
1.29933
1.30001
1.30099
1.30211
1.30326
1.30431
1.30522
1.30594
1.30649
1.30684
1.30699
1.30687
1.30645
1.3057
1.30464
1.30334
1.30195
1.30063
1.29949
1.29853
1.29764
1.29658
1.29511
1.29302
1.29025
1.28692
1.28329
1.27975
1.2767
1.27449
1.27339
1.27352
1.2749
1.27752
1.28129
1.28602
1.29138
1.29693
1.30219
1.30681
1.31061
1.31361
1.31592
1.31773
1.3192
1.32043
1.32148
1.32235
1.32303
1.32346
1.3236
1.32342
1.32286
1.3219
1.32052
1.31873
1.31661
1.31428
1.31191
1.30975
1.30803
1.30693
1.30655
1.30682
1.30757
1.30851
1.30931
1.30967
1.30931
1.308
1.30561
1.30213
1.29768
1.29257
1.28728
1.2823
1.27798
1.27447
1.27168
1.26949
1.26795
1.26735
1.26811
1.27057
1.27473
1.28028
1.28664
1.29323
1.29953
1.30521
1.31006
1.314
1.31701
1.31914
1.32043
1.32094
1.32074
1.31989
1.31848
1.31663
1.31455
1.31249
1.31075
1.30964
1.30933
1.30983
1.31097
1.31246
1.31395
1.31523
1.31617
1.31682
1.31729
1.31771
1.31818
1.31867
1.31911
1.31937
1.31934
1.319
1.31843
1.31776
1.31717
1.31685
1.31696
1.31761
1.31887
1.32074
1.3232
1.32615
1.32945
1.33294
1.33642
1.33972
1.34267
1.34515
1.34703
1.34823
1.34866
1.34827
1.34704
1.34496
1.34211
1.33862
1.3347
1.33065
1.32678
1.32338
1.32064
1.31862
1.31722
1.31619
1.31519
1.31385
1.31184
1.30891
1.30499
1.30025
1.29518
1.29047
1.28697
1.28534
1.28588
1.28836
1.29217
1.29657
1.30094
1.30487
1.30824
1.31108
1.31347
1.31551
1.31725
1.31866
1.3197
1.32026
1.32029
1.31974
1.31862
1.31699
1.31499
1.31279
1.31061
1.30863
1.30701
1.30584
1.30511
1.30473
1.30458
1.30451
1.30443
1.30425
1.30395
1.30355
1.30308
1.30257
1.30205
1.30154
1.30103
1.30051
1.29995
1.29932
1.29857
1.29766
1.29653
1.29512
1.29335
1.29111
1.28834
1.28496
1.28095
1.2764
1.27149
1.26658
1.26218
1.25887
1.25719
1.25745
1.25963
1.2634
1.26819
1.27338
1.27843
1.28296
1.28677
1.28981
1.29211
1.29376
1.2949
1.29564
1.29609
1.29634
1.29647
1.29652
1.29652
1.29645
1.29632
1.2961
1.29577
1.2953
1.29467
1.29387
1.29291
1.29181
1.29058
1.2893
1.28801
1.28683
1.28585
1.2852
1.28499
1.28533
1.28629
1.2879
1.29015
1.29298
1.29629
1.29992
1.30371
1.30746
1.311
1.31413
1.31672
1.31864
1.3198
1.32017
1.31974
1.31856
1.31674
1.31445
1.31186
1.30915
1.30644
1.30375
1.30099
1.29802
1.29462
1.29052
1.28547
1.27916
1.27133
1.26189
1.25115
1.23993
1.2297
1.22221
1.21897
1.22055
1.22632
1.23482
1.24451
1.25425
1.26338
1.27156
1.2786
1.28444
1.2891
1.29273
1.29551
1.29762
1.29918
1.30029
1.30099
1.30133
1.30133
1.30102
1.30045
1.29967
1.29872
1.29765
1.29649
1.29529
1.29408
1.29287
1.29169
1.29055
1.28944
1.28838
1.28736
1.28638
1.28542
1.28449
1.28358
1.28267
1.28176
1.28084
1.2799
1.27896
1.27799
1.27702
1.27604
1.27506
1.27407
1.27308
1.27208
1.27106
1.27
1.26889
1.26772
1.26648
1.26518
1.26385
1.26252
1.26126
1.26011
1.25915
1.25841
1.25793
1.25771
1.25771
1.25792
1.25828
1.25877
1.25938
1.2601
1.26096
1.26196
1.26311
1.2644
1.2658
1.2673
1.26883
1.27038
1.27188
1.27333
1.27467
1.27589
1.27695
1.27779
1.27835
1.27855
1.2783
1.27747
1.27596
1.27371
1.27073
1.26721
1.26353
1.26021
1.25782
1.25671
1.25685
1.25784
1.25906
1.25997
1.26028
1.26
1.25938
1.25881
1.25866
1.25914
1.26028
1.26195
1.26391
1.26591
1.26775
1.2693
1.27052
1.27143
1.27211
1.27269
1.27332
1.27413
1.27518
1.2765
1.27804
1.2797
1.28138
1.28293
1.28426
1.28529
1.28596
1.28624
1.2861
1.28555
1.2846
1.28326
1.28158
1.27962
1.27748
1.27528
1.27317
1.2713
1.26984
1.26891
1.26855
1.26879
1.26953
1.27068
1.27208
1.27359
1.27508
1.27646
1.27766
1.27866
1.27947
1.28014
1.28074
1.28138
1.28217
1.2832
1.28454
1.2862
1.28813
1.29025
1.29246
1.29464
1.2967
1.29857
1.3002
1.30157
1.30266
1.30349
1.30404
1.30433
1.30435
1.3041
1.30357
1.30276
1.30165
1.30025
1.29856
1.29662
1.29447
1.29219
1.28989
1.2877
1.28578
1.28427
1.28332
1.28301
1.28339
1.28444
1.28611
1.28831
1.29094
1.29391
1.29712
1.3005
1.30396
1.30746
1.31092
1.31429
1.31749
1.32045
1.3231
1.32538
1.3272
1.32849
1.32919
1.32925
1.32863
1.32736
1.32555
1.32338
1.32116
1.31921
1.31784
1.3172
1.31723
1.3177
1.31825
1.31858
1.31847
1.3179
1.31699
1.31597
1.31512
1.3147
1.31489
1.31574
1.31723
1.31922
1.32157
1.32411
1.32671
1.32928
1.33176
1.33415
1.33649
1.33883
1.34121
1.34362
1.34598
1.34818
1.35014
1.35181
1.35319
1.35433
1.35527
1.35605
1.35665
1.35702
1.35708
1.35675
1.35597
1.35469
1.3529
1.35063
1.34793
1.34493
1.34178
1.33868
1.33587
1.33355
1.3319
1.33099
1.33083
1.33132
1.33231
1.3336
1.33496
1.33617
1.33702
1.33735
1.33709
1.33625
1.33492
1.33332
1.33178
1.33065
1.33035
1.33115
1.33316
1.33628
1.3402
1.34453
1.34889
1.35299
1.35667
1.35987
1.36259
1.36491
1.36689
1.36856
1.36994
1.37099
1.37165
1.37184
1.37147
1.37048
1.3688
1.36642
1.36333
1.35955
1.35517
1.35029
1.34505
1.33961
1.33413
1.32878
1.3238
1.31947
1.31613
1.31403
1.31323
1.31355
1.3146
1.31594
1.31718
1.31809
1.3186
1.31874
1.31862
1.31835
1.31803
1.31776
1.31757
1.31749
1.31751
1.31763
1.31781
1.31803
1.31827
1.31852
1.31875
1.31898
1.31919
1.31939
1.31958
1.31977
1.31994
1.3201
1.32022
1.32027
1.32022
1.32002
1.3196
1.31891
1.31787
1.3164
1.31441
1.31186
1.30873
1.30506
1.30102
1.29692
1.29321
1.29043
1.28904
1.28933
1.29122
1.29436
1.2982
1.3022
1.30595
1.3092
1.31186
1.31393
1.31545
1.31646
1.31704
1.31725
1.31713
1.31675
1.31617
1.31544
1.3146
1.3137
1.31274
1.31177
1.3108
1.30985
1.30897
1.3082
1.30761
1.30726
1.30716
1.30734
1.30775
1.30833
1.309
1.30965
1.31018
1.31047
1.31039
1.30978
1.30848
1.30633
1.30317
1.29895
1.29373
1.2878
1.28172
1.2763
1.27241
1.27074
1.27148
1.27422
1.27816
1.2824
1.28625
1.28934
1.29164
1.29336
1.29487
1.29651
1.29852
1.30095
1.30369
1.30654
1.30931
1.31182
1.314
1.3158
1.31725
1.31836
1.31919
1.31977
1.32012
1.32028
1.32025
1.32003
1.3196
1.31894
1.31799
1.31668
1.31497
1.3128
1.31015
1.3071
1.30378
1.30038
1.29714
1.29418
1.29152
1.28901
1.28642
1.28356
1.28038
1.27699
1.27376
1.27109
1.26939
1.26881
1.26924
1.27037
1.27181
1.27322
1.27443
1.27536
1.27608
1.27666
1.27722
1.27781
1.27851
1.27931
1.2802
1.28112
1.282
1.28276
1.28333
1.28369
1.28384
1.28379
1.28356
1.28315
1.28252
1.28167
1.28059
1.27929
1.27783
1.27629
1.27476
1.27333
1.27207
1.27102
1.2702
1.26962
1.26927
1.26914
1.26922
1.26949
1.2699
1.27043
1.27099
1.27155
1.27203
1.2724
1.27262
1.27267
1.27254
1.27225
1.2718
1.2712
1.27048
1.26966
1.26876
1.2678
1.26682
1.26584
1.26489
1.26401
1.26322
1.26254
1.26197
1.26151
1.26115
1.26087
1.26065
1.26048
1.26035
1.26026
1.26026
1.26039
1.26074
1.26144
1.26259
1.26428
1.26657
1.2694
1.27268
1.27623
1.27985
1.28337
1.2866
1.28946
1.29187
1.29383
1.29539
1.29662
1.2976
1.29836
1.29891
1.29916
1.29896
1.29814
1.29649
1.29391
1.2904
1.28613
1.2814
1.27656
1.27193
1.26768
1.26387
1.26045
1.25742
1.25486
1.25289
1.25169
1.25142
1.25219
1.25414
1.25741
1.26209
1.26815
1.27527
1.28285
1.29007
1.29618
1.30063
1.30316
1.30384
1.30292
1.30076
1.29774
1.29422
1.29046
1.28669
1.28311
1.27993
1.27736
1.27558
1.27473
1.27486
1.2759
1.27775
1.28025
1.2832
1.28642
1.28973
1.29296
1.29591
1.29844
1.30036
1.30151
1.30169
1.3007
1.29834
1.29452
1.28936
1.28339
1.27763
1.27342
1.27185
1.27319
1.27671
1.28114
1.28534
1.2886
1.29072
1.2918
1.29208
1.29185
1.29135
1.29077
1.29022
1.28976
1.28939
1.28909
1.28879
1.28845
1.28801
1.28748
1.28687
1.28626
1.28578
1.28557
1.28577
1.28647
1.28769
1.28935
1.29131
1.29337
1.29531
1.29692
1.29799
1.29834
1.2978
1.29625
1.2936
1.28987
1.2852
1.27988
1.27434
1.26912
1.26472
1.26154
1.2598
1.25957
1.26082
1.26347
1.26742
1.27248
1.27836
1.28468
1.29101
1.29695
1.30217
1.30647
1.30977
1.31205
1.31338
1.31386
1.31367
1.31302
1.31215
1.31129
1.31064
1.31031
1.31029
1.31045
1.31061
1.31054
1.3101
1.30921
1.30792
1.30639
1.30486
1.30364
1.30305
1.30331
1.30453
1.30665
1.30945
1.31258
1.31561
1.3181
1.31954
1.31946
1.31736
1.31289
1.30608
1.29776
1.28985
1.28501
1.28534
1.29089
1.29959
1.3086
1.31561
1.31945
1.31991
1.31763
1.31394
1.31051
1.30879
1.30933
1.31155
1.31425
1.31632
1.31713
1.31662
1.31509
1.313
1.31081
1.30891
1.30755
1.30684
1.30677
1.30725
1.30814
1.30928
1.31054
1.31175
1.31282
1.31363
1.31412
1.31428
1.31414
1.31375
1.31322
1.31264
1.31205
1.3114
1.31054
1.30927
1.30734
1.30458
1.30092
1.29649
1.29163
1.28685
1.28278
1.28004
1.27903
1.27985
1.28224
1.28572
1.28972
1.29375
1.29743
1.30057
1.3031
1.30503
1.30642
1.30732
1.30778
1.30781
1.30745
1.30671
1.30564
1.30431
1.30282
1.30131
1.29991
1.29872
1.29784
1.29733
1.2972
1.29747
1.29811
1.29906
1.30027
1.30165
1.30312
1.30461
1.30606
1.30743
1.30869
1.30982
1.3108
1.31161
1.31225
1.31271
1.31297
1.31304
1.31292
1.31264
1.31222
1.3117
1.31112
1.31055
1.31003
1.30958
1.30922
1.30893
1.30869
1.30843
1.30812
1.30772
1.3072
1.30653
1.30571
1.3047
1.30347
1.30198
1.3002
1.2981
1.2957
1.29305
1.2903
1.28763
1.28534
1.28376
1.28322
1.28402
1.28628
1.28992
1.29469
1.30013
1.3058
1.31125
1.31618
1.32039
1.3238
1.32644
1.32838
1.32971
1.33055
1.33097
1.33105
1.33083
1.33031
1.32947
1.32829
1.32672
1.32474
1.32234
1.31955
1.31644
1.31314
1.30981
1.30665
1.30388
1.30168
1.30016
1.29937
1.29926
1.29972
1.30065
1.30188
1.30332
1.30484
1.30635
1.30778
1.30905
1.31008
1.31083
1.31123
1.31124
1.31083
1.30999
1.30874
1.30715
1.3053
1.30333
1.30142
1.29971
1.29834
1.29737
1.2968
1.29656
1.29653
1.29661
1.29669
1.29667
1.29649
1.2961
1.2955
1.29467
1.29365
1.29248
1.29125
1.29003
1.28893
1.28805
1.28749
1.2873
1.28754
1.28819
1.2892
1.29044
1.29178
1.29306
1.29416
1.29498
1.2955
1.29575
1.29579
1.29574
1.29569
1.29574
1.29594
1.29633
1.29688
1.29755
1.29829
1.29903
1.29973
1.30034
1.30086
1.30127
1.3016
1.30187
1.30212
1.30238
1.30268
1.30304
1.30346
1.30395
1.30447
1.30499
1.30547
1.30586
1.30612
1.30623
1.30617
1.30597
1.30565
1.30527
1.30486
1.30448
1.30409
1.30364
1.30302
1.30208
1.30076
1.29915
1.29757
1.2966
1.29683
1.29867
1.30204
1.30642
1.31103
1.31517
1.3184
1.32057
1.32178
1.32223
1.32217
1.32181
1.32126
1.32059
1.31983
1.31905
1.31832
1.31773
1.31737
1.31727
1.31739
1.31764
1.31793
1.31817
1.31836
1.31858
1.31892
1.31944
1.32013
1.3209
1.32154
1.32183
1.32155
1.32058
1.31896
1.31706
1.31564
1.31565
1.31782
1.32218
1.32795
1.33398
1.33925
1.34315
1.34552
1.34646
1.34623
1.34515
1.34352
1.34161
1.33961
1.33765
1.33574
1.33381
1.33172
1.32934
1.32657
1.3234
1.32001
1.31672
1.31395
1.3121
1.31136
1.31166
1.31262
1.31373
1.31445
1.31444
1.31357
1.312
1.31007
1.30828
1.30703
1.30653
1.30671
1.30737
1.30826
1.30921
1.3102
1.31131
1.31264
1.31428
1.31623
1.31843
1.32078
1.32311
1.3253
1.32718
1.32865
1.32962
1.32999
1.32972
1.32875
1.32707
1.32466
1.32155
1.3178
1.31354
1.30893
1.30423
1.29969
1.29559
1.29213
1.28948
1.28765
1.2866
1.28614
1.28607
1.2861
1.28596
1.28541
1.28433
1.28273
1.28082
1.27896
1.27762
1.2772
1.27786
1.27951
1.28181
1.28439
1.28687
1.28905
1.29082
1.29213
1.29297
1.29336
1.29329
1.29276
1.29182
1.29054
1.28908
1.28764
1.28643
1.28564
1.2854
1.28569
1.2864
1.2873
1.28816
1.28872
1.28881
1.28826
1.28697
1.28481
1.28165
1.27741
1.27216
1.26629
1.26064
1.25646
1.25494
1.25654
1.26069
1.26609
1.27138
1.27565
1.27847
1.27982
1.27991
1.27905
1.27756
1.27574
1.27383
1.27194
1.2701
1.26824
1.26625
1.26404
1.26159
1.25899
1.25645
1.25425
1.25269
1.25197
1.25211
1.25289
1.2539
1.25464
1.25467
1.25377
1.25199
1.24965
1.24728
1.24536
1.24415
1.24342
1.24252
1.24059
1.23701
1.23187
1.22634
1.22258
1.22276
1.22773
1.23641
1.24648
1.25571
1.26272
1.26704
1.26874
1.26816
1.26571
1.26184
1.25701
1.25179
1.24679
1.24268
1.23999
1.23905
1.23983
1.242
1.24502
1.24837
1.25159
1.2544
1.25665
1.25831
1.25942
1.26004
1.26026
1.26015
1.25978
1.2592
1.25846
1.25757
1.25658
1.25551
1.25439
1.25327
1.25218
1.25118
1.25029
1.24956
1.24898
1.24856
1.24828
1.24815
1.24817
1.24838
1.24879
1.24943
1.2503
1.25137
1.25256
1.25381
1.25503
1.25614
1.25711
1.25791
1.25856
1.25907
1.25949
1.25986
1.26022
1.2606
1.26103
1.26151
1.26206
1.26263
1.2632
1.26372
1.2641
1.26428
1.26416
1.26369
1.26284
1.26168
1.26035
1.25913
1.25835
1.25835
1.25933
1.26128
1.26399
1.26711
1.27024
1.27307
1.2754
1.27711
1.27818
1.27863
1.27852
1.27793
1.27692
1.27557
1.27393
1.27205
1.26999
1.26778
1.26549
1.26316
1.26088
1.25876
1.25697
1.25579
1.25558
1.25672
1.25938
1.26346
1.26846
1.2737
1.2785
1.28231
1.28485
1.28601
1.2859
1.28474
1.28287
1.2807
1.27864
1.27699
1.27589
1.27515
1.27436
1.2729
1.27019
1.26596
1.26065
1.25558
1.25258
1.25305
1.25697
1.26294
1.26913
1.27421
1.27768
1.27965
1.28051
1.28075
1.28076
1.28079
1.28094
1.2812
1.28147
1.28166
1.28173
1.28168
1.28157
1.28153
1.28167
1.28208
1.28281
1.28386
1.28514
1.28655
1.28798
1.28931
1.29045
1.29133
1.29192
1.29219
1.29212
1.29171
1.29095
1.28981
1.28831
1.28646
1.2843
1.2819
1.27933
1.27668
1.274
1.27136
1.2688
1.26643
1.26439
1.26286
1.26205
1.26216
1.26341
1.26594
1.2697
1.27446
1.27977
1.28512
1.29004
1.29422
1.29745
1.29965
1.30084
1.30111
1.30063
1.29964
1.29837
1.29706
1.29588
1.29493
1.29423
1.29375
1.29345
1.29332
1.29339
1.29369
1.29426
1.29511
1.29619
1.29737
1.29845
1.29916
1.29921
1.29829
1.29618
1.29275
1.28806
1.28245
1.27653
1.27113
1.26703
1.26475
1.26435
1.26551
1.26772
1.27042
1.27316
1.27555
1.27731
1.27826
1.27831
1.27748
1.27586
1.27362
1.271
1.26827
1.26575
1.26372
1.2624
1.26192
1.26229
1.26341
1.2651
1.26717
1.26938
1.27156
1.27354
1.27522
1.27653
1.27742
1.27788
1.27788
1.27741
1.27646
1.27498
1.27292
1.2702
1.2667
1.26223
1.25667
1.25006
1.24287
1.23627
1.23194
1.23136
1.23483
1.24116
1.24842
1.25493
1.25976
1.26269
1.26391
1.26378
1.26264
1.26077
1.25837
1.25556
1.2525
1.24939
1.24652
1.24428
1.24298
1.24275
1.24347
1.24478
1.24624
1.24747
1.24824
1.2485
1.24833
1.24792
1.24751
1.24735
1.24767
1.24863
1.2503
1.25263
1.2555
1.25871
1.26205
1.26531
1.26834
1.27104
1.27337
1.27532
1.27691
1.2782
1.27924
1.2801
1.28083
1.28147
1.28206
1.28256
1.28295
1.28313
1.28299
1.28236
1.28109
1.27905
1.27624
1.27292
1.26963
1.2672
1.26649
1.26801
1.27165
1.27674
1.28235
1.2877
1.29228
1.29587
1.29847
1.30017
1.30108
1.30132
1.30099
1.30019
1.299
1.29751
1.29581
1.29398
1.29212
1.29032
1.28872
1.28752
1.28695
1.28724
1.28853
1.29079
1.29378
1.2971
1.30035
1.30314
1.30519
1.30632
1.30646
1.30561
1.30388
1.30146
1.29872
1.29613
1.29415
1.29316
1.29322
1.2941
1.29534
1.29647
1.29717
1.2974
1.29735
1.29739
1.29795
1.29931
1.30155
1.30453
1.30792
1.31132
1.31439
1.31687
1.31861
1.31957
1.31978
1.31934
1.31834
1.3169
1.31515
1.31322
1.31124
1.30937
1.30773
1.30644
1.30559
1.30522
1.30536
1.30596
1.30699
1.30837
1.31001
1.3118
1.31362
1.31537
1.31694
1.31824
1.31921
1.31979
1.31993
1.31963
1.31888
1.31768
1.31609
1.31415
1.31197
1.30965
1.3073
1.30505
1.30299
1.30117
1.2996
1.29822
1.29695
1.29566
1.29423
1.2926
1.29079
1.28891
1.28724
1.28608
1.2857
1.28623
1.28763
1.28969
1.29214
1.29475
1.29733
1.29978
1.30205
1.3041
1.30592
1.3075
1.30879
1.3098
1.31049
1.31086
1.31091
1.31064
1.31008
1.30925
1.30815
1.30679
1.30513
1.30311
1.3006
1.29746
1.29359
1.28901
1.28403
1.27932
1.27581
1.27439
1.27544
1.27858
1.28291
1.2874
1.29133
1.29436
1.29647
1.29779
1.29851
1.29875
1.2986
1.29812
1.29734
1.29634
1.29525
1.29421
1.29336
1.29281
1.2926
1.29274
1.29323
1.29409
1.29532
1.29693
1.29889
1.30113
1.30356
1.30607
1.30856
1.31092
1.31305
1.31485
1.31622
1.31701
1.3171
1.31637
1.31473
1.31216
1.30879
1.30488
1.30085
1.29718
1.29422
1.29206
1.29051
1.28924
1.28793
1.28644
1.28478
1.28306
1.28133
1.27964
1.27802
1.27657
1.27551
1.27505
1.27539
1.27658
1.27851
1.28102
1.28388
1.2869
1.28993
1.29283
1.2955
1.29783
1.29973
1.30114
1.302
1.30226
1.30189
1.30092
1.29941
1.29748
1.29538
1.2934
1.29187
1.29107
1.29116
1.2921
1.29369
1.29564
1.29761
1.2993
1.30046
1.30089
1.30048
1.29918
1.29707
1.29434
1.29132
1.28844
1.28617
1.28488
1.28474
1.28568
1.28735
1.28923
1.29072
1.29122
1.29021
1.28733
1.28251
1.2762
1.26955
1.26429
1.26209
1.26359
1.26802
1.27371
1.2791
1.28326
1.28594
1.28729
1.28767
1.28746
1.28701
1.28657
1.28631
1.28632
1.28659
1.2871
1.28775
1.28847
1.28919
1.28984
1.29038
1.29079
1.29103
1.29109
1.29096
1.29063
1.29007
1.2893
1.2883
1.2871
1.28575
1.28429
1.2828
1.28132
1.27989
1.27847
1.27697
1.27525
1.27313
1.27051
1.26736
1.26387
1.26043
1.25762
1.2561
1.25635
1.2585
1.26227
1.26709
1.27227
1.27725
1.28163
1.28524
1.28805
1.29015
1.29166
1.29274
1.29354
1.29419
1.29482
1.29554
1.29647
1.29769
1.29926
1.3012
1.30349
1.30605
1.30879
1.31158
1.31431
1.31686
1.31917
1.32117
1.32283
1.32414
1.32507
1.32563
1.32582
1.32563
1.32509
1.3242
1.32298
1.32148
1.31973
1.3178
1.31572
1.31357
1.31141
1.3093
1.30733
1.30561
1.30427
1.30347
1.30332
1.30391
1.30518
1.307
1.3091
1.31117
1.31289
1.31399
1.31434
1.31394
1.31297
1.31177
1.31077
1.31039
1.31088
1.31229
1.31443
1.31698
1.31958
1.32193
1.32379
1.32505
1.32566
1.32565
1.32511
1.32416
1.32295
1.32164
1.32038
1.31928
1.31842
1.31775
1.31717
1.31646
1.31529
1.31326
1.30989
1.30475
1.29753
1.28823
1.27743
1.26648
1.25759
1.25336
1.25563
1.26414
1.27644
1.28935
1.30051
1.30885
1.31432
1.31728
1.31823
1.31756
1.3156
1.3126
1.3088
1.30447
1.29993
1.29552
1.29162
1.28851
1.2863
1.28494
1.28426
1.28399
1.28391
1.28384
1.28369
1.28345
1.2831
1.28268
1.28219
1.28165
1.28105
1.28039
1.27966
1.27887
1.27801
1.27707
1.27606
1.27495
1.27375
1.27245
1.27106
1.26963
1.26827
1.26712
1.26633
1.26606
1.26639
1.26732
1.26875
1.27052
1.27244
1.27434
1.27609
1.27759
1.27882
1.27973
1.28033
1.2806
1.2805
1.28
1.27902
1.27748
1.27527
1.27233
1.26869
1.26446
1.2599
1.25538
1.25121
1.2475
1.24403
1.24032
1.23578
1.23
1.22304
1.21568
1.20951
1.20659
1.20843
1.21501
1.22469
1.23524
1.24485
1.25255
1.25806
1.26152
1.26328
1.26379
1.2635
1.26289
1.26231
1.262
1.26198
1.26206
1.26194
1.26123
1.25956
1.25666
1.25241
1.24692
1.24062
1.23429
1.2289
1.22539
1.22427
1.2255
1.22853
1.23263
1.23713
1.24153
1.24553
1.249
1.25193
1.25436
1.25639
1.25809
1.25956
1.26085
1.26202
1.2631
1.26408
1.26499
1.26582
1.26656
1.26721
1.26776
1.2682
1.26852
1.26869
1.26868
1.26845
1.26792
1.267
1.26558
1.2635
1.26063
1.25686
1.25224
1.24707
1.24201
1.23799
1.23599
1.23657
1.23957
1.24418
1.2494
1.2544
1.25869
1.26211
1.26472
1.26666
1.26811
1.26922
1.27015
1.27097
1.27176
1.27256
1.27335
1.27413
1.27485
1.27545
1.27589
1.2761
1.27601
1.27557
1.27477
1.27361
1.27216
1.27055
1.26898
1.26767
1.26683
1.26653
1.26664
1.26684
1.26667
1.26563
1.26333
1.25953
1.25424
1.24764
1.24002
1.23173
1.22332
1.21597
1.21171
1.21287
1.22033
1.23239
1.24578
1.2577
1.26678
1.27294
1.27671
1.27884
1.27997
1.2806
1.28107
1.2816
1.28231
1.28324
1.28435
1.28555
1.28671
1.28768
1.2883
1.28842
1.28792
1.28668
1.28467
1.2819
1.2785
1.27475
1.27106
1.26791
1.26576
1.26484
1.26514
1.26635
1.26805
1.26984
1.27144
1.27272
1.27368
1.27437
1.27492
1.27544
1.27603
1.27678
1.27773
1.27892
1.28031
1.28188
1.28353
1.28518
1.28671
1.28802
1.28902
1.28963
1.28979
1.28948
1.28869
1.28743
1.28575
1.2837
1.28136
1.27883
1.27622
1.27363
1.27115
1.26882
1.2666
1.26432
1.26166
1.25822
1.25361
1.2477
1.24098
1.23474
1.23085
1.23084
1.23497
1.242
1.25004
1.25755
1.2637
1.26828
1.27144
1.27343
1.27448
1.27479
1.27448
1.27362
1.27226
1.27041
1.2681
1.26539
1.26237
1.25921
1.25609
1.25324
1.25083
1.24894
1.24752
1.24641
1.24534
1.24402
1.24223
1.23991
1.23721
1.23455
1.2325
1.23166
1.23245
1.2349
1.23869
1.24323
1.24785
1.25199
1.25528
1.2575
1.25861
1.25863
1.25761
1.25565
1.25283
1.2493
1.24532
1.24132
1.23793
1.23589
1.23581
1.23791
1.2419
1.2471
1.25274
1.25818
1.26304
1.26715
1.27051
1.2732
1.27531
1.27696
1.27822
1.27917
1.27985
1.28031
1.28057
1.28065
1.28057
1.28036
1.28004
1.27963
1.27917
1.2787
1.27824
1.27781
1.27743
1.27709
1.27676
1.2764
1.27595
1.27533
1.27447
1.27331
1.27183
1.27004
1.26807
1.26613
1.26454
1.26363
1.26372
1.265
1.26745
1.2709
1.27501
1.27938
1.28363
1.28741
1.29045
1.29254
1.29354
1.29333
1.29185
1.28905
1.28493
1.27959
1.2732
1.2661
1.25884
1.2522
1.24727
1.24517
1.24661
1.25142
1.25843
1.2661
1.27311
1.27876
1.2829
1.28575
1.28768
1.28909
1.29026
1.29142
1.29267
1.29404
1.29549
1.29696
1.29835
1.29959
1.3006
1.30133
1.30175
1.30186
1.3017
1.30137
1.30098
1.30068
1.3006
1.30082
1.30135
1.30215
1.30308
1.30402
1.30484
1.30547
1.30588
1.3061
1.3062
1.30623
1.30626
1.30631
1.30638
1.30644
1.30643
1.30631
1.30603
1.30559
1.30499
1.30428
1.3035
1.30272
1.30198
1.30133
1.30081
1.30044
1.30021
1.30011
1.30014
1.30026
1.30045
1.30069
1.30096
1.30121
1.30143
1.30158
1.30163
1.30156
1.30135
1.30097
1.30043
1.29971
1.29883
1.29778
1.29658
1.29525
1.2938
1.29225
1.29065
1.28908
1.28765
1.2865
1.28579
1.28568
1.28626
1.28756
1.28951
1.29193
1.29463
1.29735
1.2999
1.30208
1.30378
1.30493
1.3055
1.30549
1.30495
1.3039
1.30237
1.30043
1.2981
1.2955
1.29278
1.29015
1.28791
1.28632
1.28556
1.28563
1.28643
1.28775
1.2894
1.29123
1.29316
1.29511
1.29696
1.29854
1.29962
1.30002
1.29965
1.29851
1.29677
1.29464
1.2923
1.28984
1.28719
1.28423
1.28083
1.27698
1.27279
1.26854
1.26462
1.26149
1.25969
1.25966
1.26165
1.26555
1.27096
1.27724
1.28369
1.28972
1.29494
1.29914
1.30233
1.30461
1.30618
1.30728
1.30812
1.30887
1.30966
1.31056
1.31158
1.31269
1.31384
1.31496
1.31597
1.31682
1.31744
1.31778
1.31782
1.31754
1.31697
1.31617
1.31524
1.31435
1.31364
1.31324
1.31324
1.31359
1.31421
1.31494
1.31563
1.31616
1.31643
1.31641
1.31605
1.31532
1.31418
1.31268
1.31096
1.30934
1.30823
1.30801
1.30886
1.31065
1.31288
1.31492
1.31612
1.316
1.31441
1.3116
1.30833
1.30572
1.30484
1.30621
1.30956
1.31401
1.31859
1.32258
1.32565
1.32776
1.329
1.32954
1.3295
1.32896
1.32798
1.32654
1.32463
1.32219
1.31922
1.31572
1.31174
1.30743
1.30294
1.29853
1.29447
1.29104
1.28845
1.28686
1.28629
1.28667
1.28783
1.28955
1.29155
1.2936
1.29548
1.29707
1.29828
1.29914
1.29972
1.30016
1.3006
1.30122
1.3021
1.3033
1.30476
1.30637
1.30794
1.30928
1.31017
1.31041
1.30985
1.30837
1.30592
1.30256
1.29848
1.29404
1.28973
1.28609
1.2836
1.2825
1.28277
1.28417
1.28632
1.28886
1.29148
1.29396
1.29614
1.29794
1.29932
1.30026
1.30078
1.30091
1.30067
1.30009
1.29919
1.29799
1.29649
1.2947
1.29261
1.29021
1.28751
1.28454
1.28136
1.27811
1.275
1.27231
1.27039
1.26952
1.26987
1.27142
1.27395
1.27712
1.28053
1.28382
1.28674
1.28912
1.29085
1.2919
1.29225
1.29193
1.29096
1.28943
1.28744
1.28514
1.28271
1.28032
1.27813
1.27623
1.27464
1.2733
1.27214
1.27106
1.27005
1.26915
1.26847
1.26818
1.26835
1.26902
1.27006
1.27132
1.27262
1.27379
1.27474
1.27537
1.27563
1.27546
1.27485
1.2739
1.27276
1.27166
1.27086
1.27061
1.27104
1.27215
1.27386
1.27594
1.27818
1.28034
1.28226
1.2838
1.28489
1.28548
1.28554
1.28504
1.28396
1.28229
1.28006
1.27732
1.27425
1.27111
1.26826
1.26611
1.26499
1.26506
1.26625
1.26831
1.2709
1.27366
1.27632
1.27873
1.28079
1.28249
1.28383
1.28485
1.28558
1.28606
1.28633
1.28641
1.28633
1.2861
1.28574
1.28526
1.28468
1.28398
1.28319
1.28228
1.28128
1.28016
1.27896
1.27771
1.2765
1.27545
1.27477
1.27464
1.2752
1.27649
1.27839
1.28063
1.28288
1.28485
1.28633
1.28726
1.28776
1.2881
1.28864
1.28974
1.29161
1.29428
1.29752
1.30097
1.30419
1.30677
1.30837
1.30872
1.30766
1.30519
1.30154
1.29732
1.2935
1.29119
1.29123
1.29376
1.29816
1.30344
1.30863
1.31313
1.31669
1.31936
1.32138
1.32308
1.3248
1.32676
1.329
1.33134
1.33343
1.33488
1.33538
1.33485
1.3335
1.33183
1.33053
1.33019
1.33114
1.33327
1.33613
1.33915
1.34177
1.34358
1.34436
1.34404
1.34276
1.34081
1.33861
1.33666
1.33545
1.33531
1.3364
1.33865
1.34181
1.34552
1.34942
1.35319
1.35661
1.35955
1.36194
1.36379
1.36511
1.36595
1.36633
1.36629
1.36587
1.36513
1.36413
1.36298
1.36183
1.36087
1.36026
1.36016
1.36066
1.36173
1.36323
1.36497
1.36668
1.36815
1.36919
1.36967
1.36955
1.36881
1.36749
1.36567
1.36347
1.36106
1.35858
1.35619
1.35398
1.35203
1.35038
1.34911
1.34829
1.348
1.34829
1.34914
1.35045
1.35202
1.35366
1.35515
1.35633
1.35711
1.35745
1.35736
1.35684
1.35595
1.35477
1.35346
1.35224
1.3514
1.3512
1.35178
1.35313
1.35506
1.35728
1.35944
1.36126
1.36252
1.3631
1.36297
1.36216
1.36075
1.35882
1.35647
1.35377
1.35073
1.34737
1.34369
1.33971
1.33562
1.3317
1.32842
1.32624
1.32556
1.32646
1.32867
1.33165
1.33467
1.33705
1.33825
1.33798
1.33622
1.33329
1.32988
1.32695
1.3254
1.32572
1.32775
1.33082
1.33414
1.33708
1.33936
1.34099
1.34216
1.34307
1.34391
1.34476
1.3456
1.34637
1.34695
1.34726
1.34721
1.34677
1.34593
1.34474
1.34324
1.34151
1.33965
1.33776
1.33592
1.33422
1.3327
1.33138
1.33026
1.32929
1.32842
1.3276
1.32683
1.32609
1.32543
1.32493
1.32467
1.32474
1.32518
1.32603
1.32729
1.32892
1.33087
1.3331
1.33556
1.33818
1.34092
1.34372
1.34651
1.34921
1.35174
1.35402
1.35595
1.35741
1.35832
1.35854
1.35797
1.35649
1.35403
1.35054
1.34608
1.34084
1.3352
1.32974
1.32519
1.3223
1.3216
1.32324
1.32686
1.33172
1.33697
1.34188
1.34593
1.34884
1.35052
1.351
1.35034
1.34868
1.34616
1.34299
1.3394
1.33568
1.33211
1.32891
1.32627
1.32424
1.32281
1.32191
1.32142
1.32125
1.32127
1.3214
1.32153
1.3216
1.32153
1.32133
1.32103
1.32073
1.32056
1.32066
1.32112
1.32196
1.32312
1.3245
1.32594
1.32735
1.32866
1.32984
1.33094
1.33199
1.33303
1.3341
1.33518
1.33626
1.3373
1.33827
1.33914
1.3399
1.34051
1.34099
1.34132
1.34149
1.3415
1.34134
1.34099
1.34044
1.33967
1.33866
1.33736
1.33575
1.33379
1.33141
1.32856
1.32519
1.32125
1.31675
1.31176
1.30649
1.30126
1.29651
1.29272
1.29028
1.28937
1.2899
1.29156
1.29394
1.2966
1.29924
1.30164
1.30372
1.30547
1.30698
1.30834
1.30969
1.31113
1.31272
1.31446
1.31629
1.31812
1.31981
1.32125
1.32234
1.32302
1.32322
1.32291
1.32207
1.32064
1.31859
1.31587
1.31248
1.30855
1.30437
1.30046
1.29749
1.29608
1.2965
1.29857
1.3017
1.30521
1.30852
1.31133
1.31353
1.3152
1.31646
1.31744
1.31825
1.31894
1.31954
1.32004
1.3204
1.32059
1.32055
1.32024
1.31959
1.31853
1.31697
1.31482
1.31191
1.30809
1.30312
1.29676
1.28879
1.27914
1.26814
1.25678
1.24674
1.23996
1.23762
1.23956
1.24452
1.25102
1.25805
1.26504
1.27172
1.27784
1.28316
1.28744
1.2905
1.29229
1.29287
1.2924
1.29116
1.28952
1.28786
1.28657
1.28592
1.28602
1.28681
1.2881
1.28963
1.29116
1.29249
1.2935
1.29415
1.29443
1.29438
1.29405
1.2935
1.29279
1.29201
1.29121
1.29046
1.28979
1.28924
1.28882
1.2885
1.28827
1.28808
1.28786
1.28756
1.28712
1.28649
1.28564
1.28455
1.2832
1.2816
1.27977
1.27776
1.2756
1.27338
1.27116
1.26904
1.26711
1.26549
1.26425
1.26347
1.26321
1.26346
1.26418
1.26526
1.26658
1.26797
1.26929
1.27042
1.27129
1.27186
1.27212
1.27212
1.27191
1.27159
1.27125
1.27097
1.27084
1.27093
1.27127
1.27189
1.27276
1.27386
1.27515
1.27658
1.27811
1.27972
1.28138
1.28306
1.28474
1.28639
1.28792
1.28927
1.29027
1.29073
1.29035
1.28876
1.2856
1.2806
1.27386
1.26616
1.25897
1.25398
1.25205
1.25259
1.25414
1.25555
1.25662
1.25792
1.26004
1.26303
1.26644
1.26968
1.27236
1.27436
1.27573
1.27656
1.27693
1.2769
1.27657
1.27611
1.2757
1.27558
1.2759
1.27677
1.27816
1.27996
1.28201
1.28409
1.28602
1.28766
1.28892
1.28977
1.29021
1.2903
1.29011
1.28972
1.28919
1.28858
1.28793
1.28724
1.28652
1.28577
1.28502
1.28431
1.28374
1.28342
1.28347
1.28399
1.28506
1.28671
1.28891
1.2916
1.29464
1.29783
1.3009
1.30352
1.30535
1.30604
1.3053
1.30292
1.29885
1.29327
1.28675
1.28019
1.27479
1.27171
1.27164
1.27454
1.27974
1.28621
1.29306
1.29966
1.30572
1.31115
1.31587
1.31981
1.32288
1.325
1.32617
1.32644
1.32583
1.32433
1.32181
1.3181
1.31303
1.30657
1.29888
1.29041
1.28187
1.27414
1.26813
1.26456
1.26385
1.26596
1.27041
1.27647
1.28323
1.28982
1.29552
1.29986
1.3027
1.30424
1.30509
1.30608
1.30801
1.31128
1.31575
1.32077
1.32553
1.32931
1.33165
1.33235
1.33143
1.32908
1.32558
1.32132
1.3167
1.31214
1.30802
1.30466
1.30227
1.30096
1.30068
1.3013
1.3026
1.30434
1.30629
1.30829
1.31019
1.31192
1.31341
1.31463
1.31554
1.31616
1.31647
1.3165
1.31625
1.31577
1.31507
1.3142
1.3132
1.31209
1.31093
1.30973
1.30851
1.30729
1.30606
1.30483
1.30358
1.30231
1.30103
1.29972
1.29841
1.29711
1.29583
1.29456
1.2933
1.29201
1.29065
1.28915
1.28745
1.28548
1.28321
1.28069
1.27805
1.27551
1.2734
1.27204
1.27164
1.27225
1.27368
1.27559
1.27758
1.27932
1.28059
1.28131
1.28151
1.28133
1.28094
1.28052
1.28022
1.28011
1.28018
1.28032
1.28039
1.2802
1.27957
1.27837
1.27651
1.27402
1.27103
1.26783
1.26481
1.26244
1.26109
1.261
1.26211
1.26419
1.26685
1.2697
1.27242
1.27476
1.27658
1.27779
1.27838
1.27833
1.27769
1.27648
1.27475
1.27256
1.26995
1.26702
1.26389
1.26077
1.25789
1.25553
1.25388
1.25302
1.25283
1.25307
1.25349
1.25397
1.2545
1.25525
1.25638
1.25799
1.26004
1.26234
1.26464
1.26674
1.26847
1.26975
1.27056
1.27096
1.271
1.27075
1.27028
1.26965
1.26891
1.26812
1.26731
1.26653
1.2658
1.26514
1.26459
1.26416
1.26384
1.26365
1.26357
1.26358
1.26367
1.2638
1.26394
1.26407
1.26418
1.26425
1.26428
1.26428
1.26426
1.26427
1.26431
1.26443
1.26464
1.26497
1.26542
1.26598
1.26664
1.26736
1.2681
1.26881
1.26943
1.26989
1.27011
1.27004
1.26963
1.26886
1.26778
1.26649
1.26516
1.26401
1.26324
1.26302
1.26342
1.26441
1.26587
1.26764
1.2696
1.27162
1.27363
1.27558
1.27746
1.27922
1.28086
1.28233
1.28356
1.2845
1.28504
1.28512
1.28465
1.2836
1.28197
1.27983
1.27733
1.27465
1.27207
1.26988
1.26833
1.26761
1.26781
1.26886
1.27062
1.27289
1.27544
1.27809
1.2807
1.28318
1.28547
1.28756
1.28942
1.29108
1.29254
1.29381
1.29492
1.2959
1.29678
1.29759
1.29834
1.29904
1.2997
1.30031
1.30086
1.30131
1.30164
1.30183
1.30182
1.30159
1.30107
1.30022
1.29897
1.29725
1.295
1.29224
1.28901
1.28555
1.2822
1.27949
1.27797
1.27809
1.27995
1.28331
1.28764
1.29231
1.29682
1.30082
1.3042
1.30698
1.30929
1.31128
1.31311
1.31484
1.31652
1.31808
1.31946
1.32053
1.32121
1.32143
1.32118
1.32051
1.31953
1.31841
1.31728
1.31627
1.31537
1.31448
1.31343
1.312
1.31001
1.30737
1.30412
1.30039
1.29645
1.29259
1.28911
1.28629
1.28431
1.28333
1.28351
1.28499
1.28784
1.292
1.29715
1.30272
1.3081
1.31274
1.31633
1.31879
1.32024
1.32088
1.32099
1.3208
1.32049
1.32016
1.31981
1.3194
1.31883
1.31804
1.31706
1.31601
1.31506
1.31438
1.31398
1.31376
1.31348
1.31302
1.3125
1.31232
1.31303
1.31504
1.31836
1.32254
1.32694
1.33092
1.33402
1.336
1.33677
1.33634
1.33476
1.33212
1.32854
1.32422
1.31941
1.31443
1.30957
1.30505
1.301
1.29743
1.2944
1.292
1.29044
1.29001
1.29093
1.29328
1.29698
1.30175
1.30723
1.31298
1.31864
1.32388
1.32848
1.33229
1.33524
1.33725
1.33829
1.33828
1.33716
1.33484
1.33131
1.32657
1.3208
1.31429
1.30743
1.30067
1.29432
1.28859
1.28369
1.28002
1.27833
1.27933
1.2832
1.28924
1.29617
1.30283
1.30867
1.31366
1.31801
1.3219
1.32535
1.32828
1.3306
1.3323
1.33341
1.33402
1.33423
1.33414
1.33385
1.33348
1.33313
1.33293
1.33294
1.3332
1.33369
1.33435
1.33504
1.33564
1.33601
1.33602
1.3356
1.33472
1.33345
1.3319
1.3303
1.32889
1.3279
1.32752
1.32782
1.32876
1.33022
1.33203
1.33402
1.33606
1.33803
1.33983
1.34133
1.34242
1.34293
1.34272
1.34166
1.33965
1.33675
1.33313
1.32921
1.32557
1.32286
1.32165
1.32216
1.32425
1.32742
1.3311
1.33473
1.33797
1.34067
1.34282
1.34447
1.34566
1.34638
1.3466
1.34623
1.34526
1.34375
1.34193
1.34017
1.33889
1.33844
1.33893
1.34016
1.34174
1.34317
1.34396
1.34373
1.34221
1.33925
1.33491
1.3295
1.32375
1.31874
1.3157
1.31548
1.31824
1.3233
1.3296
1.33608
1.34197
1.34688
1.35065
1.35326
1.3548
1.35533
1.35493
1.35363
1.35142
1.34829
1.34419
1.33917
1.33339
1.32722
1.32127
1.31625
1.31274
1.31091
1.31044
1.31071
1.31106
1.31104
1.31048
1.30942
1.30805
1.30659
1.30526
1.30422
1.30361
1.30352
1.30398
1.30494
1.30629
1.30788
1.30953
1.31111
1.31256
1.31385
1.31501
1.31609
1.31707
1.31792
1.31855
1.31885
1.31871
1.31804
1.3168
1.31499
1.31272
1.31016
1.30761
1.30542
1.30395
1.30342
1.30391
1.30524
1.30714
1.30925
1.31127
1.31298
1.31428
1.31513
1.31555
1.3156
1.31536
1.31491
1.31434
1.31371
1.31307
1.31246
1.31189
1.31134
1.31079
1.31017
1.3094
1.30838
1.30695
1.3049
1.30197
1.29794
1.29275
1.28672
1.28078
1.27646
1.27526
1.27788
1.28366
1.29102
1.29832
1.30449
1.30909
1.31214
1.31389
1.31463
1.31466
1.31424
1.31361
1.31294
1.31238
1.31201
1.31188
1.31198
1.31226
1.31264
1.31305
1.31337
1.31353
1.31345
1.31309
1.3124
1.31137
1.31004
1.30844
1.30669
1.3049
1.30327
1.30198
1.30122
1.30113
1.30175
1.30303
1.30484
1.30697
1.30921
1.3114
1.31339
1.31511
1.3165
1.31756
1.31829
1.31871
1.31882
1.31864
1.3182
1.3175
1.3166
1.31553
1.31436
1.31316
1.31199
1.31092
1.30998
1.30917
1.30847
1.30782
1.30713
1.30632
1.3053
1.30402
1.30249
1.30074
1.29889
1.29713
1.29566
1.29472
1.29452
1.29516
1.29663
1.29879
1.30137
1.30408
1.30662
1.30879
1.31047
1.31164
1.31238
1.31283
1.31318
1.31359
1.31419
1.31506
1.31616
1.31743
1.31874
1.31996
1.32097
1.32171
1.32215
1.32228
1.32218
1.32191
1.32158
1.32128
1.3211
1.32106
1.32115
1.3213
1.32144
1.32148
1.32141
1.32124
1.32105
1.32094
1.32096
1.32113
1.32136
1.3215
1.32135
1.32074
1.31953
1.31768
1.31525
1.31251
1.30986
1.30786
1.30707
1.30789
1.31037
1.31425
1.31901
1.32409
1.329
1.33338
1.33703
1.33986
1.3419
1.3432
1.34385
1.34396
1.34359
1.34278
1.34148
1.3396
1.33702
1.33361
1.32932
1.32419
1.31852
1.31279
1.30767
1.30386
1.30186
1.30172
1.30308
1.30525
1.30753
1.30942
1.31069
1.31137
1.31169
1.31193
1.31236
1.31317
1.31443
1.31609
1.31801
1.31997
1.32177
1.32321
1.32418
1.32462
1.32458
1.32414
1.32342
1.3225
1.32143
1.32016
1.3186
1.31664
1.31429
1.31167
1.30908
1.30695
1.30572
1.3057
1.30698
1.30942
1.31271
1.31647
1.3203
1.32388
1.32694
1.32931
1.33089
1.33166
1.33163
1.33085
1.32941
1.32744
1.32509
1.32253
1.31998
1.31763
1.31565
1.3142
1.31337
1.31319
1.31365
1.31466
1.3161
1.3178
1.31959
1.3213
1.32281
1.32401
1.32481
1.32519
1.32511
1.32459
1.32366
1.32239
1.32086
1.31919
1.31753
1.316
1.3147
1.3137
1.31292
1.31219
1.31119
1.30949
1.30666
1.3024
1.29691
1.29117
1.28702
1.28643
1.29031
1.29782
1.30695
1.3157
1.32288
1.32808
1.33137
1.33303
1.33334
1.33254
1.33081
1.32826
1.32501
1.32116
1.31681
1.31208
1.30714
1.30217
1.29743
1.2933
1.29023
1.28871
1.28905
1.29125
1.295
1.29977
1.30505
1.31041
1.31553
1.3202
1.32428
1.32768
1.33036
1.33232
1.33357
1.3341
1.33392
1.33303
1.33141
1.32912
1.32623
1.3229
1.31936
1.31588
1.31274
1.3102
1.30843
1.3075
1.30744
1.30823
1.30982
1.31212
1.315
1.31821
1.32148
1.32449
1.32695
1.32865
1.32946
1.32932
1.32827
1.3264
1.32387
1.32091
1.31777
1.31476
1.31213
1.3101
1.30878
1.30816
1.30817
1.30865
1.30945
1.31047
1.31163
1.3129
1.31428
1.3158
1.31747
1.31932
1.32131
1.32339
1.32547
1.32742
1.3291
1.33036
1.33108
1.33113
1.33043
1.32892
1.32658
1.32341
1.31943
1.31472
1.30941
1.30375
1.2981
1.29299
1.28909
1.28704
1.28735
1.29016
1.2952
1.30189
1.30945
1.31713
1.32435
1.33074
1.33613
1.34049
1.34391
1.34649
1.34835
1.3496
1.3503
1.35047
1.3501
1.34915
1.3475
1.34503
1.34162
1.33716
1.33168
1.3254
1.31882
1.31264
1.30759
1.30405
1.30185
1.30039
1.29894
1.29703
1.29467
1.29234
1.29074
1.29058
1.29224
1.29567
1.3004
1.30579
1.31119
1.31611
1.3203
1.32364
1.32618
1.32803
1.32933
1.33023
1.33088
1.3314
1.33189
1.33239
1.33294
1.3335
1.33401
1.33436
1.33441
1.33398
1.33284
1.33074
1.32743
1.32274
1.31675
1.31005
1.30383
1.29972
1.29905
1.30206
1.30776
1.31454
1.32099
1.32633
1.33033
1.33309
1.33482
1.33573
1.33595
1.33555
1.33452
1.33282
1.33039
1.32716
1.32316
1.31851
1.31345
1.30839
1.30382
1.30023
1.298
1.29737
1.29835
1.30082
1.30447
1.30888
1.31359
1.31814
1.32215
1.32534
1.32752
1.32858
1.32847
1.32717
1.32473
1.32127
1.31704
1.31244
1.30796
1.30415
1.30141
1.29991
1.29959
1.30024
1.30159
1.30344
1.30563
1.30801
1.31043
1.31276
1.31486
1.31662
1.31797
1.31888
1.31932
1.31929
1.31875
1.31769
1.31606
1.31381
1.31094
1.30751
1.30371
1.29987
1.29647
1.29398
1.29276
1.29286
1.29404
1.29594
1.29823
1.30074
1.30349
1.30657
1.31
1.31365
1.31724
1.32035
1.32257
1.32352
1.32296
1.32089
1.31767
1.3141
1.31131
1.3104
1.31193
1.31557
1.32036
1.32519
1.32923
1.33206
1.33359
1.33393
1.33327
1.33183
1.32983
1.32748
1.325
1.32259
1.3204
1.31856
1.3171
1.31603
1.31525
1.3147
1.31428
1.31392
1.31354
1.31305
1.31233
1.31124
1.30973
1.30794
1.30624
1.30525
1.3056
1.30766
1.31132
1.31602
1.32098
1.32547
1.32906
1.33158
1.3331
1.3338
1.3339
1.3336
1.33305
1.33233
1.33147
1.33047
1.32928
1.32786
1.3262
1.32431
1.32225
1.32016
1.31825
1.31676
1.31596
1.31602
1.317
1.31879
1.32116
1.32381
1.32645
1.3288
1.33067
1.33189
1.33235
1.33193
1.33054
1.32815
1.32478
1.32062
1.31601
1.31147
1.3076
1.30485
1.30342
1.30317
1.30378
1.30486
1.30616
1.30754
1.30901
1.31058
1.31227
1.31403
1.31583
1.31758
1.31922
1.32072
1.32203
1.32314
1.32403
1.32469
1.32509
1.32524
1.32511
1.3247
1.32399
1.32294
1.32152
1.31971
1.31748
1.31485
1.31184
1.30856
1.30511
1.30163
1.2982
1.29492
1.29178
1.28879
1.28592
1.28318
1.28064
1.2784
1.2766
1.27538
1.2748
1.2749
1.27575
1.27749
1.28028
1.28421
1.28914
1.29467
1.30026
1.30536
1.30955
1.31256
1.31427
1.31466
1.31384
1.31207
1.30979
1.30759
1.30608
1.30573
1.30663
1.30849
1.31079
1.31299
1.31469
1.31569
1.316
1.31573
1.31503
1.31405
1.31289
1.31157
1.31007
1.3083
1.30617
1.30363
1.30069
1.29745
1.29413
1.29103
1.28845
1.28667
1.2858
1.28578
1.28643
1.28746
1.2886
1.28966
1.2905
1.29107
1.29137
1.29143
1.2913
1.29102
1.29064
1.2902
1.28975
1.28935
1.28904
1.28886
1.28883
1.28895
1.28916
1.28937
1.28948
1.28936
1.28891
1.28802
1.28663
1.28468
1.28215
1.27909
1.27566
1.27218
1.2691
1.26701
1.26638
1.26744
1.27
1.27361
1.27768
1.28171
1.28541
1.28864
1.2914
1.29371
1.2956
1.2971
1.29819
1.29885
1.29907
1.29884
1.29815
1.29702
1.2955
1.29364
1.29154
1.2893
1.28702
1.28482
1.2828
1.28103
1.27958
1.27851
1.27791
1.27783
1.27834
1.27946
1.28113
1.28325
1.28562
1.28804
1.29028
1.29215
1.29353
1.29436
1.29465
1.29449
1.29403
1.29342
1.29284
1.29243
1.29224
1.29229
1.29252
1.29282
1.29306
1.29317
1.29308
1.29282
1.29248
1.29221
1.29224
1.29276
1.29392
1.29576
1.29818
1.30097
1.3039
1.30673
1.30927
1.31138
1.313
1.31409
1.31462
1.31461
1.31405
1.31295
1.31132
1.30922
1.30674
1.30402
1.30125
1.2987
1.2966
1.29521
1.29467
1.29505
1.29625
1.29805
1.30011
1.30208
1.30366
1.30466
1.30499
1.30473
1.30406
1.30325
1.30257
1.30227
1.30251
1.30327
1.3044
1.30562
1.30657
1.30693
1.30649
1.3053
1.30365
1.30212
1.30142
1.30209
1.3043
1.30776
1.31189
1.31606
1.31977
1.32274
1.32483
1.32605
1.32642
1.32604
1.32499
1.32335
1.32125
1.3188
1.31615
1.31345
1.31082
1.30839
1.30627
1.30454
1.30324
1.3024
1.30199
1.30195
1.30216
1.3025
1.30286
1.30313
1.30331
1.30342
1.30351
1.30365
1.30391
1.30431
1.30487
1.30558
1.30641
1.30728
1.30805
1.30856
1.30861
1.30806
1.30687
1.3052
1.30343
1.30212
1.30183
1.30291
1.30529
1.30856
1.31212
1.31542
1.31812
1.32009
1.32133
1.32194
1.32207
1.32182
1.32131
1.32063
1.31984
1.319
1.3182
1.31751
1.31697
1.31662
1.31642
1.31628
1.316
1.31539
1.31422
1.31228
1.30945
1.30568
1.30097
1.29542
1.28922
1.28276
1.27674
1.27209
1.26974
1.2702
1.27328
1.27812
1.28362
1.28888
1.29343
1.29721
1.30046
1.30347
1.30648
1.30958
1.31274
1.31584
1.3187
1.32116
1.32308
1.32437
1.32499
1.32494
1.32429
1.32317
1.32178
1.32034
1.3191
1.31824
1.31785
1.31789
1.31821
1.31861
1.31887
1.3188
1.31825
1.31713
1.31535
1.31285
1.30958
1.30554
1.3008
1.29557
1.2902
1.2852
1.28114
1.27842
1.27721
1.27731
1.27835
1.27995
1.28183
1.2839
1.28613
1.28855
1.29114
1.29385
1.29658
1.29919
1.30157
1.30362
1.30525
1.30642
1.30712
1.30736
1.30713
1.30646
1.30537
1.30389
1.30205
1.29993
1.29763
1.29531
1.29315
1.29137
1.29014
1.28956
1.28963
1.29024
1.29121
1.29234
1.29345
1.29441
1.29515
1.29566
1.29597
1.29615
1.29627
1.29642
1.29667
1.29706
1.29764
1.29838
1.29925
1.30018
1.30109
1.3019
1.30253
1.30292
1.30304
1.30286
1.30241
1.30172
1.30087
1.29995
1.29906
1.29834
1.29788
1.29777
1.29805
1.29871
1.29971
1.30092
1.30222
1.30348
1.30457
1.30541
1.30591
1.30605
1.30582
1.30526
1.30441
1.30333
1.30208
1.30067
1.29909
1.2973
1.29534
1.29333
1.29157
1.29044
1.29021
1.29093
1.29229
1.29372
1.29458
1.29434
1.29264
1.2893
1.28435
1.27801
1.27074
1.2632
1.25629
1.25098
1.2483
1.24917
1.25396
1.26214
1.27224
1.28253
1.29167
1.29894
1.3042
1.30765
1.30961
1.3104
1.31032
1.30962
1.30847
1.30703
1.30539
1.30362
1.30175
1.29976
1.29761
1.29517
1.29227
1.28864
1.284
1.27808
1.27083
1.26272
1.25498
1.24947
1.24787
1.25067
1.25678
1.26428
1.27145
1.27735
1.28171
1.28464
1.28639
1.28722
1.2873
1.28677
1.28568
1.2841
1.28208
1.27971
1.27712
1.2745
1.27205
1.26997
1.26837
1.26728
1.26659
1.26613
1.26568
1.26502
1.26403
1.26265
1.26095
1.25914
1.25756
1.25658
1.25656
1.25765
1.25976
1.2626
1.26573
1.26877
1.27142
1.27353
1.2751
1.2762
1.27693
1.27744
1.27782
1.27816
1.27847
1.27875
1.27898
1.27908
1.27902
1.27874
1.27823
1.27748
1.27657
1.2756
1.27476
1.27422
1.27416
1.27466
1.27572
1.27719
1.27886
1.28049
1.28184
1.28273
1.283
1.28258
1.28141
1.27949
1.27689
1.27377
1.27037
1.26707
1.26426
1.26229
1.26137
1.26146
1.26236
1.26377
1.26545
1.2672
1.26896
1.27071
1.27248
1.27428
1.27609
1.27787
1.27955
1.28107
1.28239
1.28345
1.28424
1.2847
1.28479
1.28445
1.28358
1.28206
1.27979
1.27672
1.27292
1.26864
1.26435
1.26063
1.25799
1.25662
1.25634
1.25667
1.25713
1.25745
1.25761
1.2578
1.25825
1.25913
1.26043
1.26202
1.26368
1.26522
1.26646
1.26733
1.26781
1.26799
1.26801
1.26807
1.26832
1.26885
1.26959
1.27033
1.27076
1.27053
1.2693
1.26679
1.26285
1.25749
1.25094
1.2438
1.23707
1.23206
1.22998
1.23139
1.23591
1.24237
1.24946
1.25613
1.26183
1.2664
1.26988
1.27247
1.27433
1.27565
1.27657
1.27719
1.27759
1.27782
1.2779
1.27786
1.2777
1.27739
1.27693
1.27628
1.27541
1.27427
1.27275
1.27075
1.26807
1.26449
1.2598
1.25393
1.24717
1.24036
1.2349
1.23224
1.23308
1.23687
1.24214
1.24731
1.25135
1.25386
1.25491
1.25479
1.25381
1.25227
1.25035
1.24814
1.24565
1.24286
1.23977
1.23647
1.23318
1.23026
1.22816
1.22729
1.22791
1.23002
1.23337
1.23753
1.24203
1.24643
1.2504
1.25372
1.25629
1.25812
1.25926
1.25981
1.25991
1.25966
1.25917
1.25855
1.25785
1.25712
1.25638
1.25564
1.2549
1.25415
1.25339
1.25263
1.25186
1.25109
1.25032
1.24958
1.24886
1.24817
1.24753
1.24693
1.24639
1.24589
1.24545
1.24504
1.24468
1.24434
1.24401
1.24368
1.2433
1.24287
1.24234
1.24167
1.24084
1.23981
1.23855
1.23704
1.23528
1.23327
1.23106
1.2287
1.22629
1.22394
1.22176
1.21986
1.21831
1.21711
1.21617
1.21534
1.21442
1.21325
1.2118
1.21021
1.20885
1.20822
1.20885
1.21099
1.21459
1.21921
1.22426
1.22918
1.23355
1.23713
1.23987
1.2418
1.24303
1.24372
1.24403
1.24412
1.24414
1.2442
1.24439
1.24473
1.24523
1.24582
1.24646
1.24704
1.2475
1.24774
1.24769
1.24728
1.24646
1.24519
1.24344
1.24122
1.23857
1.23559
1.23245
1.2294
1.22672
1.22472
1.2237
1.22381
1.22508
1.22739
1.23047
1.23399
1.23763
1.24111
1.24423
1.24688
1.24902
1.25064
1.25178
1.2525
1.25287
1.25297
1.25289
1.25268
1.25239
1.25201
1.25148
1.25072
1.24961
1.24804
1.24598
1.24346
1.24062
1.23769
1.23492
1.23258
1.23092
1.23014
1.23032
1.23137
1.23304
1.23495
1.23679
1.23841
1.23986
1.24133
1.24299
1.24495
1.24711
1.24931
1.25133
1.25301
1.25426
1.25508
1.25552
1.25568
1.25566
1.25558
1.25552
1.25555
1.25571
1.25603
1.2565
1.25709
1.25779
1.25855
1.25932
1.26007
1.26076
1.26136
1.26184
1.2622
1.26243
1.26253
1.2625
1.26236
1.26212
1.2618
1.26141
1.26096
1.26046
1.25987
1.25916
1.25827
1.25715
1.2557
1.25384
1.2515
1.24863
1.24521
1.24128
1.23697
1.23249
1.22812
1.22426
1.22135
1.21976
1.21981
1.22154
1.2248
1.2292
1.23424
1.23945
1.24442
1.24892
1.25282
1.25608
1.25872
1.26082
1.26242
1.26359
1.26439
1.26486
1.26506
1.265
1.26472
1.26426
1.26365
1.26293
1.26215
1.26135
1.26059
1.25988
1.25927
1.25873
1.25825
1.25778
1.25728
1.25669
1.25597
1.25509
1.25402
1.25278
1.25138
1.24982
1.24813
1.24632
1.24444
1.24253
1.24068
1.23901
1.23764
1.23668
1.23615
1.23599
1.23606
1.23621
1.23634
1.23652
1.23696
1.23794
1.23968
1.2422
1.2453
1.24867
1.25199
1.255
1.25756
1.2596
1.26112
1.26219
1.2629
1.26335
1.26367
1.26395
1.26431
1.26481
1.26547
1.2663
1.26725
1.2683
1.26938
1.27044
1.27144
1.27234
1.27313
1.27378
1.27428
1.27461
1.27477
1.27473
1.2745
1.27404
1.27338
1.27249
1.27142
1.27021
1.26892
1.26766
1.26652
1.26564
1.26513
1.26507
1.26552
1.26647
1.26789
1.26972
1.27184
1.27418
1.27664
1.27915
1.28166
1.28415
1.28661
1.28904
1.29149
1.29396
1.29649
1.29908
1.30174
1.30443
1.30713
1.30977
1.31227
1.31453
1.31642
1.31781
1.31854
1.31845
1.31744
1.31551
1.31288
1.31004
1.30775
1.30681
1.30777
1.31061
1.31475
1.31937
1.32366
1.32706
1.32928
1.33023
1.32997
1.32866
1.32656
1.32397
1.32124
1.31869
1.31657
1.31505
1.31418
1.31401
1.31454
1.31577
1.31767
1.3202
1.32326
1.32671
1.33038
1.3341
1.33771
1.34111
1.34422
1.34702
1.34953
1.35177
1.35378
1.3556
1.35725
1.35875
1.36011
1.36132
1.36241
1.36335
1.36416
1.36484
1.3654
1.36582
1.36612
1.36628
1.36628
1.36609
1.36568
1.36499
1.36395
1.36249
1.3605
1.35786
1.35447
1.35023
1.3451
1.33918
1.33276
1.32645
1.32114
1.31788
1.3175
1.32024
1.32566
1.33279
1.34058
1.34816
1.35501
1.3609
1.36583
1.36995
1.37345
1.37649
1.37916
1.38143
1.38319
1.38428
1.38457
1.38394
1.38236
1.37986
1.37657
1.37275
1.36872
1.3649
1.36163
1.35912
1.3574
1.35629
1.3555
1.35474
1.35385
1.35287
1.35213
1.3521
1.35328
1.35582
1.35948
1.36363
1.36758
1.37085
1.37323
1.3748
1.37577
1.37637
1.37678
1.37709
1.37728
1.37718
1.37649
1.37475
1.37141
1.36601
1.35847
1.34939
1.34001
1.33185
1.32605
1.32299
1.32256
1.3244
1.32793
1.33241
1.33717
1.34179
1.34614
1.35021
1.35402
1.3576
1.36098
1.36422
1.36734
1.3703
1.37297
1.37519
1.37677
1.37753
1.37737
1.37629
1.37438
1.37184
1.36893
1.36592
1.36303
1.36037
1.35792
1.35555
1.35314
1.35056
1.34772
1.34455
1.341
1.337
1.33251
1.32754
1.3222
1.31677
1.31168
1.30749
1.30475
1.30387
1.30499
1.3079
1.31215
1.31713
1.32224
1.32695
1.33092
1.33392
1.33588
1.3368
1.33674
1.33583
1.33418
1.33194
1.32923
1.32623
1.3231
1.32002
1.3172
1.31481
1.31302
1.31194
1.31162
1.31204
1.31307
1.31455
1.31626
1.31798
1.31952
1.32068
1.32134
1.32141
1.32086
1.31967
1.31788
1.31554
1.31276
1.30963
1.30624
1.30265
1.29886
1.29481
1.29039
1.28551
1.28022
1.27491
1.27037
1.2677
1.2678
1.27085
1.27616
1.28247
1.28856
1.29362
1.29729
1.2996
1.30077
1.30109
1.3009
1.30047
1.3
1.2996
1.29929
1.29905
1.2988
1.29849
1.29809
1.2976
1.29705
1.29646
1.29588
1.29531
1.29473
1.29405
1.29316
1.29192
1.29025
1.28809
1.28549
1.28259
1.27962
1.27684
1.27448
1.27269
1.27149
1.27082
1.27055
1.27056
1.27072
1.27093
1.27111
1.27121
1.2712
1.27102
1.27063
1.26991
1.26869
1.2668
1.26419
1.26105
1.25796
1.25579
1.25544
1.25738
1.26136
1.26653
1.27188
1.27659
1.28017
1.28244
1.28339
1.28312
1.28173
1.27938
1.27627
1.27267
1.26894
1.26553
1.26286
1.26124
1.26077
1.26133
1.26265
1.26441
1.26634
1.26827
1.27008
1.27174
1.27322
1.27453
1.27567
1.27664
1.27746
1.27815
1.27875
1.27929
1.27982
1.28038
1.28102
1.28174
1.28255
1.28343
1.28433
1.28522
1.28604
1.28674
1.28727
1.28761
1.28773
1.28766
1.2874
1.28701
1.28656
1.28612
1.28576
1.28555
1.28552
1.28568
1.28603
1.28654
1.28718
1.28793
1.2888
1.28978
1.29089
1.29212
1.29342
1.29471
1.29585
1.29663
1.2968
1.29605
1.29404
1.29044
1.28496
1.27748
1.26814
1.25745
1.24648
1.23708
1.23175
1.23261
1.23992
1.25151
1.26423
1.27562
1.28462
1.29121
1.2958
1.29887
1.30081
1.3019
1.30231
1.30218
1.30161
1.3007
1.29958
1.29838
1.29727
1.29643
1.29601
1.29611
1.29676
1.29791
1.29945
1.30122
1.30307
1.30485
1.30645
1.30779
1.30881
1.30951
1.30987
1.30987
1.30953
1.30883
1.30777
1.30632
1.30448
1.30228
1.29976
1.29704
1.2943
1.29175
1.28964
1.28815
1.2874
1.28742
1.28822
1.28975
1.29201
1.29495
1.29847
1.30236
1.30638
1.31023
1.31369
1.31661
1.31892
1.32065
1.32185
1.32264
1.32311
1.32338
1.3235
1.32354
1.3235
1.32338
1.32315
1.32278
1.32221
1.32139
1.32027
1.31879
1.3169
1.31453
1.31163
1.30823
1.30441
1.30041
1.29663
1.29358
1.29176
1.29154
1.29298
1.29584
1.29957
1.30355
1.30717
1.30993
1.31152
1.31174
1.31055
1.30805
1.3044
1.29991
1.29498
1.29014
1.28601
1.28325
1.28244
1.28394
1.28771
1.29331
1.30001
1.30695
1.3134
1.31884
1.32303
1.32594
1.32773
1.32862
1.32886
1.3287
1.32834
1.32792
1.3275
1.32711
1.32671
1.32627
1.32572
1.32503
1.32417
1.32313
1.32195
1.32065
1.3193
1.31796
1.31668
1.31555
1.31459
1.31383
1.31324
1.31275
1.31227
1.31166
1.3108
1.30961
1.30807
1.30624
1.3042
1.30202
1.29972
1.29728
1.29459
1.29157
1.2882
1.28455
1.2808
1.27722
1.27414
1.27186
1.27058
1.27037
1.27113
1.27267
1.27475
1.27714
1.27964
1.28212
1.28449
1.28665
1.28856
1.29016
1.2914
1.29226
1.29273
1.29283
1.29257
1.29197
1.29108
1.28993
1.28856
1.28698
1.28524
1.28337
1.28139
1.27933
1.27723
1.27513
1.27307
1.27111
1.26933
1.2678
1.26661
1.26586
1.26561
1.26587
1.2666
1.2677
1.26904
1.27046
1.27182
1.27302
1.27399
1.27469
1.27511
1.27527
1.27521
1.27495
1.27453
1.27397
1.27331
1.27256
1.27174
1.27089
1.27006
1.26931
1.26873
1.26837
1.2683
1.26849
1.26891
1.26948
1.2701
1.27071
1.27122
1.2716
1.27183
1.27193
1.27193
1.27185
1.27176
1.27171
1.27176
1.27196
1.27234
1.27292
1.27371
1.27469
1.27582
1.27707
1.2784
1.27977
1.28114
1.28249
1.28379
1.28501
1.28612
1.28706
1.2878
1.28827
1.28841
1.28813
1.28739
1.28617
1.2845
1.28253
1.28052
1.27883
1.27786
1.27797
1.2793
1.28175
1.285
1.28859
1.29208
1.29513
1.29752
1.29918
1.3001
1.30038
1.30012
1.29945
1.2985
1.2974
1.29624
1.29509
1.29399
1.29294
1.29194
1.29095
1.28998
1.28902
1.28815
1.28745
1.28708
1.28718
1.28789
1.28929
1.29135
1.29398
1.297
1.30023
1.30349
1.30663
1.30954
1.31217
1.31447
1.31645
1.3181
1.31942
1.32043
1.32111
1.32147
1.32148
1.32115
1.32045
1.3194
1.31801
1.31633
1.31445
1.31245
1.31044
1.30851
1.30673
1.30517
1.3039
1.30302
1.30265
1.30289
1.3038
1.30529
1.30724
1.30944
1.3117
1.31385
1.31576
1.31735
1.31854
1.31927
1.31948
1.31914
1.31824
1.31684
1.31503
1.31301
1.311
1.30926
1.30794
1.30711
1.30662
1.30616
1.30528
1.30342
1.30009
1.29505
1.28865
1.28215
1.27762
1.27707
1.28112
1.28853
1.29704
1.30467
1.31031
1.31363
1.31476
1.31407
1.31207
1.3094
1.30683
1.30513
1.30492
1.30638
1.30928
1.31302
1.31694
1.32046
1.32322
1.32508
1.32604
1.32624
1.32591
1.32533
1.32477
1.3245
1.32469
1.32537
1.32647
1.32779
1.32906
1.32999
1.33029
1.32969
1.32791
1.32479
1.32033
1.3149
1.30941
1.30516
1.30344
1.30477
1.30852
1.31323
1.31735
1.31975
1.31987
1.31765
1.31343
1.30784
1.30185
1.29654
1.29288
1.29147
1.29232
1.29508
1.29924
1.30433
1.30995
1.31571
1.32117
1.32587
1.32934
1.33118
1.33111
1.329
1.32493
1.31927
1.31277
1.30648
1.30164
1.29923
1.29953
1.30205
1.30578
1.30973
1.31328
1.31626
1.31881
1.32116
1.32343
1.32561
1.32749
1.32882
1.32934
1.32889
1.32744
1.32515
1.32232
1.31942
1.31694
1.3153
1.31467
1.31497
1.31584
1.31678
1.31728
1.31696
1.31563
1.31333
1.31035
1.30719
1.30447
1.30278
1.30253
1.30385
1.30653
1.31015
1.31415
1.31806
1.3215
1.32424
1.32619
1.32735
1.32778
1.32756
1.32678
1.32554
1.32393
1.32203
1.31993
1.31772
1.31547
1.31327
1.31119
1.3093
1.30765
1.30627
1.30515
1.30427
1.30359
1.30304
1.30251
1.30191
1.30115
1.30014
1.29887
1.29738
1.29575
1.29414
1.29271
1.2916
1.29091
1.29065
1.29076
1.29114
1.29165
1.29221
1.29274
1.29322
1.29367
1.29414
1.29466
1.29529
1.29604
1.29693
1.29793
1.29903
1.30015
1.30123
1.30219
1.30295
1.30343
1.30355
1.30326
1.30249
1.30119
1.29935
1.29694
1.29401
1.29063
1.28695
1.2832
1.27968
1.27672
1.27461
1.27354
1.27357
1.27459
1.27638
1.27872
1.28136
1.28412
1.28686
1.28947
1.2919
1.29407
1.29593
1.29744
1.29858
1.29931
1.29966
1.29964
1.29929
1.2987
1.29796
1.29717
1.29647
1.29601
1.29595
1.2964
1.29743
1.29902
1.30108
1.3034
1.30579
1.308
1.30983
1.31114
1.31182
1.31181
1.31112
1.30976
1.30783
1.30544
1.3028
1.30014
1.29775
1.29592
1.2949
1.29485
1.29578
1.29758
1.3
1.30276
1.30555
1.30814
1.31031
1.31196
1.31301
1.31341
1.31315
1.31218
1.31048
1.30801
1.30478
1.3009
1.2967
1.29271
1.28969
1.28837
1.28916
1.29195
1.29616
1.30099
1.30574
1.30991
1.31331
1.3159
1.31777
1.31905
1.31989
1.32042
1.32075
1.32098
1.32118
1.32139
1.32165
1.32198
1.32238
1.32284
1.32337
1.32394
1.32455
1.32519
1.32583
1.32645
1.32703
1.32752
1.32786
1.32798
1.3278
1.32725
1.32628
1.32488
1.32316
1.32129
1.31953
1.31818
1.31747
1.31748
1.31811
1.3191
1.32007
1.32061
1.32038
1.31919
1.31701
1.31408
1.31083
1.30782
1.30552
1.30416
1.30358
1.30342
1.30332
1.30322
1.30344
1.30445
1.30667
1.31018
1.31472
1.31982
1.32493
1.32957
1.33331
1.33586
1.33709
1.33707
1.33614
1.33483
1.33371
1.33317
1.33325
1.33362
1.3337
1.33295
1.33098
1.32765
1.32306
1.3175
1.31137
1.30517
1.2994
1.29455
1.29103
1.28912
1.28898
1.29057
1.29372
1.29809
1.30322
1.30858
1.31368
1.31807
1.32146
1.32371
1.32487
1.32512
1.32473
1.32404
1.32334
1.32292
1.32291
1.32336
1.32421
1.32533
1.32659
1.32783
1.32897
1.32994
1.33071
1.33127
1.33163
1.33178
1.3317
1.33135
1.33067
1.32956
1.32788
1.32546
1.32209
1.31751
1.31141
1.30348
1.29355
1.28179
1.26904
1.25709
1.24824
1.2442
1.24494
1.24885
1.25395
1.25905
1.26388
1.26869
1.27372
1.27899
1.2843
1.28937
1.29393
1.29783
1.30105
1.30372
1.30599
1.30805
1.31
1.31188
1.31363
1.31514
1.31629
1.317
1.31721
1.31694
1.31621
1.31512
1.31374
1.31216
1.31042
1.30854
1.30647
1.30409
1.30125
1.29777
1.29354
1.28855
1.28297
1.27729
1.27226
1.26885
1.26789
1.26982
1.2744
1.28079
1.2879
1.29468
1.30036
1.3045
1.30696
1.30784
1.30744
1.30621
1.3047
1.30349
1.30304
1.30357
1.30503
1.30712
1.30949
1.3118
1.31379
1.31533
1.31637
1.31688
1.31687
1.31638
1.31544
1.31412
1.3125
1.31071
1.30886
1.30706
1.30536
1.30374
1.30213
1.30042
1.29855
1.29652
1.29445
1.29257
1.29118
1.29061
1.29111
1.29276
1.29541
1.29871
1.30215
1.30513
1.30701
1.30717
1.30507
1.30038
1.29318
1.28427
1.27525
1.26827
1.26516
1.26658
1.27191
1.27974
1.28857
1.29719
1.30473
1.3107
1.31491
1.31742
1.31844
1.31826
1.31719
1.31549
1.31339
1.31109
1.30873
1.30647
1.30444
1.30276
1.30153
1.30081
1.30063
1.30096
1.30176
1.30297
1.30452
1.30634
1.30836
1.31049
1.31266
1.31478
1.31678
1.3186
1.32021
1.32158
1.3227
1.32357
1.32421
1.32462
1.32478
1.32469
1.32431
1.32358
1.32246
1.32088
1.31881
1.31623
1.31319
1.30981
1.30629
1.30286
1.29975
1.29705
1.29474
1.29264
1.29058
1.28849
1.28651
1.28496
1.2843
1.2849
1.28696
1.29039
1.29489
1.30001
1.30528
1.31029
1.31473
1.31843
1.32132
1.32339
1.32471
1.32536
1.32547
1.32513
1.32443
1.32341
1.32204
1.32024
1.31787
1.31482
1.31108
1.30685
1.30257
1.29882
1.29607
1.29441
1.29339
1.29223
1.29019
1.28685
1.2823
1.27716
1.27254
1.26999
1.27102
1.27627
1.2849
1.29505
1.30486
1.3132
1.31964
1.32411
1.32666
1.32724
1.32578
1.3223
1.31709
1.31096
1.30523
1.30142
1.30045
1.30209
1.30515
1.30817
1.31022
1.31107
1.31103
1.31068
1.31055
1.31093
1.31184
1.31313
1.31454
1.31588
1.31701
1.31791
1.3186
1.31916
1.31967
1.3202
1.3208
1.32147
1.32219
1.32292
1.32362
1.32425
1.32479
1.32523
1.32556
1.32581
1.32596
1.32598
1.32578
1.32523
1.32414
1.3223
1.31948
1.31553
1.31042
1.30435
1.29778
1.29147
1.28632
1.28316
1.28246
1.28411
1.28749
1.29167
1.29583
1.29939
1.30207
1.30382
1.30473
1.30495
1.30472
1.30433
1.30409
1.3043
1.30512
1.30652
1.30828
1.31005
1.31142
1.31206
1.3117
1.31024
1.30773
1.30443
1.30076
1.29729
1.29459
1.29305
1.29275
1.29347
1.29483
1.29645
1.29803
1.29941
1.30051
1.3013
1.30175
1.30186
1.30165
1.3012
1.3006
1.29999
1.29946
1.29905
1.29871
1.29835
1.29782
1.29701
1.29588
1.29447
1.29295
1.2915
1.29037
1.28975
1.28972
1.29027
1.29124
1.29241
1.2935
1.29426
1.29451
1.29417
1.29332
1.29215
1.29091
1.28981
1.28897
1.28839
1.28802
1.28779
1.28772
1.28793
1.28854
1.28964
1.2912
1.29305
1.29492
1.29653
1.29765
1.2981
1.29779
1.29662
1.29452
1.29138
1.28708
1.28158
1.27494
1.26749
1.25989
1.25307
1.24804
1.24563
1.24617
1.24932
1.25429
1.26004
1.26563
1.27042
1.27412
1.27672
1.2784
1.27942
1.28004
1.28049
1.28092
1.28142
1.28198
1.28254
1.283
1.28323
1.2831
1.28251
1.28139
1.27971
1.27749
1.27478
1.27167
1.26826
1.26466
1.261
1.25741
1.25406
1.25112
1.24875
1.24711
1.24624
1.24617
1.24683
1.24813
1.24995
1.25212
1.25447
1.25682
1.25902
1.26096
1.26258
1.26386
1.26482
1.26549
1.26591
1.26611
1.26613
1.26598
1.2657
1.26528
1.26475
1.26411
1.26336
1.2625
1.26153
1.26045
1.25925
1.25793
1.25651
1.25498
1.25339
1.25177
1.25018
1.24866
1.24724
1.24592
1.24468
1.24346
1.24225
1.24111
1.24015
1.23959
1.23964
1.24042
1.24193
1.24399
1.24634
1.24871
1.2509
1.25276
1.25424
1.25531
1.25597
1.25622
1.25602
1.25533
1.25412
1.25241
1.25028
1.24797
1.24585
1.24436
1.24391
1.24468
1.24656
1.24919
1.25212
1.25492
1.25732
1.25921
1.26062
1.26165
1.26244
1.26312
1.26378
1.26446
1.26517
1.26589
1.26661
1.26729
1.26794
1.26858
1.26924
1.26993
1.27069
1.2715
1.27233
1.27315
1.27389
1.27449
1.2749
1.27506
1.27496
1.2746
1.27401
1.27325
1.27243
1.27166
1.27106
1.27075
1.27081
1.27124
1.27199
1.27296
1.27397
1.27487
1.27546
1.27555
1.27492
1.27332
1.2705
1.26622
1.26048
1.25376
1.24721
1.24259
1.24148
1.24435
1.25019
1.25721
1.26377
1.26896
1.27253
1.27462
1.27555
1.27567
1.27526
1.27457
1.27377
1.27301
1.27237
1.2719
1.27164
1.27158
1.2717
1.27197
1.27238
1.27287
1.27341
1.27398
1.27453
1.27502
1.27541
1.27563
1.27562
1.27531
1.27463
1.27351
1.2719
1.26976
1.26712
1.26405
1.26075
1.25745
1.25452
1.25227
1.25101
1.25088
1.25186
1.25379
1.25643
1.25952
1.26278
1.26601
1.26903
1.27173
1.27401
1.27584
1.27719
1.27807
1.2785
1.27852
1.27819
1.27755
1.2767
1.27572
1.27471
1.2738
1.27309
1.27268
1.27263
1.27297
1.27367
1.27469
1.27597
1.27743
1.279
1.28061
1.28223
1.2838
1.2853
1.2867
1.28795
1.28906
1.28998
1.29069
1.29119
1.29143
1.29138
1.29098
1.29012
1.28866
1.28643
1.28321
1.2788
1.27311
1.26627
1.25872
1.25136
1.24534
1.24176
1.24125
1.2437
1.24836
1.25422
1.26025
1.26552
1.26922
1.2708
1.27012
1.26781
1.26539
1.26481
1.26748
1.27331
1.28081
1.28812
1.29387
1.29746
1.29885
1.29824
1.29589
1.29206
1.28696
1.28082
1.27391
1.26655
1.25911
1.25192
1.2453
1.2395
1.23488
1.23194
1.23132
1.23342
1.23812
1.24457
1.25148
1.25763
1.26229
1.26529
1.26692
1.26771
1.26821
1.26882
1.26978
1.2711
1.27268
1.27436
1.27592
1.27718
1.27797
1.27816
1.27763
1.27631
1.27418
1.27126
1.26764
1.26349
1.2591
1.25482
1.25107
1.24824
1.24661
1.2463
1.24718
1.24896
1.25124
1.25365
1.2559
1.25782
1.25933
1.26046
1.26125
1.26182
1.26226
1.26267
1.26312
1.26365
1.26429
1.26504
1.26592
1.26691
1.268
1.26916
1.27035
1.27154
1.27265
1.27363
1.27444
1.27503
1.27539
1.27549
1.27534
1.27494
1.27431
1.27346
1.27243
1.27124
1.26993
1.26854
1.2671
1.26566
1.26425
1.26294
1.26175
1.26069
1.2597
1.25862
1.2571
1.25463
1.25058
1.24444
1.23638
1.22789
1.22204
1.22201
1.2288
1.24024
1.25277
1.26371
1.27197
1.27757
1.28102
1.28285
1.28351
1.28332
1.28249
1.28115
1.27939
1.27729
1.27492
1.27242
1.26994
1.2677
1.2659
1.26471
1.2642
1.26431
1.26485
1.26557
1.26618
1.26643
1.26614
1.26514
1.26331
1.26057
1.25683
1.25218
1.24692
1.24181
1.238
1.23672
1.23868
1.24359
1.25033
1.25751
1.26405
1.26939
1.27337
1.2761
1.27776
1.27858
1.2787
1.27828
1.27739
1.27609
1.27442
1.27239
1.27002
1.26729
1.2642
1.26071
1.25676
1.25228
1.2472
1.24146
1.23516
1.22858
1.22224
1.21678
1.21283
1.21075
1.21055
1.21197
1.21468
1.21834
1.22264
1.22729
1.23205
1.2367
1.24109
1.24512
1.24874
1.25192
1.25466
1.25694
1.2588
1.26024
1.2613
1.26198
1.2623
1.26225
1.2618
1.26093
1.25959
1.25777
1.25549
1.25282
1.24994
1.24706
1.24442
1.24215
1.24018
1.23816
1.23554
1.23166
1.22602
1.21848
1.20952
1.20036
1.19266
1.18793
1.18677
1.18878
1.19305
1.19894
1.20631
1.21507
1.22476
1.23446
1.24321
1.25038
1.25576
1.25946
1.26173
1.26287
1.26313
1.2627
1.26172
1.26028
1.25842
1.2562
1.25364
1.25081
1.24779
1.24468
1.24161
1.23866
1.23585
1.23316
1.23048
1.22772
1.22485
1.222
1.21946
1.21767
1.21704
1.21779
1.21988
1.22298
1.22663
1.23041
1.23401
1.23726
1.24011
1.24258
1.24474
1.24663
1.24834
1.24991
1.25138
1.25278
1.25413
1.25543
1.25669
1.25788
1.25896
1.25989
1.26055
1.26083
1.2605
1.25926
1.25669
1.25225
1.24543
1.23608
1.22504
1.21475
1.20875
1.20962
1.21681
1.22712
1.23711
1.2448
1.24972
1.25221
1.25295
