3.95338
0.722694
0.117547
1.43952
0.0760156
2.68935
6.08801
1.33216
0.790083
6.74086
-0.302425
-0.200359
54.7948
0.300506
29.0461
2.0649
15.1021
11461.8
29.3262
579.279
124.19
337.744
11782.1
11435
30.5828
2547.63
75.8959
179.536
6.10314e+08
90874.4
74.8019
1285.19
387930
203736
93.341
2927.63
7.62631
1.30565e+11
10949.1
1749.14
2290.12
100.262
1.60211e+06
1190.82
327.297
7864.62
83346
529.832
10391.9
1697.6
13680.1
1.21865e+06
5320.34
133850
1286.81
13253.8
1.05356e+10
4.83937e+07
136823
393.897
7.38501e+06
6279.34
202551
729197
441912
3.11411e+09
177487
612.503
3.23367e+18
46652.5
250272
5.4867e+07
43.6793
3939.25
487.881
170255
39720.3
21388.6
55745.1
66312.7
1447.12
543.608
547155
1310.4
3327.3
1.51448e+08
622.707
78394
1431.35
22967.5
1820.72
164.385
2061.5
1287.74
363.985
3.76801e+06
5.05413e+06
162508
51898.9
2.59823e+06
629.613
2.28282e+10
11326.1
40538.2
3091.47
1880.72
8035.94
19103
1.06413e+07
7521.22
413.588
8666.43
81179.7
2860.54
12926
62763.9
937.444
9.90038e+10
4869.86
42.9293
5.89186e+07
2.79988e+06
113.859
6.5544e+11
620.873
467.724
1.87993e+06
3214.05
2.01648e+06
1261.98
11376.4
1.41679e+08
538.57
1.96577e+08
39.7934
70.6219
6035.31
698.885
4.15209e+10
7.70238e+06
392400
872.214
421380
1.30218e+06
9651.18
1211.94
107.497
2628.55
1.30094e+06
48652.7
2435.8
2690.91
54475.4
4808.41
2.75803e+08
471.9
3.81977e+07
6187.1
62335.9
375.088
14986.1
60693.5
16774.6
127620
3.304e+06
56552.6
221.802
242.286
218480
650563
1090.02
1.48228e+08
1.675e+11
161.548
225.66
151122
200.562
1840.57
137.633
27933.5
1748.95
3.27984e+09
4.36013e+11
4.06234e+09
8911.79
30236.6
74481.4
66232.2
444423
5023.36
10690.4
22870.5
42916.6
6.97625e+06
2.24329e+09
22.83
1.675e+06
108187
37995.4
121.279
19742.7
2.77001e+11
1.39022e+06
3.6704e+06
1274.08
22288.1
554.563
1005.07
2.05399e+08
1.32378e+07
30494.1
2.22419e+06
587099
10204.7
90935.5
138.432
618.534
431641
1.80514e+06
26927.4
2.34162e+11
745346
11.5355
5.23045e+07
162.342
345146
23549.3
84740.3
5.67318e+07
499.774
381.806
994.986
153198
1.52374e+07
22408.9
154576
1.02004e+07
2291.26
2339.28
33.5772
3184.88
6.10586e+06
3.35334e+07
4.27234e+06
2334.46
1.15107e+06
379.029
400052
454.659
68993.9
147146
94894.1
8363.01
6853.39
2.70847e+06
29704.5
1.86546e+07
827.102
758.969
1380.07
3700.67
39516.6
347.027
13418.4
917.065
837256
35491.4
2849.1
992.803
551411
67510.3
501.57
1.36309e+06
3.00539e+07
2.32874e+07
1602.4
353.999
692757
1.83126e+06
1377.56
254.883
1765.26
3387.97
140094
716629
7166.17
63377.3
3063.76
14.9624
499.993
760.801
144.342
128178
8159.35
5878.01
802.66
818.318
21.9299
4452.72
2068.8
818.722
1.17166e+06
47079.4
56.2849
4510.87
3.91161e+06
74.2826
389167
36.6824
2808.46
370724
1453.25
727.533
2.14754e+08
3483.64
1.32213e+11
238170
5.86617e+09
159854
27240.3
92338.9
387.505
24969.6
177.197
293.744
1.01314e+07
122.868
55909.6
7608.29
140.466
185.264
6471.51
10992.2
316.393
41.2748
15500.4
1.06832e+07
3.0682e+08
1.05476e+06
1.19646e+09
558921
12507.5
4459.15
1.38113e+07
49790.8
1022.49
916.04
36.8657
64.2652
49471.2
1197.01
16.8264
89041.3
10710.2
115.675
17174.5
388.858
839.081
100093
10472
257006
480.245
181637
2305.14
344259
579587
544.94
947045
107089
204274
1554.15
684017
247.079
99.6635
1000.77
9498.2
13070.6
2639.67
272910
178150
1453.75
66085
116.452
7195.78
3.6937e+06
168.598
175.861
358.353
2806.3
45227.6
716.129
254214
2562.49
339.882
221938
1.03413e+07
550.835
7.41868
14.548
95.8068
50730.7
348.15
6404.17
97024.3
15.3118
1048.41
1912.36
2709.55
11428.2
127.668
581.136
3989.01
493391
35645.4
3652.63
124232
54.7346
1.23068e+07
651225
35518.1
4.08408e+07
51.0598
4274.2
1407.95
8108.01
574.096
191.444
0.57499
15957
114941
2.73359e+06
494.442
5538.79
28308.7
7512.62
402.831
3604.36
943.696
3974.25
7.41147e+06
1.07732e+06
26538.5
645654
188488
171033
1.06494e+07
297877
7.11011e+06
1073.99
5680.14
4620.91
1.01097e+06
2609.28
226.127
3809.45
7478.68
1224.31
45.0664
19725.4
14828.2
6.04288e+07
391.922
101.568
521171
4667.14
10034.1
109.965
13091.4
7.06342e+07
3949.14
438.536
7221.82
256662
1.51886e+06
517.047
1.99329e+12
162.304
1191.38
2.91147e+08
504.276
65281.7
46809.4
85.7758
43.9955
49.4013
319356
19322.7
63416.9
1.24447e+06
256.198
14247.3
2.55394e+06
3.57951e+07
6.22087e+09
656.418
14.9363
3.77145e+06
128095
22445.1
1502.07
682.706
9672.9
2.87454e+07
144502
14925.1
86776.3
743.633
266821
2.51822e+07
71.084
39152.3
4825.66
6232.21
7.20601e+09
50.3711
27710.4
3.59585e+06
906.597
2891.32
20.0742
80731.2
6.9723e+07
49369.9
361893
2279.65
8690.74
2.79721e+08
31801.3
4.71883e+06
2.52966e+13
7.29862e+08
14977.5
221.791
584.365
21003.6
2530.6
1.46406e+19
66446.4
79539.9
71.6562
171799
5.19535e+06
19081.2
37.8742
326365
64.1949
2524.59
626.074
54651.7
3148.06
3547.41
9.86321e+06
1334.53
7.58014e+06
47816.3
4.2393e+06
7.08529e+09
3.76288e+11
23890.8
2.32216e+06
716.749
3007.92
3.28027e+06
76526.9
78102
62736.5
2463.82
119.075
406187
8356.27
116.375
957.503
478983
1339.62
3.18617e+08
1.40023e+07
137896
291.893
95584.1
3.99779e+06
1405.83
97.5734
3583.41
3800.82
6493.05
2.42982e+06
28.3126
23.3212
10683.3
9367.27
3418.41
93832.5
30.4168
26267.3
1.25888e+06
30003.3
434.183
17.4125
3.82475e+07
66.1048
2.9906e+06
1971.04
65967.2
3.12316e+06
5.43955e+06
74188
3.94195e+07
1.73055e+09
46.2239
209726
7727.14
60661.4
21236
7054.41
1883.38
20462.9
96954.6
252724
110350
7275.94
653.426
87485.8
3.71485e+07
3907.36
1.04636e+06
3.9307e+06
1361.53
77.7368
17086.6
47.2396
719.129
175.835
10683.5
41.5315
83.5103
16655.5
15688
5282.71
7846.69
2087.31
14308
55374.8
1.09002e+06
178.053
325.674
5521.04
675.441
33384.2
1508.28
5.55031e+08
4.89201e+07
1734.41
278.901
179423
376.4
14469.3
961.179
208.03
35.1009
357.868
6.30521e+07
342.475
39980.9
1414.24
33.2276
2.20745e+06
5462.88
3550.74
8052.69
1.06983e+06
58496.8
1.17157e+08
1.57193e+09
23401.6
84.939
569.204
533.863
2467.48
13138.4
1.69599e+06
1184.56
3.07094e+07
144482
49.8622
496.605
6563.04
938.603
11300.6
47004.8
1.92061e+08
312115
59824
13734.9
9410.79
2.73318e+09
207412
120803
1.22144e+06
8057.09
3.8658e+06
12449.5
17539
267.714
377961
3802.34
219757
15987.4
95.0284
421384
4.29588e+06
5660.05
10503.5
2430.71
5.00593e+08
1147.93
884.718
45576.2
3.48791e+06
2135.23
3269.74
5875.1
45140.4
224.219
4020.87
3850.2
7.61702e+06
15560.6
256882
599.956
3.83347e+06
95.2976
1.0154e+07
185.626
54926.7
269.345
2549.63
32.9821
316.91
41.8539
4.0274
24326.1
722.773
315.424
841558
3.75457e+06
1428.96
6.78144e+07
7.37655e+06
5124.16
7.3087e+06
5.35875e+09
540.466
2644.73
14586.8
367.947
76818.6
1.76217e+09
32294.2
10641.6
63.982
3454.08
2770.97
9.31562e+09
7722.27
613.082
1.15454e+06
3.76901e+08
1.25502e+08
382211
6516.21
55296.6
23.1772
244509
46966.5
604.359
77859.8
927720
6080.35
14361.6
572.037
9319.23
808.003
2.06089e+06
1.65407e+06
2.74287e+06
245188
1205.71
1.56006e+09
72.2251
8.83118
60632.3
1514.99
7024.87
2.08229e+06
28.9049
2779.85
2.34701e+06
30577.9
210.232
9037.92
3.97502e+06
1.1088e+10
4.27983e+08
3099.81
704.874
74625.8
144.549
61772.3
851.149
24.0132
980.938
207.214
3282.82
458.283
287.863
107954
49542.2
3.23215e+06
1.37179e+13
2.18937e+10
656177
91849.7
77767.8
54.9267
2.30684e+11
124.062
201.941
4500.37
1.3098e+09
1196.85
260501
8679.13
3.7947e+07
21.215
1.79972e+08
50520.7
733.021
2.36455e+06
14940.9
1229.91
44.8393
7748.35
6527.24
1045.82
90601.7
15515.8
532919
3.23611e+08
182947
11709.6
53018.3
6516.41
1.28647e+06
4101.25
140.924
57181.5
424.667
18700.2
793.186
630.912
1.91373e+06
1.78633e+06
362.344
473505
686.951
308476
1208.54
5659.07
2140.93
295.646
120956
191074
20513.5
3368.01
79736.9
2952.4
757.307
52.2797
4.75383e+10
673484
8.9281e+06
46.7108
127.015
2716.86
11939.1
24983.2
216.522
1.21567e+06
7.4683e+06
6214.68
15185
9335.99
450.819
24187.6
6.17047e+11
34.321
43571.5
8071.99
30989.4
227598
6353.51
151057
285.62
976.792
89.3921
6087.77
7772.75
43615.6
1353.59
45076.7
4235.82
11225.3
4632.7
591180
2654.78
1.71536e+07
1.4111e+06
58286
723840
476.262
12790.1
13022
490.848
4.06254e+07
72608.2
457.173
188.14
122119
145951
1955.11
8720.97
108769
273920
100.452
5177.82
2.20333e+06
3116.03
141577
28961.7
4.44478e+10
6627.93
82.5902
57004.3
2870.78
8525.72
36967.8
7582.94
1114.65
9.33086e+09
472070
445291
49384.6
3355.81
2090.85
897.178
226433
2.51648e+07
1785
45.172
3305.78
143.937
49481.4
1821.76
1.86093e+07
4090.89
2.37895e+09
34513.8
26706.8
1098.02
1.95941e+07
8.24369e+07
2750.31
1.54778e+08
27908.2
22401.6
601.859
4431.59
28.2254
567.541
228.039
5.17159e+08
19787.1
1.32821e+06
35086.8
551.938
1065.64
853955
12.9979
19258
13.6921
7628.2
1.27153e+06
1547
152.454
415194
128.65
4615.64
6964.03
2929.6
5.20318e+09
