8.1005
7.98235
7.89477
7.83606
7.82772
7.87324
7.96665
8.09921
8.2673
8.44174
8.60503
8.74619
8.84689
8.89505
8.88729
8.82327
8.72139
8.59418
8.45595
8.32498
8.21069
8.11305
8.05542
8.02364
8.02267
8.04985
8.09669
8.15799
8.23629
8.32504
8.41367
8.50076
8.58244
8.64004
8.67686
8.69654
8.70126
8.70105
8.69914
8.71106
8.74944
8.79742
8.84118
8.87877
8.88581
8.86738
8.81891
8.74396
8.65949
8.55657
8.4368
8.3039
8.16314
8.02942
7.92231
7.8648
7.86317
7.91592
8.01427
8.1452
8.2938
8.4427
8.56624
8.65388
8.69964
8.70624
8.6715
8.60494
8.52361
8.43362
8.33715
8.25026
8.17593
8.10646
8.05438
8.02511
8.03685
8.08781
8.17716
8.28584
8.4022
8.51845
8.62194
8.70979
8.78055
8.83696
8.86175
8.8615
8.83118
8.77637
8.70165
8.62324
8.55538
8.50606
8.47544
8.45116
8.42972
8.40147
8.36567
8.32202
8.27629
8.22881
8.17869
8.12497
8.07158
8.02505
7.98505
7.95399
7.93926
7.94448
7.96664
8.00601
8.05558
8.10979
8.16308
8.23193
8.29581
8.35746
8.41511
8.46916
8.5212
8.5662
8.60127
8.62693
8.64946
8.66358
8.67791
8.67549
8.65854
8.62825
8.5949
8.5732
8.57946
8.61983
8.68957
8.78102
8.87422
8.94646
8.97691
8.95949
8.89033
8.77697
8.63046
8.46214
8.28459
8.11893
7.98334
7.89798
7.87424
7.91366
8.01431
8.14702
8.29367
8.42642
8.53348
8.59603
8.61684
8.60267
8.56421
8.52037
8.49118
8.48339
8.49725
8.53905
8.57697
8.59777
8.58462
8.53329
8.44819
8.34999
8.2525
8.17953
8.13163
8.11145
8.1103
8.12353
8.13142
8.13339
8.12224
8.09913
8.06793
8.0249
7.97237
7.91791
7.87026
7.84616
7.84811
7.88025
7.9494
8.06432
8.21311
8.3846
8.55683
8.70487
8.79618
8.8337
8.82013
8.75505
8.65729
8.54532
8.42546
8.31039
8.21279
8.13246
8.07785
8.05785
8.07071
8.11447
8.18247
8.25826
8.33558
8.41465
8.48508
8.54773
8.60722
8.65322
8.6778
8.67381
8.63229
8.54665
8.42039
8.27802
8.13644
8.01806
7.94213
7.91345
7.93305
7.99856
8.10633
8.24865
8.41702
8.6049
8.79338
8.95298
9.06421
9.12251
9.11223
9.03889
8.91737
8.74727
8.56499
8.37884
8.21681
8.09055
7.9949
7.94669
7.92292
7.92881
7.94383
7.96756
7.98561
8.00296
8.02097
8.04927
8.09079
8.14117
8.19349
8.23222
8.25374
8.23602
8.19135
8.12454
8.0492
7.98259
7.95347
7.96656
8.03904
8.1587
8.30936
8.46309
8.59121
8.6761
8.7173
8.72671
8.7221
8.71603
8.72607
8.74353
8.76506
8.79528
8.82092
8.84301
8.85715
8.85423
8.83624
8.78737
8.72489
8.65128
8.56974
8.49065
8.41185
8.33942
8.27288
8.23852
8.2367
8.25773
8.28784
8.30535
8.30704
8.28504
8.25578
8.22557
8.21003
8.21196
8.23357
8.26262
8.27991
8.27371
8.22821
8.14478
8.02901
7.89761
7.77079
7.67869
7.63435
7.656
7.7505
7.91043
8.10307
8.30384
8.48395
8.62879
8.73284
8.79348
8.80983
8.77616
8.69335
8.56319
8.39464
8.2161
8.0637
7.96084
7.92277
7.95023
8.04475
8.18479
8.36322
8.55458
8.74215
8.91167
9.04611
9.13981
9.18439
9.16243
9.06526
8.92341
8.74746
8.55023
8.36232
8.18745
8.04809
7.94416
7.87632
7.84859
7.85972
7.89476
7.97032
8.07548
8.21169
8.37202
8.54313
8.7019
8.84574
8.94714
9.01156
9.03967
9.04946
9.03649
9.00244
8.93805
8.83777
8.70467
8.54067
8.37427
8.21746
8.08544
7.99776
7.94443
7.94736
7.98577
8.04977
8.1192
8.18185
8.24138
8.28306
8.31327
8.34311
8.37629
8.42053
8.46726
8.49732
8.4928
8.43182
8.31755
8.16003
7.98618
7.8069
7.65991
7.55114
7.50745
7.54786
7.6521
7.81602
8.00551
8.20133
8.39138
8.58708
8.78081
8.9765
9.16821
9.34127
9.47216
9.54553
9.55239
9.48842
9.34826
9.1573
8.9261
8.68229
8.44213
8.22467
8.0466
7.91195
7.81975
7.76164
7.73981
7.74014
7.75227
7.76904
7.78601
7.818
7.86338
7.93079
8.02684
8.13912
8.25833
8.36896
8.4599
8.5286
8.57297
8.59649
8.59839
8.59476
8.58373
8.56776
8.54133
8.50215
8.44841
8.38197
8.30927
8.23856
8.17317
8.1265
8.10287
8.10405
8.12362
8.15516
8.18875
8.22602
8.26027
8.29373
8.33516
8.37401
8.40832
8.43617
8.45235
8.44852
8.43413
8.41102
8.38789
8.37503
8.39551
8.45387
8.54027
8.65328
8.77502
8.88875
8.97678
9.03126
9.06172
9.07354
9.0721
9.06677
9.04133
8.99498
8.92328
8.81517
8.67635
8.5013
8.30254
8.08922
7.9006
7.75849
7.68124
7.68423
7.76065
7.89843
8.0773
8.2705
8.44742
8.57917
8.6555
8.67488
8.6476
8.58431
8.50206
8.4112
8.31984
8.23755
8.16558
8.11036
8.07419
8.05776
8.04282
8.03321
8.02946
8.03965
8.05921
8.07908
8.09711
8.11063
8.11867
8.11974
8.12521
8.13042
8.14851
8.18053
8.23418
8.30422
8.38512
8.46959
8.54662
8.61379
8.6554
8.67703
8.68035
8.67529
8.66663
8.65962
8.65444
8.65683
8.65602
8.65503
8.6512
8.63516
8.62022
8.59758
8.57742
8.55594
8.53131
8.50128
8.46799
8.42598
8.37885
8.32524
8.27203
8.24161
8.23067
8.25449
8.30488
8.37544
8.44739
8.51605
8.57753
8.63281
8.68459
8.71659
8.71898
8.69053
8.63367
8.56234
8.49042
8.44371
8.42098
8.42087
8.42186
8.40795
8.36054
8.28221
8.19632
8.1132
8.06917
8.06699
8.10201
8.15596
8.21238
8.26208
8.29406
8.31384
8.33983
8.37982
8.43704
8.50469
8.57107
8.63026
8.66581
8.67476
8.65384
8.61165
8.55508
8.49579
8.43619
8.37692
8.31926
8.26988
8.22162
8.1894
8.18057
8.20581
8.26871
8.35651
8.46917
8.59563
8.70367
8.7631
8.72706
8.584
8.35945
8.1011
7.87118
7.70213
7.62129
7.62319
7.68955
7.81331
7.96042
8.10142
8.22249
8.30995
8.36157
8.37259
8.35326
8.31774
8.27667
8.25201
8.25904
8.30808
8.39573
8.51391
8.64884
8.78136
8.88976
8.95671
8.97582
8.95983
8.91278
8.84474
8.77903
8.72376
8.68846
8.67637
8.6836
8.70687
8.7431
8.77068
8.78266
8.76694
8.71942
8.64958
8.56664
8.48862
8.41318
8.33467
8.25819
8.16389
8.06427
7.97734
7.89548
7.8355
7.80809
7.80874
7.83225
7.86616
7.90455
7.92322
7.93441
7.92919
7.92256
7.93075
7.96313
8.02544
8.11882
8.24148
8.37058
8.48926
8.58145
8.62407
8.61704
8.55437
8.45252
8.32703
8.20876
8.10729
8.0462
8.03442
8.06483
8.12975
8.2158
8.3199
8.43006
8.53608
8.63224
8.71466
8.77254
8.80077
8.79573
8.75506
8.69051
8.60993
8.53176
8.46687
8.42341
8.39088
8.37954
8.37942
8.37966
8.37934
8.36686
8.336
8.29198
8.24761
8.21076
8.18901
8.1908
8.21931
8.27879
8.35393
8.4315
8.504
8.57253
8.64028
8.70378
8.74226
8.74151
8.69765
8.60137
8.47319
8.32408
8.17908
8.07473
8.022
8.01827
8.06699
8.15317
8.25415
8.33809
8.38305
8.37451
8.31975
8.23618
8.13701
8.04527
7.96585
7.90784
7.87552
7.86769
7.88713
7.92799
7.98592
8.05583
8.13708
8.22673
8.30763
8.39918
8.5053
8.62518
8.74835
8.87709
8.99387
9.07836
9.11415
9.08751
8.99937
8.85856
8.68582
8.5025
8.34036
8.21396
8.13382
8.09898
8.11455
8.16692
8.24851
8.33948
8.43716
8.52334
8.58598
8.62505
8.63672
8.62385
8.59216
8.54092
8.47896
8.4124
8.33823
8.26604
8.20807
8.17713
8.16914
8.19613
8.2474
8.32103
8.40765
8.51094
8.62458
8.7528
8.88094
9.01134
9.12193
9.19591
9.2122
9.15881
9.03101
8.8301
8.57127
8.29577
8.02939
7.80578
7.6473
7.56564
7.55843
7.61083
7.70391
7.80179
7.87826
7.91379
7.89946
7.8548
7.78852
7.7177
7.6588
7.62554
7.61934
7.64115
7.68491
7.74216
7.81584
7.9042
8.01099
8.14235
8.29539
8.4763
8.66919
8.85562
9.02328
9.15444
9.22818
9.24736
9.22406
9.17335
9.1204
9.08921
9.09408
9.1341
9.19633
9.25184
9.26733
9.23346
9.13753
8.98906
8.80594
8.61471
8.42892
8.27109
8.15598
8.07675
8.04636
8.05363
8.07538
8.10703
8.13894
8.1722
8.20681
8.23623
8.25294
8.24976
8.22943
8.19908
8.16797
8.14432
8.14057
8.15523
8.18508
8.2177
8.26475
8.31747
8.36831
8.41879
8.45492
8.46868
8.44864
8.38776
8.28647
8.16043
8.01594
7.86726
7.74571
7.66353
7.61295
7.60265
7.63286
7.69553
7.78228
7.88705
8.01424
8.16185
8.31811
8.48024
8.6247
8.74437
8.82829
8.87533
8.89419
8.88568
8.86336
8.82133
8.76575
8.69239
8.61518
8.54778
8.5184
8.53344
8.6065
8.73292
8.88427
9.03887
9.17354
9.25924
9.29413
9.26686
9.18034
9.05925
8.90841
8.75147
8.60791
8.47871
8.36036
8.25503
8.15145
8.03761
7.92186
7.82198
7.74647
7.70698
7.7047
7.72773
7.77841
7.85448
7.94817
8.05625
8.17416
8.28947
8.40246
8.50794
8.59024
8.63026
8.62984
8.57476
8.4691
8.32569
8.17707
8.05036
7.94986
7.90045
7.90784
7.96853
8.07518
8.21846
8.37549
8.51949
8.63037
8.70204
8.72267
8.69333
8.61876
8.52479
8.43058
8.35612
8.30501
8.28513
8.29414
8.32239
8.37107
8.43776
8.50979
8.57585
8.63611
8.6701
8.66938
8.63449
8.57283
8.47831
8.36045
8.23912
8.10805
7.98481
7.87671
7.79774
7.74736
7.74555
7.79149
7.89148
8.03077
8.21375
8.4254
8.6471
8.85355
9.02451
9.14464
9.19871
9.18753
9.11205
8.99021
8.84488
8.69986
8.55753
8.44556
8.35907
8.30218
8.28029
8.27435
8.28035
8.30157
8.32092
8.34796
8.3772
8.41047
8.4502
8.47908
8.49864
8.4941
8.47442
8.43817
8.39085
8.34193
8.30305
8.27712
8.26868
8.27235
8.28699
8.31668
8.37087
8.4465
8.53697
8.64265
8.7475
8.84685
8.92708
8.97884
8.99953
8.99359
8.95334
8.88024
8.76184
8.60556
8.42229
8.23188
8.06494
7.93105
7.84353
7.79875
7.79075
7.81447
7.85937
7.92217
7.99499
8.07987
8.17817
8.28594
8.39929
8.5195
8.63739
8.74776
8.84351
8.91065
8.94335
8.94759
8.91579
8.85303
8.75625
8.62906
8.47698
8.32022
8.16207
8.01521
7.88066
7.76418
7.67324
7.60555
7.57718
7.58948
7.64765
7.73755
7.84945
7.97697
8.12514
8.26824
8.42163
8.55742
8.6617
8.72829
8.74704
8.71116
8.62634
8.50322
8.35687
8.19558
8.04302
7.91656
7.82847
7.79515
7.81733
7.89154
8.01985
8.18509
8.37644
8.56432
8.72733
8.84634
8.90862
8.90182
8.84223
8.75032
8.6419
8.53874
8.44581
8.37328
8.31963
8.29544
8.29862
8.33477
8.39137
8.46859
8.56026
8.66809
8.77478
8.85328
8.88031
8.85119
8.78222
8.6985
8.6255
8.57359
8.54568
8.52198
8.4848
8.41612
8.31576
8.20873
8.11705
8.06476
8.06814
8.10973
8.17551
8.23562
8.27387
8.27803
8.25448
8.19257
8.10912
8.02001
7.92047
7.84018
7.78425
7.76933
7.79567
7.86089
7.95095
8.05199
8.14762
8.21739
8.26362
8.28732
8.29074
8.2835
8.28027
8.27973
8.29858
8.34372
8.41032
8.49021
8.57575
8.6438
8.69192
8.70972
8.69571
8.66139
8.60956
8.54957
8.47818
8.39294
8.30574
8.2288
8.16459
8.1212
8.10856
8.12402
8.17438
8.25424
8.35567
8.45056
8.52077
8.55891
8.55715
8.52608
8.47957
8.43516
8.40459
8.39996
8.41924
8.45824
8.4982
8.52513
8.53255
8.50997
8.44981
8.36995
8.29507
8.24223
8.24082
8.28011
8.3479
8.41448
8.45665
8.45931
8.43571
8.374
8.30853
8.24924
8.20286
8.18055
8.18012
8.18574
8.19649
8.19329
8.18197
8.16407
8.14674
8.13348
8.154
8.202
8.28863
8.41481
8.56257
8.72057
8.85667
8.94844
8.9829
8.95047
8.85213
8.70593
8.53426
8.35102
8.17867
8.03189
7.92268
7.85558
7.83725
7.8676
7.94634
8.0633
8.20472
8.35207
8.48972
8.61328
8.70748
8.78025
8.82301
8.85333
8.86881
8.88591
8.89651
8.90215
8.90387
8.88695
8.84584
8.77613
8.6783
8.56315
8.44223
8.3364
8.25944
8.22604
8.22877
8.27552
8.353
8.44207
8.51946
8.57289
8.58922
8.57004
8.52264
8.45465
8.38577
8.32358
8.28
8.25756
8.25243
8.24672
8.23037
8.18678
8.12382
8.05823
8.00382
7.97902
7.97758
8.00279
8.05889
8.12441
8.18103
8.21936
8.23761
8.23694
8.22334
8.21234
8.21037
8.21361
8.22395
8.24536
8.27181
8.28949
8.2876
8.27191
8.25019
8.23142
8.225
8.25065
8.30277
8.37929
8.47896
8.58154
8.68492
8.76658
8.81848
8.84023
8.83483
8.81703
8.79285
8.77407
8.76148
8.74515
8.72057
8.67907
8.62085
8.55334
8.48996
8.43838
8.41564
8.42906
8.47264
8.53815
8.59964
8.64714
8.66094
8.64415
8.59486
8.52124
8.43171
8.33156
8.23322
8.14075
8.06686
8.01233
7.97046
7.94411
7.92793
7.91853
7.91336
7.91262
7.91638
7.93103
7.95971
8.01985
8.10859
8.24138
8.39929
8.58077
8.75567
8.90145
8.99571
9.02676
8.99137
8.91379
8.80647
8.69185
8.5905
8.50267
8.44662
8.40998
8.39324
8.38627
8.38479
8.37767
8.3582
8.32123
8.2621
8.18355
8.10314
8.03906
8.00147
8.00799
8.06392
8.16175
8.2761
8.38071
8.44937
8.47379
8.45477
8.41045
8.3593
8.32618
8.32288
8.34953
8.40453
8.47044
8.51195
8.51779
8.46314
8.35636
8.21224
8.06253
7.9174
7.80888
7.74221
7.71086
7.71077
7.7264
7.74214
7.75726
7.77949
7.82859
7.90673
8.00729
8.12744
8.26401
8.39782
8.53536
8.65773
8.76387
8.84612
8.90934
8.9645
9.00784
9.04464
9.07591
9.09596
9.10341
9.09337
9.07481
9.05776
9.04533
9.03789
9.02479
8.98893
8.92006
8.80033
8.63953
8.44733
8.23792
8.04733
7.9016
7.81646
7.79791
7.84541
7.93832
8.04443
8.16489
8.27179
8.3672
8.43771
8.46097
8.44816
8.38211
8.29086
8.18845
8.10868
8.05918
8.0542
8.08799
8.14567
8.21531
8.2736
8.31972
8.33471
8.32863
8.3132
8.29649
8.3006
8.33151
8.38729
8.45952
8.54341
8.60493
8.63797
8.62879
8.58388
8.50586
8.39496
8.28309
8.17873
8.09955
8.05166
8.04604
8.08218
8.1503
8.24214
8.34022
8.42579
8.47442
8.4734
8.42472
8.33727
8.24954
8.18499
8.15682
8.18369
8.26837
8.40284
8.57136
8.73856
8.87641
8.96384
8.99531
8.96488
8.89961
8.82125
8.73844
8.65776
8.587
8.51945
8.45173
8.38326
8.31469
8.24087
8.17257
8.12805
8.10945
8.11701
8.14268
8.1729
8.18154
8.17404
8.14265
8.10921
8.08539
8.08459
8.11275
8.15776
8.19891
8.23327
8.24023
8.23465
8.19696
8.13992
8.0706
8.01129
7.97326
7.97197
8.01491
8.09805
8.21621
8.35174
8.48874
8.62364
8.75285
8.8594
8.9494
9.00481
9.01238
8.96333
8.8691
8.75035
8.62677
8.51015
8.41448
8.33565
8.27335
8.22356
8.17544
8.13015
8.09749
8.06171
8.05262
8.07288
8.13691
8.22989
8.34411
8.46384
8.57323
8.65349
8.69439
8.70058
8.68167
8.65269
8.62745
8.61932
8.62854
8.66069
8.70252
8.74844
8.78986
8.80276
8.78467
8.73629
8.66903
8.58358
8.50336
8.42929
8.36425
8.3112
8.26075
8.19911
8.1362
8.04822
7.93762
7.82012
7.70314
7.60798
7.54766
7.54157
7.58939
7.68032
7.80881
7.95124
8.08049
8.18283
8.24878
8.28314
8.30499
8.33111
8.37465
8.43805
8.52499
8.61179
8.69303
8.74752
8.76647
8.74933
8.69449
8.61206
8.52566
8.44496
8.37306
8.32522
8.30557
8.3087
8.3369
8.38167
8.43521
8.48896
8.52829
8.55672
8.58126
8.58974
8.57955
8.55006
8.50317
8.44516
8.38367
8.33824
8.31212
8.32083
8.37211
8.45519
8.56695
8.6901
8.80343
8.88556
8.92204
8.91264
8.85918
8.77493
8.66503
8.54494
8.43029
8.33784
8.27595
8.25681
8.28042
8.34248
8.4189
8.5057
8.59069
8.6409
8.64558
8.59586
8.49674
8.3581
8.20375
8.04932
7.90941
7.80167
7.73057
7.70652
7.73398
7.8054
7.9137
8.04024
8.16756
8.28297
8.38321
8.45552
8.50503
8.53425
8.54409
8.54062
8.52547
8.50787
8.49066
8.48884
8.50205
8.53139
8.56682
8.59691
8.60254
8.59089
8.56114
8.51794
8.4725
8.41983
8.37258
8.3276
8.29342
8.27657
8.27861
8.30286
8.34896
8.39917
8.443
8.45263
8.43842
8.39096
8.3411
8.303
8.30263
8.34806
8.42233
8.51315
8.59546
8.6403
8.63487
8.58351
8.50377
8.42116
8.35203
8.30682
8.28729
8.29117
8.30598
8.3327
8.36342
8.39894
8.42673
8.44846
8.46979
8.48368
8.49747
8.51973
8.54461
8.57393
8.59981
8.61256
8.60111
8.55828
8.48891
8.39773
8.30982
8.23672
8.1792
8.15861
8.15701
8.17991
8.21525
8.25516
8.29135
8.32619
8.35192
8.3718
8.3755
8.36568
8.34287
8.30504
8.26316
8.21657
8.17407
8.13014
8.09333
8.06671
8.05033
8.05032
8.06711
8.08703
8.105
8.11958
8.13718
8.17339
8.23259
8.31643
8.41108
8.49591
8.56119
8.57917
8.56649
8.52272
8.47183
8.4109
8.35133
8.2948
8.23119
8.15997
8.08
8.00384
7.93932
7.9049
7.91444
7.97053
8.0773
8.21415
8.38463
8.55004
8.7018
8.82866
8.92524
8.97534
8.98735
8.95859
8.90187
8.81702
8.7272
8.62812
8.5395
8.46156
8.40209
8.35065
8.31293
8.27653
8.25152
8.23744
8.23672
8.25263
8.29013
8.34355
8.40591
8.45986
8.51436
8.55257
8.5898
8.62695
8.66556
8.7108
8.75031
8.76907
8.75605
8.70182
8.60671
8.46365
8.28866
8.10496
7.93468
7.80886
7.7309
7.70429
7.72115
7.77473
7.86417
7.98116
8.11725
8.25422
8.38029
8.49201
8.57901
8.62399
8.629
8.58816
8.50271
8.4019
8.30369
8.24158
8.21713
8.22878
8.27112
8.3177
8.36022
8.38418
8.39208
8.38871
8.38066
8.37109
8.36954
8.3683
8.38548
8.4072
8.44681
8.49881
8.56365
8.61546
8.66107
8.67683
8.67257
8.65606
8.62879
8.59442
8.54133
8.45513
8.34732
8.22928
8.1282
8.05201
8.01272
8.01262
8.04302
8.10196
8.17303
8.24611
8.3061
8.33917
8.3457
8.33699
8.31495
8.31004
8.32738
8.37001
8.43964
8.52036
8.59882
8.65602
8.67861
8.66737
8.61894
8.53809
8.44139
8.33718
8.24617
8.17176
8.12532
8.1063
8.12549
8.18592
8.28915
8.42251
8.57694
8.72061
8.83217
8.8945
8.88862
8.82363
8.70778
8.56719
8.42375
8.30108
8.20473
8.15035
8.13211
8.15733
8.21314
8.29725
8.39567
8.49202
8.56174
8.59859
8.59398
8.56284
8.50169
8.41625
8.31283
8.21514
8.13031
8.06757
8.02907
8.01947
8.03673
8.07509
8.13816
8.21922
8.30933
8.39999
8.48002
8.54597
8.58325
8.58682
8.53541
8.43494
8.30184
8.15666
8.02969
7.95868
7.95065
8.01685
8.14179
8.31284
8.50934
8.69158
8.85752
8.97872
9.05326
9.07121
9.04024
8.94408
8.80077
8.63104
8.4587
8.30728
8.20563
8.16117
8.17661
8.22515
8.28848
8.34435
8.37926
8.38438
8.35085
8.28758
8.19575
8.10165
8.00678
7.91723
7.85985
7.83915
7.86777
7.94125
8.06569
8.21695
8.3801
8.53082
8.63215
8.67807
8.65823
8.58004
8.46938
8.33883
8.22253
8.14324
8.11223
8.12581
8.17485
8.25141
8.33386
8.41767
8.49487
8.55805
8.61946
8.68008
8.74211
8.81289
8.87284
8.91497
8.92693
8.8928
8.80466
8.6756
8.52784
8.38149
8.25532
8.16642
8.1146
8.1087
8.14559
8.21118
8.29892
8.38352
8.47024
8.55747
8.65047
8.73998
8.81688
8.86861
8.88112
8.84549
8.75887
8.63694
8.4854
8.33188
8.17753
8.04452
7.93631
7.85465
7.80063
7.78158
7.78685
7.81753
7.87838
7.95677
8.04725
8.14011
8.22858
8.29704
8.34552
8.36918
8.36899
8.34955
8.31489
8.26237
8.20986
8.15812
8.11771
8.09597
8.10293
8.15054
8.23111
8.34886
8.49891
8.6741
8.86695
9.05693
9.21698
9.32183
9.34751
9.27795
9.12249
8.90075
8.65522
8.41831
8.22744
8.09148
8.02614
8.02224
8.06761
8.15738
8.28437
8.42915
8.57545
8.69391
8.75494
8.75272
8.67783
8.5334
8.34094
8.13496
7.94181
7.78678
7.69393
7.67629
7.7291
7.82461
7.96421
8.11458
8.26744
8.39836
8.50132
8.57464
8.61113
8.61717
8.57256
8.48982
8.36208
8.21205
8.05587
7.91066
7.79922
7.73328
7.722
7.77038
7.87067
8.02418
8.21783
8.42864
8.63594
8.81759
8.93968
8.98724
8.96104
8.86917
8.73719
8.58728
8.44149
8.32003
8.22945
8.17465
8.13896
8.12846
8.13315
8.14651
8.16518
8.19107
8.20936
8.22354
8.2386
8.26552
8.30114
8.34048
8.38656
8.42655
8.4506
8.44552
8.42588
8.40113
8.39027
8.41471
8.47906
8.58617
8.70993
8.83659
8.94332
9.00919
9.03481
9.00906
8.94255
8.83017
8.69777
8.55724
8.42229
8.30905
8.22025
8.16905
8.1536
8.18153
8.23774
8.30612
8.37827
8.42645
8.43189
8.39252
8.3102
8.19117
8.05665
7.92508
7.81551
7.73864
7.70604
7.72908
7.80318
7.92863
8.08545
8.25382
8.41166
8.5476
8.63794
8.69454
8.69812
8.66959
8.61348
8.54162
8.47095
8.41508
8.37963
8.3626
8.36117
8.37911
8.40813
8.43848
8.4727
8.49751
8.51283
8.50001
8.46867
8.41602
8.37063
8.33699
8.32985
8.3359
8.35947
8.39035
8.43234
8.49259
8.56466
8.6564
8.74497
8.82405
8.88048
8.89906
8.88083
8.81573
8.71861
8.57796
8.40788
8.2186
8.01191
7.80616
7.62007
7.47414
7.38789
7.37124
7.43644
7.57405
7.76774
7.99811
8.2371
8.46081
8.65545
8.8074
8.9101
8.96542
8.97194
8.9308
8.84608
8.72088
8.56721
8.39944
8.23204
8.08498
7.97389
7.90852
7.89136
7.92032
7.9972
8.11214
8.25032
8.3904
8.50728
8.58139
8.60236
8.5786
8.52023
8.46131
8.42071
8.41065
8.42588
8.44867
8.46885
8.48656
8.51844
8.57404
8.63916
8.71472
8.78137
8.84639
8.89514
8.94946
9.00989
9.05925
9.09354
9.08819
9.03277
8.93828
8.80657
8.65446
8.49882
8.34916
8.21586
8.1194
8.05429
8.0215
8.00647
8.00298
7.99538
7.9794
7.96142
7.94644
7.95338
7.97851
8.01934
8.07832
8.14793
8.2138
8.27099
8.31785
8.35534
8.37289
8.37851
8.36853
8.33888
8.30048
8.27016
8.23883
8.2181
8.21315
8.21253
8.21467
8.22025
8.2337
8.26683
8.30644
8.35485
8.39644
8.42131
8.42946
8.42465
8.42461
8.43553
8.46668
8.50658
8.5546
8.58909
8.60972
8.60866
8.59513
8.56475
8.54487
8.5298
8.53898
8.57613
8.63846
8.72019
8.81375
8.90501
8.98806
9.04473
9.05329
9.01688
8.92789
8.78624
8.60662
8.41368
8.23193
8.08428
7.9769
7.91058
7.86856
7.85111
7.83633
7.83918
7.8555
7.89509
7.95728
8.03428
8.12306
8.20155
8.25637
8.28274
8.2694
8.22357
8.16297
8.08643
8.01091
7.94827
7.89962
7.87374
7.88608
7.94111
8.0439
8.19124
8.35024
8.50257
8.62985
8.70839
8.73587
8.70839
8.65195
8.58309
8.50972
8.45569
8.43221
8.43472
8.46228
8.50146
8.54716
8.58519
8.60604
8.59878
8.55445
8.48198
8.38784
8.29514
8.22568
8.18376
8.19452
8.2466
8.33044
8.43465
8.53546
8.61843
8.66505
8.67209
8.65117
8.61411
8.56462
8.52221
8.48803
8.46442
8.45815
8.45863
8.46642
8.47621
8.46885
8.43169
8.35067
8.23134
8.07418
7.89469
7.71414
7.55122
7.43081
7.36829
7.37313
7.45526
7.60347
7.80055
8.02618
8.24791
8.45675
8.62454
8.74008
8.80633
8.82778
8.82035
8.7862
8.73897
8.68982
8.64482
8.6146
8.59535
8.59447
8.6111
8.63432
8.65202
8.65587
8.64211
8.60872
8.56942
8.52692
8.48886
8.45827
8.44047
8.42527
8.40977
8.39561
8.36723
8.33478
8.30393
8.28168
8.27215
8.28421
8.31443
8.36358
8.42303
8.48097
8.52117
8.54052
8.54748
8.55181
8.56369
8.59679
8.6537
8.72229
8.7961
8.8511
8.88136
8.86875
8.81646
8.72094
8.59797
8.45108
8.29748
8.13379
7.96503
7.78122
7.59837
7.42853
7.27389
7.15619
7.09298
7.09333
7.16751
7.31755
7.53501
7.80712
8.10821
8.41306
8.68958
8.91333
9.06318
9.12943
9.11713
9.04882
8.9429
8.81665
8.71006
8.62235
8.57671
8.57251
8.59989
8.65049
8.70317
8.73203
8.7288
8.68589
8.60954
8.51306
8.415
8.32228
8.24317
8.18562
8.14956
8.1243
8.12179
8.12944
8.14943
8.17804
8.21284
8.25761
8.32153
8.40979
8.52373
8.66142
8.80109
8.92676
9.01099
9.04398
9.01952
8.94936
8.84732
8.72583
8.59304
8.46046
8.32074
8.18596
8.05882
7.94917
7.87389
7.83005
7.82955
7.86859
7.9366
8.02151
8.10044
8.1753
8.24397
8.29749
8.34947
8.41203
8.49253
8.58243
8.68072
8.77643
8.85872
8.91475
8.94439
8.94107
8.90197
8.81874
8.70212
8.56037
8.40772
8.25157
8.10206
7.96714
7.84577
7.75928
7.70388
7.70078
7.74096
7.83897
7.98531
8.15686
8.34194
8.53864
8.72675
8.89911
9.05453
9.18139
9.2678
9.31198
9.31244
9.26834
9.19015
9.08671
8.95914
8.82079
8.67418
8.53709
8.42111
8.33281
8.27564
8.25162
8.25766
8.28398
8.32298
8.37057
8.4216
8.46818
8.51545
8.54628
8.56061
8.54582
8.49526
8.4261
8.35141
8.28159
8.24508
8.25515
8.32088
8.4247
8.53506
8.63068
8.67176
8.64074
8.5453
8.3956
8.22883
8.07621
7.95581
7.88055
7.84735
7.84576
7.84916
7.86129
7.89412
7.949
8.03133
8.13728
8.24509
8.33776
8.41282
8.45555
8.4612
8.43325
8.37996
8.3063
8.23399
8.15383
8.09091
8.05264
8.04401
8.08353
8.1722
8.31259
8.4826
8.66095
8.82003
8.9291
8.97659
8.95187
8.85601
8.69366
8.49641
8.27491
8.059
7.87826
7.74365
7.67603
7.68366
7.75819
7.89177
8.06529
8.26362
8.44979
8.59379
8.68461
8.71384
8.69292
8.6241
8.53837
8.45423
8.39741
8.37902
8.40813
8.47297
8.56224
8.65726
8.74309
8.80608
8.83666
8.84066
8.8167
8.77996
8.72856
8.67593
8.62234
8.57683
8.54445
8.53061
8.53985
8.56792
8.60719
8.64757
8.67805
8.68524
8.66022
8.60872
8.52763
8.42702
8.3164
8.18686
8.05027
7.90652
7.77088
7.65402
7.56551
7.5124
7.50509
7.54661
7.62686
7.73749
7.85989
7.99098
8.1267
8.25268
8.37526
8.47768
8.55133
8.57617
8.53827
8.44695
8.31587
8.17706
8.05662
7.98381
7.96497
8.00566
8.09176
8.20801
8.33485
8.44352
8.5319
8.5896
8.6082
8.60011
8.56547
8.51637
8.45998
8.40775
8.36187
8.33909
8.3457
8.38191
8.45151
8.54103
8.64545
8.73474
8.81572
8.85998
8.86524
8.83539
8.78934
8.74197
8.70605
8.70365
8.74978
8.83986
8.96404
9.09199
9.21463
9.29421
9.29306
9.19402
8.99756
8.71893
8.40327
8.08901
7.80414
7.57551
7.41048
7.31503
7.30089
7.35665
7.46672
7.61811
7.78276
7.93705
8.06537
8.18194
8.28226
8.36515
8.44174
8.50689
8.55642
8.56615
8.53055
8.44787
8.3349
8.21874
8.12528
8.07583
8.07382
8.13049
8.22743
8.35579
8.49934
8.62414
8.72769
8.79492
8.82107
8.8064
8.74946
8.66958
8.57608
8.473
8.35871
8.24548
8.13414
8.0325
7.95424
7.91379
7.90984
7.94165
8.01625
8.11762
8.24103
8.37126
8.48862
8.57488
8.61707
8.61105
8.55773
8.47926
8.3955
8.32754
8.2796
8.2674
8.28882
8.33724
8.40539
8.47819
8.54184
8.59321
8.6333
8.67805
8.73743
8.81823
8.90492
8.99487
9.07181
9.11024
9.11142
9.06699
8.98844
8.87961
8.76192
8.62807
8.48958
8.35296
8.21852
8.09532
7.99453
7.91224
7.85662
7.82984
7.8271
7.8458
7.89594
7.96658
8.05464
8.14194
8.22089
8.26947
8.28548
8.27025
8.22682
8.17463
8.10904
8.0479
8.00029
7.98499
8.00915
8.07495
8.18404
8.33279
8.50077
8.66751
8.82801
8.94737
9.00707
8.9964
8.91136
8.76371
8.59013
8.42738
8.31081
8.25239
8.26388
8.32777
8.4222
8.51929
8.60229
8.65334
8.65706
8.62742
8.56207
8.48643
8.41384
8.35611
8.32029
8.31696
8.33567
8.38058
8.42811
8.46504
8.48313
8.47361
8.42757
8.34542
8.22563
8.07427
7.9146
7.77096
7.66983
7.61411
7.61542
7.67051
7.7826
7.92215
8.06872
8.20842
8.32657
8.41615
8.47844
8.50462
8.51237
8.50118
8.48087
8.46047
8.44482
8.43575
8.44353
8.4594
8.48193
8.50062
8.49214
8.46535
8.42166
8.37627
8.34775
8.3384
8.34294
8.36566
8.38177
8.39206
8.39778
8.39207
8.38365
8.37452
8.3576
8.34491
8.34294
8.3442
8.34788
8.34375
8.32925
8.29955
8.26065
8.20915
8.15131
8.0918
8.04576
8.01006
7.99967
8.02231
8.07765
8.16844
8.28459
8.40533
8.51509
8.58515
8.61119
8.59677
8.55378
8.51005
8.48266
8.48841
8.52601
8.59381
8.65998
8.70418
8.71689
8.69216
8.63259
8.55567
8.46781
8.38671
8.32566
8.28343
8.26896
8.28801
8.32515
8.37616
8.42514
8.46363
8.47682
8.46351
8.42883
8.38704
8.34836
8.33206
8.33374
8.35972
8.39637
8.43773
8.48346
8.52466
8.57024
8.62439
8.68044
8.73952
8.8081
8.87438
8.9353
8.97653
8.98536
8.94589
8.85245
8.71366
8.54525
8.36391
8.18756
8.02738
7.89355
7.78708
7.71008
7.65926
7.63423
7.63532
7.66465
7.70801
7.75821
7.80314
7.83958
7.85467
7.86201
7.85639
7.8509
7.85892
7.88256
7.91893
7.97883
8.05033
8.12465
8.19046
8.24447
8.28882
8.32342
8.35093
8.38874
8.45458
8.55543
8.69658
8.86794
9.05559
9.23007
9.37049
9.44991
9.45798
9.39064
9.25494
9.07281
8.85988
8.64201
8.43581
8.252
8.09918
7.97746
7.88846
7.84024
7.8369
7.87917
7.94999
8.05646
8.17502
8.29615
8.4072
8.49312
8.5477
8.56873
8.55135
8.49298
8.40184
8.28427
8.16034
8.04924
7.97043
7.93154
7.93455
7.98238
8.07708
8.2073
8.3617
8.51479
8.63822
8.72712
8.76793
8.78334
8.77947
8.75874
8.72609
8.68123
8.62503
8.55345
8.46487
8.37493
8.29006
8.2189
8.16938
8.15409
8.18174
8.24009
8.32541
8.40062
8.45171
8.45167
8.40218
8.31916
8.21512
8.11019
8.02364
7.95647
7.90886
7.86973
7.83193
7.80365
7.78464
7.79282
7.84088
7.93515
8.07028
8.2408
8.42174
8.59834
8.76224
8.89674
8.99005
9.03557
9.0268
8.96968
8.87797
8.7689
8.6596
8.57308
8.51631
8.50082
8.51729
8.56007
8.60746
8.64086
8.643
8.60544
8.53127
8.4313
8.32339
8.21743
8.13221
8.07159
8.02923
7.99206
7.9723
7.96183
7.96442
7.97389
7.99214
8.01928
8.05061
8.08445
8.11238
8.1388
8.1592
8.18025
8.20626
8.24747
8.30579
8.37886
8.46347
8.5439
8.60083
8.62249
8.61312
8.57202
8.51998
8.47757
8.45547
8.455
8.45594
8.45927
8.45555
8.45609
8.45279
8.46182
8.48243
8.51674
8.54977
8.5741
8.57293
8.54664
8.49949
8.43368
8.37195
8.32368
8.29894
8.30464
8.33485
8.3773
8.42421
8.46714
8.49816
8.52879
8.56703
8.61651
8.68577
8.76124
8.82504
8.86936
8.87918
8.84721
8.7696
8.65044
8.49218
8.314
8.12351
7.93667
7.76968
7.64051
7.56763
7.54799
7.5705
7.63124
7.71584
7.82011
7.94016
8.06156
8.17554
8.26661
8.32752
8.35829
8.36491
8.36553
8.37038
8.39608
8.43923
8.49995
8.56715
8.61923
8.65164
8.64735
8.61292
8.55372
8.47464
8.38114
8.28158
8.17758
8.07433
7.98201
7.91639
7.88494
7.8957
7.94525
8.0372
8.15506
8.28682
8.42202
8.54337
8.63065
8.67669
8.68999
8.6824
8.65974
8.64266
8.64156
8.65888
8.69687
8.74911
8.79438
8.82683
8.84629
8.84357
8.81708
8.76547
8.70039
8.60684
8.49627
8.36499
8.23324
8.11356
8.01889
7.96438
7.94763
7.97977
8.03772
8.10512
8.18475
8.25439
8.31567
8.35857
8.40134
8.44121
8.47772
8.50911
8.52103
8.51617
8.47315
8.39708
8.29647
8.19067
8.09041
8.00914
7.95674
7.93296
7.91508
7.91225
7.91637
7.91941
7.92731
7.93492
7.95406
7.99037
8.03421
8.09941
8.18679
8.29667
8.42366
8.55446
8.69357
8.8394
8.98418
9.11546
9.2199
9.26422
9.23291
9.12193
8.95433
8.76161
8.57697
8.41793
8.29221
8.18874
8.09656
8.00272
7.88772
7.76538
7.64074
7.54229
7.47856
7.4689
7.52876
7.65758
7.85696
8.10687
8.38386
8.65408
8.88066
9.03042
9.09135
9.05753
8.94236
8.77943
8.59937
8.43152
8.29209
8.18595
8.12766
8.10913
8.12625
8.17492
8.24478
8.33207
8.41602
8.48713
8.53143
8.5586
8.56194
8.54916
8.52219
8.49517
8.45883
8.42781
8.40723
8.39792
8.40374
8.41748
8.44062
8.47582
8.50775
8.5501
8.60329
8.66821
8.75904
8.86862
8.98256
9.0845
9.14487
9.1531
9.09405
8.96456
8.75639
8.48807
8.17759
7.85266
7.54948
7.30314
7.13237
7.06107
7.08676
7.21803
7.44617
7.7437
8.06814
8.37666
8.59484
8.70486
8.68825
8.58102
8.42221
8.26092
8.11301
7.99629
7.91483
7.87832
7.89215
7.95634
8.05881
8.18441
8.30999
8.4268
8.50359
8.55111
8.57176
8.57699
8.57715
8.56688
8.55413
8.53791
8.5314
8.55059
8.6078
8.69443
8.80492
8.92666
9.04078
9.12554
9.15999
9.13226
9.02344
8.84902
8.61747
8.35539
8.09986
7.8827
7.7359
7.67352
7.70121
7.81412
7.98803
8.18957
8.38527
8.55411
8.66863
8.7116
8.67402
8.56824
8.42031
8.24898
8.08036
7.9386
7.83973
7.79318
7.81238
7.89832
8.0512
8.25928
8.48527
8.7054
8.88147
8.99989
9.05177
9.03789
8.9764
8.88261
8.76187
8.62934
8.48573
8.34574
8.21911
8.10789
8.00419
7.91067
7.82979
7.77541
7.74125
7.72762
7.74568
7.7961
7.8616
7.95594
8.06595
8.18446
8.29855
8.40094
8.49417
8.57599
8.64635
8.70723
8.75743
8.8031
8.85002
8.89826
8.93348
8.9321
8.87753
8.75693
8.57781
8.3569
8.12184
7.90477
7.74225
7.64645
7.62487
7.67967
7.78902
7.94708
8.11781
8.27569
8.38848
8.44633
8.44367
8.38004
8.26289
8.11697
7.96086
7.82426
7.72026
7.65918
7.66661
7.73713
7.87946
8.08348
8.33704
8.60871
8.86503
9.07625
9.21093
9.28593
9.30662
9.27797
9.21906
9.12828
9.00723
8.86157
8.69518
8.52617
8.3729
8.25449
8.17431
8.12493
8.10166
8.09858
8.10298
8.11268
8.12523
8.13444
8.14169
8.14672
8.14975
8.15297
8.16296
8.18217
8.21667
8.26617
8.33551
8.40817
8.47856
8.535
8.56998
8.56608
8.53491
8.47101
8.39078
8.29619
8.19665
8.11136
8.04578
7.99611
7.96816
7.95683
7.96749
7.99572
8.03696
8.09666
8.15547
8.21635
8.26688
8.29338
8.29244
8.25305
8.17922
8.08239
7.98985
7.9174
7.88012
7.89648
7.96948
8.09115
8.25434
8.44596
8.64045
8.81842
8.95549
9.04187
9.07146
9.04752
8.98254
8.89371
8.8022
8.72517
8.6769
8.66679
8.68075
8.70834
8.72952
8.74192
8.72531
8.68563
8.62807
8.55096
8.45664
8.3612
8.27521
8.21194
8.18303
8.20631
8.27744
8.38994
8.52402
8.66781
8.78486
8.85183
8.85564
8.80536
8.70945
8.57695
8.42883
8.28033
8.14928
8.04588
7.97889
7.96086
7.99129
8.06729
8.17739
8.30896
8.44945
8.57052
8.64399
8.65264
8.57902
8.42422
8.20738
7.94716
7.68592
7.46764
7.32193
7.27477
7.31487
7.43956
7.61633
7.80151
7.97149
8.09005
8.16526
8.2243
8.2939
8.38998
8.51967
8.67853
8.85233
9.03101
9.19456
9.32671
9.40701
9.41568
9.33565
9.16056
8.91036
8.60435
8.2801
7.97755
7.72808
7.54775
7.45058
7.4534
7.54561
7.72724
7.97884
8.27281
8.58347
8.86857
9.09407
9.22787
9.25232
9.17383
9.00796
8.77702
8.52203
8.275
8.0651
7.91687
7.83721
7.83284
7.88445
7.97525
8.08156
8.17952
8.25136
8.28691
8.3047
8.31862
8.34578
8.41369
8.52281
8.66861
8.8429
9.02453
9.18886
9.31491
9.38483
9.38797
9.32053
9.20731
9.0597
8.89584
8.74648
8.6225
8.53985
8.48255
8.43532
8.38159
8.30932
8.2076
8.08504
7.94932
7.81899
7.71635
7.65207
7.64874
7.70353
7.81373
7.96901
8.14523
8.31947
8.46696
8.5614
8.58153
8.53017
8.423
8.28688
8.14082
8.01038
7.90978
7.84587
7.82414
7.84928
7.93376
8.05604
8.20497
8.37094
8.51992
8.63419
8.69149
8.68792
8.63401
8.54531
8.43849
8.33123
8.25905
8.22362
8.23216
8.29002
8.38115
8.48652
8.5989
8.69945
8.77606
8.82936
8.85262
8.84394
8.81604
8.77535
8.7323
8.69707
8.67051
8.65155
8.63266
8.60718
8.57984
8.54703
8.5065
8.45499
8.40724
8.36284
8.3173
8.29055
8.27083
8.26015
8.25558
8.2336
8.19642
8.12863
8.05121
7.9771
7.91849
7.89239
7.90106
7.94828
8.03361
8.14499
8.26277
8.38321
8.47829
8.54651
8.57683
8.57608
8.5531
8.51387
8.47656
8.442
8.42354
8.41981
8.43015
8.44384
8.46431
8.48625
8.49793
8.48837
8.45618
8.4077
8.36258
8.32928
8.32265
8.3351
8.37668
8.42317
8.47383
8.51543
8.54634
8.55921
8.55345
8.53153
8.49102
8.42245
8.33651
8.22949
8.11516
7.99586
7.8966
7.81916
7.78595
7.79638
7.85061
7.95263
8.0893
8.25893
8.44597
8.6361
8.81478
8.9587
9.05137
9.07479
9.03754
8.95556
8.8455
8.73218
8.63031
8.5464
8.4762
8.41307
8.36085
8.31329
8.26067
8.20053
8.14666
8.10182
8.06143
8.0475
8.05668
8.08787
8.12389
8.15763
8.17292
8.173
8.16129
8.13867
8.10772
8.06808
8.03177
8.00412
7.99718
8.02415
8.09621
8.2163
8.35857
8.52333
8.68698
8.83014
8.94618
9.02828
9.0844
9.11542
9.12876
9.1161
9.07117
8.98138
8.84779
8.67955
8.49298
8.31137
8.16241
8.06488
8.02803
8.03952
8.08449
8.15682
8.24484
8.33482
8.42245
8.51678
8.60878
8.69095
8.74827
8.76462
8.735
8.64292
8.49586
8.31514
8.12926
7.9643
7.84631
7.79555
7.80434
7.86475
7.96014
8.07102
8.16451
8.23552
8.27645
8.29123
8.26729
8.23058
8.18676
8.15253
8.14307
8.16139
8.22546
8.34003
8.48184
8.63465
8.78039
8.88812
8.95067
8.96105
8.90675
8.79856
8.64967
8.4804
8.33424
8.22036
8.15114
8.12732
8.15065
8.20696
8.29259
8.39353
8.50534
8.60642
8.67792
8.70471
8.67104
8.57117
8.43036
8.25025
8.0563
7.86393
7.70509
7.60087
7.57068
7.61607
7.73425
7.89774
8.07278
8.21874
8.31637
8.36844
8.38848
8.38231
8.37321
8.3549
8.34712
8.34728
8.35002
8.35062
8.33143
8.29266
8.23175
8.1648
8.10464
8.07157
8.06968
8.09793
8.15444
8.23321
8.32699
8.42626
8.51463
8.59114
8.65212
8.69939
8.73327
8.77102
8.80278
8.82433
8.82985
8.8187
8.79853
8.7784
8.76894
8.78538
8.80582
8.82733
8.83042
8.79935
8.73906
8.65853
8.57821
8.50235
8.43799
8.39208
8.36179
8.3409
8.32524
8.31236
8.29397
8.27006
8.23415
8.18755
8.14366
8.10327
8.07727
8.06645
8.07146
8.09113
8.12568
8.16641
8.20215
8.22814
8.23896
8.23534
8.21476
8.18493
8.15676
8.13827
8.14328
8.18121
8.24718
8.33484
8.4214
8.48566
8.52001
8.51092
8.46098
8.39335
8.30598
8.22124
8.13892
8.06215
8.0072
7.98234
8.00693
8.09212
8.21805
8.36211
8.50239
8.61635
8.68393
8.69815
8.66242
8.58432
8.48821
8.38099
8.29677
8.25063
8.2421
8.26968
8.32482
8.40169
8.47903
8.55401
8.61243
8.63937
8.63334
8.59469
8.51674
8.40499
8.27916
8.16074
8.0775
8.03761
8.01958
8.03383
8.06031
8.09657
8.14289
8.19176
8.25861
8.33673
8.4266
8.52322
8.59911
8.65687
8.68418
8.68378
8.65433
8.59035
8.51682
8.43289
8.35596
8.29529
8.25563
8.22822
8.21245
8.19576
8.19246
8.18787
8.19717
8.22528
8.27103
8.338
8.42454
8.51456
8.59992
8.67964
8.75825
8.80924
8.82829
8.80507
8.73504
8.62139
8.4729
8.32204
8.18663
8.0862
8.02513
8.01077
8.03769
8.10431
8.19418
8.30268
8.40654
8.49844
8.56779
8.60561
8.61213
8.58519
8.5222
8.42386
8.30007
8.14735
7.9954
7.85693
7.7605
7.72371
7.74699
7.83279
7.95676
8.10691
8.26028
8.39707
8.5141
8.59558
8.64393
8.66306
8.6502
8.60889
8.54116
8.45569
8.36892
8.28828
8.23209
8.2156
8.23876
8.29605
8.38273
8.47969
8.58384
8.67665
8.77042
8.86029
8.94554
9.02593
9.07956
9.10484
9.07687
8.98177
8.81871
8.59973
8.35235
8.10181
7.87689
7.69358
7.55876
7.46909
7.43204
7.44224
7.50714
7.61821
7.77269
7.94651
8.13357
8.3124
8.4619
8.57878
8.65703
8.70159
8.71859
8.7151
8.70035
8.68596
8.66562
8.64924
8.63236
8.62331
8.61231
8.59455
8.55848
8.50135
8.4315
8.33441
8.23336
8.125
8.01945
7.93034
7.86071
7.82683
7.82043
7.84275
7.87921
7.92395
7.96415
8.00345
8.04674
8.10004
8.17268
8.27131
8.39179
8.52137
8.65161
8.75345
8.81761
8.8331
8.80461
8.73899
8.64224
8.53202
8.42294
8.3411
8.29724
8.3013
8.34439
8.42599
8.52834
8.61687
8.67659
8.69295
8.66459
8.59183
8.48672
8.37548
8.27304
8.19861
8.16497
8.16906
8.2085
8.26401
8.32109
8.37441
8.40628
8.40881
8.40138
8.38524
8.35458
8.31786
8.26948
8.2084
8.15014
8.09827
8.07032
8.08129
8.13203
8.21311
8.31328
8.42474
8.53488
8.63354
8.7032
8.73177
8.70977
8.62893
8.49949
8.32951
8.15105
7.98387
7.85924
7.78906
7.79423
7.87902
8.04396
8.2678
8.5302
8.79231
9.02782
9.2028
9.30329
9.32529
9.28579
9.19221
9.05844
8.89463
8.70695
8.51265
8.32733
8.17785
8.06503
7.99687
7.97059
7.95759
7.93327
7.87901
7.79759
7.70408
7.62747
7.5897
7.59635
7.64481
7.71724
7.81097
7.91024
8.02185
8.14444
8.26715
8.38156
8.47463
8.52559
8.52406
8.48542
8.41599
8.33537
8.26165
8.21006
8.18649
8.19165
8.22496
8.27746
8.33704
8.40266
8.4664
8.52198
8.56912
8.61761
8.66372
8.71734
8.7626
8.79193
8.80038
8.78585
8.74329
8.67939
8.59631
8.49627
8.38471
8.27507
8.17208
8.09137
8.04463
8.01827
8.02043
8.03422
8.05713
8.07913
8.09993
8.12585
8.15971
8.20337
8.24969
8.30317
8.35315
8.39702
8.4387
8.47508
8.50419
8.53431
8.55816
8.57141
8.56261
8.53938
8.5096
8.48509
8.46048
8.44577
8.44442
8.44494
8.44639
8.4535
8.4734
8.51577
8.5773
8.6602
8.74822
8.82843
8.8945
8.93676
8.95535
8.94861
8.91998
8.8692
8.79212
8.68377
8.54885
8.39591
8.23726
8.09082
7.96904
7.88002
7.83608
7.82874
7.85315
7.91203
7.9952
8.08725
8.18631
8.27524
8.33542
8.36724
8.35094
8.29892
8.2303
8.15006
8.08374
8.03481
8.01179
8.0194
8.04886
8.08626
8.12596
8.15145
8.1644
8.15984
8.14037
8.11232
8.08597
8.06358
8.0607
8.07386
8.12273
8.19641
8.29766
8.41376
8.53751
8.64183
8.708
8.73448
8.73719
8.71933
8.69128
8.65497
8.60944
8.56113
8.51876
8.4936
8.48682
8.50397
8.53889
8.58464
8.61864
8.64114
8.64172
8.62548
8.59346
8.5479
8.49855
8.43945
8.37848
8.3159
8.25653
8.2194
8.20071
8.2096
8.23887
8.28117
8.32974
8.37442
8.40466
8.41548
8.39657
8.36005
8.30299
8.23362
8.17656
8.12997
8.10063
8.10842
8.13891
8.18052
8.23468
8.28253
8.31925
8.33854
8.34367
8.33491
8.32204
8.29882
8.2781
8.26224
8.26003
8.26212
8.27756
8.30409
8.338
8.38325
8.43524
8.50575
8.58293
8.66688
8.75329
8.83196
8.89533
8.92942
8.92216
8.87948
8.80185
8.6975
8.58216
8.47266
8.37401
8.29693
8.22889
8.16655
8.09006
8.00427
7.906
7.79856
7.70811
7.64485
7.62502
7.65574
7.73714
7.86597
8.03385
8.21686
8.3916
8.53409
8.62808
8.65227
8.60785
8.50778
8.3883
8.27495
8.19491
8.15013
8.14918
8.19464
8.2555
8.3371
8.40797
8.4625
8.49936
8.5122
8.50085
8.47622
8.4425
8.41546
8.39635
8.38618
8.3805
8.37382
8.36904
8.37197
8.375
8.39815
8.43783
8.49293
8.55806
8.62863
8.68696
8.72824
8.75382
8.76335
8.76629
8.76303
8.76123
8.75359
8.74098
8.72574
8.70575
8.69086
8.69429
8.70295
8.71812
8.7191
8.70149
8.66562
8.60844
8.55168
8.49584
8.43973
8.39221
8.34013
8.28194
8.22396
8.16002
8.10052
8.044
7.98222
7.92473
7.86917
7.82511
7.80677
7.80843
7.83724
7.88635
7.95152
8.01743
8.08136
8.14014
8.19404
8.25046
8.32116
8.41201
8.53002
8.66123
8.80342
8.93206
9.03378
9.09186
9.09148
9.0195
8.89338
8.73184
8.55484
8.37643
8.21238
8.0757
7.96716
7.88256
7.82508
7.79107
7.78247
7.81385
7.88885
8.00526
8.16794
8.36353
8.55853
8.7476
8.91434
9.0298
9.08071
9.05388
8.96096
8.80522
8.60802
8.38245
8.15516
7.93869
7.75108
7.61305
7.5321
7.51062
7.54296
7.62641
7.73328
7.86453
8.00474
8.14285
8.27199
8.38657
8.49146
8.57923
8.65631
8.7158
8.7538
8.76736
8.7536
8.71602
8.65468
8.57482
8.49272
8.41026
8.34181
8.29218
8.26602
8.26602
8.2927
8.3334
8.39322
8.46414
8.53313
8.59005
8.60896
8.60266
8.56264
8.50214
8.44832
8.39347
8.34104
8.30146
8.26027
8.2194
8.19501
8.17786
8.18174
8.20217
8.23845
8.28369
8.33234
8.38429
8.41979
8.4412
8.44381
8.42847
8.39519
8.34475
8.28888
8.22118
8.16036
8.08847
8.02622
7.96801
7.93083
7.91686
7.92519
7.95513
7.99352
8.04373
8.09758
8.15829
8.22157
8.28783
8.34726
8.40053
8.44391
8.47973
8.51851
8.56672
8.62272
8.67847
8.7378
8.79556
8.84329
8.8849
8.91787
8.93998
8.95993
8.97091
8.96206
8.93403
8.87791
8.8036
8.7064
8.58912
8.45831
8.32756
8.20581
8.11884
8.06424
8.04324
8.05926
8.09705
8.13915
8.17152
8.19168
8.18286
8.14539
8.07452
7.98542
7.89402
7.82495
7.78081
7.77453
7.78953
7.81865
7.8309
7.83212
7.85204
7.90829
8.00171
8.13291
8.28564
8.44884
8.60475
8.74381
8.86485
8.95105
9.00828
9.02699
9.00997
8.94286
8.83547
8.69926
8.54525
8.39984
8.2706
8.17497
8.11601
8.09165
8.10751
8.14415
8.20938
8.29403
8.39459
8.50239
8.61216
8.72558
8.82488
8.91107
8.97207
9.00552
9.00293
8.9671
8.89374
8.79372
8.66282
8.50351
8.31783
8.1194
7.92943
7.75848
7.63934
7.58099
7.60507
7.70383
7.85812
8.05234
8.25514
8.43031
8.55579
8.63297
8.65649
8.6265
8.56267
8.47935
8.38756
8.29896
8.22352
8.17358
8.15215
8.16426
8.19156
8.21964
8.24461
8.26596
8.29604
8.36379
8.46637
8.60613
8.76591
8.9292
9.06302
9.16579
9.22964
9.25071
9.2334
9.18241
9.10544
9.0025
8.87429
8.72445
8.55424
8.37433
8.20024
8.05339
7.95193
7.89882
7.89684
7.93471
8.01224
8.11176
8.21452
8.31808
8.4151
8.49762
8.56759
8.61316
8.63461
8.62741
8.59053
8.53667
8.47167
8.40942
8.35031
8.30436
8.28189
8.2784
8.29547
8.32837
8.36447
8.39332
8.41814
8.43947
8.46884
8.51109
8.55868
8.6195
8.68734
8.74854
8.80634
8.84424
8.85485
8.83182
8.77129
8.67512
8.55786
8.42214
8.29179
8.17023
8.06911
8.00561
7.9877
8.01149
8.07817
8.17123
8.2709
8.36797
8.45423
8.51168
8.53775
8.53061
8.49182
8.43106
8.35926
8.29515
8.25758
8.23755
8.23941
8.25217
8.26128
8.25543
8.22867
8.18415
8.13797
8.09421
8.07241
8.06765
8.08859
8.13766
8.2102
8.29974
8.40465
8.50273
8.56814
8.60815
8.61077
8.59466
8.54586
8.48313
8.41388
8.34436
8.27621
8.23122
8.21222
8.22626
8.26845
8.33603
8.41639
8.50242
8.57708
8.63226
8.66268
8.66667
8.63988
8.58426
8.50787
8.4211
8.33632
8.27052
8.23251
8.23428
8.27329
8.35255
8.45977
8.58429
8.71659
8.83177
8.92925
8.98287
8.97932
8.91092
8.78192
8.60444
8.40171
8.18924
7.99102
7.83657
7.73419
7.69096
7.70766
7.76925
7.86713
7.98915
8.11795
8.24878
8.36622
8.45924
8.52557
8.57073
8.59587
8.60523
8.59843
8.58634
8.55874
8.52683
8.48999
8.44663
8.39286
8.3488
8.31666
8.31299
8.33215
8.3771
8.44537
8.5216
8.59266
8.65657
8.69439
8.70246
8.67504
8.61622
8.5299
8.43273
8.33483
8.25555
8.20301
8.17993
8.18331
8.20995
8.24496
8.29756
8.35486
8.4139
8.47875
8.53833
8.59409
8.64356
8.67281
8.69639
8.71204
8.72617
8.73683
8.75138
8.75884
8.74491
8.70577
8.64554
8.58026
8.51891
8.47776
8.45422
8.45433
8.47641
8.51118
8.54398
8.56488
8.55871
8.54143
8.49676
8.43755
8.37271
8.31718
8.28277
8.28051
8.30224
8.34122
8.37645
8.40238
8.39906
8.37781
8.3434
8.30302
8.26255
8.23736
8.22526
8.22796
8.24262
8.26809
8.30813
8.34008
8.36915
8.38054
8.3735
8.34876
8.31669
8.28043
8.25245
8.23419
8.22792
8.22599
8.21854
8.20544
8.18669
8.17425
8.18357
8.22383
8.28987
8.37683
8.46431
8.53726
8.59861
8.64186
8.67028
8.68974
8.70062
8.70594
8.71106
8.71562
8.71438
8.70937
8.70532
8.68743
8.66922
8.64031
8.59197
8.53254
8.45411
8.3597
8.26323
8.17386
8.11156
8.07491
8.06523
8.07358
8.09565
8.12175
8.15876
8.20711
8.24801
8.27276
8.25925
8.21083
8.13806
8.06909
8.02612
8.0254
8.07637
8.16699
8.28307
8.40754
8.52325
8.62678
8.71216
8.77405
8.80327
8.79395
8.76275
8.72291
8.67874
8.63822
8.59497
8.55569
8.52439
8.49781
8.48392
8.46885
8.44939
8.42606
8.39633
8.36396
8.32721
8.28137
8.24137
8.19682
8.16504
8.12191
8.09003
8.06123
8.03225
8.00899
7.98467
7.9594
7.95269
7.96553
8.01466
8.09852
8.20849
8.33851
8.47446
8.61435
8.74809
8.86865
8.96524
9.03932
9.07603
9.06438
9.01289
8.91584
8.77217
8.5879
8.38724
8.18595
7.99934
7.8559
7.77417
7.75031
7.78756
7.86958
7.98624
8.10359
8.19871
8.2455
8.24213
8.19828
8.1244
8.04922
7.99194
7.96316
7.97222
8.01273
8.08281
8.17534
8.28547
8.38979
8.47589
8.545
8.58639
8.60343
8.59397
8.56583
8.52936
8.48835
8.43899
8.38497
8.31943
8.24591
8.16409
8.08439
8.02595
7.98931
7.98747
8.02284
8.09344
8.18296
8.26723
8.32042
8.3435
8.33602
8.30872
8.29688
8.30917
8.34395
8.39335
8.42886
8.45832
8.48482
8.52616
8.5948
8.6912
8.80479
8.91277
8.97774
8.9906
8.9447
8.85714
8.7572
8.64964
8.55394
8.45409
8.35069
8.24144
8.11521
7.98509
7.85252
7.72781
7.62816
7.5588
7.52093
7.52139
7.56144
7.62958
7.72549
7.83931
7.96657
8.09291
8.20201
8.28603
8.34066
8.36292
8.37243
8.36331
8.35364
8.35552
8.37058
8.41496
8.49351
8.6088
8.75621
8.92531
9.09512
9.21989
9.27565
9.24455
9.13215
8.96309
8.77775
8.60741
8.47557
8.37718
8.30883
8.26396
8.22245
8.1844
8.14583
8.10137
8.05602
8.01256
7.98661
7.97322
7.97186
7.97763
7.98608
7.99284
7.99509
7.9966
8.0139
8.06696
8.16529
8.31822
8.50305
8.69439
8.8495
8.92593
8.91358
8.80843
8.63211
8.42724
8.2287
8.07609
7.98306
7.95569
7.98985
8.06991
8.16229
8.21921
8.21172
8.14116
8.04685
7.96806
7.93267
7.94488
7.98903
8.05798
8.14456
8.25227
8.3718
8.50885
8.6521
8.7945
8.92748
9.04045
9.11843
9.16112
9.16419
9.1305
9.06706
8.98148
8.89288
8.80195
8.72446
8.66076
8.61095
8.57557
8.55374
8.53997
8.51306
8.47253
8.39624
8.29451
8.16449
8.03353
7.93167
7.86825
7.85702
7.89506
7.9817
8.08941
8.19581
8.28274
8.33861
8.35991
8.33758
8.28306
8.20539
8.12295
8.04292
7.98172
7.94926
7.94944
7.98741
8.06252
8.17043
8.30941
8.45015
8.58461
8.70152
8.79452
8.86849
8.92894
8.97739
9.02031
9.0471
9.0537
9.02787
8.96131
8.85581
8.72112
8.56067
8.39243
8.21308
8.02083
7.82851
7.63801
7.46485
7.32309
7.22385
7.17901
7.19719
7.27332
7.40667
7.59004
7.81268
8.07484
8.3555
8.6408
8.9032
9.11189
9.24574
9.27707
9.212
9.06154
8.84314
8.58019
8.31552
8.06456
7.86599
7.73005
7.66885
7.67705
7.7386
7.83777
7.95572
8.0709
8.16752
8.24401
8.29107
8.31627
8.32531
8.3283
8.32737
8.33297
8.34549
8.36075
8.36986
8.37639
8.3726
8.36813
8.36058
8.35467
8.34726
8.34367
8.34685
8.37146
8.41781
8.47766
8.5362
8.58679
8.61975
8.63238
8.62588
8.60135
8.56048
8.50054
8.41689
8.31676
8.19967
8.07306
7.94499
7.83762
7.76084
7.72432
7.73501
7.79758
7.91213
8.07056
8.26976
8.48502
8.69466
8.87518
9.01034
9.07051
9.04762
8.93942
8.76246
8.52934
8.27043
8.01391
7.79236
7.63016
7.53906
7.54164
7.6261
7.77764
7.98466
8.23257
8.50276
8.78137
9.04137
9.25814
9.40453
9.46887
9.43801
9.32725
9.14962
8.94117
8.72546
8.53075
8.38049
8.28291
8.24612
8.25695
8.30572
8.37045
8.43898
8.49956
8.55318
8.59893
8.64054
8.67019
8.67467
8.63361
8.55415
8.43812
8.30253
8.1506
7.99138
7.84149
7.70701
7.60267
7.54855
7.54575
7.57927
7.64496
7.74223
7.8617
7.98862
8.11573
8.2299
8.32542
8.40428
8.45164
8.47081
8.46333
8.44907
8.43317
8.42395
8.42923
8.44564
8.47073
8.49667
8.51578
8.53641
8.55349
8.57693
8.61543
8.67145
8.74493
8.81115
8.86678
8.88211
8.85223
8.78114
8.67848
8.55073
8.41246
8.27552
8.15367
8.04683
7.96532
7.901
7.86302
7.85241
7.86312
7.89948
7.94926
8.00972
8.07726
8.13774
8.19543
8.26314
8.33041
8.405
8.5015
8.61065
8.72314
8.82352
8.89926
8.93953
8.9378
8.90488
8.8391
8.75117
8.65925
8.56588
8.48271
8.41709
8.37815
8.37054
8.39366
8.43415
8.47963
8.51663
8.52947
8.51341
8.45897
8.38261
8.28974
8.19633
8.11362
8.04717
7.99556
7.96039
7.92803
7.89167
7.86977
7.86203
7.89269
7.95552
8.06169
8.20997
8.39103
8.5934
8.79698
8.97878
9.11719
9.18819
9.17909
9.08683
8.93945
8.76046
8.58717
8.44842
8.35871
8.32242
8.33221
8.36703
8.4174
8.47257
8.51931
8.55472
8.56323
8.53858
8.46888
8.35731
8.2188
8.0764
7.94868
7.84668
7.78143
7.74425
7.73731
7.76235
7.80431
7.87836
7.97527
8.08477
8.19484
8.29114
8.36063
8.39498
8.39734
8.36904
8.31492
8.24424
8.17315
8.12521
8.11229
8.15921
8.25731
8.40074
8.55981
8.71317
8.83353
8.89868
8.89686
8.83294
8.71711
8.5676
8.41645
8.28112
8.18255
8.1408
8.14467
8.19229
8.27807
8.39046
8.51017
8.62843
8.72008
8.78204
8.80286
8.78207
8.72517
8.64539
8.54275
8.42388
8.29343
8.15956
8.03705
7.93227
7.85498
7.8088
7.79159
7.80657
7.85431
7.91129
7.98057
8.0588
8.13721
8.21059
8.27242
8.30818
8.31191
8.29641
8.25762
8.21888
8.18324
8.16159
8.1574
8.16981
8.18413
8.19538
8.19871
8.1932
8.1802
8.16696
8.16802
8.19388
8.26016
8.35901
8.49366
8.64358
8.79245
8.91522
8.99082
9.00747
8.96763
8.87623
8.75395
8.61961
8.48471
8.36945
8.27813
8.19531
8.12096
8.05759
8.01745
8.00917
8.02934
8.06551
8.10621
8.13533
8.174
8.2192
8.28879
8.38013
8.48945
8.60342
8.70749
8.78294
8.81658
8.79392
8.71149
8.58477
8.41063
8.20719
7.99841
7.81016
7.66152
7.56372
7.52192
7.53638
7.59887
7.70493
7.84438
8.01557
8.20256
8.41143
8.63195
8.83856
9.02435
9.16723
9.25721
9.26876
9.20099
9.06345
8.86314
8.61837
8.36009
8.10345
7.88041
7.70963
7.59824
7.55619
7.57794
7.65459
7.77845
7.93392
8.1136
8.30256
8.4899
8.66331
8.81624
8.9391
9.00869
9.01414
8.95697
8.83498
8.67065
8.49006
8.30906
8.15299
8.03468
7.97178
7.96244
8.01056
8.10377
8.2196
8.33361
8.42087
8.45963
8.45471
8.40384
8.31903
8.21525
8.10784
8.01678
7.94223
7.88593
7.84867
7.81882
7.7963
7.77312
7.75025
7.76053
7.80209
7.89385
8.04709
8.23783
8.46079
8.69222
8.893
9.04078
9.12298
9.1411
9.09925
9.00928
8.88257
8.73436
8.59435
8.48029
8.41183
8.40232
8.44645
8.53194
8.64076
8.74577
8.83056
8.86787
8.85153
8.77641
8.65495
8.50113
8.33915
8.19388
8.08043
8.02187
8.00744
8.03791
8.09447
8.15711
8.20694
8.21489
8.17036
8.08665
7.97034
7.84983
7.75491
7.70419
7.71309
7.77715
7.8927
8.04543
8.20426
8.3518
8.4769
8.56717
8.63214
8.67358
8.71011
8.74789
8.79288
8.84336
8.89002
8.90219
8.88083
8.80593
8.68693
8.52905
8.35272
8.17444
8.01455
7.88076
7.79177
7.75925
7.78787
7.88089
8.04932
8.26527
8.52109
8.8001
9.05761
9.25906
9.3701
9.37919
9.2944
9.13492
8.93175
8.71685
8.51095
8.3389
8.19619
8.09327
8.01985
7.97577
7.96416
7.97732
8.0315
8.10095
8.18437
8.2665
8.3387
8.39653
8.44911
8.50129
8.54089
8.56246
8.57375
8.55569
8.52021
8.46104
8.38707
8.31977
8.25513
8.21179
8.19207
8.19877
8.22898
8.28337
8.35161
8.42313
8.49787
8.56275
8.61414
8.64211
8.64528
8.62817
8.58846
8.53295
8.4682
8.39814
8.33499
8.27855
8.22866
8.1836
8.14187
8.10226
8.06512
8.03046
7.99889
7.983
7.9777
7.98919
8.01807
8.06692
8.12257
8.19352
8.26896
8.32773
8.37201
8.38121
8.34811
8.28035
8.19977
8.12204
8.07163
8.06401
8.0982
8.18686
8.31462
8.4753
8.65798
8.84479
9.01455
9.15127
9.23042
9.24215
9.18159
9.05542
8.88614
8.69759
8.51899
8.36788
8.27544
8.24004
8.2582
8.30797
8.37459
8.44185
8.4739
8.46884
8.42177
8.33904
8.23078
8.12695
8.05261
8.02367
8.04179
8.11681
8.22541
8.34214
8.4431
8.50889
8.53403
8.52869
8.50593
8.48192
8.46767
8.46427
8.46193
8.46725
8.46467
8.47284
8.47865
8.47652
8.47424
8.46643
8.4605
8.4628
8.48186
8.50931
8.55633
8.60024
8.63595
8.65033
8.63996
8.59321
8.5264
8.44871
8.3781
8.31521
8.2638
8.2295
8.21064
8.19198
8.17171
8.1449
8.12176
8.11109
8.12077
8.16665
8.24332
8.34478
8.46415
8.58622
8.69935
8.79708
8.87083
8.91394
8.90876
8.8573
8.75342
8.6021
8.42369
8.22763
8.03665
7.87041
7.74037
7.67216
7.66294
7.72128
7.82461
7.94835
8.07938
8.20156
8.31333
8.40661
8.48106
8.5423
8.58654
8.61489
8.62791
8.6224
8.5979
8.55924
8.50012
8.42739
8.33779
8.23966
8.15181
8.0804
8.03922
8.02499
8.02812
8.03494
8.04334
8.04149
8.04852
8.06206
8.08519
8.12431
8.17217
8.21914
8.24755
8.25233
8.26232
8.27299
8.30306
8.35571
8.43146
8.51673
8.60842
8.69958
8.78133
8.84731
8.89348
8.92597
8.94034
8.94071
8.91864
8.88242
8.8318
8.76381
8.6759
8.58247
8.48477
8.39568
8.3274
8.29789
8.30203
8.34307
8.41274
8.49091
8.57261
8.63387
8.65418
8.64595
8.59896
8.52793
8.42876
8.317
8.19534
8.08883
8.00877
7.9726
7.98314
8.04015
8.13484
8.24336
8.34257
8.41175
8.42829
8.38852
8.29859
8.17777
8.04389
7.91488
7.81304
7.74476
7.72184
7.74807
7.8233
7.95143
8.12932
8.34762
8.58849
8.83402
9.06521
9.25822
9.38887
9.43069
9.38053
9.24809
9.0557
8.82548
8.59022
8.35777
8.14813
7.97162
7.85258
7.79997
7.81597
7.9121
8.08423
8.30628
8.55487
8.79364
8.98423
9.09286
9.11706
9.06514
8.95956
8.84326
8.74639
8.6992
8.69724
8.72904
8.76317
8.76621
8.70099
8.56063
8.3529
8.10589
7.86894
7.66541
7.51274
7.41971
7.39133
7.41876
7.48173
7.56056
7.64459
7.72738
7.79825
7.86633
7.92222
7.97741
8.02564
8.07283
8.12091
8.17361
8.24126
8.32426
8.41947
8.51271
8.60297
8.68381
8.75833
8.81516
8.85742
8.87506
8.88104
8.87544
8.85891
8.84554
8.83124
8.81716
8.79332
8.76352
8.7171
8.65933
8.59649
8.52168
8.4531
8.38719
8.32435
8.2743
8.24023
8.21426
8.19778
8.19568
8.20517
8.21235
8.22765
8.24715
8.28302
8.34197
8.42844
8.5306
8.63144
8.71424
8.76718
8.80252
8.83139
8.85777
8.87338
8.86197
8.80309
8.69982
8.56298
8.39358
8.219
8.05916
7.9306
7.84404
7.81232
7.82863
7.87869
7.94417
8.01566
8.08211
8.13574
8.17278
8.1873
8.17907
8.15335
8.09857
8.02504
7.92957
7.83251
7.77075
7.75718
7.80751
7.92869
8.11499
8.34702
8.57809
8.76507
8.87019
8.88697
8.82509
8.71037
8.58215
8.46243
8.37289
8.31134
8.27281
8.24587
8.21817
8.1785
8.12606
8.06406
8.00247
7.94041
7.8946
7.87403
7.88028
7.91288
7.97205
8.06195
8.18864
8.3455
8.53837
8.74323
8.95114
9.13613
9.27298
9.33851
9.31872
9.22308
9.05476
8.85987
8.65317
8.45475
8.28536
8.14866
8.04624
7.98224
7.95777
7.97836
8.034
8.11348
8.19538
8.22335
8.15305
7.98131
7.77704
7.60806
7.51619
7.4949
7.53915
7.63397
7.74868
7.8798
8.01576
8.14044
8.25708
8.35574
8.42866
8.48813
8.53904
8.59527
8.65561
8.72283
8.78991
8.85003
8.88031
8.8785
8.82861
8.72297
8.5737
8.40671
8.25817
8.15061
8.08549
8.07096
8.10275
8.15975
8.23952
8.32986
8.41953
8.50271
8.56809
8.59557
8.5736
8.49329
8.36265
8.20996
8.0616
7.93515
7.84438
7.79614
7.79954
7.84952
7.9413
8.05534
8.18705
8.32157
8.44523
8.55627
8.64883
8.724
8.77495
8.81039
8.83695
8.87199
8.91986
8.98078
9.05165
9.11683
9.14587
9.12329
9.03468
8.89085
8.6998
8.47991
8.24411
8.00617
7.78771
7.59636
7.44264
7.3411
7.28897
7.30825
7.38304
7.51365
7.68395
7.88949
8.10983
8.31532
8.48234
8.60866
8.68509
8.71899
8.70872
8.67483
8.63472
8.58576
8.54085
8.5126
8.50845
8.54074
8.606
8.7019
8.80617
8.89662
8.96311
8.98919
8.98579
8.96423
8.93141
8.90293
8.87759
8.83988
8.78241
8.69625
8.58111
8.4431
8.29292
8.15191
8.03577
7.94753
7.89207
7.87574
7.89494
7.94618
8.0114
8.08482
8.15795
8.23137
8.29533
8.34399
8.37196
8.38086
8.37728
8.37898
8.38647
8.40208
8.41179
8.4105
8.39599
8.37267
8.36305
8.36541
8.38227
8.40142
8.42138
8.42653
8.41969
8.40095
8.37395
8.33808
8.27492
8.20083
8.13075
8.08486
8.07885
8.1153
8.16118
8.19599
8.20557
8.18023
8.14429
8.11104
8.08446
8.08488
8.12272
8.19093
8.27856
8.3705
8.45493
8.51826
8.56534
8.58217
8.57883
8.56469
8.54326
8.52722
8.51845
8.51404
8.51396
8.49693
8.44632
8.3654
8.26095
8.14692
8.05288
7.98825
7.96496
7.98501
8.05121
8.14775
8.26446
8.39012
8.51277
8.61025
8.67286
8.69973
8.68871
8.64971
8.59297
8.5281
8.48251
8.45175
8.44235
8.45463
8.49402
8.55875
8.63859
8.72169
8.79951
8.84844
8.86015
8.82743
8.75639
8.66477
8.57275
8.48691
8.4165
8.3641
8.32132
8.28614
8.2603
8.24266
8.23377
8.238
8.25294
8.26799
8.28592
8.29941
8.30089
8.29087
8.26703
8.23336
8.19876
8.16514
8.14891
8.14308
8.14965
8.17784
8.22299
8.26853
8.31239
8.35557
8.38338
8.39716
8.38721
8.35602
8.29987
8.22722
8.15263
8.08847
8.0523
8.05373
8.08859
8.16437
8.26459
8.37786
8.47609
8.54997
8.59035
8.6059
8.59718
8.56197
8.52552
8.49057
8.47063
8.4664
8.48842
8.52308
8.57712
8.63231
8.67062
8.67939
8.65107
8.5875
8.50853
8.42765
8.36486
8.33075
8.3304
8.36347
8.42508
8.50188
8.57525
8.64807
8.71099
8.75869
8.79182
8.81446
8.8136
8.79
8.73617
8.66614
8.58811
8.51775
8.46844
8.44627
8.45237
8.48348
8.52436
8.55718
8.56215
8.5209
8.43911
8.31796
8.17819
8.04264
7.92022
7.81734
7.74705
7.71222
7.70908
7.73663
7.79182
7.85581
7.92081
7.96973
7.99443
7.99879
7.99225
7.99154
8.01649
8.07548
8.16886
8.28567
8.41367
8.54723
8.66887
8.76507
8.83555
8.88338
8.91639
8.92589
8.91519
8.89683
8.86526
8.82217
8.76739
8.69367
8.60629
8.51087
8.40959
8.31869
8.24778
8.20078
8.17902
8.18251
8.19694
8.22587
8.26394
8.3173
8.37983
8.46859
8.58955
8.73383
8.89722
9.06384
9.20699
9.30469
9.3336
9.28229
9.14714
8.94344
8.69873
8.42637
8.16142
7.92055
7.7174
7.56487
7.4652
7.42676
7.44364
7.518
7.63039
7.77751
7.93628
8.09144
8.21569
8.30317
8.34411
8.35061
8.34196
8.33768
8.36666
8.4317
8.53551
8.66406
8.79799
8.91415
9.00006
9.04499
9.05539
9.03284
8.97455
8.88047
8.76236
8.62055
8.4693
8.32019
8.18177
8.05691
7.95588
7.87912
7.83216
7.80679
7.80606
7.83391
7.89065
7.99272
8.13173
8.3055
8.49327
8.68008
8.83862
8.96146
9.02652
9.05108
9.03736
8.98618
8.90502
8.80093
8.68233
8.55789
8.44099
8.34233
8.26309
8.20428
8.15612
8.11635
8.07375
8.04624
8.0232
8.02853
8.06517
8.12971
8.21449
8.30564
8.3927
8.46544
8.51833
8.55686
8.58854
8.61795
8.64894
8.67231
8.67919
8.66006
8.60082
8.50413
8.39597
8.29655
8.22563
8.18347
8.18145
8.21357
8.2734
8.34223
8.40641
8.45472
8.47585
8.46254
8.42372
8.36406
8.28867
8.21027
8.1358
8.07347
8.01473
7.9709
7.9382
7.93488
7.95161
7.99482
8.06101
8.14425
8.22431
8.30676
8.36515
8.38885
8.38988
8.36444
8.32665
8.27396
8.23346
8.20892
8.22638
8.29656
8.41174
8.56375
8.73421
8.8926
9.0131
9.08293
9.10702
9.08558
9.04436
8.9945
8.94905
8.91637
8.88975
8.86096
8.81478
8.7425
8.64077
8.50271
8.3472
8.19031
8.05042
7.9276
7.8262
7.74921
7.6901
7.65092
7.62424
7.61436
7.62206
7.6466
7.68318
7.73692
7.80648
7.89548
8.00473
8.14448
8.30893
8.48575
8.65245
8.78779
8.87417
8.89839
8.86959
8.80321
8.72494
8.65739
8.6063
8.58182
8.59034
8.62787
8.69627
8.77961
8.8719
8.95733
9.01094
9.02498
8.97869
8.8775
8.72612
8.5306
8.32253
8.11843
7.92884
7.77301
7.65332
7.58273
7.55998
7.56836
7.60106
7.65939
7.74417
7.85566
7.99085
8.14073
8.28835
8.41913
8.53393
8.62239
8.68352
8.72017
8.72631
8.70852
8.66594
8.60497
8.52535
8.44062
8.35946
8.27579
8.19332
8.10612
8.01509
7.92202
7.8442
7.79699
7.7958
7.842
7.938
8.0766
8.24706
8.42826
8.59798
8.75081
8.87504
8.96157
9.00447
8.99403
8.92858
8.81557
8.6687
8.49901
8.33904
8.20545
8.11043
8.06353
8.05541
8.09081
8.16878
8.2735
8.39599
8.52093
8.62643
8.70821
8.75285
8.75569
8.72206
8.65535
8.57931
8.49709
8.42145
8.36142
8.31983
8.29466
8.2905
8.29828
8.31855
8.33551
8.35845
8.365
8.36041
8.34979
8.34184
8.32222
8.28115
8.22014
8.13383
8.02363
7.89253
7.76114
7.65011
7.57766
7.55736
7.59389
7.68423
7.82074
7.99493
8.19906
8.39881
8.59022
8.75994
8.89518
8.99532
9.06381
9.09896
9.11392
9.10484
9.07948
9.04015
8.99366
8.94054
8.885
8.83864
8.80524
8.78765
8.79739
8.82513
8.87598
8.93737
8.99302
9.03349
9.01796
8.9319
8.76901
8.5427
8.27333
7.98941
7.71481
7.47943
7.29661
7.17959
7.12846
7.13989
7.18917
7.27916
7.38585
7.49158
7.5974
7.69866
7.79445
7.89799
8.01783
8.15405
8.30342
8.43903
8.56565
8.66452
8.72592
8.75902
8.76773
8.75747
8.73693
8.6989
8.65989
8.63189
8.61879
8.63419
8.67868
8.74928
8.83516
8.92334
8.99426
9.03057
9.01744
8.94721
8.82343
8.67001
8.50799
8.35484
8.22411
8.13284
8.07746
8.06633
8.0903
8.14543
8.21551
8.3101
8.40221
8.49403
8.57756
8.65419
8.70725
8.73934
8.74336
8.72141
8.68389
8.64136
8.60034
8.56299
8.53287
8.51315
8.49997
8.4965
8.50347
8.51688
8.53522
8.53992
8.52548
8.47311
8.38504
8.27548
8.14859
8.02749
7.9332
7.86812
7.84425
7.86692
7.92212
8.00503
8.10873
8.2123
8.29693
8.36556
8.41213
8.43931
8.44899
8.45862
8.4572
8.4535
8.43471
8.40713
8.35634
8.3048
8.24882
8.21839
8.22101
8.26985
8.35484
8.48075
8.62681
8.78269
8.94323
9.08932
9.21181
9.28757
9.31088
9.27051
9.16906
9.00578
8.78698
8.53927
8.27656
8.02503
7.80791
7.6473
7.54953
7.52455
7.56308
7.65821
7.78884
7.94002
8.0891
8.24125
8.39558
8.5592
8.71371
8.84883
8.94568
8.98329
8.95581
8.86451
8.72713
8.57187
8.40688
8.26457
8.14449
8.06525
8.0234
8.01374
8.03181
8.07253
8.12995
8.19534
8.27272
8.35243
8.42507
8.48261
8.52622
8.55462
8.57443
8.58712
8.59064
8.57651
8.53656
8.45783
8.33942
8.19451
8.04072
7.90106
7.80147
7.74252
7.72764
7.76035
7.82126
7.89998
7.99267
8.08823
8.17093
8.22315
8.24329
8.22273
8.19108
8.16106
8.14719
8.17304
8.23494
8.32909
8.43362
8.5336
8.61227
8.6556
8.66591
8.63949
8.58586
8.52615
8.4663
8.42081
8.39541
8.39343
8.41534
8.45366
8.49735
8.53554
8.57237
8.59894
8.63101
8.6664
8.70924
8.74969
8.77976
8.79518
8.78947
8.76214
8.71454
8.64592
8.56847
8.4833
8.39112
8.30192
8.21537
8.1327
8.06601
8.01166
7.98243
7.97872
8.01074
8.07712
8.16211
8.25215
8.32415
8.36397
8.36301
8.31971
8.25015
8.16927
8.1096
8.09254
8.1182
8.19488
8.3075
8.44902
8.59176
8.72012
8.80816
8.85093
8.84682
8.80029
8.72783
8.63001
8.51859
8.39719
8.26818
8.1373
8.01514
7.90729
7.82405
7.77001
7.74993
7.76813
7.81226
7.86143
7.92197
7.97191
8.01232
8.03655
8.04453
8.04392
8.05175
8.07164
8.12374
8.2145
8.34683
8.49869
8.67392
8.84814
9.00678
9.13502
9.22392
9.26534
9.25687
9.20238
9.09576
8.96806
8.82446
8.68432
8.55691
8.44702
8.35996
8.2827
8.22587
8.2027
8.20731
8.22933
8.25434
8.27276
8.27233
8.25641
8.22706
8.1866
8.15217
8.13514
8.15543
8.19675
8.26801
8.36077
8.4635
8.55457
8.59967
8.59535
8.52894
8.41583
8.27735
8.13887
8.01656
7.92291
7.87427
7.86115
7.89333
7.9621
8.0623
8.18801
8.33136
8.48476
8.61932
8.71832
8.77758
8.80428
8.7799
8.7359
8.68616
8.63348
8.58802
8.54942
8.5125
8.46089
8.39034
8.30358
8.19498
8.08156
7.98189
7.90699
7.87333
7.87813
7.91633
7.98104
8.05299
8.13041
8.19731
8.249
8.29006
8.31836
8.34208
8.37643
8.41369
8.46225
8.50923
8.54967
8.56897
8.58226
8.58679
8.59029
8.58368
8.56839
8.54748
8.51582
8.48638
8.46676
8.45914
8.46538
8.47409
8.48409
8.48258
8.46612
8.44228
8.41834
8.39588
8.37606
8.36376
8.35567
8.34862
8.33719
8.31218
8.28503
8.25743
8.23253
8.21856
8.21774
8.21997
8.21808
8.20595
8.17319
8.12675
8.0879
8.07061
8.09231
8.16103
8.2841
8.43581
8.59084
8.73347
8.8352
8.8711
8.83273
8.72888
8.57684
8.41721
8.27684
8.1898
8.16485
8.20446
8.29215
8.40215
8.51392
8.59518
8.63843
8.62649
8.55927
8.43694
8.27519
8.08824
7.90485
7.74245
7.61276
7.52387
7.48193
7.48221
7.51954
7.57964
7.66713
7.77409
7.90113
8.04395
8.21523
8.40678
8.60041
8.77556
8.90825
8.98976
9.01366
8.98817
8.92355
8.84856
8.77694
8.73088
8.71278
8.72335
8.74532
8.75816
8.75314
8.71993
8.65816
8.56968
8.45179
8.31404
8.17585
8.05343
7.95544
7.8928
7.87117
7.87957
7.90319
7.94184
7.9977
8.06079
8.14252
8.25238
8.37523
8.50219
8.61657
8.70834
8.75288
8.7477
8.69575
8.6061
8.49403
8.3816
8.29277
8.24342
8.24823
8.29587
8.37865
8.46952
8.54689
8.58922
8.5861
8.5369
8.46072
8.36244
8.26068
8.17907
8.12983
8.11649
8.15628
8.22631
8.33693
8.44924
8.53795
8.57582
8.57385
8.55595
8.53042
8.50948
8.48372
8.44338
8.3896
8.32827
8.26443
8.19772
8.14729
8.11702
8.10707
8.10941
8.11419
8.09208
8.04443
7.97175
7.89956
7.83418
7.80195
7.81301
7.86451
7.95418
8.07887
8.21813
8.36163
8.49055
8.58762
8.64722
8.65044
8.60898
8.52395
8.432
8.35267
8.30538
8.30101
8.35133
8.43145
8.52418
8.61421
8.68465
8.74058
8.79542
8.84885
8.90701
8.95227
8.9629
8.92572
8.84108
8.70651
8.55385
8.39799
8.26925
8.16523
8.10265
8.0758
8.08967
8.1187
8.16272
8.2057
8.23605
8.24278
8.22253
8.17638
8.11899
8.07575
8.05812
8.07929
8.13762
8.2178
8.30039
8.37355
8.42852
8.45602
8.46102
8.44661
8.42787
8.40534
8.38658
8.38249
8.38267
8.38519
8.3753
8.35348
8.31148
8.25299
8.18771
8.13951
8.11333
8.10537
8.11623
8.14808
8.2017
8.26817
8.33399
8.38996
8.43464
8.45418
8.45631
8.43609
8.39979
8.3478
8.30005
8.256
8.21356
8.17917
8.15464
8.13177
8.1228
8.1284
8.15593
8.19618
8.24308
8.29355
8.34163
8.38509
8.42136
8.45071
8.49262
8.54057
8.60192
8.68277
8.77901
8.8757
8.97452
9.05701
9.10056
9.09221
9.02714
8.90497
8.73191
8.53409
8.3351
8.15507
8.00574
7.888
7.80554
7.76004
7.75482
7.78971
7.86966
7.99003
8.13517
8.29257
8.46175
8.63067
8.7821
8.89903
8.97026
8.98196
8.93812
8.84191
8.70883
8.55134
8.37676
8.19019
7.99589
7.81963
7.68008
7.59518
7.56234
7.58865
7.66603
7.78125
7.9272
8.08019
8.22139
8.35715
8.47568
8.57068
8.65233
8.73112
8.79787
8.857
8.88959
8.88025
8.81658
8.70427
8.55496
8.38913
8.23894
8.13767
8.09419
8.11178
8.18821
8.29109
8.40263
8.49734
8.56517
8.6004
8.60908
8.59928
8.58115
8.55701
8.52178
8.47299
8.41466
8.33828
8.25742
8.1751
8.1084
8.06405
8.04854
8.05762
8.0886
8.14265
8.20377
8.26765
8.31778
8.3485
8.35616
8.35353
8.3375
8.31918
8.3022
8.29137
8.28216
8.28249
8.27354
8.26089
8.23298
8.19408
8.13449
8.07939
8.03912
8.01432
8.02063
8.05762
8.11758
8.19495
8.29753
8.40732
8.51619
8.62607
8.71407
8.78049
8.81109
8.80691
8.77233
8.7286
8.68536
8.65464
8.63923
8.62723
8.60134
8.54235
8.44496
8.32278
8.18614
8.04612
7.91874
7.82293
7.76257
7.75968
7.80678
7.90104
8.02943
8.17899
8.33523
8.48795
8.62198
8.72747
8.80172
8.83082
8.82132
8.78712
8.72646
8.65378
8.58919
8.52877
8.47766
8.43181
8.3842
8.34418
8.30186
8.26971
8.25427
8.25322
8.26344
8.27972
8.28675
8.29115
8.28413
8.26439
8.24887
8.23299
8.21061
8.1903
8.1655
8.14396
8.1318
8.13633
8.16568
8.21998
8.30781
8.42537
8.55394
8.68289
8.80322
8.89235
8.94145
8.92748
8.84605
8.70297
8.50606
8.29179
8.08648
7.91544
7.78489
7.70788
7.67907
7.69304
7.73661
7.807
7.89039
7.97272
8.05777
8.14499
8.23385
8.31575
8.37594
8.39439
8.36471
8.30364
8.22986
8.15186
8.06656
7.97863
7.89427
7.84102
7.84445
7.89872
7.998
8.12483
8.25651
8.38916
8.49253
8.57647
8.63875
8.69151
8.73498
8.76799
8.78884
8.77803
8.75447
8.71448
8.67673
8.64754
8.63113
8.6301
8.63151
8.62066
8.59255
8.53313
8.44698
8.34289
8.24412
8.15675
8.09704
8.06327
8.05895
8.08043
8.12341
8.17574
8.22722
8.26342
8.28865
8.29423
8.28994
8.293
8.30964
8.34012
8.3954
8.48281
8.57786
8.67248
8.74816
8.78482
8.78332
8.737
8.65774
8.55748
8.44217
8.33448
8.23635
8.15559
8.10291
8.08183
8.09074
8.13288
8.18129
8.22398
8.23941
8.22925
8.20658
8.19493
8.19873
8.22535
8.26412
8.31897
8.3805
8.44493
8.50778
8.55866
8.59348
8.60829
8.6031
8.58496
8.55185
8.52536
8.49753
8.47718
8.45073
8.41072
8.35029
8.25673
8.15125
8.03763
7.93196
7.85507
7.81322
7.81497
7.8669
7.9505
8.05362
8.17484
8.29141
8.39629
8.49267
8.55992
8.59898
8.60819
8.59048
8.55674
8.5082
8.45936
8.40613
8.35303
8.30536
8.26464
8.23564
8.22131
8.21471
8.20591
8.17991
8.14602
8.11986
8.10863
8.13517
8.19729
8.28158
8.37015
8.45687
8.53304
8.59122
8.62692
8.63847
8.63931
8.63387
8.64515
8.66784
8.71422
8.7804
8.84255
8.89776
8.93817
8.96339
8.97272
8.97427
8.95732
8.89725
8.79067
8.63719
8.45641
8.26932
8.10682
7.9828
7.9084
7.86718
7.8579
7.86421
7.87609
7.88337
7.8833
7.88505
7.89432
7.90859
7.9308
7.96556
8.00499
8.0387
8.06287
8.07023
8.07592
8.08646
8.1121
8.16169
8.22458
8.29745
8.38623
8.48706
8.59358
8.69721
8.79357
8.87678
8.93059
8.96208
8.96512
8.95705
8.9485
8.94395
8.94841
8.94909
8.94741
8.91984
8.8742
8.80163
8.70414
8.58821
8.45991
8.32575
8.20056
8.07547
7.97629
7.89246
7.82173
7.77346
7.75226
7.75851
7.79889
7.8644
7.96433
8.09162
8.23299
8.3697
8.47445
8.53173
8.54152
8.51363
8.46089
8.39345
8.31224
8.21651
8.10882
8.00322
7.91353
7.84484
7.81191
7.80762
7.84594
7.91803
8.01406
8.12133
8.22602
8.33582
8.46155
8.60603
8.76217
8.91774
9.04446
9.12379
9.1449
9.10199
9.01075
8.88551
8.74745
8.61915
8.518
8.4441
8.40298
8.39004
8.39002
8.37688
8.33538
8.25212
8.13017
7.99965
7.88385
7.80907
7.78753
7.81295
7.87409
7.95302
8.02927
8.09599
8.14482
8.17306
8.17571
8.17872
8.18886
8.21933
8.27355
8.34467
8.41443
8.46766
8.49761
8.50089
8.48516
8.45707
8.44376
8.44431
8.46321
8.50296
8.55539
8.61932
8.67921
8.73681
8.78532
8.80896
8.79232
8.75186
8.69704
8.64335
8.61665
8.61881
8.64887
8.69438
8.74414
8.7811
8.79739
8.79352
8.76022
8.70381
8.62363
8.52303
8.40481
8.27798
8.15267
8.03789
7.95385
7.91867
7.94547
8.02931
8.15918
8.31477
8.46321
8.58256
8.65462
8.66868
8.61002
8.49413
8.342
8.16103
7.98291
7.82879
7.7144
7.65037
7.64939
7.70541
7.81754
7.97468
8.15866
8.35668
8.53699
8.67513
8.75882
8.79815
8.7893
8.7633
8.74216
8.72946
8.71872
8.70969
8.68838
8.66011
8.61481
8.57032
8.53432
8.50486
8.48481
8.47175
8.45329
8.42962
8.3871
8.33586
8.28188
8.23508
8.20607
8.19665
8.1997
8.21265
8.22559
8.23364
8.24208
8.25676
8.28315
8.32358
8.37533
8.42532
8.47201
8.50473
8.52712
8.54391
8.56122
8.58042
8.6104
8.64648
8.68116
8.70101
8.7111
8.70363
8.68852
8.67112
8.65133
8.62179
8.57932
8.53011
8.46996
8.40442
8.33581
8.26984
8.19521
8.12566
8.05144
7.97498
7.90668
7.85445
7.82364
7.81656
7.83954
7.89319
7.98028
8.10397
8.25291
8.42796
8.59739
8.73503
8.81311
8.81031
8.72754
8.59778
8.43878
8.29634
8.17844
8.1069
8.07652
8.09114
8.13163
8.18464
8.23553
8.26788
8.28303
8.28435
8.28738
8.29747
8.33539
8.40085
8.49913
8.6218
8.75435
8.89172
9.00398
9.08129
9.10604
9.07366
8.97914
8.82661
8.63672
8.43536
8.24808
8.10004
8.00612
7.98642
8.03436
8.14622
8.29534
8.44922
8.58323
8.65947
8.6812
8.64846
8.5795
8.50185
8.42742
8.36395
8.32083
8.28937
8.26942
8.24147
8.20525
8.15485
8.10505
8.05705
8.02726
8.02385
8.04602
8.10261
8.19293
8.30009
8.41557
8.52435
8.61841
8.68829
8.73277
8.75436
8.74867
8.72894
8.68368
8.62324
8.54839
8.46712
8.38842
8.32329
8.28439
8.27065
8.2771
8.31047
8.35845
8.43018
8.51304
8.59469
8.65786
8.6841
8.66381
8.59775
8.49319
8.37618
8.26876
8.17687
8.10997
8.07585
8.05636
8.05276
8.04644
8.05085
8.05873
8.08569
8.12506
8.18385
8.26188
8.34732
8.43172
8.49976
8.54516
8.56895
8.57372
8.56831
8.55314
8.54812
8.54618
8.54594
8.54844
8.55804
8.5701
8.57801
8.57239
8.55878
8.53827
8.51477
8.50002
8.50394
8.52047
8.53763
8.53464
8.48243
8.37993
8.25775
8.15476
8.10574
8.12102
8.1919
8.30087
8.4198
8.52968
8.60503
8.62506
8.57281
8.45619
8.30251
8.13611
8.00123
7.92967
7.92417
7.98043
8.09503
8.2501
8.40705
8.54873
8.65446
8.69846
8.67476
8.58667
8.4572
8.30337
8.1406
7.99632
7.8796
7.80202
7.77414
7.79443
7.85766
7.95924
8.10359
8.28096
8.46509
8.64233
8.78699
8.87479
8.89168
8.83743
8.72434
8.56769
8.3967
8.2239
8.07471
7.96852
7.9129
7.91839
7.97571
8.08195
8.21189
8.34764
8.46547
8.55517
8.60154
8.59252
8.54142
8.45837
8.37195
8.31253
8.29593
8.32364
8.39019
8.48193
8.58276
8.66231
8.71458
8.72811
8.70541
8.65076
8.57123
8.50033
8.43568
8.39534
8.38188
8.39046
8.40799
8.4277
8.43497
8.42466
8.38379
8.31707
8.23438
8.13814
8.04921
7.97391
7.91386
7.87091
7.84124
7.82573
7.82151
7.84342
7.87924
7.94211
8.03116
8.13675
8.25623
8.38077
8.50809
8.62968
8.74838
8.84796
8.93133
8.99139
9.0208
9.0095
8.93869
8.81689
8.65317
8.47186
8.31224
8.18993
8.1144
8.08066
8.07671
8.08811
8.09866
8.11092
8.11813
8.11934
8.12281
8.12923
8.14385
8.16554
8.19337
8.21891
8.23574
8.22652
8.18374
8.11133
8.02278
7.93693
7.86974
7.84804
7.88011
7.96563
8.0982
8.26982
8.44881
8.61735
8.76061
8.86092
8.92274
8.93392
8.90529
8.84449
8.74464
8.63738
8.52344
8.42393
8.3467
8.29874
8.2812
8.29469
8.31436
8.3291
8.31548
8.26728
8.18715
8.08346
7.97652
7.88967
7.82954
7.80686
7.82181
7.86127
7.92502
8.00603
8.08972
8.17338
8.2548
8.33746
8.42472
8.53398
8.66278
8.80224
8.94568
9.05538
9.11859
9.11886
9.05796
8.94774
8.81234
8.66929
8.53927
8.42097
8.31948
8.22851
8.14154
8.045
7.94153
7.82999
7.72851
7.65204
7.61995
7.65089
7.74328
7.89108
8.07774
8.27672
8.47038
8.63281
8.74653
8.80191
8.79657
8.74636
8.65708
8.55259
8.44266
8.33153
8.22894
8.13429
8.05186
7.99428
7.97476
8.00349
8.08007
8.2104
8.38687
8.5847
8.77097
8.93945
9.06671
9.14679
9.1742
9.15701
9.09881
9.00224
8.87557
8.72968
8.57406
8.43126
8.31909
8.25106
8.22976
8.26276
8.32241
8.39596
8.45353
8.47396
8.43788
8.3443
8.21686
8.08722
7.98325
7.92739
7.92275
7.97622
8.05729
8.13253
8.18287
8.19748
8.20471
8.21999
8.2586
8.32205
8.40385
8.49905
8.59171
8.66384
8.70873
8.71298
8.67642
8.60999
8.52719
8.4456
8.37807
8.35072
8.36084
8.40788
8.46981
8.53759
8.586
8.60773
8.58623
8.52869
8.43868
8.31861
8.1891
8.05689
7.93956
7.84901
7.78589
7.76099
7.7809
7.83624
7.93371
8.05468
8.1966
8.33374
8.45282
8.55191
8.63061
8.70292
8.76356
8.81138
8.84607
8.87615
8.88662
8.88449
8.88143
8.87287
8.85644
8.82844
8.78149
8.70873
8.6191
8.51366
8.40836
8.30358
8.20546
8.10755
8.01719
7.94731
7.8976
7.86953
7.86793
7.88178
7.90889
7.94669
7.99372
8.04786
8.10838
8.16626
8.22328
8.27304
8.31071
8.34167
8.36383
8.3757
8.3816
8.38634
8.40571
8.43817
8.49033
8.55991
8.62693
8.68214
8.70021
8.66724
8.57593
8.43208
8.26766
8.09005
7.93898
7.83195
7.7794
7.78181
7.833
7.91422
8.01021
8.09844
8.16782
8.21628
8.25111
8.2831
8.32411
8.37864
8.46521
8.57762
8.72871
8.90272
9.0884
9.26325
9.4014
9.47832
9.47314
9.38063
9.20598
8.97033
8.69234
8.40017
8.11787
7.85729
7.64578
7.49984
7.43553
7.45586
7.55873
7.73582
7.97052
8.24514
8.5345
8.8084
9.0427
9.20956
9.30205
9.30622
9.23514
9.10783
8.9288
8.73091
8.51807
8.30973
8.11734
7.93694
7.78321
7.66005
7.58979
7.57514
7.62414
7.71889
7.84397
7.9759
8.08167
8.15521
8.19074
8.19521
8.17816
8.15359
8.1262
8.11243
8.12693
8.16566
8.24842
8.35981
8.48019
8.59412
8.68356
8.74413
8.77003
8.7647
8.73972
8.69785
8.66029
8.62076
8.60119
8.59524
8.61156
8.63786
8.65113
8.6339
8.57506
8.47702
8.34689
8.19867
8.04775
7.92095
7.84376
7.80969
7.84378
7.9298
8.06831
8.24876
8.45027
8.67547
8.89617
9.09601
9.2466
9.31959
9.30637
9.20645
9.02436
8.78392
8.53594
8.3033
8.11073
7.96414
7.87731
7.83609
7.84458
7.88089
7.93328
7.98973
8.0328
8.04307
8.03402
7.99898
7.96097
7.925
7.90582
7.91089
7.9505
8.02746
8.14932
8.30447
8.48944
8.66718
8.81464
8.9087
8.92718
8.88284
8.78569
8.66099
8.53728
8.42853
8.34847
8.30537
8.29929
8.32464
8.3807
8.44643
8.49726
8.52148
8.51966
8.48557
8.42146
8.34339
8.25874
8.18325
8.13173
8.1046
8.10409
8.12949
8.17563
8.22509
8.27035
8.30816
8.34421
8.38882
8.44309
8.51529
8.61151
8.72339
8.83908
8.95387
9.04217
9.09999
9.12554
9.11444
9.07756
9.02071
8.94903
8.86427
8.77001
8.67001
8.56731
8.46917
8.37912
8.30457
8.25257
8.22842
8.23018
8.2455
8.2676
8.28449
8.272
8.21355
8.12561
8.00862
7.88093
7.76678
7.67706
7.6271
7.62342
7.65284
7.71938
7.82306
7.9488
8.09269
8.22766
8.33869
8.41396
8.45494
8.45592
8.42972
8.37361
8.31467
8.25217
8.20876
8.20561
8.24187
8.31283
8.41108
8.51557
8.61404
8.69536
8.75401
8.78397
8.78489
8.77272
8.74385
8.71043
8.67759
8.64456
8.61105
8.56914
8.51479
8.4492
8.38567
8.32185
8.27929
8.26217
8.26976
8.32002
8.3904
8.48068
8.57113
8.65729
8.7312
8.78185
8.80608
8.78918
8.7322
8.65029
8.55646
8.47133
8.40842
8.37939
8.37613
8.3937
8.42958
8.48188
8.54463
8.62006
8.69806
8.77804
8.85177
8.90945
8.92937
8.90085
8.82093
8.69961
8.53857
8.35353
8.16171
7.99512
7.86185
7.77555
7.74712
7.75583
7.80004
7.85914
7.91294
7.94682
7.94181
7.90042
7.82295
7.73487
7.65164
7.59917
7.59799
7.66047
7.78883
7.96945
8.1879
8.42428
8.64284
8.82522
8.9461
8.99442
8.97997
8.91033
8.8235
8.74555
8.68953
8.67281
8.68699
8.71495
8.74808
8.76328
8.74313
8.69095
8.61907
8.53958
8.47118
8.42342
8.3962
8.39964
8.4192
8.44217
8.45037
8.43749
8.4021
8.35203
8.29809
8.25756
8.22594
8.2113
8.2005
8.19082
8.17732
8.15851
8.13839
8.12135
8.11929
8.14695
8.20597
8.29569
8.40713
8.53397
8.66864
8.79195
8.89397
8.96558
9.00372
8.99619
8.93514
8.83125
8.69288
8.53982
8.39382
8.26246
8.16087
8.08545
8.04366
8.03593
8.07711
8.1653
8.29429
8.44677
8.5841
8.68287
8.72991
8.71228
8.63968
8.52765
8.40233
8.28135
8.1808
8.10554
8.05802
8.01725
7.98467
7.95959
7.94329
7.93304
7.944
7.97685
8.03782
8.1158
8.20676
8.3023
8.38105
8.45492
8.50979
8.5506
8.57699
8.58519
8.58414
8.58107
8.57352
8.57529
8.57729
8.57938
8.57173
8.55285
8.5136
8.45712
8.38637
8.29361
8.19462
8.0933
8.0147
7.9628
7.95346
7.98121
8.02889
8.0937
8.15891
8.2226
8.28339
8.34343
8.40714
8.47181
8.54203
8.60949
8.66004
8.69207
8.68984
8.65779
8.59758
8.51188
8.40847
8.31329
8.23201
8.16839
8.13271
8.12377
8.14413
8.18147
8.22661
8.26829
8.29666
8.31527
8.31615
8.29924
8.27583
8.24818
8.22402
8.20712
8.20274
8.21644
8.25405
8.31477
8.3944
8.48224
8.57005
8.64108
8.67927
8.67725
8.62894
8.55952
8.4621
8.35746
8.25658
8.1717
8.12088
8.09962
8.13296
8.22603
8.37953
8.56424
8.73678
8.85804
8.90091
8.88282
8.83335
8.76981
8.71588
8.66335
8.62381
8.58311
8.55262
8.52022
8.48308
8.45144
8.41377
8.38101
8.36451
8.35969
8.37125
8.38562
8.40381
8.41713
8.41617
8.41578
8.41587
8.42765
8.45906
8.50338
8.55824
8.61283
8.64498
8.64334
8.60235
8.52681
8.41193
8.27983
8.1472
8.03712
7.9575
7.93594
7.96879
8.04919
8.15125
8.25401
8.33459
8.38526
8.40608
8.41131
8.41206
8.42483
8.44958
8.47949
8.48947
8.46741
8.41972
8.3428
8.25259
8.15331
8.07322
8.01544
7.99387
8.01412
8.08049
8.17549
8.27867
8.37558
8.45466
8.49343
8.50145
8.48163
8.45227
8.41965
8.38817
8.3601
8.32643
8.29031
8.25104
8.217
8.20329
8.21506
8.25436
8.31058
8.36435
8.40898
8.42067
8.42136
8.41825
8.43684
8.47664
8.53228
8.58244
8.61474
8.61656
8.59884
8.566
8.52619
8.47432
8.40265
8.3212
8.23704
8.15995
8.08654
8.02566
7.9862
7.96376
7.95324
7.976
8.02026
8.09579
8.19675
8.29849
8.38499
8.44074
8.46828
8.46052
8.44184
8.40905
8.37382
8.34451
8.32765
8.33203
8.36288
8.41727
8.48483
8.55385
8.59316
8.59374
8.55431
8.48221
8.39143
8.30768
8.25525
8.23715
8.27241
8.34875
8.45294
8.563
8.66163
8.73214
8.77851
8.79317
8.78089
8.74023
8.67036
8.56083
8.42433
8.27657
8.14807
8.05494
8.00542
8.00106
8.02524
8.06697
8.12723
8.18769
8.25157
8.2978
8.32359
8.33368
8.33107
8.3346
8.35709
8.39609
8.44376
8.46518
8.45441
8.39853
8.30913
8.19852
8.0989
8.02714
8.01122
8.05771
8.16257
8.31389
8.49151
8.68531
8.86427
9.0134
9.10908
9.15236
9.12955
9.04315
8.89084
8.69367
8.47004
8.23927
8.02838
7.86626
7.76119
7.72458
7.75096
7.83051
7.94396
8.08243
8.24486
8.4111
8.56881
8.70994
8.81417
8.87686
8.89192
8.85676
8.78198
8.66928
8.53025
8.36641
8.19646
8.02862
7.87834
7.7448
7.63606
7.55664
7.51385
7.49249
7.50277
7.54414
7.61595
7.7302
7.88048
8.073
8.29645
8.5314
8.75685
8.94715
9.07971
9.14129
9.1314
9.05475
8.94054
8.81281
8.69394
8.59548
8.53571
8.50507
8.50644
8.5245
8.54774
8.56522
8.55447
8.52176
8.47605
8.43591
8.40544
8.38852
8.3849
8.38868
8.39832
8.4038
8.40054
8.39049
8.36001
8.33256
8.31281
8.30251
8.28875
8.25787
8.21843
8.16986
8.14416
8.15615
8.21368
8.29333
8.37734
8.44542
8.47803
8.47006
8.42715
8.35656
8.27469
8.18506
8.1056
8.03673
7.98974
7.97663
7.98953
8.02067
8.06871
8.12647
8.18896
8.262
8.33742
8.41506
8.48353
8.52539
8.53992
8.51939
8.47518
8.41594
8.34909
8.28262
8.23931
8.23162
8.25188
8.30417
8.37693
8.46923
8.56586
8.65642
8.74054
8.80461
8.84399
8.85077
8.82383
8.7606
8.67286
8.5624
8.45032
8.34217
8.25644
8.19137
8.15468
8.14021
8.14629
8.15612
8.16798
8.17153
8.16957
8.16037
8.1443
8.13216
8.12884
8.13325
8.14456
8.16868
8.20268
8.24368
8.29076
8.35027
8.41062
8.4758
8.54513
8.61298
8.66437
8.68466
8.66199
8.59857
8.51792
8.42146
8.33634
8.2717
8.22507
8.18288
8.15692
8.13962
8.11615
8.08788
8.06031
8.04023
8.03146
8.0288
8.02665
8.02599
8.02615
8.02719
8.03881
8.03991
8.04257
8.02522
7.9987
7.96548
7.9305
7.91835
7.93823
8.00072
8.10593
8.25304
8.43763
8.63658
8.83148
8.99765
9.12075
9.18107
9.1943
9.16121
9.08771
8.9893
8.88354
8.78005
8.69882
8.647
8.62308
8.632
8.65539
8.68284
8.68571
8.65682
8.58462
8.47458
8.33661
8.19191
8.05259
7.92065
7.8008
7.69625
7.61451
7.56441
7.54069
7.55023
7.59259
7.65749
7.74472
7.84808
7.96994
8.1063
8.24896
8.37793
8.48284
8.54848
8.58002
8.58076
8.56778
8.55158
8.54296
8.54614
8.55882
8.57615
8.60298
8.6408
8.68735
8.73484
8.77951
8.80838
8.81229
8.78139
8.7178
8.63262
8.53834
8.45494
8.38372
8.329
8.28819
8.25262
8.2451
8.25482
8.29276
8.34463
8.39266
8.43795
8.45802
8.45629
8.4281
8.37688
8.30072
8.20034
8.0829
7.95282
7.83745
7.75185
7.71161
7.71807
7.76612
7.84466
7.93119
8.02189
8.11011
8.18887
8.26312
8.33086
8.3918
8.46541
8.55851
8.6764
8.80505
8.9288
9.01114
9.05042
9.02242
8.94212
8.82139
8.68786
8.56741
8.47263
8.41635
8.38472
8.37796
8.36748
8.34326
8.30029
8.24575
8.17742
8.11047
8.04572
7.98319
7.92858
7.8893
7.87281
7.87404
7.91572
7.99881
8.12109
8.27977
8.46467
8.66108
8.84027
8.99065
9.07757
9.09591
9.03878
8.91657
8.73359
8.50779
8.27789
8.07216
7.92154
7.84071
7.82788
7.88047
7.97704
8.10035
8.24203
8.38005
8.50565
8.6081
8.6863
8.73993
8.76527
8.77129
8.74872
8.71252
8.65988
8.59408
8.52393
8.46366
8.42323
8.4088
8.42605
8.46285
8.50771
8.5393
8.54241
8.51543
8.44935
8.36092
8.26941
8.19034
8.12905
8.10197
8.11288
8.15276
8.2145
8.29059
8.37417
8.45171
8.51691
8.57355
8.6069
8.62042
8.59811
8.53436
8.42695
8.29422
8.16052
8.05187
7.99799
8.00617
8.07105
8.17245
8.29444
8.40349
8.4795
8.5104
8.49501
8.45128
8.39357
8.34034
8.30855
8.31093
8.34107
8.40401
8.49284
8.57667
8.64194
8.65874
8.62199
8.5312
8.41218
8.28628
8.1719
8.08535
8.02879
8.0018
7.99317
7.99434
7.99813
8.00355
8.02714
8.07735
8.15417
8.2424
8.34782
8.45832
8.54497
8.59394
8.6124
8.58854
8.53355
8.46701
8.40316
8.34265
8.29355
8.26232
8.23996
8.22602
8.21626
8.21123
8.21906
8.23773
8.26205
8.28941
8.29564
8.27931
8.23542
8.17932
8.12703
8.09535
8.10122
8.14916
8.23054
8.32646
8.41377
8.47073
8.4818
8.45826
8.41857
8.38477
8.37703
8.39605
8.45386
8.55143
8.67999
8.83442
9.00413
9.15584
9.27207
9.32976
9.30416
9.1965
9.00944
8.75879
8.48867
8.21034
7.94951
7.72714
7.55786
7.44559
7.40606
7.43034
7.49858
7.5993
7.73034
7.87095
8.0259
8.19486
8.37828
8.57093
8.76479
8.92435
9.0182
9.01657
8.91096
8.71726
8.49375
8.29108
8.13293
8.03172
7.98524
7.97399
7.99038
8.01371
8.05533
8.11712
8.20902
8.33668
8.49151
8.64409
8.77566
8.86635
8.91744
8.9252
8.89876
8.85375
8.79048
8.7202
8.64532
8.58034
8.52899
8.47505
8.4231
8.37427
8.33791
8.31651
8.31417
8.32235
8.34648
8.37772
8.41462
8.45139
8.48317
8.50544
8.51894
8.50935
8.4934
8.46449
8.42808
8.38517
8.33697
8.29113
8.26118
8.25406
8.28205
8.34521
8.43262
8.53211
8.62826
8.7172
8.78753
8.83187
8.84192
8.8187
8.74997
8.6444
8.50294
8.33564
8.16904
8.01206
7.8874
7.80949
7.78875
7.83094
7.91784
8.03461
8.16541
8.28794
