-0.288722
-0.291214
-0.296927
-0.304448
-0.312325
-0.319566
-0.325736
-0.330854
-0.3351
-0.338641
-0.341572
-0.343859
-0.345402
-0.346042
-0.345647
-0.344181
-0.341701
-0.338471
-0.334959
-0.33181
-0.329725
-0.32918
-0.330349
-0.333007
-0.336605
-0.340488
-0.344046
-0.346868
-0.348684
-0.349415
-0.349145
-0.348016
-0.346237
-0.344052
-0.341677
-0.339334
-0.337205
-0.335441
-0.334185
-0.333599
-0.333816
-0.334985
-0.337172
-0.34034
-0.344332
-0.348924
-0.353836
-0.358851
-0.363788
-0.368568
-0.373173
-0.377564
-0.381731
-0.385647
-0.389248
-0.392509
-0.395377
-0.397777
-0.399646
-0.400916
-0.401468
-0.401177
-0.39984
-0.397246
-0.393171
-0.38742
-0.379947
-0.370979
-0.361143
-0.351423
-0.343029
-0.336961
-0.333777
-0.333549
-0.335997
-0.340623
-0.346745
-0.353596
-0.360373
-0.366445
-0.371423
-0.375168
-0.377708
-0.379162
-0.379706
-0.379547
-0.378918
-0.378043
-0.377156
-0.376458
-0.37614
-0.376326
-0.377036
-0.378295
-0.380027
-0.382121
-0.384478
-0.386971
-0.38951
-0.392016
-0.39441
-0.396636
-0.39867
-0.40044
-0.401915
-0.403013
-0.403671
-0.403817
-0.403345
-0.402167
-0.400171
-0.397296
-0.393495
-0.388806
-0.383387
-0.37748
-0.371399
-0.365443
-0.359924
-0.354987
-0.350688
-0.347058
-0.344115
-0.34201
-0.340959
-0.341161
-0.342641
-0.345172
-0.348241
-0.351254
-0.353633
-0.355034
-0.355391
-0.354883
-0.353861
-0.352728
-0.351828
-0.351378
-0.351446
-0.351977
-0.352818
-0.353827
-0.354904
-0.355997
-0.357075
-0.358147
-0.359243
-0.360378
-0.361539
-0.362731
-0.363904
-0.365021
-0.366036
-0.366926
-0.367633
-0.368157
-0.368463
-0.368592
-0.368532
-0.368312
-0.367977
-0.367551
-0.36705
-0.366516
-0.365975
-0.365428
-0.364888
-0.364355
-0.363837
-0.363335
-0.362858
-0.362439
-0.362095
-0.36186
-0.361773
-0.361872
-0.362174
-0.362688
-0.363414
-0.364311
-0.365306
-0.366342
-0.367346
-0.368214
-0.368845
-0.369146
-0.369031
-0.368424
-0.367265
-0.36552
-0.36314
-0.360151
-0.356593
-0.352577
-0.348264
-0.343951
-0.340004
-0.336906
-0.335145
-0.335081
-0.33688
-0.340335
-0.344937
-0.350043
-0.354966
-0.359141
-0.362218
-0.364067
-0.364772
-0.364663
-0.364231
-0.364039
-0.364637
-0.366404
-0.369416
-0.373444
-0.378127
-0.383009
-0.387709
-0.391978
-0.395719
-0.398867
-0.401474
-0.403586
-0.405278
-0.406614
-0.407638
-0.408377
-0.408868
-0.409116
-0.409129
-0.408899
-0.408455
-0.407819
-0.40702
-0.406095
-0.405138
-0.404236
-0.403489
-0.403018
-0.402918
-0.403268
-0.404095
-0.405386
-0.407107
-0.409163
-0.411454
-0.413907
-0.416417
-0.418932
-0.421392
-0.423797
-0.426113
-0.428324
-0.430393
-0.432276
-0.433915
-0.435224
-0.436119
-0.436507
-0.436327
-0.435547
-0.434245
-0.432636
-0.431111
-0.430168
-0.430406
-0.432316
-0.436114
-0.441664
-0.448483
-0.455871
-0.463086
-0.469471
-0.474515
-0.477838
-0.479193
-0.478435
-0.475555
-0.470743
-0.464378
-0.457055
-0.449513
-0.44242
-0.4363
-0.431467
-0.4281
-0.426397
-0.426646
-0.429148
-0.434033
-0.441142
-0.449961
-0.459747
-0.46971
-0.479189
-0.487713
-0.495001
-0.500936
-0.50554
-0.508884
-0.511105
-0.512349
-0.512781
-0.512605
-0.512002
-0.511168
-0.510263
-0.509397
-0.508612
-0.507899
-0.507154
-0.50626
-0.505039
-0.503372
-0.501153
-0.498322
-0.494861
-0.490784
-0.486142
-0.481002
-0.475467
-0.469686
-0.463819
-0.45803
-0.452473
-0.447232
-0.442362
-0.437892
-0.433931
-0.430692
-0.428459
-0.427509
-0.428009
-0.429928
-0.433059
-0.436987
-0.441157
-0.444948
-0.4477
-0.448895
-0.448211
-0.445683
-0.441792
-0.437457
-0.4339
-0.43222
-0.432977
-0.436017
-0.440562
-0.445644
-0.450387
-0.454242
-0.456956
-0.45855
-0.459148
-0.45893
-0.458096
-0.456839
-0.455303
-0.453612
-0.451856
-0.450124
-0.448456
-0.446859
-0.445319
-0.443782
-0.442154
-0.440347
-0.438248
-0.435704
-0.432615
-0.428858
-0.424308
-0.418872
-0.412478
-0.405114
-0.396879
-0.388095
-0.379289
-0.371188
-0.364551
-0.359917
-0.357336
-0.356353
-0.356178
-0.355951
-0.355033
-0.353156
-0.350412
-0.347218
-0.344178
-0.341922
-0.340902
-0.341299
-0.343013
-0.345741
-0.349096
-0.352695
-0.356235
-0.359485
-0.362297
-0.364536
-0.366163
-0.367153
-0.36752
-0.367305
-0.366557
-0.36536
-0.363789
-0.361897
-0.359777
-0.357504
-0.355156
-0.3528
-0.350469
-0.348215
-0.346046
-0.343976
-0.341992
-0.340071
-0.338199
-0.336364
-0.334581
-0.332868
-0.331303
-0.329943
-0.328872
-0.328156
-0.327832
-0.3279
-0.328326
-0.329071
-0.330029
-0.331115
-0.332244
-0.33333
-0.334305
-0.335101
-0.335685
-0.336018
-0.336124
-0.336024
-0.335824
-0.335622
-0.33555
-0.335768
-0.336379
-0.337526
-0.339203
-0.341366
-0.343945
-0.346783
-0.349729
-0.35263
-0.355364
-0.357862
-0.360027
-0.361805
-0.363165
-0.364078
-0.364519
-0.364463
-0.363897
-0.362799
-0.361144
-0.35893
-0.35608
-0.352548
-0.348268
-0.343236
-0.337556
-0.331497
-0.325503
-0.320157
-0.31604
-0.313588
-0.312963
-0.313988
-0.316283
-0.3194
-0.32291
-0.326602
-0.330419
-0.33443
-0.338685
-0.343159
-0.347668
-0.351976
-0.355865
-0.359233
-0.362101
-0.364523
-0.366519
-0.367901
-0.368298
-0.367099
-0.363605
-0.357203
-0.347609
-0.335225
-0.321425
-0.308563
-0.299572
-0.296889
-0.301383
-0.311925
-0.326081
-0.341181
-0.355155
-0.366852
-0.375915
-0.382462
-0.386869
-0.38957
-0.390997
-0.391508
-0.391375
-0.390848
-0.390069
-0.389152
-0.388182
-0.387195
-0.386222
-0.385273
-0.384348
-0.38346
-0.382606
-0.381777
-0.380973
-0.380195
-0.379449
-0.378732
-0.378035
-0.377339
-0.376637
-0.375942
-0.375202
-0.37438
-0.373437
-0.372295
-0.370849
-0.368971
-0.366506
-0.363222
-0.358848
-0.353106
-0.345798
-0.336943
-0.327045
-0.317292
-0.309508
-0.305559
-0.30646
-0.311734
-0.319707
-0.32839
-0.33626
-0.342542
-0.347042
-0.349935
-0.351519
-0.352107
-0.351985
-0.351365
-0.350407
-0.349204
-0.347798
-0.346228
-0.344553
-0.342857
-0.341296
-0.34
-0.339014
-0.338155
-0.336978
-0.334766
-0.330822
-0.324801
-0.317082
-0.308946
-0.302325
-0.298982
-0.299774
-0.304418
-0.311782
-0.320377
-0.328858
-0.336288
-0.342301
-0.346951
-0.350562
-0.353432
-0.355784
-0.357647
-0.359012
-0.359848
-0.360147
-0.359994
-0.359493
-0.358762
-0.35791
-0.357032
-0.356241
-0.355747
-0.355822
-0.35682
-0.359001
-0.362358
-0.366572
-0.371136
-0.375435
-0.378965
-0.38141
-0.382664
-0.3828
-0.38198
-0.380416
-0.378341
-0.375946
-0.373375
-0.370767
-0.368312
-0.366215
-0.364786
-0.364295
-0.364945
-0.366714
-0.369365
-0.37252
-0.375728
-0.378642
-0.380997
-0.382692
-0.383714
-0.38413
-0.384013
-0.383444
-0.382462
-0.381128
-0.379456
-0.377436
-0.375117
-0.372535
-0.369754
-0.366913
-0.364198
-0.361854
-0.360137
-0.359299
-0.359462
-0.360635
-0.362681
-0.36537
-0.368411
-0.371517
-0.374439
-0.376985
-0.379
-0.380357
-0.380952
-0.380685
-0.379452
-0.377163
-0.37377
-0.369279
-0.363798
-0.357597
-0.351146
-0.345071
-0.340072
-0.336835
-0.335738
-0.336804
-0.339673
-0.343725
-0.348225
-0.352508
-0.356039
-0.358496
-0.359723
-0.359779
-0.358913
-0.357524
-0.356115
-0.355192
-0.355107
-0.356001
-0.357735
-0.359949
-0.362185
-0.364002
-0.365013
-0.364956
-0.36368
-0.361142
-0.357435
-0.352855
-0.347932
-0.34342
-0.340162
-0.33888
-0.339876
-0.342952
-0.347518
-0.352832
-0.358185
-0.363143
-0.367436
-0.370957
-0.373724
-0.375774
-0.37719
-0.378024
-0.378344
-0.378208
-0.377662
-0.376709
-0.375344
-0.373544
-0.371279
-0.368502
-0.36523
-0.361557
-0.357678
-0.353873
-0.350575
-0.348212
-0.347177
-0.347696
-0.349825
-0.353366
-0.357978
-0.363219
-0.368667
-0.373938
-0.378744
-0.382915
-0.386353
-0.389046
-0.390979
-0.392172
-0.392637
-0.392384
-0.391403
-0.389719
-0.387367
-0.38443
-0.381084
-0.377575
-0.374255
-0.371456
-0.369454
-0.368387
-0.368251
-0.368866
-0.369939
-0.371125
-0.372069
-0.372459
-0.372027
-0.370599
-0.368227
-0.365188
-0.362084
-0.359739
-0.358988
-0.360332
-0.363737
-0.368674
-0.374325
-0.379881
-0.384731
-0.388535
-0.391091
-0.392319
-0.392204
-0.390744
-0.388005
-0.384098
-0.379245
-0.373834
-0.368353
-0.363434
-0.359683
-0.357537
-0.357057
-0.357887
-0.359317
-0.360472
-0.360574
-0.359243
-0.356695
-0.353746
-0.351454
-0.350523
-0.350759
-0.351237
-0.351005
-0.349972
-0.349227
-0.350403
-0.35454
-0.361315
-0.369231
-0.376559
-0.382211
-0.38589
-0.3879
-0.388854
-0.389359
-0.389882
-0.390642
-0.391643
-0.3928
-0.394004
-0.395195
-0.39639
-0.397664
-0.399088
-0.400695
-0.402436
-0.404218
-0.405872
-0.40721
-0.408037
-0.408147
-0.40739
-0.405611
-0.402677
-0.398567
-0.393337
-0.3873
-0.380965
-0.375123
-0.370709
-0.368579
-0.369218
-0.372588
-0.378145
-0.385084
-0.392548
-0.399798
-0.406356
-0.411946
-0.416469
-0.419921
-0.422362
-0.423848
-0.424384
-0.423946
-0.422452
-0.419763
-0.415737
-0.410277
-0.40344
-0.395475
-0.386973
-0.378765
-0.371835
-0.367054
-0.364958
-0.365552
-0.36835
-0.372556
-0.377335
-0.381992
-0.386092
-0.38949
-0.392264
-0.394679
-0.397041
-0.399617
-0.402508
-0.405599
-0.408606
-0.411173
-0.412961
-0.413736
-0.413453
-0.412131
-0.409941
-0.407138
-0.404047
-0.401015
-0.398423
-0.396542
-0.395551
-0.395471
-0.396155
-0.397351
-0.398759
-0.400077
-0.401069
-0.40158
-0.401506
-0.400846
-0.399656
-0.398053
-0.396204
-0.394284
-0.392503
-0.391019
-0.389969
-0.38939
-0.38926
-0.389486
-0.389916
-0.390405
-0.390848
-0.391179
-0.391458
-0.391779
-0.392308
-0.393225
-0.394646
-0.396647
-0.39918
-0.402106
-0.405256
-0.408439
-0.411494
-0.414281
-0.416726
-0.418791
-0.420462
-0.421723
-0.422599
-0.423099
-0.423255
-0.423082
-0.422617
-0.421901
-0.421012
-0.420023
-0.419022
-0.418088
-0.417289
-0.416623
-0.416054
-0.415462
-0.414684
-0.413539
-0.411811
-0.409288
-0.405804
-0.401247
-0.395605
-0.389067
-0.382099
-0.375524
-0.370388
-0.367764
-0.368352
-0.3722
-0.378667
-0.386664
-0.395079
-0.402965
-0.409713
-0.414987
-0.418667
-0.420766
-0.421328
-0.420463
-0.418301
-0.415096
-0.411187
-0.407048
-0.4032
-0.400078
-0.397882
-0.396526
-0.395605
-0.394636
-0.393206
-0.391143
-0.388593
-0.386052
-0.384261
-0.384034
-0.385972
-0.390261
-0.396553
-0.404097
-0.411962
-0.419244
-0.425299
-0.429734
-0.432383
-0.43326
-0.432474
-0.430252
-0.426871
-0.422682
-0.418074
-0.413468
-0.409305
-0.405906
-0.403492
-0.402068
-0.401431
-0.40124
-0.401062
-0.400449
-0.399075
-0.396759
-0.393506
-0.389492
-0.385001
-0.380397
-0.376066
-0.372334
-0.369494
-0.367778
-0.367257
-0.367902
-0.369541
-0.371867
-0.374498
-0.377059
-0.379171
-0.380574
-0.381099
-0.380715
-0.379545
-0.377873
-0.376153
-0.374902
-0.374555
-0.375407
-0.377433
-0.380399
-0.383869
-0.387406
-0.390648
-0.393343
-0.39539
-0.396775
-0.397541
-0.397815
-0.39769
-0.397281
-0.396703
-0.396057
-0.395425
-0.39489
-0.394487
-0.394247
-0.394145
-0.394138
-0.394094
-0.393861
-0.393215
-0.391817
-0.389319
-0.385319
-0.379451
-0.371655
-0.362486
-0.353292
-0.346136
-0.342984
-0.344596
-0.349967
-0.356945
-0.363363
-0.367841
-0.369881
-0.369701
-0.367911
-0.365296
-0.362694
-0.360793
-0.360094
-0.360811
-0.362876
-0.36601
-0.369858
-0.374034
-0.378249
-0.382285
-0.386035
-0.38943
-0.39249
-0.395281
-0.397848
-0.400255
-0.402573
-0.404823
-0.407034
-0.409164
-0.411205
-0.413108
-0.414823
-0.416297
-0.417473
-0.418329
-0.418828
-0.418914
-0.41858
-0.417814
-0.416617
-0.415005
-0.413016
-0.410696
-0.408102
-0.405311
-0.402389
-0.399365
-0.396236
-0.392941
-0.389422
-0.385625
-0.381648
-0.377805
-0.374709
-0.373161
-0.373923
-0.377395
-0.383322
-0.390889
-0.399031
-0.40673
-0.413252
-0.418204
-0.421448
-0.423002
-0.423027
-0.4217
-0.419257
-0.415969
-0.412146
-0.408133
-0.404221
-0.400703
-0.397771
-0.395527
-0.393958
-0.39295
-0.392358
-0.391931
-0.391427
-0.390565
-0.389066
-0.386735
-0.383514
-0.379504
-0.375019
-0.370545
-0.366654
-0.363835
-0.362515
-0.362857
-0.36487
-0.368422
-0.373357
-0.379431
-0.386352
-0.393777
-0.401291
-0.408489
-0.415
-0.420532
-0.424882
-0.427906
-0.429561
-0.429795
-0.428633
-0.426085
-0.422282
-0.4174
-0.411739
-0.405777
-0.400071
-0.395237
-0.391733
-0.389689
-0.388755
-0.388199
-0.387136
-0.384908
-0.381509
-0.377749
-0.375081
-0.374891
-0.377612
-0.382473
-0.387953
-0.392608
-0.39559
-0.396673
-0.396062
-0.394165
-0.39139
-0.388179
-0.384994
-0.3822
-0.380075
-0.378665
-0.377789
-0.377081
-0.376186
-0.374881
-0.373198
-0.371312
-0.369445
-0.367707
-0.365991
-0.363994
-0.361444
-0.35821
-0.354563
-0.351146
-0.348823
-0.348445
-0.350481
-0.354834
-0.360906
-0.367824
-0.374701
-0.380868
-0.385911
-0.389689
-0.39219
-0.393576
-0.39402
-0.393748
-0.39295
-0.391813
-0.390488
-0.389081
-0.387624
-0.386112
-0.384471
-0.382565
-0.380195
-0.377186
-0.373417
-0.368922
-0.363992
-0.359198
-0.355347
-0.353275
-0.353487
-0.355935
-0.360051
-0.364946
-0.369778
-0.373906
-0.376973
-0.378825
-0.37945
-0.378932
-0.377379
-0.374934
-0.371761
-0.368071
-0.36417
-0.360364
-0.357
-0.354373
-0.352678
-0.351944
-0.352065
-0.352846
-0.354029
-0.355372
-0.356725
-0.358002
-0.359209
-0.360406
-0.361669
-0.363051
-0.364554
-0.366147
-0.367746
-0.369289
-0.370675
-0.371843
-0.372708
-0.373197
-0.373214
-0.372647
-0.37138
-0.369328
-0.366517
-0.363013
-0.359033
-0.354919
-0.351029
-0.347762
-0.345373
-0.343989
-0.343632
-0.344183
-0.345512
-0.347474
-0.349965
-0.352898
-0.356234
-0.359877
-0.363729
-0.367627
-0.371414
-0.374927
-0.378055
-0.380741
-0.383035
-0.385026
-0.386835
-0.388537
-0.390152
-0.391646
-0.392898
-0.393827
-0.394364
-0.394547
-0.394487
-0.394359
-0.394353
-0.394587
-0.395042
-0.395584
-0.395936
-0.395746
-0.394671
-0.392399
-0.388704
-0.383544
-0.377017
-0.369475
-0.36148
-0.353841
-0.34749
-0.343307
-0.34189
-0.343417
-0.34756
-0.353519
-0.360328
-0.366994
-0.372747
-0.377148
-0.380056
-0.381593
-0.382088
-0.381931
-0.381511
-0.381146
-0.380975
-0.381049
-0.381297
-0.38156
-0.381681
-0.381521
-0.380958
-0.37995
-0.378505
-0.376706
-0.374649
-0.372489
-0.37039
-0.368538
-0.367085
-0.366111
-0.36565
-0.365682
-0.36611
-0.366803
-0.367597
-0.368372
-0.368976
-0.369314
-0.369244
-0.368626
-0.36734
-0.365255
-0.362134
-0.357775
-0.351931
-0.344354
-0.334909
-0.323647
-0.311006
-0.297888
-0.285676
-0.275948
-0.269979
-0.268255
-0.27039
-0.275368
-0.281985
-0.289247
-0.29656
-0.30372
-0.310747
-0.31772
-0.324613
-0.331306
-0.33756
-0.343153
-0.347892
-0.351649
-0.354371
-0.356073
-0.356824
-0.356728
-0.355906
-0.354526
-0.352761
-0.350825
-0.348957
-0.347384
-0.346301
-0.345802
-0.345897
-0.346485
-0.347394
-0.348424
-0.349379
-0.35008
-0.350369
-0.350157
-0.349361
-0.347978
-0.346019
-0.343562
-0.340745
-0.337817
-0.33503
-0.332751
-0.331306
-0.33089
-0.331616
-0.333377
-0.335966
-0.339069
-0.342374
-0.345636
-0.348651
-0.351326
-0.353618
-0.355514
-0.357044
-0.358255
-0.3592
-0.359903
-0.360435
-0.360812
-0.361075
-0.361207
-0.361236
-0.361156
-0.360966
-0.360658
-0.360243
-0.359778
-0.359333
-0.358987
-0.358889
-0.359165
-0.359944
-0.361322
-0.363325
-0.365931
-0.369035
-0.372486
-0.376096
-0.379632
-0.382812
-0.385315
-0.386813
-0.386862
-0.385027
-0.380803
-0.373857
-0.364189
-0.352538
-0.340681
-0.331246
-0.326737
-0.328162
-0.334427
-0.343166
-0.352082
-0.359722
-0.365507
-0.369438
-0.37179
-0.37297
-0.373471
-0.37377
-0.374331
-0.375521
-0.377532
-0.38038
-0.383916
-0.387841
-0.391836
-0.395576
-0.398824
-0.401414
-0.403284
-0.404504
-0.405187
-0.405563
-0.405868
-0.406293
-0.406964
-0.407869
-0.408859
-0.40966
-0.409943
-0.409362
-0.40764
-0.404606
-0.400247
-0.394783
-0.388703
-0.382801
-0.37803
-0.375223
-0.374903
-0.376988
-0.38094
-0.385938
-0.391185
-0.396049
-0.400086
-0.403097
-0.404968
-0.405721
-0.40542
-0.404243
-0.402392
-0.400173
-0.397894
-0.39591
-0.394486
-0.393748
-0.393623
-0.393804
-0.393904
-0.393539
-0.392452
-0.390636
-0.388289
-0.385814
-0.383712
-0.382425
-0.382318
-0.383477
-0.385763
-0.388842
-0.392265
-0.39563
-0.398543
-0.400751
-0.402069
-0.402422
-0.401831
-0.400362
-0.398148
-0.395332
-0.392046
-0.388429
-0.384576
-0.380573
-0.376561
-0.372847
-0.369909
-0.368329
-0.36854
-0.370613
-0.374134
-0.378334
-0.382407
-0.385676
-0.38777
-0.388594
-0.388219
-0.386882
-0.384846
-0.382382
-0.379787
-0.377296
-0.3751
-0.373339
-0.372106
-0.371441
-0.371347
-0.371862
-0.373022
-0.374922
-0.377609
-0.381066
-0.385211
-0.389879
-0.394805
-0.399716
-0.404295
-0.40831
-0.411504
-0.413613
-0.414362
-0.413432
-0.410473
-0.405095
-0.397067
-0.386478
-0.374055
-0.361302
-0.350372
-0.343385
-0.341704
-0.345437
-0.353585
-0.364422
-0.376085
-0.387051
-0.39631
-0.403455
-0.408524
-0.411769
-0.413542
-0.41419
-0.414005
-0.413199
-0.411909
-0.410243
-0.408265
-0.406015
-0.403513
-0.400812
-0.397938
-0.394987
-0.392047
-0.389199
-0.38655
-0.384147
-0.381993
-0.38006
-0.378292
-0.376677
-0.375282
-0.374287
-0.373924
-0.374451
-0.375999
-0.378534
-0.381857
-0.385643
-0.389506
-0.39314
-0.396299
-0.398861
-0.400792
-0.402123
-0.402926
-0.403292
-0.40326
-0.402859
-0.40201
-0.400556
-0.3982
-0.394524
-0.388985
-0.381018
-0.370214
-0.356676
-0.341581
-0.327557
-0.318127
-0.315983
-0.321268
-0.331529
-0.343512
-0.35474
-0.364083
-0.371348
-0.376778
-0.380761
-0.383642
-0.385741
-0.387288
-0.388449
-0.389339
-0.390022
-0.390504
-0.390758
-0.390709
-0.390243
-0.389241
-0.387551
-0.385
-0.381521
-0.377166
-0.372185
-0.367065
-0.36251
-0.359258
-0.357827
-0.358431
-0.360917
-0.364918
-0.369974
-0.375672
-0.381633
-0.387523
-0.393008
-0.397844
-0.401807
-0.404769
-0.406621
-0.407262
-0.406568
-0.404398
-0.400584
-0.394973
-0.387543
-0.378529
-0.36859
-0.358869
-0.350922
-0.346274
-0.345822
-0.349427
-0.356055
-0.364196
-0.372453
-0.379809
-0.385718
-0.389929
-0.392454
-0.393374
-0.392817
-0.390901
-0.387728
-0.383503
-0.378442
-0.372957
-0.367631
-0.36311
-0.360074
-0.358984
-0.359985
-0.362877
-0.367217
-0.372506
-0.378274
-0.384141
-0.389862
-0.39525
-0.400172
-0.404536
-0.408279
-0.411372
-0.413805
-0.415625
-0.416859
-0.417589
-0.417909
-0.417917
-0.417714
-0.417398
-0.417067
-0.416778
-0.416575
-0.416481
-0.416466
-0.416493
-0.416494
-0.416368
-0.416048
-0.415428
-0.414456
-0.413053
-0.411203
-0.408943
-0.406365
-0.403627
-0.400945
-0.39856
-0.396717
-0.395588
-0.395234
-0.39561
-0.39658
-0.397936
-0.399497
-0.401116
-0.40271
-0.404229
-0.405653
-0.406934
-0.408004
-0.408754
-0.409044
-0.408784
-0.407932
-0.406588
-0.405008
-0.403575
-0.402736
-0.402875
-0.404182
-0.406583
-0.409771
-0.413339
-0.416876
-0.420081
-0.422767
-0.424853
-0.426307
-0.427141
-0.427357
-0.426951
-0.42587
-0.424085
-0.421601
-0.418445
-0.414811
-0.41102
-0.407579
-0.405039
-0.40389
-0.404371
-0.40634
-0.409321
-0.412677
-0.415764
-0.418125
-0.419501
-0.419844
-0.419271
-0.418016
-0.416382
-0.414663
-0.413086
-0.411791
-0.410789
-0.410018
-0.409379
-0.408817
-0.408337
-0.408056
-0.408147
-0.408782
-0.410087
-0.412104
-0.414767
-0.417916
-0.421371
-0.424923
-0.428408
-0.431696
-0.434731
-0.437468
-0.4399
-0.442058
-0.443958
-0.445627
-0.447099
-0.448387
-0.44954
-0.450543
-0.451385
-0.452059
-0.452546
-0.452792
-0.452726
-0.452254
-0.45121
-0.449357
-0.446368
-0.441799
-0.435084
-0.42566
-0.413273
-0.398555
-0.383723
-0.3725
-0.368562
-0.373018
-0.383484
-0.395882
-0.40688
-0.414891
-0.419768
-0.422091
-0.422613
-0.422047
-0.420933
-0.419624
-0.418361
-0.417255
-0.416324
-0.41553
-0.414808
-0.414098
-0.413297
-0.412324
-0.411173
-0.409826
-0.408364
-0.406977
-0.405888
-0.405412
-0.405839
-0.407336
-0.409894
-0.413328
-0.417317
-0.421494
-0.42552
-0.429143
-0.432198
-0.434594
-0.436304
-0.437351
-0.437746
-0.437543
-0.436767
-0.435493
-0.433779
-0.431728
-0.429464
-0.427155
-0.424985
-0.423155
-0.421786
-0.420985
-0.420757
-0.421003
-0.421595
-0.422322
-0.423012
-0.423507
-0.423742
-0.423673
-0.423348
-0.422816
-0.422152
-0.421415
-0.420666
-0.419969
-0.419392
-0.419039
-0.418977
-0.41928
-0.419961
-0.42097
-0.422234
-0.423649
-0.42514
-0.426669
-0.428263
-0.429991
-0.431943
-0.434191
-0.436767
-0.439629
-0.442703
-0.445824
-0.448838
-0.451537
-0.453767
-0.455375
-0.456238
-0.456253
-0.455344
-0.453489
-0.450666
-0.446902
-0.442272
-0.436853
-0.430824
-0.424368
-0.417737
-0.411223
-0.405193
-0.400013
-0.39604
-0.393595
-0.392858
-0.393821
-0.396285
-0.399877
-0.404128
-0.408568
-0.412807
-0.416552
-0.419644
-0.421999
-0.42364
-0.424621
-0.425056
-0.425044
-0.424703
-0.424098
-0.423308
-0.422376
-0.421301
-0.420092
-0.418725
-0.417199
-0.415509
-0.41365
-0.411622
-0.409461
-0.407215
-0.404924
-0.402627
-0.400386
-0.398235
-0.396191
-0.394278
-0.392474
-0.390775
-0.389102
-0.387438
-0.385756
-0.384009
-0.38218
-0.380268
-0.37827
-0.376188
-0.374068
-0.371922
-0.369782
-0.367699
-0.36571
-0.363849
-0.36215
-0.360646
-0.359331
-0.358228
-0.357301
-0.356567
-0.355991
-0.355536
-0.355203
-0.354981
-0.35486
-0.354851
-0.354949
-0.355191
-0.35556
-0.356055
-0.356691
-0.35744
-0.358289
-0.359197
-0.360131
-0.36103
-0.361808
-0.362339
-0.362496
-0.362061
-0.360786
-0.358408
-0.354676
-0.34951
-0.343164
-0.336411
-0.330543
-0.327002
-0.326669
-0.32918
-0.332997
-0.336031
-0.336409
-0.333106
-0.326232
-0.317116
-0.308225
-0.302246
-0.300766
-0.30343
-0.308323
-0.313344
-0.317286
-0.319984
-0.322019
-0.324192
-0.327042
-0.330792
-0.335286
-0.340201
-0.345158
-0.349845
-0.354042
-0.357611
-0.360468
-0.362545
-0.363817
-0.364235
-0.363744
-0.3623
-0.359869
-0.356466
-0.352199
-0.347241
-0.341929
-0.336729
-0.332207
-0.328924
-0.327336
-0.327663
-0.329828
-0.333487
-0.338142
-0.34328
-0.348407
-0.35317
-0.357308
-0.360734
-0.363416
-0.365457
-0.367001
-0.368222
-0.369334
-0.370534
-0.37194
-0.373621
-0.375531
-0.377601
-0.379664
-0.381568
-0.383155
-0.384297
-0.384864
-0.384768
-0.383957
-0.382398
-0.380127
-0.377235
-0.373883
-0.370309
-0.366864
-0.363903
-0.361814
-0.360891
-0.361291
-0.362994
-0.365827
-0.369472
-0.373491
-0.377387
-0.380692
-0.382914
-0.383664
-0.382632
-0.379641
-0.374695
-0.36799
-0.359966
-0.35134
-0.34305
-0.336177
-0.331797
-0.330748
-0.333395
-0.339487
-0.348262
-0.358605
-0.369424
-0.379732
-0.388811
-0.396107
-0.401261
-0.404077
-0.404548
-0.402992
-0.400064
-0.396761
-0.394153
-0.392988
-0.393407
-0.394822
-0.396259
-0.396714
-0.395507
-0.392327
-0.387214
-0.380459
-0.37256
-0.364174
-0.356069
-0.349085
-0.343979
-0.341184
-0.340669
-0.341913
-0.34415
-0.346694
-0.349217
-0.351682
-0.354234
-0.356957
-0.359844
-0.362835
-0.365902
-0.369123
-0.372586
-0.376384
-0.380504
-0.384806
-0.389022
-0.392886
-0.396194
-0.398886
-0.40103
-0.402848
-0.404639
-0.406669
-0.409094
-0.411935
-0.415073
-0.418311
-0.421438
-0.424248
-0.426612
-0.428473
-0.429803
-0.430632
-0.430996
-0.430944
-0.430539
-0.429834
-0.428851
-0.427647
-0.426234
-0.424606
-0.422742
-0.420596
-0.418097
-0.415191
-0.411842
-0.408027
-0.403821
-0.399365
-0.39489
-0.390724
-0.387251
-0.38482
-0.383772
-0.384297
-0.386421
-0.389998
-0.394694
-0.400076
-0.405675
-0.411055
-0.415878
-0.419917
-0.423044
-0.42524
-0.426562
-0.427092
-0.426928
-0.426181
-0.424928
-0.423239
-0.42114
-0.418716
-0.416097
-0.413538
-0.411401
-0.410081
-0.409923
-0.411039
-0.413245
-0.416167
-0.419259
-0.421956
-0.423803
-0.42453
-0.424031
-0.422368
-0.41978
-0.41663
-0.413314
-0.410107
-0.407075
-0.403994
-0.400479
-0.396157
-0.390956
-0.385313
-0.380217
-0.376941
-0.376482
-0.379153
-0.384386
-0.391044
-0.397973
-0.404317
-0.409636
-0.413786
-0.416844
-0.418955
-0.420255
-0.420894
-0.420941
-0.420431
-0.419351
-0.417651
-0.415207
-0.411889
-0.407505
-0.401889
-0.394873
-0.386443
-0.376841
-0.366741
-0.357352
-0.350126
-0.346305
-0.346307
-0.349475
-0.35455
-0.360214
-0.365606
-0.370351
-0.374377
-0.377764
-0.380554
-0.382738
-0.384185
-0.384741
-0.384185
-0.38229
-0.378784
-0.373473
-0.366254
-0.357243
-0.347013
-0.336626
-0.32762
-0.321495
-0.319115
-0.320411
-0.32452
-0.330317
-0.33686
-0.343525
-0.349916
-0.355826
-0.361119
-0.365734
-0.369651
-0.372919
-0.375612
-0.377809
-0.379617
-0.381104
-0.382336
-0.383354
-0.38417
-0.384797
-0.385206
-0.385377
-0.385242
-0.384759
-0.383826
-0.382342
-0.380197
-0.377231
-0.373322
-0.368291
-0.362066
-0.354608
-0.346065
-0.336869
-0.32781
-0.319984
-0.314573
-0.312482
-0.313891
-0.318215
-0.324347
-0.331105
-0.337573
-0.343256
-0.347958
-0.351711
-0.354662
-0.356984
-0.358846
-0.360355
-0.361618
-0.362666
-0.363522
-0.364192
-0.364683
-0.364963
-0.365072
-0.365035
-0.36489
-0.364685
-0.364443
-0.364216
-0.363985
-0.363714
-0.363359
-0.362861
-0.362148
-0.361178
-0.359933
-0.358474
-0.356868
-0.355255
-0.353788
-0.352627
-0.351911
-0.351726
-0.352085
-0.352938
-0.354175
-0.355645
-0.357201
-0.358693
-0.35999
-0.361044
-0.361801
-0.362251
-0.362415
-0.362349
-0.362106
-0.361767
-0.361381
-0.361028
-0.36075
-0.360579
-0.360503
-0.360515
-0.360574
-0.36063
-0.36062
-0.360506
-0.360267
-0.35988
-0.359362
-0.358735
-0.358046
-0.357363
-0.356778
-0.356383
-0.35624
-0.356403
-0.356884
-0.357671
-0.358703
-0.359903
-0.361179
-0.362448
-0.363616
-0.36466
-0.365532
-0.366238
-0.366823
-0.367312
-0.36779
-0.368291
-0.368907
-0.369645
-0.370547
-0.371608
-0.372819
-0.374134
-0.375531
-0.376947
-0.378355
-0.379713
-0.381021
-0.382244
-0.383412
-0.384491
-0.385514
-0.386503
-0.387448
-0.388338
-0.3892
-0.390024
-0.390815
-0.391548
-0.392214
-0.392774
-0.393194
-0.393417
-0.393386
-0.393025
-0.392266
-0.391003
-0.389148
-0.386669
-0.383551
-0.379871
-0.375787
-0.371621
-0.367744
-0.36457
-0.362471
-0.361644
-0.362113
-0.363747
-0.366326
-0.369621
-0.373419
-0.377551
-0.38183
-0.386078
-0.390141
-0.393903
-0.397281
-0.400281
-0.40295
-0.405331
-0.407528
-0.409568
-0.411496
-0.413298
-0.414967
-0.416505
-0.417912
-0.419219
-0.420461
-0.421683
-0.422927
-0.424218
-0.425552
-0.426921
-0.428244
-0.429477
-0.430522
-0.431319
-0.431776
-0.431857
-0.431556
-0.43092
-0.430106
-0.429313
-0.428773
-0.428688
-0.429169
-0.430198
-0.431657
-0.433346
-0.435067
-0.43665
-0.438005
-0.439096
-0.439908
-0.440446
-0.440659
-0.440496
-0.439872
-0.43874
-0.437147
-0.435208
-0.433138
-0.431145
-0.429422
-0.427995
-0.426644
-0.425063
-0.422838
-0.4197
-0.415539
-0.410536
-0.405099
-0.39979
-0.395215
-0.391907
-0.390249
-0.390441
-0.392507
-0.396438
-0.402094
-0.409188
-0.417234
-0.425563
-0.433452
-0.440378
-0.446085
-0.450589
-0.454061
-0.456777
-0.458965
-0.460822
-0.462398
-0.463706
-0.464712
-0.465356
-0.465577
-0.4653
-0.464472
-0.463034
-0.460964
-0.458282
-0.455094
-0.451587
-0.448042
-0.444796
-0.44221
-0.440572
-0.440005
-0.440427
-0.441545
-0.442945
-0.444152
-0.444671
-0.444117
-0.442145
-0.438562
-0.43333
-0.426652
-0.419003
-0.411061
-0.403579
-0.397105
-0.391845
-0.387655
-0.384366
-0.38206
-0.38115
-0.382293
-0.385972
-0.392218
-0.400531
-0.410087
-0.419973
-0.42942
-0.437937
-0.445212
-0.45112
-0.45564
-0.458833
-0.460778
-0.461554
-0.461256
-0.459979
-0.457863
-0.455102
-0.451978
-0.448884
-0.446288
-0.444616
-0.444151
-0.444903
-0.446619
-0.448839
-0.451083
-0.452992
-0.454411
-0.455381
-0.456087
-0.456724
-0.457422
-0.458169
-0.458821
-0.459209
-0.459172
-0.458677
-0.45782
-0.456807
-0.455931
-0.455451
-0.455614
-0.456595
-0.458494
-0.461316
-0.465
-0.469415
-0.474362
-0.479591
-0.484814
-0.48976
-0.494194
-0.497916
-0.500739
-0.502529
-0.503173
-0.502583
-0.500739
-0.497629
-0.493352
-0.488112
-0.482234
-0.476148
-0.470347
-0.465232
-0.461128
-0.458103
-0.456004
-0.454464
-0.452964
-0.450957
-0.447941
-0.443541
-0.437673
-0.430571
-0.422945
-0.41589
-0.410636
-0.408201
-0.40901
-0.412722
-0.418435
-0.425042
-0.431591
-0.43749
-0.442546
-0.4468
-0.450382
-0.453448
-0.456046
-0.458168
-0.459719
-0.460572
-0.460622
-0.459802
-0.458117
-0.455682
-0.452677
-0.449379
-0.446098
-0.443131
-0.440702
-0.43895
-0.437856
-0.437292
-0.437059
-0.436957
-0.436819
-0.436549
-0.43611
-0.435509
-0.434811
-0.434038
-0.433259
-0.432483
-0.43172
-0.430936
-0.430094
-0.429139
-0.428007
-0.426638
-0.424948
-0.422835
-0.420171
-0.41683
-0.412665
-0.407592
-0.401581
-0.394762
-0.387392
-0.380033
-0.373439
-0.368476
-0.365956
-0.366339
-0.369608
-0.375254
-0.382444
-0.390229
-0.3978
-0.404605
-0.41032
-0.414868
-0.418313
-0.420786
-0.422483
-0.423586
-0.424261
-0.424636
-0.424841
-0.424917
-0.424914
-0.42484
-0.424646
-0.424315
-0.42382
-0.423119
-0.422173
-0.420987
-0.419555
-0.417903
-0.41607
-0.414133
-0.412209
-0.410438
-0.40897
-0.407978
-0.407665
-0.408174
-0.409614
-0.412043
-0.415411
-0.419659
-0.424618
-0.430076
-0.435761
-0.441391
-0.446695
-0.451404
-0.455294
-0.458171
-0.45991
-0.460463
-0.459805
-0.458038
-0.455322
-0.451877
-0.447989
-0.443921
-0.439852
-0.43581
-0.431679
-0.427221
-0.422114
-0.415983
-0.408417
-0.398939
-0.387205
-0.373063
-0.356941
-0.340109
-0.324749
-0.313523
-0.308658
-0.311033
-0.319688
-0.33245
-0.346979
-0.361578
-0.375268
-0.387538
-0.398105
-0.406864
-0.413857
-0.419299
-0.423468
-0.426627
-0.428983
-0.430656
-0.431711
-0.432206
-0.432195
-0.431733
-0.430888
-0.429705
-0.428286
-0.426673
-0.424955
-0.423155
-0.42133
-0.419535
-0.417764
-0.416043
-0.414385
-0.412788
-0.411263
-0.409794
-0.408366
-0.406971
-0.405596
-0.404224
-0.402847
-0.401463
-0.400065
-0.398645
-0.397203
-0.39573
-0.394262
-0.392785
-0.391305
-0.389816
-0.388316
-0.386785
-0.385204
-0.383539
-0.38178
-0.379914
-0.377971
-0.37597
-0.373981
-0.37209
-0.370369
-0.368918
-0.367803
-0.367088
-0.366746
-0.366753
-0.367069
-0.36761
-0.368368
-0.369282
-0.370371
-0.371656
-0.373155
-0.374882
-0.376809
-0.378916
-0.381155
-0.383456
-0.385772
-0.388035
-0.390204
-0.392234
-0.394062
-0.395641
-0.396905
-0.397752
-0.398053
-0.397674
-0.396433
-0.39418
-0.390794
-0.386326
-0.381043
-0.37552
-0.370526
-0.366942
-0.365271
-0.365498
-0.36697
-0.368798
-0.370166
-0.370629
-0.370206
-0.369284
-0.368429
-0.368197
-0.368918
-0.370636
-0.373135
-0.376072
-0.379075
-0.381836
-0.384165
-0.385978
-0.387336
-0.388359
-0.389235
-0.390179
-0.391378
-0.392962
-0.394939
-0.397243
-0.399739
-0.40224
-0.404581
-0.406582
-0.408121
-0.409109
-0.409527
-0.409324
-0.40849
-0.407049
-0.405039
-0.402527
-0.399593
-0.396386
-0.393069
-0.389895
-0.3871
-0.384916
-0.383503
-0.382973
-0.383318
-0.38444
-0.386156
-0.388249
-0.390512
-0.392752
-0.394827
-0.396634
-0.398133
-0.39934
-0.400342
-0.401238
-0.402196
-0.403381
-0.404922
-0.406919
-0.409407
-0.412306
-0.415483
-0.4188
-0.422077
-0.425165
-0.427966
-0.430412
-0.43246
-0.434105
-0.435336
-0.436168
-0.436605
-0.436637
-0.436259
-0.435473
-0.434249
-0.432586
-0.430478
-0.427953
-0.425042
-0.421815
-0.418402
-0.414944
-0.411665
-0.408779
-0.406518
-0.405077
-0.404612
-0.405176
-0.40675
-0.409258
-0.41257
-0.416529
-0.420982
-0.425809
-0.430867
-0.43607
-0.441319
-0.446509
-0.451554
-0.45635
-0.460796
-0.464773
-0.468185
-0.470915
-0.472856
-0.473916
-0.474008
-0.473077
-0.471174
-0.468464
-0.46521
-0.461874
-0.458953
-0.456899
-0.455936
-0.455987
-0.456689
-0.457524
-0.458017
-0.457853
-0.457002
-0.455636
-0.454107
-0.45283
-0.452202
-0.452488
-0.453769
-0.456001
-0.458992
-0.462511
-0.466322
-0.470228
-0.474075
-0.477793
-0.481366
-0.484883
-0.488396
-0.491978
-0.495584
-0.499116
-0.50242
-0.505353
-0.507848
-0.509918
-0.511612
-0.513028
-0.514193
-0.515087
-0.515636
-0.515727
-0.51524
-0.514062
-0.512146
-0.50947
-0.506052
-0.502007
-0.497509
-0.492788
-0.488146
-0.483923
-0.480439
-0.477962
-0.476596
-0.476352
-0.477086
-0.478578
-0.480515
-0.482552
-0.484363
-0.485636
-0.486138
-0.485762
-0.484495
-0.482492
-0.480112
-0.477795
-0.476107
-0.47565
-0.476843
-0.479866
-0.484529
-0.490401
-0.496904
-0.503456
-0.509612
-0.515135
-0.519928
-0.524022
-0.5275
-0.530462
-0.532966
-0.535035
-0.536612
-0.537607
-0.537889
-0.537343
-0.535858
-0.533351
-0.529788
-0.525144
-0.519481
-0.512916
-0.505598
-0.497742
-0.489579
-0.481346
-0.473327
-0.465849
-0.459365
-0.454365
-0.451214
-0.450027
-0.450507
-0.452095
-0.454101
-0.455963
-0.457334
-0.458085
-0.458294
-0.458115
-0.457703
-0.457222
-0.456804
-0.456514
-0.45639
-0.456419
-0.456592
-0.456868
-0.457211
-0.457575
-0.457937
-0.458297
-0.458632
-0.458944
-0.459248
-0.459532
-0.459814
-0.460085
-0.460318
-0.460492
-0.46057
-0.460492
-0.460191
-0.459577
-0.458539
-0.456971
-0.454764
-0.451793
-0.447972
-0.44327
-0.43776
-0.431698
-0.425558
-0.419997
-0.415817
-0.413736
-0.41416
-0.416994
-0.421709
-0.427468
-0.433458
-0.439079
-0.443957
-0.447949
-0.451049
-0.453313
-0.454827
-0.455693
-0.456005
-0.455829
-0.455261
-0.454383
-0.453291
-0.452037
-0.450669
-0.449248
-0.447784
-0.446315
-0.444896
-0.443573
-0.442431
-0.441545
-0.441005
-0.44087
-0.441125
-0.44174
-0.442615
-0.443629
-0.444614
-0.445408
-0.445846
-0.445719
-0.444808
-0.442869
-0.439645
-0.434918
-0.428588
-0.420759
-0.411866
-0.402742
-0.394603
-0.388778
-0.38627
-0.387379
-0.391493
-0.3974
-0.40377
-0.409543
-0.414174
-0.417621
-0.420209
-0.422466
-0.424918
-0.427927
-0.431567
-0.435677
-0.439967
-0.444113
-0.447885
-0.451154
-0.453856
-0.456028
-0.457704
-0.458947
-0.459809
-0.460333
-0.460574
-0.460524
-0.46019
-0.459549
-0.458551
-0.45712
-0.455174
-0.452598
-0.449336
-0.445377
-0.440812
-0.435833
-0.430741
-0.425877
-0.421434
-0.417438
-0.413671
-0.4098
-0.405524
-0.400747
-0.395683
-0.390823
-0.38684
-0.384283
-0.383403
-0.384056
-0.38575
-0.387901
-0.390027
-0.391828
-0.393245
-0.394316
-0.395204
-0.396032
-0.396925
-0.397969
-0.399178
-0.400516
-0.401908
-0.403226
-0.404347
-0.405203
-0.405741
-0.405964
-0.405895
-0.405544
-0.404924
-0.40398
-0.402699
-0.401062
-0.399105
-0.396912
-0.394601
-0.392312
-0.390172
-0.388292
-0.386719
-0.385487
-0.384619
-0.3841
-0.383906
-0.384018
-0.384428
-0.385058
-0.385841
-0.3867
-0.387533
-0.388254
-0.388808
-0.389136
-0.389219
-0.389031
-0.388588
-0.387909
-0.386999
-0.385917
-0.384688
-0.383323
-0.381889
-0.380417
-0.378947
-0.377528
-0.376201
-0.375008
-0.373979
-0.373132
-0.372449
-0.371904
-0.371483
-0.371153
-0.370889
-0.370692
-0.370569
-0.370552
-0.370747
-0.371279
-0.372326
-0.374052
-0.376595
-0.38002
-0.38427
-0.389181
-0.394505
-0.39995
-0.405214
-0.410072
-0.414344
-0.417966
-0.420911
-0.423252
-0.425087
-0.426547
-0.427689
-0.428518
-0.428905
-0.42861
-0.427374
-0.424904
-0.421035
-0.415776
-0.409369
-0.402271
-0.395016
-0.388071
-0.381696
-0.375981
-0.370856
-0.366324
-0.362474
-0.359527
-0.35773
-0.357304
-0.358459
-0.361388
-0.366293
-0.373319
-0.382401
-0.393085
-0.404451
-0.415299
-0.424462
-0.431128
-0.43493
-0.435943
-0.434558
-0.431311
-0.426789
-0.421504
-0.415864
-0.41021
-0.404849
-0.400076
-0.396217
-0.393548
-0.392274
-0.392461
-0.394039
-0.396812
-0.40054
-0.404949
-0.409792
-0.414763
-0.419597
-0.424037
-0.427832
-0.43071
-0.432438
-0.432702
-0.431216
-0.427677
-0.421941
-0.414208
-0.405246
-0.396604
-0.390303
-0.387958
-0.389957
-0.395229
-0.401887
-0.408186
-0.413085
-0.416267
-0.417888
-0.418307
-0.417968
-0.417214
-0.416356
-0.41554
-0.41485
-0.414296
-0.413844
-0.413388
-0.412873
-0.412214
-0.411407
-0.410498
-0.409586
-0.408869
-0.408547
-0.408846
-0.4099
-0.411728
-0.414223
-0.417174
-0.420261
-0.423179
-0.425607
-0.427218
-0.427745
-0.426944
-0.424616
-0.42065
-0.415068
-0.408058
-0.400075
-0.391774
-0.383943
-0.377346
-0.372573
-0.369968
-0.369616
-0.371488
-0.375472
-0.381409
-0.388999
-0.397824
-0.407304
-0.416794
-0.425696
-0.433523
-0.439982
-0.444927
-0.44834
-0.450323
-0.451047
-0.450761
-0.449777
-0.448455
-0.447164
-0.446194
-0.445696
-0.445669
-0.445914
-0.446141
-0.446035
-0.44536
-0.444033
-0.442099
-0.439803
-0.437518
-0.435699
-0.434801
-0.435194
-0.437033
-0.440211
-0.444405
-0.449092
-0.453653
-0.45737
-0.45954
-0.459413
-0.456266
-0.449571
-0.439354
-0.426859
-0.414989
-0.407743
-0.408237
-0.416552
-0.429601
-0.443117
-0.45365
-0.459402
-0.460092
-0.456664
-0.451125
-0.445977
-0.443403
-0.444212
-0.447549
-0.451599
-0.454702
-0.455924
-0.455159
-0.452861
-0.449728
-0.44645
-0.4436
-0.441552
-0.440484
-0.44039
-0.441107
-0.442438
-0.444153
-0.446029
-0.44786
-0.449449
-0.450657
-0.451395
-0.451639
-0.451421
-0.450837
-0.450048
-0.449171
-0.448282
-0.44732
-0.44603
-0.444115
-0.441225
-0.437077
-0.431594
-0.424955
-0.41765
-0.410478
-0.40438
-0.400276
-0.39876
-0.399974
-0.403563
-0.408786
-0.414812
-0.420847
-0.426359
-0.431065
-0.434858
-0.437758
-0.43983
-0.441178
-0.441873
-0.441939
-0.441389
-0.440283
-0.438666
-0.436671
-0.434452
-0.43219
-0.430082
-0.428296
-0.426977
-0.426208
-0.426028
-0.42644
-0.427394
-0.428826
-0.430639
-0.432713
-0.434913
-0.43715
-0.439321
-0.441375
-0.443262
-0.444947
-0.446412
-0.447624
-0.448589
-0.449273
-0.449672
-0.449772
-0.449597
-0.44917
-0.448537
-0.447761
-0.446901
-0.446045
-0.445246
-0.44458
-0.444036
-0.443618
-0.443246
-0.442866
-0.44241
-0.441809
-0.441024
-0.440018
-0.438781
-0.437262
-0.435424
-0.433193
-0.430524
-0.427371
-0.423761
-0.419802
-0.41567
-0.411673
-0.408231
-0.405863
-0.405064
-0.406257
-0.409655
-0.415119
-0.422263
-0.430437
-0.438928
-0.44711
-0.454495
-0.460807
-0.465931
-0.469886
-0.472798
-0.474794
-0.476056
-0.476693
-0.476812
-0.47648
-0.475708
-0.474441
-0.472671
-0.470316
-0.467345
-0.463744
-0.459558
-0.454892
-0.449927
-0.444924
-0.440193
-0.436041
-0.432735
-0.430464
-0.429276
-0.429107
-0.429808
-0.431182
-0.433036
-0.435184
-0.437467
-0.439736
-0.441881
-0.443784
-0.44534
-0.446454
-0.447054
-0.447064
-0.446444
-0.445179
-0.443306
-0.440911
-0.438145
-0.435195
-0.432326
-0.429767
-0.427715
-0.426266
-0.425408
-0.425034
-0.425006
-0.425133
-0.425248
-0.425217
-0.424937
-0.424368
-0.423454
-0.422209
-0.420677
-0.418932
-0.417085
-0.415263
-0.413616
-0.412295
-0.411447
-0.411175
-0.411533
-0.412522
-0.414036
-0.415899
-0.417912
-0.419841
-0.421481
-0.422713
-0.423507
-0.423882
-0.423946
-0.423865
-0.423788
-0.423858
-0.424175
-0.42475
-0.42558
-0.426579
-0.427686
-0.428781
-0.42982
-0.430739
-0.43151
-0.432127
-0.432622
-0.433037
-0.433409
-0.433789
-0.434244
-0.434777
-0.435424
-0.43616
-0.436939
-0.437721
-0.438432
-0.439017
-0.439412
-0.439572
-0.439488
-0.439185
-0.438706
-0.438124
-0.437511
-0.43692
-0.436341
-0.435679
-0.43474
-0.433337
-0.431358
-0.428951
-0.426599
-0.425131
-0.425482
-0.428246
-0.43331
-0.439875
-0.446788
-0.453002
-0.457842
-0.461103
-0.462905
-0.463584
-0.463497
-0.462942
-0.462114
-0.461114
-0.459983
-0.458812
-0.457713
-0.456834
-0.45629
-0.456141
-0.456329
-0.456703
-0.457134
-0.457495
-0.457791
-0.458111
-0.458611
-0.459391
-0.460432
-0.461582
-0.462544
-0.462961
-0.462544
-0.461081
-0.458651
-0.455804
-0.453658
-0.453682
-0.45694
-0.463475
-0.472125
-0.481163
-0.489064
-0.494923
-0.498474
-0.499894
-0.499555
-0.497932
-0.495484
-0.492603
-0.489611
-0.486673
-0.48381
-0.480921
-0.477804
-0.474227
-0.47006
-0.465318
-0.460242
-0.455305
-0.451156
-0.448376
-0.447277
-0.447734
-0.449175
-0.450829
-0.451918
-0.451907
-0.450606
-0.448238
-0.44536
-0.442666
-0.440795
-0.440037
-0.440321
-0.441314
-0.442647
-0.444075
-0.445573
-0.44724
-0.449243
-0.451691
-0.454612
-0.457919
-0.461439
-0.464939
-0.468218
-0.471053
-0.473261
-0.474712
-0.475278
-0.474869
-0.473432
-0.470911
-0.467294
-0.462625
-0.456999
-0.450602
-0.443691
-0.436632
-0.429823
-0.423676
-0.418503
-0.41451
-0.411764
-0.41018
-0.409494
-0.409386
-0.409424
-0.409204
-0.408381
-0.406759
-0.404364
-0.401487
-0.398707
-0.396684
-0.396042
-0.397034
-0.399502
-0.402966
-0.406819
-0.410549
-0.413818
-0.416462
-0.418425
-0.419696
-0.420273
-0.42016
-0.419375
-0.417961
-0.41606
-0.413869
-0.411707
-0.409878
-0.408707
-0.408353
-0.408793
-0.409847
-0.411203
-0.412488
-0.413338
-0.413469
-0.412646
-0.410705
-0.407462
-0.402724
-0.396378
-0.388493
-0.37967
-0.371205
-0.364945
-0.362667
-0.365062
-0.371278
-0.379367
-0.387322
-0.393711
-0.39794
-0.399969
-0.400113
-0.398818
-0.396586
-0.39387
-0.390992
-0.388162
-0.385411
-0.382628
-0.379639
-0.376324
-0.372654
-0.368761
-0.364957
-0.361661
-0.359323
-0.358252
-0.358459
-0.35963
-0.361141
-0.362249
-0.3623
-0.360943
-0.358271
-0.354763
-0.351204
-0.34834
-0.346509
-0.345407
-0.344063
-0.341175
-0.335801
-0.328091
-0.319804
-0.314149
-0.314411
-0.321873
-0.334899
-0.35
-0.363839
-0.374355
-0.380837
-0.383387
-0.382516
-0.378841
-0.373023
-0.365777
-0.357941
-0.350445
-0.344264
-0.340237
-0.33883
-0.339991
-0.343238
-0.347782
-0.352796
-0.357645
-0.361856
-0.365234
-0.367734
-0.369397
-0.370331
-0.370655
-0.370501
-0.369947
-0.369085
-0.367957
-0.366629
-0.365147
-0.363541
-0.361872
-0.36019
-0.358562
-0.357053
-0.355724
-0.354616
-0.353752
-0.353127
-0.352696
-0.352496
-0.352528
-0.352834
-0.353456
-0.354423
-0.355725
-0.357324
-0.359115
-0.360986
-0.362807
-0.364465
-0.365907
-0.367108
-0.368078
-0.368853
-0.369489
-0.370045
-0.370586
-0.371152
-0.371782
-0.372517
-0.373328
-0.374201
-0.375063
-0.375845
-0.376422
-0.376682
-0.376509
-0.375796
-0.374529
-0.37278
-0.370788
-0.368946
-0.36779
-0.36779
-0.369265
-0.3722
-0.376267
-0.380931
-0.38563
-0.38989
-0.393374
-0.395943
-0.397542
-0.398204
-0.398037
-0.397149
-0.395643
-0.393612
-0.391157
-0.388342
-0.385239
-0.381934
-0.378489
-0.375002
-0.371592
-0.36841
-0.365726
-0.363949
-0.363632
-0.365329
-0.369325
-0.37544
-0.382959
-0.39082
-0.398023
-0.403748
-0.40755
-0.409302
-0.409131
-0.40739
-0.404587
-0.401337
-0.398246
-0.39578
-0.394122
-0.393022
-0.391838
-0.389639
-0.385566
-0.379222
-0.371263
-0.36365
-0.359157
-0.359866
-0.365747
-0.374705
-0.383988
-0.391623
-0.396834
-0.399779
-0.401081
-0.401437
-0.401447
-0.401493
-0.401722
-0.402103
-0.402515
-0.402793
-0.402906
-0.402825
-0.402674
-0.402606
-0.402816
-0.403434
-0.404528
-0.406085
-0.408003
-0.410122
-0.412267
-0.414265
-0.415974
-0.417302
-0.418181
-0.418587
-0.418481
-0.417867
-0.416719
-0.41502
-0.41277
-0.409987
-0.406753
-0.403143
-0.399299
-0.39533
-0.391323
-0.387356
-0.383518
-0.379956
-0.376896
-0.374599
-0.373382
-0.373554
-0.375425
-0.379217
-0.384866
-0.392007
-0.399975
-0.40799
-0.415373
-0.421639
-0.426491
-0.429787
-0.431563
-0.431972
-0.43125
-0.429754
-0.427849
-0.425885
-0.424119
-0.422687
-0.421621
-0.420891
-0.420448
-0.420267
-0.420363
-0.420799
-0.421661
-0.422935
-0.424552
-0.426325
-0.427947
-0.429009
-0.429079
-0.427708
-0.424541
-0.419385
-0.412351
-0.403934
-0.395062
-0.386952
-0.380798
-0.377377
-0.376786
-0.378536
-0.381848
-0.385913
-0.390016
-0.393598
-0.396238
-0.397656
-0.397731
-0.396482
-0.394051
-0.390676
-0.386736
-0.382642
-0.378859
-0.375806
-0.373829
-0.373113
-0.37367
-0.375344
-0.377889
-0.380983
-0.384304
-0.387565
-0.390542
-0.393072
-0.395035
-0.396375
-0.397069
-0.39707
-0.396371
-0.39494
-0.392718
-0.389641
-0.385564
-0.380297
-0.373602
-0.365257
-0.355332
-0.344551
-0.334646
-0.328148
-0.327269
-0.332473
-0.341963
-0.352852
-0.362614
-0.36986
-0.374261
-0.376097
-0.375894
-0.374184
-0.371378
-0.367763
-0.36356
-0.358968
-0.35429
-0.34999
-0.34663
-0.344669
-0.344318
-0.34539
-0.347353
-0.349549
-0.351402
-0.352559
-0.352947
-0.352691
-0.352075
-0.351453
-0.351206
-0.351692
-0.353128
-0.355625
-0.359135
-0.363447
-0.368263
-0.373265
-0.378159
-0.382722
-0.386777
-0.390268
-0.393187
-0.395579
-0.397498
-0.399061
-0.400349
-0.401443
-0.402412
-0.403285
-0.40404
-0.404615
-0.404887
-0.404679
-0.403736
-0.401824
-0.398761
-0.39456
-0.389563
-0.384625
-0.380978
-0.379912
-0.382205
-0.387669
-0.3953
-0.403721
-0.411739
-0.418607
-0.423982
-0.427892
-0.430436
-0.431792
-0.432149
-0.431649
-0.430445
-0.428668
-0.426438
-0.423871
-0.421111
-0.418318
-0.415617
-0.413229
-0.411424
-0.410575
-0.411015
-0.412961
-0.416351
-0.420829
-0.425811
-0.430675
-0.434861
-0.437925
-0.43962
-0.439825
-0.438552
-0.435947
-0.432319
-0.428208
-0.424314
-0.421351
-0.419862
-0.419953
-0.421273
-0.423128
-0.424812
-0.425875
-0.426203
-0.426122
-0.426193
-0.427031
-0.429074
-0.432439
-0.436909
-0.441985
-0.447087
-0.451701
-0.455412
-0.458019
-0.459457
-0.459769
-0.459085
-0.457578
-0.455425
-0.452807
-0.449915
-0.446941
-0.444135
-0.441669
-0.439734
-0.438464
-0.437914
-0.438118
-0.43903
-0.440587
-0.442655
-0.445111
-0.447799
-0.450536
-0.453154
-0.455507
-0.457461
-0.458922
-0.459793
-0.460019
-0.459571
-0.458439
-0.456638
-0.454238
-0.451335
-0.448067
-0.444581
-0.441066
-0.437696
-0.434601
-0.431868
-0.429502
-0.427437
-0.425528
-0.423587
-0.421453
-0.419011
-0.416284
-0.413476
-0.410963
-0.409211
-0.408629
-0.409428
-0.411522
-0.414622
-0.418304
-0.422213
-0.426079
-0.429749
-0.433141
-0.436226
-0.438956
-0.44132
-0.44327
-0.444781
-0.445818
-0.446373
-0.446447
-0.446057
-0.445217
-0.443961
-0.44231
-0.440262
-0.437777
-0.434737
-0.43097
-0.426271
-0.420464
-0.413594
-0.406123
-0.399054
-0.393794
-0.391664
-0.393232
-0.397953
-0.404437
-0.411182
-0.417079
-0.42163
-0.424803
-0.426786
-0.427869
-0.428244
-0.428017
-0.427282
-0.42611
-0.424611
-0.422968
-0.4214
-0.42013
-0.419307
-0.418996
-0.4192
-0.419949
-0.421233
-0.423086
-0.425495
-0.428445
-0.431813
-0.435463
-0.439231
-0.442958
-0.446496
-0.449696
-0.452403
-0.45445
-0.455629
-0.455765
-0.454675
-0.4522
-0.44835
-0.443277
-0.43742
-0.431388
-0.425884
-0.421439
-0.418202
-0.415885
-0.413972
-0.412014
-0.409782
-0.407304
-0.404715
-0.402123
-0.399582
-0.39715
-0.394988
-0.393391
-0.392705
-0.393218
-0.39499
-0.39789
-0.401643
-0.405926
-0.410463
-0.415003
-0.419345
-0.423346
-0.426836
-0.429686
-0.431805
-0.433094
-0.433486
-0.432945
-0.431491
-0.429217
-0.426332
-0.42318
-0.420207
-0.417922
-0.416736
-0.41687
-0.418274
-0.420663
-0.423583
-0.426532
-0.429072
-0.430811
-0.43146
-0.430831
-0.428882
-0.425716
-0.421623
-0.417103
-0.412792
-0.409386
-0.407435
-0.407238
-0.408649
-0.411153
-0.413975
-0.416195
-0.416947
-0.415447
-0.411132
-0.403915
-0.394443
-0.384454
-0.376569
-0.373265
-0.375519
-0.382152
-0.390685
-0.398775
-0.405023
-0.409046
-0.411071
-0.411638
-0.411331
-0.410652
-0.409989
-0.409605
-0.409606
-0.410025
-0.41079
-0.411771
-0.412858
-0.413933
-0.414913
-0.415717
-0.416322
-0.416675
-0.416768
-0.416567
-0.416061
-0.415225
-0.414061
-0.41257
-0.410772
-0.408739
-0.406558
-0.404314
-0.4021
-0.399953
-0.397821
-0.395571
-0.392979
-0.389808
-0.385868
-0.381144
-0.375908
-0.370758
-0.366548
-0.364265
-0.364631
-0.367859
-0.373514
-0.380747
-0.388531
-0.395991
-0.402565
-0.40797
-0.412183
-0.415319
-0.417596
-0.41922
-0.420406
-0.421383
-0.422325
-0.423405
-0.424791
-0.426621
-0.42897
-0.431876
-0.435314
-0.439167
-0.443284
-0.447467
-0.45155
-0.455385
-0.458843
-0.461845
-0.46434
-0.466289
-0.467689
-0.468534
-0.468822
-0.468552
-0.46774
-0.466399
-0.464581
-0.462336
-0.459713
-0.456805
-0.453692
-0.450475
-0.447237
-0.444063
-0.441107
-0.438524
-0.436516
-0.435301
-0.435089
-0.435961
-0.437875
-0.440606
-0.443758
-0.446859
-0.449438
-0.451084
-0.451609
-0.451007
-0.449553
-0.447756
-0.44626
-0.445675
-0.446413
-0.448526
-0.451737
-0.455563
-0.459462
-0.462977
-0.465778
-0.46766
-0.468581
-0.468567
-0.467758
-0.466333
-0.464526
-0.462564
-0.460683
-0.459041
-0.457738
-0.456738
-0.455875
-0.454804
-0.453047
-0.45
-0.444961
-0.43724
-0.426412
-0.41246
-0.396256
-0.37984
-0.366491
-0.360139
-0.363547
-0.376309
-0.394768
-0.41414
-0.430875
-0.4434
-0.451596
-0.456045
-0.457457
-0.456457
-0.453521
-0.44903
-0.443337
-0.436845
-0.430026
-0.423423
-0.417569
-0.412894
-0.409577
-0.407559
-0.406532
-0.406129
-0.405997
-0.405882
-0.405666
-0.405299
-0.404786
-0.404147
-0.403429
-0.402621
-0.40172
-0.400732
-0.399648
-0.398464
-0.39717
-0.395769
-0.394241
-0.392579
-0.390782
-0.388828
-0.386745
-0.384612
-0.382566
-0.380829
-0.379642
-0.379243
-0.379734
-0.381132
-0.383287
-0.385945
-0.38884
-0.391681
-0.394307
-0.396566
-0.398398
-0.399773
-0.400672
-0.401084
-0.400947
-0.4002
-0.39873
-0.396409
-0.393087
-0.388695
-0.383236
-0.376889
-0.370064
-0.363272
-0.357012
-0.351441
-0.346243
-0.340693
-0.333881
-0.325204
-0.314761
-0.303713
-0.294449
-0.290062
-0.292826
-0.302695
-0.317218
-0.333047
-0.347463
-0.359015
-0.367269
-0.372461
-0.375112
-0.375869
-0.375433
-0.374509
-0.373647
-0.373182
-0.373149
-0.373281
-0.373102
-0.372029
-0.369525
-0.365181
-0.358794
-0.350561
-0.341113
-0.33161
-0.32353
-0.318261
-0.316579
-0.318418
-0.322975
-0.32913
-0.335876
-0.342474
-0.348476
-0.353689
-0.358083
-0.361733
-0.364762
-0.367306
-0.3695
-0.371444
-0.373192
-0.374788
-0.376265
-0.37763
-0.378874
-0.379984
-0.380954
-0.381777
-0.382447
-0.382938
-0.383196
-0.383178
-0.382837
-0.382046
-0.380674
-0.378534
-0.375406
-0.371094
-0.365445
-0.358524
-0.350777
-0.343173
-0.337153
-0.334157
-0.335027
-0.339513
-0.346429
-0.354263
-0.36176
-0.368202
-0.373337
-0.377245
-0.380156
-0.382327
-0.384001
-0.385378
-0.386609
-0.3878
-0.388988
-0.390182
-0.39133
-0.392411
-0.393333
-0.393988
-0.394296
-0.394153
-0.393497
-0.392301
-0.390561
-0.388377
-0.385966
-0.383606
-0.381663
-0.380415
-0.37996
-0.380131
-0.380445
-0.380189
-0.378635
-0.375172
-0.369471
-0.361537
-0.351629
-0.340199
-0.327758
-0.315156
-0.304115
-0.297724
-0.299462
-0.310658
-0.328746
-0.34885
-0.366722
-0.38034
-0.389568
-0.395232
-0.398429
-0.40012
-0.401066
-0.40177
-0.402565
-0.403632
-0.405023
-0.40669
-0.408495
-0.41024
-0.411688
-0.412619
-0.412809
-0.412047
-0.410195
-0.407174
-0.403014
-0.397922
-0.39229
-0.386739
-0.382024
-0.378791
-0.377419
-0.377866
-0.379688
-0.382237
-0.384919
-0.387323
-0.389239
-0.390679
-0.391717
-0.392546
-0.393318
-0.394206
-0.39533
-0.396757
-0.398541
-0.400638
-0.402989
-0.405468
-0.407934
-0.410232
-0.412197
-0.413693
-0.414607
-0.414856
-0.414391
-0.413201
-0.411313
-0.408796
-0.405723
-0.402216
-0.398423
-0.394496
-0.390607
-0.386881
-0.383386
-0.380051
-0.376623
-0.372653
-0.367484
-0.360563
-0.35171
-0.341634
-0.332275
-0.326431
-0.326416
-0.332606
-0.343146
-0.355217
-0.366481
-0.375694
-0.382572
-0.387317
-0.3903
-0.39188
-0.392345
-0.391877
-0.39059
-0.388537
-0.385762
-0.382304
-0.378238
-0.373712
-0.368965
-0.364295
-0.360015
-0.356392
-0.35356
-0.351428
-0.34976
-0.348152
-0.346171
-0.343485
-0.340002
-0.33596
-0.331964
-0.328887
-0.327628
-0.328812
-0.332499
-0.338177
-0.344985
-0.351904
-0.358116
-0.363037
-0.366378
-0.368034
-0.368054
-0.366537
-0.363594
-0.359369
-0.35408
-0.348113
-0.342118
-0.33704
-0.33398
-0.333862
-0.337013
-0.342981
-0.350785
-0.359232
-0.367403
-0.374688
-0.380854
-0.385902
-0.38993
-0.393098
-0.395565
-0.39746
-0.39888
-0.399919
-0.400604
-0.40099
-0.401106
-0.400989
-0.400677
-0.40019
-0.399585
-0.398897
-0.398176
-0.397483
-0.396838
-0.396279
-0.395773
-0.395282
-0.394738
-0.394052
-0.39312
-0.391826
-0.390099
-0.387872
-0.385191
-0.382235
-0.379331
-0.376941
-0.375579
-0.375722
-0.377638
-0.381321
-0.386501
-0.392653
-0.399214
-0.405591
-0.411257
-0.415814
-0.418971
-0.420475
-0.420171
-0.417943
-0.413734
-0.407567
-0.399547
-0.389964
-0.379312
-0.368408
-0.358456
-0.351055
-0.347898
-0.350064
-0.357265
-0.367784
-0.379287
-0.389808
-0.39828
-0.404475
-0.408752
-0.411644
-0.413745
-0.415509
-0.41725
-0.419123
-0.42118
-0.423361
-0.425555
-0.427646
-0.429502
-0.431017
-0.432105
-0.43273
-0.432898
-0.432659
-0.432158
-0.431566
-0.431117
-0.430994
-0.431318
-0.432122
-0.433313
-0.43472
-0.436119
-0.437358
-0.438303
-0.43892
-0.43926
-0.439391
-0.439435
-0.439475
-0.439555
-0.439664
-0.439752
-0.439746
-0.439562
-0.43915
-0.438488
-0.437597
-0.436526
-0.435362
-0.434176
-0.433073
-0.432105
-0.431332
-0.430772
-0.430438
-0.430302
-0.430329
-0.430518
-0.430799
-0.43116
-0.431555
-0.431921
-0.432256
-0.432486
-0.432563
-0.432455
-0.432136
-0.431572
-0.430746
-0.42967
-0.428338
-0.42677
-0.424975
-0.422972
-0.420794
-0.418474
-0.416076
-0.413724
-0.411577
-0.409845
-0.408788
-0.408623
-0.409495
-0.411444
-0.414363
-0.418006
-0.42205
-0.426142
-0.42995
-0.433231
-0.435786
-0.437499
-0.438344
-0.438335
-0.437515
-0.435927
-0.433643
-0.430725
-0.427243
-0.423334
-0.41924
-0.415303
-0.411934
-0.409543
-0.408393
-0.408514
-0.409719
-0.411693
-0.414161
-0.41691
-0.419803
-0.42273
-0.425512
-0.427876
-0.429503
-0.430105
-0.429544
-0.427848
-0.42525
-0.422053
-0.418548
-0.414849
-0.410884
-0.406439
-0.401341
-0.39556
-0.389291
-0.382917
-0.377028
-0.372335
-0.36963
-0.36958
-0.37255
-0.378408
-0.386529
-0.395945
-0.405631
-0.414672
-0.422501
-0.428807
-0.433587
-0.437008
-0.439371
-0.441022
-0.442282
-0.443396
-0.4446
-0.445948
-0.447487
-0.449154
-0.45088
-0.452556
-0.454077
-0.455353
-0.45627
-0.456783
-0.456839
-0.456416
-0.455553
-0.45436
-0.452985
-0.451651
-0.450592
-0.450004
-0.449981
-0.450517
-0.451445
-0.452536
-0.453578
-0.454382
-0.454795
-0.454764
-0.454222
-0.453109
-0.451402
-0.44915
-0.446591
-0.444163
-0.442495
-0.442153
-0.443446
-0.446117
-0.449463
-0.452524
-0.454325
-0.454153
-0.451759
-0.447541
-0.442644
-0.438714
-0.437389
-0.439456
-0.444479
-0.451153
-0.458019
-0.463995
-0.468602
-0.47176
-0.47363
-0.474433
-0.474371
-0.473567
-0.472097
-0.469949
-0.467076
-0.463426
-0.458967
-0.45371
-0.447761
-0.441272
-0.434542
-0.427937
-0.421859
-0.416704
-0.412831
-0.410443
-0.409596
-0.410169
-0.411911
-0.41448
-0.417491
-0.420568
-0.423402
-0.42577
-0.427592
-0.428876
-0.429745
-0.430401
-0.431081
-0.432008
-0.433342
-0.435131
-0.437326
-0.439747
-0.442117
-0.444115
-0.445449
-0.445826
-0.444989
-0.442756
-0.439073
-0.434033
-0.42791
-0.421243
-0.414778
-0.409328
-0.405591
-0.403936
-0.404334
-0.406424
-0.409653
-0.413478
-0.41742
-0.421138
-0.424412
-0.427113
-0.429179
-0.430593
-0.431381
-0.431573
-0.431207
-0.430339
-0.428996
-0.427198
-0.42495
-0.422264
-0.41913
-0.41553
-0.411477
-0.407017
-0.402256
-0.397386
-0.392719
-0.388702
-0.385813
-0.384506
-0.385032
-0.387369
-0.391175
-0.395925
-0.401036
-0.405977
-0.410351
-0.413913
-0.416512
-0.418085
-0.418621
-0.418143
-0.416705
-0.41441
-0.41143
-0.407993
-0.404344
-0.400762
-0.397475
-0.394632
-0.392246
-0.390246
-0.388489
-0.386874
-0.385356
-0.384
-0.382997
-0.382544
-0.382809
-0.383798
-0.385372
-0.387277
-0.389212
-0.390971
-0.392397
-0.393355
-0.393739
-0.393481
-0.392569
-0.391138
-0.389421
-0.387771
-0.386589
-0.386202
-0.38685
-0.388531
-0.391082
-0.394207
-0.39756
-0.400803
-0.403677
-0.405986
-0.407621
-0.408507
-0.408597
-0.407847
-0.406224
-0.403725
-0.400364
-0.396262
-0.391664
-0.386948
-0.382683
-0.379459
-0.377774
-0.377875
-0.379662
-0.382761
-0.386628
-0.390761
-0.394774
-0.398383
-0.401482
-0.404017
-0.406025
-0.407552
-0.408655
-0.409375
-0.409772
-0.409896
-0.409772
-0.409429
-0.40889
-0.408174
-0.407295
-0.406254
-0.40506
-0.403706
-0.402192
-0.400519
-0.398707
-0.396829
-0.395009
-0.393451
-0.392428
-0.392225
-0.393075
-0.395017
-0.397867
-0.401224
-0.404618
-0.407577
-0.40979
-0.411189
-0.411937
-0.412445
-0.413264
-0.414902
-0.417715
-0.421722
-0.426566
-0.431739
-0.436575
-0.440452
-0.442849
-0.443378
-0.441792
-0.438076
-0.432589
-0.426261
-0.420536
-0.417076
-0.417139
-0.420946
-0.427545
-0.435461
-0.443262
-0.450015
-0.455354
-0.45936
-0.462388
-0.46495
-0.467534
-0.470478
-0.473837
-0.477355
-0.480489
-0.482668
-0.483412
-0.482614
-0.480586
-0.478081
-0.476127
-0.475622
-0.477046
-0.480237
-0.484537
-0.489067
-0.49299
-0.495715
-0.496884
-0.496417
-0.494497
-0.491567
-0.48826
-0.485332
-0.4835
-0.483299
-0.484946
-0.488323
-0.493048
-0.498617
-0.504463
-0.510126
-0.515271
-0.519685
-0.523281
-0.526044
-0.528029
-0.529282
-0.529845
-0.529788
-0.529162
-0.528037
-0.526535
-0.524815
-0.523099
-0.521651
-0.520737
-0.520599
-0.521351
-0.522951
-0.525218
-0.527814
-0.530392
-0.532593
-0.53416
-0.534889
-0.534709
-0.533593
-0.531609
-0.528874
-0.525587
-0.521965
-0.518254
-0.51466
-0.511347
-0.508417
-0.505941
-0.504028
-0.502786
-0.502355
-0.502793
-0.504079
-0.506033
-0.5084
-0.510849
-0.513082
-0.514856
-0.516031
-0.516551
-0.516414
-0.515634
-0.514297
-0.512517
-0.510547
-0.508723
-0.507463
-0.507165
-0.508037
-0.510066
-0.512966
-0.516286
-0.519532
-0.522248
-0.524128
-0.525002
-0.524821
-0.523614
-0.521485
-0.51859
-0.51507
-0.511012
-0.506467
-0.501416
-0.495883
-0.489928
-0.483785
-0.477919
-0.472989
-0.469732
-0.468714
-0.470069
-0.473393
-0.477848
-0.48238
-0.485954
-0.487762
-0.487351
-0.4847
-0.480301
-0.475193
-0.470794
-0.468473
-0.468937
-0.471979
-0.476587
-0.481562
-0.485969
-0.489388
-0.491837
-0.493575
-0.494944
-0.49621
-0.497473
-0.498737
-0.49988
-0.500753
-0.501212
-0.501132
-0.500465
-0.499204
-0.497414
-0.49516
-0.492563
-0.489781
-0.486945
-0.484196
-0.481639
-0.479364
-0.47739
-0.475706
-0.474249
-0.472949
-0.471729
-0.470563
-0.469453
-0.468469
-0.467723
-0.467323
-0.467409
-0.468072
-0.469363
-0.471244
-0.473686
-0.476624
-0.479965
-0.483644
-0.487579
-0.491691
-0.495878
-0.500069
-0.504125
-0.50793
-0.511345
-0.51422
-0.516426
-0.517786
-0.518124
-0.517261
-0.515054
-0.511348
-0.506112
-0.499421
-0.491564
-0.483104
-0.474904
-0.468077
-0.463736
-0.462694
-0.465153
-0.470575
-0.477874
-0.485758
-0.493118
-0.499186
-0.503566
-0.506093
-0.506817
-0.505834
-0.503337
-0.499554
-0.494797
-0.489422
-0.483854
-0.478486
-0.473691
-0.469718
-0.466675
-0.464538
-0.463174
-0.462433
-0.462167
-0.462198
-0.462395
-0.462595
-0.462686
-0.462597
-0.46229
-0.461831
-0.461381
-0.461129
-0.46128
-0.461977
-0.46324
-0.464988
-0.467053
-0.469229
-0.471348
-0.473295
-0.475077
-0.476722
-0.478296
-0.479871
-0.481478
-0.483103
-0.484717
-0.486289
-0.487741
-0.489055
-0.490174
-0.491101
-0.491815
-0.492296
-0.49256
-0.492576
-0.492332
-0.491815
-0.49099
-0.489832
-0.488297
-0.486362
-0.483938
-0.480982
-0.477422
-0.473165
-0.468104
-0.462198
-0.455445
-0.447971
-0.440065
-0.432219
-0.425102
-0.41942
-0.415768
-0.414402
-0.415197
-0.417688
-0.421245
-0.425244
-0.429209
-0.432811
-0.435937
-0.438564
-0.440819
-0.442872
-0.444904
-0.447062
-0.449446
-0.45205
-0.454792
-0.457517
-0.460057
-0.462217
-0.463859
-0.464861
-0.465162
-0.464703
-0.463429
-0.461291
-0.458213
-0.454131
-0.44906
-0.443162
-0.436883
-0.43101
-0.426558
-0.424432
-0.425069
-0.428165
-0.432858
-0.438118
-0.443091
-0.447294
-0.450593
-0.453093
-0.45498
-0.456442
-0.457662
-0.458693
-0.459597
-0.46034
-0.460892
-0.46117
-0.461112
-0.460638
-0.459669
-0.458083
-0.455755
-0.452512
-0.448151
-0.442421
-0.434974
-0.425438
-0.413485
-0.399013
-0.382518
-0.36548
-0.350438
-0.340248
-0.336733
-0.339626
-0.347057
-0.356811
-0.367336
-0.377817
-0.387833
-0.397021
-0.405004
-0.411424
-0.416024
-0.418706
-0.419574
-0.418882
-0.417032
-0.414561
-0.412075
-0.410136
-0.409142
-0.409296
-0.410479
-0.412409
-0.414698
-0.416979
-0.418969
-0.42049
-0.421473
-0.421889
-0.421821
-0.421317
-0.420499
-0.419439
-0.418272
-0.417077
-0.415942
-0.414933
-0.414107
-0.413484
-0.413024
-0.412677
-0.412391
-0.412057
-0.411606
-0.410942
-0.410005
-0.408739
-0.407092
-0.405057
-0.402654
-0.399913
-0.39689
-0.39366
-0.390308
-0.386989
-0.38382
-0.380933
-0.378492
-0.376637
-0.375472
-0.375075
-0.375456
-0.376528
-0.378142
-0.380106
-0.382196
-0.384179
-0.385883
-0.387185
-0.388032
-0.388424
-0.388415
-0.388104
-0.387617
-0.387092
-0.386673
-0.386473
-0.386609
-0.387135
-0.388068
-0.38936
-0.391011
-0.392943
-0.395084
-0.397384
-0.399797
-0.402277
-0.404789
-0.407312
-0.409766
-0.412082
-0.414094
-0.415611
-0.416293
-0.415721
-0.413348
-0.408612
-0.401108
-0.390994
-0.37943
-0.368644
-0.361163
-0.358265
-0.359083
-0.361422
-0.363523
-0.365117
-0.36708
-0.370264
-0.374763
-0.379873
-0.384727
-0.388738
-0.391745
-0.393808
-0.39506
-0.395609
-0.395568
-0.395077
-0.394374
-0.393772
-0.393571
-0.394052
-0.395353
-0.397437
-0.40014
-0.403211
-0.406332
-0.409241
-0.411699
-0.413588
-0.414851
-0.415514
-0.415658
-0.415365
-0.414776
-0.413983
-0.413076
-0.412095
-0.411062
-0.409979
-0.408859
-0.407741
-0.406683
-0.405833
-0.405356
-0.405433
-0.406224
-0.40783
-0.410296
-0.413604
-0.417638
-0.422204
-0.426983
-0.431577
-0.435509
-0.438254
-0.439293
-0.438185
-0.43462
-0.428513
-0.420157
-0.41037
-0.400535
-0.392435
-0.387816
-0.387691
-0.392052
-0.39984
-0.409557
-0.419824
-0.429717
-0.438809
-0.446934
-0.454013
-0.459933
-0.464529
-0.467723
-0.469492
-0.469882
-0.468979
-0.46673
-0.462952
-0.457386
-0.449788
-0.440091
-0.428552
-0.415862
-0.403062
-0.391466
-0.382438
-0.377095
-0.376017
-0.37917
-0.38586
-0.39494
-0.40508
-0.414968
-0.423519
-0.430033
-0.434277
-0.436596
-0.437875
-0.439362
-0.442248
-0.447158
-0.453853
-0.461375
-0.468525
-0.47419
-0.4777
-0.47875
-0.477377
-0.473847
-0.468605
-0.462204
-0.455272
-0.448427
-0.442241
-0.437192
-0.433617
-0.431649
-0.431244
-0.432177
-0.43412
-0.436725
-0.439655
-0.442651
-0.445502
-0.448097
-0.450338
-0.452159
-0.453529
-0.45446
-0.45493
-0.454961
-0.4546
-0.453872
-0.452841
-0.451534
-0.450026
-0.448371
-0.446628
-0.444828
-0.442995
-0.441167
-0.43932
-0.437466
-0.435592
-0.433705
-0.431773
-0.429817
-0.427845
-0.425899
-0.423979
-0.42208
-0.420176
-0.418246
-0.416209
-0.413963
-0.411406
-0.408443
-0.405033
-0.401257
-0.397287
-0.393481
-0.39031
-0.388268
-0.387684
-0.388599
-0.390751
-0.393617
-0.396599
-0.399206
-0.401106
-0.402174
-0.402471
-0.402208
-0.401614
-0.40098
-0.400534
-0.400374
-0.400479
-0.400695
-0.400807
-0.400512
-0.399574
-0.397759
-0.394965
-0.391228
-0.386746
-0.381931
-0.377396
-0.373828
-0.371812
-0.371673
-0.373348
-0.376464
-0.380449
-0.384723
-0.388816
-0.392336
-0.39506
-0.396881
-0.397756
-0.397687
-0.396722
-0.394914
-0.392327
-0.389031
-0.385123
-0.380729
-0.376037
-0.371358
-0.367036
-0.363478
-0.361013
-0.359708
-0.359423
-0.359788
-0.360432
-0.361151
-0.361956
-0.36308
-0.36478
-0.367203
-0.370271
-0.373715
-0.377181
-0.380318
-0.382909
-0.38482
-0.386046
-0.38665
-0.386703
-0.38633
-0.385624
-0.38467
-0.383568
-0.382375
-0.381168
-0.379983
-0.378887
-0.377914
-0.377087
-0.376431
-0.375963
-0.375675
-0.375549
-0.375574
-0.375699
-0.37588
-0.3761
-0.376303
-0.37647
-0.376567
-0.376601
-0.376595
-0.376571
-0.376575
-0.376627
-0.376801
-0.377116
-0.377602
-0.378282
-0.379123
-0.3801
-0.381186
-0.382304
-0.383371
-0.384307
-0.384986
-0.38533
-0.385228
-0.384609
-0.383464
-0.381847
-0.37992
-0.377925
-0.376181
-0.375024
-0.374686
-0.375289
-0.376768
-0.37896
-0.381628
-0.384547
-0.387582
-0.390583
-0.393517
-0.396318
-0.39897
-0.401425
-0.40362
-0.405478
-0.406882
-0.407705
-0.407814
-0.40711
-0.405534
-0.403094
-0.399894
-0.396132
-0.392127
-0.388261
-0.384971
-0.382653
-0.381578
-0.381848
-0.383424
-0.386058
-0.38946
-0.39329
-0.397274
-0.401197
-0.40491
-0.408349
-0.411474
-0.414273
-0.416752
-0.418933
-0.420849
-0.422514
-0.423983
-0.425305
-0.426506
-0.427633
-0.428697
-0.429685
-0.430601
-0.431421
-0.432104
-0.432605
-0.432882
-0.432874
-0.432528
-0.431763
-0.430491
-0.428611
-0.42602
-0.422657
-0.418501
-0.413664
-0.408463
-0.403437
-0.399363
-0.397091
-0.397256
-0.400058
-0.405108
-0.411599
-0.418612
-0.425368
-0.431372
-0.436428
-0.440602
-0.444069
-0.447058
-0.449784
-0.452393
-0.454902
-0.457253
-0.459315
-0.460931
-0.461953
-0.462282
-0.461905
-0.460899
-0.459438
-0.457749
-0.456059
-0.454541
-0.453181
-0.451847
-0.450269
-0.448124
-0.445148
-0.441185
-0.436302
-0.430726
-0.424813
-0.419024
-0.41381
-0.409572
-0.406594
-0.405137
-0.405407
-0.407623
-0.411902
-0.418154
-0.425877
-0.434236
-0.442293
-0.449251
-0.454638
-0.458336
-0.460505
-0.461468
-0.461623
-0.461339
-0.460867
-0.46037
-0.459858
-0.45923
-0.458368
-0.457199
-0.455732
-0.454158
-0.452734
-0.451701
-0.451111
-0.450764
-0.450345
-0.449658
-0.44888
-0.448614
-0.449682
-0.452687
-0.45765
-0.463926
-0.470524
-0.47649
-0.481149
-0.484123
-0.48528
-0.484633
-0.482266
-0.478302
-0.472935
-0.466453
-0.459236
-0.451767
-0.444474
-0.4377
-0.431605
-0.426259
-0.421708
-0.418115
-0.415786
-0.415131
-0.416495
-0.42002
-0.425577
-0.432741
-0.440954
-0.449583
-0.458065
-0.46593
-0.472824
-0.478541
-0.482952
-0.48597
-0.487531
-0.487511
-0.485824
-0.48236
-0.477046
-0.469944
-0.461284
-0.451512
-0.441236
-0.431077
-0.421542
-0.412952
-0.405601
-0.400101
-0.397555
-0.399053
-0.404869
-0.413924
-0.424326
-0.43433
-0.443096
-0.450568
-0.457099
-0.462934
-0.468109
-0.472509
-0.476003
-0.478552
-0.480234
-0.481153
-0.481462
-0.481337
-0.480905
-0.480343
-0.479842
-0.479539
-0.479549
-0.479953
-0.480682
-0.481661
-0.48271
-0.483617
-0.484166
-0.484185
-0.483544
-0.482222
-0.480311
-0.478002
-0.475611
-0.473483
-0.471996
-0.471422
-0.471871
-0.473285
-0.475463
-0.47817
-0.481167
-0.484244
-0.487198
-0.489893
-0.492148
-0.493773
-0.494544
-0.494223
-0.492622
-0.489619
-0.485258
-0.479838
-0.473952
-0.468483
-0.464415
-0.462605
-0.463378
-0.466509
-0.471284
-0.476788
-0.482239
-0.487101
-0.491166
-0.494397
-0.49687
-0.498647
-0.499724
-0.500047
-0.499501
-0.498043
-0.495779
-0.493048
-0.490396
-0.488476
-0.487799
-0.488521
-0.490383
-0.492761
-0.494902
-0.4961
-0.495768
-0.493474
-0.48904
-0.482524
-0.474428
-0.465792
-0.458272
-0.453703
-0.453379
-0.457508
-0.465113
-0.474562
-0.48427
-0.493114
-0.500473
-0.506121
-0.510046
-0.512358
-0.513153
-0.512551
-0.510597
-0.507282
-0.502579
-0.496436
-0.488899
-0.480228
-0.470967
-0.46204
-0.454519
-0.449253
-0.446507
-0.445818
-0.446218
-0.446744
-0.446714
-0.445876
-0.444285
-0.442227
-0.440039
-0.438034
-0.436481
-0.435575
-0.435421
-0.43609
-0.437534
-0.439566
-0.441957
-0.444431
-0.446805
-0.448971
-0.450904
-0.452668
-0.454277
-0.455748
-0.457013
-0.457958
-0.458401
-0.458192
-0.457188
-0.455321
-0.45262
-0.449208
-0.445373
-0.441553
-0.438269
-0.436051
-0.435264
-0.436001
-0.438004
-0.440849
-0.444017
-0.447044
-0.449612
-0.451569
-0.452837
-0.453467
-0.453548
-0.453198
-0.452537
-0.451685
-0.450735
-0.449776
-0.448865
-0.44802
-0.447203
-0.446368
-0.445435
-0.444293
-0.442757
-0.440602
-0.437519
-0.433126
-0.427091
-0.419307
-0.410263
-0.401367
-0.394869
-0.39307
-0.396995
-0.405666
-0.4167
-0.427642
-0.43689
-0.443797
-0.448372
-0.450993
-0.452089
-0.45214
-0.451517
-0.450563
-0.449567
-0.448724
-0.44816
-0.447971
-0.448107
-0.448537
-0.449117
-0.449728
-0.45021
-0.450449
-0.450339
-0.449785
-0.448748
-0.44721
-0.445204
-0.442809
-0.44017
-0.437493
-0.435055
-0.433131
-0.43199
-0.431855
-0.432786
-0.434711
-0.437415
-0.440605
-0.44398
-0.447269
-0.450263
-0.452832
-0.454928
-0.456518
-0.457626
-0.458246
-0.458415
-0.45815
-0.457481
-0.456457
-0.455104
-0.453514
-0.451754
-0.449949
-0.448197
-0.446592
-0.44518
-0.443961
-0.442915
-0.441934
-0.440897
-0.439679
-0.438145
-0.436229
-0.433924
-0.431305
-0.428537
-0.425883
-0.423685
-0.422287
-0.421979
-0.422944
-0.425163
-0.428404
-0.432279
-0.436337
-0.440147
-0.44341
-0.445929
-0.447674
-0.448781
-0.449464
-0.449972
-0.450589
-0.451504
-0.452797
-0.454464
-0.456356
-0.458322
-0.460153
-0.461676
-0.462787
-0.463441
-0.463644
-0.463485
-0.463083
-0.462594
-0.462161
-0.461888
-0.461834
-0.461969
-0.462205
-0.462411
-0.462489
-0.462376
-0.462136
-0.461847
-0.461668
-0.461706
-0.461967
-0.462305
-0.46251
-0.462282
-0.461369
-0.459547
-0.456767
-0.453127
-0.449007
-0.445035
-0.442034
-0.440845
-0.442062
-0.445775
-0.451588
-0.458736
-0.466364
-0.473727
-0.4803
-0.485762
-0.490019
-0.493075
-0.495022
-0.496008
-0.496173
-0.495615
-0.494393
-0.492444
-0.489628
-0.485768
-0.480655
-0.474213
-0.466526
-0.458015
-0.44941
-0.441728
-0.436015
-0.433005
-0.432799
-0.434832
-0.438096
-0.441522
-0.444353
-0.446255
-0.447275
-0.447746
-0.44811
-0.448754
-0.449971
-0.45186
-0.454351
-0.457229
-0.460171
-0.462868
-0.465037
-0.466477
-0.467142
-0.467077
-0.466422
-0.465329
-0.463957
-0.46235
-0.460438
-0.458084
-0.455158
-0.451641
-0.447719
-0.44383
-0.440636
-0.438794
-0.438763
-0.440679
-0.444341
-0.449279
-0.454904
-0.460655
-0.466017
-0.470607
-0.474167
-0.476543
-0.477701
-0.477653
-0.476484
-0.474327
-0.471368
-0.467844
-0.464016
-0.460189
-0.456667
-0.453703
-0.451521
-0.450256
-0.449994
-0.45068
-0.452207
-0.454366
-0.456912
-0.459601
-0.462185
-0.464447
-0.466237
-0.467444
-0.468
-0.46788
-0.467104
-0.465704
-0.46379
-0.461494
-0.459003
-0.456501
-0.4542
-0.452251
-0.450739
-0.449571
-0.448474
-0.446976
-0.444432
-0.440181
-0.433792
-0.425549
-0.416957
-0.410732
-0.409841
-0.415664
-0.42694
-0.440622
-0.453763
-0.46452
-0.472315
-0.47725
-0.479739
-0.480204
-0.47901
-0.476409
-0.472584
-0.467703
-0.461922
-0.45539
-0.448304
-0.440896
-0.433432
-0.426333
-0.420127
-0.415519
-0.413232
-0.413735
-0.417038
-0.422664
-0.429825
-0.437737
-0.445769
-0.453452
-0.460455
-0.466557
-0.471657
-0.47568
-0.478623
-0.480492
-0.481297
-0.481028
-0.479673
-0.477249
-0.473808
-0.469469
-0.464484
-0.459171
-0.453945
-0.449233
-0.445421
-0.44277
-0.441395
-0.441303
-0.442479
-0.444876
-0.448327
-0.452638
-0.457468
-0.462375
-0.466881
-0.47058
-0.473135
-0.474342
-0.474136
-0.472558
-0.469752
-0.465965
-0.461528
-0.456827
-0.452305
-0.448358
-0.445314
-0.443342
-0.44242
-0.442418
-0.443135
-0.444349
-0.445875
-0.447605
-0.449506
-0.451576
-0.453848
-0.456369
-0.459126
-0.462117
-0.465243
-0.468353
-0.471276
-0.473789
-0.475688
-0.476758
-0.476835
-0.47578
-0.473521
-0.470007
-0.465244
-0.459279
-0.452212
-0.444262
-0.435756
-0.427275
-0.419617
-0.413766
-0.410697
-0.411155
-0.415362
-0.422928
-0.432953
-0.444291
-0.455813
-0.466645
-0.476216
-0.484286
-0.490842
-0.495964
-0.499829
-0.502621
-0.504492
-0.505533
-0.505799
-0.505246
-0.503807
-0.501335
-0.497634
-0.492505
-0.485815
-0.477592
-0.468168
-0.458286
-0.449024
-0.441442
-0.436122
-0.432826
-0.430643
-0.428467
-0.425601
-0.422069
-0.418564
-0.41617
-0.415934
-0.418432
-0.423567
-0.430665
-0.438752
-0.446856
-0.454244
-0.460518
-0.465532
-0.469344
-0.472112
-0.474064
-0.475426
-0.476414
-0.477199
-0.477929
-0.478688
-0.47951
-0.480343
-0.481109
-0.481644
-0.481713
-0.481058
-0.47935
-0.476204
-0.471234
-0.464194
-0.455216
-0.445161
-0.435831
-0.429674
-0.428671
-0.433196
-0.441741
-0.451902
-0.461576
-0.469582
-0.475575
-0.479717
-0.482315
-0.483665
-0.483987
-0.483391
-0.481855
-0.479307
-0.475661
-0.470834
-0.464828
-0.457838
-0.45025
-0.442662
-0.435809
-0.430427
-0.427086
-0.426131
-0.427613
-0.431302
-0.436764
-0.443384
-0.450452
-0.45728
-0.463312
-0.468089
-0.471354
-0.47295
-0.472784
-0.470842
-0.467183
-0.461992
-0.455643
-0.448733
-0.442026
-0.436313
-0.432198
-0.429961
-0.429477
-0.430448
-0.432474
-0.435256
-0.438548
-0.442115
-0.445763
-0.449246
-0.452384
-0.45502
-0.457062
-0.458435
-0.459099
-0.45905
-0.458252
-0.45666
-0.454207
-0.450835
-0.446536
-0.441391
-0.435687
-0.429933
-0.424826
-0.42109
-0.419265
-0.419402
-0.421174
-0.42402
-0.427446
-0.431211
-0.435335
-0.439945
-0.445094
-0.450572
-0.455963
-0.460633
-0.463968
-0.465384
-0.464537
-0.461433
-0.45661
-0.451253
-0.447054
-0.445695
-0.447984
-0.453443
-0.460632
-0.467885
-0.473948
-0.478196
-0.480496
-0.481014
-0.480029
-0.477864
-0.474857
-0.471337
-0.467625
-0.464009
-0.460732
-0.457959
-0.45578
-0.454155
-0.452991
-0.452154
-0.451527
-0.450977
-0.450419
-0.449679
-0.4486
-0.446966
-0.444709
-0.442019
-0.439486
-0.437997
-0.438529
-0.441614
-0.447111
-0.454166
-0.461591
-0.46833
-0.473725
-0.477507
-0.479787
-0.480844
-0.480995
-0.480538
-0.479704
-0.478627
-0.477349
-0.475847
-0.474058
-0.471929
-0.469441
-0.466601
-0.463519
-0.460386
-0.457522
-0.455304
-0.454107
-0.454199
-0.455671
-0.458358
-0.461907
-0.465883
-0.469833
-0.473373
-0.476176
-0.478011
-0.478691
-0.478057
-0.475984
-0.472395
-0.467356
-0.461107
-0.454189
-0.44739
-0.44159
-0.437473
-0.435331
-0.434969
-0.435877
-0.437497
-0.439444
-0.441526
-0.443727
-0.446088
-0.448618
-0.45126
-0.453948
-0.456562
-0.459027
-0.461284
-0.463262
-0.464931
-0.466269
-0.46725
-0.467847
-0.468064
-0.467875
-0.467266
-0.466198
-0.464633
-0.462504
-0.459797
-0.456452
-0.452498
-0.447996
-0.443075
-0.437901
-0.432675
-0.427552
-0.422606
-0.417908
-0.413408
-0.409111
-0.405009
-0.401185
-0.397822
-0.395132
-0.393301
-0.392432
-0.392585
-0.393854
-0.396448
-0.400635
-0.406539
-0.413927
-0.422215
-0.430591
-0.438234
-0.444524
-0.449046
-0.451593
-0.452157
-0.450911
-0.44826
-0.444831
-0.441525
-0.439264
-0.438742
-0.440084
-0.442874
-0.446331
-0.449637
-0.452184
-0.453678
-0.454133
-0.45372
-0.452673
-0.451218
-0.449476
-0.447507
-0.44525
-0.442594
-0.439403
-0.435602
-0.431192
-0.426346
-0.421368
-0.416699
-0.41283
-0.410151
-0.408852
-0.408828
-0.409802
-0.411335
-0.413062
-0.414645
-0.415906
-0.416766
-0.417217
-0.417315
-0.417115
-0.416693
-0.416116
-0.415466
-0.414793
-0.414191
-0.413717
-0.413445
-0.41341
-0.413589
-0.413892
-0.414208
-0.414364
-0.414188
-0.413514
-0.412182
-0.41011
-0.407171
-0.403377
-0.398787
-0.393648
-0.388415
-0.3838
-0.380664
-0.379723
-0.381301
-0.385145
-0.390568
-0.396655
-0.402715
-0.408264
-0.413109
-0.417223
-0.420689
-0.423528
-0.425766
-0.427403
-0.428407
-0.428741
-0.428388
-0.427352
-0.425659
-0.423383
-0.420595
-0.417441
-0.414068
-0.410656
-0.407357
-0.404312
-0.40165
-0.399473
-0.397879
-0.396962
-0.396841
-0.39761
-0.399282
-0.401791
-0.404962
-0.408532
-0.412159
-0.415516
-0.41833
-0.420396
-0.421633
-0.422064
-0.421829
-0.421134
-0.420229
-0.419365
-0.418741
-0.418463
-0.418547
-0.418885
-0.41932
-0.419685
-0.419846
-0.419714
-0.419321
-0.418803
-0.418402
-0.418444
-0.419238
-0.42098
-0.423743
-0.427363
-0.431555
-0.435952
-0.440191
-0.443994
-0.447167
-0.449586
-0.45121
-0.45202
-0.452007
-0.451162
-0.449504
-0.447073
-0.443921
-0.440199
-0.436113
-0.431966
-0.42814
-0.424989
-0.422898
-0.422105
-0.422676
-0.424472
-0.427161
-0.430248
-0.433205
-0.435584
-0.437069
-0.437567
-0.437181
-0.436183
-0.43496
-0.43394
-0.433496
-0.433847
-0.434982
-0.436673
-0.438496
-0.439914
-0.440452
-0.439808
-0.43801
-0.435535
-0.43324
-0.43218
-0.433181
-0.436493
-0.441691
-0.447887
-0.454144
-0.459715
-0.464164
-0.467307
-0.469137
-0.4697
-0.469121
-0.467527
-0.465077
-0.461916
-0.458251
-0.454273
-0.450211
-0.446255
-0.442619
-0.439447
-0.436843
-0.4349
-0.433642
-0.433037
-0.432968
-0.433282
-0.433798
-0.434337
-0.434753
-0.435017
-0.435167
-0.435304
-0.435521
-0.435902
-0.436515
-0.437351
-0.438434
-0.439677
-0.440979
-0.442137
-0.442895
-0.442971
-0.442148
-0.440372
-0.437865
-0.435211
-0.433236
-0.432807
-0.43443
-0.437999
-0.442901
-0.44824
-0.453198
-0.457238
-0.460186
-0.462045
-0.462962
-0.463144
-0.46277
-0.462011
-0.460979
-0.459794
-0.458549
-0.457338
-0.456286
-0.455486
-0.454965
-0.45468
-0.454462
-0.454058
-0.453145
-0.451381
-0.448477
-0.444237
-0.438574
-0.431511
-0.423176
-0.413876
-0.404186
-0.39515
-0.388171
-0.384649
-0.385338
-0.389953
-0.397213
-0.405469
-0.413348
-0.420172
-0.425841
-0.430703
-0.435215
-0.439729
-0.444382
-0.449133
-0.45378
-0.458066
-0.461759
-0.464645
-0.46658
-0.467509
-0.467434
-0.466467
-0.464799
-0.462702
-0.460549
-0.458684
-0.457406
-0.456823
-0.456891
-0.457386
-0.457984
-0.458367
-0.458249
-0.457425
-0.455752
-0.453085
-0.449333
-0.444428
-0.438368
-0.431261
-0.423398
-0.415343
-0.407842
-0.401746
-0.397682
-0.395851
-0.395987
-0.397554
-0.399952
-0.402788
-0.405882
-0.409227
-0.412852
-0.416743
-0.420817
-0.424908
-0.428829
-0.432404
-0.435465
-0.437906
-0.439671
-0.440723
-0.441068
-0.440721
-0.439714
-0.438074
-0.435851
-0.433107
-0.429928
-0.426486
-0.423001
-0.419764
-0.417086
-0.415244
-0.414368
-0.414472
-0.415384
-0.416837
-0.418533
-0.420194
-0.421629
-0.42274
-0.423506
-0.423972
-0.42424
-0.424423
-0.424636
-0.425002
-0.425595
-0.426445
-0.427559
-0.428865
-0.430258
-0.431625
-0.432834
-0.433782
-0.434366
-0.434537
-0.434272
-0.433587
-0.43255
-0.431267
-0.429893
-0.428581
-0.427487
-0.426791
-0.426626
-0.42705
-0.428047
-0.429528
-0.431346
-0.433303
-0.435183
-0.436833
-0.438081
-0.438833
-0.439046
-0.438691
-0.437846
-0.436564
-0.434945
-0.433062
-0.430954
-0.428578
-0.425898
-0.422955
-0.41994
-0.417308
-0.415603
-0.415266
-0.416342
-0.418382
-0.420519
-0.421819
-0.421467
-0.41891
-0.413907
-0.406495
-0.396984
-0.38608
-0.374779
-0.364401
-0.356431
-0.352418
-0.353718
-0.360924
-0.373173
-0.388332
-0.403782
-0.417488
-0.428394
-0.436295
-0.441468
-0.444384
-0.445577
-0.445469
-0.444415
-0.4427
-0.440535
-0.438079
-0.435426
-0.432612
-0.429634
-0.426404
-0.422749
-0.418394
-0.412963
-0.406
-0.397099
-0.386223
-0.374054
-0.362441
-0.354169
-0.351778
-0.355982
-0.365149
-0.376399
-0.387148
-0.396002
-0.402539
-0.406938
-0.409577
-0.410826
-0.41094
-0.410123
-0.40848
-0.40611
-0.403081
-0.399535
-0.395643
-0.39171
-0.388042
-0.384918
-0.38252
-0.380876
-0.379838
-0.379145
-0.378464
-0.377493
-0.376008
-0.373938
-0.371398
-0.368687
-0.366315
-0.364853
-0.364808
-0.366449
-0.369614
-0.373858
-0.37855
-0.383102
-0.387086
-0.390258
-0.392621
-0.394264
-0.395363
-0.396123
-0.396691
-0.397197
-0.397665
-0.398094
-0.398427
-0.398581
-0.398495
-0.39809
-0.397309
-0.396185
-0.394813
-0.393367
-0.392101
-0.391289
-0.391186
-0.391941
-0.393518
-0.395722
-0.398227
-0.400668
-0.4027
-0.404023
-0.40444
-0.403801
-0.402049
-0.399181
-0.395284
-0.390594
-0.385497
-0.380541
-0.376318
-0.373373
-0.37198
-0.372116
-0.373464
-0.375588
-0.378097
-0.380721
-0.383358
-0.385995
-0.388657
-0.391359
-0.394079
-0.396723
-0.39925
-0.401526
-0.403501
-0.405103
-0.406276
-0.40697
-0.407115
-0.406598
-0.405275
-0.402997
-0.399599
-0.394995
-0.389304
-0.382888
-0.376449
-0.370876
-0.366923
-0.364881
-0.36446
-0.364956
-0.365649
-0.366127
-0.366373
-0.366661
-0.367345
-0.368657
-0.370609
-0.37299
-0.375496
-0.377795
-0.37966
-0.380952
-0.381678
-0.381954
-0.381999
-0.382082
-0.382476
-0.383262
-0.384365
-0.385478
-0.386122
-0.385768
-0.383915
-0.380155
-0.374248
-0.366205
-0.356387
-0.345666
-0.335575
-0.328061
-0.324935
-0.32706
-0.333832
-0.34353
-0.354147
-0.364154
-0.372709
-0.379555
-0.384794
-0.388667
-0.391467
-0.393447
-0.39482
-0.395747
-0.396342
-0.396683
-0.39682
-0.396761
-0.396511
-0.396051
-0.395349
-0.394373
-0.393074
-0.39135
-0.389083
-0.386079
-0.382047
-0.376681
-0.369643
-0.360849
-0.350706
-0.340492
-0.332289
-0.32829
-0.329547
-0.335243
-0.343151
-0.350915
-0.356972
-0.360738
-0.362316
-0.362134
-0.360677
-0.358363
-0.35548
-0.352163
-0.348435
-0.344252
-0.339625
-0.334668
-0.329731
-0.325346
-0.322191
-0.32089
-0.321828
-0.32499
-0.330012
-0.33625
-0.343012
-0.349619
-0.355574
-0.360556
-0.364406
-0.367146
-0.368858
-0.369683
-0.369823
-0.369447
-0.368724
-0.367784
-0.366742
-0.365653
-0.364547
-0.36343
-0.362314
-0.361191
-0.360055
-0.358901
-0.357749
-0.35658
-0.355435
-0.35431
-0.353226
-0.352198
-0.351232
-0.350326
-0.349514
-0.348772
-0.348102
-0.347504
-0.34696
-0.346455
-0.345958
-0.345453
-0.344899
-0.344248
-0.343447
-0.342448
-0.341206
-0.339665
-0.337779
-0.335525
-0.332874
-0.32986
-0.326549
-0.323016
-0.319403
-0.315882
-0.312627
-0.309783
-0.307458
-0.305654
-0.304244
-0.302997
-0.301624
-0.299879
-0.297707
-0.295314
-0.293273
-0.292327
-0.293256
-0.296476
-0.301875
-0.30881
-0.316389
-0.323775
-0.330329
-0.33571
-0.339808
-0.342707
-0.344555
-0.345601
-0.346067
-0.346196
-0.346231
-0.346326
-0.346606
-0.34712
-0.34786
-0.348764
-0.349712
-0.350589
-0.351263
-0.351622
-0.351552
-0.35095
-0.349726
-0.347819
-0.345194
-0.341857
-0.337872
-0.333408
-0.328707
-0.324118
-0.320093
-0.317105
-0.315565
-0.315732
-0.317646
-0.321101
-0.325715
-0.330992
-0.336444
-0.341663
-0.346355
-0.350346
-0.35355
-0.35598
-0.357694
-0.358775
-0.359328
-0.359484
-0.359368
-0.359058
-0.358621
-0.358054
-0.357257
-0.356129
-0.354457
-0.352107
-0.349018
-0.34524
-0.340986
-0.336584
-0.332419
-0.328914
-0.326429
-0.325252
-0.325521
-0.327095
-0.329587
-0.332451
-0.335212
-0.337638
-0.339808
-0.341996
-0.344499
-0.347423
-0.350666
-0.353956
-0.356989
-0.359511
-0.361381
-0.362595
-0.36326
-0.363501
-0.363477
-0.363354
-0.363261
-0.363313
-0.363555
-0.364035
-0.364736
-0.365638
-0.366682
-0.36782
-0.368986
-0.370102
-0.371125
-0.37202
-0.372758
-0.373299
-0.373646
-0.373785
-0.373746
-0.373532
-0.37317
-0.372688
-0.372106
-0.37143
-0.37067
-0.369788
-0.368725
-0.367401
-0.365719
-0.363541
-0.360752
-0.357245
-0.352929
-0.347804
-0.341925
-0.335464
-0.328722
-0.322168
-0.316383
-0.312003
-0.309639
-0.309698
-0.312299
-0.317187
-0.323787
-0.331354
-0.339155
-0.346629
-0.353386
-0.359231
-0.364114
-0.368088
-0.371229
-0.373626
-0.375389
-0.376592
-0.377306
-0.377591
-0.377493
-0.377077
-0.376387
-0.375473
-0.374395
-0.373227
-0.372031
-0.370882
-0.369833
-0.368915
-0.368107
-0.367382
-0.366692
-0.365935
-0.365055
-0.363976
-0.36265
-0.36105
-0.359191
-0.357082
-0.354746
-0.352207
-0.349505
-0.346678
-0.343815
-0.341036
-0.338527
-0.336469
-0.335019
-0.334237
-0.334005
-0.334117
-0.334335
-0.334517
-0.334788
-0.335448
-0.336933
-0.339536
-0.343301
-0.347948
-0.353008
-0.357986
-0.362513
-0.36635
-0.369407
-0.371696
-0.373318
-0.374369
-0.375048
-0.37552
-0.37595
-0.376488
-0.377226
-0.378221
-0.379465
-0.380897
-0.382466
-0.384086
-0.385677
-0.387179
-0.388539
-0.389718
-0.390685
-0.391421
-0.391924
-0.392161
-0.392098
-0.391744
-0.39108
-0.390078
-0.388757
-0.38715
-0.385316
-0.383382
-0.381474
-0.379773
-0.378444
-0.377671
-0.377583
-0.378241
-0.379665
-0.381793
-0.384519
-0.387712
-0.39122
-0.39491
-0.398673
-0.402437
-0.406164
-0.409847
-0.413507
-0.417164
-0.420867
-0.42466
-0.428549
-0.432533
-0.436581
-0.440624
-0.44459
-0.448344
-0.451725
-0.454569
-0.456642
-0.457728
-0.457595
-0.456073
-0.453187
-0.449251
-0.445
-0.441554
-0.440153
-0.441598
-0.445853
-0.452071
-0.458995
-0.465429
-0.470525
-0.47385
-0.475277
-0.474876
-0.472921
-0.469764
-0.465894
-0.461797
-0.457981
-0.454791
-0.452497
-0.451202
-0.450948
-0.451735
-0.453575
-0.456445
-0.460243
-0.464839
-0.470019
-0.475525
-0.481103
-0.486518
-0.491599
-0.496266
-0.500476
-0.504235
-0.50759
-0.510604
-0.513333
-0.515822
-0.518064
-0.520103
-0.52194
-0.523564
-0.524977
-0.526197
-0.527224
-0.528064
-0.5287
-0.52914
-0.529373
-0.52938
-0.529106
-0.528483
-0.527446
-0.525891
-0.523698
-0.520704
-0.516751
-0.51167
-0.505321
-0.497626
-0.48874
-0.479113
-0.469646
-0.461687
-0.456792
-0.456213
-0.460332
-0.468457
-0.479157
-0.49084
-0.502223
-0.512506
-0.521342
-0.528737
-0.534909
-0.540147
-0.544711
-0.548728
-0.552128
-0.554761
-0.55639
-0.556819
-0.55588
-0.553513
-0.549764
-0.544833
-0.539086
-0.533048
-0.527313
-0.522402
-0.51864
-0.516055
-0.514393
-0.513217
-0.512078
-0.510751
-0.509295
-0.508164
-0.508136
-0.509902
-0.513722
-0.519198
-0.525426
-0.531361
-0.53626
-0.539829
-0.542179
-0.543625
-0.544534
-0.545152
-0.54562
-0.545896
-0.545754
-0.544722
-0.542102
-0.537082
-0.528991
-0.517688
-0.504068
-0.490003
-0.477779
-0.469059
-0.464468
-0.463829
-0.46658
-0.471874
-0.478602
-0.485744
-0.49268
-0.499198
-0.505314
-0.511031
-0.516403
-0.521484
-0.526341
-0.531021
-0.535458
-0.539469
-0.542794
-0.545157
-0.546289
-0.546055
-0.544441
-0.541581
-0.537763
-0.533397
-0.528902
-0.524574
-0.520585
-0.516902
-0.513354
-0.509735
-0.505862
-0.50159
-0.496847
-0.491525
-0.485527
-0.478803
-0.471348
-0.463347
-0.455207
-0.447585
-0.441295
-0.437191
-0.435882
-0.437555
-0.441928
-0.448303
-0.455778
-0.463442
-0.470522
-0.476477
-0.480998
-0.483925
-0.485306
-0.485227
-0.483851
-0.481381
-0.478014
-0.473971
-0.469465
-0.464771
-0.460159
-0.455919
-0.452332
-0.449642
-0.448022
-0.447551
-0.448176
-0.449733
-0.451955
-0.454526
-0.457118
-0.459419
-0.461165
-0.462154
-0.462268
-0.461438
-0.459648
-0.456959
-0.453462
-0.449288
-0.444591
-0.439506
-0.434126
-0.428441
-0.42237
-0.415749
-0.40842
-0.400485
-0.392514
-0.385714
-0.381714
-0.381856
-0.386428
-0.394379
-0.403843
-0.412992
-0.42057
-0.426084
-0.429539
-0.431276
-0.431768
-0.431487
-0.430833
-0.43012
-0.429513
-0.429046
-0.428672
-0.428299
-0.427842
-0.427254
-0.426512
-0.425681
-0.424804
-0.423934
-0.423091
-0.422226
-0.421199
-0.419853
-0.417994
-0.415474
-0.412241
-0.408342
-0.403991
-0.399532
-0.395359
-0.391816
-0.389127
-0.387335
-0.386335
-0.385945
-0.385951
-0.386197
-0.386506
-0.386785
-0.386936
-0.386902
-0.386647
-0.386064
-0.384988
-0.383157
-0.380324
-0.376416
-0.371705
-0.367064
-0.363812
-0.363296
-0.366214
-0.372177
-0.379924
-0.387944
-0.395008
-0.400386
-0.403782
-0.405211
-0.404791
-0.402712
-0.399193
-0.394526
-0.389121
-0.383526
-0.378401
-0.374403
-0.371964
-0.37126
-0.372104
-0.374079
-0.376722
-0.379633
-0.382513
-0.385232
-0.387713
-0.389945
-0.391914
-0.393615
-0.395077
-0.396301
-0.397331
-0.398219
-0.399028
-0.399837
-0.400681
-0.401643
-0.402732
-0.403946
-0.405257
-0.406614
-0.407949
-0.409174
-0.410213
-0.411008
-0.411508
-0.411699
-0.411582
-0.411192
-0.410604
-0.409921
-0.409266
-0.408723
-0.4084
-0.408359
-0.408615
-0.409136
-0.409899
-0.410856
-0.411992
-0.4133
-0.414779
-0.416449
-0.41829
-0.420238
-0.422175
-0.423883
-0.425052
-0.425314
-0.424197
-0.421176
-0.415761
-0.407552
-0.396337
-0.382319
-0.366273
-0.34982
-0.335729
-0.327725
-0.329021
-0.339984
-0.35738
-0.376435
-0.39352
-0.407031
-0.416911
-0.423783
-0.428385
-0.431295
-0.432927
-0.433547
-0.433352
-0.432502
-0.431137
-0.429462
-0.427666
-0.426011
-0.424749
-0.424113
-0.424272
-0.425238
-0.426973
-0.429283
-0.43195
-0.434712
-0.437372
-0.439767
-0.441777
-0.443316
-0.44436
-0.444894
-0.444898
-0.444385
-0.443338
-0.441745
-0.439584
-0.436833
-0.433521
-0.429746
-0.425663
-0.421556
-0.417735
-0.41457
-0.412337
-0.411209
-0.411242
-0.412428
-0.414722
-0.418108
-0.422527
-0.427792
-0.433643
-0.439669
-0.445456
-0.450636
-0.455014
-0.45849
-0.461074
-0.462883
-0.464071
-0.464775
-0.465172
-0.465367
-0.465422
-0.465359
-0.465196
-0.46486
-0.464303
-0.463449
-0.462231
-0.460554
-0.458343
-0.455501
-0.451937
-0.447591
-0.44248
-0.436756
-0.430759
-0.42509
-0.420505
-0.417777
-0.41744
-0.419622
-0.42389
-0.429496
-0.435479
-0.440906
-0.445057
-0.447439
-0.447768
-0.446005
-0.442247
-0.436778
-0.430045
-0.422653
-0.415395
-0.409192
-0.405049
-0.403836
-0.406081
-0.411741
-0.420151
-0.430207
-0.440627
-0.450295
-0.458453
-0.464736
-0.469103
-0.471773
-0.473104
-0.473476
-0.473244
-0.472702
-0.472054
-0.471427
-0.470838
-0.470246
-0.469579
-0.468754
-0.467717
-0.466418
-0.46487
-0.463105
-0.461168
-0.459137
-0.457117
-0.455212
-0.453507
-0.452062
-0.45092
-0.450041
-0.449331
-0.448612
-0.447704
-0.44641
-0.444633
-0.442339
-0.439592
-0.436528
-0.433251
-0.429813
-0.426143
-0.422103
-0.417576
-0.412517
-0.40705
-0.401426
-0.396061
-0.391447
-0.38802
-0.386098
-0.385771
-0.386911
-0.389221
-0.39233
-0.395907
-0.39965
-0.403373
-0.40691
-0.410154
-0.413008
-0.41539
-0.417248
-0.41855
-0.419267
-0.419408
-0.419013
-0.418129
-0.416797
-0.415064
-0.41299
-0.410637
-0.408031
-0.405228
-0.402253
-0.399168
-0.39602
-0.392879
-0.389792
-0.386862
-0.384181
-0.381885
-0.380106
-0.378993
-0.378606
-0.378995
-0.380094
-0.381748
-0.383746
-0.385881
-0.387931
-0.389729
-0.391178
-0.392222
-0.392853
-0.3931
-0.392995
-0.392594
-0.39196
-0.391138
-0.390151
-0.389024
-0.387804
-0.386532
-0.385275
-0.384151
-0.383272
-0.382742
-0.382625
-0.382917
-0.383542
-0.384395
-0.385326
-0.386224
-0.386985
-0.38756
-0.387921
-0.388076
-0.388065
-0.387959
-0.387825
-0.387759
-0.387829
-0.388112
-0.388681
-0.389563
-0.390749
-0.392205
-0.393907
-0.395785
-0.397775
-0.399821
-0.401885
-0.403913
-0.405862
-0.407689
-0.409343
-0.410767
-0.411873
-0.412572
-0.412768
-0.412359
-0.411255
-0.409418
-0.406914
-0.403959
-0.400943
-0.398405
-0.396957
-0.397113
-0.399108
-0.402778
-0.407653
-0.413043
-0.41827
-0.422853
-0.426454
-0.428945
-0.430335
-0.430747
-0.430356
-0.429347
-0.427934
-0.426282
-0.424535
-0.422808
-0.421155
-0.419579
-0.418083
-0.416602
-0.41514
-0.413705
-0.412386
-0.411342
-0.410784
-0.410938
-0.412002
-0.414093
-0.417195
-0.421131
-0.425662
-0.430521
-0.435408
-0.440109
-0.444482
-0.448418
-0.451876
-0.454843
-0.457317
-0.459307
-0.460815
-0.461843
-0.462382
-0.46241
-0.461916
-0.460872
-0.459294
-0.457221
-0.454714
-0.451886
-0.4489
-0.445883
-0.44298
-0.440307
-0.437962
-0.436055
-0.434741
-0.434191
-0.434566
-0.43591
-0.438158
-0.44108
-0.444389
-0.447775
-0.450994
-0.453866
-0.456248
-0.458032
-0.459117
-0.459441
-0.458927
-0.457568
-0.455452
-0.452738
-0.449696
-0.446702
-0.444084
-0.442116
-0.44086
-0.440131
-0.439451
-0.438118
-0.435339
-0.430345
-0.422787
-0.413181
-0.403436
-0.396646
-0.39582
-0.401881
-0.412984
-0.425755
-0.437208
-0.445672
-0.450649
-0.452332
-0.451289
-0.448277
-0.44427
-0.440405
-0.437869
-0.437541
-0.439741
-0.444093
-0.449712
-0.455595
-0.460873
-0.465022
-0.46781
-0.469257
-0.469558
-0.469072
-0.468197
-0.467368
-0.466957
-0.467225
-0.468265
-0.469911
-0.471886
-0.473797
-0.475202
-0.47566
-0.474757
-0.472094
-0.467406
-0.460717
-0.4526
-0.444356
-0.43798
-0.435414
-0.437398
-0.443021
-0.450103
-0.456293
-0.459892
-0.460079
-0.456756
-0.450405
-0.442029
-0.43303
-0.425058
-0.419584
-0.417446
-0.418721
-0.422868
-0.429107
-0.436739
-0.445164
-0.453809
-0.462009
-0.469068
-0.474262
-0.477028
-0.476922
-0.473758
-0.467654
-0.459168
-0.449403
-0.439966
-0.432709
-0.429086
-0.429542
-0.433323
-0.438916
-0.444846
-0.450168
-0.454638
-0.458459
-0.461984
-0.465403
-0.46866
-0.471493
-0.473483
-0.474261
-0.47358
-0.471418
-0.467976
-0.463736
-0.459383
-0.455674
-0.45321
-0.452269
-0.452721
-0.454027
-0.455439
-0.456186
-0.455703
-0.453695
-0.450235
-0.445765
-0.441036
-0.436954
-0.434411
-0.434034
-0.43601
-0.440028
-0.445455
-0.451485
-0.457344
-0.462491
-0.466598
-0.469524
-0.471272
-0.471913
-0.471586
-0.470415
-0.468554
-0.466135
-0.463297
-0.46015
-0.456832
-0.453466
-0.450165
-0.447054
-0.444222
-0.441747
-0.439672
-0.437991
-0.436677
-0.43566
-0.434817
-0.434024
-0.43313
-0.431972
-0.430461
-0.428551
-0.426304
-0.423862
-0.421444
-0.419296
-0.417635
-0.416592
-0.416204
-0.416368
-0.41693
-0.417708
-0.418551
-0.419333
-0.420056
-0.420737
-0.421437
-0.422216
-0.423159
-0.424289
-0.425623
-0.42714
-0.428775
-0.430463
-0.43208
-0.433516
-0.434665
-0.435385
-0.435567
-0.435135
-0.433975
-0.432044
-0.429281
-0.425677
-0.421276
-0.416203
-0.410681
-0.405053
-0.399778
-0.395327
-0.392165
-0.390565
-0.3906
-0.392121
-0.39482
-0.398329
-0.402291
-0.406439
-0.410538
-0.41446
-0.418098
-0.421348
-0.424148
-0.426426
-0.428127
-0.429234
-0.429749
-0.429718
-0.429206
-0.428318
-0.427195
-0.426004
-0.424953
-0.424271
-0.424174
-0.42484
-0.426385
-0.428772
-0.431858
-0.435352
-0.438925
-0.442229
-0.444979
-0.446946
-0.447966
-0.447965
-0.446914
-0.444882
-0.44198
-0.438405
-0.434438
-0.430448
-0.426859
-0.424107
-0.422577
-0.4225
-0.423887
-0.426588
-0.430233
-0.434363
-0.438565
-0.442428
-0.445693
-0.44817
-0.449742
-0.450337
-0.449942
-0.448486
-0.445931
-0.442226
-0.437377
-0.431573
-0.425268
-0.419292
-0.414762
-0.412773
-0.41396
-0.418149
-0.424464
-0.431711
-0.438824
-0.445093
-0.450184
-0.454072
-0.456877
-0.458802
-0.46006
-0.460851
-0.461343
-0.461689
-0.461982
-0.462298
-0.462691
-0.463172
-0.463774
-0.464477
-0.465254
-0.466113
-0.467039
-0.467988
-0.46894
-0.469871
-0.47073
-0.471454
-0.471959
-0.472147
-0.471887
-0.471063
-0.469599
-0.467508
-0.464922
-0.462116
-0.459482
-0.457453
-0.456379
-0.456399
-0.457348
-0.458837
-0.460286
-0.461092
-0.460753
-0.458947
-0.455693
-0.451296
-0.446424
-0.441905
-0.438472
-0.436427
-0.435572
-0.435335
-0.435189
-0.435045
-0.435358
-0.436873
-0.440202
-0.445468
-0.452274
-0.459924
-0.467607
-0.47456
-0.480178
-0.483994
-0.485835
-0.485822
-0.484427
-0.482467
-0.480786
-0.479969
-0.480095
-0.480647
-0.480769
-0.479631
-0.476668
-0.471664
-0.464775
-0.456433
-0.447249
-0.437942
-0.429292
-0.422011
-0.416727
-0.413869
-0.413646
-0.416039
-0.420762
-0.427309
-0.434999
-0.443064
-0.450716
-0.457307
-0.462385
-0.465755
-0.467496
-0.46788
-0.46731
-0.466265
-0.465225
-0.464584
-0.464559
-0.465237
-0.466511
-0.468201
-0.470083
-0.471947
-0.473661
-0.475103
-0.476253
-0.477094
-0.477632
-0.477851
-0.477736
-0.477215
-0.476188
-0.474522
-0.472003
-0.468383
-0.463333
-0.45646
-0.447307
-0.435421
-0.420521
-0.402875
-0.383759
-0.365827
-0.352539
-0.346481
-0.347595
-0.353458
-0.361113
-0.368754
-0.376
-0.383213
-0.390747
-0.398651
-0.406623
-0.414229
-0.421068
-0.426908
-0.431749
-0.435746
-0.439154
-0.442243
-0.445174
-0.448003
-0.450625
-0.452893
-0.454626
-0.455691
-0.456011
-0.455587
-0.454503
-0.452856
-0.450788
-0.448413
-0.445807
-0.442974
-0.439856
-0.436292
-0.432029
-0.426825
-0.420479
-0.412981
-0.404614
-0.396095
-0.388549
-0.383422
-0.381988
-0.384881
-0.391749
-0.401343
-0.412013
-0.422184
-0.430702
-0.436899
-0.440593
-0.441907
-0.441311
-0.43945
-0.437184
-0.435366
-0.434685
-0.435481
-0.437661
-0.440803
-0.444357
-0.447801
-0.45078
-0.453106
-0.454664
-0.455428
-0.455424
-0.45469
-0.453284
-0.451299
-0.448879
-0.446198
-0.443429
-0.440735
-0.438183
-0.435758
-0.433331
-0.430769
-0.427957
-0.424905
-0.4218
-0.418976
-0.41689
-0.416031
-0.416781
-0.419232
-0.423209
-0.428163
-0.433334
-0.437802
-0.440613
-0.440859
-0.437706
-0.430676
-0.419886
-0.406508
-0.392979
-0.382507
-0.377832
-0.379981
-0.387969
-0.399715
-0.412978
-0.425905
-0.437213
-0.446153
-0.45247
-0.456227
-0.457755
-0.457492
-0.455876
-0.453311
-0.45016
-0.446698
-0.443167
-0.439766
-0.436718
-0.434201
-0.432353
-0.431279
-0.431003
-0.431501
-0.432698
-0.434505
-0.436829
-0.43955
-0.442574
-0.445767
-0.44902
-0.452205
-0.455205
-0.457935
-0.460337
-0.462378
-0.464054
-0.465378
-0.46633
-0.466931
-0.467182
-0.46705
-0.466473
-0.46539
-0.463701
-0.461335
-0.458225
-0.454352
-0.449801
-0.444726
-0.439442
-0.434299
-0.429633
-0.425599
-0.422123
-0.418978
-0.415895
-0.412756
-0.409774
-0.407456
-0.406456
-0.407367
-0.410457
-0.415607
-0.422359
-0.430048
-0.437947
-0.445455
-0.452114
-0.457671
-0.461992
-0.465099
-0.467077
-0.468061
-0.468226
-0.467718
-0.466663
-0.46513
-0.463078
-0.460375
-0.456822
-0.452243
-0.446631
-0.440294
-0.433868
-0.428254
-0.424131
-0.421626
-0.420099
-0.418366
-0.415308
-0.410291
-0.403473
-0.395762
-0.388825
-0.384992
-0.38654
-0.394411
-0.407362
-0.422581
-0.437304
-0.449816
-0.459454
-0.466171
-0.469988
-0.470864
-0.468688
-0.463467
-0.455645
-0.446445
-0.437847
-0.43213
-0.430681
-0.433158
-0.437749
-0.442286
-0.445364
-0.446631
-0.446572
-0.446049
-0.445853
-0.446419
-0.4478
-0.449727
-0.451852
-0.453857
-0.455557
-0.456903
-0.457935
-0.458775
-0.459536
-0.460331
-0.461211
-0.462215
-0.463301
-0.464404
-0.465465
-0.46641
-0.4672
-0.467851
-0.468365
-0.468731
-0.468955
-0.468983
-0.468685
-0.467863
-0.466237
-0.463474
-0.459245
-0.453312
-0.445646
-0.43653
-0.426678
-0.417216
-0.409482
-0.404739
-0.403698
-0.406187
-0.411243
-0.417524
-0.423751
-0.429091
-0.433119
-0.435744
-0.437106
-0.437442
-0.43709
-0.436503
-0.436156
-0.436465
-0.437701
-0.439795
-0.442444
-0.445083
-0.44715
-0.4481
-0.447561
-0.445362
-0.441603
-0.436646
-0.431149
-0.425943
-0.421902
-0.419597
-0.419141
-0.42022
-0.42227
-0.424689
-0.427061
-0.429144
-0.430799
-0.43198
-0.432649
-0.43281
-0.432501
-0.431817
-0.430922
-0.430008
-0.429217
-0.428606
-0.428096
-0.427545
-0.426749
-0.425531
-0.423838
-0.421734
-0.419445
-0.417293
-0.415605
-0.414664
-0.414629
-0.415454
-0.416915
-0.418666
-0.420306
-0.421433
-0.421801
-0.421299
-0.420024
-0.418266
-0.416399
-0.414748
-0.413481
-0.412624
-0.41207
-0.411725
-0.411631
-0.41195
-0.412871
-0.414533
-0.41687
-0.419648
-0.422458
-0.42487
-0.426549
-0.427238
-0.426758
-0.425013
-0.421864
-0.417159
-0.41072
-0.40246
-0.392506
-0.381349
-0.369943
-0.359704
-0.352164
-0.348555
-0.349359
-0.354102
-0.361573
-0.370192
-0.37858
-0.385763
-0.391313
-0.395226
-0.397744
-0.39927
-0.400203
-0.400868
-0.401507
-0.402247
-0.403079
-0.403922
-0.404617
-0.40497
-0.404781
-0.403902
-0.40222
-0.399702
-0.396376
-0.392312
-0.387638
-0.382521
-0.377125
-0.371632
-0.366246
-0.361213
-0.356807
-0.353263
-0.350789
-0.349489
-0.349377
-0.350376
-0.352328
-0.355037
-0.358287
-0.361805
-0.365332
-0.368623
-0.371544
-0.373969
-0.375902
-0.377346
-0.378355
-0.378999
-0.379306
-0.379318
-0.379094
-0.378665
-0.378046
-0.37725
-0.376288
-0.375166
-0.373878
-0.372429
-0.370813
-0.369015
-0.36705
-0.364908
-0.362621
-0.360239
-0.357806
-0.355413
-0.353141
-0.351027
-0.349061
-0.347189
-0.345367
-0.343566
-0.341839
-0.340411
-0.339563
-0.339625
-0.340803
-0.343066
-0.346163
-0.349686
-0.353253
-0.356539
-0.359336
-0.361538
-0.363153
-0.36415
-0.364518
-0.364213
-0.363193
-0.361378
-0.358801
-0.355602
-0.352137
-0.348958
-0.346742
-0.346065
-0.347214
-0.350044
-0.354001
-0.35838
-0.362585
-0.366182
-0.369017
-0.371129
-0.372685
-0.373868
-0.374886
-0.375864
-0.37689
-0.377959
-0.379055
-0.380127
-0.381155
-0.382135
-0.383095
-0.384075
-0.385119
-0.38625
-0.387473
-0.388727
-0.389949
-0.391066
-0.391962
-0.392562
-0.392796
-0.392633
-0.392088
-0.391201
-0.390077
-0.38885
-0.387693
-0.386795
-0.386328
-0.386411
-0.387063
-0.388188
-0.389634
-0.391158
-0.392508
-0.393393
-0.393535
-0.392583
-0.390178
-0.385931
-0.379505
-0.370912
-0.360835
-0.351029
-0.344091
-0.342427
-0.346731
-0.355505
-0.366026
-0.375871
-0.383649
-0.388994
-0.392121
-0.393524
-0.393698
-0.393105
-0.392059
-0.390868
-0.389723
-0.388761
-0.388064
-0.387672
-0.38758
-0.387759
-0.388176
-0.388782
-0.389512
-0.390329
-0.391168
-0.391995
-0.392717
-0.393304
-0.393635
-0.393624
-0.393165
-0.392148
-0.390473
-0.388048
-0.384851
-0.380886
-0.376277
-0.371316
-0.36638
-0.361966
-0.358596
-0.3567
-0.356501
-0.357974
-0.360875
-0.364832
-0.369452
-0.374348
-0.379194
-0.383724
-0.387769
-0.391192
-0.393932
-0.395963
-0.397286
-0.39794
-0.39798
-0.397478
-0.396529
-0.395243
-0.393772
-0.392272
-0.390903
-0.389844
-0.389237
-0.389146
-0.389649
-0.390702
-0.392245
-0.394155
-0.396345
-0.398696
-0.401119
-0.403539
-0.405898
-0.408145
-0.410229
-0.412106
-0.413756
-0.415134
-0.416201
-0.416944
-0.417305
-0.417226
-0.416623
-0.415335
-0.413153
-0.409802
-0.404976
-0.398371
-0.389834
-0.379557
-0.368244
-0.357203
-0.348171
-0.34282
-0.342065
-0.345729
-0.352727
-0.361528
-0.370575
-0.378481
-0.384047
-0.386414
-0.385399
-0.381933
-0.378285
-0.377418
-0.381431
-0.390159
-0.401417
-0.412373
-0.421
-0.426397
-0.428482
-0.427559
-0.424037
-0.41829
-0.410649
-0.401445
-0.391081
-0.380042
-0.368868
-0.35809
-0.348154
-0.339457
-0.332509
-0.328108
-0.327172
-0.330335
-0.337392
-0.347061
-0.357428
-0.366655
-0.373638
-0.378134
-0.380574
-0.381769
-0.382511
-0.383436
-0.384871
-0.386847
-0.389229
-0.391746
-0.394097
-0.395994
-0.397184
-0.397466
-0.396669
-0.394704
-0.391512
-0.387129
-0.381694
-0.375486
-0.368899
-0.362484
-0.356857
-0.3526
-0.350175
-0.349714
-0.351044
-0.3537
-0.357126
-0.360737
-0.364119
-0.366996
-0.369263
-0.370946
-0.372144
-0.372982
-0.373641
-0.374253
-0.374923
-0.375716
-0.376682
-0.377812
-0.379123
-0.380609
-0.382245
-0.383989
-0.385786
-0.387558
-0.389217
-0.390697
-0.391907
-0.392798
-0.393336
-0.39349
-0.39327
-0.392674
-0.391727
-0.390462
-0.388912
-0.387113
-0.385145
-0.383051
-0.380885
-0.378724
-0.376621
-0.374653
-0.372861
-0.371273
-0.369779
-0.368144
-0.365868
-0.362168
-0.356087
-0.346882
-0.334783
-0.32205
-0.313257
-0.313225
-0.323407
-0.340568
-0.35936
-0.375771
-0.388154
-0.396558
-0.401725
-0.404464
-0.405459
-0.405167
-0.403922
-0.401908
-0.399261
-0.396098
-0.392569
-0.388818
-0.385112
-0.381747
-0.379055
-0.377277
-0.376508
-0.37668
-0.37749
-0.378565
-0.379474
-0.379857
-0.379412
-0.377917
-0.375183
-0.371068
-0.365465
-0.358484
-0.350605
-0.342934
-0.337215
-0.335296
-0.338244
-0.345609
-0.355714
-0.366485
-0.376296
-0.384308
-0.39027
-0.394363
-0.396872
-0.398089
-0.398286
-0.397646
-0.396299
-0.394358
-0.391858
-0.388811
-0.38525
-0.381157
-0.376517
-0.371277
-0.365356
-0.358646
-0.351016
-0.342411
-0.332969
-0.323109
-0.313593
-0.305414
-0.299491
-0.296367
-0.296058
-0.298187
-0.302244
-0.307729
-0.314179
-0.321157
-0.328282
-0.33525
-0.341837
-0.347884
-0.353317
-0.35809
-0.362185
-0.365616
-0.3684
-0.370567
-0.372148
-0.373162
-0.373641
-0.373557
-0.372882
-0.37157
-0.369564
-0.366842
-0.36342
-0.359421
-0.355088
-0.350769
-0.346811
-0.343411
-0.340452
-0.337419
-0.33349
-0.327682
-0.31923
-0.307916
-0.29447
-0.280719
-0.269174
-0.262074
-0.26035
-0.263357
-0.26977
-0.278607
-0.28967
-0.302812
-0.317337
-0.331892
-0.345025
-0.355772
-0.363845
-0.369385
-0.372794
-0.374504
-0.374893
-0.374253
-0.372784
-0.370618
-0.36783
-0.364481
-0.36064
-0.356399
-0.351874
-0.347227
-0.342617
-0.338179
-0.333967
-0.329931
-0.32591
-0.321772
-0.317463
-0.313182
-0.309373
-0.306683
-0.305735
-0.306871
-0.31
-0.314644
-0.320125
-0.325797
-0.331196
-0.336072
-0.340354
-0.34405
-0.347281
-0.350134
-0.352682
-0.355026
-0.357227
-0.359322
-0.361347
-0.363309
-0.365196
-0.366984
-0.368616
-0.369979
-0.370982
-0.371392
-0.370895
-0.369034
-0.365173
-0.358519
-0.348283
-0.334257
-0.317701
-0.302259
-0.29326
-0.294565
-0.305347
-0.320809
-0.335793
-0.347336
-0.354703
-0.358445
-0.359534
