-0.0112137
-0.0158294
-0.0363669
-0.0663862
-0.0991202
-0.12976
-0.155995
-0.177476
-0.19469
-0.208182
-0.2182
-0.224517
-0.226605
-0.223784
-0.21551
-0.201683
-0.182773
-0.160174
-0.136241
-0.114074
-0.0969418
-0.0871834
-0.0856235
-0.0912328
-0.101511
-0.113402
-0.124046
-0.131381
-0.134136
-0.131895
-0.124962
-0.114052
-0.100207
-0.0846345
-0.0685129
-0.0529897
-0.0390619
-0.0275927
-0.0193839
-0.0152498
-0.0159084
-0.0220085
-0.0338213
-0.051099
-0.0730226
-0.098383
-0.125761
-0.153925
-0.181873
-0.208991
-0.234922
-0.259327
-0.281947
-0.302461
-0.320462
-0.335617
-0.347534
-0.355794
-0.360002
-0.359737
-0.354436
-0.343484
-0.326046
-0.301254
-0.268276
-0.226551
-0.176291
-0.119032
-0.0581187
0.00143609
0.0537503
0.0938243
0.118742
0.127927
0.122558
0.10496
0.0783728
0.0465883
0.0135062
-0.0176866
-0.0449143
-0.0672527
-0.0846056
-0.0973896
-0.106325
-0.112316
-0.116394
-0.119628
-0.123112
-0.127826
-0.134623
-0.144049
-0.156256
-0.171211
-0.188516
-0.2076
-0.227852
-0.248597
-0.269253
-0.289301
-0.308264
-0.325743
-0.34143
-0.354934
-0.365946
-0.374053
-0.37886
-0.379952
-0.376841
-0.369093
-0.356279
-0.33817
-0.314734
-0.286337
-0.253864
-0.218653
-0.182386
-0.146772
-0.113408
-0.0832743
-0.0568944
-0.0345695
-0.0166164
-0.0037897
0.00289413
0.00256426
-0.00483229
-0.0181345
-0.0349409
-0.052369
-0.0677276
-0.0793333
-0.0867726
-0.0907954
-0.0929499
-0.0950665
-0.0987333
-0.104961
-0.114058
-0.125753
-0.139384
-0.154263
-0.169848
-0.185808
-0.201953
-0.218245
-0.234713
-0.251345
-0.268039
-0.28469
-0.301044
-0.316851
-0.331838
-0.345794
-0.358466
-0.369753
-0.379531
-0.387867
-0.394765
-0.400338
-0.404761
-0.408175
-0.41071
-0.412539
-0.413789
-0.414521
-0.414809
-0.414685
-0.414199
-0.413394
-0.412346
-0.411192
-0.410059
-0.409116
-0.40854
-0.408494
-0.409065
-0.410277
-0.412075
-0.414254
-0.416479
-0.418393
-0.419573
-0.419513
-0.417719
-0.413735
-0.407159
-0.397657
-0.384985
-0.369034
-0.349746
-0.327327
-0.30215
-0.274904
-0.246603
-0.218792
-0.193413
-0.172821
-0.159357
-0.154748
-0.159649
-0.173082
-0.192657
-0.215221
-0.237473
-0.256665
-0.271
-0.279752
-0.283265
-0.282966
-0.281091
-0.280259
-0.282968
-0.290897
-0.304379
-0.322398
-0.343173
-0.364572
-0.384757
-0.402456
-0.417017
-0.428123
-0.435869
-0.440443
-0.442131
-0.441208
-0.437895
-0.432364
-0.424785
-0.415255
-0.403869
-0.390699
-0.375908
-0.35968
-0.342255
-0.323945
-0.305223
-0.286606
-0.268662
-0.251997
-0.237124
-0.224441
-0.214127
-0.206144
-0.20029
-0.196146
-0.193233
-0.191113
-0.189318
-0.187528
-0.185465
-0.183007
-0.179993
-0.176306
-0.171761
-0.166149
-0.159192
-0.150543
-0.139853
-0.126799
-0.111209
-0.0931469
-0.0731623
-0.0524507
-0.032969
-0.0172311
-0.0080406
-0.00764912
-0.016996
-0.0352938
-0.0601093
-0.0879766
-0.115192
-0.138416
-0.154969
-0.162858
-0.160775
-0.148034
-0.124691
-0.0917695
-0.0513007
-0.00633089
0.0394425
0.0825188
0.120105
0.150394
0.17221
0.184387
0.185478
0.174113
0.149793
0.113478
0.0677632
0.0163364
-0.0368548
-0.0883579
-0.135577
-0.176839
-0.211265
-0.238631
-0.259066
-0.27302
-0.28109
-0.284011
-0.28267
-0.277954
-0.270782
-0.261941
-0.251995
-0.241208
-0.229542
-0.216612
-0.201892
-0.184712
-0.164573
-0.14112
-0.114229
-0.0839925
-0.0506794
-0.0147218
0.0233437
0.0628108
0.102801
0.142345
0.180471
0.216321
0.249306
0.279007
0.305051
0.326758
0.343037
0.352529
0.353965
0.346628
0.330727
0.307413
0.278801
0.247684
0.217195
0.190497
0.170139
0.15764
0.152831
0.153463
0.155241
0.152586
0.140472
0.116307
0.0808251
0.0375703
-0.00888106
-0.0543806
-0.0961422
-0.13276
-0.164
-0.190234
-0.212154
-0.230557
-0.246222
-0.259788
-0.271789
-0.282635
-0.292664
-0.302036
-0.310767
-0.318728
-0.325626
-0.331007
-0.33437
-0.335139
-0.332648
-0.326359
-0.31572
-0.300233
-0.279545
-0.253475
-0.222186
-0.186415
-0.147851
-0.109182
-0.0739459
-0.0457799
-0.0272416
-0.0187049
-0.0182021
-0.0222149
-0.0269371
-0.0295151
-0.0287317
-0.0250632
-0.0204581
-0.01773
-0.0197792
-0.0287073
-0.0453295
-0.0691288
-0.0986028
-0.131824
-0.16685
-0.202025
-0.236012
-0.267827
-0.296685
-0.322149
-0.343959
-0.362048
-0.376505
-0.387513
-0.395384
-0.40045
-0.403038
-0.403565
-0.402423
-0.400012
-0.396691
-0.392726
-0.388383
-0.383796
-0.37906
-0.374183
-0.369128
-0.363878
-0.358447
-0.352946
-0.347556
-0.342631
-0.338514
-0.335607
-0.334227
-0.334562
-0.336623
-0.340246
-0.345169
-0.350928
-0.357075
-0.363147
-0.368701
-0.373357
-0.376773
-0.378742
-0.379105
-0.377923
-0.375344
-0.371795
-0.367785
-0.363956
-0.361028
-0.35955
-0.360029
-0.362499
-0.366722
-0.372247
-0.378323
-0.384176
-0.389035
-0.392243
-0.393323
-0.391817
-0.387417
-0.379915
-0.369157
-0.35503
-0.33746
-0.316422
-0.291899
-0.263873
-0.232379
-0.197292
-0.158552
-0.116125
-0.0702567
-0.0217097
0.0279995
0.0765379
0.120992
0.158487
0.18689
0.205397
0.214698
0.216522
0.213011
0.206151
0.19713
0.186378
0.173799
0.159347
0.143388
0.12691
0.111167
0.0972866
0.0858887
0.0770598
0.0706847
0.0668621
0.0664793
0.0712932
0.0839519
0.107387
0.14398
0.194374
0.25599
0.321784
0.380255
0.417533
0.422174
0.390047
0.32617
0.241839
0.149727
0.0600036
-0.0211833
-0.0912915
-0.15014
-0.198871
-0.239103
-0.272542
-0.3007
-0.324798
-0.345884
-0.364663
-0.381668
-0.397285
-0.411724
-0.425131
-0.43757
-0.449059
-0.459626
-0.469255
-0.477917
-0.485592
-0.49227
-0.497939
-0.50257
-0.506116
-0.508503
-0.509666
-0.509562
-0.508
-0.504792
-0.499709
-0.492399
-0.482399
-0.469136
-0.451896
-0.429739
-0.401604
-0.366466
-0.323759
-0.274035
-0.220059
-0.167652
-0.125329
-0.10165
-0.101208
-0.121879
-0.156061
-0.194589
-0.230238
-0.259033
-0.279695
-0.292654
-0.299054
-0.300211
-0.297373
-0.291529
-0.283436
-0.273591
-0.262288
-0.24978
-0.236402
-0.222629
-0.209178
-0.196679
-0.185321
-0.174285
-0.161526
-0.143947
-0.118552
-0.0840287
-0.0423824
0.000355102
0.0354059
0.0547248
0.0543676
0.035614
0.00366137
-0.0346383
-0.0729412
-0.106726
-0.13396
-0.15464
-0.169965
-0.181214
-0.189286
-0.194409
-0.196569
-0.1957
-0.191898
-0.185585
-0.177345
-0.167833
-0.157682
-0.147475
-0.137895
-0.129999
-0.12519
-0.125092
-0.130845
-0.142393
-0.158249
-0.17594
-0.192594
-0.205782
-0.213944
-0.216488
-0.213649
-0.206177
-0.195105
-0.18156
-0.166536
-0.150879
-0.1354
-0.121085
-0.109088
-0.100875
-0.0977685
-0.100638
-0.109371
-0.122837
-0.139197
-0.156323
-0.172436
-0.186223
-0.197046
-0.20474
-0.209488
-0.211583
-0.211359
-0.209046
-0.20488
-0.198987
-0.191444
-0.182481
-0.172381
-0.161594
-0.150858
-0.141156
-0.133701
-0.129745
-0.130416
-0.136309
-0.147412
-0.16303
-0.181966
-0.202739
-0.22386
-0.24399
-0.26204
-0.277115
-0.288474
-0.295503
-0.297649
-0.294409
-0.285407
-0.27049
-0.249848
-0.224207
-0.195057
-0.16478
-0.136497
-0.113666
-0.0994856
-0.0958315
-0.102846
-0.11886
-0.14093
-0.165571
-0.189537
-0.210207
-0.225892
-0.235785
-0.240053
-0.239784
-0.236803
-0.233427
-0.231958
-0.234052
-0.240304
-0.250049
-0.26161
-0.272835
-0.281612
-0.286143
-0.285182
-0.278034
-0.264587
-0.245437
-0.222138
-0.197335
-0.174663
-0.15814
-0.151105
-0.155017
-0.168994
-0.190294
-0.215396
-0.240973
-0.264719
-0.285196
-0.301726
-0.314182
-0.322636
-0.327344
-0.328548
-0.326541
-0.321602
-0.313973
-0.303779
-0.291104
-0.275958
-0.258345
-0.238293
-0.216087
-0.192393
-0.16836
-0.145598
-0.126239
-0.11246
-0.106174
-0.108519
-0.119687
-0.138739
-0.163945
-0.193092
-0.223946
-0.254489
-0.283117
-0.308738
-0.330648
-0.348508
-0.362114
-0.371406
-0.376357
-0.37696
-0.373204
-0.365206
-0.353224
-0.337779
-0.319805
-0.300607
-0.281872
-0.265267
-0.25217
-0.243309
-0.238655
-0.237385
-0.238137
-0.239292
-0.239204
-0.236389
-0.229645
-0.218292
-0.202611
-0.184051
-0.165476
-0.150736
-0.143625
-0.146423
-0.158942
-0.178664
-0.201744
-0.224321
-0.243384
-0.25705
-0.264218
-0.264378
-0.257369
-0.243233
-0.222323
-0.195329
-0.163492
-0.128777
-0.0937304
-0.0614234
-0.0347911
-0.0159081
-0.00515441
-0.0009609
-0.000110402
0.00135957
0.00693367
0.0183042
0.0344686
0.051767
0.0654577
0.072396
0.0732989
0.0721389
0.0729501
0.0760115
0.0765257
0.0673465
0.0440083
0.00815543
-0.0334035
-0.0728252
-0.104915
-0.128053
-0.143406
-0.153558
-0.161206
-0.168419
-0.176228
-0.184734
-0.193554
-0.202207
-0.210418
-0.218237
-0.225939
-0.233797
-0.241886
-0.249947
-0.257447
-0.263564
-0.267374
-0.267925
-0.264285
-0.255712
-0.241563
-0.221409
-0.195305
-0.163849
-0.128711
-0.092624
-0.059516
-0.0339192
-0.0199197
-0.0198798
-0.0336999
-0.0589235
-0.091718
-0.12793
-0.163924
-0.197107
-0.22585
-0.249336
-0.267262
-0.279633
-0.28651
-0.287824
-0.283381
-0.27279
-0.255501
-0.231014
-0.199134
-0.160396
-0.116354
-0.0700253
-0.0255967
0.0121296
0.0388876
0.0520501
0.051422
0.0391262
0.0187755
-0.00571578
-0.0310331
-0.055019
-0.0767896
-0.0965182
-0.115181
-0.134021
-0.154065
-0.175602
-0.197961
-0.219703
-0.239065
-0.254417
-0.26464
-0.269374
-0.268771
-0.263624
-0.255179
-0.245028
-0.234916
-0.226632
-0.221558
-0.220555
-0.223726
-0.230425
-0.23947
-0.249425
-0.258867
-0.266634
-0.271929
-0.274285
-0.273664
-0.270349
-0.264915
-0.258187
-0.251085
-0.244625
-0.239656
-0.236844
-0.236453
-0.23841
-0.242303
-0.24749
-0.253319
-0.259303
-0.265192
-0.27119
-0.27776
-0.285634
-0.295585
-0.308141
-0.323523
-0.341442
-0.361191
-0.381855
-0.402434
-0.422035
-0.439909
-0.455559
-0.468675
-0.479084
-0.486675
-0.491474
-0.493503
-0.492871
-0.489683
-0.48413
-0.476463
-0.467059
-0.456325
-0.44472
-0.432666
-0.420491
-0.408256
-0.395795
-0.382617
-0.368004
-0.351122
-0.331054
-0.306941
-0.278142
-0.244336
-0.205758
-0.163586
-0.120295
-0.0798904
-0.0473994
-0.027813
-0.0243463
-0.0371673
-0.0632518
-0.0974959
-0.134469
-0.169525
-0.199472
-0.222427
-0.23754
-0.244625
-0.24382
-0.235589
-0.22066
-0.200289
-0.176252
-0.150891
-0.126769
-0.106038
-0.0897809
-0.0777176
-0.0682362
-0.0592779
-0.0491127
-0.0370838
-0.0240067
-0.0122277
-0.00518427
-0.0065496
-0.0189969
-0.0432164
-0.0774499
-0.118015
-0.160341
-0.20003
-0.233744
-0.259346
-0.275819
-0.283037
-0.281475
-0.272143
-0.25641
-0.236019
-0.212964
-0.189396
-0.167465
-0.148859
-0.134665
-0.125015
-0.119077
-0.115303
-0.111722
-0.10634
-0.0976637
-0.08491
-0.0681721
-0.0483524
-0.0269158
-0.00568672
0.0134218
0.0287054
0.0386975
0.0423119
0.0391204
0.0292988
0.0137184
-0.0061296
-0.0283793
-0.0511047
-0.072468
-0.0910863
-0.106085
-0.117259
-0.125158
-0.131108
-0.137147
-0.145604
-0.158491
-0.177043
-0.201141
-0.229559
-0.260228
-0.290974
-0.319949
-0.345852
-0.368028
-0.386279
-0.400739
-0.411831
-0.419996
-0.425749
-0.429607
-0.432046
-0.433476
-0.434252
-0.434568
-0.434525
-0.434008
-0.432752
-0.430174
-0.425508
-0.417678
-0.405224
-0.386553
-0.359973
-0.324173
-0.279278
-0.228166
-0.177341
-0.136311
-0.113988
-0.113793
-0.131264
-0.156722
-0.180271
-0.195412
-0.19968
-0.193864
-0.180683
-0.163785
-0.14706
-0.133863
-0.126626
-0.126469
-0.133215
-0.145682
-0.162228
-0.181091
-0.200821
-0.220317
-0.23892
-0.256244
-0.272227
-0.286993
-0.300685
-0.313493
-0.325604
-0.337058
-0.347867
-0.357844
-0.366826
-0.374538
-0.380689
-0.384986
-0.387145
-0.386978
-0.384304
-0.378943
-0.37086
-0.360048
-0.346585
-0.330632
-0.312448
-0.292363
-0.270772
-0.248126
-0.224837
-0.201167
-0.177211
-0.152838
-0.127883
-0.102291
-0.0766552
-0.0525554
-0.0328417
-0.0211783
-0.020963
-0.0338458
-0.0585824
-0.0913451
-0.127065
-0.160886
-0.189199
-0.209906
-0.22213
-0.22583
-0.221591
-0.210264
-0.193008
-0.171198
-0.146412
-0.120366
-0.0946473
-0.0707154
-0.0496025
-0.0318693
-0.0175497
-0.00621523
0.00283359
0.0106703
0.0184527
0.0274559
0.0388872
0.053563
0.0716585
0.0925363
0.114595
0.135455
0.152354
0.162806
0.164854
0.157625
0.141085
0.115865
0.0828998
0.0435044
-0.00068908
-0.0477365
-0.0953944
-0.141424
-0.183778
-0.22079
-0.251233
-0.27426
-0.289442
-0.296517
-0.295549
-0.286752
-0.270804
-0.248762
-0.222295
-0.193806
-0.166155
-0.14234
-0.12463
-0.113732
-0.10822
-0.104882
-0.099836
-0.0902534
-0.0761712
-0.0612961
-0.0520806
-0.0545552
-0.07054
-0.0964298
-0.12526
-0.150341
-0.16758
-0.17575
-0.175621
-0.168957
-0.157731
-0.144064
-0.13012
-0.117758
-0.108322
-0.102124
-0.0983851
-0.0955329
-0.0919885
-0.086804
-0.0800839
-0.0726626
-0.0655675
-0.0593132
-0.0534902
-0.0469161
-0.0384742
-0.0278481
-0.0164003
-0.00717002
-0.00419765
-0.0113095
-0.0305832
-0.0615012
-0.101186
-0.145435
-0.18996
-0.231365
-0.267455
-0.297237
-0.320498
-0.337734
-0.349677
-0.357264
-0.361394
-0.36293
-0.362599
-0.360924
-0.358158
-0.354313
-0.349111
-0.342004
-0.332246
-0.319166
-0.302411
-0.282357
-0.260539
-0.23979
-0.223938
-0.216813
-0.220726
-0.235444
-0.258271
-0.28506
-0.311722
-0.335076
-0.353194
-0.36515
-0.370734
-0.37019
-0.363982
-0.352794
-0.337494
-0.319223
-0.29948
-0.279888
-0.262169
-0.247794
-0.237738
-0.232234
-0.230848
-0.232655
-0.236465
-0.241147
-0.245907
-0.250294
-0.25425
-0.257965
-0.2617
-0.265623
-0.269686
-0.27366
-0.277116
-0.279646
-0.280761
-0.280087
-0.277205
-0.271729
-0.263203
-0.251132
-0.235063
-0.214713
-0.190238
-0.162175
-0.131697
-0.100527
-0.0705755
-0.0437778
-0.021532
-0.00460612
0.00680478
0.0130685
0.0147265
0.0124018
0.00659675
-0.00226372
-0.0138712
-0.0277491
-0.043309
-0.05972
-0.0761093
-0.0916276
-0.105656
-0.117877
-0.128387
-0.137512
-0.145697
-0.15324
-0.160177
-0.16627
-0.170995
-0.173901
-0.174692
-0.173494
-0.170801
-0.167391
-0.164079
-0.161357
-0.159133
-0.156714
-0.152807
-0.145812
-0.134147
-0.116488
-0.0920011
-0.0606746
-0.0233491
0.0179704
0.0601549
0.0989981
0.129758
0.148022
0.150765
0.137116
0.108711
0.069391
0.0240494
-0.0223248
-0.0657002
-0.103552
-0.134852
-0.159874
-0.179863
-0.196468
-0.211372
-0.22594
-0.240869
-0.256336
-0.271975
-0.287056
-0.300803
-0.312511
-0.321638
-0.327953
-0.33149
-0.332592
-0.331766
-0.329745
-0.327334
-0.325385
-0.324597
-0.325385
-0.327882
-0.331911
-0.336982
-0.342419
-0.347421
-0.351263
-0.353185
-0.352563
-0.348706
-0.340932
-0.32859
-0.310981
-0.28717
-0.256269
-0.217331
-0.169555
-0.112689
-0.0474932
0.0234985
0.0955612
0.161873
0.214832
0.248324
0.259832
0.250927
0.226162
0.191072
0.150403
0.107195
0.0627996
0.0175551
-0.0284663
-0.074817
-0.120587
-0.164449
-0.205074
-0.241326
-0.272418
-0.29795
-0.317871
-0.332417
-0.342037
-0.347324
-0.349088
-0.348246
-0.345889
-0.3432
-0.341303
-0.341132
-0.343197
-0.347554
-0.353767
-0.361037
-0.368397
-0.374872
-0.379582
-0.381801
-0.38107
-0.377072
-0.36979
-0.359392
-0.346349
-0.331459
-0.315949
-0.301239
-0.289059
-0.280981
-0.278055
-0.280742
-0.288592
-0.300553
-0.315126
-0.330776
-0.346195
-0.360349
-0.372615
-0.382654
-0.390326
-0.395673
-0.398834
-0.399996
-0.399311
-0.397025
-0.393265
-0.388198
-0.381857
-0.374347
-0.365697
-0.35595
-0.345159
-0.33346
-0.321147
-0.308624
-0.29639
-0.285143
-0.275544
-0.268205
-0.263559
-0.261728
-0.262539
-0.265463
-0.269705
-0.274249
-0.277884
-0.279196
-0.276615
-0.268472
-0.252799
-0.22763
-0.190984
-0.141683
-0.0802877
-0.0107616
0.0583184
0.114706
0.14694
0.150389
0.12982
0.0958447
0.0590272
0.0263356
0.000853944
-0.0170131
-0.0282715
-0.0346537
-0.0383139
-0.0414692
-0.0462375
-0.054282
-0.0664817
-0.0828493
-0.102593
-0.124272
-0.146259
-0.166941
-0.185048
-0.199708
-0.210547
-0.217753
-0.221866
-0.223849
-0.224765
-0.225517
-0.226646
-0.228092
-0.229149
-0.228584
-0.224901
-0.216594
-0.202483
-0.181938
-0.155131
-0.123348
-0.0891537
-0.0564199
-0.0296913
-0.0129903
-0.00870653
-0.0165763
-0.0340957
-0.057455
-0.0828146
-0.107038
-0.127906
-0.14419
-0.155242
-0.161001
-0.161758
-0.158266
-0.151543
-0.142994
-0.134159
-0.12667
-0.121795
-0.12013
-0.121313
-0.123987
-0.126332
-0.126593
-0.12365
-0.117468
-0.109012
-0.100137
-0.0931329
-0.0901063
-0.0926331
-0.101122
-0.114862
-0.132216
-0.151034
-0.169234
-0.184901
-0.196654
-0.203529
-0.205065
-0.201263
-0.192441
-0.179224
-0.162379
-0.142679
-0.1209
-0.097696
-0.0737442
-0.050015
-0.0281829
-0.0106694
-0.000259051
0.000979498
-0.00727462
-0.0231154
-0.0429897
-0.0630256
-0.0799824
-0.0919311
-0.098201
-0.0990198
-0.0953165
-0.0882802
-0.0792139
-0.0694752
-0.0602401
-0.0524948
-0.0469824
-0.0441988
-0.0444226
-0.0477801
-0.0544666
-0.0646977
-0.0788121
-0.096982
-0.119058
-0.144511
-0.172365
-0.201234
-0.229603
-0.25586
-0.278605
-0.296451
-0.308032
-0.311962
-0.306738
-0.290807
-0.262688
-0.221708
-0.168852
-0.10805
-0.0467635
0.00477622
0.0365442
0.042115
0.0208205
-0.0227327
-0.0805366
-0.143726
-0.204749
-0.258448
-0.302366
-0.336117
-0.360493
-0.37683
-0.386546
-0.390893
-0.390855
-0.387149
-0.380327
-0.370783
-0.35881
-0.344655
-0.328653
-0.311134
-0.292621
-0.273674
-0.254861
-0.236758
-0.219728
-0.203927
-0.189333
-0.175838
-0.163514
-0.152772
-0.144482
-0.139761
-0.139738
-0.144995
-0.155333
-0.169722
-0.186545
-0.203929
-0.220262
-0.234281
-0.24525
-0.252868
-0.257158
-0.258345
-0.256727
-0.252474
-0.245616
-0.235795
-0.222269
-0.203744
-0.178434
-0.144125
-0.0986289
-0.0406465
0.0285802
0.102934
0.170005
0.213662
0.221688
0.193385
0.139673
0.0754082
0.0121782
-0.0441846
-0.0921054
-0.132131
-0.165573
-0.193742
-0.217853
-0.23884
-0.257387
-0.273945
-0.288738
-0.30175
-0.312797
-0.321517
-0.327388
-0.329833
-0.328194
-0.321848
-0.310593
-0.294844
-0.275965
-0.256421
-0.239573
-0.228905
-0.226946
-0.234693
-0.25146
-0.275486
-0.304559
-0.336535
-0.369381
-0.401206
-0.430209
-0.454905
-0.474045
-0.486758
-0.49236
-0.490264
-0.479878
-0.460586
-0.431777
-0.393049
-0.34469
-0.288264
-0.227311
-0.167618
-0.116687
-0.0817405
-0.0670743
-0.0722622
-0.0926492
-0.121364
-0.151829
-0.17911
-0.200312
-0.214053
-0.220084
-0.218659
-0.210305
-0.195629
-0.175309
-0.150404
-0.122269
-0.0930335
-0.0655635
-0.0430927
-0.0288223
-0.0249638
-0.0321986
-0.0495766
-0.0749826
-0.105911
-0.139981
-0.175219
-0.210177
-0.243735
-0.275039
-0.303439
-0.328466
-0.349834
-0.367418
-0.381315
-0.391685
-0.39888
-0.403338
-0.40555
-0.406029
-0.405279
-0.40377
-0.401845
-0.399742
-0.397574
-0.395257
-0.392616
-0.389344
-0.385028
-0.379305
-0.371749
-0.362083
-0.35006
-0.335664
-0.319136
-0.300995
-0.282081
-0.263502
-0.246501
-0.232284
-0.221742
-0.215253
-0.212667
-0.21339
-0.216543
-0.221295
-0.226965
-0.233131
-0.239518
-0.245958
-0.252186
-0.257821
-0.262321
-0.265058
-0.265579
-0.263733
-0.259986
-0.255518
-0.252103
-0.251778
-0.256252
-0.266323
-0.281565
-0.300493
-0.321106
-0.341392
-0.359784
-0.375245
-0.387232
-0.395492
-0.399967
-0.400622
-0.397409
-0.390188
-0.378903
-0.363666
-0.344849
-0.323479
-0.30125
-0.280612
-0.264246
-0.254464
-0.25236
-0.257295
-0.267073
-0.278711
-0.289221
-0.296383
-0.298931
-0.29659
-0.289886
-0.279935
-0.268175
-0.256056
-0.244747
-0.234984
-0.226952
-0.220458
-0.215157
-0.210857
-0.207672
-0.206137
-0.207036
-0.21115
-0.219017
-0.230754
-0.245974
-0.263867
-0.283441
-0.303625
-0.323494
-0.342311
-0.35962
-0.375103
-0.388608
-0.400131
-0.40968
-0.417299
-0.423061
-0.426991
-0.429168
-0.429536
-0.42802
-0.424523
-0.418887
-0.410844
-0.400029
-0.385947
-0.367857
-0.34472
-0.315136
-0.277256
-0.228872
-0.167984
-0.0942212
-0.0113867
0.0697395
0.131889
0.158405
0.144233
0.0999402
0.0439429
-0.00825026
-0.0487433
-0.0761032
-0.0923475
-0.100556
-0.103753
-0.104354
-0.104055
-0.103982
-0.104715
-0.106413
-0.108969
-0.112124
-0.11558
-0.118952
-0.121937
-0.124458
-0.126542
-0.128611
-0.131519
-0.13639
-0.144633
-0.157512
-0.175738
-0.199187
-0.226892
-0.257245
-0.288392
-0.318598
-0.346502
-0.37116
-0.392015
-0.408812
-0.421523
-0.430183
-0.434972
-0.436067
-0.433805
-0.428552
-0.420858
-0.411403
-0.401039
-0.390706
-0.381357
-0.373693
-0.368201
-0.364932
-0.363485
-0.363204
-0.363163
-0.362522
-0.360566
-0.356922
-0.351431
-0.344254
-0.335651
-0.325968
-0.315529
-0.304656
-0.293698
-0.283045
-0.2732
-0.264589
-0.257586
-0.252323
-0.248651
-0.246256
-0.244714
-0.243706
-0.243081
-0.242959
-0.243635
-0.245479
-0.248774
-0.253591
-0.259684
-0.266566
-0.273429
-0.279409
-0.283512
-0.284893
-0.28278
-0.276559
-0.265761
-0.25009
-0.229477
-0.203984
-0.173907
-0.139788
-0.102326
-0.0625845
-0.0217826
0.0185704
0.0567634
0.0908438
0.118824
0.138805
0.1492
0.149109
0.138567
0.118592
0.0910465
0.0582813
0.0226978
-0.0136063
-0.0490019
-0.0824405
-0.113306
-0.141449
-0.166958
-0.190153
-0.21139
-0.231069
-0.249454
-0.266797
-0.283213
-0.298689
-0.313189
-0.326602
-0.338851
-0.349874
-0.359639
-0.368154
-0.375547
-0.382005
-0.387726
-0.392922
-0.397839
-0.402645
-0.407435
-0.412266
-0.417052
-0.421704
-0.425957
-0.42966
-0.432651
-0.434747
-0.435857
-0.435953
-0.435043
-0.433177
-0.430523
-0.427211
-0.423423
-0.419399
-0.415347
-0.411471
-0.407948
-0.404931
-0.402458
-0.40059
-0.399236
-0.398385
-0.397908
-0.397663
-0.397596
-0.397641
-0.397742
-0.397909
-0.398119
-0.398436
-0.398805
-0.399189
-0.399559
-0.399769
-0.399679
-0.399055
-0.397643
-0.39509
-0.390937
-0.384576
-0.375314
-0.362186
-0.344093
-0.319913
-0.288706
-0.250363
-0.206352
-0.160478
-0.118794
-0.0878851
-0.0716781
-0.0685898
-0.0716995
-0.0715918
-0.0599093
-0.0321067
0.011148
0.0635044
0.113677
0.14943
0.163462
0.157176
0.138896
0.117982
0.100076
0.0861322
0.0738038
0.0597644
0.0416821
0.018775
-0.00812863
-0.0373622
-0.0670082
-0.0953988
-0.12127
-0.143753
-0.162268
-0.176379
-0.185809
-0.190276
-0.189528
-0.183403
-0.171881
-0.155208
-0.13407
-0.109599
-0.0836203
-0.0585667
-0.0372915
-0.0226092
-0.0167595
-0.0208262
-0.0344851
-0.0561398
-0.0834142
-0.113729
-0.144647
-0.174262
-0.201184
-0.224707
-0.244561
-0.261016
-0.274641
-0.286201
-0.296595
-0.306634
-0.316833
-0.327417
-0.338167
-0.348634
-0.358052
-0.365637
-0.370608
-0.372294
-0.37012
-0.363688
-0.352796
-0.337414
-0.317812
-0.294569
-0.268632
-0.24134
-0.214458
-0.189865
-0.169458
-0.154701
-0.146375
-0.144406
-0.147906
-0.155278
-0.164377
-0.172767
-0.17805
-0.17788
-0.170342
-0.154007
-0.128149
-0.0929362
-0.0495484
-0.00037165
0.0509562
0.0997489
0.140713
0.168679
0.179689
0.172063
0.147028
0.108319
0.0612704
0.0113433
-0.0365492
-0.0785817
-0.111836
-0.134334
-0.14498
-0.143747
-0.132114
-0.113227
-0.0917422
-0.0726647
-0.0595713
-0.0531814
-0.0509877
-0.0486395
-0.0416582
-0.0269285
-0.00306732
0.0296513
0.069699
0.114547
0.160885
0.204857
0.242341
0.269677
0.28471
0.287504
0.280366
0.266764
0.24984
0.231286
0.211437
0.189877
0.166354
0.141033
0.114314
0.0864305
0.0572142
0.0263581
-0.00638414
-0.0407799
-0.0760204
-0.110796
-0.143757
-0.173866
-0.200725
-0.224617
-0.246469
-0.26754
-0.288961
-0.311383
-0.334817
-0.358638
-0.38184
-0.403321
-0.422071
-0.437381
-0.448861
-0.456345
-0.459894
-0.459669
-0.455913
-0.448919
-0.438976
-0.426307
-0.411184
-0.393769
-0.374145
-0.35233
-0.328252
-0.301774
-0.272807
-0.241369
-0.207633
-0.172157
-0.135863
-0.100107
-0.0666328
-0.0374101
-0.0143005
0.00105882
0.00770428
0.00549929
-0.00480218
-0.0215701
-0.042644
-0.0656519
-0.0883643
-0.10898
-0.126235
-0.139384
-0.148182
-0.152767
-0.153485
-0.150805
-0.145256
-0.13729
-0.127322
-0.115682
-0.102898
-0.0897742
-0.0776289
-0.0682425
-0.0635264
-0.0650385
-0.0732757
-0.0873861
-0.105458
-0.124859
-0.142886
-0.157304
-0.16666
-0.170327
-0.168532
-0.162334
-0.153389
-0.143505
-0.134009
-0.125264
-0.116417
-0.105894
-0.0922575
-0.0754366
-0.0576347
-0.043447
-0.0386477
-0.0477836
-0.0721459
-0.10905
-0.15324
-0.199204
-0.242719
-0.281371
-0.314176
-0.341128
-0.362638
-0.379179
-0.391246
-0.399096
-0.402826
-0.402351
-0.397412
-0.387527
-0.372137
-0.350532
-0.322093
-0.286379
-0.243667
-0.195496
-0.145383
-0.0990973
-0.0635044
-0.0443267
-0.0434666
-0.0580339
-0.0821957
-0.109831
-0.136679
-0.160633
-0.181049
-0.197962
-0.211352
-0.22097
-0.226169
-0.22616
-0.219981
-0.206647
-0.185154
-0.154823
-0.11554
-0.0683634
-0.016387
0.0349782
0.0783819
0.106717
0.115795
0.105808
0.0806082
0.0453903
0.00472166
-0.038156
-0.0810677
-0.122619
-0.161825
-0.198074
-0.231036
-0.260688
-0.287185
-0.310763
-0.33174
-0.350352
-0.366802
-0.381201
-0.393555
-0.403832
-0.411872
-0.417497
-0.420393
-0.420267
-0.416673
-0.409142
-0.397167
-0.380136
-0.357534
-0.328809
-0.293785
-0.252657
-0.206501
-0.157695
-0.110216
-0.0694016
-0.0408943
-0.0288838
-0.034293
-0.0544476
-0.0842622
-0.118205
-0.151865
-0.182602
-0.209233
-0.231633
-0.25025
-0.265723
-0.278697
-0.289642
-0.298951
-0.306788
-0.313244
-0.318339
-0.322085
-0.324438
-0.325526
-0.32549
-0.324528
-0.322872
-0.320697
-0.31818
-0.315305
-0.311948
-0.307909
-0.302934
-0.296754
-0.289223
-0.280341
-0.27039
-0.259797
-0.249258
-0.239557
-0.2315
-0.225779
-0.222819
-0.222713
-0.225222
-0.229819
-0.235788
-0.242385
-0.248882
-0.25467
-0.259389
-0.262781
-0.264768
-0.265431
-0.264996
-0.26373
-0.261997
-0.260099
-0.258379
-0.257067
-0.25631
-0.256101
-0.25639
-0.257
-0.257717
-0.258295
-0.258551
-0.258376
-0.257705
-0.256618
-0.255262
-0.253898
-0.252879
-0.252635
-0.253586
-0.256063
-0.260298
-0.266349
-0.27411
-0.283281
-0.293451
-0.304149
-0.314919
-0.325322
-0.335122
-0.344104
-0.352247
-0.359674
-0.366532
-0.37312
-0.379652
-0.386438
-0.393584
-0.401208
-0.409273
-0.417675
-0.426197
-0.434641
-0.442726
-0.450249
-0.457003
-0.462894
-0.467785
-0.471696
-0.474542
-0.476387
-0.477281
-0.477217
-0.476181
-0.474237
-0.471361
-0.467543
-0.462709
-0.456789
-0.44964
-0.441105
-0.430964
-0.418977
-0.404851
-0.388308
-0.369007
-0.346695
-0.321318
-0.293012
-0.262331
-0.230271
-0.198457
-0.168849
-0.143529
-0.124302
-0.112199
-0.107388
-0.109281
-0.11685
-0.128965
-0.144524
-0.16254
-0.181996
-0.201898
-0.221352
-0.239648
-0.256299
-0.271161
-0.284317
-0.295931
-0.306313
-0.315596
-0.323894
-0.331149
-0.337294
-0.342294
-0.346142
-0.348957
-0.350902
-0.352175
-0.352957
-0.353348
-0.353321
-0.352783
-0.351435
-0.349009
-0.345119
-0.339451
-0.33168
-0.321678
-0.309521
-0.295577
-0.28065
-0.265801
-0.25223
-0.240998
-0.232737
-0.227485
-0.224752
-0.223677
-0.223343
-0.222968
-0.222068
-0.220389
-0.217792
-0.214181
-0.209288
-0.202807
-0.194363
-0.183759
-0.171179
-0.157185
-0.142752
-0.128896
-0.116427
-0.105413
-0.0949396
-0.0835434
-0.0694453
-0.0514317
-0.0291515
-0.00352889
0.0234292
0.04896
0.0700746
0.0841157
0.0891616
0.0841968
0.0689993
0.0437493
0.00920813
-0.0330738
-0.0805536
-0.129859
-0.177459
-0.220643
-0.257939
-0.289151
-0.314918
-0.336334
-0.354396
-0.369889
-0.383101
-0.394081
-0.402662
-0.408571
-0.411513
-0.41117
-0.407296
-0.399686
-0.388308
-0.373363
-0.355427
-0.335485
-0.314945
-0.295486
-0.278835
-0.266341
-0.258588
-0.255184
-0.254777
-0.255379
-0.254702
-0.250436
-0.24066
-0.223815
-0.199034
-0.166282
-0.126663
-0.0825426
-0.0372686
0.00551159
0.043029
0.0740787
0.0989516
0.118171
0.131231
0.136165
0.130145
0.111143
0.0792403
0.0369232
-0.011761
-0.0623818
-0.111132
-0.155349
-0.193324
-0.224215
-0.247734
-0.263992
-0.273279
-0.275977
-0.272572
-0.263628
-0.249917
-0.232516
-0.212923
-0.193117
-0.175376
-0.16179
-0.153729
-0.151309
-0.153378
-0.157869
-0.162575
-0.165813
-0.166809
-0.165701
-0.163259
-0.160355
-0.157551
-0.154808
-0.151532
-0.146971
-0.140491
-0.132002
-0.122028
-0.111607
-0.102114
-0.0948659
-0.091034
-0.0914562
-0.0965881
-0.106458
-0.120719
-0.138637
-0.159127
-0.180847
-0.202316
-0.222097
-0.238902
-0.251632
-0.259338
-0.261302
-0.256975
-0.245997
-0.228305
-0.204067
-0.173948
-0.139137
-0.101397
-0.0629561
-0.0262671
0.00654991
0.0339332
0.0554291
0.0716963
0.0843936
0.0958584
0.108604
0.124902
0.146325
0.173129
0.203943
0.235317
0.262076
0.278444
0.279691
0.263855
0.232473
0.189749
0.140904
0.0905083
0.0415748
-0.00459507
-0.0478138
-0.0883896
-0.126697
-0.162749
-0.196242
-0.226551
-0.252942
-0.274785
-0.29169
-0.303638
-0.31109
-0.314898
-0.316315
-0.316788
-0.317719
-0.320199
-0.324847
-0.331627
-0.339976
-0.349014
-0.357827
-0.365651
-0.372029
-0.376788
-0.379985
-0.381874
-0.382652
-0.382578
-0.381736
-0.380131
-0.377629
-0.374028
-0.369068
-0.362447
-0.353846
-0.342872
-0.329067
-0.311891
-0.290823
-0.265355
-0.235247
-0.200612
-0.162262
-0.121787
-0.0819914
-0.0466098
-0.0198425
-0.00547435
-0.00567066
-0.020326
-0.0470271
-0.0817904
-0.120094
-0.15795
-0.192476
-0.221931
-0.245665
-0.263746
-0.276653
-0.28515
-0.290023
-0.292022
-0.29178
-0.289852
-0.286535
-0.282056
-0.276483
-0.269721
-0.261701
-0.252332
-0.241511
-0.229167
-0.215368
-0.20022
-0.183955
-0.166918
-0.149608
-0.132696
-0.116976
-0.103321
-0.0926683
-0.0859772
-0.0839979
-0.0872528
-0.0959727
-0.109939
-0.128682
-0.151288
-0.17656
-0.203045
-0.229186
-0.253445
-0.274347
-0.290628
-0.30123
-0.305425
-0.302839
-0.293384
-0.277472
-0.255893
-0.229781
-0.200518
-0.169409
-0.137372
-0.104676
-0.0709251
-0.0351672
0.00390923
0.0478177
0.0981839
0.15671
0.224536
0.301612
0.385212
0.468781
0.541801
0.591767
0.608285
0.587338
0.533229
0.455977
0.36659
0.273499
0.181984
0.0951921
0.0151138
-0.0571561
-0.121373
-0.178095
-0.228276
-0.272873
-0.312641
-0.348029
-0.37928
-0.406585
-0.430131
-0.450136
-0.466891
-0.480663
-0.491859
-0.500762
-0.507746
-0.513038
-0.516908
-0.519604
-0.521228
-0.521923
-0.521785
-0.520863
-0.519216
-0.516839
-0.513717
-0.50984
-0.505195
-0.499753
-0.493507
-0.486478
-0.478674
-0.470121
-0.460865
-0.450948
-0.440505
-0.429562
-0.418184
-0.406398
-0.394218
-0.381609
-0.368524
-0.354892
-0.340712
-0.326006
-0.310942
-0.295731
-0.280754
-0.266474
-0.253356
-0.241902
-0.232499
-0.225435
-0.220707
-0.218222
-0.217779
-0.219076
-0.221966
-0.226253
-0.231938
-0.239063
-0.247645
-0.25766
-0.268934
-0.281244
-0.294255
-0.307561
-0.320791
-0.333538
-0.345468
-0.356245
-0.365502
-0.372882
-0.377964
-0.380216
-0.379001
-0.373642
-0.363367
-0.347547
-0.325823
-0.298593
-0.267304
-0.234765
-0.204743
-0.181256
-0.166755
-0.1612
-0.161824
-0.164632
-0.165972
-0.163839
-0.158295
-0.151097
-0.144852
-0.14208
-0.144315
-0.151783
-0.163508
-0.177865
-0.193092
-0.207701
-0.220721
-0.231711
-0.240817
-0.248561
-0.255763
-0.263363
-0.27218
-0.282739
-0.295069
-0.308793
-0.323189
-0.337324
-0.350296
-0.361239
-0.369499
-0.374606
-0.376344
-0.374521
-0.36912
-0.360271
-0.348221
-0.333376
-0.316292
-0.297785
-0.278831
-0.260681
-0.244593
-0.23176
-0.22307
-0.219075
-0.219783
-0.22474
-0.2331
-0.243816
-0.255841
-0.268197
-0.280129
-0.291097
-0.300849
-0.309406
-0.317082
-0.324351
-0.331912
-0.340483
-0.350655
-0.362806
-0.37698
-0.392771
-0.409484
-0.426313
-0.442347
-0.456797
-0.469065
-0.478728
-0.485507
-0.489279
-0.48997
-0.487589
-0.482145
-0.47364
-0.462083
-0.447516
-0.429931
-0.409411
-0.38607
-0.36016
-0.332024
-0.30219
-0.271434
-0.240672
-0.211091
-0.183913
-0.160376
-0.141543
-0.128208
-0.120734
-0.119079
-0.122877
-0.131497
-0.14417
-0.160097
-0.178556
-0.198792
-0.220188
-0.242107
-0.263903
-0.284965
-0.304644
-0.322297
-0.337248
-0.348888
-0.356587
-0.359777
-0.357981
-0.350832
-0.338196
-0.320387
-0.298285
-0.273355
-0.247811
-0.224093
-0.204365
-0.189759
-0.180001
-0.173493
-0.167936
-0.161182
-0.151836
-0.139702
-0.125602
-0.111164
-0.0983284
-0.0889158
-0.0841567
-0.0844856
-0.0896499
-0.0987882
-0.110795
-0.124535
-0.139014
-0.153463
-0.167446
-0.180821
-0.193807
-0.206605
-0.219371
-0.231834
-0.243416
-0.253315
-0.260807
-0.265491
-0.267342
-0.266558
-0.263479
-0.258238
-0.250748
-0.240684
-0.227573
-0.21093
-0.190355
-0.165707
-0.137052
-0.104698
-0.0693411
-0.0319883
0.00603653
0.0430966
0.0774008
0.107262
0.131314
0.148859
0.159779
0.164637
0.164446
0.160622
0.154763
0.148449
0.143123
0.139857
0.139161
0.140973
0.144481
0.148021
0.149387
0.145875
0.13475
0.114057
0.0830918
0.04281
-0.00457156
-0.0561203
-0.108888
-0.160504
-0.209444
-0.254901
-0.296656
-0.334785
-0.369463
-0.400729
-0.428449
-0.45221
-0.471451
-0.485508
-0.49377
-0.495713
-0.49098
-0.479448
-0.461191
-0.436638
-0.406537
-0.371885
-0.333961
-0.294158
-0.253935
-0.214921
-0.178983
-0.148422
-0.125642
-0.112456
-0.109384
-0.115118
-0.127003
-0.141838
-0.156902
-0.170452
-0.181763
-0.190986
-0.198701
-0.20559
-0.212344
-0.219512
-0.227401
-0.236151
-0.245716
-0.255985
-0.266755
-0.277815
-0.28894
-0.299977
-0.310835
-0.321402
-0.331631
-0.341506
-0.350956
-0.359966
-0.368449
-0.376258
-0.383229
-0.389127
-0.393635
-0.39639
-0.396958
-0.394844
-0.38956
-0.380634
-0.367613
-0.350242
-0.328583
-0.303237
-0.275638
-0.248197
-0.224205
-0.207479
-0.201401
-0.207835
-0.226331
-0.254318
-0.287864
-0.323022
-0.35672
-0.386955
-0.412758
-0.433832
-0.450244
-0.462239
-0.470167
-0.4744
-0.47529
-0.473273
-0.468775
-0.462249
-0.454049
-0.44449
-0.433893
-0.422457
-0.410438
-0.398144
-0.385907
-0.374171
-0.363367
-0.353915
-0.346085
-0.339841
-0.334974
-0.330974
-0.327191
-0.322813
-0.316997
-0.308874
-0.297441
-0.281657
-0.260411
-0.232643
-0.197557
-0.154976
-0.105755
-0.0523017
0.00114774
0.0487122
0.0840717
0.102435
0.102375
0.0865558
0.0604902
0.0303561
0.0011467
-0.0243832
-0.0457554
-0.0642171
-0.081961
-0.101195
-0.123365
-0.148682
-0.176271
-0.204637
-0.232169
-0.257608
-0.280154
-0.29938
-0.315243
-0.327814
-0.337269
-0.343789
-0.347535
-0.348672
-0.347216
-0.343175
-0.336459
-0.326884
-0.314168
-0.298008
-0.278053
-0.254169
-0.226495
-0.195659
-0.162801
-0.129519
-0.0975184
-0.0679235
-0.0409894
-0.0159288
0.00860021
0.033782
0.0598897
0.0858447
0.109324
0.127304
0.137255
0.138056
0.130432
0.116627
0.0993739
0.0809815
0.0629066
0.0456042
0.0289571
0.0123954
-0.00462401
-0.0225852
-0.0417842
-0.0622215
-0.0836545
-0.10563
-0.12751
-0.148657
-0.168609
-0.187059
-0.203919
-0.21922
-0.232964
-0.245122
-0.255488
-0.263947
-0.270448
-0.275165
-0.278511
-0.281067
-0.283509
-0.286465
-0.290456
-0.295774
-0.302587
-0.310964
-0.320845
-0.332118
-0.344637
-0.358236
-0.372543
-0.387155
-0.401614
-0.415394
-0.428021
-0.439131
-0.448408
-0.455685
-0.460844
-0.463902
-0.464929
-0.463999
-0.461319
-0.457048
-0.451333
-0.444451
-0.436621
-0.428094
-0.419137
-0.410001
-0.400916
-0.39205
-0.383512
-0.375287
-0.367312
-0.359529
-0.351833
-0.344156
-0.336514
-0.329001
-0.321845
-0.315529
-0.310679
-0.308096
-0.308546
-0.312617
-0.320517
-0.331899
-0.345887
-0.36119
-0.376306
-0.389727
-0.400219
-0.406842
-0.40912
-0.406884
-0.400366
-0.389986
-0.376264
-0.359492
-0.339676
-0.316296
-0.288386
-0.254826
-0.214508
-0.166893
-0.112319
-0.0522118
0.0110237
0.0745827
0.135954
0.193512
0.246492
0.294739
0.33791
0.37526
0.405572
0.427527
0.439961
0.441889
0.43247
0.410942
0.376916
0.331082
0.275997
0.216313
0.157946
0.106613
0.0664525
0.0394634
0.0255533
0.0230789
0.0295622
0.0422399
0.0585654
0.0763873
0.0938691
0.109326
0.121117
0.127572
0.127265
0.119204
0.103073
0.0792545
0.0487204
0.0127751
-0.0270838
-0.0693439
-0.112351
-0.154543
-0.194392
-0.230425
-0.261173
-0.285266
-0.301203
-0.307584
-0.303167
-0.287505
-0.261824
-0.230054
-0.199484
-0.179353
-0.177086
-0.194481
-0.226723
-0.265261
-0.302054
-0.332089
-0.353589
-0.366989
-0.373793
-0.375873
-0.374854
-0.372102
-0.36843
-0.364295
-0.359817
-0.354877
-0.349135
-0.342327
-0.334192
-0.324745
-0.314254
-0.303287
-0.292758
-0.283661
-0.276986
-0.273332
-0.272744
-0.274654
-0.27796
-0.281136
-0.282596
-0.280737
-0.274017
-0.261124
-0.240944
-0.212651
-0.175898
-0.131036
-0.0793154
-0.0231677
0.0339925
0.0881457
0.13539
0.172642
0.198021
0.210848
0.211164
0.199485
0.176705
0.144366
0.10473
0.0607973
0.0159006
-0.0268162
-0.0647848
-0.096292
-0.12039
-0.136803
-0.145839
-0.148235
-0.145138
-0.138038
-0.128661
-0.118766
-0.109782
-0.102512
-0.0969896
-0.0924249
-0.0875565
-0.0810298
-0.0718295
-0.0596055
-0.0447034
-0.0283154
-0.0122539
0.00131704
0.0102711
0.0129665
0.00875179
-0.00181028
-0.0170438
-0.0343421
-0.0505924
-0.0623493
-0.0661963
-0.0587198
-0.0368615
0.0012731
0.054693
0.116813
0.173736
0.207
0.202521
0.160093
0.0939916
0.0241471
-0.0329922
-0.0683806
-0.0800711
-0.0720212
-0.0531136
-0.0347512
-0.0268896
-0.0334241
-0.0508577
-0.0713595
-0.0875458
-0.0952564
-0.0939744
-0.0857173
-0.073677
-0.0611239
-0.0507958
-0.0445294
-0.0432062
-0.0468375
-0.0547514
-0.0659819
-0.0793832
-0.0937944
-0.10812
-0.121355
-0.132715
-0.141669
-0.147993
-0.151783
-0.153448
-0.153654
-0.152972
-0.151711
-0.149605
-0.145648
-0.138506
-0.126717
-0.109203
-0.0858261
-0.0576816
-0.0273058
0.00143117
0.0239952
0.0360743
0.0348426
0.0196794
-0.00767587
-0.0437174
-0.0843623
-0.125772
-0.165148
-0.200812
-0.231974
-0.258473
-0.28045
-0.298187
-0.311907
-0.321722
-0.327732
-0.330188
-0.329421
-0.326064
-0.320927
-0.314962
-0.309173
-0.304443
-0.301501
-0.300804
-0.302585
-0.306868
-0.313457
-0.322006
-0.33201
-0.342853
-0.353867
-0.364503
-0.374238
-0.382714
-0.389632
-0.394768
-0.397957
-0.399021
-0.397886
-0.394425
-0.3886
-0.380394
-0.369912
-0.357306
-0.342833
-0.326828
-0.309662
-0.291782
-0.273544
-0.255295
-0.237132
-0.219081
-0.20093
-0.182476
-0.163488
-0.143775
-0.123251
-0.101873
-0.0796698
-0.0565823
-0.0325701
-0.00751746
0.0186012
0.0457231
0.073488
0.101158
0.1276
0.151129
0.169587
0.180473
0.181388
0.170414
0.14672
0.111047
0.0655116
0.0133852
-0.0416855
-0.0963715
-0.14802
-0.194918
-0.236165
-0.27153
-0.301277
-0.325845
-0.34585
-0.361765
-0.373999
-0.382798
-0.388212
-0.390094
-0.388358
-0.382783
-0.373319
-0.360064
-0.343389
-0.323989
-0.302924
-0.281597
-0.261637
-0.244669
-0.232094
-0.224876
-0.223339
-0.227235
-0.235866
-0.248275
-0.263447
-0.280392
-0.29821
-0.316074
-0.333274
-0.349127
-0.363011
-0.374378
-0.382775
-0.387814
-0.389272
-0.387097
-0.381487
-0.372909
-0.362147
-0.350211
-0.338365
-0.327782
-0.319428
-0.31381
-0.310929
-0.310323
-0.311301
-0.312995
-0.314616
-0.315511
-0.315195
-0.313409
-0.309976
-0.304967
-0.298637
-0.291413
-0.283901
-0.276806
-0.27092
-0.267029
-0.26586
-0.267942
-0.273546
-0.282623
-0.294663
-0.308806
-0.323995
-0.33908
-0.353046
-0.365238
-0.375399
-0.383597
-0.39027
-0.396087
-0.401721
-0.407778
-0.414657
-0.42243
-0.430983
-0.439925
-0.448847
-0.457212
-0.464669
-0.470888
-0.475693
-0.479023
-0.480963
-0.481674
-0.481333
-0.480159
-0.478385
-0.476084
-0.473336
-0.470038
-0.465994
-0.460962
-0.454617
-0.446669
-0.436836
-0.424933
-0.410932
-0.394963
-0.377285
-0.358275
-0.338325
-0.317715
-0.296462
-0.27422
-0.250286
-0.22396
-0.19496
-0.164141
-0.1339
-0.108119
-0.0910223
-0.08525
-0.0902621
-0.102377
-0.116289
-0.12711
-0.131647
-0.128795
-0.119037
-0.103849
-0.0849375
-0.0637975
-0.0414887
-0.0186826
0.0041692
0.0264766
0.0475152
0.0664428
0.0825706
0.095539
0.105503
0.113038
0.118749
0.123145
0.126236
0.127635
0.126734
0.123157
0.117073
0.109287
0.10118
0.0943806
0.0902702
0.0897147
0.0922345
0.0952122
0.0935404
0.080769
0.0522648
0.00812692
-0.0461748
-0.102516
-0.153565
-0.194765
-0.224472
-0.243146
-0.252327
-0.254088
-0.250552
-0.243633
-0.234885
-0.225244
-0.214991
-0.203829
-0.191034
-0.175783
-0.157649
-0.136906
-0.114859
-0.0938608
-0.0769484
-0.0668502
-0.0649996
-0.0708057
-0.0817089
-0.0941312
-0.104508
-0.110342
-0.110755
-0.106726
-0.100762
-0.0960528
-0.0954548
-0.100336
-0.110398
-0.124133
-0.139824
-0.156294
-0.173266
-0.191062
-0.210264
-0.231224
-0.253886
-0.277691
-0.301687
-0.324691
-0.345553
-0.363137
-0.376481
-0.384843
-0.387601
-0.384323
-0.374752
-0.358746
-0.336386
-0.308044
-0.274399
-0.236572
-0.196076
-0.154859
-0.115053
-0.078784
-0.0477678
-0.0231496
-0.00534469
0.00600177
0.012011
0.0142331
0.0146316
0.0151236
0.0173317
0.0221806
0.0295427
0.0380487
0.0451169
0.0477005
0.0430985
0.0301748
0.00969233
-0.0160932
-0.0443316
-0.0725278
-0.0989495
-0.12265
-0.143197
-0.160399
-0.174147
-0.184374
-0.191131
-0.194656
-0.195594
-0.194941
-0.194124
-0.194619
-0.197819
-0.204449
-0.214395
-0.226732
-0.239917
-0.252126
-0.261598
-0.266902
-0.266902
-0.260751
-0.247666
-0.226939
-0.198284
-0.16245
-0.122516
-0.0846489
-0.0574226
-0.0488438
-0.061987
-0.0929223
-0.132774
-0.172172
-0.204339
-0.226099
-0.236948
-0.23807
-0.231415
-0.219241
-0.20367
-0.186353
-0.168352
-0.149985
-0.13096
-0.110716
-0.0888893
-0.0655705
-0.0415855
-0.0185165
0.00156685
0.0165508
0.0250039
0.026854
0.0236031
0.0181372
0.0139013
0.0139099
0.0197943
0.0312155
0.0459763
0.060577
0.0716736
0.0777175
0.0800672
0.0829585
0.0919327
0.110849
0.138631
0.167006
0.181469
0.167485
0.119517
0.0451248
-0.0397689
-0.119597
-0.184351
-0.230043
-0.25661
-0.266034
-0.261082
-0.244929
-0.221153
-0.193919
-0.167884
-0.147823
-0.137788
-0.14007
-0.154558
-0.179006
-0.209751
-0.242885
-0.275196
-0.304363
-0.329179
-0.349201
-0.36448
-0.375383
-0.382395
-0.386048
-0.386764
-0.384964
-0.380944
-0.375031
-0.367501
-0.358614
-0.348713
-0.338147
-0.327315
-0.316615
-0.306408
-0.296966
-0.288456
-0.280938
-0.274361
-0.268849
-0.264492
-0.261496
-0.260073
-0.260353
-0.262287
-0.26563
-0.269881
-0.274449
-0.278701
-0.282082
-0.284259
-0.285066
-0.284515
-0.282754
-0.28003
-0.276627
-0.272844
-0.268909
-0.26501
-0.26129
-0.257695
-0.254132
-0.250329
-0.245959
-0.240538
-0.23359
-0.224654
-0.213395
-0.199853
-0.184562
-0.168784
-0.154496
-0.144183
-0.140089
-0.143608
-0.154609
-0.171475
-0.191591
-0.212149
-0.23073
-0.245592
-0.25582
-0.261036
-0.261294
-0.256977
-0.248577
-0.236628
-0.221667
-0.204252
-0.184859
-0.163987
-0.14219
-0.12
-0.0980776
-0.0771786
-0.0582618
-0.0427441
-0.0326473
-0.0305229
-0.0388129
-0.0586679
-0.0890141
-0.126342
-0.165614
-0.201873
-0.231125
-0.251029
-0.26078
-0.260864
-0.252855
-0.239135
-0.2226
-0.206146
-0.192014
-0.181101
-0.172399
-0.163098
-0.149203
-0.127045
-0.0952104
-0.0569815
-0.0213941
-0.000878034
-0.00467252
-0.0326076
-0.0752731
-0.120207
-0.158197
-0.185333
-0.20194
-0.210537
-0.214167
-0.215486
-0.216247
-0.217195
-0.218279
-0.219014
-0.218794
-0.217416
-0.214909
-0.211828
-0.208938
-0.207113
-0.20699
-0.208874
-0.212666
-0.217852
-0.223647
-0.22917
-0.233558
-0.236087
-0.236244
-0.233673
-0.228191
-0.21965
-0.20803
-0.193272
-0.175371
-0.154417
-0.130629
-0.104475
-0.0765144
-0.0475183
-0.018193
0.0108356
0.0389898
0.0656342
0.0898889
0.110555
0.126254
0.135455
0.136675
0.128547
0.110225
0.0821301
0.0461932
0.00570532
-0.0355252
-0.0740812
-0.107426
-0.133942
-0.152828
-0.164068
-0.168293
-0.166652
-0.160805
-0.152546
-0.143591
-0.135257
-0.128316
-0.123046
-0.119401
-0.117236
-0.116496
-0.117289
-0.119873
-0.124513
-0.13112
-0.139239
-0.14788
-0.155508
-0.160175
-0.159794
-0.152338
-0.136254
-0.110864
-0.0769156
-0.036995
0.00434781
0.0412487
0.068026
0.0809753
0.0794842
0.0656932
0.043198
0.0158684
-0.0127931
-0.0399066
-0.0632446
-0.0812791
-0.093253
-0.0991217
-0.0995037
-0.0955627
-0.0890484
-0.081986
-0.0766013
-0.0749419
-0.0786437
-0.0885877
-0.104825
-0.126599
-0.152628
-0.181283
-0.210878
-0.239868
-0.266978
-0.291232
-0.311894
-0.328507
-0.340774
-0.34842
-0.351282
-0.34917
-0.341827
-0.32895
-0.310012
-0.284314
-0.251025
-0.209579
-0.160781
-0.108442
-0.0607663
-0.0293059
-0.0239789
-0.0467496
-0.0895722
-0.139301
-0.184236
-0.21765
-0.237564
-0.244907
-0.241866
-0.230798
-0.213687
-0.192034
-0.16707
-0.140024
-0.112575
-0.0870616
-0.0661954
-0.0522403
-0.0462126
-0.0473025
-0.0531394
-0.0607368
-0.0674611
-0.0716906
-0.0730292
-0.0720477
-0.0700484
-0.0687013
-0.0697893
-0.074929
-0.0851884
-0.101022
-0.122121
-0.147453
-0.175533
-0.204737
-0.233536
-0.260705
-0.28532
-0.306927
-0.325356
-0.3407
-0.35317
-0.363175
-0.371075
-0.377217
-0.381875
-0.385169
-0.387004
-0.387077
-0.384824
-0.379446
-0.369906
-0.355251
-0.334861
-0.309055
-0.279728
-0.250959
-0.228522
-0.218311
-0.223808
-0.244177
-0.27475
-0.309116
-0.341574
-0.368364
-0.387648
-0.399141
-0.403174
-0.400452
-0.391775
-0.377875
-0.359517
-0.337441
-0.312399
-0.285166
-0.256598
-0.227607
-0.199101
-0.172301
-0.148697
-0.1301
-0.118158
-0.113863
-0.116915
-0.125617
-0.137213
-0.148668
-0.157232
-0.160773
-0.157999
-0.148305
-0.131762
-0.109153
-0.0820922
-0.0532028
-0.0258512
-0.00347389
0.011378
0.018116
0.0182735
0.0149051
0.0111918
0.00922807
0.00949005
0.0106086
0.0101045
0.00525192
-0.00588325
-0.0237654
-0.0472741
-0.0740571
-0.101313
-0.126486
-0.147576
-0.163455
-0.173715
-0.178502
-0.17838
-0.174151
-0.166705
-0.157006
-0.146083
-0.135013
-0.124995
-0.117047
-0.112114
-0.110884
-0.113697
-0.120669
-0.131585
-0.146046
-0.163385
-0.182852
-0.203556
-0.224514
-0.244772
-0.263464
-0.279814
-0.293208
-0.303122
-0.309209
-0.311269
-0.309251
-0.303257
-0.293625
-0.280872
-0.265718
-0.248998
-0.231688
-0.214712
-0.19882
-0.184519
-0.171948
-0.160893
-0.150808
-0.140956
-0.130676
-0.119581
-0.107893
-0.0966547
-0.0876632
-0.083087
-0.0848025
-0.0937273
-0.109465
-0.130594
-0.15514
-0.181298
-0.207653
-0.233289
-0.257626
-0.280301
-0.300964
-0.319358
-0.33517
-0.348154
-0.358086
-0.36484
-0.368369
-0.368704
-0.365923
-0.360172
-0.351572
-0.340155
-0.325791
-0.308059
-0.286319
-0.25984
-0.228147
-0.191798
-0.153229
-0.117264
-0.0904634
-0.078869
-0.0850267
-0.106436
-0.136793
-0.169113
-0.198137
-0.221273
-0.238059
-0.249161
-0.255685
-0.258485
-0.258111
-0.254991
-0.24954
-0.242386
-0.234467
-0.226895
-0.220762
-0.216855
-0.215581
-0.217066
-0.221404
-0.228609
-0.238757
-0.25175
-0.267331
-0.284862
-0.303539
-0.322444
-0.340653
-0.357281
-0.371457
-0.382298
-0.388895
-0.390254
-0.385486
-0.373782
-0.354596
-0.328083
-0.29522
-0.258193
-0.220062
-0.184225
-0.153244
-0.127913
-0.107078
-0.0885237
-0.0702537
-0.0512792
-0.0317225
-0.0122332
0.00659946
0.0243963
0.0407277
0.0547016
0.0648506
0.0695049
0.0673618
0.058116
0.0424118
0.0216006
-0.00271771
-0.0290487
-0.0560485
-0.0825621
-0.107639
-0.130343
-0.149893
-0.16567
-0.177136
-0.183928
-0.185884
-0.183136
-0.176211
-0.166189
-0.154771
-0.144159
-0.136766
-0.134582
-0.138673
-0.148842
-0.163751
-0.181291
-0.199099
-0.215012
-0.227157
-0.234145
-0.235112
-0.229879
-0.219029
-0.204044
-0.187351
-0.172021
-0.161321
-0.157843
-0.162857
-0.175663
-0.193781
-0.213472
-0.230389
-0.24035
-0.239721
-0.226038
-0.199071
-0.1621
-0.123227
-0.0943812
-0.0867656
-0.104758
-0.143168
-0.190914
-0.237273
-0.275649
-0.303912
-0.322821
-0.334597
-0.341788
-0.346682
-0.351082
-0.356213
-0.362638
-0.370475
-0.379401
-0.388849
-0.39824
-0.406996
-0.414652
-0.420814
-0.425251
-0.427721
-0.428096
-0.426219
-0.421995
-0.415327
-0.406206
-0.394676
-0.38089
-0.365189
-0.348014
-0.329838
-0.311118
-0.292083
-0.272592
-0.252126
-0.22982
-0.204764
-0.17635
-0.144799
-0.111621
-0.0798212
-0.0535783
-0.0374785
-0.0349029
-0.0468036
-0.0712015
-0.104061
-0.140563
-0.176486
-0.208943
-0.236382
-0.258424
-0.275418
-0.288193
-0.297687
-0.30489
-0.310817
-0.316341
-0.32229
-0.329433
-0.338391
-0.349533
-0.362977
-0.378503
-0.395511
-0.41318
-0.430519
-0.446598
-0.460587
-0.471795
-0.47973
-0.484064
-0.484577
-0.481187
-0.473862
-0.46262
-0.447531
-0.428741
-0.406446
-0.380982
-0.352746
-0.322186
-0.289894
-0.256467
-0.222562
-0.188813
-0.155894
-0.124665
-0.096069
-0.0712101
-0.0512212
-0.0370966
-0.0292851
-0.0275544
-0.0308235
-0.0372435
-0.0445605
-0.0505177
-0.0532357
-0.0517497
-0.0460907
-0.0375429
-0.0284645
-0.0218143
-0.0203897
-0.0260094
-0.0388788
-0.0576697
-0.0800441
-0.103368
-0.125322
-0.144173
-0.15883
-0.168883
-0.174375
-0.175831
-0.174042
-0.170039
-0.164888
-0.159635
-0.155034
-0.151483
-0.148793
-0.146119
-0.14187
-0.133825
-0.119234
-0.0950689
-0.0585359
-0.00808342
0.0556215
0.1279
0.198797
0.252951
0.272586
0.245506
0.173766
0.0740904
-0.0315511
-0.126345
-0.202172
-0.257577
-0.294469
-0.315671
-0.323866
-0.321283
-0.309857
-0.291478
-0.268296
-0.242817
-0.217844
-0.19611
-0.179796
-0.169953
-0.166438
-0.168018
-0.173054
-0.179942
-0.18749
-0.19504
-0.2023
-0.209214
-0.215814
-0.222187
-0.228282
-0.234044
-0.239425
-0.244346
-0.24876
-0.252607
-0.25588
-0.258513
-0.260469
-0.261731
-0.262284
-0.262296
-0.262184
-0.262646
-0.264709
-0.269493
-0.278016
-0.290763
-0.307676
-0.327967
-0.350362
-0.373438
-0.395762
-0.416299
-0.434219
-0.449039
-0.460452
-0.468246
-0.472233
-0.472099
-0.467491
-0.4579
-0.442763
-0.421525
-0.393952
-0.360271
-0.321535
-0.279775
-0.237538
-0.197184
-0.159604
-0.123564
-0.086017
-0.0432867
0.00692918
0.0637094
0.121309
0.168608
0.191649
0.180279
0.134771
0.0661806
-0.0101443
-0.0814515
-0.140491
-0.184696
-0.214564
-0.232129
-0.240193
-0.241903
-0.240425
-0.238316
-0.237133
-0.237064
-0.236926
-0.234575
-0.227427
-0.213097
-0.189872
-0.15714
-0.116081
-0.0699983
-0.0245194
0.0133106
0.0369548
0.0426808
0.0306939
0.00457349
-0.0305658
-0.069904
-0.109757
-0.147745
-0.182636
-0.213996
-0.241913
-0.266751
-0.288968
-0.309027
-0.327279
-0.343928
-0.359102
-0.372862
-0.385183
-0.395991
-0.4052
-0.412728
-0.418493
-0.422412
-0.424349
-0.424092
-0.421421
-0.416063
-0.407524
-0.395246
-0.378488
-0.356427
-0.328369
-0.293983
-0.253976
-0.21084
-0.169397
-0.13644
-0.118694
-0.119994
-0.139226
-0.170955
-0.20814
-0.244771
-0.27717
-0.303811
-0.324687
-0.340558
-0.352419
-0.361262
-0.367927
-0.373048
-0.377057
-0.380125
-0.382265
-0.383269
-0.382928
-0.380843
-0.376556
-0.369677
-0.359796
-0.346655
-0.330188
-0.31054
-0.288294
-0.264533
-0.240689
-0.218464
-0.199208
-0.18341
-0.170273
-0.157592
-0.142168
-0.120696
-0.0905026
-0.0502526
-0.000198426
0.0580839
0.122117
0.188942
0.25412
0.309398
0.340887
0.333415
0.281584
0.197063
0.101867
0.0154147
-0.0524895
-0.100503
-0.131818
-0.151053
-0.162491
-0.169579
-0.174732
-0.179557
-0.184948
-0.191202
-0.19812
-0.205081
-0.211168
-0.215296
-0.216391
-0.213429
-0.205532
-0.192129
-0.173022
-0.148573
-0.11996
-0.0892911
-0.0596555
-0.0346824
-0.0175541
-0.0101229
-0.0122697
-0.0220324
-0.0364942
-0.0528598
-0.0691148
-0.0841827
-0.0979043
-0.11058
-0.122912
-0.135583
-0.149268
-0.164455
-0.181398
-0.20018
-0.220547
-0.242064
-0.264037
-0.285656
-0.306041
-0.324298
-0.339649
-0.351458
-0.35925
-0.362751
-0.361878
-0.356755
-0.347703
-0.335163
-0.319778
-0.30231
-0.283586
-0.264462
-0.245626
-0.227458
-0.209726
-0.191379
-0.170493
-0.144444
-0.111032
-0.0699429
-0.0248916
0.0150362
0.0371585
0.0311231
-0.00461217
-0.0616038
-0.126901
-0.18947
-0.243051
-0.285646
-0.317615
-0.340256
-0.354959
-0.362884
-0.364831
-0.361333
-0.352712
-0.339252
-0.321284
-0.299343
-0.274303
-0.247438
-0.2203
-0.194507
-0.171415
-0.151744
-0.135263
-0.120954
-0.107119
-0.0919317
-0.0740472
-0.0532221
-0.0307411
-0.00954201
0.00627646
0.0125624
0.0065192
-0.0121103
-0.0409295
-0.0757812
-0.111864
-0.145087
-0.172499
-0.192462
-0.204312
-0.208111
-0.204278
-0.193422
-0.176384
-0.154431
-0.129631
-0.105266
-0.0858918
-0.0766646
-0.0817951
-0.102738
-0.137405
-0.181126
-0.228313
-0.27437
-0.316203
-0.352351
-0.382469
-0.406781
-0.42582
-0.440169
-0.450348
-0.456772
-0.459821
-0.459705
-0.456672
-0.450909
-0.442633
-0.43207
-0.419437
-0.405044
-0.389181
-0.372171
-0.354344
-0.335925
-0.317119
-0.297924
-0.278255
-0.257903
-0.236551
-0.213834
-0.189362
-0.162915
-0.134434
-0.104339
-0.0736535
-0.0440814
-0.017906
0.00237205
0.0145338
0.0173355
0.0108577
-0.00350544
-0.0232466
-0.0454673
-0.0671741
-0.0856821
-0.0988462
-0.105047
-0.10302
-0.0919514
-0.0713239
-0.0409869
-0.00124435
0.0470305
0.10208
0.161088
0.21979
0.272196
0.310666
0.327356
0.317411
0.282221
0.229637
0.170422
0.11381
0.0651058
0.0257874
-0.00530476
-0.0303773
-0.0518947
-0.0718596
-0.0916596
-0.111993
-0.133042
-0.154525
-0.175912
-0.196599
-0.215943
-0.233397
-0.248538
-0.261151
-0.271258
-0.279138
-0.285431
-0.290977
-0.296809
-0.303807
-0.312541
-0.323129
-0.335139
-0.347764
-0.360002
-0.371045
-0.380292
-0.387549
-0.392988
-0.39695
-0.399933
-0.40231
-0.404274
-0.405779
-0.406596
-0.406387
-0.404798
-0.401604
-0.396732
-0.390303
-0.382593
-0.374021
-0.365011
-0.356053
-0.347491
-0.339633
-0.33263
-0.326559
-0.321366
-0.316944
-0.313225
-0.309994
-0.30714
-0.304473
-0.301771
-0.298919
-0.295668
-0.291827
-0.287253
-0.281833
-0.275477
-0.268153
-0.25993
-0.25087
-0.241113
-0.230794
-0.220085
-0.209209
-0.198436
-0.188172
-0.179054
-0.171912
-0.167795
-0.167871
-0.173143
-0.184232
-0.201198
-0.223405
-0.249562
-0.277986
-0.306829
-0.334342
-0.35911
-0.380031
-0.396392
-0.40787
-0.414392
-0.416057
-0.413034
-0.4056
-0.394054
-0.378805
-0.360558
-0.340481
-0.32022
-0.301742
-0.286956
-0.277111
-0.272418
-0.272092
-0.274772
-0.279168
-0.284285
-0.289456
-0.294066
-0.29721
-0.297592
-0.293732
-0.284336
-0.268776
-0.247267
-0.220923
-0.191278
-0.159775
-0.127139
-0.093283
-0.0575609
-0.0195057
0.0206548
0.0616864
0.10142
0.136811
0.164253
0.179938
0.180689
0.164885
0.13324
0.0888277
0.036351
-0.0190863
-0.072924
-0.122014
-0.16455
-0.200101
-0.229154
-0.252843
-0.272571
-0.289722
-0.305423
-0.320601
-0.335604
-0.350561
-0.365212
-0.379177
-0.39194
-0.402989
-0.411852
-0.418056
-0.421327
-0.42145
-0.418386
-0.412367
-0.40394
-0.393911
-0.383376
-0.373488
-0.365209
-0.359038
-0.354916
-0.352139
-0.349674
-0.346497
-0.341728
-0.334731
-0.325201
-0.312884
-0.297588
-0.279304
-0.258432
-0.236215
-0.214846
-0.197249
-0.186067
-0.182591
-0.185704
-0.192173
-0.197571
-0.197476
-0.188699
-0.170241
-0.144082
-0.115542
-0.0922216
-0.0814931
-0.0869299
-0.106615
-0.134617
-0.164167
-0.190139
-0.209971
-0.223004
-0.229707
-0.230919
-0.22745
-0.219847
-0.208421
-0.19319
-0.174038
-0.150848
-0.123633
-0.0926478
-0.0585667
-0.0224085
0.0142454
0.0494579
0.0811024
0.1071
0.125671
0.135731
0.136959
0.12988
0.115702
0.0961086
0.0730267
0.0483543
0.023703
0.000263038
-0.0213701
-0.0410897
-0.0593041
-0.0767984
-0.0945376
-0.113437
-0.134118
-0.156705
-0.180806
-0.205456
-0.229285
-0.250722
-0.268263
-0.280494
-0.286247
-0.284756
-0.275856
-0.260137
-0.239147
-0.215603
-0.193158
-0.175775
-0.166814
-0.168096
-0.179542
-0.199468
-0.225269
-0.254253
-0.284021
-0.312737
-0.339097
-0.362253
-0.381694
-0.397178
-0.408668
-0.416225
-0.41998
-0.420138
-0.416848
-0.410259
-0.400476
-0.387622
-0.371785
-0.353068
-0.331698
-0.308089
-0.282951
-0.257424
-0.233185
-0.212433
-0.19754
-0.19063
-0.192877
-0.204117
-0.222725
-0.246146
-0.271499
-0.296131
-0.317964
-0.335594
-0.348118
-0.35507
-0.35627
-0.35177
-0.341833
-0.326987
-0.308091
-0.286283
-0.262872
-0.239262
-0.216656
-0.195864
-0.177141
-0.160305
-0.144896
-0.130552
-0.117212
-0.105301
-0.0957378
-0.0895133
-0.0873851
-0.0894005
-0.0948915
-0.102668
-0.111376
-0.119948
-0.127559
-0.133541
-0.137374
-0.138737
-0.137635
-0.134673
-0.131
-0.128274
-0.128353
-0.132793
-0.142602
-0.157785
-0.17752
-0.20034
-0.224517
-0.24836
-0.270489
-0.289855
-0.305784
-0.317816
-0.325661
-0.329108
-0.328027
-0.322443
-0.312574
-0.299111
-0.283347
-0.267264
-0.25356
-0.245063
-0.244108
-0.251811
-0.267696
-0.289954
-0.316019
-0.343393
-0.370055
-0.394562
-0.416161
-0.434471
-0.44947
-0.461264
-0.470037
-0.475964
-0.479278
-0.480184
-0.478838
-0.475397
-0.470007
-0.462803
-0.453905
-0.443414
-0.431441
-0.418069
-0.40341
-0.387601
-0.37088
-0.353706
-0.336806
-0.321255
-0.308419
-0.299682
-0.296094
-0.297835
-0.304033
-0.312848
-0.322034
-0.329415
-0.333525
-0.333981
-0.331519
-0.327968
-0.325773
-0.327239
-0.333847
-0.345575
-0.360776
-0.376872
-0.390714
-0.399328
-0.400235
-0.39162
-0.372457
-0.342904
-0.304929
-0.263016
-0.224005
-0.19563
-0.183658
-0.189129
-0.207904
-0.233205
-0.258441
-0.279183
-0.29354
-0.301674
-0.30507
-0.305932
-0.30643
-0.30803
-0.310935
-0.313895
-0.314493
-0.310093
-0.298644
-0.279714
-0.254876
-0.227693
-0.202911
-0.184761
-0.175482
-0.174449
-0.178719
-0.184307
-0.187408
-0.185237
-0.176177
-0.159917
-0.137407
-0.110822
-0.083265
-0.0583602
-0.0395388
-0.0293373
-0.0288286
-0.0375049
-0.0535744
-0.0745479
-0.0976991
-0.12067
-0.141669
-0.159508
-0.173583
-0.183674
-0.18987
-0.192327
-0.191244
-0.186914
-0.179648
-0.169877
-0.158254
-0.145646
-0.133186
-0.122191
-0.113981
-0.109682
-0.109839
-0.114258
-0.122026
-0.131583
-0.141208
-0.149207
-0.154283
-0.155509
-0.152497
-0.145193
-0.133962
-0.119477
-0.102765
-0.085028
-0.067573
-0.051551
-0.037886
-0.0272202
-0.0200454
-0.0169248
-0.0184332
-0.025153
-0.0373111
-0.0546691
-0.0763054
-0.100848
-0.126619
-0.152039
-0.175815
-0.197114
-0.215523
-0.230924
-0.243368
-0.253188
-0.260979
-0.267883
-0.275498
-0.285735
-0.300348
-0.320274
-0.345325
-0.3741
-0.404386
-0.43373
-0.459891
-0.481247
-0.496824
-0.506258
-0.509636
-0.507417
-0.500287
-0.488944
-0.473923
-0.455603
-0.43415
-0.40985
-0.38329
-0.355823
-0.329806
-0.308447
-0.295176
-0.292552
-0.301127
-0.31895
-0.342005
-0.365248
-0.383761
-0.393696
-0.392889
-0.381246
-0.361112
-0.337337
-0.316487
-0.304842
-0.30575
-0.318311
-0.338053
-0.359501
-0.378336
-0.392473
-0.401795
-0.407339
-0.410519
-0.412465
-0.413665
-0.414092
-0.413223
-0.410385
-0.404929
-0.396354
-0.384462
-0.369294
-0.351192
-0.330618
-0.308248
-0.284902
-0.26136
-0.238405
-0.216679
-0.196675
-0.178618
-0.162534
-0.148234
-0.135463
-0.123951
-0.113606
-0.104503
-0.0969844
-0.091575
-0.088834
-0.0893517
-0.0935147
-0.101489
-0.113113
-0.128122
-0.146103
-0.166526
-0.188902
-0.212682
-0.237299
-0.262117
-0.286526
-0.309755
-0.331051
-0.349599
-0.364556
-0.375121
-0.380413
-0.379581
-0.371825
-0.356517
-0.333168
-0.301825
-0.263174
-0.218929
-0.172093
-0.127031
-0.089116
-0.0636636
-0.0545019
-0.0625676
-0.0853801
-0.117875
-0.153995
-0.188381
-0.217204
-0.238301
-0.250734
-0.254499
-0.250031
-0.238201
-0.220179
-0.19752
-0.17208
-0.145983
-0.121297
-0.0998859
-0.0830585
-0.0714582
-0.0650916
-0.0634789
-0.0659427
-0.0717554
-0.0801146
-0.0903227
-0.101638
-0.11347
-0.125405
-0.137266
-0.149285
-0.162083
-0.176464
-0.193243
-0.212938
-0.23554
-0.260535
-0.287015
-0.313916
-0.340333
-0.365651
-0.389707
-0.412555
-0.43441
-0.455497
-0.475889
-0.495493
-0.514102
-0.531464
-0.547226
-0.561168
-0.573029
-0.582696
-0.590036
-0.594939
-0.597377
-0.597234
-0.594433
-0.588894
-0.580499
-0.569144
-0.554695
-0.537051
-0.51598
-0.491334
-0.462905
-0.430456
-0.393778
-0.352902
-0.308156
-0.260465
-0.211528
-0.163959
-0.121115
-0.0865036
-0.0629958
-0.051918
-0.0527475
-0.0633604
-0.0807926
-0.102051
-0.124717
-0.147098
-0.168381
-0.188316
-0.207242
-0.225762
-0.244556
-0.264172
-0.284894
-0.306572
-0.328679
-0.350376
-0.370711
-0.388698
-0.40355
-0.414631
-0.421544
-0.423989
-0.421736
-0.414592
-0.40235
-0.384921
-0.362624
-0.336548
-0.309065
-0.284033
-0.266239
-0.259915
-0.26703
-0.286211
-0.313448
-0.34385
-0.373277
-0.399217
-0.420724
-0.437954
-0.451535
-0.462169
-0.470487
-0.476724
-0.481005
-0.483153
-0.48293
-0.47996
-0.473885
-0.464305
-0.450804
-0.432863
-0.40992
-0.381268
-0.34607
-0.30332
-0.25176
-0.190103
-0.117418
-0.0339943
0.0570841
0.148319
0.227625
0.281699
0.302118
0.289814
0.253145
0.202235
0.144601
0.0846264
0.0249655
-0.0320888
-0.0842494
-0.129426
-0.166097
-0.193569
-0.212114
-0.222842
-0.227629
-0.228993
-0.229774
-0.232637
-0.23953
-0.251382
-0.26778
-0.287434
-0.308565
-0.329429
-0.348646
-0.365313
-0.379012
-0.389613
-0.397364
-0.402553
-0.405665
-0.407133
-0.407518
-0.407262
-0.406791
-0.406439
-0.406442
-0.406877
-0.40761
-0.408401
-0.408939
-0.408759
-0.407469
-0.404635
-0.399941
-0.393139
-0.384054
-0.372679
-0.359142
-0.343669
-0.326611
-0.308434
-0.289694
-0.271147
-0.253508
-0.23755
-0.2241
-0.213892
-0.207488
-0.20525
-0.207203
-0.212946
-0.221745
-0.232606
-0.244401
-0.25601
-0.266531
-0.275321
-0.28206
-0.286706
-0.289485
-0.290838
-0.291348
-0.291672
-0.292482
-0.294339
-0.297739
-0.302935
-0.309992
-0.318719
-0.328942
-0.340262
-0.352273
-0.36461
-0.376929
-0.388896
-0.400203
-0.410549
-0.419462
-0.426417
-0.43056
-0.43082
-0.425622
-0.413
-0.390576
-0.356024
-0.307941
-0.247584
-0.180701
-0.117742
-0.0702773
-0.0443031
-0.0363138
-0.0368373
-0.0381324
-0.0388071
-0.0423923
-0.0524553
-0.0692072
-0.0894453
-0.109145
-0.125531
-0.13767
-0.145725
-0.150223
-0.151656
-0.150558
-0.147664
-0.144115
-0.141365
-0.140868
-0.143855
-0.150931
-0.161923
-0.176
-0.191876
-0.208019
-0.223058
-0.235832
-0.245656
-0.252196
-0.2555
-0.25589
-0.253799
-0.249829
-0.244478
-0.238197
-0.231261
-0.223849
-0.21606
-0.208023
-0.199989
-0.192356
-0.185825
-0.181206
-0.179362
-0.18102
-0.186628
-0.196314
-0.209845
-0.226536
-0.245267
-0.264374
-0.281766
-0.295011
-0.301523
-0.298825
-0.284869
-0.258337
-0.219109
-0.168904
-0.111872
-0.0547359
-0.00595761
0.0263512
0.0373533
0.0270787
0.000266089
-0.0361479
-0.0756116
-0.113528
-0.14742
-0.176069
-0.198708
-0.214517
-0.222609
-0.222446
-0.213891
-0.197184
-0.172704
-0.140397
-0.0996995
-0.0497614
0.0100621
0.0795029
0.156733
0.237989
0.317806
0.389555
0.446511
0.483211
0.496731
0.487205
0.457852
0.414096
0.362384
0.309102
0.259617
0.217536
0.184233
0.15843
0.136342
0.112541
0.0818938
0.0418349
-0.00634591
-0.0581121
-0.107715
-0.149926
-0.181361
-0.200447
-0.207243
-0.203007
-0.189902
-0.170702
-0.148541
-0.126579
-0.107752
-0.0945083
-0.0885812
-0.0907466
-0.100864
-0.117914
-0.140326
-0.166345
-0.194265
-0.222676
-0.250431
-0.276747
-0.301008
-0.322765
-0.341731
-0.357785
-0.370806
-0.380821
-0.387964
-0.392367
-0.394285
-0.393933
-0.391637
-0.387696
-0.382412
-0.376012
-0.368682
-0.360598
-0.351783
-0.342308
-0.33219
-0.321486
-0.310196
-0.298452
-0.286373
-0.274159
-0.261907
-0.249671
-0.237414
-0.225037
-0.212253
-0.198694
-0.183976
-0.167794
-0.1501
-0.131351
-0.112541
-0.0954201
-0.0822269
-0.0752282
-0.0759331
-0.0845054
-0.0996447
-0.118885
-0.139384
-0.158699
-0.175145
-0.18799
-0.19736
-0.20405
-0.209112
-0.213752
-0.21892
-0.225037
-0.23195
-0.238931
-0.244895
-0.248498
-0.24857
-0.244117
-0.234708
-0.22059
-0.202845
-0.183531
-0.165564
-0.152193
-0.146177
-0.149036
-0.160538
-0.17895
-0.20162
-0.225757
-0.248979
-0.269402
-0.285822
-0.297582
-0.304389
-0.306222
-0.303291
-0.2959
-0.284454
-0.269435
-0.25146
-0.231342
-0.210195
-0.189618
-0.171455
-0.157695
-0.149889
-0.148482
-0.15281
-0.161251
-0.17209
-0.184294
-0.197823
-0.213534
-0.23242
-0.254947
-0.280598
-0.307978
-0.335293
-0.360796
-0.383274
-0.401996
-0.416788
-0.427825
-0.435429
-0.440098
-0.442295
-0.442459
-0.441049
-0.438426
-0.434964
-0.430944
-0.426686
-0.422417
-0.41832
-0.414545
-0.411189
-0.408255
-0.40569
-0.403414
-0.401245
-0.398989
-0.396509
-0.393597
-0.390152
-0.386064
-0.381363
-0.376145
-0.370548
-0.364787
-0.359045
-0.3536
-0.348607
-0.344203
-0.340458
-0.33728
-0.334537
-0.332033
-0.329432
-0.32634
-0.322335
-0.316893
-0.309591
-0.299993
-0.287832
-0.273132
-0.256267
-0.23808
-0.219837
-0.203113
-0.189501
-0.180174
-0.175696
-0.175833
-0.179812
-0.186536
-0.194924
-0.20417
-0.213564
-0.222737
-0.231323
-0.239085
-0.245711
-0.25082
-0.253958
-0.254543
-0.251962
-0.245625
-0.235106
-0.220228
-0.201159
-0.178538
-0.153491
-0.127674
-0.103082
-0.0819021
-0.0661162
-0.0571232
-0.0554968
-0.0609981
-0.0725265
-0.0886205
-0.107648
-0.128172
-0.149042
-0.169417
-0.188784
-0.206809
-0.223295
-0.238156
-0.251378
-0.263023
-0.273147
-0.281916
-0.289503
-0.296029
-0.301638
-0.306373
-0.310195
-0.313061
-0.31484
-0.315351
-0.314382
-0.311726
-0.307123
-0.300326
-0.291021
-0.278871
-0.263524
-0.24466
-0.222157
-0.19618
-0.167522
-0.137904
-0.1101
-0.0878645
-0.0751803
-0.0750122
-0.0882124
-0.11297
-0.14551
-0.181429
-0.2169
-0.24936
-0.277617
-0.30163
-0.321987
-0.339555
-0.355148
-0.369275
-0.381948
-0.392807
-0.401193
-0.406335
-0.407536
-0.404352
-0.396739
-0.385094
-0.370264
-0.353368
-0.335536
-0.317597
-0.299654
-0.281176
-0.26104
-0.237936
-0.210823
-0.179234
-0.14363
-0.105266
-0.0660536
-0.0283211
0.00561589
0.0337371
0.0545133
0.0667018
0.0693075
0.0614366
0.0427142
0.0138562
-0.0226127
-0.0626525
-0.101698
-0.135842
-0.162656
-0.18135
-0.192461
-0.197349
-0.197735
-0.195282
-0.191221
-0.186329
-0.180766
-0.174239
-0.166346
-0.156892
-0.14615
-0.135114
-0.125131
-0.117402
-0.112282
-0.109025
-0.106339
-0.103456
-0.101222
-0.10234
-0.110384
-0.127869
-0.154608
-0.187452
-0.221628
-0.252466
-0.276536
-0.291831
-0.297519
-0.293517
-0.280175
-0.258161
-0.228539
-0.192875
-0.153227
-0.112057
-0.0716879
-0.0339951
-8.37996e-05
0.0294496
0.0540961
0.0728984
0.0843098
0.0864518
0.0778142
0.0578806
0.027461
-0.0113188
-0.0555786
-0.102103
-0.147893
-0.190407
-0.227682
-0.25839
-0.281633
-0.296775
-0.303325
-0.300713
-0.288495
-0.266274
-0.233952
-0.192078
-0.142075
-0.0863884
-0.0282427
0.0290044
0.0825349
0.130326
0.170465
0.199711
0.212946
0.205244
0.175531
0.128779
0.0737479
0.0185774
-0.0324176
-0.0784878
-0.120648
-0.159651
-0.195387
-0.227154
-0.254248
-0.276392
-0.293819
-0.307005
-0.316623
-0.323435
-0.32814
-0.331565
-0.334573
-0.337873
-0.342023
-0.34732
-0.353542
-0.360235
-0.366564
-0.371536
-0.374162
-0.373635
-0.369419
-0.361458
-0.350231
-0.336756
-0.322572
-0.309445
-0.299159
-0.293016
-0.291575
-0.294581
-0.301123
-0.310017
-0.320035
-0.330068
-0.3391
-0.346292
-0.350711
-0.351372
-0.3472
-0.337133
-0.320348
-0.296456
-0.265894
-0.230292
-0.192664
-0.157285
-0.128871
-0.111386
-0.106502
-0.113237
-0.128358
-0.147685
-0.167491
-0.185185
-0.199553
-0.210285
-0.217575
-0.221622
-0.222379
-0.219567
-0.212771
-0.20191
-0.187623
-0.171587
-0.15641
-0.145092
-0.139961
-0.141708
-0.149059
-0.159123
-0.168362
-0.173424
-0.171595
-0.160989
-0.140867
-0.111822
-0.0765268
-0.0402269
-0.010738
0.00343949
-0.00370856
-0.0331066
-0.0802307
-0.137472
-0.197225
-0.253802
-0.303769
-0.345505
-0.378498
-0.402854
-0.418824
-0.426752
-0.426802
-0.418977
-0.40323
-0.379539
-0.348372
-0.311171
-0.270747
-0.231479
-0.198379
-0.175428
-0.163902
-0.161793
-0.164892
-0.168881
-0.170732
-0.169304
-0.164941
-0.158976
-0.15304
-0.148685
-0.147227
-0.149628
-0.156441
-0.167876
-0.183596
-0.202675
-0.2239
-0.245905
-0.267634
-0.288413
-0.307974
-0.326386
-0.343638
-0.359637
-0.373971
-0.386009
-0.394918
-0.399962
-0.400529
-0.396356
-0.387646
-0.375142
-0.360316
-0.345317
-0.332689
-0.324927
-0.323737
-0.329528
-0.341195
-0.356699
-0.373585
-0.389626
-0.403215
-0.413458
-0.419945
-0.42278
-0.422322
-0.419082
-0.413632
-0.406548
-0.398324
-0.389383
-0.380007
-0.370306
-0.360191
-0.349467
-0.337788
-0.324654
-0.309306
-0.290765
-0.267749
-0.238776
-0.202669
-0.159431
-0.111789
-0.0665387
-0.0340903
-0.0248144
-0.0432342
-0.0848741
-0.138886
-0.193891
-0.242117
-0.280078
-0.307377
-0.325329
-0.335757
-0.340693
-0.341903
-0.341004
-0.33936
-0.337983
-0.337548
-0.338462
-0.340634
-0.343832
-0.347477
-0.35096
-0.353579
-0.354746
-0.353962
-0.350833
-0.345182
-0.336998
-0.326509
-0.314195
-0.300833
-0.287493
-0.27553
-0.266346
-0.261261
-0.261275
-0.266692
-0.277126
-0.291525
-0.308433
-0.326317
-0.343784
-0.359741
-0.373451
-0.384523
-0.392733
-0.398061
-0.400491
-0.400124
-0.397054
-0.39144
-0.383522
-0.373551
-0.36198
-0.349259
-0.336007
-0.322776
-0.310072
-0.298208
-0.28728
-0.277198
-0.26758
-0.257932
-0.24773
-0.236485
-0.223967
-0.210255
-0.195817
-0.181564
-0.168829
-0.159253
-0.154506
-0.155966
-0.164423
-0.179725
-0.200731
-0.225544
-0.251924
-0.277724
-0.301331
-0.321722
-0.33863
-0.352497
-0.364197
-0.374825
-0.385535
-0.397136
-0.409948
-0.423813
-0.438023
-0.451703
-0.463827
-0.473515
-0.480175
-0.483516
-0.483544
-0.480611
-0.475267
-0.468222
-0.460164
-0.451625
-0.442887
-0.433872
-0.424223
-0.413426
-0.401074
-0.386992
-0.371466
-0.354991
-0.338293
-0.321901
-0.305898
-0.289765
-0.272598
-0.253205
-0.230547
-0.203882
-0.173202
-0.139333
-0.1043
-0.071293
-0.0443406
-0.0274391
-0.0233384
-0.032454
-0.0528221
-0.0807548
-0.112038
-0.142901
-0.170525
-0.193087
-0.209744
-0.220261
-0.224868
-0.224082
-0.218466
-0.208457
-0.194289
-0.175764
-0.152359
-0.123394
-0.0881981
-0.0466743
0.000387406
0.0507346
0.100642
0.145179
0.17935
0.199662
0.205508
0.19938
0.185822
0.169689
0.154556
0.1421
0.132227
0.123573
0.114255
0.102558
0.0872606
0.0679953
0.0451969
0.0199914
-0.00603831
-0.0312783
-0.0542854
-0.0740349
-0.090134
-0.102703
-0.112299
-0.119615
-0.125301
-0.129587
-0.132226
-0.132673
-0.130436
-0.125571
-0.119091
-0.113149
-0.110784
-0.115013
-0.127936
-0.150109
-0.180485
-0.21677
-0.256083
-0.295554
-0.332589
-0.365167
-0.391875
-0.411853
-0.424795
-0.430742
-0.430105
-0.423584
-0.412166
-0.397103
-0.379827
-0.361921
-0.344974
-0.330371
-0.319279
-0.312451
-0.31028
-0.312586
-0.318812
-0.327973
-0.338854
-0.350189
-0.360732
-0.36939
-0.375339
-0.377984
-0.376954
-0.372114
-0.36355
-0.3515
-0.336501
-0.319262
-0.300717
-0.28186
-0.263732
-0.24712
-0.232411
-0.219241
-0.206409
-0.19183
-0.17274
-0.146364
-0.111135
-0.0687635
-0.0263408
0.00374472
0.00831909
-0.0185718
-0.0711141
-0.135474
-0.197883
-0.249466
-0.286837
-0.309922
-0.320182
-0.319349
-0.309002
-0.290405
-0.264606
-0.232621
-0.195494
-0.15436
-0.11058
-0.0657305
-0.0216513
0.0192366
0.0539463
0.0788867
0.0905544
0.0867468
0.0675172
0.0352775
-0.00609113
-0.0525479
-0.10065
-0.147715
-0.191734
-0.231266
-0.265406
-0.293555
-0.315449
-0.33096
-0.340037
-0.342634
-0.338753
-0.328564
-0.312473
-0.291275
-0.266327
-0.239394
-0.212644
-0.188284
-0.168274
-0.153986
-0.146117
-0.144827
-0.15
-0.161283
-0.177878
-0.198632
-0.221774
-0.245074
-0.26616
-0.282932
-0.293724
-0.297504
-0.293909
-0.283152
-0.265993
-0.243709
-0.218013
-0.190929
-0.164675
-0.141285
-0.122397
-0.108907
-0.100875
-0.0977465
-0.0985807
-0.102333
-0.108101
-0.115294
-0.123615
-0.132954
-0.143325
-0.154769
-0.167153
-0.180246
-0.193482
-0.206057
-0.217011
-0.22523
-0.229661
-0.229303
-0.223383
-0.211335
-0.192892
-0.168008
-0.136934
-0.1002
-0.0586766
-0.0137734
0.032458
0.0769321
0.115573
0.143555
0.156179
0.15001
0.124106
0.0804392
0.0234276
-0.0412632
-0.107987
-0.172166
-0.23064
-0.281725
-0.324845
-0.360046
-0.387813
-0.408739
-0.423342
-0.431958
-0.434736
-0.431512
-0.421955
-0.40547
-0.381309
-0.348773
-0.307528
-0.258074
-0.202351
-0.144134
-0.088645
-0.0410093
-0.00414163
0.0227073
0.0433387
0.0623965
0.0827729
0.104214
0.123467
0.135574
0.135819
0.121624
0.0934859
0.054613
0.00966796
-0.0366624
-0.0807185
-0.12029
-0.154406
-0.183046
-0.206745
-0.226368
-0.24286
-0.257138
-0.269971
-0.281977
-0.293501
-0.304627
-0.315092
-0.324407
-0.331768
-0.336085
-0.3361
-0.33032
-0.317094
-0.294881
-0.26289
-0.222163
-0.177063
-0.136096
-0.110425
-0.109025
-0.133563
-0.177262
-0.22916
-0.279469
-0.322376
-0.355813
-0.380027
-0.396121
-0.40526
-0.408326
-0.405768
-0.397587
-0.38356
-0.363425
-0.337058
-0.304793
-0.26781
-0.228238
-0.189155
-0.154242
-0.127128
-0.110668
-0.106538
-0.115003
-0.134955
-0.164191
-0.199616
-0.237677
-0.274885
-0.308291
-0.335543
-0.355131
-0.366113
-0.368001
-0.360743
-0.344755
-0.321126
-0.291857
-0.259979
-0.229292
-0.203678
-0.186133
-0.17806
-0.179065
-0.187743
-0.20226
-0.221047
-0.242754
-0.266111
-0.289915
-0.31287
-0.333872
-0.351999
-0.366618
-0.377273
-0.38369
-0.38573
-0.383217
-0.375956
-0.363731
-0.346405
-0.32411
-0.297491
-0.268084
-0.238464
-0.212028
-0.19225
-0.181621
-0.180542
-0.187532
-0.20003
-0.215705
-0.233294
-0.252642
-0.274042
-0.297405
-0.321572
-0.344385
-0.362881
-0.374096
-0.375427
-0.365378
-0.344168
-0.314514
-0.282087
-0.254774
-0.240195
-0.242044
-0.25821
-0.282156
-0.306235
-0.324551
-0.333962
-0.333616
-0.324098
-0.306675
-0.282902
-0.254462
-0.223065
-0.190412
-0.158087
-0.127456
-0.0995185
-0.0748504
-0.0534909
-0.0351553
-0.019359
-0.00562706
0.00652258
0.0174862
0.027914
0.0385157
0.0500948
0.0628488
0.0757562
0.0860823
0.0897382
0.0824631
0.0619487
0.0290925
-0.0120166
-0.0557418
-0.0969469
-0.132237
-0.160106
-0.180714
-0.195101
-0.204619
-0.210571
-0.213974
-0.215461
-0.215272
-0.213377
-0.209586
-0.203729
-0.195787
-0.18595
-0.174832
-0.163473
-0.153429
-0.146508
-0.144473
-0.14856
-0.159108
-0.175311
-0.195451
-0.217347
-0.238734
-0.257624
-0.272366
-0.28172
-0.284709
-0.280561
-0.268739
-0.249047
-0.22198
-0.188969
-0.152761
-0.11722
-0.0866035
-0.0642966
-0.0518176
-0.0484701
-0.052063
-0.0601193
-0.0708141
-0.0831992
-0.0970414
-0.112355
-0.129029
-0.146687
-0.164816
-0.182751
-0.19994
-0.215918
-0.230264
-0.242682
-0.252927
-0.260781
-0.266044
-0.268602
-0.268306
-0.26504
-0.258641
-0.24895
-0.235766
-0.219037
-0.198702
-0.175013
-0.148446
-0.119789
-0.0900241
-0.0602402
-0.0313548
-0.00396195
0.0215463
0.0451684
0.0668349
0.0864255
0.103471
0.117128
0.126417
0.130501
0.128901
0.12136
0.107466
0.0863456
0.0569097
0.018753
-0.0269657
-0.0774246
-0.128756
-0.177057
-0.219241
-0.253227
-0.277934
-0.29322
-0.299855
-0.299713
-0.295809
-0.292278
-0.293354
-0.302131
-0.319202
-0.342604
-0.368676
-0.393556
-0.414321
-0.429458
-0.438799
-0.442981
-0.442998
-0.439835
-0.434115
-0.426119
-0.415671
-0.402357
-0.38571
-0.365527
-0.342045
-0.316222
-0.289687
-0.264647
-0.243469
-0.228051
-0.219315
-0.216891
-0.219462
-0.225062
-0.23186
-0.238275
-0.243348
-0.246608
-0.247952
-0.247558
-0.245679
-0.242652
-0.238798
-0.234487
-0.23003
-0.225835
-0.222233
-0.219535
-0.217879
-0.217151
-0.216941
-0.216662
-0.215518
-0.212684
-0.207391
-0.19896
-0.186987
-0.171114
-0.151459
-0.128531
-0.103656
-0.0791626
-0.0584659
-0.0455512
-0.0437301
-0.0544142
-0.076364
-0.106265
-0.139877
-0.173681
-0.205233
-0.233349
-0.257642
-0.278179
-0.294959
-0.307967
-0.31711
-0.322221
-0.32315
-0.319851
-0.312403
-0.301025
-0.286149
-0.26831
-0.248308
-0.22702
-0.205433
-0.184459
-0.164938
-0.147606
-0.133085
-0.121956
-0.11477
-0.112082
-0.114293
-0.121445
-0.133142
-0.148466
-0.166053
-0.184228
-0.20133
-0.215945
-0.22704
-0.234139
-0.237296
-0.237092
-0.234474
-0.230605
-0.226655
-0.223567
-0.221867
-0.221617
-0.222381
-0.223461
-0.224084
-0.223637
-0.221774
-0.218661
-0.214957
-0.211804
-0.210669
-0.212959
-0.219583
-0.230767
-0.24574
-0.263079
-0.280991
-0.297708
-0.311806
-0.322271
-0.328477
-0.330144
-0.327169
-0.319564
-0.30741
-0.290906
-0.270401
-0.246414
-0.219849
-0.191944
-0.164338
-0.138971
-0.117746
-0.10247
-0.0943216
-0.093622
-0.0996785
-0.110839
-0.124723
-0.138767
-0.150745
-0.159114
-0.163317
-0.16375
-0.161629
-0.158724
-0.156989
-0.158117
-0.16309
-0.171852
-0.1833
-0.195448
-0.205844
-0.212283
-0.213412
-0.209423
-0.202501
-0.196569
-0.196334
-0.205456
-0.224949
-0.252767
-0.284757
-0.316417
-0.344087
-0.365482
-0.379517
-0.385953
-0.384968
-0.377091
-0.362972
-0.34345
-0.319434
-0.292066
-0.26253
-0.232123
-0.20205
-0.17349
-0.147378
-0.124434
-0.1052
-0.0899061
-0.0784577
-0.0703794
-0.0649391
-0.0612495
-0.0584489
-0.0558801
-0.053326
-0.0509061
-0.0490016
-0.0480185
-0.0483019
-0.0500846
-0.0533513
-0.0580531
-0.0637984
-0.0699968
-0.0756811
-0.0796442
-0.0806109
-0.0776466
-0.0706117
-0.0606571
-0.0505141
-0.0440234
-0.0450788
-0.0559361
-0.0761108
-0.102672
-0.131429
-0.158498
-0.181228
-0.1985
-0.210171
-0.21678
-0.219155
-0.218105
-0.214389
-0.2086
-0.20131
-0.193026
-0.184261
-0.175573
-0.167379
-0.159819
-0.152655
-0.145117
-0.13601
-0.123831
-0.107034
-0.0843512
-0.0549959
-0.0187811
0.0238976
0.0720397
0.123773
0.175864
0.223091
0.258685
0.276089
0.271755
0.247002
0.207663
0.161384
0.114688
0.0711537
0.031617
-0.00504765
-0.0405359
-0.0761554
-0.11233
-0.148653
-0.184053
-0.217194
-0.246811
-0.271806
-0.291421
-0.305305
-0.313475
-0.316439
-0.315139
-0.310936
-0.305566
-0.300716
-0.297767
-0.297321
-0.299174
-0.302334
-0.305351
-0.306731
-0.305155
-0.299635
-0.289486
-0.274151
-0.253308
-0.226809
-0.194855
-0.158227
-0.118588
-0.0787717
-0.0424999
-0.0138089
0.00425685
0.0106179
0.00635478
-0.00611067
-0.0240975
-0.0457138
-0.0699979
-0.0966886
-0.125689
-0.15671
-0.189117
-0.221944
-0.254084
-0.284468
-0.312125
-0.336341
-0.356651
-0.372759
-0.384566
-0.392069
-0.395366
-0.394604
-0.390029
-0.382018
-0.371114
-0.358215
-0.344488
-0.331396
-0.320466
-0.313025
-0.309795
-0.310832
-0.315397
-0.322254
-0.330004
-0.337347
-0.343351
-0.347494
-0.349648
-0.349997
-0.348977
-0.347124
-0.344996
-0.343125
-0.34187
-0.341374
-0.341608
-0.342252
-0.342817
-0.342743
-0.341412
-0.338302
-0.332962
-0.325155
-0.314819
-0.302098
-0.287375
-0.271224
-0.254425
-0.237814
-0.222252
-0.208608
-0.197534
-0.189356
-0.184023
-0.181107
-0.179867
-0.179348
-0.178521
-0.176528
-0.172578
-0.166165
-0.157039
-0.145127
-0.130711
-0.114143
-0.0959226
-0.0764869
-0.0561064
-0.0347824
-0.0125196
0.0103315
0.0326834
0.0524114
0.0669767
0.0743991
0.0745219
0.0694654
0.0631687
0.0599868
0.0636648
0.0766816
0.100054
0.133399
0.174886
0.220927
0.266402
0.304855
0.329149
0.332059
0.307499
0.253132
0.173226
0.0780136
-0.020076
-0.111062
-0.189327
-0.253148
-0.303177
-0.341139
-0.369114
-0.388939
-0.402209
-0.41023
-0.414025
-0.414373
-0.411788
-0.406533
-0.398641
-0.387802
-0.373332
-0.35412
-0.328657
-0.295206
-0.252399
-0.200579
-0.143491
-0.0899413
-0.0527074
-0.043237
-0.0647221
-0.109808
-0.165394
-0.21954
-0.265291
-0.300167
-0.324459
-0.339531
-0.346852
-0.347571
-0.342581
-0.332464
-0.317763
-0.299011
-0.277037
-0.252915
-0.228168
-0.204398
-0.183072
-0.165171
-0.150932
-0.139781
-0.130566
-0.121848
-0.112297
-0.100998
-0.0877172
-0.0730878
-0.0586472
-0.0468059
-0.0402903
-0.0414518
-0.0514381
-0.0695448
-0.0936026
-0.120578
-0.147551
-0.172306
-0.193549
-0.210992
-0.2249
-0.235937
-0.244899
-0.252428
-0.259014
-0.264801
-0.269748
-0.273599
-0.275995
-0.276617
-0.275159
-0.271463
-0.265709
-0.258397
-0.250406
-0.242956
-0.23737
-0.234815
-0.235935
-0.240542
-0.247673
-0.25576
-0.263017
-0.267744
-0.268505
-0.264293
-0.25443
-0.238657
-0.217082
-0.190294
-0.159578
-0.126956
-0.0951442
-0.0671015
-0.0454423
-0.0315975
-0.0255472
-0.0259408
-0.0308147
-0.0383256
-0.0471691
-0.0567216
-0.0668052
-0.0774177
-0.0885152
-0.0998858
-0.111079
-0.121699
-0.131165
-0.139108
-0.145158
-0.149013
-0.150386
-0.148918
-0.144102
-0.135311
-0.121884
-0.103193
-0.0790248
-0.0500707
-0.0182329
0.0131514
0.0399553
0.0586672
0.0678661
0.068768
0.0644424
0.0580908
0.0516092
0.0451304
0.0375
0.0272203
0.0133571
-0.00400478
-0.0238061
-0.0444994
-0.0644675
-0.0824812
-0.0977843
-0.110256
-0.120332
-0.128931
-0.13721
-0.146246
-0.156399
-0.167193
-0.177139
-0.18402
-0.185375
-0.178942
-0.162996
-0.136685
-0.100399
-0.0562677
-0.00881109
0.0346053
0.0647862
0.0733516
0.056384
0.0166226
-0.0380431
-0.0982899
-0.156715
-0.208956
-0.253317
-0.289796
-0.319171
-0.342512
-0.36083
-0.374993
-0.385673
-0.393365
-0.398396
-0.400972
-0.401149
-0.398938
-0.394262
-0.386989
-0.376961
-0.363948
-0.347557
-0.327268
-0.302287
-0.271496
-0.233674
-0.187701
-0.133611
-0.0738074
-0.0145013
0.0346075
0.0635743
0.0676559
0.0505249
0.0221775
-0.00662346
-0.0285065
-0.0404298
-0.0425281
-0.0365374
-0.0246133
-0.00870499
0.00976554
0.0299872
0.0516251
0.0745865
0.0985659
0.122707
0.145188
0.163315
0.173855
0.173887
0.161664
0.137277
0.102552
0.0606056
0.0149517
-0.0310304
-0.0746892
-0.114207
-0.148573
-0.177536
-0.201288
-0.220351
-0.235486
-0.247444
-0.256955
-0.264622
-0.270936
-0.276195
-0.280567
-0.284118
-0.286893
-0.288885
-0.290091
-0.29052
-0.290244
-0.28927
-0.287734
-0.285692
-0.283248
-0.280484
-0.277471
-0.274242
-0.270901
-0.267418
-0.263802
-0.260046
-0.256093
-0.251869
-0.247253
-0.242139
-0.236348
-0.229675
-0.221891
-0.212779
-0.202126
-0.189718
-0.175399
-0.159108
-0.140841
-0.12081
-0.099398
-0.0771144
-0.0547069
-0.0330656
-0.0131047
0.0043838
0.0188541
0.0302427
0.0390642
0.0463105
0.0532013
0.0607247
0.069028
0.0770205
0.0820892
0.0807605
0.0695967
0.0467925
0.0130032
-0.0287197
-0.0741228
-0.119089
-0.160433
-0.196286
-0.22589
-0.249374
-0.267322
-0.280721
-0.290606
-0.298081
-0.304201
-0.30974
-0.315262
-0.321002
-0.326903
-0.33265
-0.337707
-0.341492
-0.343375
-0.342791
-0.339209
-0.332186
-0.321372
-0.306563
-0.287732
-0.265079
-0.239123
-0.210845
-0.181643
-0.153407
-0.128421
-0.109048
-0.097316
-0.0944984
-0.100778
-0.115164
-0.135752
-0.160096
-0.185725
-0.210502
-0.232815
-0.251621
-0.266346
-0.276856
-0.283284
-0.285948
-0.285299
-0.281896
-0.276307
-0.268964
-0.260187
-0.250005
-0.238087
-0.22396
-0.206875
-0.186327
-0.162197
-0.134942
-0.105738
-0.0763147
-0.0486752
-0.0249125
-0.0068728
0.00401688
0.00710296
0.00297959
-0.00654891
-0.0189558
-0.0319943
-0.0445144
-0.056718
-0.0696887
-0.084573
-0.10174
-0.120608
-0.139843
-0.157937
-0.173645
-0.186267
-0.195703
-0.202341
-0.206781
-0.209769
-0.212066
-0.214314
-0.217041
-0.220544
-0.22501
-0.230412
-0.236629
-0.243395
-0.250441
-0.257428
-0.264004
-0.269903
-0.274898
-0.278806
-0.281464
-0.282826
-0.282853
-0.281621
-0.279185
-0.27566
-0.271173
-0.265827
-0.259671
-0.252712
-0.244807
-0.235706
-0.225049
-0.212391
-0.197184
-0.178941
-0.157257
-0.131878
-0.102923
-0.0708787
-0.0367876
-0.00230935
0.0301929
0.0578436
0.0775467
0.0864322
0.0825788
0.065516
0.0365397
-0.00154389
-0.0451042
-0.0905182
-0.134848
-0.175999
-0.212768
-0.244641
-0.271595
-0.293811
-0.311587
-0.325298
-0.335254
-0.341758
-0.345085
-0.345483
-0.343246
-0.338638
-0.331966
-0.323577
-0.313865
-0.303216
-0.292023
-0.280592
-0.269125
-0.257626
-0.246005
-0.234056
-0.221426
-0.207851
-0.19306
-0.1769
-0.159328
-0.140452
-0.120417
-0.0994316
-0.0777369
-0.0556321
-0.0334799
-0.0118297
0.00858458
0.0268014
0.04184
0.0528906
0.0596142
0.0624004
0.0621244
0.0598034
0.055998
0.0502165
0.0410975
0.0268031
0.00609734
-0.0210272
-0.0531337
-0.0878986
-0.122874
-0.156108
-0.186311
-0.212859
-0.235644
-0.254962
-0.271264
-0.285321
-0.29789
-0.309723
-0.321479
-0.333585
-0.34626
-0.359449
-0.372876
-0.386208
-0.399013
-0.41087
-0.421431
-0.430401
-0.437552
-0.442706
-0.445741
-0.446581
-0.445111
-0.441224
-0.434921
-0.426171
-0.414978
-0.401494
-0.385988
-0.368874
-0.350816
-0.33257
-0.315077
-0.299261
-0.286043
-0.276108
-0.269838
-0.267326
-0.268313
-0.272288
-0.278591
-0.286483
-0.295278
-0.304395
-0.313414
-0.32207
-0.330254
-0.337973
-0.345286
-0.352321
-0.359184
-0.365868
-0.372289
-0.378232
-0.383327
-0.387121
-0.38897
-0.388112
-0.383729
-0.37483
-0.360463
-0.339742
-0.312154
-0.278098
-0.239391
-0.199763
-0.164614
-0.139698
-0.128751
-0.131712
-0.144779
-0.162192
-0.178381
-0.189307
-0.19277
-0.188049
-0.175481
-0.156307
-0.13234
-0.105953
-0.0796585
-0.0559287
-0.0366456
-0.0231612
-0.0161283
-0.0158276
-0.0222995
-0.0355095
-0.0552211
-0.0808655
-0.111596
-0.146201
-0.183252
-0.221307
-0.25904
-0.295413
-0.329764
-0.361698
-0.39107
-0.417921
-0.44238
-0.464571
-0.484588
-0.50239
-0.518024
-0.531438
-0.542558
-0.551341
-0.557793
-0.561892
-0.563637
-0.562976
-0.559904
-0.55436
-0.546248
-0.535373
-0.521478
-0.504282
-0.483388
-0.458326
-0.428518
-0.393385
-0.352377
-0.305143
-0.251757
-0.1933
-0.132286
-0.0732186
-0.0225407
0.0124987
0.0261742
0.01678
-0.0124959
-0.0550254
-0.103358
-0.151316
-0.194857
-0.23201
-0.262441
-0.286835
-0.306272
-0.321705
-0.333529
-0.341385
-0.344481
-0.341727
-0.332171
-0.315117
-0.290375
-0.258344
-0.220151
-0.17771
-0.133621
-0.0907952
-0.0518218
-0.0183374
0.0094007
0.0324604
0.0527396
0.0721674
0.0917798
0.111224
0.128413
0.139963
0.142791
0.135784
0.120785
0.101948
0.0839993
0.0703849
0.0625152
0.0599833
0.0613703
0.0650324
0.0697531
0.0748811
0.0805745
0.0878756
0.0989073
0.116799
0.145123
0.186669
0.241599
0.305499
0.369503
0.422968
0.457929
0.471196
0.463306
0.436761
0.395581
0.345039
0.290124
0.234108
0.17845
0.12361
0.0699102
0.0175174
-0.033483
-0.083085
-0.131153
-0.177103
-0.219859
-0.258007
-0.290068
-0.314719
-0.331207
-0.339429
-0.340035
-0.334418
-0.324498
-0.312278
-0.299304
-0.286451
-0.273717
-0.260475
-0.245895
-0.229235
-0.209965
-0.187811
-0.162486
-0.133768
-0.101635
-0.0664124
-0.0292585
0.00762535
0.0409222
0.0666114
0.0806812
0.0802661
0.0645124
0.0348266
-0.00543008
-0.0518479
-0.0999045
-0.145685
-0.186302
-0.219953
-0.245699
-0.26346
-0.273562
-0.276708
-0.273833
-0.265966
-0.254276
-0.239993
-0.224545
-0.209406
-0.196109
-0.186109
-0.180657
-0.180607
-0.186315
-0.197499
-0.213304
-0.232372
-0.25307
-0.273681
-0.292568
-0.308332
-0.319885
-0.326524
-0.327855
-0.323792
-0.314602
-0.300771
-0.282993
-0.262094
-0.238852
-0.213864
-0.187343
-0.159134
-0.128779
-0.095958
-0.0614857
-0.0282974
-0.0020553
0.0098648
0.00148718
-0.0283171
-0.0746248
-0.128784
-0.182213
-0.228895
-0.266127
-0.293626
-0.312684
-0.325306
-0.333621
-0.339495
-0.344359
-0.348999
-0.353617
-0.358008
-0.361766
-0.364497
-0.365959
-0.366081
-0.365075
-0.363163
-0.360575
-0.357378
-0.353342
-0.347897
-0.34031
-0.329763
-0.315646
-0.297789
-0.276583
-0.253148
-0.229182
-0.206618
-0.187163
-0.171926
-0.161201
-0.15458
-0.151265
-0.150314
-0.150909
-0.152257
-0.153799
-0.155055
-0.155705
-0.155483
-0.153907
-0.150221
-0.143341
-0.132277
-0.116858
-0.098604
-0.0815793
-0.0718203
-0.0753537
-0.095211
-0.129559
-0.172561
-0.217107
-0.257282
-0.289417
-0.311869
-0.324419
-0.32751
-0.321993
-0.308992
-0.290049
-0.267301
-0.243526
-0.221981
-0.205826
-0.197278
-0.197198
-0.204827
-0.21831
-0.235468
-0.254358
-0.273532
-0.292178
-0.309803
-0.326192
-0.341184
-0.354683
-0.366694
-0.37722
-0.38639
-0.394406
-0.401531
-0.408079
-0.41427
-0.420376
-0.426462
-0.432497
-0.438317
-0.443645
-0.448132
-0.451371
-0.452989
-0.452692
-0.450258
-0.445626
-0.438852
-0.430161
-0.419952
-0.408757
-0.397188
-0.385775
-0.375037
-0.365303
-0.356699
-0.349151
-0.34254
-0.336675
-0.331446
-0.326788
-0.322667
-0.319074
-0.315839
-0.312574
-0.308597
-0.302814
-0.293733
-0.279559
-0.258155
-0.227258
-0.18481
-0.129333
-0.0604717
0.0201448
0.108126
0.195232
0.268241
0.310046
0.306277
0.25548
0.172273
0.078341
-0.00924705
-0.0823398
-0.139738
-0.183506
-0.216452
-0.240938
-0.258704
-0.270943
-0.278558
-0.282332
-0.283033
-0.281647
-0.279217
-0.277007
-0.276267
-0.278108
-0.283293
-0.291965
-0.303828
-0.317995
-0.333353
-0.348646
-0.362805
-0.37495
-0.384424
-0.390779
-0.393804
-0.393384
-0.389462
-0.382075
-0.371225
-0.356951
-0.339296
-0.318385
-0.294562
-0.268505
-0.241244
-0.214315
-0.189476
-0.168617
-0.153241
-0.144318
-0.142216
-0.146916
-0.158202
-0.175822
-0.199279
-0.227519
-0.258988
-0.291558
-0.323045
-0.35153
-0.375773
-0.39511
-0.409442
-0.419136
-0.424798
-0.427063
-0.426637
-0.42402
-0.419525
-0.413282
-0.405316
-0.395399
-0.383304
-0.368735
-0.351403
-0.330979
-0.30718
-0.279699
-0.248293
-0.212903
-0.173864
-0.132175
-0.08975
-0.0495956
-0.0154226
0.00908137
0.0213777
0.0209226
0.0096359
-0.00887076
-0.0300559
-0.0494978
-0.0636588
-0.0700914
-0.067438
-0.0554539
-0.0347342
-0.00677485
0.0261047
0.0607819
0.0933146
0.119165
0.133576
0.132485
0.113548
0.077114
0.0264315
-0.0331287
-0.0953856
-0.154826
-0.207527
-0.2514
-0.285946
-0.311887
-0.33066
-0.343931
-0.353327
-0.360225
-0.365609
-0.370076
-0.373782
-0.376609
-0.378287
-0.378502
-0.377034
-0.373748
-0.368726
-0.362176
-0.354418
-0.345897
-0.337148
-0.328704
-0.321019
-0.314424
-0.309087
-0.304841
-0.301228
-0.297452
-0.292633
-0.285883
-0.276676
-0.264864
-0.250741
-0.234898
-0.217856
-0.199869
-0.180737
-0.159992
-0.137253
-0.112542
-0.0866128
-0.0609122
-0.0375621
-0.0189975
-0.00742048
-0.00439856
-0.0104329
-0.0249618
-0.0465898
-0.0735222
-0.104036
-0.136578
-0.169995
-0.203302
-0.235728
-0.266581
-0.295265
-0.321314
-0.344384
-0.36423
-0.380773
-0.394068
-0.404246
-0.411474
-0.415953
-0.417928
-0.417663
-0.415358
-0.411283
-0.405664
-0.398809
-0.391027
-0.382686
-0.374153
-0.365941
-0.358588
-0.352765
-0.349148
-0.348396
-0.350872
-0.356704
-0.365543
-0.376632
-0.388929
-0.401345
-0.412798
-0.422437
-0.429699
-0.434265
-0.436049
-0.435154
-0.431768
-0.426169
-0.418675
-0.409565
-0.39907
-0.387423
-0.374931
-0.361929
-0.348876
-0.336384
-0.325081
-0.315518
-0.308035
-0.302659
-0.299073
-0.296766
-0.295067
-0.293398
-0.291259
-0.288366
-0.284577
-0.279925
-0.274583
-0.268861
-0.263107
-0.257749
-0.253168
-0.249729
-0.247739
-0.247327
-0.248474
-0.251016
-0.254756
-0.259361
-0.264496
-0.269841
-0.275129
-0.280062
-0.284387
-0.287836
-0.290124
-0.290934
-0.28986
-0.286483
-0.280369
-0.271105
-0.258401
-0.242254
-0.223157
-0.202297
-0.181671
-0.163953
-0.152082
-0.14849
-0.154271
-0.168678
-0.189431
-0.213271
-0.236942
-0.257918
-0.274477
-0.285827
-0.291875
-0.293068
-0.290153
-0.28402
-0.275651
-0.265918
-0.25558
-0.245242
-0.235264
-0.225802
-0.216921
-0.208525
-0.200691
-0.193597
-0.187737
-0.183906
-0.183132
-0.186493
-0.194891
-0.208785
-0.227998
-0.251657
-0.278486
-0.307017
-0.335742
-0.363436
-0.38919
-0.412329
-0.432455
-0.449336
-0.462836
-0.472881
-0.479409
-0.48237
-0.481695
-0.477303
-0.469163
-0.45725
-0.441704
-0.422818
-0.401051
-0.377094
-0.351821
-0.326078
-0.300708
-0.276431
-0.253882
-0.23374
-0.216839
-0.204069
-0.196201
-0.193479
-0.195536
-0.201302
-0.209374
-0.218273
-0.226755
-0.233851
-0.238797
-0.240995
-0.239927
-0.235222
-0.22658
-0.214001
-0.197897
-0.179098
-0.158922
-0.139089
-0.121216
-0.106545
-0.0953747
-0.086824
-0.0787447
-0.068014
-0.0511199
-0.0248894
0.0118747
0.0563421
0.0995767
0.127489
0.126702
0.0931775
0.035313
-0.0315756
-0.0936425
-0.142753
-0.176103
-0.194203
-0.199415
-0.195213
-0.186142
-0.177569
-0.174977
-0.182474
-0.201515
-0.230377
-0.265006
-0.300672
-0.333257
-0.360097
-0.37993
-0.3927
-0.399234
-0.401071
-0.400069
-0.39823
-0.397297
-0.39844
-0.402006
-0.407289
-0.412917
-0.417009
-0.417478
-0.412258
-0.399437
-0.377343
-0.344985
-0.302787
-0.253716
-0.204079
-0.16305
-0.139374
-0.136466
-0.150165
-0.170639
-0.187185
-0.191942
-0.181
-0.153904
-0.11301
-0.0631255
-0.0110113
0.0355105
0.069464
0.0867346
0.0868233
0.0721302
0.0462667
0.0127101
-0.0253999
-0.0649608
-0.102509
-0.134421
-0.157133
-0.167776
-0.164299
-0.145918
-0.113438
-0.0697789
-0.0203969
0.0269541
0.0635623
0.0825803
0.0817847
0.0644234
0.0372405
0.00704018
-0.021696
-0.0475022
-0.0709525
-0.0932899
-0.115163
-0.136141
-0.154866
-0.169423
-0.178095
-0.179788
-0.174443
-0.163149
-0.14825
-0.133024
-0.121034
-0.115144
-0.116685
-0.125045
-0.137789
-0.151489
-0.162629
-0.168555
-0.167937
-0.161152
-0.150289
-0.138864
-0.131137
-0.131224
-0.141981
-0.16419
-0.196365
-0.235382
-0.277325
-0.318439
-0.355865
-0.387755
-0.413167
-0.431873
-0.444068
-0.45026
-0.451039
-0.447105
-0.439149
-0.427903
-0.414061
-0.398389
-0.381635
-0.364521
-0.347762
-0.331941
-0.317538
-0.30485
-0.293957
-0.284769
-0.27698
-0.270072
-0.263437
-0.256387
-0.248241
-0.238587
-0.227293
-0.214692
-0.201522
-0.188868
-0.177936
-0.169793
-0.165099
-0.164025
-0.166149
-0.170738
-0.17692
-0.183929
-0.191198
-0.198562
-0.206042
-0.213821
-0.22212
-0.231176
-0.241045
-0.251688
-0.262895
-0.274283
-0.285392
-0.295588
-0.304236
-0.310706
-0.314317
-0.314501
-0.310817
-0.302822
-0.290298
-0.273098
-0.251326
-0.225372
-0.196032
-0.1646
-0.13292
-0.103324
-0.0782533
-0.0599719
-0.0499162
-0.0485064
-0.055089
-0.0682428
-0.0862067
-0.107236
-0.129899
-0.152982
-0.175641
-0.19718
-0.216977
-0.234568
-0.249516
-0.2615
-0.270363
-0.276099
-0.278903
-0.279127
-0.277315
-0.274185
-0.270607
-0.2676
-0.266282
-0.267705
-0.272708
-0.281756
-0.294644
-0.310583
-0.328171
-0.345745
-0.361585
-0.374196
-0.382403
-0.385385
-0.382743
-0.374393
-0.360673
-0.342232
-0.320136
-0.295866
-0.271307
-0.2486
-0.22991
-0.217099
-0.2113
-0.212635
-0.220312
-0.23262
-0.247398
-0.262542
-0.2761
-0.286671
-0.293264
-0.295278
-0.292372
-0.284434
-0.27129
-0.252882
-0.229223
-0.200685
-0.168474
-0.135074
-0.104597
-0.0823555
-0.0734283
-0.0806774
-0.103278
-0.137126
-0.176575
-0.216437
-0.253092
-0.284644
-0.310593
-0.331229
-0.347267
-0.35955
-0.368916
-0.376099
-0.381746
-0.386318
-0.390166
-0.393531
-0.396504
-0.399173
-0.401483
-0.403332
-0.404679
-0.40542
-0.405391
-0.404452
-0.402442
-0.399107
-0.394123
-0.387084
-0.37751
-0.364849
-0.348628
-0.328583
-0.304866
-0.278198
-0.249956
-0.222045
-0.196528
-0.175044
-0.158239
-0.145415
-0.134762
-0.123682
-0.109455
-0.0898503
-0.0635778
-0.0308545
0.00658366
0.0454385
0.08167
0.111725
0.133933
0.148963
0.159148
0.166674
0.171889
0.172811
0.166253
0.149717
0.12291
0.0879196
0.0482948
0.00808399
-0.0288881
-0.0594668
-0.0813118
-0.0934015
-0.0962295
-0.0919807
-0.0843069
-0.0770808
-0.0729964
-0.0724017
-0.0730491
-0.071186
-0.0631193
-0.0463733
-0.0201406
0.0146766
0.055821
0.100101
0.143768
0.182853
0.213663
0.233033
0.238735
0.229669
0.205957
0.169023
0.121436
0.0666511
0.0086091
-0.0487042
-0.101882
-0.148476
-0.187247
-0.218214
-0.242399
-0.261526
-0.277707
-0.293043
-0.30925
-0.327301
-0.347461
-0.36921
-0.3916
-0.413483
-0.43378
-0.451691
-0.466589
-0.478196
-0.48633
-0.4909
-0.491771
-0.488771
-0.481548
-0.469616
-0.452329
-0.42878
-0.397888
-0.358303
-0.308467
-0.246681
-0.171455
-0.0822801
0.0187416
0.124865
0.223338
0.298069
0.337146
0.340348
0.318192
0.283798
0.245532
0.20565
0.163114
0.116799
0.0669531
0.0152958
-0.0358415
-0.0843151
-0.128746
-0.168759
-0.204769
-0.23768
-0.268463
-0.297686
-0.325393
-0.351016
-0.373721
-0.392585
-0.406898
-0.41625
-0.4206
-0.420271
-0.415743
-0.407669
-0.396636
-0.383073
-0.367105
-0.348544
-0.326793
-0.30095
-0.270152
-0.233841
-0.192363
-0.147471
-0.102851
-0.0640632
-0.0378657
-0.0301679
-0.0438129
-0.0770885
-0.124148
-0.177141
-0.228495
-0.272471
-0.305615
-0.326687
-0.336093
-0.335799
-0.32883
-0.319111
-0.310632
-0.306612
-0.308642
-0.316354
-0.327845
-0.340553
-0.352037
-0.360531
-0.36499
-0.364851
-0.359948
-0.350356
-0.336286
-0.318087
-0.296302
-0.271712
-0.245267
-0.217949
-0.190636
-0.163827
-0.137596
-0.111576
-0.085309
-0.0584721
-0.0312832
-0.00471752
0.0195475
0.0393207
0.0523627
0.0570133
0.0529085
0.0411095
0.0242901
0.00619215
-0.00876661
-0.016032
-0.01133
0.00897735
0.0468092
0.101095
0.165916
0.22975
0.277741
0.297291
0.283637
0.241068
0.179153
0.108431
0.0378567
-0.0260798
-0.0793682
-0.12028
-0.148787
-0.166133
-0.174203
-0.17504
-0.17061
-0.16269
-0.152762
-0.142144
-0.132004
-0.123502
-0.117634
-0.115183
-0.116698
-0.122362
-0.132085
-0.145515
-0.162185
-0.181548
-0.202965
-0.225812
-0.249355
-0.272898
-0.295703
-0.317096
-0.336528
-0.353582
-0.367982
-0.379581
-0.388326
-0.394128
-0.396986
-0.396844
-0.393545
-0.386839
-0.376451
-0.362011
-0.343243
-0.319962
-0.292248
-0.260625
-0.226065
-0.190145
-0.154664
-0.121287
-0.0909219
-0.0634791
-0.0381181
-0.0138628
0.0095494
0.0309813
0.0479813
0.0574628
0.0567317
0.044555
0.0215363
-0.0100928
-0.0470954
-0.0859466
-0.123559
-0.157537
-0.186366
-0.209216
-0.225924
-0.23671
-0.242083
-0.242722
-0.239281
-0.232306
-0.222086
-0.208474
-0.190935
-0.168685
-0.141103
-0.108354
-0.0720094
-0.0351716
-0.00196449
0.0243624
0.043155
0.0571879
0.071561
0.0911334
0.118456
0.152586
0.189116
0.22025
0.235446
0.224598
0.183733
0.118698
0.0423584
-0.0323916
-0.0971952
-0.14842
-0.185213
-0.20738
-0.214628
-0.206609
-0.183725
-0.148471
-0.106812
-0.0681343
-0.042876
-0.0374213
-0.0504013
-0.0738097
-0.0979833
-0.116435
-0.127371
-0.132769
-0.136349
-0.141593
-0.150473
-0.16321
-0.178641
-0.195143
-0.211245
-0.226025
-0.239176
-0.250832
-0.261457
-0.271545
-0.281558
-0.29172
-0.302109
-0.312527
-0.322646
-0.332133
-0.340643
-0.347953
-0.354009
-0.358782
-0.362208
-0.364221
-0.364518
-0.362492
-0.357218
-0.347459
-0.331811
-0.308963
-0.278116
-0.239495
-0.194841
-0.14785
-0.104038
-0.0698702
-0.0512466
-0.0514367
-0.0696884
-0.101552
-0.140687
-0.180982
-0.218136
-0.249789
-0.275163
-0.294555
-0.308873
-0.319544
-0.328503
-0.337865
-0.349492
-0.36447
-0.382478
-0.401968
-0.420353
-0.434902
-0.443115
-0.443283
-0.434694
-0.417886
-0.394705
-0.368347
-0.342859
-0.322345
-0.309603
-0.305327
-0.308192
-0.315676
-0.325092
-0.334442
-0.342498
-0.348563
-0.352306
-0.353518
-0.352158
-0.348403
-0.342708
-0.33583
-0.328638
-0.321811
-0.315626
-0.309796
-0.303652
-0.296319
-0.287068
-0.275693
-0.26259
-0.248832
-0.235939
-0.225491
-0.218801
-0.216561
-0.218561
-0.223758
-0.230505
-0.236881
-0.241034
-0.241718
-0.23844
-0.23166
-0.222687
-0.213229
-0.204804
-0.198263
-0.193746
-0.190855
-0.189229
-0.189014
-0.190878
-0.19562
-0.203716
-0.214755
-0.227473
-0.239902
-0.249958
-0.255905
-0.256446
-0.250704
-0.238134
-0.218168
-0.190234
-0.153792
-0.108785
-0.0562165
0.00118528
0.058558
0.109114
0.145576
0.162184
0.15669
0.131236
0.0914713
0.0447161
-0.00237698
-0.0450303
-0.0808699
-0.10952
-0.131872
-0.14954
-0.164226
-0.177376
-0.190036
-0.202733
-0.215429
-0.22769
-0.238737
-0.247638
-0.253463
-0.255487
-0.253219
-0.246522
-0.235581
-0.220842
-0.203015
-0.182992
-0.161732
-0.140285
-0.119813
-0.101625
-0.0871136
-0.0775395
-0.0739291
-0.0768204
-0.0862552
-0.101819
-0.122714
-0.147892
-0.176125
-0.205973
-0.236021
-0.264975
-0.291932
-0.316214
-0.337589
-0.355976
-0.371482
-0.384299
-0.394558
-0.402414
-0.408051
-0.411589
-0.413109
-0.412676
-0.410357
-0.406199
-0.400225
-0.392486
-0.383007
-0.371814
-0.359013
-0.344693
-0.329079
-0.312486
-0.295277
-0.277939
-0.260926
-0.244545
-0.22889
-0.213868
-0.199367
-0.18539
-0.172351
-0.161301
-0.153635
-0.150823
-0.153739
-0.1622
-0.174983
-0.190162
-0.205793
-0.22023
-0.232354
-0.241551
-0.24762
-0.250378
-0.2497
-0.245379
-0.237211
-0.224996
-0.20898
-0.189991
-0.169809
-0.151099
-0.137039
-0.13035
-0.132347
-0.142358
-0.157903
-0.175757
-0.193055
-0.207776
-0.219089
-0.227076
-0.232421
-0.235984
-0.238669
-0.241087
-0.243622
-0.246308
-0.249046
-0.25164
-0.253965
-0.25599
-0.257806
-0.259566
-0.261422
-0.263449
-0.265595
-0.267605
-0.269138
-0.269794
-0.269075
-0.266602
-0.262074
-0.255364
-0.246557
-0.23592
-0.223987
-0.211469
-0.199246
-0.188254
-0.179318
-0.172986
-0.169354
-0.167998
-0.168134
-0.168611
-0.168172
-0.165438
-0.159043
-0.147443
-0.129038
-0.10221
-0.0657737
-0.0201835
0.0309282
0.0792568
0.112893
0.121069
0.100678
0.0584319
0.00659968
-0.043593
-0.0854389
-0.116765
-0.138191
-0.151643
-0.159273
-0.163108
-0.164728
-0.165513
-0.166432
-0.168176
-0.171171
-0.17563
-0.181561
-0.188839
-0.197267
-0.20658
-0.216465
-0.226651
-0.236797
-0.246621
-0.255696
-0.263702
-0.270115
-0.274462
-0.276229
-0.274907
-0.270055
-0.261334
-0.248693
-0.232352
-0.213069
-0.192292
-0.171995
-0.154635
-0.142733
-0.138342
-0.142543
-0.155245
-0.175313
-0.200955
-0.230175
-0.261001
-0.291713
-0.320882
-0.347463
-0.370654
-0.389981
-0.40519
-0.416206
-0.423143
-0.426235
-0.425834
-0.422421
-0.416586
-0.40908
-0.400721
-0.392364
-0.384882
-0.378994
-0.375128
-0.373566
-0.374175
-0.376638
-0.380413
-0.384984
-0.389769
-0.394276
-0.398068
-0.400786
-0.402112
-0.401748
-0.39943
-0.394962
-0.388114
-0.378685
-0.36653
-0.351409
-0.333048
-0.31105
-0.284763
-0.253318
-0.215617
-0.17048
-0.116907
-0.0546885
0.0147808
0.087719
0.157638
0.216212
0.255587
0.271393
0.264314
0.239322
0.203562
0.164438
0.128698
0.102134
0.0888574
0.0897762
0.100691
0.111524
0.109257
0.0848048
0.0390798
-0.0178575
-0.0730753
-0.11696
-0.144921
-0.15616
-0.151815
-0.133665
-0.103528
-0.0631864
-0.014557
0.0400786
0.0980203
0.156297
0.211988
0.262529
0.305577
0.338359
0.357057
0.35743
0.336722
0.296106
0.241609
0.182203
0.126496
0.0799146
0.0439723
0.0170466
-0.00422081
-0.0233178
-0.0429914
-0.0646629
-0.0884424
-0.113562
-0.138674
-0.162255
-0.182832
-0.199103
-0.210017
-0.214756
-0.21286
-0.20416
-0.188949
-0.168053
-0.142952
-0.115759
-0.0892357
-0.0664487
-0.0502888
-0.0429311
-0.0451312
-0.0561457
-0.0739124
-0.0957879
-0.119077
-0.141722
-0.162366
-0.180408
-0.195854
-0.209086
-0.220682
-0.23137
-0.24176
-0.252325
-0.26336
-0.275032
-0.287327
-0.300228
-0.313634
-0.327354
-0.34111
-0.354543
-0.367194
-0.378573
-0.388233
-0.395721
-0.400714
-0.402987
-0.402388
-0.398908
-0.392578
-0.383531
-0.371971
-0.358132
-0.342298
-0.324861
-0.306158
-0.286562
-0.266507
-0.246383
-0.226618
-0.207521
-0.189232
-0.171352
-0.152796
-0.131377
-0.103768
-0.0660276
-0.0153648
0.0464635
0.108703
0.15074
0.151239
0.103874
0.0231277
-0.0670042
-0.147912
-0.211312
-0.256521
-0.286218
-0.303713
-0.311905
-0.312914
-0.308297
-0.299092
-0.286104
-0.270077
-0.251873
-0.232481
-0.213296
-0.195888
-0.181888
-0.17253
-0.168328
-0.168923
-0.172985
-0.17871
-0.184089
-0.187349
-0.187047
-0.182122
-0.17176
-0.155423
-0.132904
-0.105004
-0.0743173
-0.0462228
-0.0287753
-0.0303251
-0.0555298
-0.102262
-0.162684
-0.227061
-0.287527
-0.339621
-0.381688
-0.413978
-0.437441
-0.453202
-0.462329
-0.465615
-0.463662
-0.45694
-0.445708
-0.430139
-0.410422
-0.386636
-0.358838
-0.326979
-0.290904
-0.250367
-0.205129
-0.155332
-0.102012
-0.0475348
0.00421109
0.0483771
0.0805141
0.0979677
0.100505
0.0897682
0.0681825
0.0382479
0.00236917
-0.0371618
-0.0782505
-0.119129
-0.158422
-0.19511
-0.228532
-0.258222
-0.283883
-0.305374
-0.322631
-0.335669
-0.344544
-0.349287
-0.349947
-0.346424
-0.338593
-0.326276
-0.309302
-0.287655
-0.261574
-0.231774
-0.199515
-0.166496
-0.134406
-0.104227
-0.0755279
-0.0461167
-0.0124206
0.0296442
0.0831024
0.148293
0.22121
0.292954
0.351587
0.386504
0.393099
0.373909
0.334885
0.280739
0.213206
0.133781
0.0465182
-0.0416879
-0.12361
-0.194221
-0.251505
-0.295627
-0.328009
-0.350396
-0.364413
-0.371378
-0.372265
-0.36778
-0.358423
-0.344641
-0.326928
-0.305902
-0.282333
-0.257178
-0.231399
-0.205823
-0.180901
-0.156612
-0.132516
-0.108228
-0.0838134
-0.0603849
-0.0401808
-0.0262526
-0.021484
-0.0274433
-0.0436903
-0.0679618
-0.0970398
-0.127786
-0.157842
-0.185795
-0.211047
-0.23347
-0.253336
-0.270919
-0.286483
-0.300323
-0.312623
-0.323484
-0.332964
-0.341019
-0.347518
-0.352251
-0.354867
-0.354821
-0.351482
-0.343781
-0.330255
-0.308872
-0.276917
-0.231169
-0.168747
-0.0895777
-0.00034468
0.0818838
0.133025
0.135872
0.0939557
0.0286079
-0.0368369
-0.0883575
-0.12186
-0.139148
-0.14419
