1.80862
1.81111
1.81682
1.82434
1.83221
1.83945
1.84563
1.85076
1.855
1.85854
1.86147
1.86376
1.86529
1.86593
1.86554
1.86406
1.86157
1.85833
1.85482
1.85168
1.84958
1.84904
1.85021
1.85287
1.85646
1.86034
1.86391
1.86672
1.86853
1.86927
1.869
1.86787
1.8661
1.86391
1.86155
1.85921
1.85709
1.85532
1.85407
1.85348
1.85371
1.85488
1.85707
1.86023
1.86423
1.86882
1.87373
1.87873
1.88367
1.88846
1.89305
1.89744
1.9016
1.90552
1.90913
1.9124
1.91526
1.91766
1.91954
1.92081
1.92137
1.92107
1.91974
1.91715
1.91307
1.90731
1.89984
1.89088
1.88104
1.87133
1.86293
1.85685
1.85367
1.85344
1.85589
1.86052
1.86665
1.8735
1.88028
1.88635
1.89133
1.89507
1.8976
1.89905
1.8996
1.89944
1.89881
1.89793
1.89703
1.89633
1.89601
1.89619
1.89691
1.89817
1.8999
1.902
1.90436
1.90685
1.9094
1.9119
1.91429
1.91652
1.91855
1.92032
1.92178
1.92288
1.92355
1.9237
1.92323
1.92205
1.92006
1.91718
1.91338
1.9087
1.90329
1.89737
1.89127
1.88532
1.87978
1.87484
1.87054
1.86691
1.86397
1.86187
1.86082
1.86102
1.8625
1.86503
1.86811
1.87112
1.87351
1.87491
1.87527
1.87476
1.87374
1.8726
1.8717
1.87126
1.87133
1.87185
1.87269
1.87371
1.87479
1.87588
1.87696
1.87804
1.87914
1.88028
1.88144
1.88263
1.88381
1.88493
1.88595
1.88684
1.88755
1.88807
1.88839
1.88852
1.88846
1.88825
1.88791
1.88747
1.88698
1.88645
1.8859
1.88535
1.88481
1.88428
1.88376
1.88326
1.88278
1.88236
1.88202
1.88179
1.8817
1.8818
1.8821
1.88262
1.88334
1.88423
1.88524
1.88629
1.8873
1.88816
1.88879
1.88909
1.88897
1.88837
1.88721
1.88546
1.88309
1.8801
1.87655
1.87253
1.86822
1.8639
1.85995
1.85685
1.85509
1.85504
1.85683
1.86028
1.8649
1.87
1.87492
1.8791
1.88217
1.88401
1.88471
1.8846
1.88416
1.88397
1.88458
1.88635
1.88935
1.89339
1.89807
1.90295
1.90765
1.91193
1.91565
1.9188
1.9214
1.92352
1.92521
1.92655
1.92757
1.92831
1.9288
1.92905
1.92906
1.92884
1.9284
1.92777
1.92696
1.92605
1.92509
1.92419
1.92345
1.92298
1.92288
1.92322
1.92405
1.92535
1.92706
1.92912
1.93142
1.93386
1.93637
1.93888
1.94136
1.94376
1.94608
1.94829
1.95036
1.95224
1.95388
1.95519
1.95609
1.95648
1.95629
1.95551
1.95421
1.95261
1.95107
1.95013
1.95037
1.95228
1.95609
1.96164
1.96846
1.97584
1.98305
1.98944
1.99449
1.99781
1.99917
1.99841
1.99553
1.99072
1.98436
1.97704
1.96949
1.9624
1.95629
1.95147
1.9481
1.9464
1.94665
1.94915
1.95404
1.96115
1.96996
1.97974
1.9897
1.99918
2.00771
2.01499
2.02094
2.02555
2.0289
2.03112
2.03236
2.0328
2.03262
2.03202
2.03118
2.03027
2.0294
2.02862
2.02791
2.02717
2.02627
2.02506
2.02339
2.02116
2.01833
2.01486
2.01079
2.00615
2.001
1.99546
1.98967
1.98379
1.97801
1.97245
1.96721
1.96233
1.95786
1.95391
1.95067
1.94845
1.94749
1.94798
1.94991
1.95304
1.95697
1.96114
1.96492
1.96767
1.96886
1.96818
1.96566
1.96177
1.95744
1.95388
1.9522
1.95296
1.956
1.96055
1.96563
1.97037
1.97422
1.97695
1.97854
1.97913
1.97892
1.97809
1.97683
1.97529
1.9736
1.97185
1.97012
1.96846
1.96686
1.96532
1.96378
1.96216
1.96036
1.95825
1.95571
1.95263
1.94887
1.94432
1.93888
1.93248
1.92511
1.91688
1.9081
1.89929
1.89119
1.88456
1.87992
1.87735
1.87637
1.87619
1.87596
1.87505
1.87318
1.87043
1.86723
1.86419
1.86193
1.8609
1.8613
1.86302
1.86574
1.86908
1.87267
1.87622
1.87947
1.88227
1.88451
1.88613
1.88711
1.88748
1.88726
1.88652
1.88532
1.88374
1.88186
1.87975
1.87748
1.87513
1.87277
1.87043
1.86818
1.86601
1.86394
1.86195
1.86003
1.85816
1.85632
1.85453
1.85283
1.85126
1.8499
1.84884
1.84812
1.84779
1.84786
1.84829
1.84903
1.84998
1.85107
1.8522
1.85328
1.85425
1.85505
1.85562
1.85596
1.85607
1.85598
1.85577
1.85556
1.85548
1.85569
1.85632
1.85746
1.85914
1.86132
1.86389
1.86672
1.86966
1.87257
1.87532
1.87781
1.87997
1.88176
1.88312
1.88403
1.88447
1.88441
1.88384
1.88274
1.8811
1.87888
1.87602
1.87248
1.8682
1.86318
1.8575
1.85144
1.84545
1.8401
1.83599
1.83355
1.83291
1.83394
1.83624
1.83935
1.84286
1.84655
1.85036
1.85437
1.85863
1.86311
1.86761
1.87192
1.8758
1.87916
1.88202
1.88445
1.88644
1.88783
1.88822
1.88702
1.88353
1.87712
1.86753
1.85515
1.84134
1.82848
1.81949
1.81681
1.8213
1.83185
1.84602
1.86111
1.87508
1.88678
1.89585
1.9024
1.90681
1.90952
1.91095
1.91146
1.91134
1.91081
1.91004
1.90912
1.90815
1.90716
1.90618
1.90523
1.90431
1.90342
1.90257
1.90174
1.90094
1.90017
1.89943
1.89871
1.89801
1.89732
1.89664
1.89594
1.8952
1.89438
1.89343
1.89229
1.89085
1.88898
1.88652
1.88323
1.87886
1.87312
1.86581
1.85696
1.84706
1.83731
1.82953
1.82558
1.82647
1.83174
1.83971
1.84839
1.85627
1.86255
1.86706
1.86995
1.87153
1.87211
1.87199
1.87137
1.87041
1.8692
1.8678
1.86623
1.86455
1.86286
1.86129
1.85999
1.859
1.85815
1.85697
1.85476
1.85082
1.8448
1.83707
1.82895
1.82233
1.81899
1.81979
1.82444
1.8318
1.84038
1.84886
1.8563
1.86231
1.86697
1.87058
1.87346
1.8758
1.87766
1.87902
1.87984
1.88015
1.87999
1.87949
1.87876
1.87791
1.87703
1.87624
1.87574
1.87582
1.87682
1.879
1.88235
1.88657
1.89113
1.89542
1.89895
1.9014
1.90266
1.90279
1.90196
1.9004
1.89833
1.89593
1.89336
1.89075
1.88829
1.88619
1.88476
1.88428
1.88493
1.88669
1.88935
1.89249
1.89571
1.89861
1.90097
1.90266
1.90369
1.9041
1.90398
1.90341
1.90244
1.90111
1.89944
1.89743
1.89512
1.89253
1.88974
1.8869
1.88419
1.88185
1.88015
1.87931
1.87947
1.88065
1.8827
1.88539
1.88843
1.89153
1.89445
1.89699
1.899
1.90036
1.90096
1.90069
1.89946
1.89717
1.89378
1.88928
1.8838
1.87761
1.87115
1.86507
1.86007
1.85682
1.85572
1.85678
1.85966
1.86371
1.86821
1.87249
1.87603
1.87848
1.87971
1.87978
1.87892
1.87753
1.87612
1.87519
1.8751
1.876
1.87773
1.87994
1.88218
1.88398
1.88499
1.88494
1.88367
1.88113
1.87742
1.87284
1.86791
1.8634
1.86014
1.85885
1.85984
1.86292
1.86749
1.8728
1.87817
1.88313
1.88742
1.89094
1.89371
1.89576
1.89717
1.89801
1.89834
1.8982
1.89765
1.8967
1.89534
1.89354
1.89127
1.8885
1.88523
1.88156
1.87767
1.87387
1.87057
1.86821
1.86718
1.86771
1.86983
1.87338
1.87799
1.88324
1.88868
1.89395
1.89875
1.90293
1.90637
1.90906
1.91099
1.91218
1.91264
1.91238
1.91141
1.90973
1.90737
1.90444
1.90109
1.89759
1.89427
1.89146
1.88945
1.8884
1.88827
1.88889
1.88996
1.89114
1.89209
1.89247
1.89203
1.89061
1.88823
1.88519
1.88208
1.87974
1.87899
1.88034
1.88375
1.88869
1.89434
1.8999
1.90476
1.90856
1.91112
1.91234
1.91223
1.91077
1.90804
1.90413
1.89929
1.89387
1.8884
1.88348
1.87974
1.87759
1.87711
1.87794
1.87937
1.88052
1.88062
1.87928
1.87674
1.87379
1.8715
1.87056
1.8708
1.87128
1.87104
1.87002
1.86927
1.87045
1.87459
1.88136
1.88925
1.89658
1.90223
1.9059
1.90791
1.90886
1.90938
1.9099
1.91066
1.91166
1.91282
1.91403
1.91522
1.91642
1.91769
1.91911
1.92071
1.92246
1.92423
1.92588
1.92722
1.92805
1.92817
1.92741
1.92562
1.92269
1.91857
1.91334
1.9073
1.90096
1.89512
1.89071
1.88858
1.88921
1.89258
1.89814
1.90508
1.91254
1.91979
1.92635
1.93195
1.93647
1.93993
1.94237
1.94385
1.94439
1.94396
1.94246
1.93977
1.93574
1.93028
1.92344
1.91549
1.90698
1.89878
1.89184
1.88707
1.88497
1.88557
1.88837
1.89259
1.89737
1.90202
1.90612
1.90952
1.91229
1.9147
1.91707
1.91964
1.92254
1.92563
1.92864
1.9312
1.93299
1.93379
1.9335
1.93218
1.93
1.92719
1.92409
1.92107
1.91847
1.91659
1.9156
1.91552
1.9162
1.91739
1.9188
1.92011
1.92111
1.92161
1.92153
1.92087
1.91968
1.91808
1.91622
1.9143
1.91251
1.91103
1.90997
1.90939
1.90926
1.90948
1.90991
1.91039
1.91083
1.91117
1.91144
1.91176
1.9123
1.91321
1.91464
1.91664
1.91917
1.9221
1.92525
1.92843
1.93148
1.93427
1.93672
1.93879
1.94046
1.94173
1.94261
1.94311
1.94327
1.94309
1.94263
1.94192
1.94103
1.94004
1.93904
1.93811
1.9373
1.93663
1.93606
1.93546
1.93469
1.93354
1.93181
1.92929
1.9258
1.92124
1.9156
1.90906
1.9021
1.89552
1.89039
1.88776
1.88835
1.89219
1.89865
1.90666
1.91507
1.92296
1.9297
1.93497
1.93865
1.94074
1.9413
1.94043
1.93827
1.93506
1.93115
1.92702
1.92317
1.92005
1.91786
1.91649
1.91556
1.91459
1.91316
1.9111
1.90855
1.90601
1.90422
1.90399
1.90593
1.91022
1.91651
1.92406
1.93192
1.93921
1.94527
1.9497
1.95235
1.95322
1.95244
1.95022
1.94684
1.94264
1.93803
1.93343
1.92926
1.92587
1.92345
1.92202
1.92139
1.9212
1.92101
1.9204
1.91903
1.91672
1.91347
1.90945
1.90496
1.90036
1.89602
1.8923
1.88947
1.88775
1.88723
1.88787
1.8895
1.89182
1.89445
1.89701
1.89913
1.90053
1.90105
1.90065
1.89947
1.89781
1.89609
1.89483
1.89449
1.89533
1.89737
1.90033
1.9038
1.90734
1.91058
1.91328
1.91532
1.9167
1.91748
1.91775
1.91762
1.91722
1.91664
1.916
1.91537
1.91484
1.91444
1.9142
1.9141
1.91408
1.91404
1.91381
1.91315
1.91177
1.90928
1.90527
1.8994
1.89161
1.88243
1.87324
1.86609
1.86294
1.86456
1.86993
1.87691
1.88334
1.88781
1.88985
1.88967
1.88788
1.88528
1.88268
1.88078
1.88009
1.88081
1.88287
1.886
1.88985
1.89403
1.89824
1.90228
1.90602
1.90942
1.9125
1.91529
1.91787
1.92028
1.9226
1.92485
1.92704
1.92917
1.93121
1.93311
1.93483
1.9363
1.93749
1.93834
1.93883
1.93891
1.93857
1.9378
1.9366
1.93498
1.93299
1.93067
1.92808
1.9253
1.92237
1.91935
1.91622
1.91293
1.90941
1.90562
1.90164
1.8978
1.89471
1.89317
1.89394
1.8974
1.90332
1.91089
1.91902
1.92672
1.93324
1.9382
1.94145
1.94302
1.94305
1.94172
1.93927
1.93599
1.93217
1.92814
1.92423
1.92072
1.9178
1.91555
1.91398
1.91297
1.91237
1.91195
1.91145
1.91059
1.90909
1.90676
1.90354
1.89953
1.89505
1.89057
1.88667
1.88386
1.88254
1.88288
1.88489
1.88845
1.89338
1.89945
1.90638
1.91381
1.92133
1.92853
1.93504
1.94056
1.94491
1.94794
1.94958
1.94981
1.94864
1.9461
1.9423
1.93741
1.93176
1.92579
1.92009
1.91526
1.91175
1.9097
1.90877
1.90821
1.90715
1.90492
1.90152
1.89775
1.89509
1.8949
1.89763
1.90249
1.90796
1.91262
1.91559
1.91667
1.91607
1.91416
1.91139
1.90819
1.905
1.9022
1.90007
1.89867
1.89779
1.89709
1.89619
1.89489
1.8932
1.89132
1.88946
1.88772
1.886
1.88401
1.88144
1.87821
1.87457
1.87114
1.86882
1.86845
1.87048
1.87483
1.88091
1.88782
1.8947
1.90087
1.90591
1.90968
1.91218
1.91356
1.91401
1.91373
1.91294
1.9118
1.91047
1.90905
1.9076
1.90609
1.90444
1.90253
1.90016
1.89715
1.89339
1.8889
1.88397
1.87918
1.87533
1.87326
1.87347
1.87592
1.88003
1.88494
1.88977
1.8939
1.89696
1.89881
1.89945
1.89894
1.8974
1.89495
1.89177
1.88808
1.88417
1.88036
1.877
1.87437
1.87267
1.87194
1.87207
1.87285
1.87403
1.87538
1.87673
1.878
1.87921
1.8804
1.88166
1.88303
1.88454
1.88613
1.88774
1.88928
1.89067
1.89184
1.8927
1.89319
1.89321
1.89264
1.89137
1.88934
1.88652
1.883
1.87902
1.8749
1.87101
1.86774
1.86535
1.86397
1.86361
1.86416
1.86549
1.86746
1.86995
1.87289
1.87622
1.87986
1.88372
1.88762
1.89141
1.89492
1.89804
1.90073
1.90303
1.90503
1.90683
1.90854
1.91016
1.91164
1.9129
1.91383
1.91437
1.91456
1.91449
1.91437
1.91435
1.91458
1.91504
1.91558
1.91593
1.91575
1.91467
1.91239
1.9087
1.90354
1.89702
1.88947
1.88148
1.87385
1.8675
1.86331
1.8619
1.86344
1.86757
1.87353
1.88034
1.88701
1.89276
1.89716
1.90006
1.9016
1.9021
1.90195
1.90154
1.90116
1.90099
1.90107
1.90131
1.90158
1.90169
1.90152
1.90096
1.89995
1.89852
1.89671
1.89466
1.8925
1.89042
1.88857
1.88712
1.88615
1.8857
1.88573
1.88615
1.88683
1.88763
1.88839
1.889
1.88933
1.88925
1.88864
1.88737
1.88528
1.88216
1.8778
1.87195
1.86438
1.85494
1.84368
1.83103
1.81791
1.80569
1.79596
1.78998
1.78826
1.79039
1.79537
1.80198
1.80924
1.81655
1.82371
1.83074
1.8377
1.84459
1.85128
1.85753
1.86313
1.86787
1.87163
1.87435
1.87606
1.87681
1.87671
1.87589
1.8745
1.87273
1.87079
1.86893
1.86736
1.86627
1.86577
1.86585
1.86644
1.86736
1.8684
1.86936
1.87005
1.87034
1.87012
1.86933
1.86794
1.86598
1.86352
1.86071
1.85778
1.85501
1.85274
1.85129
1.85089
1.85162
1.85339
1.85597
1.85907
1.86238
1.86564
1.86866
1.87134
1.87363
1.87553
1.87707
1.87829
1.87923
1.87994
1.88047
1.88085
1.88111
1.88125
1.88128
1.8812
1.88101
1.8807
1.88029
1.87983
1.87937
1.87903
1.87892
1.8792
1.87998
1.88136
1.88336
1.88596
1.88906
1.89252
1.89613
1.89966
1.90284
1.90536
1.90685
1.9069
1.90505
1.90084
1.89389
1.88423
1.87258
1.86071
1.85128
1.84677
1.84819
1.85445
1.86318
1.8721
1.87975
1.88554
1.88946
1.89181
1.89299
1.89347
1.89377
1.89433
1.89551
1.89752
1.90038
1.90391
1.90784
1.91184
1.91559
1.91884
1.92143
1.9233
1.92452
1.92521
1.92558
1.92587
1.9263
1.92697
1.92787
1.92886
1.92966
1.92994
1.92936
1.92764
1.9246
1.92024
1.91477
1.9087
1.9028
1.89803
1.89523
1.8949
1.89699
1.90093
1.90593
1.91117
1.91602
1.92007
1.92307
1.92494
1.92568
1.92538
1.9242
1.92235
1.92013
1.91785
1.91586
1.91444
1.91371
1.91358
1.91377
1.91388
1.91351
1.91242
1.9106
1.90826
1.90579
1.90369
1.90242
1.90231
1.90347
1.90575
1.90882
1.91225
1.9156
1.91851
1.92072
1.92203
1.92239
1.9218
1.92032
1.9181
1.91527
1.912
1.90838
1.90453
1.90051
1.8965
1.89278
1.88985
1.88827
1.88848
1.89055
1.89407
1.89828
1.90235
1.90562
1.90772
1.90854
1.90817
1.90683
1.90479
1.90233
1.89973
1.89724
1.89504
1.89328
1.89205
1.89138
1.89129
1.89181
1.89298
1.89487
1.89754
1.90099
1.90514
1.9098
1.91472
1.91962
1.92421
1.92822
1.93141
1.93352
1.93428
1.93336
1.93039
1.92501
1.91698
1.90639
1.89397
1.88122
1.87029
1.8633
1.86162
1.86536
1.8735
1.88434
1.89601
1.90698
1.91624
1.92339
1.92846
1.9317
1.93348
1.93414
1.93395
1.93313
1.93184
1.93018
1.9282
1.92595
1.92345
1.92074
1.91787
1.91492
1.91197
1.90912
1.90648
1.90407
1.90193
1.89999
1.89822
1.89661
1.89522
1.89422
1.89387
1.89439
1.89593
1.89847
1.9018
1.90559
1.90946
1.91309
1.91625
1.91881
1.92074
1.92207
1.92288
1.92324
1.92321
1.92281
1.92196
1.9205
1.91814
1.91446
1.90893
1.90096
1.89014
1.87659
1.8615
1.84748
1.83805
1.83591
1.8412
1.85147
1.86344
1.87467
1.88402
1.89128
1.89672
1.9007
1.9036
1.90569
1.90724
1.9084
1.90929
1.90998
1.91047
1.91072
1.91067
1.91022
1.90922
1.90752
1.90498
1.9015
1.89715
1.89216
1.88704
1.88249
1.87922
1.8778
1.8784
1.88089
1.88488
1.88994
1.89564
1.90161
1.9075
1.91299
1.91782
1.92179
1.92475
1.92659
1.92723
1.92653
1.92436
1.92054
1.91493
1.9075
1.89849
1.88854
1.87882
1.87088
1.86623
1.86578
1.86938
1.876
1.88414
1.8924
1.89976
1.90565
1.90987
1.91239
1.91331
1.91275
1.91082
1.90765
1.90341
1.89836
1.89288
1.88755
1.88303
1.87999
1.8789
1.8799
1.88279
1.88714
1.89243
1.89819
1.90405
1.90977
1.91516
1.92009
1.92446
1.92821
1.9313
1.93374
1.93555
1.93678
1.93751
1.93783
1.93784
1.93764
1.93733
1.93699
1.93671
1.93651
1.93641
1.93639
1.93642
1.93642
1.93631
1.93599
1.93538
1.9344
1.93299
1.93115
1.92889
1.92631
1.92357
1.92088
1.9185
1.91665
1.91552
1.91517
1.91555
1.91652
1.91787
1.91943
1.92106
1.92265
1.92418
1.9256
1.92688
1.92795
1.92869
1.92898
1.92871
1.92786
1.92652
1.92494
1.9235
1.92266
1.92281
1.92412
1.92652
1.92971
1.93327
1.93681
1.94002
1.94271
1.94479
1.94625
1.94708
1.94729
1.94688
1.94579
1.94401
1.94152
1.93837
1.93474
1.93095
1.92751
1.92496
1.92382
1.9243
1.92627
1.92925
1.9326
1.93569
1.93805
1.93942
1.93976
1.93919
1.93793
1.9363
1.93457
1.933
1.9317
1.9307
1.92993
1.92929
1.92873
1.92825
1.92797
1.92807
1.9287
1.93001
1.93203
1.93469
1.93784
1.94129
1.94484
1.94833
1.95162
1.95465
1.95739
1.95982
1.96197
1.96387
1.96555
1.96702
1.96832
1.96947
1.97047
1.97131
1.97199
1.97248
1.97272
1.97266
1.97217
1.97111
1.96925
1.96626
1.96169
1.95497
1.94555
1.93316
1.91845
1.90362
1.8924
1.88847
1.89292
1.90338
1.91578
1.92677
1.93477
1.93965
1.94197
1.9425
1.94193
1.9408
1.9395
1.93823
1.93712
1.93619
1.9354
1.93468
1.93396
1.93315
1.93219
1.93103
1.92968
1.92822
1.92682
1.92574
1.92527
1.92569
1.92718
1.92974
1.93318
1.93717
1.94135
1.94539
1.94901
1.95207
1.95446
1.95618
1.95723
1.95763
1.95742
1.95665
1.95537
1.95365
1.9516
1.94934
1.94704
1.94487
1.94303
1.94167
1.94087
1.94064
1.9409
1.94149
1.94222
1.94291
1.94341
1.94364
1.94358
1.94325
1.94272
1.94205
1.94132
1.94057
1.93987
1.93929
1.93893
1.93887
1.93917
1.93985
1.94087
1.94214
1.94356
1.94505
1.94658
1.94817
1.9499
1.95184
1.95409
1.95666
1.95953
1.9626
1.96573
1.96874
1.97144
1.97367
1.97528
1.97614
1.97615
1.97525
1.97339
1.97057
1.96681
1.96216
1.95675
1.95071
1.94426
1.93763
1.93113
1.9251
1.91991
1.91594
1.9135
1.91276
1.91373
1.91619
1.91978
1.92403
1.92847
1.93271
1.93645
1.93953
1.94188
1.94352
1.9445
1.94493
1.94492
1.94458
1.94399
1.9432
1.94227
1.9412
1.93998
1.93862
1.9371
1.9354
1.93354
1.93151
1.92936
1.92711
1.92481
1.92252
1.92027
1.91813
1.91609
1.91418
1.91238
1.91067
1.909
1.90734
1.90565
1.9039
1.90208
1.90016
1.89816
1.89609
1.89396
1.89181
1.88967
1.88759
1.8856
1.88373
1.88204
1.88053
1.87922
1.87812
1.8772
1.87647
1.87588
1.87544
1.8751
1.87488
1.87476
1.87475
1.87486
1.87509
1.87545
1.87595
1.87658
1.87733
1.87818
1.8791
1.88003
1.88093
1.8817
1.88224
1.88239
1.88195
1.88068
1.8783
1.87457
1.86941
1.86306
1.8563
1.85044
1.84691
1.84656
1.84908
1.8529
1.85593
1.85632
1.85302
1.84613
1.83702
1.82813
1.82215
1.82068
1.82333
1.82822
1.83326
1.83719
1.83989
1.84193
1.8441
1.84696
1.85072
1.85522
1.86013
1.86509
1.86978
1.87398
1.87754
1.88039
1.88248
1.88376
1.88418
1.88369
1.88225
1.87982
1.87642
1.87214
1.86718
1.86187
1.85667
1.85214
1.84886
1.84728
1.84761
1.84977
1.85342
1.85808
1.86321
1.86834
1.8731
1.87726
1.88068
1.88337
1.88539
1.88692
1.88814
1.88926
1.89046
1.89187
1.89355
1.89546
1.89752
1.89959
1.90149
1.90308
1.90421
1.90477
1.90467
1.90386
1.9023
1.90004
1.89714
1.89379
1.89022
1.88677
1.88382
1.88173
1.88081
1.88121
1.88292
1.88576
1.8894
1.89341
1.8973
1.90059
1.90281
1.90355
1.90252
1.89953
1.89459
1.88788
1.87987
1.87124
1.86295
1.85607
1.85169
1.85064
1.85329
1.85939
1.86816
1.87851
1.88932
1.89963
1.9087
1.91599
1.92115
1.92396
1.92443
1.92288
1.91996
1.91665
1.91404
1.91287
1.91329
1.9147
1.91614
1.9166
1.91539
1.91222
1.9071
1.90035
1.89245
1.88406
1.87595
1.86896
1.86385
1.86107
1.86055
1.8618
1.86403
1.86658
1.8691
1.87157
1.87411
1.87683
1.87972
1.88271
1.88578
1.88898
1.89244
1.89624
1.90036
1.90466
1.90887
1.91274
1.91604
1.91872
1.92086
1.92268
1.92447
1.9265
1.92892
1.93177
1.93491
1.93816
1.94128
1.9441
1.94646
1.94832
1.94965
1.95048
1.95084
1.95079
1.95038
1.94967
1.9487
1.9475
1.94609
1.94446
1.94259
1.94044
1.93794
1.93504
1.93169
1.92788
1.92368
1.91923
1.91476
1.9106
1.90712
1.9047
1.90365
1.90418
1.9063
1.90987
1.91457
1.91995
1.92555
1.93094
1.93576
1.9398
1.94293
1.94513
1.94646
1.94699
1.94683
1.94608
1.94483
1.94313
1.94103
1.9386
1.93598
1.93341
1.93127
1.92996
1.9298
1.93091
1.93313
1.93605
1.93913
1.94182
1.94368
1.94441
1.94391
1.94225
1.93966
1.93651
1.93319
1.92999
1.92696
1.92388
1.92035
1.91603
1.91083
1.90519
1.9001
1.89682
1.89638
1.89905
1.90428
1.91093
1.91786
1.9242
1.92951
1.93367
1.93672
1.93883
1.94014
1.94078
1.94082
1.94032
1.93924
1.93753
1.93509
1.93177
1.92739
1.92177
1.91475
1.90631
1.8967
1.88661
1.87721
1.86999
1.86617
1.86617
1.86934
1.87442
1.88009
1.88549
1.89022
1.89425
1.89763
1.90043
1.90261
1.90406
1.9046
1.90404
1.90214
1.89865
1.89335
1.88614
1.87713
1.86689
1.85651
1.8475
1.84137
1.83899
1.84029
1.8444
1.85019
1.85673
1.86339
1.86978
1.8757
1.88099
1.8856
1.88952
1.89278
1.89547
1.89768
1.89948
1.90097
1.9022
1.90321
1.90403
1.90465
1.90507
1.90524
1.90511
1.90462
1.90369
1.90221
1.90006
1.89709
1.89318
1.88815
1.88192
1.87446
1.86592
1.85673
1.84767
1.83984
1.83443
1.83234
1.83376
1.83808
1.84421
1.85096
1.85743
1.86311
1.86781
1.87156
1.87451
1.87684
1.8787
1.88021
1.88147
1.88252
1.88337
1.88404
1.88452
1.88481
1.88492
1.88488
1.88474
1.88453
1.8843
1.88406
1.88383
1.88356
1.88321
1.88271
1.882
1.88103
1.8798
1.87833
1.87672
1.87511
1.87363
1.87247
1.87175
1.87156
1.87192
1.87277
1.87401
1.87548
1.87703
1.87852
1.87984
1.88089
1.88165
1.8821
1.88227
1.8822
1.88195
1.8816
1.88122
1.88087
1.88059
1.88042
1.88035
1.88036
1.88042
1.88047
1.88046
1.88036
1.88012
1.87974
1.87922
1.87859
1.8779
1.87722
1.87664
1.87624
1.8761
1.87626
1.87675
1.87753
1.87856
1.87976
1.88103
1.88229
1.88347
1.88451
1.88538
1.88609
1.88667
1.88717
1.88764
1.88814
1.88874
1.88948
1.89039
1.89145
1.89266
1.89398
1.89538
1.89679
1.8982
1.89957
1.90088
1.90211
1.90327
1.90436
1.90539
1.90636
1.9073
1.90819
1.90905
1.90988
1.91067
1.91141
1.91208
1.91264
1.91306
1.91328
1.91325
1.91289
1.91212
1.91085
1.909
1.90652
1.9034
1.89972
1.89564
1.89146
1.88758
1.88441
1.88231
1.88148
1.88195
1.88358
1.88616
1.88945
1.89325
1.89738
1.90166
1.90591
1.90997
1.91373
1.91712
1.92012
1.92279
1.92518
1.92737
1.92942
1.93134
1.93314
1.93482
1.93636
1.93776
1.93906
1.9403
1.94152
1.94276
1.94405
1.94539
1.94675
1.94808
1.9493
1.95035
1.95114
1.9516
1.95168
1.95138
1.95075
1.94994
1.94915
1.9486
1.94851
1.94899
1.95002
1.95148
1.95317
1.95489
1.95647
1.95782
1.95892
1.95973
1.96027
1.96048
1.96031
1.95968
1.95855
1.95695
1.95501
1.95293
1.95095
1.94923
1.9478
1.94646
1.94487
1.94266
1.93952
1.93537
1.93038
1.92494
1.91963
1.91504
1.91174
1.91009
1.91027
1.91235
1.91628
1.92193
1.92903
1.93707
1.94539
1.95328
1.96021
1.96592
1.97041
1.97389
1.9766
1.9788
1.98065
1.98222
1.98353
1.98454
1.98519
1.98541
1.98513
1.98429
1.98285
1.98078
1.9781
1.97492
1.97141
1.96787
1.96462
1.96204
1.9604
1.95982
1.96024
1.96135
1.96276
1.96397
1.96451
1.96396
1.962
1.95842
1.95319
1.94651
1.93886
1.93092
1.92344
1.91697
1.91171
1.90752
1.90424
1.90193
1.90102
1.90217
1.90585
1.9121
1.92041
1.92996
1.93985
1.9493
1.95781
1.96509
1.97099
1.97552
1.97871
1.98064
1.98141
1.98111
1.97983
1.97771
1.97495
1.97183
1.96873
1.96613
1.96446
1.96399
1.96475
1.96646
1.96868
1.97093
1.97284
1.97426
1.97523
1.97593
1.97657
1.97727
1.97801
1.97867
1.97905
1.97901
1.97851
1.97765
1.97664
1.97575
1.97528
1.97544
1.97642
1.9783
1.98112
1.9848
1.98922
1.99418
1.9994
2.00463
2.00958
2.01401
2.01773
2.02055
2.02234
2.02299
2.02241
2.02056
2.01744
2.01316
2.00793
2.00206
1.99598
1.99017
1.98507
1.98096
1.97793
1.97583
1.97428
1.97278
1.97078
1.96776
1.96336
1.95748
1.95038
1.94276
1.9357
1.93045
1.92801
1.92882
1.93254
1.93826
1.94486
1.9514
1.95731
1.96237
1.96661
1.9702
1.97326
1.97587
1.978
1.97955
1.9804
1.98044
1.97961
1.97792
1.97549
1.97249
1.96919
1.96591
1.96294
1.96052
1.95876
1.95767
1.9571
1.95687
1.95677
1.95664
1.95637
1.95592
1.95532
1.95461
1.95385
1.95307
1.95231
1.95155
1.95077
1.94993
1.94897
1.94785
1.94649
1.9448
1.94268
1.94002
1.93667
1.93251
1.92743
1.92143
1.91459
1.90723
1.89987
1.89327
1.88831
1.88579
1.88618
1.88945
1.8951
1.90228
1.91006
1.91764
1.92444
1.93016
1.93471
1.93816
1.94065
1.94235
1.94346
1.94413
1.94451
1.94471
1.94479
1.94478
1.94468
1.94449
1.94416
1.94365
1.94294
1.942
1.94081
1.93937
1.93771
1.93588
1.93394
1.93202
1.93024
1.92877
1.9278
1.92749
1.928
1.92944
1.93185
1.93523
1.93947
1.94443
1.94988
1.95556
1.96119
1.96649
1.9712
1.97508
1.97796
1.9797
1.98025
1.97961
1.97784
1.97512
1.97167
1.96779
1.96373
1.95966
1.95562
1.95149
1.94703
1.94192
1.93579
1.92821
1.91873
1.90699
1.89284
1.87672
1.8599
1.84454
1.83331
1.82846
1.83083
1.83948
1.85224
1.86677
1.88137
1.89506
1.90734
1.91791
1.92666
1.93365
1.93909
1.94327
1.94642
1.94877
1.95043
1.95149
1.95199
1.95199
1.95153
1.95068
1.9495
1.94808
1.94647
1.94474
1.94294
1.94112
1.93931
1.93754
1.93582
1.93416
1.93257
1.93104
1.92956
1.92814
1.92674
1.92537
1.92401
1.92264
1.92126
1.91986
1.91843
1.91699
1.91553
1.91406
1.91259
1.91111
1.90963
1.90813
1.90659
1.905
1.90334
1.90158
1.89972
1.89777
1.89577
1.89378
1.89188
1.89017
1.88872
1.88762
1.8869
1.88656
1.88657
1.88687
1.88742
1.88816
1.88907
1.89016
1.89144
1.89294
1.89466
1.89659
1.89871
1.90095
1.90325
1.90556
1.90783
1.90999
1.91201
1.91384
1.91542
1.91668
1.91753
1.91783
1.91745
1.9162
1.91394
1.91056
1.9061
1.90082
1.89529
1.89032
1.88673
1.88506
1.88528
1.88675
1.88859
1.88996
1.89043
1.89
1.88908
1.88822
1.88799
1.8887
1.89042
1.89292
1.89586
1.89886
1.90162
1.90395
1.90578
1.90714
1.90816
1.90904
1.90999
1.91119
1.91276
1.91474
1.91706
1.91956
1.92206
1.9244
1.9264
1.92794
1.92894
1.92936
1.92915
1.92833
1.9269
1.92489
1.92237
1.91943
1.91622
1.91292
1.90975
1.90695
1.90476
1.90336
1.90283
1.90318
1.9043
1.90601
1.90811
1.91038
1.91262
1.91469
1.9165
1.918
1.91921
1.92021
1.92111
1.92207
1.92326
1.92481
1.92681
1.92929
1.93219
1.93538
1.93869
1.94196
1.94505
1.94785
1.9503
1.95235
1.95399
1.95523
1.95606
1.95649
1.95653
1.95615
1.95536
1.95413
1.95247
1.95037
1.94785
1.94493
1.94171
1.93829
1.93483
1.93155
1.92866
1.92641
1.92498
1.92451
1.92508
1.92666
1.92916
1.93247
1.93641
1.94086
1.94568
1.95074
1.95595
1.96119
1.96639
1.97143
1.97623
1.98067
1.98465
1.98806
1.9908
1.99274
1.99379
1.99387
1.99295
1.99104
1.98832
1.98508
1.98174
1.97882
1.97677
1.9758
1.97585
1.97655
1.97738
1.97787
1.97771
1.97686
1.97548
1.97395
1.97267
1.97205
1.97233
1.97362
1.97585
1.97884
1.98236
1.98617
1.99007
1.99392
1.99764
2.00122
2.00473
2.00824
2.01182
2.01543
2.01897
2.02228
2.02521
2.02771
2.02978
2.03149
2.03291
2.03407
2.03497
2.03553
2.03562
2.03513
2.03396
2.03204
2.02935
2.02594
2.0219
2.0174
2.01267
2.00803
2.0038
2.00033
1.99785
1.99649
1.99624
1.99698
1.99847
2.0004
2.00244
2.00425
2.00552
2.00602
2.00564
2.00437
2.00238
1.99999
1.99766
1.99598
1.99552
1.99672
1.99974
2.00442
2.0103
2.01679
2.02333
2.02949
2.03501
2.0398
2.04389
2.04737
2.05033
2.05285
2.05492
2.05649
2.05748
2.05775
2.0572
2.05571
2.05321
2.04963
2.04499
2.03933
2.03275
2.02544
2.01758
2.00942
2.00119
1.99317
1.98569
1.97921
1.97419
1.97104
1.96984
1.97032
1.97191
1.97391
1.97577
1.97713
1.9779
1.97811
1.97793
1.97752
1.97705
1.97663
1.97635
1.97623
1.97627
1.97644
1.97672
1.97705
1.97741
1.97778
1.97813
1.97846
1.97878
1.97908
1.97937
1.97965
1.97992
1.98015
1.98033
1.9804
1.98033
1.98002
1.97941
1.97837
1.97681
1.97459
1.97162
1.96779
1.96309
1.95758
1.95153
1.94538
1.93982
1.93564
1.93356
1.93399
1.93683
1.94155
1.9473
1.9533
1.95892
1.9638
1.9678
1.9709
1.97317
1.9747
1.97557
1.97587
1.97569
1.97513
1.97426
1.97316
1.9719
1.97054
1.96912
1.96766
1.9662
1.96477
1.96345
1.9623
1.96142
1.96088
1.96074
1.961
1.96162
1.96249
1.9635
1.96448
1.96527
1.96571
1.96558
1.96467
1.96272
1.95949
1.95476
1.94843
1.9406
1.93171
1.92259
1.91445
1.90861
1.90611
1.90721
1.91133
1.91724
1.9236
1.92938
1.93401
1.93746
1.94004
1.9423
1.94477
1.94778
1.95142
1.95553
1.95982
1.96396
1.96773
1.971
1.9737
1.97587
1.97754
1.97879
1.97965
1.98018
1.98042
1.98037
1.98004
1.97941
1.97841
1.97698
1.97503
1.97245
1.96919
1.96523
1.96065
1.95566
1.95058
1.94571
1.94127
1.93728
1.93351
1.92963
1.92535
1.92056
1.91549
1.91063
1.90664
1.90408
1.90321
1.90386
1.90556
1.90771
1.90983
1.91164
1.91305
1.91412
1.915
1.91582
1.91672
1.91776
1.91897
1.9203
1.92169
1.923
1.92413
1.92499
1.92553
1.92576
1.92569
1.92534
1.92472
1.92378
1.92251
1.92088
1.91893
1.91674
1.91443
1.91214
1.91
1.90811
1.90654
1.90531
1.90443
1.9039
1.90371
1.90383
1.90423
1.90486
1.90564
1.90649
1.90732
1.90805
1.9086
1.90893
1.909
1.90882
1.90838
1.9077
1.9068
1.90572
1.90449
1.90314
1.9017
1.90023
1.89876
1.89734
1.89602
1.89484
1.89381
1.89296
1.89227
1.89173
1.89131
1.89098
1.89072
1.89052
1.8904
1.89039
1.89058
1.89112
1.89216
1.89388
1.89643
1.89985
1.9041
1.90902
1.91434
1.91978
1.92505
1.92991
1.93419
1.9378
1.94075
1.94309
1.94494
1.94639
1.94754
1.94836
1.94874
1.94845
1.94721
1.94474
1.94086
1.9356
1.9292
1.9221
1.91484
1.90789
1.90153
1.8958
1.89067
1.88613
1.88229
1.87934
1.87754
1.87713
1.87828
1.88121
1.88611
1.89313
1.90222
1.91291
1.92427
1.93511
1.94428
1.95094
1.95475
1.95576
1.95438
1.95113
1.94661
1.94133
1.93569
1.93004
1.92467
1.9199
1.91604
1.91337
1.9121
1.91229
1.91386
1.91663
1.92037
1.92479
1.92963
1.9346
1.93943
1.94387
1.94766
1.95054
1.95227
1.95253
1.95105
1.94751
1.94178
1.93403
1.92508
1.91644
1.91013
1.90778
1.90979
1.91506
1.92171
1.92801
1.93291
1.93608
1.93769
1.93812
1.93777
1.93703
1.93616
1.93533
1.93464
1.93409
1.93363
1.93319
1.93267
1.93202
1.93122
1.9303
1.92939
1.92867
1.92836
1.92866
1.92971
1.93154
1.93403
1.93697
1.94006
1.94297
1.94538
1.94698
1.94751
1.9467
1.94437
1.9404
1.93481
1.9278
1.91982
1.91151
1.90368
1.89708
1.89231
1.8897
1.88935
1.89123
1.89521
1.90113
1.90872
1.91755
1.92703
1.93652
1.94542
1.95325
1.95971
1.96465
1.96808
1.97006
1.97079
1.97051
1.96953
1.96822
1.96693
1.96596
1.96547
1.96544
1.96568
1.96591
1.96581
1.96514
1.96381
1.96188
1.95958
1.95729
1.95547
1.95457
1.95496
1.95679
1.95997
1.96417
1.96887
1.97342
1.97715
1.97931
1.97919
1.97604
1.96933
1.95912
1.94663
1.93477
1.92752
1.92801
1.93633
1.94939
1.96289
1.97342
1.97917
1.97986
1.97645
1.97091
1.96576
1.96319
1.96399
1.96732
1.97138
1.97448
1.9757
1.97494
1.97264
1.9695
1.96621
1.96337
1.96133
1.96026
1.96016
1.96087
1.96221
1.96393
1.96581
1.96763
1.96922
1.97044
1.97118
1.97143
1.97121
1.97063
1.96983
1.96896
1.96807
1.9671
1.96582
1.9639
1.96101
1.95687
1.95138
1.94474
1.93744
1.93027
1.92417
1.92006
1.91855
1.91977
1.92335
1.92858
1.93459
1.94062
1.94615
1.95085
1.95465
1.95754
1.95963
1.96098
1.96166
1.96172
1.96117
1.96006
1.95845
1.95646
1.95424
1.95197
1.94986
1.94808
1.94676
1.94599
1.9458
1.94621
1.94716
1.94859
1.9504
1.95247
1.95468
1.95691
1.95909
1.96114
1.96303
1.96472
1.96619
1.96742
1.96838
1.96906
1.96946
1.96956
1.96938
1.96896
1.96833
1.96754
1.96669
1.96583
1.96504
1.96437
1.96383
1.9634
1.96303
1.96265
1.96219
1.96158
1.9608
1.9598
1.95856
1.95705
1.95521
1.95298
1.9503
1.94715
1.94355
1.93958
1.93544
1.93145
1.92801
1.92564
1.92484
1.92603
1.92942
1.93489
1.94203
1.9502
1.9587
1.96688
1.97427
1.98058
1.98571
1.98967
1.99257
1.99457
1.99582
1.99646
1.99658
1.99625
1.99546
1.99421
1.99243
1.99008
1.98711
1.98351
1.97933
1.97467
1.96971
1.96471
1.95998
1.95582
1.95252
1.95024
1.94905
1.94888
1.94959
1.95097
1.95283
1.95498
1.95726
1.95953
1.96167
1.96357
1.96512
1.96624
1.96684
1.96686
1.96624
1.96498
1.96311
1.96072
1.95795
1.955
1.95213
1.94957
1.94752
1.94606
1.9452
1.94483
1.9448
1.94492
1.94503
1.945
1.94473
1.94415
1.94324
1.942
1.94047
1.93872
1.93687
1.93505
1.9334
1.93208
1.93123
1.93095
1.93131
1.93229
1.9338
1.93567
1.93767
1.93959
1.94123
1.94247
1.94325
1.94362
1.94369
1.94361
1.94354
1.94361
1.94391
1.94449
1.94532
1.94633
1.94744
1.94855
1.94959
1.95052
1.95129
1.95191
1.9524
1.95281
1.95318
1.95357
1.95402
1.95456
1.9552
1.95592
1.95671
1.95749
1.9582
1.95879
1.95918
1.95934
1.95926
1.95895
1.95848
1.9579
1.95729
1.95671
1.95614
1.95546
1.95452
1.95312
1.95114
1.94872
1.94636
1.94489
1.94524
1.948
1.95306
1.95963
1.96654
1.97275
1.9776
1.98086
1.98267
1.98335
1.98326
1.98271
1.98188
1.98088
1.97975
1.97858
1.97748
1.97659
1.97605
1.9759
1.97608
1.97647
1.97689
1.97725
1.97755
1.97787
1.97837
1.97916
1.9802
1.98135
1.98231
1.98274
1.98233
1.98087
1.97844
1.97559
1.97345
1.97347
1.97673
1.98326
1.99192
2.00096
2.00887
2.01473
2.01828
2.01969
2.01935
2.01773
2.01528
2.01241
2.00941
2.00647
2.0036
2.00071
1.99759
1.99401
1.98985
1.9851
1.98002
1.97508
1.97092
1.96814
1.96704
1.96749
1.96894
1.97059
1.97168
1.97166
1.97036
1.96799
1.96511
1.96242
1.96055
1.95979
1.96007
1.96106
1.96239
1.96381
1.9653
1.96697
1.96897
1.97142
1.97434
1.97765
1.98116
1.98467
1.98794
1.99077
1.99298
1.99442
1.99498
1.99458
1.99313
1.99061
1.987
1.98233
1.9767
1.9703
1.9634
1.95634
1.94954
1.94338
1.9382
1.93422
1.93148
1.92989
1.92922
1.9291
1.92915
1.92893
1.92812
1.92649
1.92409
1.92122
1.91844
1.91643
1.9158
1.91679
1.91926
1.92272
1.92658
1.93031
1.93358
1.93623
1.93819
1.93946
1.94004
1.93993
1.93914
1.93773
1.93581
1.93363
1.93146
1.92964
1.92846
1.9281
1.92854
1.9296
1.93096
1.93223
1.93308
1.93321
1.9324
1.93046
1.92721
1.92248
1.91612
1.90825
1.89943
1.89096
1.8847
1.88242
1.88482
1.89103
1.89913
1.90708
1.91347
1.9177
1.91973
1.91987
1.91857
1.91634
1.91361
1.91074
1.90791
1.90515
1.90236
1.89937
1.89606
1.89238
1.88849
1.88468
1.88138
1.87904
1.87796
1.87817
1.87934
1.88085
1.88196
1.88201
1.88066
1.87798
1.87447
1.87091
1.86805
1.86622
1.86512
1.86377
1.86089
1.85552
1.8478
1.83952
1.83387
1.83414
1.8416
1.85462
1.86972
1.88356
1.89408
1.90056
1.90311
1.90224
1.89857
1.89276
1.88552
1.87768
1.87019
1.86401
1.85999
1.85858
1.85975
1.863
1.86754
1.87255
1.87739
1.8816
1.88498
1.88747
1.88913
1.89007
1.89039
1.89023
1.88967
1.8888
1.88768
1.88636
1.88487
1.88326
1.88159
1.8799
1.87827
1.87677
1.87544
1.87434
1.87347
1.87284
1.87242
1.87223
1.87226
1.87256
1.87318
1.87415
1.87545
1.87705
1.87885
1.88072
1.88254
1.88421
1.88566
1.88687
1.88784
1.88861
1.88924
1.88979
1.89033
1.8909
1.89154
1.89227
1.89308
1.89395
1.8948
1.89557
1.89615
1.89641
1.89624
1.89553
1.89427
1.89252
1.89053
1.88869
1.88753
1.88753
1.889
1.89193
1.89599
1.90066
1.90536
1.90961
1.9131
1.91566
1.91726
1.91794
1.91778
1.91689
1.91538
1.91335
1.91089
1.90808
1.90498
1.90167
1.89823
1.89474
1.89133
1.88815
1.88546
1.88369
1.88338
1.88507
1.88907
1.89518
1.90269
1.91055
1.91774
1.92347
1.92727
1.92902
1.92885
1.92711
1.92431
1.92105
1.91795
1.91549
1.91383
1.91273
1.91155
1.90936
1.90528
1.89894
1.89098
1.88337
1.87887
1.87958
1.88546
1.89441
1.90369
1.91132
1.91652
1.91947
1.92077
1.92113
1.92114
1.92119
1.92142
1.92179
1.9222
1.92249
1.92259
1.92251
1.92236
1.9223
1.9225
1.92312
1.92422
1.92578
1.9277
1.92982
1.93197
1.93396
1.93567
1.937
1.93788
1.93828
1.93819
1.93757
1.93642
1.93472
1.93247
1.92969
1.92645
1.92285
1.919
1.91502
1.91101
1.90704
1.9032
1.89964
1.89658
1.89429
1.89307
1.89325
1.89512
1.8989
1.90455
1.9117
1.91966
1.92768
1.93507
1.94133
1.94618
1.94948
1.95127
1.95167
1.95095
1.94945
1.94755
1.94559
1.94383
1.9424
1.94135
1.94062
1.94017
1.93999
1.94008
1.94053
1.94139
1.94266
1.94428
1.94606
1.94768
1.94874
1.94881
1.94744
1.94427
1.93912
1.93209
1.92368
1.9148
1.90669
1.90054
1.89712
1.89652
1.89827
1.90158
1.90563
1.90974
1.91332
1.91596
1.91739
1.91747
1.91622
1.91379
1.91043
1.9065
1.90241
1.89863
1.89558
1.8936
1.89288
1.89343
1.89511
1.89766
1.90075
1.90408
1.90734
1.91031
1.91283
1.9148
1.91614
1.91682
1.91682
1.91612
1.91468
1.91246
1.90938
1.90531
1.90004
1.89335
1.88501
1.87509
1.86431
1.85441
1.84792
1.84704
1.85224
1.86174
1.87263
1.88239
1.88964
1.89403
1.89587
1.89567
1.89396
1.89116
1.88755
1.88334
1.87875
1.87408
1.86978
1.86642
1.86447
1.86412
1.8652
1.86716
1.86936
1.8712
1.87237
1.87275
1.8725
1.87188
1.87127
1.87103
1.87151
1.87294
1.87544
1.87895
1.88325
1.88807
1.89307
1.89796
1.90251
1.90657
1.91006
1.91298
1.91536
1.9173
1.91886
1.92015
1.92124
1.92221
1.92308
1.92384
1.92442
1.9247
1.92449
1.92354
1.92163
1.91857
1.91437
1.90938
1.90445
1.9008
1.89973
1.90201
1.90747
1.91511
1.92353
1.93155
1.93841
1.94381
1.94771
1.95025
1.95162
1.95197
1.95148
1.95028
1.9485
1.94627
1.94372
1.94097
1.93817
1.93548
1.93308
1.93128
1.93043
1.93086
1.9328
1.93619
1.94066
1.94566
1.95053
1.95471
1.95778
1.95948
1.95969
1.95842
1.95581
1.95219
1.94809
1.94419
1.94123
1.93974
1.93984
1.94115
1.94301
1.9447
1.94575
1.94609
1.94602
1.94609
1.94692
1.94896
1.95233
1.95679
1.96187
1.96698
1.97159
1.9753
1.97791
1.97935
1.97967
1.979
1.9775
1.97535
1.97273
1.96983
1.96687
1.96405
1.96159
1.95966
1.95838
1.95784
1.95803
1.95894
1.96049
1.96256
1.96502
1.9677
1.97043
1.97305
1.97541
1.97737
1.97882
1.97968
1.9799
1.97945
1.97832
1.97652
1.97413
1.97123
1.96795
1.96447
1.96095
1.95758
1.95448
1.95175
1.94939
1.94733
1.94542
1.94348
1.94135
1.93891
1.93618
1.93337
1.93086
1.92912
1.92854
1.92934
1.93144
1.93453
1.93822
1.94212
1.946
1.94967
1.95307
1.95615
1.95889
1.96124
1.96319
1.96469
1.96573
1.96629
1.96636
1.96597
1.96513
1.96387
1.96222
1.96018
1.95769
1.95466
1.95089
1.94619
1.94038
1.93352
1.92605
1.91898
1.91371
1.91159
1.91316
1.91788
1.92436
1.9311
1.93699
1.94154
1.9447
1.94669
1.94776
1.94812
1.94791
1.94718
1.94601
1.94451
1.94288
1.94132
1.94004
1.93921
1.93889
1.93911
1.93985
1.94113
1.94298
1.9454
1.94834
1.9517
1.95534
1.95911
1.96284
1.96637
1.96957
1.97228
1.97432
1.97551
1.97565
1.97456
1.9721
1.96825
1.96318
1.95731
1.95128
1.94577
1.94133
1.93809
1.93577
1.93385
1.93189
1.92965
1.92717
1.92458
1.92199
1.91945
1.91702
1.91486
1.91326
1.91258
1.91309
1.91487
1.91777
1.92153
1.92582
1.93035
1.9349
1.93925
1.94325
1.94674
1.9496
1.95171
1.953
1.95338
1.95284
1.95138
1.94911
1.94623
1.94307
1.94009
1.9378
1.93661
1.93674
1.93815
1.94054
1.94346
1.94642
1.94896
1.95069
1.95134
1.95072
1.94877
1.9456
1.94151
1.93698
1.93267
1.92926
1.92731
1.92711
1.92852
1.93103
1.93385
1.93607
1.93682
1.93531
1.931
1.92377
1.9143
1.90432
1.89643
1.89313
1.89539
1.90202
1.91056
1.91865
1.92489
1.9289
1.93093
1.9315
1.93119
1.93051
1.92985
1.92946
1.92947
1.92989
1.93065
1.93163
1.93271
1.93379
1.93476
1.93558
1.93618
1.93654
1.93664
1.93645
1.93594
1.93511
1.93394
1.93245
1.93065
1.92862
1.92644
1.9242
1.92198
1.91984
1.91771
1.91546
1.91287
1.9097
1.90576
1.90105
1.89581
1.89064
1.88644
1.88415
1.88452
1.88775
1.89341
1.90063
1.90841
1.91587
1.92244
1.92786
1.93208
1.93523
1.9375
1.93912
1.94031
1.94128
1.94223
1.94332
1.94471
1.94653
1.94888
1.9518
1.95523
1.95908
1.96319
1.96738
1.97146
1.9753
1.97875
1.98176
1.98425
1.9862
1.9876
1.98844
1.98872
1.98845
1.98763
1.9863
1.98448
1.98222
1.9796
1.97669
1.97358
1.97036
1.96711
1.96395
1.96099
1.95841
1.9564
1.9552
1.95498
1.95586
1.95777
1.9605
1.96365
1.96676
1.96933
1.97099
1.97151
1.9709
1.96945
1.96765
1.96616
1.96558
1.96632
1.96843
1.97164
1.97547
1.97937
1.98289
1.98569
1.98757
1.98848
1.98847
1.98766
1.98624
1.98442
1.98246
1.98057
1.97893
1.97762
1.97663
1.97576
1.97469
1.97294
1.96989
1.96484
1.95713
1.94629
1.93235
1.91615
1.89972
1.88639
1.88004
1.88344
1.89621
1.91466
1.93403
1.95076
1.96328
1.97148
1.97593
1.97734
1.97633
1.97339
1.9689
1.96321
1.95671
1.94989
1.94329
1.93744
1.93276
1.92944
1.92742
1.92639
1.92599
1.92586
1.92576
1.92554
1.92517
1.92465
1.92402
1.92328
1.92247
1.92157
1.92058
1.9195
1.91831
1.91701
1.91561
1.91409
1.91243
1.91063
1.90867
1.90659
1.90445
1.90241
1.90067
1.89949
1.89908
1.89958
1.90097
1.90312
1.90578
1.90866
1.91151
1.91413
1.91639
1.91822
1.9196
1.92049
1.92089
1.92076
1.92001
1.91854
1.91621
1.9129
1.9085
1.90303
1.89668
1.88985
1.88307
1.87681
1.87124
1.86605
1.86048
1.85367
1.845
1.83456
1.82352
1.81427
1.80989
1.81265
1.82251
1.83704
1.85286
1.86728
1.87882
1.88708
1.89228
1.89492
1.89568
1.89525
1.89433
1.89347
1.893
1.89297
1.8931
1.89292
1.89185
1.88934
1.88499
1.87861
1.87038
1.86093
1.85143
1.84335
1.83808
1.83641
1.83825
1.84279
1.84895
1.8557
1.86229
1.86829
1.8735
1.8779
1.88155
1.88458
1.88714
1.88934
1.89128
1.89304
1.89464
1.89613
1.89749
1.89873
1.89984
1.90082
1.90164
1.9023
1.90278
1.90303
1.90302
1.90267
1.90188
1.90051
1.89837
1.89525
1.89094
1.88529
1.87836
1.87061
1.86301
1.85698
1.85399
1.85486
1.85935
1.86627
1.8741
1.8816
1.88803
1.89317
1.89708
1.89999
1.90216
1.90384
1.90522
1.90646
1.90765
1.90883
1.91003
1.91119
1.91227
1.91318
1.91384
1.91414
1.91401
1.91336
1.91216
1.91042
1.90824
1.90582
1.90347
1.90151
1.90025
1.89979
1.89996
1.90026
1.90001
1.89845
1.89499
1.88929
1.88135
1.87145
1.86002
1.84759
1.83499
1.82395
1.81756
1.81931
1.8305
1.84858
1.86868
1.88655
1.90017
1.9094
1.91507
1.91827
1.91996
1.9209
1.9216
1.9224
1.92347
1.92486
1.92653
1.92833
1.93007
1.93152
1.93245
1.93264
1.93188
1.93002
1.927
1.92285
1.91775
1.91213
1.90659
1.90187
1.89864
1.89727
1.89771
1.89952
1.90207
1.90476
1.90716
1.90908
1.91051
1.91156
1.91238
1.91315
1.91404
1.91516
1.9166
1.91837
1.92047
1.92282
1.9253
1.92777
1.93007
1.93203
1.93353
1.93444
1.93468
1.93422
1.93303
1.93114
1.92862
1.92555
1.92204
1.91825
1.91433
1.91045
1.90672
1.90323
1.8999
1.89648
1.89249
1.88733
1.88041
1.87155
1.86148
1.85212
1.84627
1.84626
1.85245
1.86299
1.87506
1.88632
1.89554
1.90242
1.90716
1.91014
1.91172
1.91218
1.91172
1.91043
1.90839
1.90561
1.90215
1.89808
1.89356
1.88881
1.88414
1.87987
1.87625
1.87341
1.87129
1.86962
1.86801
1.86603
1.86334
1.85986
1.85581
1.85182
1.84875
1.8475
1.84867
1.85235
1.85804
1.86484
1.87177
1.87799
1.88291
1.88625
1.88792
1.88794
1.88642
1.88347
1.87924
1.87395
1.86798
1.86198
1.8569
1.85384
1.85372
1.85687
1.86284
1.87064
1.87911
1.88727
1.89456
1.90073
1.90577
1.9098
1.91297
1.91543
1.91733
1.91875
1.91978
1.92046
1.92085
1.92097
1.92086
1.92054
1.92005
1.91944
1.91876
1.91805
1.91736
1.91672
1.91615
1.91564
1.91514
1.9146
1.91392
1.91299
1.91171
1.90997
1.90774
1.90506
1.9021
1.8992
1.8968
1.89544
1.89558
1.89749
1.90118
1.90635
1.91251
1.91907
1.92545
1.93112
1.93567
1.93881
1.9403
1.94
1.93777
1.93357
1.9274
1.91938
1.9098
1.89916
1.88826
1.87831
1.8709
1.86775
1.86992
1.87712
1.88765
1.89915
1.90967
1.91814
1.92435
1.92862
1.93153
1.93363
1.93539
1.93713
1.93901
1.94106
1.94324
1.94543
1.94752
1.94939
1.9509
1.952
1.95263
1.95279
1.95256
1.95206
1.95147
1.95102
1.9509
1.95123
1.95203
1.95322
1.95462
1.95603
1.95726
1.95821
1.95882
1.95916
1.9593
1.95934
1.95938
1.95946
1.95957
1.95966
1.95965
1.95946
1.95905
1.95838
1.95749
1.95642
1.95525
1.95407
1.95296
1.952
1.95122
1.95066
1.95031
1.95017
1.95021
1.95039
1.95068
1.95104
1.95143
1.95181
1.95214
1.95236
1.95245
1.95234
1.95202
1.95146
1.95065
1.94957
1.94824
1.94667
1.94487
1.94287
1.94069
1.93837
1.93598
1.93362
1.93147
1.92974
1.92868
1.92852
1.92939
1.93134
1.93426
1.9379
1.94194
1.94603
1.94985
1.95312
1.95567
1.95739
1.95825
1.95824
1.95742
1.95584
1.95356
1.95064
1.94716
1.94326
1.93917
1.93523
1.93187
1.92948
1.92833
1.92845
1.92965
1.93163
1.93409
1.93684
1.93973
1.94266
1.94544
1.94781
1.94943
1.95004
1.94947
1.94777
1.94516
1.94196
1.93845
1.93475
1.93079
1.92634
1.92125
1.91547
1.90919
1.90282
1.89692
1.89224
1.88954
1.8895
1.89247
1.89833
1.90644
1.91586
1.92553
1.93458
1.94241
1.94871
1.95349
1.95691
1.95928
1.96092
1.96217
1.9633
1.96449
1.96584
1.96737
1.96904
1.97076
1.97244
1.97396
1.97523
1.97615
1.97667
1.97673
1.97631
1.97545
1.97425
1.97287
1.97152
1.97046
1.96987
1.96985
1.97039
1.97131
1.97241
1.97345
1.97423
1.97465
1.97462
1.97408
1.97298
1.97127
1.96901
1.96644
1.96401
1.96234
1.96201
1.9633
1.96597
1.96932
1.97238
1.97418
1.97401
1.97161
1.9674
1.9625
1.95858
1.95726
1.95932
1.96434
1.97102
1.97789
1.98387
1.98848
1.99164
1.99351
1.99431
1.99425
1.99345
1.99197
1.98982
1.98694
1.98329
1.97883
1.97357
1.96762
1.96114
1.95441
1.9478
1.94171
1.93656
1.93268
1.93029
1.92943
1.93001
1.93175
1.93432
1.93732
1.9404
1.94323
1.9456
1.94742
1.94871
1.94958
1.95023
1.95091
1.95183
1.95315
1.95495
1.95714
1.95955
1.96191
1.96392
1.96525
1.96562
1.96478
1.96255
1.95888
1.95384
1.94772
1.94106
1.93459
1.92914
1.9254
1.92375
1.92416
1.92625
1.92948
1.93329
1.93723
1.94094
1.94422
1.94692
1.94898
1.95039
1.95118
1.95137
1.951
1.95013
1.94878
1.94698
1.94474
1.94205
1.93891
1.93531
1.93126
1.9268
1.92204
1.91716
1.9125
1.90847
1.90558
1.90427
1.9048
1.90713
1.91093
1.91568
1.92079
1.92573
1.93011
1.93367
1.93627
1.93785
1.93838
1.93789
1.93645
1.93415
1.93117
1.92772
1.92406
1.92048
1.91719
1.91434
1.91196
1.90996
1.90821
1.9066
1.90508
1.90372
1.90271
1.90226
1.90253
1.90352
1.90509
1.90698
1.90892
1.91069
1.91211
1.91306
1.91344
1.91318
1.91228
1.91085
1.90913
1.90748
1.90629
1.90591
1.90655
1.90823
1.91078
1.91391
1.91726
1.92051
1.92339
1.9257
1.92734
1.92822
1.92831
1.92756
1.92594
1.92344
1.92009
1.91598
1.91137
1.90666
1.90239
1.89917
1.89748
1.89759
1.89938
1.90247
1.90635
1.91048
1.91449
1.9181
1.92119
1.92373
1.92574
1.92727
1.92837
1.92909
1.92949
1.92961
1.92949
1.92915
1.92861
1.9279
1.92701
1.92597
1.92478
1.92343
1.92191
1.92025
1.91844
1.91657
1.91475
1.91318
1.91216
1.91196
1.91281
1.91474
1.91758
1.92094
1.92432
1.92728
1.92949
1.93089
1.93164
1.93215
1.93296
1.93461
1.93742
1.94142
1.94628
1.95145
1.95628
1.96016
1.96255
1.96308
1.96149
1.95778
1.95231
1.94598
1.94025
1.93678
1.93684
1.94063
1.94724
1.95516
1.96295
1.9697
1.97504
1.97904
1.98207
1.98462
1.9872
1.99014
1.9935
1.99701
2.00014
2.00232
2.00307
2.00227
2.00025
1.99775
1.99579
1.99529
1.99671
1.9999
2.0042
2.00873
2.01265
2.01537
2.01654
2.01607
2.01415
2.01121
2.00791
2.00499
2.00317
2.00296
2.0046
2.00798
2.01271
2.01828
2.02412
2.02979
2.03492
2.03933
2.04292
2.04568
2.04767
2.04892
2.04949
2.04944
2.04881
2.04769
2.04619
2.04447
2.04275
2.0413
2.04039
2.04024
2.04099
2.04259
2.04485
2.04745
2.05003
2.05223
2.05378
2.05451
2.05432
2.05321
2.05123
2.0485
2.04521
2.04159
2.03788
2.03429
2.03098
2.02805
2.02558
2.02366
2.02243
2.022
2.02244
2.02372
2.02567
2.02804
2.03049
2.03272
2.03449
2.03567
2.03618
2.03604
2.03526
2.03392
2.03215
2.03018
2.02836
2.0271
2.0268
2.02767
2.0297
2.0326
2.03592
2.03916
2.04189
2.04377
2.04465
2.04445
2.04324
2.04112
2.03823
2.03471
2.03065
2.0261
2.02106
2.01553
2.00957
2.00343
1.99756
1.99262
1.98937
1.98834
1.98968
1.99301
1.99747
2.002
2.00557
2.00738
2.00697
2.00432
1.99993
1.99482
1.99042
1.9881
1.98857
1.99162
1.99624
2.00121
2.00562
2.00904
2.01148
2.01323
2.01461
2.01587
2.01714
2.0184
2.01955
2.02043
2.02088
2.02081
2.02015
2.0189
2.01711
2.01486
2.01227
2.00948
2.00664
2.00388
2.00133
1.99905
1.99708
1.99539
1.99393
1.99262
1.99141
1.99024
1.98913
1.98815
1.9874
1.98701
1.9871
1.98777
1.98905
1.99093
1.99337
1.99631
1.99965
2.00333
2.00727
2.01138
2.01558
2.01976
2.02381
2.02762
2.03103
2.03392
2.03612
2.03747
2.03781
2.03695
2.03473
2.03104
2.0258
2.01911
2.01125
2.00279
1.9946
1.98778
1.98344
1.98241
1.98486
1.99029
1.99758
2.00546
2.01282
2.01889
2.02326
2.02578
2.0265
2.02552
2.02302
2.01924
2.01448
2.0091
2.00352
1.99816
1.99337
1.9894
1.98635
1.98421
1.98286
1.98213
1.98187
1.98191
1.9821
1.9823
1.98239
1.9823
1.98199
1.98154
1.98109
1.98084
1.98099
1.98168
1.98294
1.98469
1.98674
1.98892
1.99103
1.99299
1.99477
1.99641
1.99798
1.99955
2.00115
2.00277
2.00439
2.00595
2.00741
2.00871
2.00984
2.01077
2.01148
2.01198
2.01223
2.01225
2.01201
2.01149
2.01067
2.00951
2.00798
2.00604
2.00363
2.00068
1.99712
1.99285
1.98779
1.98187
1.97512
1.96764
1.95973
1.95189
1.94476
1.93908
1.93543
1.93406
1.93486
1.93735
1.9409
1.9449
1.94886
1.95247
1.95558
1.95821
1.96046
1.96251
1.96454
1.9667
1.96909
1.97169
1.97444
1.97717
1.97971
1.98187
1.98352
1.98453
1.98483
1.98437
1.9831
1.98096
1.97788
1.9738
1.96873
1.96283
1.95655
1.95069
1.94624
1.94412
1.94475
1.94785
1.95255
1.95781
1.96278
1.96699
1.9703
1.9728
1.97468
1.97616
1.97737
1.97841
1.97931
1.98006
1.9806
1.98088
1.98083
1.98036
1.97938
1.97779
1.97546
1.97222
1.96787
1.96213
1.95468
1.94514
1.93318
1.9187
1.90221
1.88516
1.87012
1.85994
1.85643
1.85934
1.86677
1.87654
1.88707
1.89756
1.90757
1.91676
1.92475
1.93116
1.93576
1.93844
1.9393
1.9386
1.93675
1.93428
1.9318
1.92986
1.92888
1.92902
1.93021
1.93215
1.93445
1.93674
1.93873
1.94025
1.94123
1.94165
1.94157
1.94107
1.94024
1.93919
1.93802
1.93682
1.93569
1.93469
1.93386
1.93322
1.93276
1.93241
1.93212
1.93179
1.93134
1.93068
1.92974
1.92847
1.92682
1.9248
1.9224
1.91966
1.91664
1.91341
1.91007
1.90674
1.90356
1.90067
1.89823
1.89637
1.89521
1.89482
1.8952
1.89627
1.8979
1.89986
1.90195
1.90393
1.90564
1.90694
1.90779
1.90818
1.90818
1.90787
1.90739
1.90687
1.90645
1.90626
1.90639
1.90691
1.90783
1.90914
1.91079
1.91272
1.91487
1.91717
1.91959
1.92207
1.9246
1.92712
1.92958
1.93189
1.9339
1.93541
1.93609
1.93552
1.93315
1.92841
1.9209
1.91079
1.89923
1.88846
1.88098
1.87807
1.87888
1.88122
1.88332
1.88492
1.88688
1.89006
1.89455
1.89966
1.90452
1.90854
1.91154
1.91359
1.91484
1.91539
1.91534
1.91486
1.91416
1.91356
1.91337
1.91385
1.91515
1.91723
1.91994
1.92301
1.92614
1.92904
1.9315
1.93338
1.93465
1.93531
1.93545
1.93517
1.93458
1.93379
1.93287
1.93189
1.93085
1.92977
1.92865
1.92753
1.92647
1.92562
1.92513
1.92521
1.92599
1.92759
1.93006
1.93336
1.9374
1.94196
1.94674
1.95134
1.95528
1.95802
1.95906
1.95796
1.95439
1.94827
1.93991
1.93012
1.92028
1.91219
1.90756
1.90745
1.91181
1.9196
1.92932
1.93959
1.94949
1.95859
1.96672
1.9738
1.97971
1.98431
1.9875
1.98926
1.98966
1.98875
1.98649
1.98272
1.97715
1.96955
1.95985
1.94832
1.93562
1.92281
1.91121
1.90219
1.89685
1.89578
1.89893
1.90562
1.9147
1.92484
1.93473
1.94328
1.9498
1.95404
1.95636
1.95764
1.95913
1.96202
1.96693
1.97362
1.98115
1.98829
1.99396
1.99747
1.99852
1.99715
1.99362
1.98837
1.98198
1.97505
1.9682
1.96202
1.95698
1.9534
1.95143
1.95102
1.95195
1.9539
1.9565
1.95944
1.96243
1.96529
1.96788
1.97012
1.97194
1.97331
1.97424
1.97471
1.97474
1.97438
1.97365
1.97261
1.9713
1.9698
1.96814
1.96639
1.96459
1.96276
1.96093
1.95909
1.95724
1.95537
1.95347
1.95154
1.94958
1.94762
1.94567
1.94374
1.94184
1.93995
1.93802
1.93598
1.93373
1.93117
1.92822
1.92482
1.92104
1.91707
1.91327
1.9101
1.90805
1.90746
1.90838
1.91052
1.91338
1.91637
1.91898
1.92089
1.92196
1.92227
1.92199
1.92141
1.92078
1.92033
1.92017
1.92026
1.92048
1.92059
1.9203
1.91936
1.91756
1.91477
1.91103
1.90655
1.90174
1.89722
1.89365
1.89164
1.89149
1.89317
1.89628
1.90027
1.90455
1.90863
1.91214
1.91487
1.91669
1.91757
1.9175
1.91653
1.91472
1.91213
1.90884
1.90492
1.90053
1.89584
1.89115
1.88684
1.88329
1.88083
1.87953
1.87924
1.8796
1.88024
1.88095
1.88176
1.88288
1.88457
1.88699
1.89006
1.8935
1.89697
1.90011
1.9027
1.90462
1.90585
1.90644
1.9065
1.90612
1.90542
1.90447
1.90337
1.90218
1.90097
1.89979
1.89869
1.89772
1.89689
1.89624
1.89577
1.89548
1.89536
1.89538
1.8955
1.89569
1.89591
1.89611
1.89627
1.89637
1.89642
1.89642
1.8964
1.8964
1.89647
1.89664
1.89696
1.89746
1.89813
1.89897
1.89996
1.90104
1.90215
1.90322
1.90415
1.90483
1.90517
1.90507
1.90445
1.9033
1.90168
1.89974
1.89775
1.89601
1.89486
1.89453
1.89513
1.89661
1.8988
1.90147
1.9044
1.90743
1.91044
1.91338
1.91618
1.91884
1.92129
1.92349
1.92535
1.92675
1.92757
1.92768
1.92697
1.92539
1.92295
1.91975
1.91599
1.91198
1.90811
1.90481
1.90249
1.90142
1.90171
1.90329
1.90593
1.90933
1.91315
1.91713
1.92105
1.92476
1.92821
1.93133
1.93414
1.93662
1.9388
1.94071
1.94238
1.94386
1.94518
1.94638
1.9475
1.94856
1.94955
1.95047
1.95128
1.95196
1.95246
1.95274
1.95273
1.95238
1.95161
1.95034
1.94845
1.94587
1.94251
1.93835
1.93352
1.92832
1.9233
1.91923
1.91696
1.91713
1.91993
1.92497
1.93146
1.93847
1.94522
1.95123
1.9563
1.96047
1.96393
1.96693
1.96966
1.97226
1.97477
1.97712
1.97918
1.98079
1.98181
1.98214
1.98176
1.98076
1.9793
1.97761
1.97593
1.9744
1.97305
1.97172
1.97014
1.96799
1.96501
1.96105
1.95617
1.95059
1.94468
1.93889
1.93367
1.92943
1.92646
1.925
1.92527
1.92748
1.93176
1.93801
1.94572
1.95409
1.96215
1.96911
1.9745
1.97819
1.98036
1.98133
1.98149
1.9812
1.98073
1.98024
1.97972
1.9791
1.97824
1.97706
1.9756
1.97401
1.97259
1.97157
1.97098
1.97064
1.97022
1.96954
1.96875
1.96848
1.96955
1.97257
1.97753
1.98381
1.99042
1.99638
2.00103
2.004
2.00516
2.00451
2.00215
1.99818
1.99281
1.98633
1.97912
1.97165
1.96436
1.95758
1.9515
1.94615
1.94159
1.93799
1.93567
1.93502
1.93639
1.93992
1.94547
1.95263
1.96084
1.96947
1.97795
1.98581
1.99272
1.99844
2.00286
2.00588
2.00743
2.00742
2.00573
2.00227
1.99696
1.98986
1.9812
1.97143
1.96115
1.951
1.94147
1.93288
1.92553
1.92004
1.91749
1.91899
1.9248
1.93386
1.94425
1.95425
1.963
1.97049
1.97702
1.98285
1.98802
1.99241
1.9959
1.99844
2.00011
2.00103
2.00134
2.0012
2.00077
2.00021
1.9997
1.99939
1.99941
1.9998
2.00054
2.00152
2.00256
2.00347
2.00402
2.00403
2.0034
2.00208
2.00017
1.99786
1.99545
1.99333
1.99185
1.99128
1.99173
1.99314
1.99532
1.99804
2.00103
2.0041
2.00705
2.00974
2.012
2.01362
2.0144
2.01408
2.01249
2.00948
2.00512
1.9997
1.99382
1.98835
1.98429
1.98247
1.98324
1.98637
1.99114
1.99664
2.00209
2.00696
2.01101
2.01424
2.0167
2.01848
2.01957
2.0199
2.01935
2.01789
2.01563
2.0129
2.01025
2.00834
2.00766
2.00839
2.01024
2.01262
2.01475
2.01594
2.01559
2.01331
2.00888
2.00236
1.99425
1.98562
1.97811
1.97354
1.97323
1.97736
1.98496
1.9944
2.00411
2.01296
2.02032
2.02597
2.02989
2.0322
2.033
2.03239
2.03044
2.02713
2.02243
2.01629
2.00875
2.00008
1.99083
1.9819
1.97437
1.96911
1.96637
1.96567
1.96607
1.96659
1.96656
1.96572
1.96413
1.96208
1.95989
1.95789
1.95633
1.95542
1.95528
1.95597
1.95741
1.95944
1.96182
1.9643
1.96667
1.96883
1.97077
1.97252
1.97413
1.97561
1.97688
1.97782
1.97827
1.97806
1.97706
1.9752
1.97249
1.96907
1.96523
1.96141
1.95813
1.95592
1.95514
1.95586
1.95787
1.96071
1.96387
1.9669
1.96948
1.97142
1.97269
1.97332
1.9734
1.97304
1.97237
1.97151
1.97056
1.96961
1.96869
1.96784
1.96702
1.96618
1.96525
1.9641
1.96258
1.96043
1.95734
1.95295
1.94691
1.93912
1.93008
1.92118
1.91469
1.9129
1.91683
1.9255
1.93653
1.94748
1.95673
1.96363
1.96822
1.97083
1.97194
1.97199
1.97136
1.97042
1.96941
1.96857
1.96802
1.96782
1.96796
1.96838
1.96896
1.96957
1.97006
1.9703
1.97018
1.96963
1.96859
1.96706
1.96505
1.96266
1.96003
1.95736
1.95491
1.95297
1.95184
1.95169
1.95262
1.95455
1.95726
1.96045
1.96382
1.9671
1.97009
1.97266
1.97475
1.97634
1.97743
1.97806
1.97823
1.97796
1.9773
1.97626
1.9749
1.9733
1.97154
1.96974
1.96799
1.96638
1.96496
1.96376
1.96271
1.96173
1.9607
1.95947
1.95795
1.95603
1.95373
1.95111
1.94834
1.94569
1.94349
1.94208
1.94177
1.94273
1.94494
1.94818
1.95205
1.95612
1.95994
1.96319
1.96571
1.96746
1.96857
1.96925
1.96977
1.97038
1.97129
1.97259
1.97425
1.97615
1.97811
1.97993
1.98146
1.98257
1.98322
1.98342
1.98326
1.98286
1.98236
1.98192
1.98165
1.98159
1.98173
1.98195
1.98216
1.98222
1.98211
1.98186
1.98158
1.98141
1.98145
1.9817
1.98204
1.98225
1.98203
1.98111
1.9793
1.97651
1.97288
1.96876
1.96479
1.96179
1.96061
1.96183
1.96555
1.97137
1.97852
1.98614
1.9935
2.00007
2.00554
2.0098
2.01285
2.0148
2.01578
2.01594
2.01539
2.01416
2.01221
2.0094
2.00553
2.00042
1.99397
1.98629
1.97778
1.96918
1.9615
1.95579
1.95278
1.95258
1.95461
1.95787
1.9613
1.96414
1.96603
1.96706
1.96754
1.9679
1.96854
1.96976
1.97165
1.97414
1.97701
1.97995
1.98265
1.98482
1.98627
1.98693
1.98687
1.98621
1.98513
1.98376
1.98215
1.98024
1.97789
1.97496
1.97143
1.9675
1.96362
1.96042
1.95858
1.95855
1.96047
1.96413
1.96907
1.9747
1.98045
1.98581
1.9904
1.99396
1.99634
1.9975
1.99745
1.99627
1.99412
1.99116
1.98763
1.9838
1.97997
1.97644
1.97348
1.9713
1.97005
1.96978
1.97047
1.97199
1.97415
1.9767
1.97938
1.98196
1.98422
1.98601
1.98722
1.98778
1.98766
1.98688
1.98549
1.98358
1.98129
1.97879
1.97629
1.97399
1.97206
1.97055
1.96938
1.96828
1.96678
1.96424
1.95999
1.9536
1.94536
1.93676
1.93053
1.92964
1.93546
1.94673
1.96042
1.97356
1.98432
1.99212
1.99705
1.99954
2.00001
1.99882
1.99621
1.99239
1.98752
1.98174
1.97521
1.96813
1.96071
1.95326
1.94615
1.93994
1.93534
1.93306
1.93357
1.93688
1.9425
1.94966
1.95758
1.96562
1.9733
1.9803
1.98642
1.99152
1.99554
1.99848
2.00035
2.00116
2.00089
1.99954
1.99712
1.99368
1.98934
1.98435
1.97904
1.97382
1.96911
1.9653
1.96264
1.96125
1.96116
1.96235
1.96473
1.96818
1.97249
1.97732
1.98222
1.98673
1.99042
1.99298
1.99419
1.99398
1.99241
1.9896
1.98581
1.98136
1.97666
1.97214
1.9682
1.96515
1.96317
1.96225
1.96225
1.96297
1.96418
1.96571
1.96745
1.96935
1.97142
1.9737
1.97621
1.97898
1.98197
1.98509
1.98821
1.99114
1.99365
1.99555
1.99661
1.99669
1.99564
1.99338
1.98987
1.98511
1.97914
1.97208
1.96412
1.95562
1.94715
1.93949
1.93363
1.93056
1.93103
1.93524
1.94281
1.95284
1.96417
1.97569
1.98653
1.99611
2.00419
2.01074
2.01586
2.01973
2.02253
2.0244
2.02544
2.0257
2.02516
2.02372
2.02125
2.01755
2.01243
2.00574
1.99752
1.9881
1.97823
1.96897
1.96139
1.95607
1.95278
1.95058
1.9484
1.94554
1.94201
1.9385
1.93611
1.93587
1.93836
1.9435
1.9506
1.95868
1.96678
1.97417
1.98044
1.98546
1.98927
1.99204
1.99399
1.99534
1.99632
1.9971
1.99783
1.99859
1.99941
2.00025
2.00102
2.00154
2.00161
2.00096
1.99926
1.99611
1.99114
1.98411
1.97513
1.96507
1.95575
1.94958
1.94858
1.9531
1.96165
1.97181
1.98148
1.98949
1.99549
1.99964
2.00224
2.00359
2.00392
2.00332
2.00178
1.99924
1.99558
1.99075
1.98475
1.97776
1.97017
1.96258
1.95573
1.95034
1.947
1.94605
1.94753
1.95123
1.9567
1.96332
1.97038
1.97721
1.98322
1.98801
1.99128
1.99287
1.9927
1.99076
1.9871
1.98191
1.97556
1.96865
1.96194
1.95623
1.95211
1.94987
1.94939
1.95035
1.95238
1.95516
1.95844
1.96201
1.96565
1.96914
1.97229
1.97492
1.97695
1.97832
1.97898
1.97893
1.97813
1.97654
1.97408
1.97072
1.96641
1.96127
1.95557
1.94981
1.9447
1.94097
1.93914
1.93929
1.94107
1.94391
1.94734
1.9511
1.95523
1.95985
1.965
1.97048
1.97585
1.98053
1.98385
1.98528
1.98444
1.98134
1.97651
1.97115
1.96696
1.96561
1.96789
1.97336
1.98054
1.98778
1.99384
1.99809
2.00039
2.0009
1.99991
1.99775
1.99474
1.99122
1.9875
1.98388
1.9806
1.97784
1.97566
1.97404
1.97288
1.97205
1.97142
1.97087
1.97031
1.96958
1.96849
1.96686
1.9646
1.96191
1.95937
1.95788
1.9584
1.96149
1.96699
1.97404
1.98146
1.9882
1.99359
1.99737
1.99965
2.0007
2.00085
2.0004
1.99957
1.99849
1.99721
1.9957
1.99392
1.9918
1.9893
1.98646
1.98337
1.98024
1.97737
1.97514
1.97394
1.97403
1.9755
1.97818
1.98174
1.98572
1.98967
1.9932
1.996
1.99784
1.99852
1.99789
1.99581
1.99222
1.98717
1.98092
1.97401
1.96721
1.96139
1.95727
1.95513
1.95476
1.95567
1.95729
1.95923
1.96132
1.96352
1.96587
1.9684
1.97105
1.97374
1.97637
1.97884
1.98108
1.98305
1.98472
1.98605
1.98703
1.98764
1.98785
1.98767
1.98705
1.98598
1.98441
1.98229
1.97957
1.97623
1.97227
1.96777
1.96284
1.95767
1.95244
1.94731
1.94237
1.93767
1.93319
1.92888
1.92478
1.92096
1.9176
1.91491
1.91307
1.9122
1.91236
1.91363
1.91623
1.92042
1.92632
1.93372
1.94201
1.95039
1.95804
1.96432
1.96884
1.9714
1.97198
1.97075
1.9681
1.96468
1.96138
1.95912
1.9586
1.95994
1.96274
1.96619
1.96949
1.97203
1.97354
1.974
1.97359
1.97254
1.97107
1.96933
1.96736
1.9651
1.96245
1.95926
1.95545
1.95103
1.94618
1.9412
1.93654
1.93268
1.93
1.9287
1.92868
1.92964
1.93119
1.93291
1.93449
1.93575
1.93661
1.93706
1.93715
1.93695
1.93653
1.93596
1.9353
1.93463
1.93402
1.93355
1.93329
1.93325
1.93343
1.93374
1.93406
1.93422
1.93404
1.93336
1.93204
1.92995
1.92702
1.92322
1.91864
1.9135
1.90826
1.90365
1.90051
1.89957
1.90115
1.90501
1.91042
1.91652
1.92257
1.92811
1.93296
1.9371
1.94056
1.9434
1.94565
1.94728
1.94828
1.94861
1.94826
1.94722
1.94553
1.94325
1.94046
1.93731
1.93394
1.93053
1.92724
1.9242
1.92155
1.91937
1.91777
1.91686
1.91675
1.91751
1.91919
1.9217
1.92487
1.92844
1.93206
1.93542
1.93823
1.9403
1.94153
1.94197
1.94174
1.94104
1.94013
1.93926
1.93864
1.93836
1.93844
1.93878
1.93922
1.9396
1.93975
1.93962
1.93923
1.93871
1.93832
1.93836
1.93914
1.94089
1.94364
1.94726
1.95146
1.95585
1.9601
1.9639
1.96708
1.9695
1.97113
1.97194
1.97192
1.97108
1.96942
1.96698
1.96383
1.96011
1.95602
1.95188
1.94805
1.94491
1.94281
1.94201
1.94258
1.94438
1.94707
1.95016
1.95312
1.9555
1.95699
1.95749
1.9571
1.9561
1.95487
1.95385
1.95341
1.95376
1.95491
1.9566
1.95843
1.95985
1.96039
1.95974
1.95795
1.95547
1.95318
1.95213
1.95313
1.95644
1.96163
1.96783
1.97409
1.97966
1.98411
1.98725
1.98907
1.98964
1.98906
1.98748
1.98503
1.98187
1.9782
1.97423
1.97017
1.96623
1.96259
1.95941
1.95681
1.95486
1.9536
1.95299
1.95292
1.95324
1.95376
1.95428
1.9547
1.95497
1.95513
1.95526
1.95548
1.95586
1.95646
1.9573
1.95838
1.95962
1.96092
1.96208
1.96283
1.96291
1.96208
1.96031
1.9578
1.95515
1.95318
1.95275
1.95436
1.95794
1.96284
1.96817
1.97313
1.97719
1.98013
1.98199
1.98292
1.9831
1.98273
1.98197
1.98094
1.97975
1.97851
1.97731
1.97626
1.97546
1.97493
1.97464
1.97441
1.97401
1.97309
1.97133
1.96842
1.96418
1.95851
1.95146
1.94313
1.93383
1.92414
1.91511
1.90813
1.9046
1.9053
1.90991
1.91718
1.92543
1.93333
1.94014
1.94582
1.95069
1.9552
1.95971
1.96437
1.96911
1.97375
1.97805
1.98174
1.98462
1.98656
1.98748
1.98741
1.98643
1.98476
1.98267
1.98051
1.97865
1.97736
1.97678
1.97684
1.97732
1.97792
1.9783
1.9782
1.97738
1.97569
1.97302
1.96927
1.96437
1.95831
1.95121
1.94335
1.93529
1.9278
1.9217
1.91764
1.91581
1.91596
1.91752
1.91992
1.92275
1.92585
1.9292
1.93282
1.93671
1.94078
1.94487
1.94879
1.95236
1.95542
1.95787
1.95963
1.96069
1.96103
1.96069
1.95969
1.95806
1.95583
1.95308
1.94989
1.94644
1.94296
1.93973
1.93705
1.93521
1.93434
1.93444
1.93536
1.93681
1.93851
1.94017
1.94161
1.94273
1.94349
1.94396
1.94423
1.94441
1.94463
1.945
1.9456
1.94646
1.94757
1.94887
1.95027
1.95163
1.95285
1.9538
1.95439
1.95456
1.95429
1.95361
1.95258
1.9513
1.94992
1.9486
1.94751
1.94682
1.94665
1.94707
1.94807
1.94956
1.95138
1.95333
1.95522
1.95686
1.95811
1.95886
1.95907
1.95873
1.95788
1.95661
1.95499
1.95311
1.951
1.94863
1.94595
1.943
1.94
1.93736
1.93565
1.93532
1.9364
1.93843
1.94058
1.94187
1.94151
1.93896
1.93395
1.92653
1.91702
1.9061
1.8948
1.88443
1.87646
1.87245
1.87375
1.88094
1.8932
1.90836
1.9238
1.9375
1.94841
1.9563
1.96148
1.96441
1.96559
1.96548
1.96442
1.96271
1.96055
1.95809
1.95543
1.95262
1.94964
1.94641
1.94276
1.9384
1.93297
1.926
1.91712
1.90624
1.89408
1.88247
1.8742
1.87181
1.87601
1.88517
1.89641
1.90717
1.91602
1.92256
1.92695
1.92959
1.93083
1.93096
1.93015
1.92852
1.92615
1.92312
1.91956
1.91568
1.91175
1.90808
1.90495
1.90256
1.90092
1.89989
1.8992
1.89851
1.89754
1.89605
1.89397
1.89143
1.88872
1.88634
1.88488
1.88484
1.88647
1.88964
1.89389
1.8986
1.90315
1.90712
1.9103
1.91266
1.9143
1.9154
1.91616
1.91674
1.91724
1.9177
1.91813
1.91846
1.91862
1.91853
1.91812
1.91734
1.91622
1.91485
1.91341
1.91214
1.91133
1.91124
1.912
1.91358
1.91578
1.91829
1.92074
1.92276
1.92409
1.9245
1.92387
1.92211
1.91924
1.91534
1.91065
1.90556
1.9006
1.89638
1.89344
1.89205
1.89218
1.89353
1.89566
1.89817
1.9008
1.90344
1.90607
1.90872
1.91142
1.91414
1.9168
1.91932
1.9216
1.92358
1.92518
1.92635
1.92705
1.92719
1.92668
1.92536
1.92308
1.91968
1.91508
1.90937
1.90296
1.89652
1.89094
1.88698
1.88493
1.88451
1.885
1.8857
1.88617
1.88641
1.8867
1.88738
1.88869
1.89064
1.89302
1.89553
1.89783
1.89969
1.90099
1.90171
1.90198
1.90202
1.90211
1.90249
1.90327
1.90438
1.9055
1.90615
1.9058
1.90395
1.90019
1.89428
1.88624
1.87641
1.8657
1.8556
1.84808
1.84496
1.84709
1.85387
1.86356
1.87418
1.88419
1.89275
1.89959
1.90483
1.9087
1.9115
1.91348
1.91485
1.91578
1.91638
1.91672
1.91686
1.9168
1.91654
1.91608
1.91539
1.91442
1.91312
1.9114
1.90913
1.90612
1.9021
1.89673
1.8897
1.8809
1.87076
1.86054
1.85235
1.84836
1.84962
1.85531
1.86321
1.87097
1.87703
1.88079
1.88237
1.88218
1.88072
1.87841
1.87552
1.8722
1.86847
1.86429
1.85966
1.85471
1.84977
1.84539
1.84224
1.84094
1.84187
1.84503
1.85005
1.85629
1.86305
1.86965
1.8756
1.88058
1.88444
1.88718
1.88889
1.88972
1.88986
1.88948
1.88876
1.88783
1.88678
1.88568
1.88457
1.88346
1.88235
1.88123
1.88009
1.87894
1.87779
1.87663
1.87549
1.87437
1.87329
1.87226
1.87129
1.8704
1.86958
1.86884
1.86817
1.86757
1.86702
1.86651
1.86602
1.86551
1.86496
1.8643
1.86351
1.86251
1.86127
1.85972
1.85783
1.85556
1.85292
1.8499
1.84658
1.84305
1.83943
1.8359
1.83264
1.82979
1.82747
1.82567
1.82426
1.823
1.82162
1.81988
1.8177
1.81532
1.81327
1.81234
1.81327
1.81649
1.82188
1.82881
1.83639
1.84377
1.85032
1.8557
1.8598
1.86269
1.86454
1.86558
1.86604
1.86618
1.86621
1.8663
1.86658
1.8671
1.86784
1.86873
1.86968
1.87056
1.87125
1.8716
1.87153
1.87092
1.86969
1.86779
1.86516
1.86183
1.85785
1.85339
1.84868
1.8441
1.84008
1.83709
1.83554
1.83571
1.83763
1.84109
1.84571
1.85099
1.85645
1.86166
1.86635
1.87033
1.87353
1.87595
1.87766
1.87874
1.8793
1.87946
1.87933
1.87902
1.87858
1.87801
1.87722
1.87608
1.87441
1.87206
1.86897
1.86519
1.86094
1.85653
1.85238
1.84887
1.84638
1.84521
1.84547
1.84705
1.84955
1.85242
1.85519
1.85762
1.85979
1.86199
1.86449
1.86742
1.87067
1.87396
1.877
1.87952
1.88139
1.88262
1.88328
1.88351
1.88349
1.88337
1.88328
1.88332
1.88357
1.88404
1.88474
1.88564
1.88669
1.88782
1.88898
1.8901
1.89114
1.89203
1.89276
1.89331
1.89365
1.89379
1.89375
1.89353
1.89317
1.89269
1.89211
1.89145
1.89068
1.8898
1.88874
1.88741
1.88572
1.88355
1.88076
1.87725
1.87294
1.86781
1.86193
1.85546
1.84873
1.84218
1.8364
1.83202
1.82965
1.82971
1.83231
1.8372
1.8438
1.85136
1.85917
1.86664
1.87339
1.87923
1.88412
1.88809
1.89122
1.89362
1.89538
1.89658
1.8973
1.89758
1.89749
1.89708
1.89639
1.89547
1.89439
1.89322
1.89203
1.89088
1.88983
1.8889
1.88809
1.88737
1.88668
1.88592
1.88504
1.88396
1.88263
1.88103
1.87918
1.87707
1.87473
1.87219
1.86948
1.86666
1.86379
1.86102
1.85852
1.85646
1.85502
1.85422
1.85399
1.8541
1.85431
1.85451
1.85477
1.85544
1.85692
1.85953
1.8633
1.86795
1.873
1.87798
1.88251
1.88634
1.88939
1.89168
1.89329
1.89435
1.89503
1.8955
1.89593
1.89647
1.89721
1.8982
1.89944
1.90088
1.90245
1.90407
1.90566
1.90716
1.90852
1.9097
1.91067
1.91142
1.91192
1.91215
1.9121
1.91174
1.91107
1.91006
1.90874
1.90714
1.90532
1.90339
1.90149
1.89978
1.89846
1.89769
1.89761
1.89827
1.8997
1.90184
1.90457
1.90777
1.91127
1.91496
1.91873
1.9225
1.92622
1.92991
1.93357
1.93723
1.94094
1.94473
1.94862
1.9526
1.95665
1.9607
1.96466
1.96841
1.9718
1.97464
1.97672
1.9778
1.97767
1.97615
1.97326
1.96931
1.96506
1.96162
1.96022
1.96166
1.96591
1.97213
1.97905
1.98549
1.99059
1.99392
1.99535
1.99495
1.99299
1.98983
1.98595
1.98186
1.97804
1.97486
1.97257
1.97127
1.97102
1.97182
1.97365
1.97651
1.9803
1.9849
1.99007
1.99558
2.00115
2.00657
2.01166
2.01633
2.02054
2.0243
2.02766
2.03067
2.0334
2.03587
2.03812
2.04016
2.04199
2.04361
2.04503
2.04624
2.04727
2.0481
2.04874
2.04918
2.04942
2.04941
2.04913
2.04852
2.04748
2.04593
2.04373
2.04074
2.03679
2.03171
2.02534
2.01765
2.00876
1.99914
1.98967
1.98171
1.97682
1.97624
1.98036
1.98849
1.99918
2.01086
2.02224
2.03252
2.04136
2.04875
2.05492
2.06017
2.06474
2.06874
2.07215
2.07478
2.07642
2.07685
2.07591
2.07354
2.06978
2.06485
2.05912
2.05309
2.04735
2.04244
2.03868
2.0361
2.03443
2.03325
2.03211
2.03077
2.02931
2.02819
2.02815
2.02991
2.03373
2.03922
2.04544
2.05138
2.05627
2.05985
2.0622
2.06365
2.06455
2.06518
2.06564
2.06592
2.06577
2.06474
2.06213
2.05711
2.04901
2.03771
2.02408
2.01002
1.99778
1.98907
1.98448
1.98385
1.9866
1.99189
1.99862
2.00576
2.01269
2.01921
2.02531
2.03103
2.0364
2.04147
2.04634
2.05101
2.05545
2.05946
2.06279
2.06515
2.06629
2.06606
2.06444
2.06157
2.05776
2.05339
2.04888
2.04455
2.04056
2.03687
2.03333
2.02972
2.02585
2.02158
2.01683
2.01149
2.0055
1.99876
1.99131
1.9833
1.97515
1.96752
1.96123
1.95712
1.95581
1.95748
1.96185
1.96822
1.9757
1.98335
1.99043
1.99638
2.00089
2.00382
2.00519
2.00512
2.00375
2.00128
1.9979
1.99385
1.98935
1.98465
1.98004
1.9758
1.97221
1.96953
1.96791
1.96744
1.96806
1.9696
1.97182
1.97439
1.97698
1.97927
1.98102
1.98201
1.98212
1.98129
1.9795
1.97681
1.97332
1.96914
1.96444
1.95936
1.95397
1.94829
1.94222
1.93559
1.92826
1.92033
1.91236
1.90556
1.90155
1.9017
1.90628
1.91423
1.9237
1.93284
1.94042
1.94594
1.94941
1.95115
1.95164
1.95136
1.95071
1.95001
1.9494
1.94894
1.94857
1.9482
1.94774
1.94714
1.94641
1.94557
1.94469
1.94382
1.94297
1.9421
1.94108
1.93973
1.93788
1.93537
1.93213
1.92823
1.92388
1.91942
1.91525
1.91172
1.90903
1.90724
1.90623
1.90583
1.90584
1.90607
1.90639
1.90667
1.90682
1.90679
1.90653
1.90595
1.90487
1.90303
1.9002
1.89629
1.89158
1.88694
1.88368
1.88316
1.88607
1.89203
1.89979
1.90783
1.91489
1.92026
1.92366
1.92509
1.92467
1.9226
1.91908
1.91441
1.909
1.90341
1.89829
1.89428
1.89185
1.89115
1.89199
1.89397
1.89661
1.89951
1.9024
1.90512
1.9076
1.90983
1.9118
1.91351
1.91496
1.91619
1.91723
1.91812
1.91893
1.91972
1.92057
1.92153
1.92261
1.92382
1.92514
1.9265
1.92783
1.92906
1.9301
1.9309
1.93141
1.9316
1.93148
1.9311
1.93052
1.92984
1.92918
1.92864
1.92832
1.92828
1.92853
1.92905
1.92981
1.93076
1.93189
1.9332
1.93467
1.93634
1.93818
1.94013
1.94206
1.94377
1.94494
1.9452
1.94408
1.94107
1.93566
1.92744
1.91623
1.90221
1.88617
1.86972
1.85563
1.84762
1.84892
1.85988
1.87727
1.89634
1.91342
1.92693
1.93682
1.9437
1.9483
1.95121
1.95284
1.95347
1.95327
1.95242
1.95105
1.94936
1.94757
1.94591
1.94465
1.94402
1.94416
1.94514
1.94686
1.94917
1.95184
1.95461
1.95728
1.95967
1.96168
1.96322
1.96427
1.9648
1.96481
1.9643
1.96325
1.96165
1.95948
1.95673
1.95342
1.94964
1.94556
1.94144
1.93763
1.93446
1.93222
1.9311
1.93114
1.93232
1.93462
1.93801
1.94242
1.9477
1.95354
1.95956
1.96535
1.97054
1.97492
1.97839
1.98097
1.98278
1.98396
1.98467
1.98506
1.98525
1.98531
1.98525
1.98507
1.98473
1.98417
1.98331
1.98208
1.9804
1.97819
1.97535
1.97179
1.96745
1.96234
1.95661
1.95062
1.94495
1.94036
1.93764
1.93731
1.93948
1.94376
1.94936
1.95533
1.96075
1.9649
1.96727
1.9676
1.96583
1.96207
1.9566
1.94987
1.94248
1.93521
1.92901
1.92487
1.92366
1.92591
1.93156
1.93997
1.95002
1.96043
1.9701
1.97826
1.98454
1.98892
1.9916
1.99292
1.99329
1.99305
1.99251
1.99187
1.99125
1.99066
1.99007
1.9894
1.98858
1.98754
1.98625
1.9847
1.98292
1.98098
1.97895
1.97693
1.97503
1.97332
1.97188
1.97074
1.96985
1.96913
1.96841
1.96749
1.9662
1.96441
1.96211
1.95937
1.9563
1.95303
1.94959
1.94591
1.94188
1.93735
1.9323
1.92682
1.9212
1.91583
1.91122
1.90779
1.90587
1.90555
1.90669
1.90901
1.91213
1.9157
1.91946
1.92318
1.92673
1.92998
1.93284
1.93523
1.9371
1.93839
1.9391
1.93924
1.93885
1.93796
1.93663
1.9349
1.93283
1.93047
1.92786
1.92505
1.92208
1.91899
1.91585
1.9127
1.90961
1.90667
1.90399
1.90169
1.89992
1.89879
1.89842
1.89881
1.8999
1.90156
1.90356
1.90569
1.90773
1.90954
1.91099
1.91203
1.91267
1.91291
1.91281
1.91242
1.91179
1.91096
1.90997
1.90884
1.90762
1.90634
1.90509
1.90397
1.90309
1.90256
1.90244
1.90273
1.90336
1.90422
1.90516
1.90606
1.90682
1.90739
1.90775
1.9079
1.90789
1.90778
1.90765
1.90757
1.90764
1.90793
1.9085
1.90938
1.91056
1.91203
1.91373
1.9156
1.9176
1.91965
1.92171
1.92374
1.92569
1.92752
1.92917
1.9306
1.93171
1.93241
1.93261
1.9322
1.93109
1.92925
1.92675
1.9238
1.92078
1.91824
1.9168
1.91695
1.91894
1.92262
1.92749
1.93288
1.93812
1.94269
1.94628
1.94877
1.95016
1.95057
1.95017
1.94917
1.94775
1.9461
1.94436
1.94264
1.94098
1.93941
1.9379
1.93643
1.93496
1.93353
1.93222
1.93118
1.93061
1.93077
1.93184
1.93393
1.93702
1.94096
1.9455
1.95035
1.95524
1.95994
1.96431
1.96825
1.97171
1.97467
1.97714
1.97913
1.98064
1.98166
1.9822
1.98222
1.98172
1.98068
1.9791
1.97701
1.9745
1.97167
1.96868
1.96566
1.96276
1.96009
1.95775
1.95584
1.95452
1.95397
1.95434
1.95569
1.95794
1.96086
1.96417
1.96755
1.97077
1.97364
1.97602
1.97781
1.9789
1.97922
1.97871
1.97736
1.97525
1.97254
1.96951
1.96651
1.96389
1.96192
1.96066
1.95993
1.95924
1.95791
1.95513
1.95014
1.94258
1.93297
1.92322
1.91644
1.91561
1.92168
1.93279
1.94556
1.95701
1.96547
1.97044
1.97214
1.9711
1.9681
1.9641
1.96024
1.9577
1.95737
1.95957
1.96391
1.96953
1.97541
1.98069
1.98484
1.98762
1.98906
1.98936
1.98887
1.98799
1.98716
1.98675
1.98703
1.98806
1.98971
1.99168
1.99359
1.99499
1.99544
1.99453
1.99186
1.98718
1.98049
1.97236
1.96411
1.95774
1.95516
1.95715
1.96277
1.96985
1.97603
1.97963
1.97981
1.97648
1.97014
1.96176
1.95277
1.9448
1.93933
1.9372
1.93848
1.94262
1.94886
1.95649
1.96492
1.97356
1.98176
1.98881
1.99401
1.99677
1.99666
1.99349
1.98739
1.97891
1.96915
1.95972
1.95247
1.94884
1.9493
1.95308
1.95868
1.9646
1.96992
1.97439
1.97821
1.98173
1.98515
1.98841
1.99124
1.99322
1.99401
1.99333
1.99116
1.98772
1.98348
1.97912
1.97541
1.97294
1.97201
1.97246
1.97376
1.97517
1.97593
1.97545
1.97345
1.96999
1.96553
1.96079
1.95671
1.95417
1.9538
1.95578
1.9598
1.96522
1.97123
1.97709
1.98225
1.98636
1.98928
1.99102
1.99167
1.99133
1.99017
1.98831
1.98589
1.98305
1.9799
1.97658
1.9732
1.9699
1.96679
1.96396
1.96148
1.9594
1.95772
1.95641
1.95539
1.95456
1.95377
1.95287
1.95172
1.95021
1.94831
1.94606
1.94362
1.94121
1.93906
1.9374
1.93636
1.93597
1.93614
1.9367
1.93748
1.93831
1.9391
1.93983
1.94051
1.9412
1.94199
1.94293
1.94406
1.94539
1.9469
1.94854
1.95022
1.95184
1.95328
1.95442
1.95514
1.95533
1.95489
1.95373
1.95179
1.94902
1.94541
1.94101
1.93594
1.93042
1.9248
1.91952
1.91508
1.91191
1.91032
1.91036
1.91188
1.91458
1.91808
1.92204
1.92618
1.93029
1.93421
1.93785
1.9411
1.94389
1.94616
1.94786
1.94897
1.94949
1.94945
1.94894
1.94806
1.94694
1.94575
1.9447
1.94402
1.94392
1.9446
1.94614
1.94853
1.95161
1.95511
1.95868
1.962
1.96475
1.96671
1.96773
1.96772
1.96668
1.96464
1.96174
1.95816
1.9542
1.95021
1.94662
1.94388
1.94235
1.94227
1.94367
1.94636
1.95
1.95414
1.95833
1.9622
1.96547
1.96794
1.96951
1.97012
1.96972
1.96827
1.96572
1.96201
1.95716
1.95135
1.94504
1.93907
1.93454
1.93255
1.93374
1.93792
1.94424
1.95149
1.9586
1.96487
1.96996
1.97385
1.97665
1.97858
1.97984
1.98063
1.98113
1.98147
1.98177
1.98209
1.98248
1.98297
1.98356
1.98426
1.98505
1.98591
1.98683
1.98778
1.98874
1.98967
1.99054
1.99127
1.99178
1.99197
1.9917
1.99088
1.98941
1.98733
1.98474
1.98193
1.9793
1.97727
1.9762
1.97622
1.97717
1.97866
1.9801
1.98091
1.98058
1.97878
1.97551
1.97111
1.96624
1.96173
1.95829
1.95624
1.95537
1.95513
1.95498
1.95483
1.95515
1.95668
1.96001
1.96528
1.97209
1.97973
1.9874
1.99435
1.99997
2.00379
2.00563
2.0056
2.00421
2.00225
2.00056
1.99976
1.99988
2.00042
2.00055
1.99942
1.99646
1.99147
1.9846
1.97625
1.96706
1.95775
1.9491
1.94182
1.93654
1.93368
1.93347
1.93586
1.94059
1.94714
1.95482
1.96288
1.97052
1.97711
1.98219
1.98557
1.98731
1.98768
1.9871
1.98605
1.98502
1.98438
1.98436
1.98503
1.98631
1.988
1.98988
1.99175
1.99346
1.99491
1.99606
1.9969
1.99744
1.99767
1.99755
1.99703
1.99601
1.99433
1.99181
1.98819
1.98314
1.97627
1.96711
1.95522
1.94033
1.92268
1.90357
1.88564
1.87236
1.8663
1.86741
1.87327
1.88093
1.88858
1.89583
1.90304
1.91058
1.91848
1.92645
1.93405
1.94089
1.94674
1.95158
1.95558
1.95899
1.96207
1.96501
1.96782
1.97045
1.97271
1.97444
1.9755
1.97582
1.97541
1.97432
1.97268
1.97061
1.96824
1.96564
1.96282
1.9597
1.95613
1.95187
1.94666
1.94032
1.93282
1.92445
1.91593
1.9084
1.90327
1.90184
1.90473
1.91159
1.92119
1.93186
1.94203
1.95054
1.95674
1.96044
1.96176
1.96117
1.95932
1.95705
1.95523
1.95456
1.95536
1.95754
1.96069
1.96424
1.9677
1.97069
1.973
1.97455
1.97531
1.97531
1.97457
1.97316
1.97118
1.96875
1.96606
1.96329
1.96059
1.95804
1.95561
1.95319
1.95063
1.94783
1.94479
1.94168
1.93885
1.93677
1.93592
1.93667
1.93913
1.94311
1.94806
1.95323
1.95769
1.96051
1.96075
1.9576
1.95057
1.93977
1.9264
1.91287
1.9024
1.89773
1.89988
1.90787
1.91961
1.93286
1.94579
1.9571
1.96605
1.97236
1.97612
1.97766
1.9774
1.97579
1.97324
1.97009
1.96663
1.9631
1.95971
1.95666
1.95414
1.9523
1.95122
1.95095
1.95144
1.95264
1.95446
1.95678
1.95951
1.96254
1.96574
1.96898
1.97216
1.97517
1.9779
1.98031
1.98237
1.98405
1.98536
1.98632
1.98693
1.98718
1.98704
1.98646
1.98537
1.98369
1.98133
1.97822
1.97434
1.96978
1.96471
1.95943
1.95429
1.94962
1.94558
1.94211
1.93896
1.93587
1.93274
1.92976
1.92744
1.92645
1.92735
1.93044
1.93559
1.94233
1.95001
1.95792
1.96543
1.9721
1.97765
1.98198
1.98508
1.98706
1.98804
1.9882
1.98769
1.98664
1.98511
1.98306
1.98035
1.9768
1.97223
1.96662
1.96028
1.95386
1.94823
1.9441
1.94161
1.94008
1.93835
1.93528
1.93027
1.92345
1.91575
1.90882
1.90498
1.90653
1.91441
1.92736
1.94258
1.9573
1.9698
1.97945
1.98617
1.98998
1.99086
1.98868
1.98346
1.97564
1.96643
1.95784
1.95212
1.95067
1.95314
1.95772
1.96226
1.96533
1.9666
1.96654
1.96602
1.96582
1.96639
1.96777
1.96969
1.97182
1.97382
1.97552
1.97687
1.9779
1.97874
1.97951
1.9803
1.9812
1.9822
1.98328
1.98438
1.98544
1.98638
1.98719
1.98784
1.98835
1.98872
1.98894
1.98897
1.98867
1.98785
1.98622
1.98345
1.97922
1.97329
1.96563
1.95652
1.94667
1.9372
1.92947
1.92474
1.92369
1.92617
1.93123
1.93751
1.94374
1.94908
1.9531
1.95573
1.95709
1.95743
1.95708
1.95649
1.95614
1.95645
1.95768
1.95978
1.96242
1.96507
1.96714
1.96808
1.96754
1.96536
1.9616
1.95664
1.95114
1.94593
1.94188
1.93957
1.93912
1.94021
1.94225
1.94467
1.94704
1.94911
1.95077
1.95195
1.95262
1.95279
1.95248
1.95179
1.9509
1.94998
1.94919
1.94857
1.94807
1.94752
1.94673
1.94551
1.94381
1.94171
1.93942
1.93725
1.93556
1.93462
1.93458
1.9354
1.93686
1.93861
1.94025
1.94139
1.94176
1.94125
1.93998
1.93823
1.93637
1.93471
1.93345
1.93259
1.93202
1.93168
1.93158
1.93189
1.93281
1.93447
1.93681
1.93958
1.94238
1.9448
1.94647
1.94716
1.94668
1.94493
1.94178
1.93706
1.93062
1.92236
1.9124
1.90124
1.88984
1.8796
1.87206
1.86845
1.86925
1.87399
1.88144
1.89006
1.89844
1.90563
1.91118
1.91508
1.9176
1.91913
1.92007
1.92074
1.92139
1.92213
1.92296
1.92381
1.9245
1.92485
1.92466
1.92377
1.92209
1.91957
1.91623
1.91218
1.90751
1.90239
1.89699
1.8915
1.88612
1.88109
1.87668
1.87313
1.87066
1.86936
1.86925
1.87025
1.8722
1.87492
1.87818
1.8817
1.88523
1.88852
1.89143
1.89386
1.89579
1.89723
1.89824
1.89887
1.89917
1.89919
1.89897
1.89855
1.89792
1.89713
1.89616
1.89504
1.89375
1.8923
1.89067
1.88887
1.8869
1.88476
1.88247
1.88008
1.87766
1.87527
1.87299
1.87086
1.86889
1.86702
1.86519
1.86338
1.86166
1.86023
1.85939
1.85946
1.86064
1.86289
1.86598
1.8695
1.87307
1.87635
1.87914
1.88136
1.88296
1.88396
1.88433
1.88403
1.883
1.88119
1.87861
1.87541
1.87195
1.86877
1.86655
1.86587
1.86702
1.86984
1.87379
1.87818
1.88238
1.88598
1.88881
1.89093
1.89248
1.89367
1.89468
1.89566
1.89668
1.89775
1.89884
1.89991
1.90093
1.90191
1.90287
1.90386
1.9049
1.90603
1.90725
1.9085
1.90973
1.91084
1.91174
1.91234
1.91259
1.91244
1.91189
1.91101
1.90988
1.90864
1.90748
1.90659
1.90613
1.90621
1.90686
1.90799
1.90943
1.91096
1.91231
1.91319
1.91332
1.91238
1.90999
1.90574
1.89932
1.89072
1.88063
1.87082
1.86389
1.86222
1.86652
1.87529
1.88581
1.89566
1.90345
1.90879
1.91193
1.91333
1.9135
1.91289
1.91185
1.91066
1.90951
1.90855
1.90785
1.90746
1.90736
1.90755
1.90796
1.90857
1.9093
1.91012
1.91097
1.9118
1.91253
1.91311
1.91344
1.91342
1.91296
1.91194
1.91027
1.90785
1.90464
1.90068
1.89608
1.89112
1.88618
1.88177
1.87841
1.87652
1.87632
1.87778
1.88068
1.88465
1.88927
1.89417
1.89901
1.90355
1.90759
1.91102
1.91376
1.91578
1.9171
1.91775
1.91778
1.91728
1.91633
1.91505
1.91357
1.91207
1.9107
1.90964
1.90903
1.90895
1.90945
1.9105
1.91204
1.91396
1.91614
1.9185
1.92092
1.92335
1.92571
1.92795
1.93004
1.93193
1.93358
1.93496
1.93604
1.93678
1.93715
1.93707
1.93646
1.93517
1.93299
1.92965
1.92481
1.9182
1.90967
1.8994
1.88808
1.87704
1.868
1.86264
1.86188
1.86554
1.87254
1.88133
1.89037
1.89827
1.90383
1.9062
1.90518
1.90172
1.89808
1.89722
1.90123
1.90997
1.92122
1.93218
1.9408
1.94619
1.94827
1.94735
1.94384
1.93809
1.93044
1.92123
1.91086
1.89983
1.88866
1.87788
1.86795
1.85925
1.85232
1.84792
1.84697
1.85013
1.85719
1.86686
1.87722
1.88645
1.89344
1.89793
1.90038
1.90157
1.90231
1.90324
1.90466
1.90665
1.90902
1.91154
1.91388
1.91577
1.91696
1.91724
1.91644
1.91447
1.91127
1.90689
1.90145
1.89524
1.88865
1.88223
1.8766
1.87235
1.86992
1.86945
1.87077
1.87343
1.87685
1.88047
1.88385
1.88673
1.889
1.89068
1.89188
1.89273
1.89339
1.894
1.89467
1.89547
1.89643
1.89756
1.89888
1.90036
1.90199
1.90374
1.90553
1.9073
1.90897
1.91044
1.91166
1.91255
1.91308
1.91324
1.91301
1.91241
1.91146
1.91019
1.90864
1.90686
1.90489
1.9028
1.90065
1.89848
1.89638
1.89441
1.89262
1.89103
1.88955
1.88793
1.88565
1.88195
1.87587
1.86666
1.85456
1.84184
1.83305
1.83302
1.84321
1.86036
1.87915
1.89556
1.90795
1.91636
1.92153
1.92428
1.92527
1.92499
1.92374
1.92173
1.91909
1.91593
1.91238
1.90863
1.90492
1.90155
1.89885
1.89707
1.89631
1.89647
1.89728
1.89835
1.89927
1.89965
1.8992
1.8977
1.89497
1.89085
1.88525
1.87826
1.87038
1.86271
1.857
1.85508
1.85802
1.86538
1.87549
1.88626
1.89608
1.90408
1.91005
1.91415
1.91665
1.91786
1.91806
1.91741
1.91608
1.91413
1.91163
1.90859
1.90503
1.90094
1.8963
1.89106
1.88514
1.87843
1.87079
1.86219
1.85274
1.84287
1.83335
1.82517
1.81925
1.81613
1.81582
1.81796
1.82202
1.82751
1.83396
1.84094
1.84807
1.85504
1.86163
1.86768
1.87311
1.87789
1.88198
1.88541
1.8882
1.89036
1.89195
1.89297
1.89345
1.89337
1.8927
1.89139
1.88939
1.88666
1.88324
1.87924
1.87491
1.87059
1.86663
1.86323
1.86027
1.85724
1.8533
1.84749
1.83903
1.82772
1.81429
1.80054
1.78899
1.78189
1.78016
1.78317
1.78957
1.79841
1.80947
1.82261
1.83714
1.85169
1.86482
1.87557
1.88365
1.88919
1.8926
1.8943
1.89469
1.89405
1.89259
1.89042
1.88764
1.88429
1.88046
1.87621
1.87168
1.86702
1.86242
1.85799
1.85378
1.84974
1.84573
1.84158
1.83728
1.83299
1.82919
1.8265
1.82555
1.82669
1.82982
1.83446
1.83994
1.84561
1.85101
1.85589
1.86017
1.86388
1.8671
1.86995
1.87251
1.87486
1.87707
1.87917
1.88119
1.88315
1.88503
1.88682
1.88844
1.88983
1.89083
1.89124
1.89075
1.88889
1.88503
1.87837
1.86814
1.85411
1.83756
1.82213
1.81313
1.81443
1.82521
1.84068
1.85567
1.86721
1.87457
1.87832
1.87942
