1.35531
1.37761
1.39604
1.40779
1.41034
1.40237
1.38413
1.3573
1.32485
1.29027
1.2573
1.22955
1.21004
1.20082
1.20257
1.21444
1.23423
1.25905
1.28579
1.31161
1.33416
1.35173
1.36328
1.36847
1.36764
1.36167
1.35165
1.33862
1.32345
1.30686
1.28979
1.27351
1.25964
1.24951
1.24376
1.242
1.24287
1.2445
1.2448
1.24203
1.23546
1.22592
1.21568
1.20782
1.20496
1.20832
1.21739
1.23066
1.24671
1.26526
1.28724
1.31324
1.3418
1.36906
1.39045
1.40232
1.40277
1.39188
1.37137
1.34425
1.31426
1.28535
1.261
1.24379
1.23505
1.23485
1.24215
1.25513
1.27154
1.28905
1.3059
1.3213
1.33527
1.34755
1.35692
1.36117
1.35835
1.34765
1.33006
1.30794
1.28428
1.26173
1.24185
1.22513
1.21164
1.20177
1.19639
1.1966
1.20298
1.21497
1.23069
1.24725
1.26166
1.27186
1.27782
1.28158
1.28581
1.2922
1.30078
1.3107
1.32126
1.33214
1.34319
1.35422
1.36478
1.37435
1.38222
1.38751
1.38935
1.38726
1.38155
1.37309
1.36281
1.35124
1.33859
1.3252
1.31166
1.29862
1.28651
1.27565
1.26621
1.25838
1.25232
1.24787
1.24436
1.24146
1.23979
1.24072
1.24524
1.25272
1.26065
1.26551
1.26431
1.25554
1.23981
1.21972
1.19941
1.18344
1.17555
1.17763
1.1898
1.21089
1.23913
1.27217
1.30706
1.34005
1.36698
1.38404
1.38866
1.38029
1.36075
1.33397
1.3049
1.27839
1.25794
1.2456
1.24192
1.24587
1.25475
1.26468
1.27166
1.27303
1.26841
1.25968
1.25049
1.24506
1.24684
1.25721
1.27482
1.29597
1.31624
1.33216
1.34216
1.34654
1.34687
1.34534
1.34408
1.34444
1.34696
1.35176
1.35863
1.36733
1.37733
1.3876
1.3964
1.40163
1.40127
1.39395
1.37898
1.35603
1.32573
1.29044
1.25479
1.22466
1.2049
1.19763
1.20227
1.21648
1.23707
1.26072
1.28474
1.30735
1.32727
1.34336
1.35426
1.35892
1.35697
1.34904
1.3366
1.32155
1.30573
1.29029
1.27576
1.26235
1.25033
1.24045
1.23427
1.23391
1.24141
1.25763
1.28141
1.30938
1.33695
1.35961
1.37414
1.37908
1.37442
1.36089
1.33952
1.31138
1.27789
1.24143
1.20555
1.1746
1.15273
1.14279
1.14592
1.16169
1.1883
1.22275
1.2611
1.29895
1.33241
1.3588
1.37694
1.387
1.39043
1.38927
1.38562
1.38129
1.37731
1.37382
1.3699
1.36418
1.35582
1.34509
1.33378
1.32459
1.32014
1.32202
1.33029
1.34332
1.35803
1.37042
1.37633
1.37245
1.35731
1.332
1.30042
1.26867
1.24298
1.22724
1.22151
1.22271
1.22661
1.22979
1.23046
1.22843
1.22443
1.21936
1.21399
1.20902
1.20559
1.20521
1.20911
1.21744
1.22931
1.24342
1.25875
1.27489
1.29147
1.30736
1.32039
1.32806
1.32913
1.32508
1.31946
1.31588
1.31616
1.32001
1.3258
1.33127
1.33427
1.33326
1.32823
1.32111
1.3154
1.31496
1.32262
1.33915
1.3631
1.39108
1.41821
1.43909
1.44895
1.44465
1.42576
1.39468
1.35615
1.31607
1.27977
1.25079
1.23043
1.21846
1.2146
1.21954
1.23471
1.26028
1.29346
1.32866
1.35955
1.38109
1.39011
1.3857
1.36881
1.34188
1.30838
1.27188
1.23557
1.20212
1.1741
1.15422
1.14527
1.14913
1.16592
1.1935
1.22806
1.26546
1.30187
1.33429
1.36061
1.37969
1.39129
1.39575
1.39367
1.38549
1.37122
1.35065
1.32395
1.29227
1.25816
1.22558
1.19853
1.17935
1.1681
1.16303
1.16208
1.16448
1.17097
1.18327
1.20276
1.22937
1.2612
1.29492
1.32661
1.35256
1.37021
1.37849
1.37787
1.37004
1.35749
1.34315
1.32974
1.31919
1.31209
1.30746
1.30326
1.29745
1.28937
1.28056
1.27452
1.27536
1.28605
1.3071
1.33649
1.37043
1.40441
1.43366
1.45364
1.46058
1.45249
1.43015
1.39739
1.35978
1.322
1.28597
1.25113
1.21609
1.18034
1.14503
1.11301
1.08818
1.07423
1.07371
1.08735
1.11417
1.15162
1.19601
1.24307
1.28873
1.3295
1.36297
1.38782
1.40389
1.41217
1.41445
1.41307
1.41036
1.40779
1.4054
1.40174
1.39471
1.38259
1.36505
1.34328
1.31959
1.29686
1.27758
1.2632
1.25401
1.24923
1.24754
1.2476
1.24873
1.25113
1.25588
1.26393
1.27554
1.28998
1.30624
1.323
1.33848
1.35047
1.35715
1.35817
1.35472
1.34876
1.34182
1.3346
1.3271
1.3191
1.31052
1.30161
1.29296
1.28565
1.28091
1.27972
1.28213
1.28691
1.29157
1.29312
1.28895
1.27766
1.25951
1.2366
1.21229
1.19039
1.17392
1.16399
1.15971
1.15914
1.16064
1.1637
1.16899
1.17775
1.19121
1.21048
1.23665
1.27024
1.31004
1.35204
1.39036
1.41923
1.43456
1.43455
1.41952
1.39195
1.35623
1.31829
1.28449
1.25994
1.24704
1.24539
1.25261
1.26588
1.28267
1.30076
1.31821
1.33333
1.34497
1.35279
1.35738
1.35976
1.36086
1.36109
1.36024
1.35789
1.35431
1.35053
1.34787
1.34708
1.34793
1.34967
1.35131
1.35172
1.34967
1.34408
1.33432
1.32068
1.30428
1.28693
1.27074
1.25745
1.24807
1.24263
1.2403
1.24002
1.24057
1.24092
1.2405
1.23932
1.23809
1.23781
1.23925
1.24262
1.24758
1.25356
1.25999
1.26655
1.2732
1.28014
1.28781
1.29663
1.30688
1.31793
1.32813
1.3349
1.33589
1.32993
1.31792
1.3025
1.28652
1.27161
1.25784
1.24494
1.2336
1.22586
1.22409
1.2295
1.24111
1.25574
1.2694
1.27884
1.28274
1.28241
1.28133
1.28391
1.29334
1.30952
1.32869
1.34545
1.3554
1.35668
1.35035
1.33967
1.32856
1.32001
1.31494
1.31206
1.30875
1.30262
1.29272
1.2799
1.2664
1.25496
1.24805
1.24699
1.2516
1.26052
1.27181
1.28364
1.2948
1.30514
1.31516
1.32485
1.33312
1.33806
1.33786
1.33134
1.31811
1.29841
1.27339
1.24582
1.22124
1.20788
1.21413
1.24332
1.29046
1.34418
1.39243
1.42686
1.44397
1.44409
1.42989
1.40589
1.37745
1.34971
1.32641
1.30982
1.30094
1.2996
1.30444
1.31291
1.32159
1.32686
1.32555
1.31563
1.29691
1.2713
1.24246
1.21489
1.19283
1.17912
1.17482
1.17922
1.19021
1.20483
1.21991
1.23264
1.24101
1.24401
1.24194
1.2361
1.22877
1.22261
1.2202
1.22345
1.233
1.24762
1.26458
1.2812
1.29654
1.31151
1.3278
1.34633
1.36645
1.3863
1.40342
1.41549
1.42095
1.41966
1.41302
1.40377
1.39509
1.38937
1.38733
1.38789
1.38867
1.38692
1.38025
1.36711
1.34738
1.32246
1.29543
1.27039
1.25153
1.24226
1.24431
1.25736
1.27896
1.305
1.33052
1.3511
1.36359
1.36664
1.36075
1.34772
1.32995
1.30975
1.28887
1.26861
1.25007
1.23452
1.2235
1.2185
1.22038
1.22884
1.24217
1.25776
1.27274
1.28461
1.29211
1.29533
1.29539
1.29383
1.29219
1.29196
1.29423
1.29957
1.30758
1.31694
1.32553
1.33103
1.3314
1.32573
1.31468
1.30021
1.28472
1.2697
1.25539
1.24176
1.22973
1.2217
1.221
1.23026
1.24996
1.27767
1.30878
1.33772
1.35949
1.37074
1.37031
1.3594
1.34135
1.32105
1.30413
1.29553
1.29767
1.30976
1.32861
1.35007
1.37025
1.38639
1.3969
1.40145
1.40044
1.39464
1.38485
1.3718
1.35624
1.33911
1.32127
1.30316
1.28447
1.26416
1.24137
1.21616
1.19019
1.16665
1.14954
1.14259
1.14825
1.16679
1.19616
1.23233
1.2702
1.30464
1.33159
1.34866
1.35534
1.35267
1.34254
1.32727
1.30927
1.29095
1.2746
1.26217
1.2549
1.25289
1.25546
1.26152
1.27005
1.28048
1.29229
1.30476
1.31661
1.32611
1.33146
1.33147
1.32584
1.31529
1.30108
1.28439
1.26565
1.24476
1.22163
1.19685
1.17222
1.15068
1.13608
1.13241
1.14296
1.16912
1.20972
1.26092
1.31689
1.37088
1.41644
1.44863
1.4649
1.46546
1.45331
1.43363
1.41278
1.39669
1.3893
1.39154
1.40159
1.41585
1.4304
1.44211
1.44903
1.45033
1.44606
1.4371
1.42481
1.41029
1.39349
1.37319
1.348
1.31735
1.28177
1.24295
1.20402
1.16925
1.14277
1.12729
1.12332
1.129
1.14029
1.15182
1.15858
1.15754
1.14879
1.13566
1.12388
1.1196
1.12696
1.14677
1.17699
1.2138
1.25284
1.29003
1.3218
1.34555
1.35996
1.36534
1.36375
1.35829
1.35171
1.34527
1.33881
1.33213
1.32615
1.32268
1.32321
1.32797
1.33548
1.34321
1.34871
1.35056
1.34869
1.34393
1.33722
1.32906
1.31956
1.30901
1.29842
1.28974
1.28549
1.28812
1.29897
1.31785
1.34295
1.37117
1.3988
1.4223
1.4391
1.44778
1.44841
1.44199
1.42983
1.41299
1.39191
1.36669
1.33764
1.30594
1.27399
1.24484
1.22115
1.20449
1.19505
1.19172
1.19278
1.19687
1.20384
1.21436
1.22864
1.24494
1.25936
1.26726
1.265
1.25132
1.22777
1.19825
1.16789
1.14203
1.12514
1.12022
1.12795
1.14692
1.17392
1.20499
1.23628
1.26494
1.28952
1.31033
1.32911
1.34822
1.369
1.39067
1.41044
1.42509
1.43272
1.4333
1.4279
1.41777
1.40375
1.38649
1.36654
1.34464
1.32178
1.29903
1.27807
1.26124
1.25141
1.25124
1.26227
1.28364
1.3117
1.34122
1.36711
1.38548
1.39394
1.39124
1.37729
1.35349
1.32286
1.2897
1.25871
1.23414
1.21917
1.21551
1.22293
1.23924
1.26053
1.28225
1.30056
1.31306
1.31905
1.319
1.31398
1.305
1.29293
1.27896
1.26486
1.25281
1.24509
1.24348
1.24884
1.26086
1.27832
1.29963
1.32323
1.34778
1.3717
1.39316
1.40999
1.42019
1.42227
1.41527
1.39872
1.37267
1.33807
1.29727
1.25413
1.21337
1.17979
1.1572
1.14764
1.15117
1.16614
1.18969
1.21823
1.24803
1.27566
1.29842
1.31475
1.32443
1.32843
1.32831
1.32571
1.32173
1.3169
1.31125
1.30463
1.29694
1.28876
1.2814
1.27646
1.27541
1.27884
1.2863
1.29619
1.30633
1.31466
1.31993
1.32196
1.32122
1.31786
1.31146
1.30113
1.28646
1.26789
1.24689
1.22554
1.20608
1.19053
1.18005
1.1751
1.17578
1.18255
1.19662
1.21939
1.25087
1.28837
1.32706
1.36168
1.38841
1.40562
1.41348
1.4135
1.40766
1.39771
1.38476
1.36937
1.35189
1.3327
1.31205
1.29
1.26664
1.24282
1.22035
1.2015
1.18809
1.18102
1.18045
1.18633
1.19875
1.21767
1.24248
1.27167
1.30306
1.3344
1.36393
1.3906
1.41389
1.43321
1.44732
1.45453
1.4535
1.44418
1.42786
1.40653
1.38178
1.3545
1.32537
1.2958
1.26824
1.24589
1.23157
1.22709
1.23304
1.24877
1.27251
1.30152
1.33261
1.36247
1.38792
1.40589
1.4139
1.4104
1.39523
1.36973
1.33654
1.29926
1.26202
1.22933
1.20558
1.19397
1.19531
1.20745
1.2261
1.24684
1.26661
1.28384
1.29762
1.307
1.31102
1.30953
1.30311
1.29242
1.27769
1.25888
1.23704
1.21553
1.19971
1.19438
1.20096
1.21629
1.23457
1.25026
1.26027
1.26486
1.2676
1.27362
1.28678
1.30688
1.32944
1.34825
1.3583
1.35776
1.34858
1.3353
1.32293
1.31507
1.31351
1.31868
1.3302
1.34685
1.36638
1.3858
1.40184
1.41174
1.41369
1.40712
1.39303
1.37376
1.35256
1.3329
1.31734
1.3073
1.30294
1.30337
1.30676
1.31074
1.31274
1.31055
1.30302
1.2904
1.27442
1.25779
1.24357
1.23426
1.23097
1.23328
1.23988
1.24971
1.26255
1.27807
1.29526
1.31246
1.32812
1.34104
1.35
1.35361
1.3506
1.34052
1.32443
1.30501
1.28614
1.27177
1.26466
1.26544
1.27243
1.28236
1.29146
1.2967
1.29666
1.29159
1.28301
1.27314
1.26476
1.2608
1.26382
1.27448
1.29037
1.30625
1.31628
1.31672
1.30756
1.29263
1.27791
1.26886
1.26839
1.27625
1.28981
1.30532
1.31931
1.32934
1.33441
1.33508
1.3331
1.33076
1.33013
1.33227
1.33694
1.34253
1.34633
1.34537
1.33715
1.32053
1.29611
1.26635
1.23513
1.20723
1.18745
1.17957
1.18531
1.20392
1.23241
1.26656
1.30196
1.335
1.36292
1.3838
1.39624
1.39939
1.39304
1.37788
1.35563
1.32901
1.30133
1.27564
1.25411
1.23762
1.22605
1.21849
1.21358
1.20985
1.20635
1.20271
1.19941
1.19778
1.19969
1.20674
1.21992
1.23897
1.26222
1.28666
1.30864
1.32479
1.33281
1.33177
1.32236
1.30692
1.28899
1.27263
1.26125
1.25701
1.26031
1.26981
1.2829
1.29642
1.30734
1.31366
1.31509
1.31346
1.31217
1.31469
1.3228
1.33561
1.35012
1.36272
1.37044
1.37176
1.36686
1.35735
1.34601
1.33594
1.32952
1.32763
1.32953
1.33342
1.3373
1.33946
1.33889
1.33543
1.32989
1.3239
1.31942
1.31794
1.31975
1.32354
1.32696
1.32737
1.32279
1.31236
1.29643
1.27653
1.25511
1.23501
1.21895
1.20871
1.20476
1.20603
1.21028
1.21512
1.21904
1.22194
1.22508
1.2304
1.23927
1.2518
1.26667
1.28142
1.29299
1.29866
1.29693
1.28835
1.27563
1.26277
1.25365
1.25071
1.25467
1.26485
1.27984
1.29797
1.31747
1.3366
1.35354
1.36685
1.37571
1.38028
1.38162
1.38122
1.38029
1.37943
1.37862
1.37741
1.37494
1.36974
1.35976
1.34304
1.31875
1.2878
1.25302
1.21874
1.19007
1.17162
1.16605
1.17306
1.18983
1.21207
1.2355
1.25672
1.27345
1.28476
1.29101
1.29353
1.29391
1.29369
1.29441
1.29768
1.30496
1.31697
1.33293
1.35034
1.36539
1.374
1.3731
1.36171
1.34159
1.31735
1.29528
1.28089
1.27681
1.28186
1.29204
1.30265
1.30973
1.31062
1.30436
1.29208
1.27761
1.26675
1.26524
1.2763
1.29918
1.3297
1.36229
1.39177
1.41444
1.42834
1.43352
1.43222
1.4281
1.4243
1.42117
1.41629
1.40677
1.39118
1.37003
1.34497
1.31792
1.29057
1.2645
1.24104
1.22133
1.20598
1.19481
1.18692
1.18091
1.17571
1.17119
1.16833
1.16826
1.17108
1.17525
1.17874
1.18036
1.18051
1.18128
1.18577
1.19716
1.21782
1.24825
1.28632
1.32731
1.36523
1.39448
1.41111
1.41367
1.40352
1.38477
1.36239
1.34006
1.31952
1.30199
1.28958
1.28496
1.28986
1.3039
1.32411
1.34569
1.36346
1.37344
1.374
1.36603
1.35238
1.33682
1.32289
1.31318
1.30884
1.30929
1.31249
1.31547
1.31527
1.30989
1.29895
1.28404
1.26827
1.2554
1.24867
1.24993
1.25935
1.27567
1.29656
1.31905
1.33981
1.35575
1.36463
1.36528
1.35771
1.34302
1.32326
1.30179
1.28329
1.2728
1.27354
1.28515
1.30354
1.3231
1.33824
1.3447
1.33991
1.32327
1.29644
1.26344
1.22999
1.20233
1.18534
1.18091
1.18763
1.20198
1.21983
1.23773
1.25377
1.2676
1.27997
1.29187
1.30404
1.31669
1.32944
1.3411
1.34941
1.35223
1.34918
1.34248
1.33593
1.33337
1.33651
1.34417
1.35283
1.3587
1.35939
1.35478
1.34652
1.33733
1.33016
1.32714
1.32943
1.33691
1.34841
1.36183
1.37423
1.3824
1.38355
1.37612
1.36029
1.33792
1.31187
1.28495
1.259
1.23487
1.21308
1.19496
1.18303
1.18022
1.18799
1.205
1.22734
1.2504
1.2708
1.2872
1.29999
1.3103
1.31946
1.32867
1.33857
1.34872
1.35733
1.36185
1.36002
1.35071
1.33454
1.31382
1.29178
1.27206
1.25765
1.25018
1.24935
1.25305
1.25806
1.26128
1.2606
1.25526
1.24571
1.23332
1.22046
1.21005
1.20506
1.2073
1.21676
1.23154
1.2489
1.26637
1.28228
1.29605
1.30805
1.31933
1.33152
1.34624
1.36459
1.38647
1.41028
1.43333
1.45217
1.46335
1.4642
1.45368
1.4328
1.40476
1.37442
1.34715
1.32697
1.31526
1.31042
1.30865
1.30567
1.29848
1.28617
1.26979
1.25175
1.23515
1.22311
1.21803
1.22097
1.23138
1.24711
1.26516
1.28264
1.29736
1.3079
1.31352
1.31409
1.3101
1.30265
1.29337
1.28406
1.27619
1.27067
1.2678
1.26763
1.27031
1.27607
1.28479
1.29554
1.30655
1.31543
1.3197
1.31716
1.3066
1.2883
1.26428
1.23816
1.2146
1.19786
1.1905
1.19296
1.20417
1.22233
1.24533
1.27052
1.29468
1.31442
1.32689
1.33049
1.32507
1.31207
1.29426
1.27511
1.25834
1.2475
1.24551
1.25414
1.27325
1.30033
1.33163
1.36326
1.39189
1.41477
1.42955
1.43458
1.42946
1.41515
1.39399
1.36916
1.34399
1.32109
1.30226
1.28813
1.27848
1.27266
1.26985
1.26943
1.27097
1.27377
1.27649
1.27733
1.27482
1.26899
1.26177
1.25609
1.25421
1.25681
1.26302
1.27139
1.28065
1.28993
1.29863
1.30615
1.31156
1.31369
1.31141
1.30434
1.29346
1.28129
1.27143
1.26741
1.27103
1.28104
1.29336
1.30257
1.30415
1.29615
1.28021
1.26078
1.24392
1.23503
1.23684
1.24837
1.26549
1.28298
1.29669
1.30485
1.30776
1.30668
1.30289
1.29746
1.29139
1.28572
1.28129
1.27846
1.27694
1.27598
1.27466
1.27205
1.26761
1.26152
1.25523
1.25128
1.25226
1.25985
1.27393
1.29236
1.31157
1.32789
1.3391
1.34461
1.3451
1.34181
1.33612
1.32925
1.32233
1.31606
1.3109
1.30715
1.30528
1.3057
1.30871
1.31402
1.32085
1.3283
1.33567
1.34246
1.34814
1.35196
1.35305
1.35108
1.34672
1.34167
1.33778
1.33549
1.33308
1.32773
1.31732
1.30186
1.28383
1.26717
1.25587
1.25238
1.25673
1.26684
1.27963
1.29271
1.30506
1.31719
1.33017
1.34481
1.36098
1.37714
1.3907
1.39856
1.39782
1.38681
1.3657
1.33667
1.3033
1.26951
1.23867
1.21315
1.19453
1.1837
1.18093
1.18568
1.19679
1.2126
1.23113
1.25025
1.26789
1.28264
1.29409
1.30285
1.31004
1.31647
1.32225
1.32654
1.32813
1.32598
1.31986
1.31038
1.29907
1.28776
1.2779
1.26993
1.26295
1.25544
1.24641
1.23601
1.22605
1.21948
1.21944
1.2285
1.24776
1.27649
1.31182
1.34923
1.38342
1.40983
1.42586
1.43125
1.42742
1.416
1.39796
1.3744
1.34728
1.31931
1.29301
1.2703
1.25272
1.24254
1.24212
1.25236
1.27148
1.29499
1.31714
1.33285
1.33932
1.33706
1.32918
1.31987
1.3126
1.30888
1.30845
1.31023
1.31294
1.3155
1.31712
1.31714
1.31482
1.30934
1.30025
1.28785
1.27357
1.25984
1.24954
1.24425
1.24342
1.24499
1.24772
1.25284
1.2631
1.27993
1.30201
1.32573
1.34703
1.3627
1.37108
1.37188
1.36582
1.35452
1.3403
1.326
1.31466
1.30846
1.30794
1.31156
1.31623
1.31844
1.31546
1.30629
1.29188
1.27474
1.25818
1.24558
1.23964
1.24187
1.25201
1.26822
1.28779
1.30808
1.32686
1.34228
1.35284
1.35721
1.35413
1.34273
1.32288
1.29601
1.26533
1.23573
1.21264
1.20047
1.20129
1.21439
1.23663
1.26363
1.29099
1.31494
1.33287
1.34339
1.34616
1.34155
1.33052
1.31468
1.29641
1.27895
1.26573
1.25915
1.25999
1.2676
1.28081
1.29824
1.318
1.33754
1.35451
1.36719
1.37478
1.37696
1.37372
1.36537
1.35261
1.33665
1.31891
1.30099
1.28446
1.27103
1.26284
1.26235
1.27152
1.29057
1.31693
1.34546
1.36989
1.38455
1.38572
1.37241
1.34644
1.31161
1.27284
1.23506
1.20241
1.17756
1.16218
1.15734
1.16379
1.18166
1.20975
1.24459
1.28055
1.31135
1.33193
1.34023
1.33734
1.3268
1.31331
1.30132
1.29435
1.29444
1.30188
1.31552
1.33354
1.35375
1.37388
1.39139
1.40384
1.40894
1.40493
1.39083
1.36714
1.33649
1.3034
1.27337
1.25167
1.24204
1.24595
1.2621
1.28636
1.3131
1.33665
1.35266
1.35905
1.35586
1.34499
1.32946
1.31231
1.29609
1.28204
1.27007
1.25893
1.24723
1.23418
1.22005
1.20608
1.19476
1.18988
1.19513
1.21161
1.23665
1.26564
1.29413
1.31859
1.33644
1.34598
1.34661
1.33934
1.32652
1.31101
1.29505
1.27942
1.26366
1.24728
1.23075
1.21599
1.20586
1.20322
1.20989
1.22603
1.25002
1.27903
1.30972
1.33896
1.36452
1.38528
1.40093
1.4115
1.41694
1.41709
1.4119
1.40172
1.38754
1.37069
1.35291
1.33619
1.32239
1.31284
1.30802
1.30754
1.31073
1.31703
1.32579
1.33596
1.34592
1.35357
1.35679
1.35391
1.34412
1.32712
1.303
1.27223
1.23582
1.19578
1.15554
1.12021
1.09603
1.08887
1.10184
1.13367
1.17886
1.22963
1.27817
1.31842
1.34673
1.36183
1.36423
1.35553
1.33776
1.31297
1.28394
1.25469
1.23048
1.21675
1.21726
1.23303
1.26221
1.30058
1.34246
1.38166
1.41235
1.43016
1.43318
1.42229
1.40062
1.37235
1.3417
1.31226
1.2866
1.26622
1.25191
1.2442
1.24386
1.25184
1.26866
1.29352
1.32393
1.35604
1.38548
1.40839
1.4219
1.42437
1.41527
1.39487
1.36432
1.32582
1.28291
1.24061
1.20469
1.18046
1.17147
1.17827
1.19837
1.22698
1.25843
1.28766
1.31149
1.32875
1.33967
1.34518
1.34651
1.34485
1.34115
1.3363
1.33126
1.32704
1.32403
1.32139
1.31745
1.31098
1.30214
1.29263
1.28495
1.28142
1.28303
1.28858
1.29489
1.29777
1.2937
1.28096
1.26031
1.23475
1.20861
1.1863
1.17142
1.16607
1.17072
1.18454
1.20578
1.23188
1.25991
1.28687
1.31008
1.32736
1.33721
1.3391
1.33354
1.32215
1.3075
1.29324
1.28339
1.28165
1.29011
1.30837
1.33368
1.36226
1.39025
1.41429
1.4314
1.43899
1.4354
1.42061
1.39621
1.36527
1.33165
1.2992
1.27147
1.2513
1.24042
1.23899
1.24561
1.25755
1.27148
1.28441
1.29419
1.29981
1.30141
1.29967
1.29526
1.28886
1.2811
1.27308
1.26642
1.26316
1.26485
1.27171
1.28186
1.29203
1.29918
1.302
1.30116
1.29806
1.29341
1.28666
1.27673
1.26309
1.24647
1.2288
1.2128
1.20119
1.19606
1.19865
1.2095
1.22852
1.25503
1.28768
1.32479
1.36454
1.40457
1.44161
1.47142
1.48976
1.49358
1.48175
1.45524
1.41697
1.37138
1.32383
1.27943
1.24193
1.21322
1.19374
1.18336
1.18199
1.18961
1.20615
1.23076
1.26155
1.29552
1.32909
1.35867
1.38135
1.39518
1.39932
1.39382
1.37939
1.35753
1.33088
1.30343
1.28022
1.26567
1.26188
1.26759
1.27871
1.28983
1.29618
1.29549
1.28919
1.28117
1.27446
1.26859
1.26088
1.24965
1.23582
1.22194
1.21021
1.20109
1.19341
1.18542
1.1766
1.16824
1.16321
1.16474
1.17509
1.19443
1.22081
1.25113
1.28205
1.31059
1.33439
1.3519
1.36265
1.3675
1.36849
1.36835
1.36947
1.37287
1.37776
1.38212
1.38368
1.38094
1.37347
1.36217
1.34882
1.33546
1.32362
1.31379
1.30596
1.30033
1.29762
1.29851
1.30281
1.30913
1.31548
1.32019
1.32265
1.3235
1.3239
1.32446
1.32452
1.32252
1.3171
1.30837
1.29819
1.28944
1.28449
1.28376
1.2856
1.28709
1.28559
1.28005
1.27139
1.26198
1.25441
1.25039
1.25035
1.25354
1.25847
1.26319
1.26555
1.26357
1.25608
1.24296
1.22533
1.20517
1.1851
1.16785
1.15614
1.1527
1.15992
1.17905
1.20933
1.24741
1.28808
1.32574
1.35614
1.37761
1.39112
1.39905
1.40365
1.40597
1.40559
1.40157
1.3931
1.38014
1.3636
1.34542
1.32845
1.31593
1.31039
1.3125
1.32104
1.33372
1.34809
1.36225
1.37477
1.38414
1.38857
1.38599
1.37456
1.35377
1.32529
1.29301
1.26225
1.23825
1.22443
1.22166
1.2286
1.24232
1.2591
1.27504
1.28683
1.29259
1.29199
1.2861
1.27685
1.26654
1.25763
1.25259
1.25358
1.26164
1.27618
1.29478
1.31362
1.32842
1.33565
1.33335
1.32163
1.30252
1.27953
1.2571
1.23946
1.2295
1.22789
1.23302
1.24202
1.25197
1.2609
1.26795
1.27279
1.27518
1.2751
1.27328
1.27161
1.27294
1.28026
1.29577
1.32008
1.35188
1.38821
1.42504
1.45798
1.48286
1.49615
1.49536
1.47968
1.45025
1.41029
1.36458
1.31849
1.27699
1.24385
1.22093
1.20825
1.20434
1.20702
1.21418
1.22387
1.2343
1.24362
1.25021
1.25302
1.25184
1.24756
1.242
1.23748
1.23605
1.23874
1.24521
1.25414
1.26366
1.27197
1.27787
1.28122
1.283
1.28493
1.28836
1.29363
1.30002
1.30628
1.31104
1.31298
1.31103
1.30462
1.29427
1.28168
1.26965
1.26094
1.25702
1.25706
1.25819
1.25703
1.25123
1.24052
1.22653
1.21229
1.20139
1.1971
1.20138
1.21444
1.23488
1.26053
1.28925
1.31973
1.35137
1.38412
1.41789
1.45202
1.48493
1.51412
1.53648
1.54871
1.54806
1.53287
1.5028
1.45913
1.40474
1.34412
1.28301
1.22768
1.18374
1.15503
1.14291
1.14605
1.16096
1.183
1.20719
1.2289
1.2446
1.25215
1.25124
1.24326
1.23133
1.21975
1.21298
1.21428
1.22446
1.24187
1.26333
1.2856
1.30618
1.32362
1.33719
1.34664
1.35207
1.35375
1.35232
1.34858
1.34328
1.3365
1.32727
1.31402
1.29531
1.27076
1.24185
1.21193
1.1857
1.16768
1.16064
1.16485
1.17845
1.19869
1.22295
1.24929
1.27665
1.3045
1.3321
1.35801
1.38023
1.39648
1.405
1.4051
1.39743
1.38377
1.36683
1.34964
1.33453
1.32249
1.31279
1.30338
1.29201
1.27733
1.25952
1.24017
1.22161
1.20609
1.19526
1.19018
1.19172
1.2005
1.21663
1.2392
1.26639
1.29595
1.32601
1.35516
1.38217
1.40568
1.42393
1.43498
1.43701
1.42898
1.41111
1.38482
1.3525
1.3168
1.27997
1.24383
1.20993
1.17967
1.15459
1.13623
1.12581
1.12389
1.13009
1.14329
1.16206
1.18505
1.21091
1.23804
1.26418
1.28677
1.30382
1.31435
1.31868
1.3179
1.31335
1.30625
1.29757
1.28806
1.27853
1.27
1.26392
1.26202
1.26583
1.27572
1.29043
1.30697
1.32108
1.32838
1.32551
1.31144
1.2886
1.26266
1.24127
1.23149
1.23718
1.25772
1.28846
1.32272
1.35393
1.37733
1.39106
1.39629
1.39642
1.39463
1.39182
1.38647
1.37655
1.36122
1.34157
1.32023
1.30062
1.28599
1.27849
1.27869
1.28569
1.29772
1.31303
1.33002
1.3471
1.36233
1.37322
1.37685
1.37066
1.35328
1.32551
1.29054
1.25349
1.22024
1.19612
1.18483
1.18806
1.20546
1.23514
1.2738
1.3169
1.35929
1.39577
1.42212
1.43544
1.43442
1.41938
1.3923
1.35684
1.31789
1.28111
1.25167
1.23323
1.22721
1.23264
1.24657
1.26442
1.28118
1.29254
1.29565
1.28957
1.27549
1.25638
1.23636
1.21946
1.20853
1.20457
1.20708
1.21462
1.22554
1.23835
1.25175
1.26459
1.27564
1.28351
1.28704
1.28569
1.27979
1.27087
1.2614
1.25416
1.25149
1.25459
1.26339
1.27714
1.29491
1.31599
1.33985
1.36573
1.39243
1.41825
1.44094
1.45802
1.46735
1.4677
1.45914
1.44305
1.42153
1.39693
1.37109
1.34496
1.31911
1.2945
1.27318
1.25819
1.25263
1.25853
1.2758
1.30151
1.33018
1.35517
1.37111
1.37529
1.36789
1.35118
1.32876
1.30481
1.28325
1.26695
1.25736
1.25451
1.25733
1.26434
1.2741
1.28513
1.2959
1.30468
1.30951
1.30871
1.30128
1.28734
1.26826
1.24684
1.22662
1.21116
1.2029
1.20256
1.20904
1.21971
1.23088
1.23854
1.23911
1.23049
1.21281
1.1884
1.16096
1.13529
1.11792
1.11635
1.136
1.1767
1.23276
1.29589
1.35839
1.4144
1.45986
1.4921
1.50952
1.51178
1.5
1.47711
1.44755
1.41607
1.38645
1.36065
1.3391
1.32118
1.30574
1.29173
1.27916
1.26989
1.2673
1.27448
1.29153
1.31475
1.33822
1.35638
1.36558
1.36416
1.35233
1.33171
1.30521
1.27677
1.25047
1.22967
1.21638
1.21138
1.21461
1.2251
1.24089
1.25966
1.27975
1.30073
1.32265
1.34483
1.36536
1.38161
1.39133
1.39311
1.38656
1.37242
1.35206
1.32761
1.30199
1.27868
1.26137
1.25296
1.25451
1.26462
1.28
1.29645
1.31015
1.31832
1.31937
1.31322
1.30122
1.28615
1.27135
1.25941
1.2509
1.24433
1.23705
1.22656
1.21182
1.19369
1.17508
1.15995
1.15199
1.15301
1.16272
1.17942
1.20119
1.22648
1.25417
1.28322
1.31242
1.3403
1.3655
1.38692
1.40381
1.41568
1.42221
1.42318
1.41837
1.40784
1.39224
1.3732
1.35327
1.33555
1.32282
1.31669
1.31707
1.32257
1.33149
1.34209
1.3525
1.36053
1.36359
1.35927
1.34611
1.3242
1.2952
1.26218
1.22876
1.19878
1.17623
1.16509
1.16848
1.18727
1.21872
1.25632
1.29167
1.31738
1.32922
1.3269
1.31328
1.29318
1.27192
1.25428
1.24378
1.24212
1.24875
1.26117
1.27614
1.29059
1.30205
1.3088
1.30988
1.30563
1.29769
1.28859
1.28111
1.27758
1.27976
1.28903
1.30613
1.33066
1.36051
1.39198
1.42046
1.44157
1.4521
1.45066
1.43771
1.41545
1.38728
1.35705
1.32845
1.30428
1.28636
1.27528
1.27052
1.27073
1.27411
1.27882
1.28348
1.28722
1.28924
1.28862
1.28511
1.27999
1.27605
1.27609
1.28101
1.28907
1.29704
1.30199
1.30249
1.29901
1.2934
1.28797
1.2845
1.28341
1.28423
1.28643
1.28981
1.29403
1.29802
1.30048
1.30113
1.30105
1.30204
1.30545
1.3117
1.32049
1.33109
1.34274
1.35446
1.36495
1.3725
1.37535
1.37195
1.36145
1.34406
1.32154
1.29725
1.27572
1.26138
1.2567
1.26105
1.27086
1.28103
1.28684
1.28547
1.27683
1.26339
1.24929
1.23895
1.23554
1.24007
1.25144
1.26712
1.28429
1.30029
1.31308
1.32098
1.32309
1.3194
1.31097
1.29992
1.28893
1.28077
1.27765
1.28058
1.28845
1.29831
1.30648
1.31034
1.30908
1.30364
1.2958
1.28714
1.27839
1.26949
1.25995
1.24938
1.2377
1.22507
1.21185
1.1985
1.1861
1.17682
1.17395
1.18085
1.19909
1.22748
1.26233
1.29924
1.33462
1.36623
1.39298
1.41447
1.43056
1.44113
1.44607
1.4455
1.44013
1.4314
1.42135
1.41216
1.40539
1.40186
1.40124
1.4022
1.4026
1.40037
1.39432
1.38435
1.37126
1.35643
1.34156
1.32817
1.31746
1.31002
1.3056
1.30253
1.29783
1.28792
1.27001
1.24321
1.20936
1.17247
1.13751
1.10938
1.09233
1.08934
1.1015
1.12727
1.16281
1.20323
1.24416
1.28259
1.31687
1.34618
1.36989
1.38722
1.39727
1.39929
1.39324
1.37992
1.36099
1.33873
1.31574
1.29463
1.27756
1.26614
1.26153
1.26453
1.27562
1.29411
1.31759
1.34237
1.36447
1.3807
1.38903
1.38829
1.37798
1.35839
1.33117
1.29969
1.26896
1.24412
1.22811
1.22089
1.22006
1.22272
1.22701
1.23256
1.2401
1.25056
1.26431
1.28076
1.29851
1.31564
1.33003
1.33956
1.34217
1.33675
1.32385
1.3065
1.28985
1.27952
1.27938
1.28993
1.30839
1.33025
1.35111
1.36806
1.38034
1.38895
1.39566
1.40181
1.40738
1.41059
1.40864
1.3988
1.37969
1.35202
1.31843
1.28249
1.24754
1.21619
1.19046
1.17244
1.16398
1.16611
1.17821
1.1979
1.22152
1.24485
1.26393
1.27578
1.27928
1.27541
1.26677
1.25697
1.24978
1.24848
1.25503
1.26932
1.28903
1.3104
1.33
1.34573
1.35707
1.36481
1.37012
1.37396
1.37653
1.37752
1.37647
1.37328
1.36839
1.36261
1.35681
1.3517
1.34755
1.34424
1.34119
1.33718
1.33066
1.32024
1.30578
1.28883
1.27267
1.261
1.2567
1.2602
1.26923
1.2798
1.28798
1.29172
1.29149
1.28958
1.28828
1.28858
1.28979
1.29029
1.28867
1.28422
1.27742
1.26981
1.26382
1.26209
1.26617
1.27581
1.28891
1.30222
1.31247
1.31739
1.31621
1.30986
1.30048
1.29066
1.28239
1.27626
1.27118
1.26508
1.25608
1.24363
1.229
1.21481
1.20433
1.20052
1.20528
1.21904
1.24117
1.27039
1.30487
1.34218
1.37899
1.41144
1.43602
1.45063
1.455
1.45042
1.43891
1.42238
1.40209
1.37924
1.35568
1.33398
1.31679
1.30588
1.30124
1.30113
1.30239
1.30152
1.2961
1.28557
1.27143
1.2566
1.24446
1.23772
1.2377
1.24422
1.25604
1.27178
1.29062
1.31193
1.33453
1.35656
1.37556
1.38922
1.39585
1.39429
1.38401
1.36542
1.34019
1.31124
1.28231
1.25709
1.23843
1.22775
1.22479
1.22761
1.23304
1.23761
1.23865
1.23512
1.22762
1.21814
1.20901
1.20226
1.19917
1.20037
1.20595
1.21568
1.22951
1.24763
1.27022
1.29628
1.32324
1.34752
1.36592
1.37643
1.37844
1.37266
1.36088
1.3458
1.3304
1.31709
1.30693
1.29957
1.2938
1.28836
1.2827
1.27761
1.27497
1.27705
1.28541
1.30007
1.31925
1.33981
1.3583
1.37209
1.38018
1.38325
1.38291
1.38097
1.37868
1.37658
1.37452
1.37201
1.36831
1.36267
1.35416
1.34183
1.32535
1.30519
1.28231
1.25768
1.23176
1.20476
1.17732
1.15169
1.13225
1.12452
1.13256
1.15657
1.19205
1.23171
1.26865
1.29884
1.32173
1.3395
1.35549
1.37294
1.39362
1.41734
1.44191
1.46359
1.47808
1.48143
1.47086
1.44538
1.40587
1.35539
1.29912
1.24377
1.19685
1.16499
1.1523
1.1591
1.18184
1.21442
1.25031
1.28397
1.31167
1.33144
1.3426
1.34536
1.34069
1.33013
1.31566
1.29956
1.28423
1.27166
1.26319
1.25915
1.25919
1.2626
1.26843
1.27567
1.28306
1.28931
1.29341
1.29488
1.2938
1.29069
1.28626
1.28107
1.2752
1.26812
1.25865
1.24533
1.22723
1.2049
1.18073
1.15867
1.14337
1.13897
1.14846
1.17325
1.21309
1.26576
1.32703
1.39102
1.45111
1.50109
1.53583
1.55175
1.54694
1.52115
1.47617
1.41642
1.34989
1.28811
1.24356
1.22443
1.23045
1.25427
1.28661
1.32024
1.35067
1.37525
1.39204
1.39953
1.39678
1.38408
1.36332
1.33783
1.31182
1.28942
1.27326
1.26371
1.25922
1.25761
1.25751
1.25881
1.26172
1.26526
1.26676
1.26308
1.25251
1.23519
1.21272
1.18789
1.1644
1.14666
1.13902
1.14506
1.16666
1.20325
1.25139
1.30528
1.35795
1.40237
1.4329
1.44592
1.44052
1.41841
1.38375
1.34239
1.30106
1.26606
1.24247
1.23326
1.23895
1.25769
1.28581
1.31859
1.35103
1.37857
1.39746
1.40517
1.40017
1.38207
1.3517
1.31169
1.26676
1.22346
1.18851
1.16633
1.15798
1.16183
1.175
1.19484
1.21944
1.24715
1.27598
1.3036
1.32847
1.35061
1.37093
1.38965
1.40561
1.41724
1.42388
1.42549
1.42221
1.41393
1.40041
1.38206
1.3603
1.33713
1.3146
1.29407
1.27599
1.26032
1.24702
1.23593
1.22621
1.21648
1.20574
1.19433
1.18473
1.18116
1.18831
1.20928
1.24391
1.28829
1.33598
1.37999
1.41445
1.43531
1.44069
1.43083
1.40808
1.37683
1.34281
1.31203
1.28953
1.2785
1.28003
1.29343
1.31644
1.34553
1.37631
1.40441
1.42595
1.43792
1.43803
1.42474
1.39738
1.35687
1.30646
1.25185
1.20041
1.15888
1.13103
1.11684
1.1137
1.11854
1.12949
1.14604
1.16849
1.19663
1.22872
1.26154
1.29123
1.31453
1.32995
1.33809
1.34109
1.34126
1.34024
1.3388
1.33737
1.33638
1.33631
1.33741
1.3393
1.34107
1.34141
1.33901
1.33287
1.32257
1.30859
1.29232
1.27599
1.26233
1.25389
1.2523
1.25793
1.26997
1.28679
1.30624
1.32595
1.34377
1.35828
1.36892
1.37582
1.37922
1.37908
1.37524
1.36772
1.35695
1.34406
1.33081
1.3194
1.31224
1.31155
1.31859
1.33301
1.35226
1.37206
1.3877
1.39538
1.39308
1.38015
1.35707
1.32543
1.28814
1.24943
1.21417
1.18674
1.16994
1.16461
1.1698
1.18318
1.20133
1.21994
1.2347
1.24263
1.24306
1.23774
1.22998
1.22332
1.22031
1.22217
1.22907
1.24059
1.25592
1.27391
1.29302
1.31109
1.32531
1.33271
1.33091
1.31899
1.29819
1.27202
1.2456
1.22434
1.21257
1.2123
1.2231
1.24276
1.26831
1.29668
1.32486
1.35
1.36938
1.38101
1.38368
1.37713
1.36185
1.33905
1.31109
1.28166
1.25569
1.2386
1.23505
1.24803
1.27789
1.32188
1.37405
1.42624
1.4699
1.49822
1.50744
1.49737
1.47095
1.4339
1.39436
1.36075
1.33864
1.3272
1.32028
1.31109
1.29559
1.27302
1.24452
1.21199
1.17787
1.14535
1.11832
1.10109
1.09776
1.11167
1.144
1.19256
1.25179
1.31438
1.37313
1.42213
1.4572
1.47575
1.47641
1.45907
1.42497
1.37701
1.31985
1.25989
1.20462
1.16149
1.13643
1.13257
1.14956
1.18391
1.22993
1.28077
1.32951
1.37004
1.398
1.41134
1.41041
1.3976
1.37688
1.35325
1.33213
1.31776
1.31145
1.31088
1.31121
1.30737
1.29584
1.27536
1.24682
1.21283
1.17721
1.14451
1.11937
1.10551
1.1049
1.11722
1.1401
1.16958
1.20082
1.22918
1.2514
1.26644
1.27572
1.28254
1.291
1.30456
1.32488
1.35116
1.38041
1.40844
1.431
1.44464
1.44702
1.43723
1.41586
1.38523
1.34931
1.31347
1.2836
1.26491
1.26032
1.2696
1.28973
1.3161
1.34379
1.36862
1.38764
1.39902
1.40164
1.39482
1.37847
1.35345
1.32222
1.28904
1.25915
1.23744
1.22721
1.22935
1.24237
1.26304
1.28717
1.31008
1.32738
1.33583
1.33417
1.32321
1.30525
1.28338
1.26076
1.24011
1.22353
1.21254
1.20794
1.20955
1.21608
1.22536
1.23501
1.24322
1.24942
1.25412
1.25839
1.26318
1.26905
1.27612
1.28428
1.29325
1.30249
1.31115
1.31815
1.32261
1.32415
1.32364
1.3232
1.32558
1.33277
1.34504
1.36058
1.37619
1.3886
1.39527
1.3948
1.38671
1.37156
1.35098
1.32762
1.30485
1.28604
1.27351
1.26809
1.269
1.27427
1.2814
1.28814
1.29285
1.2947
1.29351
1.28958
1.28367
1.27702
1.27135
1.2685
1.26991
1.2759
1.28516
1.29523
1.30307
1.30623
1.30368
1.29615
1.28587
1.27546
1.26701
1.26159
1.25936
1.26033
1.26471
1.27302
1.28587
1.30347
1.32509
1.34912
1.373
1.39404
1.4098
1.41829
1.41815
1.40876
1.3904
1.36423
1.33201
1.29601
1.25887
1.22384
1.19492
1.17614
1.17016
1.17679
1.19286
1.21358
1.23445
1.25254
1.2669
1.27804
1.28725
1.29576
1.30461
1.3144
1.32522
1.33655
1.34714
1.35521
1.35898
1.35759
1.35183
1.34411
1.33732
1.33335
1.33258
1.33437
1.33821
1.34397
1.35141
1.35941
1.36578
1.36761
1.36223
1.34821
1.32586
1.29723
1.26557
1.23457
1.20733
1.18572
1.17008
1.15967
1.15337
1.15068
1.15228
1.15993
1.17564
1.20032
1.2327
1.26911
1.30433
1.33313
1.35177
1.35898
1.3559
1.34537
1.33079
1.31481
1.29875
1.28265
1.26614
1.24943
1.23398
1.22254
1.21854
1.22485
1.24279
1.27116
1.3063
1.34277
1.37469
1.39717
1.40737
1.40494
1.39193
1.37232
1.3508
1.3317
1.31805
1.31118
1.31099
1.31639
1.32537
1.33532
1.34314
1.34588
1.34106
1.32722
1.30444
1.27476
1.24229
1.2122
1.18906
1.17574
1.17379
1.18406
1.20613
1.23713
1.27175
1.30396
1.32896
1.3443
1.34967
1.34614
1.33519
1.31832
1.29717
1.27396
1.25194
1.23526
1.22803
1.23308
1.25091
1.27965
1.31583
1.35499
1.39242
1.42347
1.44381
1.44992
1.43985
1.41477
1.3801
1.34452
1.3159
1.29741
1.28803
1.28562
1.288
1.29274
1.29733
1.29984
1.29977
1.29821
1.29756
1.30052
1.30874
1.32147
1.33564
1.34756
1.35439
1.35493
1.34918
1.33778
1.32182
1.30292
1.2832
1.26491
1.24978
1.23824
1.22951
1.22228
1.21568
1.20973
1.20543
1.20399
1.206
1.21047
1.21485
1.21632
1.21358
1.20784
1.20254
1.20153
1.20716
1.21915
1.23511
1.25188
1.26681
1.27855
1.28696
1.29274
1.29689
1.30024
1.30364
1.30808
1.31445
1.32291
1.33269
1.34232
1.35036
1.35576
1.35788
1.35636
1.35119
1.34308
1.33347
1.32455
1.31839
1.31603
1.31747
1.32201
1.3286
1.33555
1.34036
1.34027
1.33364
1.32077
1.30406
1.28737
1.27469
1.26897
1.27144
1.28126
1.29594
1.31267
1.32943
1.34548
1.3603
1.3718
1.3762
1.37014
1.35283
1.32671
1.2965
1.26768
1.24499
1.23173
1.22935
1.23766
1.25459
1.27627
1.29791
1.31516
1.32537
1.32766
1.32249
1.31143
1.29655
1.28036
1.26536
1.25374
1.24735
1.24774
1.25603
1.27245
1.2954
1.32109
1.3446
1.3619
1.37128
1.37326
1.36985
1.36319
1.35477
1.34503
1.33361
1.31972
1.30292
1.28374
1.26399
1.24636
1.23344
1.22684
1.2271
1.23412
1.24717
1.26436
1.28282
1.29963
1.31283
1.32191
1.32758
1.33104
1.33328
1.33486
1.33539
1.33391
1.32909
1.32013
1.30731
1.29179
1.27505
1.25825
1.24229
1.22841
1.21839
1.2144
1.21864
1.23259
1.25584
1.28535
1.31618
1.3432
1.36284
1.37342
1.37476
1.36777
1.35389
1.33506
1.31367
1.29232
1.2735
1.25914
1.25044
1.24805
1.25243
1.26392
1.28267
1.3082
1.33863
1.3704
1.3987
1.41871
1.42699
1.42222
1.4055
1.3801
1.35042
1.3208
1.29439
1.27298
1.25735
1.24784
1.24454
1.24731
1.25558
1.26837
1.28418
1.30078
1.31545
1.32529
1.32785
1.32205
1.30852
1.28943
1.26784
1.24653
1.22695
1.20904
1.19204
1.17566
1.16079
1.14957
1.14504
1.15065
1.16926
1.20152
1.24493
1.29419
1.34318
1.38697
1.42261
1.44889
1.46551
1.47232
1.46923
1.45624
1.43397
1.40395
1.36877
1.33203
1.2976
1.26869
1.24712
1.23324
1.22619
1.2244
1.22602
1.2294
1.23328
1.23668
1.23886
1.23954
1.23933
1.23963
1.24229
1.2489
1.26015
1.27583
1.29512
1.31677
1.33922
1.36071
1.37906
1.39223
1.39884
1.3987
1.3931
1.38438
1.37512
1.36698
1.36001
1.35299
1.34401
1.33101
1.31277
1.28971
1.2641
1.23952
1.21973
1.20758
1.20456
1.21072
1.22497
1.24504
1.26772
1.28922
1.30567
1.31407
1.3127
1.30169
1.2832
1.26113
1.2406
1.22649
1.22211
1.22833
1.24366
1.26511
1.28881
1.31073
1.32728
1.33594
1.33592
1.32854
1.31685
1.3045
1.29452
1.28848
1.28629
1.28702
1.28985
1.29462
1.30171
1.31157
1.32379
1.33675
1.34771
1.35376
1.35294
1.34475
1.33014
1.31109
1.28996
1.26908
1.2506
1.23684
1.23031
1.23344
1.24764
1.27225
1.30422
1.33888
1.37096
1.39545
1.40824
1.40661
1.38944
1.35748
1.31351
1.26236
1.21061
1.16542
1.13283
1.11595
1.11426
1.12471
1.14413
1.17058
1.20281
1.23908
1.27644
1.31111
1.33941
1.35888
1.36906
1.37196
1.37183
1.37411
1.38295
1.39866
1.41725
1.43279
1.44062
1.43927
1.42996
1.41537
1.39796
1.37885
1.35794
1.33491
1.31062
1.28759
1.26953
1.25979
1.25989
1.269
1.28429
1.3021
1.31876
1.33139
1.33817
1.33863
1.33352
1.32435
1.31285
1.30064
1.28876
1.27752
1.26665
1.25573
1.24451
1.23327
1.22302
1.21528
1.21174
1.21338
1.22028
1.23191
1.24758
1.2665
1.28754
1.30892
1.32838
1.34376
1.35374
1.35822
1.35834
1.35593
1.35271
1.34964
1.34662
1.3428
1.33731
1.32982
1.32071
1.31102
1.30175
1.29331
1.28569
1.27848
1.2715
1.26497
1.25975
1.25706
1.25777
1.26165
1.26732
1.2728
1.27656
1.2781
1.27795
1.27705
1.27601
1.2744
1.27078
1.26349
1.25175
1.23624
1.21901
1.20283
1.19006
1.18208
1.17912
1.18063
1.18611
1.19585
1.21087
1.23197
1.25885
1.28974
1.32161
1.35104
1.37512
1.39206
1.40115
1.4026
1.39734
1.38645
1.37126
1.35332
1.33469
1.31803
1.30628
1.30173
1.30525
1.31576
1.33067
1.34665
1.36033
1.36916
1.37183
1.36849
1.3607
1.35084
1.34123
1.33377
1.32967
1.32937
1.33258
1.33817
1.34445
1.3495
1.35151
1.3491
1.34136
1.32783
1.30862
1.28511
1.26055
1.23937
1.22523
1.21897
1.21875
1.22203
1.2274
1.23449
1.24324
1.25283
1.26162
1.26763
1.2693
1.26641
1.26011
1.25251
1.24606
1.24268
1.24321
1.24752
1.25482
1.26426
1.27531
1.28756
1.30036
1.31272
1.32318
1.33025
1.33293
1.33097
1.32498
1.3163
1.30655
1.29766
1.29164
1.29027
1.29459
1.30427
1.31749
1.33163
1.344
1.35259
1.3562
1.3544
1.34765
1.33722
1.32521
1.3139
1.30512
1.29994
1.29842
1.29983
1.30311
1.30708
1.31067
1.31307
1.31373
1.31238
1.30909
1.30398
1.29704
1.28805
1.27687
1.26356
1.24841
1.23202
1.21534
1.19995
1.18795
1.18164
1.18275
1.19194
1.20841
1.23012
1.25405
1.27696
1.29635
1.31144
1.32347
1.3351
1.34895
1.36631
1.3866
1.40754
1.42591
1.43844
1.44255
1.4366
1.42013
1.39399
1.36065
1.32401
1.28881
1.25989
1.24165
1.23719
1.24701
1.26805
1.29424
1.31878
1.3366
1.34521
1.34441
1.33565
1.32143
1.30483
1.28896
1.27633
1.26841
1.26559
1.26728
1.27207
1.27809
1.28355
1.28745
1.28981
1.29131
1.29289
1.29486
1.29656
1.29662
1.29351
1.28641
1.27573
1.26284
1.24985
1.23897
1.23163
1.22823
1.22785
1.22906
1.23054
1.23184
1.23348
1.23616
1.2399
1.24347
1.24511
1.2437
1.23971
1.23512
1.23257
1.23409
1.24009
1.24934
1.25978
1.26982
1.27909
1.28827
1.29819
1.30915
1.32101
1.33335
1.34583
1.35832
1.37094
1.38359
1.39538
1.40466
1.40956
1.40897
1.40285
1.3923
1.37913
1.36531
1.35241
1.34117
1.33114
1.3207
1.30765
1.29017
1.26774
1.24126
1.21283
1.18551
1.16312
1.14991
1.14929
1.16226
1.1868
1.21882
1.25376
1.28786
1.31867
1.34501
1.36663
1.38377
1.3967
1.4051
1.40795
1.40361
1.39062
1.36831
1.33734
1.30004
1.25979
1.22085
1.1878
1.16493
1.15539
1.16058
1.17986
1.21103
1.25092
1.2957
1.34129
1.3838
1.41982
1.44668
1.46265
1.46714
1.46079
1.44533
1.42324
1.39726
1.36992
1.34314
1.3179
1.29457
1.27326
1.25418
1.23776
1.22469
1.21591
1.21226
1.21437
1.22226
1.23519
1.25158
1.26921
1.28591
1.29997
1.31023
1.31596
1.31681
1.31284
1.30447
1.29245
1.27792
1.26311
1.25125
1.24544
1.24701
1.2549
1.26647
1.27902
1.29076
1.30116
1.31059
1.31946
1.3277
1.33444
1.33846
1.3388
1.33527
1.32854
1.31978
1.31023
1.30104
1.2933
1.28808
1.28636
1.28859
1.29464
1.30372
1.31464
1.3264
1.33879
1.35187
1.36507
1.37658
1.38417
1.38665
1.38437
1.37856
1.37053
1.361
1.35011
1.3379
1.32485
1.31199
1.3005
1.29113
1.28355
1.27669
1.26934
1.26075
1.25086
1.24002
1.22875
1.21771
1.2076
1.19891
1.19185
1.18637
1.18265
1.18116
1.1826
1.18769
1.19704
1.21113
1.23014
1.25363
1.28016
1.30729
1.33199
1.35127
1.3631
1.36682
1.36339
1.35497
1.34455
1.33523
1.32971
1.3299
1.33681
1.34991
1.36701
1.3845
1.39822
1.40502
1.40426
1.39876
1.3936
1.39225
1.39325
1.39161
1.38293
1.3657
1.34118
1.31197
1.28101
1.25099
1.22402
1.20166
1.18498
1.17476
1.17168
1.17649
1.1897
1.21095
1.23847
1.26908
1.29888
1.3244
1.34319
1.35408
1.35719
1.35341
1.34402
1.33025
1.31325
1.29393
1.27316
1.25188
1.23111
1.21211
1.19622
1.18471
1.1786
1.1785
1.18454
1.19671
1.21497
1.23925
1.26943
1.30473
1.34313
1.38122
1.4147
1.43912
1.45072
1.44737
1.42911
1.3985
1.36042
1.32138
1.28774
1.264
1.25185
1.25039
1.25738
1.27029
1.28668
1.30413
1.32014
1.33231
1.33884
1.33911
1.33389
1.3256
1.31747
1.31179
1.30801
1.30261
1.29128
1.27166
1.24452
1.21318
1.18218
1.15585
1.13706
1.12683
1.1246
1.12907
1.13902
1.15364
1.17261
1.1962
1.22464
1.2575
1.29278
1.32706
1.35641
1.37757
1.38872
1.38971
1.38183
1.36739
1.34911
1.32946
1.31018
1.29244
1.27697
1.26446
1.25581
1.25183
1.25283
1.25829
1.267
1.27751
1.28836
1.2981
1.30524
1.30858
1.30767
1.30321
1.29699
1.29112
1.28701
1.28485
1.28372
1.28205
1.27847
1.27229
1.26359
1.25321
1.24233
1.23231
1.22487
1.22194
1.22522
1.23553
1.25233
1.27399
1.29814
1.32236
1.34433
1.36185
1.37282
1.37562
1.36969
1.3561
1.33741
1.317
1.29779
1.28179
1.27036
1.2649
1.26654
1.275
1.28813
1.30248
1.31459
1.32215
1.32438
1.3222
1.31793
1.31454
1.31454
1.31899
1.32713
1.33669
1.34516
1.35065
1.35198
1.34846
1.33962
1.32566
1.30785
1.28856
1.27094
1.2578
1.25072
1.24996
1.25472
1.26387
1.27625
1.29058
1.30517
1.3179
1.3267
1.33015
1.32765
1.31947
1.30648
1.2905
1.27385
1.25905
1.24821
1.24258
1.24252
1.24801
1.25871
1.27376
1.29129
1.30842
1.32191
1.32918
1.32879
1.32063
1.30545
1.28464
1.25996
1.23361
1.20834
1.18757
1.17498
1.17401
1.18655
1.21193
1.24711
1.28785
1.32957
1.36785
1.39864
1.41897
1.42744
1.42438
1.4115
1.39143
1.36705
1.34122
1.31654
1.29518
1.27843
1.26671
1.25965
1.25632
1.25574
1.25719
1.26041
1.26539
1.27224
1.28099
1.29126
1.30218
1.31221
1.31931
1.32152
1.31762
1.3077
1.29337
1.27708
1.26128
1.24812
1.23941
1.23672
1.24118
1.25282
1.27004
1.2899
1.30891
1.32411
1.33377
1.33746
1.33583
1.33023
1.32211
1.31268
1.30251
1.2918
1.28074
1.2699
1.26021
1.25266
1.2477
1.24486
1.24303
1.24084
1.2375
1.23345
1.23073
1.23203
1.2389
1.25024
1.26284
1.27342
1.27998
1.28185
1.27922
1.27292
1.26444
1.25584
1.24942
1.24727
1.25068
1.2597
1.27297
1.28767
1.30034
1.30803
1.30937
1.30507
1.29767
1.29041
1.28612
1.28626
1.29082
1.29866
1.30784
1.31619
1.3219
1.32403
1.32279
1.31901
1.3135
1.30684
1.30005
1.29483
1.29293
1.29513
1.30073
1.30797
1.31469
1.31933
1.32139
1.32151
1.32113
1.32179
1.32428
1.32789
1.3305
1.32942
1.32274
1.31033
1.29416
1.27729
1.26255
1.25149
1.24418
1.23972
1.23707
1.23533
1.23389
1.23254
1.23133
1.2305
1.23035
1.23114
1.23298
1.23607
1.24093
1.2485
1.25966
1.27467
1.29269
1.31165
1.32865
1.34114
1.34786
1.34933
1.3473
1.34342
1.33808
1.33078
1.32157
1.31241
1.30701
1.30891
1.31907
1.33471
1.35047
1.36053
1.361
1.35086
1.33181
1.30736
1.28146
1.25717
1.23602
1.21869
1.20643
1.20109
1.20322
1.21078
1.22048
1.23023
1.23971
1.24911
1.25826
1.26649
1.2733
1.2788
1.28367
1.28881
1.29484
1.30191
1.30979
1.3181
1.32648
1.33462
1.34235
1.34949
1.35579
1.36098
1.36513
1.36864
1.37202
1.37551
1.37853
1.37938
1.37573
1.36563
1.34842
1.32527
1.29862
1.27079
1.24316
1.21654
1.19214
1.1717
1.15719
1.15007
1.15109
1.16076
1.17954
1.20754
1.24368
1.28501
1.32707
1.36495
1.39437
1.41226
1.41729
1.4099
1.3925
1.3693
1.34579
1.32756
1.31874
1.32055
1.33104
1.34627
1.36174
1.3738
1.37996
1.37894
1.37044
1.35519
1.33501
1.3127
1.29145
1.27372
1.26063
1.2524
1.24922
1.25092
1.25645
1.26403
1.27243
1.28136
1.29138
1.30316
1.31695
1.33209
1.34704
1.35939
1.36652
1.36662
1.35909
1.34496
1.32697
1.30933
1.29683
1.29263
1.29595
1.30204
1.30534
1.30273
1.29475
1.28463
1.27608
1.2708
1.2671
1.26099
1.24895
1.23024
1.20769
1.18685
1.17383
1.17247
1.18257
1.20039
1.2212
1.24153
1.26025
1.2783
1.29746
1.31908
1.3435
1.36996
1.39687
1.42208
1.44333
1.45868
1.4669
1.46754
1.46094
1.4479
1.42957
1.40731
1.38287
1.3584
1.33618
1.31831
1.30602
1.2993
1.29706
1.29754
1.29869
1.29838
1.29451
1.2851
1.26859
1.24436
1.21325
1.17815
1.14424
1.11851
1.10793
1.1163
1.14205
1.17864
1.21789
1.25317
1.28091
1.30044
1.31317
1.32136
1.32744
1.33325
1.33978
1.34727
1.35502
1.36186
1.36661
1.36868
1.3684
1.36673
1.365
1.3644
1.36528
1.36633
1.36449
1.35585
1.33724
1.30801
1.27095
1.23224
1.20033
1.18339
1.1864
1.20906
1.24578
1.28805
1.32742
1.35771
1.37556
1.37997
1.37179
1.35425
1.33413
1.32127
1.3233
1.3393
1.36071
1.37841
1.38772
1.38829
1.38188
1.37045
1.35533
1.3369
1.31502
1.28978
1.26195
1.23312
1.20544
1.18112
1.16215
1.15013
1.14596
1.14956
1.15981
1.17475
1.19201
1.2092
1.22456
1.23711
1.2465
1.25294
1.25718
1.2606
1.26558
1.27493
1.29079
1.31336
1.34024
1.36711
1.3891
1.40217
1.40427
1.39568
1.37874
1.35722
1.33558
1.31783
1.30682
1.3038
1.30851
1.31956
1.33474
1.35146
1.36696
1.3786
1.3842
1.38225
1.3722
1.35436
1.33009
1.30165
1.27198
1.24416
1.22058
1.20213
1.18816
1.17736
1.16856
1.16117
1.15565
1.1539
1.15868
1.17193
1.1934
1.22078
1.25153
1.2844
1.31942
1.35668
1.39532
1.4333
1.46801
1.49672
1.51703
1.527
1.52556
1.51239
1.48801
1.45339
1.40971
1.35869
1.30276
1.24577
1.19292
1.15002
1.1225
1.11395
1.12528
1.15476
1.19818
1.24976
1.30296
1.35156
1.39033
1.41582
1.42687
1.42458
1.41181
1.39238
1.37024
1.34895
1.33124
1.31872
1.31185
1.30981
1.31084
1.3128
1.31394
1.31341
1.31131
1.30847
1.30591
1.30427
1.30358
1.30347
1.30355
1.30379
1.30406
1.30365
1.30119
1.29532
1.2858
1.27398
1.2621
1.25244
1.24633
1.24402
1.24501
1.24897
1.25609
1.2669
1.28185
1.30097
1.32357
1.3483
1.37299
1.39488
1.41122
1.41979
1.41921
1.40875
1.38822
1.35829
1.3208
1.27897
1.23732
1.20112
1.17534
1.16392
1.16908
1.19077
1.22674
1.27289
1.32404
1.37445
1.41822
1.45009
1.46637
1.46546
1.44812
1.41687
1.37507
1.32593
1.27246
1.21793
1.16655
1.12355
1.09419
1.08224
1.08903
1.11303
1.15006
1.1942
1.23907
1.27896
1.30959
1.32853
1.33546
1.33186
1.32088
1.30624
1.29133
1.27816
1.26699
1.25708
1.24812
1.24146
1.23999
1.24653
1.2617
1.2839
1.31077
1.34049
1.37143
1.40137
1.4272
1.44589
1.45558
1.45622
1.44877
1.43437
1.41422
1.38995
1.36415
1.33958
1.31812
1.30069
1.28795
1.28054
1.27852
1.28092
1.28588
1.29112
1.2945
1.29474
1.29177
1.28658
1.2807
1.27537
1.27096
1.26682
1.26154
1.25336
1.24105
1.22524
1.20893
1.19641
1.19181
1.19718
1.21186
1.23341
1.25894
1.28592
1.3125
1.33715
1.35875
1.37639
1.38937
1.39722
1.39981
1.39744
1.39085
1.38099
1.36899
1.3561
1.34333
1.33117
1.31937
1.3068
1.29198
1.2738
1.25266
1.23066
1.21095
1.19661
1.18967
1.19061
1.19874
1.21265
1.23052
1.25032
1.26994
1.28734
1.30069
1.30857
1.31021
1.3058
1.29673
1.28558
1.27584
1.27076
1.27256
1.28168
1.29672
1.31486
1.333
1.34859
1.36053
1.36924
1.37614
1.38283
1.38971
1.39563
1.39797
1.39397
1.38176
1.36081
1.33186
1.29646
1.25697
1.21679
1.18019
1.15203
1.13718
1.13901
1.15759
1.18893
1.22596
1.26123
1.28902
1.30651
1.31354
1.312
1.30484
1.29495
1.2847
1.27578
1.26974
1.26845
1.27397
1.28776
1.30945
1.33644
1.36449
1.38928
1.40794
1.41959
1.42485
1.42474
1.41968
1.40959
1.39442
1.37496
1.35305
1.33131
1.31256
1.29923
1.29284
1.29385
1.3017
1.31482
1.3309
1.34691
1.35895
1.36294
1.35594
1.33741
1.30946
1.27657
1.24458
1.2194
1.20554
1.20515
1.21784
1.2409
1.27
1.29999
1.3258
1.34361
1.35143
1.34908
1.3377
1.31913
1.29556
1.26971
1.24489
1.22475
1.21206
1.20798
1.21193
1.22271
1.23921
1.26039
1.28505
1.31154
1.33801
1.36258
1.38341
1.39874
1.4073
1.4088
1.40417
1.39504
1.38285
1.36846
1.35259
1.33635
1.32148
1.31005
1.30383
1.30355
1.3086
1.31718
1.32669
1.33447
1.33872
1.33899
1.33619
1.33217
1.32893
1.32783
1.32925
1.33244
1.33546
1.3357
1.3303
1.31724
1.29608
1.26819
1.23674
1.20609
1.18084
1.16477
1.1601
1.16715
1.18434
1.20867
1.23615
1.26274
1.28545
1.30372
1.31941
1.33466
1.34887
1.3588
1.36193
1.35893
1.35288
1.34693
1.34227
1.33761
1.33037
1.31828
1.30068
1.2787
1.25488
1.23255
1.21545
1.20717
1.21015
1.22523
1.2515
1.28676
1.32752
1.36937
1.40744
1.43749
1.45685
1.46473
1.46177
1.44927
1.42865
1.40124
1.36821
1.33086
1.29066
1.24935
1.20917
1.17305
1.14461
1.12764
1.12502
1.13789
1.16534
1.20483
1.25253
1.30378
1.35345
1.39668
1.42961
1.45007
1.45736
1.45209
1.43579
1.41059
1.379
1.3436
1.30674
1.27026
1.23549
1.20417
1.17892
1.16323
1.16033
1.17147
1.19499
1.22701
1.26298
1.29858
1.32987
1.3534
1.36662
1.36842
1.35946
1.3423
1.32103
1.30059
1.28551
1.27907
1.28231
1.29411
1.31201
1.33285
1.35344
1.37122
1.38466
1.39341
1.39847
1.40184
1.40572
1.41075
1.41543
1.41644
1.41018
1.39388
1.36656
1.32937
1.28579
1.24122
1.20191
1.1732
1.15767
1.15524
1.16423
1.18262
1.20799
1.23683
1.26457
1.28639
1.2986
1.29945
1.28954
1.27135
1.24876
1.22646
1.20911
1.20068
1.20371
1.21862
1.24354
1.27466
1.30719
1.33638
1.35837
1.37072
1.37263
1.36519
1.35139
1.336
1.32466
1.3222
1.33081
1.34928
1.37342
1.39779
1.41713
1.42739
1.42627
1.41344
1.39073
1.36152
1.33032
1.30155
1.27837
1.26196
1.2516
1.24503
1.23954
1.23275
1.2236
1.21304
1.20383
1.19958
1.2036
1.21759
1.24118
1.2722
1.30729
1.34279
1.37523
1.40155
1.4191
1.42555
1.41919
1.39924
1.36603
1.32117
1.26789
1.21135
1.15853
1.11723
1.09406
1.09208
1.10993
1.14256
1.18354
1.22672
1.26725
1.3018
1.32903
1.34916
1.36324
1.37199
1.37511
1.37197
1.36273
1.34904
1.3336
1.31923
1.30752
1.29833
1.2905
1.28311
1.2764
1.27156
1.27011
1.273
1.28035
1.29142
1.30471
1.31822
1.3298
1.33748
1.33993
1.3366
1.32791
1.31503
1.29948
1.28299
1.26717
1.25359
1.24348
1.2378
1.23722
1.24174
1.25064
1.26255
1.27572
1.2888
1.30103
1.31215
1.32217
1.33128
1.3397
1.34777
1.35558
1.36285
1.36906
1.37339
1.37516
1.37386
1.36923
1.36122
1.35008
1.33661
1.32244
1.31008
1.30247
1.30196
1.30922
1.32292
1.33985
1.35563
1.36597
1.36769
1.35938
1.34139
1.3151
1.28238
1.24552
1.20735
1.1718
1.14337
1.12629
1.12334
1.13523
1.16038
1.1951
1.23406
1.27113
1.30092
1.31993
1.327
1.32343
1.31229
1.29782
1.28468
1.2771
1.27802
1.28822
1.30599
1.32758
1.34838
1.36382
1.37014
1.36521
1.34936
1.32592
1.3005
1.27909
1.26567
1.261
1.26303
1.26827
1.27348
1.27683
1.27793
1.27752
1.27664
1.27612
1.27623
1.27704
1.27865
1.28116
1.28447
1.28794
1.29016
1.2897
1.28565
1.27827
1.26926
1.26128
1.25711
1.25861
1.26599
1.27775
1.29134
1.30418
1.31438
1.32121
1.32506
1.32716
1.32916
1.3324
1.33716
1.34212
1.34485
1.34279
1.33435
1.31935
1.29905
1.27548
1.25111
1.22814
1.20828
1.19304
1.18419
1.18371
1.19331
1.21351
1.24297
1.27887
1.3177
1.35594
1.38988
1.41579
1.43037
1.4319
1.4212
1.40146
1.37707
1.35206
1.32908
1.30926
1.29278
1.27945
1.26917
1.26184
1.25729
1.25537
1.25602
1.25923
1.26537
1.275
1.28854
1.30551
1.32409
1.34153
1.35516
1.36333
1.36619
1.36544
1.36332
1.36167
1.36107
1.36062
1.3585
1.35312
1.34428
1.33372
1.32431
1.31834
1.31597
1.3153
1.31334
1.30777
1.29752
1.28293
1.26544
1.24693
1.22925
1.2138
1.2014
1.1924
1.18674
1.18415
1.18449
1.18793
1.19476
1.20525
1.21928
1.23633
1.25524
1.2744
1.2918
1.30505
1.31199
1.31139
1.30346
1.28993
1.27391
1.25896
1.24811
1.24339
1.24575
1.25513
1.27073
1.29118
1.31469
1.33891
1.36096
1.37752
1.38553
1.38305
1.37019
1.34926
1.32457
1.30161
1.28565
1.28036
1.28684
1.30374
1.32787
1.35515
1.38149
1.40337
1.41821
1.42427
1.4205
1.40628
1.38156
1.34709
1.30452
1.25646
1.20653
1.15927
1.12
1.09398
1.08546
1.09599
1.12362
1.16367
1.21059
1.25953
1.30685
1.34967
1.38522
1.41053
1.42268
1.41943
1.39988
1.36513
1.31876
1.26683
1.21713
1.1777
1.15462
1.15034
1.16261
1.18522
1.20983
1.22885
1.2376
1.23562
1.22655
1.21711
1.21515
1.22714
1.2555
1.29765
1.34709
1.39591
1.43753
1.46787
1.48517
1.48989
1.4841
1.47106
1.45447
1.43738
1.4216
1.40781
1.39587
1.38531
1.37579
1.36708
1.35868
1.3496
1.33843
1.32423
1.30695
1.28773
1.26812
1.24956
1.23309
1.21939
1.20905
1.20257
1.20008
1.20104
1.20434
1.20875
1.21335
1.21772
1.22199
1.22676
1.23282
1.24082
1.25088
1.26253
1.27485
1.2868
1.29768
1.30727
1.31551
1.32213
1.32669
1.32889
1.32902
1.32808
1.32706
1.32612
1.32405
1.31858
1.30767
1.29095
1.27054
1.25062
1.23517
1.22531
1.21881
1.2128
1.20667
1.20263
1.20411
1.21398
1.23319
1.26066
1.29356
1.32799
1.35955
1.38428
1.39958
1.40474
1.40085
1.39031
1.37597
1.36067
1.34675
1.33565
1.32796
1.32384
1.32358
1.32788
1.3376
1.35285
1.37197
1.39119
1.40552
1.40997
1.40072
1.37634
1.33839
1.29191
1.24509
1.20748
1.18686
1.18606
1.20203
1.22801
1.25666
1.28219
1.30148
1.31399
1.3213
1.32604
1.33085
1.3377
1.34745
1.35969
1.37289
1.38484
1.39348
1.39743
1.3963
1.39006
1.37861
1.36147
1.33786
1.30728
1.27025
1.22869
1.18617
1.14746
1.11801
1.10286
1.10515
1.1247
1.15761
1.19792
1.23989
1.27926
1.31348
1.34111
1.36133
1.37366
1.37773
1.37339
1.36091
1.34222
1.32308
1.31454
1.32819
1.36386
1.40731
1.44288
1.46282
1.46658
1.45709
1.43841
1.41461
1.38908
1.36392
1.34024
1.31906
1.30156
1.28819
1.27784
1.26819
1.2571
1.24369
1.22855
1.21329
1.19999
1.19097
1.18921
1.19777
1.21812
1.24805
1.28189
1.31304
1.33633
1.34923
1.35171
1.34559
1.33339
1.31757
1.29997
1.28191
1.26492
1.25171
1.24604
1.25126
1.26834
1.29497
1.32643
1.35741
1.38347
1.40164
1.41024
1.40875
1.39763
1.37855
1.35405
1.32721
1.3007
1.27634
1.25517
1.23775
1.22441
1.21521
1.20935
1.20492
1.19936
1.19051
1.17784
1.1631
1.15007
1.14355
1.14772
1.16469
1.1939
1.23257
1.27704
1.32382
1.37005
1.41335
1.45138
1.48194
1.50294
1.51278
1.51065
1.49657
1.47156
1.43754
1.39741
1.35508
1.31498
1.28112
1.25617
1.2409
1.23444
1.23491
1.24014
1.24813
1.25706
1.26511
1.27013
1.26996
1.26291
1.24875
1.22919
1.20776
1.18881
1.17594
1.17079
1.17247
1.17829
1.18535
1.19186
1.19777
1.20466
1.21492
1.23058
1.25239
1.27931
1.30857
1.33664
1.36023
1.37717
1.38656
1.38849
1.38371
1.3736
1.36003
1.34494
1.32987
1.31577
1.3034
1.29366
1.28762
1.28537
1.28534
1.28501
1.28275
1.27905
1.27629
1.27681
1.28092
1.2865
1.29058
1.29143
1.28939
1.28615
1.2837
1.28331
1.28516
1.2888
1.29417
1.30215
1.31383
1.32857
1.34283
1.35157
1.35176
1.3444
1.33401
1.32615
1.32461
1.32986
1.33938
1.34919
1.35546
1.35558
1.34871
1.33569
1.31864
1.30023
1.28305
1.26927
1.26029
1.25641
1.25697
1.26036
1.26444
1.26715
1.26738
1.26568
1.26436
1.26684
1.27591
1.29223
1.31386
1.33698
1.35732
1.37134
1.37694
1.37336
1.36116
1.34197
1.31825
1.29295
1.26921
1.24993
1.23726
1.23235
1.23497
1.24357
1.25555
1.26796
1.27815
1.28425
1.28545
1.28147
1.27241
1.25878
1.24173
1.22344
1.20707
1.19619
1.19362
1.20023
1.21454
1.23337
1.25315
1.27125
1.28645
1.29874
1.30863
1.31658
1.32274
1.32702
1.32916
1.32907
1.32687
1.32306
1.31864
1.31487
1.31304
1.31399
1.31782
1.32386
1.33072
1.33691
1.34107
1.34222
1.34005
1.33489
1.32749
1.31892
1.31045
1.30323
1.29821
1.29621
1.29817
1.30484
1.31615
1.33081
1.3463
1.3595
1.36725
1.36713
1.3581
1.34104
1.31866
1.29479
1.27327
1.25691
1.24711
1.24392
1.24648
1.25317
1.26182
1.27009
1.27594
1.27795
1.27533
1.26833
1.25827
1.24777
1.24018
1.23845
1.24398
1.25585
1.27125
1.28644
1.29782
1.30274
1.29997
1.29005
1.27508
1.25795
1.24136
1.22706
1.21552
1.20671
1.20082
1.19858
1.20098
1.20871
1.22153
1.23787
1.25512
1.27036
1.2811
1.28559
1.2835
1.27614
1.26638
1.25841
1.25654
1.26382
1.28085
1.30563
1.33471
1.36414
1.39061
1.41171
1.42607
1.43325
1.43345
1.42747
1.41666
1.40295
1.38903
1.37793
1.37178
1.37055
1.3717
1.37136
1.36605
1.35378
1.33461
1.31029
1.28365
1.25769
1.23479
1.21646
1.20318
1.19482
1.19076
1.19024
1.19262
1.19743
1.20426
1.21273
1.22315
1.23621
1.25243
1.27127
1.29081
1.30842
1.32183
1.32988
1.33268
1.33137
1.3273
1.32157
1.31454
1.30568
1.29377
1.27725
1.2548
1.2263
1.19355
1.16031
1.13161
1.11248
1.10712
1.1179
1.14486
1.18563
1.2356
1.28924
1.3414
1.38815
1.42694
1.45614
1.47466
1.48192
1.47798
1.46362
1.44062
1.41163
1.38012
1.34996
1.32485
1.30772
1.29963
1.29908
1.30202
1.3032
1.29801
1.28405
1.26193
1.23485
1.20743
1.18401
1.16727
1.15818
1.15654
1.16206
1.17453
1.19351
1.21803
1.24646
1.2767
1.30658
1.33414
1.35802
1.3774
1.39204
1.40213
1.40788
1.40909
1.40488
1.39384
1.37459
1.34678
1.31189
1.27339
1.23586
1.20366
1.17981
1.16548
1.16035
1.16328
1.17299
1.18832
1.20826
1.23148
1.25594
1.27926
1.29928
1.31496
1.32668
1.33595
1.34447
1.35304
1.36091
1.36605
1.36621
1.3599
1.34717
1.32972
1.31043
1.29232
1.27748
1.26658
1.25883
1.25257
1.24614
1.23909
1.23275
1.22999
1.23401
1.24643
1.26623
1.28973
1.31206
1.32907
1.33836
1.33941
1.33322
1.32186
1.30802
1.29484
1.28536
1.28167
1.28441
1.29279
1.3052
1.31971
1.33459
1.34862
1.361
1.37127
1.37899
1.38362
1.38449
1.38105
1.37302
1.36064
1.34502
1.32834
1.31327
1.3022
1.29657
1.29671
1.30199
1.31113
1.32208
1.33196
1.33726
1.33439
1.32089
1.29658
1.26411
1.22844
1.19551
1.17034
1.15577
1.15169
1.15581
1.16468
1.17484
1.18382
1.19068
1.19602
1.20173
1.21034
1.22422
1.24465
1.27103
1.30095
1.3312
1.35875
1.38184
1.40021
1.41452
1.42564
1.43406
1.43973
1.44241
1.44201
1.43881
1.43314
1.42488
1.41346
1.39805
1.37765
1.35157
1.31996
1.28479
1.25001
1.22102
1.20266
1.19697
1.20246
1.21514
1.2304
1.2443
1.25421
1.25865
1.25684
1.24864
1.23471
1.21652
1.19661
1.17836
1.16565
1.16213
1.1703
1.19064
1.22142
1.25949
1.3011
1.34241
1.37992
1.41076
1.43305
1.44622
1.45114
1.4495
1.44285
1.43187
1.41625
1.39539
1.3696
1.34061
1.31142
1.28504
1.2634
1.24687
1.23506
1.22786
1.22564
1.22885
1.23754
1.25068
1.2664
1.28276
1.29864
1.31406
1.32984
1.34689
1.36527
1.38375
1.39981
1.41002
1.41127
1.4018
1.38183
1.3535
1.32005
1.28492
1.25114
1.22104
1.19656
1.17931
1.17094
1.1729
1.18588
1.20898
1.23929
1.27245
1.30391
1.32994
1.34824
1.35776
1.35831
1.35043
1.33534
1.31487
1.29137
1.26754
1.24628
1.23035
1.22179
1.22137
1.22839
1.2408
1.25604
1.2716
1.28553
1.29662
1.30444
1.30897
1.3103
1.30883
1.30543
1.30167
1.29921
1.29902
1.30091
1.30397
1.30769
1.31252
1.31998
1.33185
1.34922
1.37178
1.39746
1.42292
1.44431
1.45807
1.46161
1.4537
1.43461
1.40573
1.36952
1.32924
1.28834
1.25007
1.21694
1.19036
1.17077
1.15799
1.15131
1.14971
1.15197
1.15709
1.16442
1.17368
1.18442
1.19565
1.20581
1.21336
1.21718
1.21672
1.21177
1.20265
1.19061
1.17858
1.17107
1.1733
1.18932
1.22051
1.26503
1.3184
1.37471
1.42806
1.47345
1.50754
1.52873
1.537
1.53386
1.52188
1.50429
1.4842
1.46418
1.44569
1.42872
1.41202
1.39361
1.37179
1.34622
1.31828
1.29064
1.26628
1.24729
1.23438
1.22711
1.22462
1.22599
1.23048
1.23721
1.24468
1.25086
1.25341
1.25055
1.24162
1.22735
1.20984
1.19214
1.17784
1.17067
1.1737
1.18829
1.21309
1.2445
1.27798
1.30928
1.33515
1.35351
1.36349
1.36534
1.36008
1.3492
1.33424
1.31669
1.29792
1.27898
1.261
1.24525
1.23306
1.22575
1.22401
1.22738
1.23425
1.24254
1.25052
1.25715
1.26206
1.26535
1.26723
1.2677
1.26663
1.26414
1.26123
1.26002
1.26335
1.27383
1.29246
1.31754
1.34524
1.37122
1.39207
1.40566
1.4109
1.40734
1.39556
1.37724
1.35543
1.33383
1.31568
1.30263
1.29465
1.2904
1.28831
1.2873
1.28691
1.28746
1.2899
1.29525
1.30383
1.31449
1.32462
1.331
1.3307
1.32222
1.30568
1.28243
1.25455
1.2242
1.19361
1.16531
1.14208
1.12672
1.12174
1.12887
1.14877
1.18078
1.22298
1.27209
1.32371
1.37288
1.41479
1.44577
1.46355
1.46736
1.4581
1.43811
1.4111
1.38123
1.35142
1.32232
1.29284
1.26212
1.23116
1.20325
1.18297
1.17447
1.1798
1.19793
1.22527
1.25715
1.28912
1.31761
1.34019
1.35557
1.36351
1.36482
1.36091
1.35324
1.34299
1.33088
1.3175
1.30358
1.2903
1.27904
1.27072
1.26523
1.26156
1.25872
1.25681
1.25759
1.26382
1.27784
1.30008
1.3285
1.35889
1.38647
1.40734
1.4194
1.42255
1.41812
1.40794
1.39368
1.37694
1.35961
1.34441
1.33453
1.33198
1.33618
1.34385
1.35036
1.35158
1.34501
1.3305
1.30993
1.28669
1.26469
1.24735
1.23693
1.23422
1.23882
1.24893
1.26189
1.27456
1.28416
1.289
1.2887
1.2842
1.27726
1.26988
1.26335
1.25793
1.2529
1.24737
1.24086
1.23363
1.22665
1.22133
1.21906
1.22088
1.22708
1.23713
1.25007
1.26477
1.28036
1.29629
1.31213
1.3273
1.34126
1.35332
1.36257
1.36765
1.36697
1.35954
1.34582
1.32812
1.31017
1.29623
1.28993
1.29301
1.30478
1.32219
1.34064
1.35524
1.362
1.35861
1.34482
1.32249
1.29508
1.26705
1.2428
1.22584
1.21801
1.21931
1.22841
1.24325
1.26187
1.28283
1.30546
1.32938
1.35388
1.37754
1.39832
1.41408
1.42317
1.42491
1.42002
1.41034
1.39811
1.3855
1.37431
1.36577
1.36064
1.35902
1.35977
1.36036
1.35752
1.34843
1.33149
1.30683
1.27607
1.24184
1.20722
1.17541
1.14924
1.13106
1.12242
1.12398
1.1354
1.15523
1.18078
1.2086
1.23534
1.25885
1.27875
1.29545
1.30893
1.3183
1.32237
1.32113
1.31606
1.30991
1.30542
1.30457
1.30807
1.31522
1.32422
1.33252
1.3376
1.33754
1.33137
1.31902
1.30176
1.28247
1.26573
1.25675
1.25928
1.27375
1.29737
1.32562
1.35374
1.37779
1.39506
1.40421
1.40498
1.39775
1.38304
1.36145
1.3341
1.30309
1.27163
1.2435
1.22207
1.20946
1.20595
1.20997
1.21891
1.22996
1.24077
1.24998
1.25765
1.26538
1.27554
1.29007
1.30954
1.33263
1.35662
1.37818
1.39416
1.40254
1.40262
1.39522
1.38239
1.36672
1.35076
1.33655
1.32523
1.31694
1.31076
1.30508
1.29807
1.28873
1.27762
1.26664
1.25777
1.25184
1.24831
1.24639
1.24588
1.24719
1.25085
1.25688
1.26432
1.27156
1.27702
1.27983
1.28028
1.27974
1.28004
1.28252
1.28731
1.29341
1.29931
1.30392
1.30708
1.30916
1.3108
1.31258
1.31496
1.31828
1.32248
1.3268
1.32996
1.33102
1.3299
1.32774
1.32648
1.32801
1.33323
1.3412
1.34909
1.35294
1.34909
1.33542
1.31213
1.28184
1.24911
1.21964
1.19918
1.19224
1.20086
1.22366
1.25586
1.29066
1.32064
1.33975
1.34471
1.33584
1.31665
1.29261
1.2694
1.25157
1.24241
1.24403
1.25734
1.28145
1.31369
1.35019
1.38671
1.41933
1.44513
1.4625
1.47124
1.47202
1.466
1.45445
1.43852
1.41888
1.39514
1.36646
1.33248
1.29432
1.25504
1.2192
1.19131
1.17438
1.16934
1.1749
1.18799
1.2043
1.21932
1.22944
1.23306
1.23123
1.227
1.2241
1.22539
1.23233
1.24539
1.26447
1.2889
1.31695
1.34553
1.37093
1.38983
1.40043
1.40295
1.39924
1.39194
1.3829
1.37239
1.35932
1.34213
1.32032
1.29492
1.26854
1.24479
1.22741
1.2191
1.22081
1.23191
1.25051
1.27379
1.29774
1.31733
1.32793
1.32722
1.31628
1.29898
1.28039
1.26527
1.25729
1.25842
1.26861
1.28583
1.30671
1.32747
1.3447
1.35567
1.35832
1.35144
1.33514
1.31207
1.28813
1.2706
1.26342
1.26464
1.26933
1.27403
1.27822
1.28303
1.28983
1.29929
1.31102
1.32375
1.33555
1.3444
1.34895
1.34918
1.34684
1.34522
1.34804
1.35732
1.37198
1.38824
1.40152
1.40831
1.40674
1.39666
1.37909
1.35569
1.32857
1.30044
1.2746
1.25464
1.24366
1.24326
1.25295
1.26998
1.2899
1.30754
1.31806
1.31851
1.30875
1.29174
1.27241
1.25518
1.24192
1.23157
1.22163
1.2105
1.19863
1.18908
1.18608
1.19322
1.21148
1.23879
1.27091
1.30297
1.33086
1.35184
1.36473
1.36967
1.36776
1.36086
1.35121
1.34144
1.33422
1.3318
1.33506
1.34295
1.35268
1.36038
1.36241
1.35671
1.34367
1.32591
1.30731
1.29157
1.2809
1.27577
1.27537
1.27836
1.28338
1.28887
1.29327
1.2955
1.29562
1.29509
1.29611
1.30055
1.30885
1.31977
1.33097
1.34021
1.34598
1.34769
1.3452
1.33877
1.3291
1.31751
1.30576
1.29583
1.28927
1.2869
1.28868
1.29392
1.30156
1.31039
1.31918
1.32698
1.33348
1.33884
1.34324
1.34633
1.34715
1.34472
1.33875
1.32988
1.31967
1.30985
1.30174
1.29586
1.29171
1.28819
1.28383
1.27724
1.26733
1.25347
1.23602
1.21635
1.19659
1.1797
1.16921
1.1683
1.17876
1.20038
1.23096
1.26669
1.30301
1.33583
1.36281
1.38339
1.39782
1.4061
1.4076
1.40165
1.38814
1.36796
1.3428
1.31454
1.28485
1.25552
1.22896
1.20823
1.19621
1.19467
1.20368
1.22169
1.24649
1.27588
1.30856
1.34362
1.37938
1.4124
1.43845
1.45429
1.45857
1.45169
1.43514
1.41113
1.38263
1.35293
1.32508
1.30114
1.28163
1.26568
1.25177
1.23863
1.22604
1.21536
1.2093
1.21101
1.22268
1.24431
1.2734
1.30514
1.33358
1.35325
1.36059
1.35478
1.33809
1.31517
1.29179
1.27275
1.26037
1.25442
1.25341
1.25584
1.26046
1.26658
1.27401
1.2832
1.29483
1.30898
1.32452
1.33938
1.35138
1.35893
1.3613
1.35851
1.35113
1.34024
1.32745
1.31469
1.30408
1.29741
1.29549
1.29773
1.30254
1.30799
1.31263
1.3159
1.31782
1.31873
1.31947
1.32131
1.32555
1.33283
1.34235
1.35216
1.35995
1.36369
1.36212
1.35494
1.34261
1.32618
1.3069
1.286
1.26468
1.24451
1.22742
1.21558
1.21064
1.2129
1.22083
1.23132
1.24071
1.24651
1.24875
1.24997
1.25393
1.26382
1.28104
1.30494
1.33323
1.36266
1.38962
1.41067
1.42312
1.42528
1.41676
1.39852
1.37246
1.34138
1.30831
1.27626
1.24781
1.22501
1.20946
1.20205
1.20262
1.20981
1.22144
1.23517
1.24889
1.26121
1.27185
1.2814
1.29071
1.29993
1.30842
1.31497
1.3186
1.31903
1.31697
1.31401
1.31195
1.31196
1.31406
1.31729
1.32073
1.32406
1.32791
1.3327
1.3381
1.34307
1.34626
1.34607
1.34081
1.32922
1.31119
1.28805
1.26204
1.23578
1.21204
1.19387
1.18465
1.18751
1.20405
1.2335
1.27236
1.31505
1.3557
1.38953
1.41372
1.42743
1.4312
1.42648
1.4153
1.40015
1.38352
1.367
1.35091
1.33462
1.31774
1.30162
1.28984
1.28627
1.2919
1.30376
1.31764
1.3321
1.34857
1.36744
1.38516
1.39611
1.39636
1.3852
1.36473
1.33861
1.31121
1.28644
1.26649
1.25142
1.23978
1.22991
1.22135
1.21498
1.21225
1.21419
1.22054
1.22963
1.23892
1.24603
1.24969
1.2504
1.25022
1.25199
1.25832
1.27039
1.28764
1.30793
1.32823
1.34555
1.35767
1.36346
1.36302
1.35739
1.34822
1.33754
1.32763
1.3206
1.31745
1.31783
1.32002
1.32154
1.31998
1.31357
1.30158
1.28445
1.264
1.24323
1.22589
1.21558
1.21451
1.22277
1.23846
1.25875
1.28096
1.30284
1.32254
1.33819
1.34824
1.35183
1.3489
1.34092
1.33083
1.32278
1.32011
1.32294
1.32811
1.33177
1.33167
1.32757
1.32002
1.30974
1.29752
1.2844
1.27188
1.2616
1.25497
1.2528
1.25491
1.26012
1.26659
1.27253
1.27695
1.28031
1.28433
1.2913
1.30294
1.31976
1.34074
1.36349
1.38459
1.40046
1.40813
1.40621
1.3953
1.37749
1.3556
1.33206
1.30874
1.28707
1.26848
1.25446
1.24621
1.24404
1.24713
1.25393
1.26288
1.2728
1.28294
1.29276
1.30171
1.30899
1.31388
1.31643
1.31806
1.32104
1.3269
1.33485
1.34197
1.34477
1.34095
1.33039
1.3148
1.29703
1.27996
1.26581
1.2557
1.2499
1.24799
1.24885
1.25038
1.24989
1.24524
1.23599
1.22386
1.21163
1.20164
1.19473
1.19027
1.18744
1.18653
1.18954
1.19967
1.21969
1.24962
1.28597
1.32301
1.35502
1.37835
1.39223
1.39816
1.39897
1.39763
1.3963
1.396
1.39669
1.39759
1.39764
1.39573
1.39127
1.3847
1.37732
1.3709
1.36676
1.36486
1.36376
1.36137
1.35587
1.34658
1.33363
1.31767
1.29936
1.27922
1.25786
1.23628
1.21635
1.20028
1.18973
1.18508
1.18505
1.18732
1.18949
1.19015
1.18925
1.18778
1.18745
1.19005
1.19713
1.20975
1.22789
1.25063
1.27619
1.30237
1.3273
1.34979
1.36935
1.38582
1.3991
1.40871
1.41384
1.41338
1.40639
1.39238
1.37162
1.34537
1.31638
1.2891
1.26849
1.25768
1.25665
1.26303
1.27415
1.28849
1.30571
1.32557
1.34703
1.36806
1.38637
1.4
1.4074
1.40739
1.39951
1.38485
1.36581
1.34504
1.32384
1.30153
1.27644
1.24748
1.21563
1.18414
1.1577
1.14096
1.13691
1.14579
1.16517
1.19105
1.21909
1.24543
1.26685
1.28116
1.28786
1.28861
1.28713
1.28828
1.29638
1.3136
1.33851
1.36624
1.39059
1.40664
1.41203
1.40736
1.39536
1.37969
1.36398
1.35106
1.34263
1.33892
1.33864
1.33922
1.33766
1.33165
1.32065
1.30618
1.29144
1.28006
1.27453
1.27516
1.28015
1.28648
1.29115
1.29211
1.28871
1.28137
1.27109
1.25903
1.24618
1.23367
1.22336
1.21774
1.21879
1.22612
1.23646
1.24536
1.24948
1.24773
1.24082
1.23062
1.21963
1.2105
1.20538
1.20558
1.2115
1.22286
1.23903
1.25927
1.28292
1.30915
1.3363
1.3615
1.38083
1.3905
1.38806
1.37359
1.34962
1.32067
1.2921
1.26912
1.25588
1.25492
1.26665
1.28939
1.31992
1.35403
1.38733
1.41589
1.43651
1.44685
1.44573
1.43304
1.40979
1.37787
1.34018
1.30073
1.2645
1.23637
1.21939
1.21339
1.21506
1.21995
1.22433
1.22658
1.22735
1.22858
1.2321
1.23851
1.24704
1.25629
1.26479
1.27146
1.27602
1.27924
1.28269
1.28803
1.29597
1.30585
1.31596
1.32426
1.32935
1.33069
1.32893
1.32558
1.32238
1.32034
1.31903
1.31684
1.31227
1.30489
1.29571
1.28646
1.2787
1.27329
1.27015
1.26847
1.26678
1.26367
1.25857
1.25205
1.24563
1.24091
1.2386
1.23844
1.2398
1.24237
1.24637
1.25218
1.25995
1.26945
1.2802
1.29164
1.30356
1.31604
1.32919
1.34306
1.3574
1.37151
1.38437
1.39482
1.40166
1.4037
1.39993
1.38957
1.37197
1.34684
1.31486
1.27827
1.24148
1.21089
1.19328
1.19291
1.20926
1.23727
1.26973
1.3001
1.32399
1.33911
1.34496
1.34255
1.33423
1.32337
1.31348
1.30722
1.30548
1.30711
1.30956
1.30983
1.30532
1.29446
1.27715
1.25464
1.2293
1.20423
1.18271
1.16803
1.16315
1.17024
1.19002
1.22103
1.25951
1.30031
1.33775
1.36667
1.38314
1.38488
1.37188
1.34658
1.31383
1.28013
1.25226
1.23529
1.23104
1.23779
1.25164
1.26804
1.28329
1.29524
1.30334
1.30841
1.3124
1.31737
1.32466
1.33435
1.34526
1.35539
1.36253
1.36471
1.36063
1.34986
1.33318
1.31248
1.29027
1.26904
1.2507
1.23658
1.22735
1.22308
1.22335
1.22758
1.23549
1.24701
1.26165
1.27806
1.294
1.30722
1.31618
1.32025
1.31966
1.31479
1.30574
1.29258
1.27624
1.25918
1.24537
1.23896
1.24269
1.25647
1.27736
1.3009
1.32266
1.33974
1.35111
1.35737
1.36014
1.36104
1.36127
1.36109
1.35994
1.35666
1.35003
1.3393
1.32477
1.30785
1.29094
1.27678
1.26722
1.26256
1.26166
1.26279
1.26444
1.26563
1.2658
1.2647
1.26237
1.25918
1.2561
1.25431
1.2549
1.2583
1.2639
1.26998
1.27418
1.27446
1.27062
1.26564
1.26533
1.27527
1.2962
1.32208
1.34373
1.35404
1.35058
1.33516
1.3121
1.28648
1.26324
1.24711
1.24255
1.25269
1.27717
1.31092
1.34583
1.37414
1.39066
1.39321
1.38212
1.35965
1.3295
1.29662
1.26675
1.24543
1.23643
1.24083
1.25727
1.28257
1.31272
1.34365
1.37159
1.39355
1.40754
1.41276
1.40904
1.39665
1.37601
1.34785
1.31368
1.27634
1.24016
1.21047
1.19241
1.18905
1.20037
1.22376
1.25524
1.29047
1.32515
1.35526
1.37726
1.38859
1.38799
1.37596
1.35506
1.32929
1.30295
1.27976
1.26278
1.25463
1.25678
1.26854
1.28627
1.30425
1.31687
1.32041
1.31398
1.29914
1.27898
1.25747
1.23894
1.22719
1.22427
1.22993
1.24197
1.25738
1.27293
1.28584
1.29409
1.29714
1.29586
1.29222
1.28861
1.28727
1.29009
1.29815
1.31136
1.32821
1.34636
1.36342
1.37775
1.38859
1.396
1.40048
1.40247
1.40181
1.39795
1.39017
1.37805
1.36165
1.34171
1.3192
1.29506
1.27003
1.24494
1.22101
1.1996
1.1816
1.1679
1.16022
1.16152
1.17451
1.19939
1.233
1.26964
1.30306
1.32865
1.34471
1.35223
1.35386
1.35253
1.35061
1.34958
1.34991
1.35107
1.35192
1.35137
1.34864
1.34356
1.33678
1.3299
1.32535
1.32583
1.33301
1.34659
1.36425
1.38208
1.39545
1.40026
1.3939
1.37586
1.34788
1.31353
1.27725
1.24334
1.21523
1.19492
1.18331
1.18061
1.18641
1.19977
1.21891
1.24126
1.26384
1.28382
1.29892
1.30787
1.3105
1.30812
1.30345
1.30033
1.30248
1.31214
1.32913
1.35077
1.3729
1.39148
1.40366
1.4082
1.40536
1.39628
1.38262
1.36625
1.34895
1.3322
1.31665
1.30159
1.28518
1.2652
1.24048
1.21214
1.18379
1.16064
1.14754
1.14723
1.15952
1.18151
1.20877
1.23695
1.26298
1.28552
1.30472
1.32176
1.33853
1.35708
1.37861
1.40238
1.42537
1.44328
1.4519
1.44842
1.43201
1.40388
1.36738
1.32729
1.28877
1.25646
1.23382
1.2226
1.22284
1.23278
1.24948
1.26959
1.29045
1.31051
1.3293
1.3466
1.36163
1.37259
1.37669
1.3711
1.35434
1.32694
1.29165
1.2528
1.21517
1.18305
1.15938
1.14563
1.14189
1.14723
1.16057
1.18101
1.20752
1.23822
1.27017
1.29944
1.32212
1.33534
1.33806
1.33107
1.31705
1.30034
1.28635
1.28052
1.28645
1.30415
1.32984
1.35711
1.37911
1.39062
1.38944
1.37733
1.35976
1.34385
1.33464
1.33231
1.3328
1.33135
1.32496
1.31304
1.29669
1.27803
1.25987
1.2453
1.23712
1.2369
1.24473
1.25901
1.2768
1.29431
1.30765
1.31367
1.31119
1.30126
1.28697
1.27246
1.26163
1.25744
1.26135
1.27335
1.2922
1.31577
1.34149
1.36689
1.38964
1.40776
1.41951
1.42372
1.41975
1.40757
1.38789
1.36251
1.33454
1.30766
1.28473
1.26687
1.2532
1.24218
1.23253
1.224
1.21704
1.21235
1.21011
1.20975
1.21023
1.21085
1.21203
1.21538
1.22283
1.2353
1.25222
1.27171
1.29178
1.31116
1.32963
1.34729
1.36368
1.37748
1.38718
1.39202
1.39239
1.38928
1.38378
1.3764
1.36721
1.35625
1.34404
1.33153
1.31964
1.3092
1.30076
1.29459
1.29091
1.28948
1.28948
1.28955
1.28791
1.28303
1.27413
1.26195
1.24892
1.23887
1.23607
1.24396
1.26362
1.29323
1.32843
1.36366
1.39343
1.41367
1.42223
1.4191
1.40616
1.38687
1.36556
1.34638
1.33186
1.3224
1.31666
1.31241
1.30718
1.29853
1.28433
1.2631
1.23457
1.20019
1.16305
1.12752
1.0988
1.08202
1.0811
1.09769
1.13049
1.17605
1.22973
1.28674
1.34249
1.39287
1.43407
1.46287
1.47681
1.47457
1.45623
1.42312
1.378
1.32471
1.2682
1.21415
1.16827
1.13538
1.1185
1.11835
1.13349
1.16085
1.19651
1.23664
1.27806
1.31856
1.35686
1.39209
1.42289
1.44689
1.46118
1.46352
1.45348
1.43318
1.40696
1.38031
1.35799
1.34271
1.33498
1.33357
1.33657
1.34183
1.34718
1.35023
1.34851
1.34
1.32411
1.30227
1.27774
1.25472
1.23684
1.22599
1.2222
1.22424
1.23048
1.23931
1.24911
1.25784
1.26339
1.26436
1.26114
1.25618
1.25324
1.25598
1.26675
1.28583
1.31162
1.34093
1.36968
1.39363
1.40915
1.41372
1.40647
1.38797
1.35976
1.32382
1.28229
1.23767
1.1933
1.15341
1.12309
1.10723
1.10934
1.1303
1.16763
1.21559
1.26682
1.31438
1.35335
1.38135
1.39813
1.40475
1.40305
1.39538
1.38447
1.37326
1.36451
1.36028
1.36121
1.36644
1.3739
1.38097
1.38527
1.38471
1.37745
1.36211
1.33805
1.30621
1.26966
1.23343
1.20359
1.18556
1.1824
1.19363
1.21549
1.24253
1.26955
1.29276
1.30984
1.31937
1.3208
1.31471
1.30325
1.28985
1.27851
1.27238
1.27288
1.27983
1.29176
1.30673
1.32254
1.33679
1.34726
1.35231
1.35139
1.34538
1.33637
1.32687
1.31855
1.31175
1.30554
1.29844
1.2889
1.27559
1.25779
1.23595
1.21202
1.18909
1.17036
1.15808
1.15303
1.15471
1.1618
1.17287
1.18681
1.20306
1.22121
1.24073
1.26065
1.27981
1.29699
1.31111
1.32106
1.3259
1.3254
1.32059
1.31411
1.30981
1.31155
1.32171
1.34028
1.36469
1.39094
1.41491
1.43345
1.4448
1.44826
1.44391
1.43191
1.41281
1.38809
1.36039
1.33347
1.31098
1.29542
1.28752
1.28678
1.29209
1.30211
1.31491
1.32759
1.33656
1.33857
1.33217
1.31836
1.29987
1.27996
1.2614
1.24631
1.23603
1.23099
1.23064
1.23359
1.23813
1.24297
1.24754
1.25203
1.25712
1.26353
1.27185
1.28225
1.2941
1.30567
1.31448
1.31812
1.31523
1.30594
1.29157
1.2741
1.25562
1.23807
1.22325
1.2128
1.20848
1.21176
1.22281
1.23971
1.25874
1.27578
1.28788
1.29396
1.29446
1.29043
1.28302
1.273
1.26088
1.24701
1.23188
1.21641
1.20218
1.19157
1.1875
1.19262
1.20837
1.23426
1.26788
1.30547
1.34276
1.37564
1.40073
1.41596
1.42074
1.41613
1.40474
1.39034
1.3773
1.36957
1.36982
1.37898
1.39569
1.4163
1.43575
1.44877
1.45127
1.44098
1.41753
1.38259
1.33959
1.29338
1.24961
1.21381
1.19036
1.18134
1.18579
1.19978
1.21773
1.23403
1.24449
1.24709
1.24249
1.23364
1.22485
1.22032
1.22272
1.23228
1.24687
1.26299
1.27717
1.28681
1.29069
1.2891
1.28399
1.27841
1.27584
1.27854
1.28658
1.29793
1.30975
1.31975
1.32694
1.33146
1.33433
1.33694
1.34047
1.34538
1.351
1.35547
1.35641
1.35188
1.34087
1.32375
1.30192
1.27738
1.25225
1.22864
1.20853
1.19392
1.18676
1.1888
1.20075
1.22162
1.24857
1.27779
1.30552
1.32903
1.34708
1.35955
1.36643
1.36647
1.35757
1.33869
1.31136
1.27991
1.25061
1.22963
1.22118
1.22642
1.24329
1.26756
1.29423
1.3192
1.33979
1.35506
1.36557
1.37277
1.37825
1.38287
1.38652
1.38813
1.38628
1.37959
1.36779
1.35189
1.33365
1.31508
1.29778
1.28265
1.27019
1.26072
1.25456
1.25168
1.25139
1.25239
1.25315
1.25291
1.25214
1.2521
1.25401
1.25864
1.26647
1.278
1.29367
1.3133
1.33517
1.35626
1.37314
1.38317
1.38537
1.38044
1.37027
1.35746
1.34429
1.33176
1.31982
1.30777
1.29501
1.28134
1.26719
1.25377
1.24282
1.23632
1.23584
1.24194
1.25404
1.27053
1.28913
1.30747
1.32337
1.33525
1.34215
1.34371
1.34033
1.33339
1.3249
1.31705
1.31159
1.30942
1.31059
1.31465
1.32067
1.32749
1.33391
1.33877
1.34081
1.33884
1.33199
1.32011
1.30401
1.28548
1.26717
1.25225
1.24356
1.24295
1.25067
1.26514
1.28377
1.3037
1.3225
1.33829
1.34912
1.35252
1.34562
1.32617
1.29464
1.25609
1.21992
1.19591
1.18841
1.19435
1.20711
1.22112
1.23369
1.24429
1.25321
1.26087
1.26768
1.27411
1.28067
1.2877
1.295
1.30154
1.30605
1.3076
1.30621
1.3028
1.29899
1.29628
1.29537
1.2957
1.29565
1.29321
1.28693
1.27668
1.26405
1.25205
1.24421
1.24339
1.25087
1.26645
1.28874
1.31531
1.34259
1.36616
1.38171
1.38636
1.3795
1.36307
1.34137
1.31981
1.30312
1.29355
1.29026
1.29022
1.28984
1.28676
1.28103
1.27509
1.27238
1.27564
1.28557
1.30096
1.31962
1.33908
1.35651
1.36894
1.37387
1.36978
1.35695
1.33756
1.31541
1.29486
1.27972
1.27179
1.27057
1.27381
1.27897
1.28421
1.28903
1.29399
1.29994
1.30732
1.31551
1.32268
1.32634
1.32438
1.31656
1.30516
1.29413
1.28708
1.28519
1.28657
1.2876
1.28501
1.27769
1.2675
1.25826
1.25334
1.25365
1.25786
1.26426
1.27227
1.28238
1.29495
1.30956
1.32495
1.33941
1.35151
1.36052
1.36643
1.36946
1.36933
1.36487
1.35478
1.33872
1.31838
1.29736
1.27992
1.26917
1.26598
1.2689
1.27557
1.28381
1.29205
1.29892
1.30275
1.30164
1.29434
1.28127
1.26503
1.24998
1.24064
1.24005
1.24868
1.26455
1.28397
1.30239
1.31544
1.31981
1.31429
1.30011
1.28046
1.25939
1.2406
1.22646
1.21792
1.21501
1.21756
1.22579
1.24035
1.26172
1.2889
1.31836
1.34486
1.36403
1.37419
1.3762
1.37208
1.36375
1.35264
1.34007
1.32777
1.31786
1.31193
1.30986
1.30936
1.30704
1.30057
1.29037
1.2795
1.27263
1.27402
1.28548
1.30552
1.32983
1.35271
1.36874
1.37406
1.36682
1.34746
1.3183
1.2829
1.24556
1.21059
1.18183
1.16241
1.15446
1.1591
1.17647
1.20553
1.24392
1.2879
1.33255
1.37258
1.40319
1.42125
1.426
1.41886
1.40249
1.37943
1.35156
1.32033
1.28767
1.25645
1.23005
1.21119
1.20116
1.19989
1.2068
1.22139
1.24313
1.27094
1.30291
1.33649
1.36902
1.39834
1.42303
1.44243
1.45631
1.46484
1.46826
1.46669
1.45987
1.44707
1.42718
1.39921
1.36293
1.31968
1.27276
1.2271
1.18833
1.1614
1.14918
1.1517
1.16625
1.18841
1.21322
1.2364
1.25494
1.26703
1.27207
1.27065
1.26474
1.25771
1.25365
1.2556
1.26337
1.27376
1.28305
1.28926
1.29217
1.29244
1.29094
1.2887
1.28708
1.2875
1.29087
1.29649
1.30227
1.306
1.30747
1.30945
1.31569
1.32677
1.33854
1.34523
1.34348
1.33352
1.31851
1.30282
1.29065
1.28493
1.28669
1.29533
1.309
1.32534
1.34211
1.35736
1.3693
1.37643
1.37781
1.37384
1.36588
1.35568
1.34436
1.33201
1.31826
1.30309
1.28755
1.27382
1.26445
1.26122
1.26439
1.27293
1.28502
1.29844
1.3104
1.31791
1.31883
1.31268
1.30083
1.28531
1.26763
1.24887
1.23027
1.21368
1.20122
1.19459
1.19471
1.20176
1.2153
1.23435
1.25718
1.2814
1.30418
1.323
1.33618
1.34335
1.34534
1.34379
1.34072
1.33787
1.33651
1.33714
1.33941
1.34239
1.34499
1.34631
1.34572
1.34299
1.33811
1.33113
1.32229
1.31198
1.30051
1.28803
1.27443
1.25988
1.24559
1.23433
1.22973
1.2343
1.24756
1.26622
1.28589
1.30322
1.31673
1.32646
1.33336
1.33845
1.34277
1.34719
1.35195
1.35651
1.35993
1.36151
1.36149
1.36073
1.36002
1.35952
1.35871
1.35723
1.35543
1.35464
1.35646
1.36157
1.36899
1.37621
1.38006
1.3777
1.36705
1.34708
1.31819
1.28235
1.24301
1.20482
1.17275
1.15057
1.13998
1.14054
1.15052
1.16761
1.18915
1.21226
1.23382
1.25084
1.26104
1.26343
1.25884
1.25009
1.24151
1.23776
1.24225
1.25606
1.27781
1.3044
1.3326
1.36015
1.38593
1.40933
1.42966
1.44579
1.45643
1.46066
1.45822
1.44979
1.43649
1.41936
1.39878
1.37491
1.34842
1.32122
1.29632
1.27687
1.26503
1.26101
1.26288
1.26738
1.27139
1.27306
1.27213
1.26919
1.26469
1.25825
1.24937
1.23821
1.22605
1.215
1.20751
1.20583
1.2112
1.2234
1.2404
1.25922
1.27689
1.29164
1.30326
1.31215
1.31829
1.32089
1.31898
1.31253
1.30301
1.29289
1.2849
1.28097
1.2818
1.28728
1.29714
1.31157
1.33093
1.35454
1.37984
1.40295
1.4198
1.42755
1.42561
1.41551
1.40021
1.38269
1.36498
1.34824
1.33316
1.32031
1.30963
1.29943
1.28688
1.2695
1.2468
1.22097
1.19643
1.17842
1.17119
1.17655
1.19319
1.21734
1.24391
1.26801
1.28589
1.29602
1.29932
1.29877
1.2983
1.30107
1.30827
1.31906
1.33183
1.34509
1.35808
1.37037
1.38146
1.39044
1.3959
1.3962
1.38974
1.37525
1.35217
1.32112
1.2841
1.24465
1.20741
1.1773
1.15828
1.15274
1.16168
1.18488
1.2206
1.26475
1.31088
1.35184
1.38181
1.39767
1.39943
1.38937
1.37075
1.34689
1.32079
1.29503
1.27175
1.2524
1.23781
1.22834
1.22389
1.2241
1.2284
1.23632
1.24744
1.26081
1.27465
1.28646
1.29385
1.2952
1.29036
1.28097
1.2702
1.262
1.25989
1.26566
1.27876
1.29672
1.31594
1.33285
1.34472
1.34998
1.34841
1.34085
1.32878
1.31402
1.29831
1.28314
1.26963
1.25868
1.25122
1.24848
1.25214
1.26394
1.28422
1.31057
1.33766
1.35905
1.3697
1.36759
1.35397
1.33262
1.3088
1.28788
1.2741
1.26955
1.27387
1.28452
1.29775
1.30965
1.31678
1.31678
1.30873
1.29355
1.27399
1.25437
1.23971
1.2344
1.24089
1.25838
1.28296
1.30943
1.33307
1.35103
1.36275
1.36923
1.37236
1.37392
1.37479
1.37447
1.37123
1.36294
1.34845
1.32831
1.30477
1.28129
1.26153
1.24851
1.24372
1.24698
1.25641
1.26921
1.28241
1.29392
1.30295
1.30984
1.31547
1.32039
1.32459
1.32732
1.32767
1.32527
1.32093
1.31685
1.31579
1.31986
1.32914
1.3414
1.35282
1.35943
1.35824
1.34827
1.33092
1.30993
1.29075
1.27861
1.27596
1.28131
1.29042
1.29843
1.3017
1.29817
1.28695
1.26811
1.24244
1.21159
1.17849
1.14733
1.12321
1.11133
1.11555
1.13706
1.17397
1.2219
1.27551
1.32971
1.38011
1.42288
1.45497
1.47455
1.48138
1.47692
1.46357
1.44417
1.42093
1.39505
1.36656
1.33488
1.29966
1.26166
1.22348
1.19029
1.1699
1.16984
1.19233
1.23166
1.27707
1.31835
1.34916
1.36761
1.37522
1.37536
1.37166
1.36633
1.35919
1.34808
1.33055
1.30578
1.2758
1.24537
1.2198
1.20265
1.19462
1.19414
1.19918
1.20841
1.22086
1.23504
1.24897
1.26107
1.27121
1.28048
1.28989
1.29909
1.30677
1.31152
1.31271
1.31051
1.30555
1.29855
1.29047
1.28248
1.27581
1.27153
1.27014
1.27146
1.275
1.28037
1.28743
1.29611
1.30587
1.31533
1.3222
1.32393
1.31871
1.30655
1.28942
1.27035
1.25202
1.23598
1.22311
1.21443
1.2114
1.21562
1.22819
1.24909
1.2769
1.30903
1.34216
1.3727
1.39701
1.41208
1.41606
1.40871
1.39153
1.36767
1.34158
1.31801
