33906.7
34055.1
34032
34015.1
38940.3
39236.8
39238.5
39240
39429.7
39364.4
307870
422369
425275
426607
766388
766123
1.14617e+06
1.51515e+06
1.68001e+06
2.10049e+06
2.57922e+06
2.62652e+06
2.92851e+06
3.5892e+06
4.19725e+06
4.45455e+06
5.30873e+06
5.75306e+06
6.71068e+06
7.17104e+06
7.08854e+06
7.42216e+06
7.821e+06
7.87501e+06
8.2788e+06
8.82581e+06
9.58913e+06
1.00126e+07
1.13924e+07
1.18388e+07
1.11402e+07
1.16762e+07
1.20415e+07
1.22586e+07
1.26288e+07
1.29409e+07
1.29978e+07
1.29308e+07
1.31307e+07
1.34814e+07
1.40213e+07
1.3912e+07
1.41832e+07
1.39186e+07
1.34648e+07
1.35069e+07
1.42341e+07
1.40138e+07
1.43939e+07
1.46662e+07
1.4935e+07
1.45632e+07
1.44248e+07
1.41738e+07
1.35983e+07
1.38409e+07
1.3706e+07
1.38641e+07
1.40755e+07
1.4548e+07
1.45135e+07
1.45113e+07
1.42651e+07
1.4154e+07
1.39427e+07
1.36614e+07
1.47287e+07
1.4469e+07
1.40463e+07
1.41484e+07
1.37844e+07
1.38646e+07
1.48382e+07
1.45193e+07
1.41492e+07
1.32328e+07
1.37287e+07
1.35095e+07
1.39492e+07
1.39285e+07
1.37986e+07
1.41762e+07
1.43892e+07
1.39746e+07
1.45752e+07
1.45311e+07
1.48167e+07
1.47865e+07
1.40536e+07
1.40751e+07
1.5397e+07
1.52087e+07
1.52356e+07
1.55663e+07
1.5013e+07
1.58119e+07
1.54276e+07
1.46687e+07
1.51171e+07
1.46925e+07
1.39751e+07
1.42079e+07
1.43445e+07
1.38689e+07
1.44184e+07
1.48569e+07
1.48278e+07
1.47853e+07
1.44663e+07
1.45082e+07
1.48303e+07
1.51469e+07
1.48634e+07
1.45795e+07
1.49594e+07
1.42643e+07
1.41268e+07
1.42545e+07
1.44282e+07
1.3643e+07
1.38766e+07
1.40951e+07
1.35036e+07
1.39715e+07
1.40633e+07
1.42683e+07
1.41512e+07
1.3981e+07
1.37968e+07
1.34617e+07
1.31294e+07
1.26685e+07
1.31202e+07
1.26339e+07
1.28363e+07
1.32276e+07
1.37453e+07
1.48146e+07
1.39626e+07
1.33356e+07
1.36146e+07
1.35507e+07
1.35605e+07
1.32452e+07
1.35668e+07
1.30277e+07
1.34493e+07
1.32263e+07
1.33886e+07
1.36042e+07
1.34557e+07
1.34201e+07
1.36048e+07
1.41474e+07
1.36737e+07
1.35539e+07
1.36607e+07
1.38489e+07
1.40489e+07
1.36799e+07
1.45905e+07
1.4483e+07
1.43508e+07
1.41281e+07
1.43412e+07
1.47352e+07
1.438e+07
1.44785e+07
1.46165e+07
1.46308e+07
1.43388e+07
1.46392e+07
1.42967e+07
1.40171e+07
1.42608e+07
1.36705e+07
1.36779e+07
1.38625e+07
1.37239e+07
1.36042e+07
1.38894e+07
1.4073e+07
1.45711e+07
1.47165e+07
1.51224e+07
1.56763e+07
1.50057e+07
1.54436e+07
1.53051e+07
1.52921e+07
1.42201e+07
1.45401e+07
1.44354e+07
1.39314e+07
1.41863e+07
1.47441e+07
1.47078e+07
1.40875e+07
1.38665e+07
1.37563e+07
1.381e+07
1.36134e+07
1.38751e+07
1.35996e+07
1.39264e+07
1.4315e+07
1.43625e+07
1.4568e+07
1.40945e+07
1.351e+07
1.32679e+07
1.31123e+07
1.32143e+07
1.33612e+07
1.37116e+07
1.39533e+07
1.43448e+07
1.45381e+07
1.40041e+07
1.38985e+07
1.39222e+07
1.40682e+07
1.34015e+07
1.3263e+07
1.33805e+07
1.37139e+07
1.38681e+07
1.37161e+07
1.37868e+07
1.38287e+07
1.39915e+07
1.45478e+07
1.43505e+07
1.4039e+07
1.38917e+07
1.43388e+07
1.48542e+07
1.42741e+07
1.46107e+07
1.48158e+07
1.45965e+07
1.40605e+07
1.40187e+07
1.37164e+07
1.36318e+07
1.40848e+07
1.39883e+07
1.40275e+07
1.43671e+07
1.46631e+07
1.47003e+07
1.51647e+07
1.49075e+07
1.49254e+07
1.48569e+07
1.49827e+07
1.48364e+07
1.46741e+07
1.41352e+07
1.37411e+07
1.38347e+07
1.3838e+07
1.39804e+07
1.4457e+07
1.45933e+07
1.40585e+07
1.40066e+07
1.44093e+07
1.48573e+07
1.48401e+07
1.51318e+07
1.56138e+07
1.47844e+07
1.44294e+07
1.43975e+07
1.4227e+07
1.44045e+07
1.50773e+07
1.44691e+07
1.44202e+07
1.4203e+07
1.35676e+07
1.39569e+07
1.39925e+07
1.40736e+07
1.41011e+07
1.43455e+07
1.45524e+07
1.45632e+07
1.47102e+07
1.40597e+07
1.41189e+07
1.38851e+07
1.45297e+07
1.42263e+07
1.40433e+07
1.35232e+07
1.31838e+07
1.35682e+07
1.34354e+07
1.37489e+07
1.35704e+07
1.35786e+07
1.32946e+07
1.4128e+07
1.43236e+07
1.33899e+07
1.43124e+07
1.44776e+07
1.47261e+07
1.43474e+07
1.38956e+07
1.38847e+07
1.39207e+07
1.37374e+07
1.43902e+07
1.46439e+07
1.47702e+07
1.43617e+07
1.38926e+07
1.41647e+07
1.38112e+07
1.3994e+07
1.40723e+07
1.39778e+07
1.4162e+07
1.39904e+07
1.39951e+07
1.40115e+07
1.38086e+07
1.34903e+07
1.35337e+07
1.38006e+07
1.36522e+07
1.30937e+07
1.28662e+07
1.37581e+07
1.34025e+07
1.3832e+07
1.38565e+07
1.3541e+07
1.36242e+07
1.37908e+07
1.37431e+07
1.37331e+07
1.43624e+07
1.45131e+07
1.41589e+07
1.48701e+07
1.43941e+07
1.47899e+07
1.51864e+07
1.48187e+07
1.46087e+07
1.50714e+07
1.48585e+07
1.53293e+07
1.48594e+07
1.50433e+07
1.46142e+07
1.42395e+07
1.34927e+07
1.34153e+07
1.34288e+07
1.33426e+07
1.34342e+07
1.34665e+07
1.40661e+07
1.39084e+07
1.42832e+07
1.44563e+07
1.44136e+07
1.45287e+07
1.44409e+07
1.42429e+07
1.45169e+07
1.45392e+07
1.42096e+07
1.39695e+07
1.37916e+07
1.43531e+07
1.50056e+07
1.46767e+07
1.42291e+07
1.44974e+07
1.45176e+07
1.42973e+07
1.44579e+07
1.46228e+07
1.46817e+07
1.42173e+07
1.41786e+07
1.44519e+07
1.43998e+07
1.45278e+07
1.40844e+07
1.4644e+07
1.49316e+07
1.46898e+07
1.44798e+07
1.39898e+07
1.42672e+07
1.39584e+07
1.379e+07
1.42801e+07
1.36395e+07
1.38425e+07
1.4094e+07
1.32995e+07
1.3297e+07
1.33996e+07
1.42212e+07
1.39338e+07
1.44331e+07
1.42682e+07
1.44122e+07
1.4431e+07
1.46999e+07
1.42512e+07
1.41034e+07
1.42596e+07
1.42339e+07
1.38953e+07
1.38311e+07
1.44557e+07
1.41638e+07
1.45789e+07
1.45749e+07
1.45594e+07
1.51744e+07
1.51773e+07
1.54231e+07
1.50709e+07
1.45612e+07
1.43877e+07
1.45004e+07
1.40172e+07
1.42671e+07
1.43965e+07
1.44134e+07
1.40932e+07
1.3742e+07
1.35204e+07
1.35577e+07
1.37372e+07
1.39201e+07
1.37696e+07
1.38197e+07
1.4048e+07
1.43829e+07
1.44087e+07
1.43717e+07
1.46414e+07
1.43901e+07
1.4688e+07
1.46338e+07
1.44009e+07
1.40664e+07
1.41034e+07
1.43334e+07
1.41432e+07
1.41928e+07
1.40732e+07
1.43758e+07
1.42246e+07
1.35049e+07
1.34661e+07
1.38549e+07
1.3383e+07
1.3552e+07
1.41348e+07
1.41729e+07
1.48466e+07
1.45677e+07
1.51897e+07
1.42243e+07
1.45721e+07
1.48344e+07
1.49772e+07
1.41779e+07
1.47213e+07
1.48421e+07
1.46468e+07
1.46866e+07
1.47648e+07
1.45332e+07
1.42672e+07
1.42538e+07
1.406e+07
1.3964e+07
1.42016e+07
1.3994e+07
1.39782e+07
1.44367e+07
1.49311e+07
1.45957e+07
1.46429e+07
1.4213e+07
1.41808e+07
1.38103e+07
1.35105e+07
1.37869e+07
1.3972e+07
1.39716e+07
1.41032e+07
1.40891e+07
1.37916e+07
1.39463e+07
1.44975e+07
1.46631e+07
1.44328e+07
1.42361e+07
1.43313e+07
1.40758e+07
1.36613e+07
1.32614e+07
1.30803e+07
1.32747e+07
1.39102e+07
1.37903e+07
1.49779e+07
1.41794e+07
1.43197e+07
1.4821e+07
1.42666e+07
1.4277e+07
1.41696e+07
1.4417e+07
1.41857e+07
1.44267e+07
1.47432e+07
1.47016e+07
1.40269e+07
1.39707e+07
1.42508e+07
1.41127e+07
1.37469e+07
1.35241e+07
1.32437e+07
1.31708e+07
1.30676e+07
1.32917e+07
1.30086e+07
1.33793e+07
1.35131e+07
1.35491e+07
1.33696e+07
1.36459e+07
1.40804e+07
1.43e+07
1.41336e+07
1.42991e+07
1.42559e+07
1.43373e+07
1.43451e+07
1.47688e+07
1.43435e+07
1.3728e+07
1.39577e+07
1.41987e+07
1.4428e+07
1.39824e+07
1.41864e+07
1.42684e+07
1.37038e+07
1.36704e+07
1.38508e+07
1.3385e+07
1.2925e+07
1.30556e+07
1.36291e+07
1.31096e+07
1.38196e+07
1.42138e+07
1.4019e+07
1.40589e+07
1.39213e+07
1.40875e+07
1.443e+07
1.46935e+07
1.48241e+07
1.54208e+07
1.50871e+07
1.49617e+07
1.47099e+07
1.4103e+07
1.40982e+07
1.40689e+07
1.47169e+07
1.53966e+07
1.51566e+07
1.44957e+07
1.41717e+07
1.42639e+07
1.44835e+07
1.44648e+07
1.39683e+07
1.34123e+07
1.38244e+07
1.40104e+07
1.36079e+07
1.35055e+07
1.30405e+07
1.32616e+07
1.31141e+07
1.32776e+07
1.34599e+07
1.37786e+07
1.39669e+07
1.37216e+07
1.39813e+07
1.45341e+07
1.38413e+07
1.33762e+07
1.29366e+07
1.28601e+07
1.27304e+07
1.34718e+07
1.31777e+07
1.33916e+07
1.39486e+07
1.39236e+07
1.42935e+07
1.4089e+07
1.39764e+07
1.35494e+07
1.31416e+07
1.30056e+07
1.29568e+07
1.30823e+07
1.27956e+07
1.32102e+07
1.3556e+07
1.36185e+07
1.32269e+07
1.28107e+07
1.3231e+07
1.3085e+07
1.31496e+07
1.36972e+07
1.36417e+07
1.29167e+07
1.28031e+07
1.25639e+07
1.25087e+07
1.24753e+07
1.24457e+07
1.24771e+07
1.26632e+07
1.29606e+07
1.32734e+07
1.32953e+07
1.32341e+07
1.33559e+07
1.36567e+07
1.40825e+07
1.40125e+07
1.43274e+07
1.45692e+07
1.45847e+07
1.5142e+07
1.52496e+07
1.42712e+07
1.39337e+07
1.40223e+07
1.39678e+07
1.33951e+07
1.31579e+07
1.2966e+07
1.34197e+07
1.30939e+07
1.35234e+07
1.37333e+07
1.38182e+07
1.41691e+07
1.44534e+07
1.46158e+07
1.4754e+07
1.48699e+07
1.45526e+07
1.46319e+07
1.4705e+07
1.48698e+07
1.47706e+07
1.39643e+07
1.42219e+07
1.42905e+07
1.43262e+07
1.50839e+07
1.44473e+07
1.48308e+07
1.42906e+07
1.44346e+07
1.47751e+07
1.45108e+07
1.43254e+07
1.39902e+07
1.4126e+07
1.41508e+07
1.4097e+07
1.4101e+07
1.39149e+07
1.37335e+07
1.33099e+07
1.38425e+07
1.4129e+07
1.4234e+07
1.40694e+07
1.41184e+07
1.43195e+07
1.37745e+07
1.40297e+07
1.41685e+07
1.38055e+07
1.34277e+07
1.35135e+07
1.30993e+07
1.32084e+07
1.32857e+07
1.38437e+07
1.30914e+07
1.30719e+07
1.30036e+07
1.30569e+07
1.36583e+07
1.40752e+07
1.46762e+07
1.49774e+07
1.46461e+07
1.42995e+07
1.39323e+07
1.41209e+07
1.42345e+07
1.49014e+07
1.46458e+07
1.45609e+07
1.51244e+07
1.52105e+07
1.50218e+07
1.50743e+07
1.50006e+07
1.59617e+07
1.58382e+07
1.55653e+07
1.5324e+07
1.48304e+07
1.45393e+07
1.45e+07
1.36295e+07
1.34439e+07
1.33062e+07
1.33581e+07
1.30326e+07
1.28352e+07
1.30559e+07
1.30383e+07
1.30574e+07
1.30355e+07
1.30495e+07
1.30023e+07
1.32788e+07
1.37904e+07
1.40072e+07
1.43288e+07
1.40553e+07
1.45717e+07
1.47802e+07
1.46576e+07
1.45004e+07
1.45053e+07
1.44908e+07
1.42289e+07
1.37953e+07
1.38592e+07
1.37592e+07
1.40709e+07
1.46024e+07
1.46943e+07
1.45704e+07
1.44047e+07
1.47915e+07
1.47753e+07
1.4782e+07
1.48829e+07
1.37844e+07
1.38283e+07
1.39775e+07
1.34483e+07
1.36673e+07
1.33427e+07
1.41867e+07
1.42908e+07
1.40008e+07
1.35609e+07
1.38024e+07
1.38878e+07
1.35172e+07
1.38028e+07
1.42712e+07
1.38474e+07
1.37274e+07
1.31197e+07
1.36805e+07
1.33621e+07
1.31684e+07
1.37453e+07
1.4125e+07
1.50788e+07
1.45691e+07
1.43237e+07
-nan
-nan
-nan
-nan
-nan
-nan
-nan
-nan
-nan
-nan
-nan
-nan
-nan
-nan
-nan
-nan
-nan
-nan
-nan
-nan
-nan
-nan
-nan
-nan
-nan
-nan
-nan
-nan
-nan
-nan
-nan
-nan
-nan
-nan
-nan
-nan
-nan
-nan
-nan
-nan
-nan
-nan
-nan
-nan
-nan
-nan
-nan
-nan
-nan
-nan
-nan
-nan
-nan
-nan
-nan
-nan
-nan
-nan
-nan
-nan
-nan
-nan
-nan
-nan
-nan
-nan
-nan
-nan
-nan
-nan
-nan
-nan
-nan
-nan
-nan
-nan
-nan
-nan
-nan
-nan
-nan
-nan
-nan
-nan
-nan
-nan
-nan
-nan
-nan
-nan
-nan
-nan
-nan
-nan
-nan
-nan
-nan
-nan
-nan
-nan
-nan
-nan
-nan
-nan
-nan
-nan
-nan
-nan
-nan
-nan
-nan
-nan
-nan
-nan
-nan
-nan
-nan
-nan
-nan
-nan
-nan
-nan
-nan
-nan
-nan
-nan
-nan
-nan
-nan
-nan
-nan
-nan
-nan
-nan
-nan
-nan
-nan
-nan
-nan
-nan
-nan
-nan
-nan
-nan
-nan
-nan
-nan
-nan
-nan
-nan
-nan
-nan
-nan
-nan
-nan
-nan
-nan
-nan
-nan
-nan
-nan
-nan
-nan
-nan
-nan
-nan
-nan
-nan
-nan
-nan
-nan
-nan
-nan
-nan
-nan
-nan
-nan
-nan
-nan
-nan
