50860.6
51082.5
51047.8
51022.7
58410.2
58855.6
58858.8
58860
59144.3
59047.8
461805
633553
637925
639910
1.14959e+06
1.14918e+06
1.71926e+06
2.27559e+06
2.52002e+06
3.15088e+06
3.86886e+06
3.93987e+06
4.3957e+06
5.38665e+06
6.29588e+06
6.68245e+06
7.96312e+06
8.62963e+06
1.62643e+08
1.07793e+07
1.06328e+07
1.11336e+07
1.18284e+07
1.18634e+07
1.24182e+07
1.32394e+07
1.43837e+07
3.26563e+10
1.70913e+07
1.77586e+07
1.67108e+07
1.75144e+07
1.84628e+07
1.83882e+07
1.89432e+07
1.94133e+07
1.95175e+07
1.93963e+07
1.96986e+07
2.02226e+07
2.10353e+07
2.11726e+07
2.12761e+07
2.09113e+07
2.01975e+07
2.02637e+07
2.65524e+09
3.31188e+07
2.1625e+07
2.19994e+07
2.42486e+07
2.18464e+07
2.16878e+07
2.14429e+07
2.05079e+07
7.99286e+08
2.06033e+07
2.07963e+07
8.08417e+17
2.18336e+07
2.18328e+07
3.54834e+07
2.13976e+07
2.1232e+07
2.09142e+07
2.05347e+07
2.21029e+07
2.17089e+07
2.10833e+07
2.12392e+07
2.0677e+07
2.0797e+07
2.2394e+07
2.17793e+07
2.12246e+07
5.77103e+07
2.05931e+07
2.02838e+07
2.09241e+07
2.08985e+07
2.06983e+07
2.12643e+07
2.15843e+07
2.09622e+07
2.18629e+07
2.27386e+07
2.34885e+07
2.22203e+07
2.10934e+07
2.17621e+07
2.30957e+07
5.72985e+09
2.28562e+07
2.33596e+07
2.25203e+07
2.37184e+07
2.31435e+07
2.20078e+07
2.53358e+07
2.20406e+07
2.09628e+07
2.1314e+07
2.1537e+07
2.08041e+07
2.16308e+07
2.23011e+07
2.22419e+07
2.47731e+10
2.17007e+07
2.17623e+07
3.69747e+07
2.34202e+07
2.22951e+07
1.63882e+11
2.24392e+07
2.13965e+07
2.16601e+07
2.13826e+07
2.21463e+07
2.04648e+07
2.08177e+07
5.65617e+07
2.02556e+07
7.01006e+07
2.1095e+07
2.14025e+07
2.12283e+07
2.09717e+07
1.04009e+10
2.2118e+07
1.97921e+07
1.9003e+07
1.97856e+07
1.92764e+07
1.92569e+07
1.98418e+07
2.0618e+07
2.22226e+07
2.12691e+07
2.00156e+07
2.04225e+07
2.03268e+07
2.03544e+07
1.98691e+07
8.93e+07
1.95416e+07
2.9723e+07
1.9841e+07
2.00985e+07
2.04065e+07
2.01873e+07
2.01453e+07
2.04114e+07
2.12529e+07
2.13365e+07
2.0345e+07
2.04912e+07
2.07734e+07
2.11279e+07
2.06824e+07
2.1886e+07
5.87809e+07
4.18965e+10
2.11921e+07
2.15118e+07
2.21405e+07
2.157e+07
2.17182e+07
2.19248e+07
2.19532e+07
2.15086e+07
8.41916e+08
1.09025e+11
1.03661e+09
2.13934e+07
2.05133e+07
2.05354e+07
2.08102e+07
2.06969e+07
2.04075e+07
2.08368e+07
2.11151e+07
2.18674e+07
2.38187e+07
5.83503e+08
2.35145e+07
2.29272e+07
2.31924e+07
2.29671e+07
2.29381e+07
2.13352e+07
6.9272e+10
2.20006e+07
2.18145e+07
2.12798e+07
2.21217e+07
2.20618e+07
2.11315e+07
7.21488e+07
2.39438e+07
2.07226e+07
2.09761e+07
2.09594e+07
2.04019e+07
2.09123e+07
2.14726e+07
2.15439e+07
2.19599e+07
2.1593e+07
2.02717e+07
5.85604e+10
1.98548e+07
1.98215e+07
3.31176e+07
2.05674e+07
2.10162e+07
2.15231e+07
2.18284e+07
3.51888e+07
2.08478e+07
2.08835e+07
2.11026e+07
2.01406e+07
2.37037e+07
2.00763e+07
2.06095e+07
2.33521e+07
2.05747e+07
2.06808e+07
2.0743e+07
2.0988e+07
2.3348e+07
2.99089e+07
2.21265e+07
2.08382e+07
2.17958e+07
2.22813e+07
2.15111e+07
2.19162e+07
2.22409e+07
2.19315e+07
2.11145e+07
2.10302e+07
2.05763e+07
2.11247e+07
2.11346e+07
2.56458e+07
2.10415e+07
2.15509e+07
2.1995e+07
2.20514e+07
2.27569e+07
2.23613e+07
2.23914e+07
2.22855e+07
2.26834e+07
2.22635e+07
2.20118e+07
2.1203e+07
2.07495e+07
2.07689e+07
2.07571e+07
2.13113e+07
2.91987e+07
2.77116e+07
2.10881e+07
2.101e+07
2.17872e+07
2.27437e+07
2.22605e+07
2.26977e+07
2.34212e+07
2.21774e+07
2.16791e+07
2.17754e+07
2.13422e+07
2.16226e+07
2.26167e+07
2.17036e+07
2.16305e+07
2.13047e+07
2.03514e+07
2.09674e+07
2.09908e+07
2.11119e+07
2.11519e+07
2.15184e+07
2.18286e+07
2.18458e+07
2.20658e+07
2.10897e+07
2.14712e+07
2.08394e+07
2.17945e+07
2.13406e+07
2.20428e+07
2.02849e+07
1.98729e+07
2.03523e+07
2.01537e+07
2.0716e+07
2.0356e+07
2.03681e+07
7.36298e+07
2.11928e+07
3.30746e+10
2.01444e+07
1.48801e+09
2.17563e+07
2.20959e+07
2.15441e+07
2.08435e+07
2.08333e+07
2.0881e+07
2.06062e+07
2.4118e+07
2.19658e+07
2.21693e+07
2.15444e+07
2.08389e+07
2.12471e+07
2.07184e+07
2.09938e+07
2.11086e+07
2.09667e+07
2.12469e+07
2.36563e+07
9.76968e+07
2.12808e+07
3.19826e+08
2.03752e+07
2.03036e+07
2.0702e+07
2.3931e+07
1.9653e+07
1.92996e+07
2.06374e+07
2.01038e+07
2.0748e+07
2.07972e+07
2.03117e+07
2.04363e+07
2.07085e+07
2.06173e+07
2.05997e+07
2.15479e+07
2.17697e+07
2.12386e+07
2.23301e+07
2.15937e+07
2.2249e+07
2.27797e+07
2.22734e+07
2.19136e+07
2.26931e+07
2.24326e+07
2.2994e+07
2.25259e+07
2.25917e+07
2.19724e+07
2.13597e+07
2.041e+07
2.0123e+07
2.01433e+07
2.00141e+07
2.01536e+07
2.0203e+07
2.10998e+07
2.09308e+07
2.14694e+07
2.16849e+07
2.16369e+07
2.1793e+07
2.16632e+07
2.22877e+07
2.17754e+07
2.18088e+07
2.13146e+07
2.0955e+07
2.06987e+07
2.15299e+07
2.2572e+07
2.20157e+07
2.13437e+07
2.18016e+07
2.43616e+07
2.1446e+07
2.16868e+07
2.19342e+07
2.20226e+07
2.13386e+07
2.1268e+07
2.16795e+07
2.16239e+07
2.17916e+07
2.11269e+07
2.19665e+07
2.23981e+07
2.20376e+07
2.17197e+07
2.09848e+07
2.14018e+07
2.10608e+07
2.06939e+07
2.1421e+07
2.04904e+07
2.07637e+07
2.42175e+07
2.0112e+07
1.99543e+07
3.03093e+07
2.13319e+07
2.09018e+07
2.165e+07
2.14043e+07
2.16185e+07
2.16465e+07
2.20498e+07
2.13808e+07
2.11838e+07
2.20726e+07
2.1351e+07
2.08443e+07
2.07538e+07
2.16854e+07
2.12458e+07
2.18692e+07
2.18625e+07
2.18401e+07
2.46144e+07
2.30353e+07
2.31413e+07
2.27678e+07
2.18889e+07
2.16242e+07
2.44128e+07
2.11002e+07
2.3178e+07
2.1595e+07
2.16215e+07
2.1141e+07
2.08657e+07
2.02813e+07
2.03366e+07
2.06067e+07
2.0882e+07
2.06547e+07
2.07296e+07
2.1077e+07
2.1578e+07
3.67199e+07
2.15577e+07
2.19622e+07
2.17155e+07
2.20332e+07
2.19532e+07
2.16013e+07
2.11029e+07
3.88132e+07
2.15012e+07
2.12149e+07
2.1291e+07
2.11739e+07
2.19434e+07
2.13371e+07
4.98344e+11
2.01991e+07
2.07827e+07
9.28605e+07
2.03281e+07
2.12186e+07
2.1271e+07
2.227e+07
2.18516e+07
2.27846e+07
2.14162e+07
2.1863e+07
2.22674e+07
2.27769e+07
2.1267e+07
2.20855e+07
2.29016e+07
3.09186e+07
1.57724e+09
2.21474e+07
2.17998e+07
2.23436e+07
2.14127e+07
2.10957e+07
2.09464e+07
2.13025e+07
2.09934e+07
2.81533e+07
2.16911e+07
2.24004e+07
2.19152e+07
2.19646e+07
2.13862e+07
2.75665e+07
2.07155e+07
2.02755e+07
2.06816e+07
2.09595e+07
1.82245e+09
2.11548e+07
2.11405e+07
2.15862e+07
2.09196e+07
2.17469e+07
2.19947e+07
2.16693e+07
3.87845e+07
2.15092e+07
2.12041e+07
2.04924e+07
1.98943e+07
8.95497e+07
1.99199e+07
2.20448e+07
6.32417e+12
2.04931e+08
2.12728e+07
2.14796e+07
2.22316e+07
2.14052e+07
2.14162e+07
3.66015e+18
2.16421e+07
2.12985e+07
2.16401e+07
2.21576e+07
2.33511e+07
2.10451e+07
2.09561e+07
2.14577e+07
2.11691e+07
2.06209e+07
2.02863e+07
1.98792e+07
1.9757e+07
1.96022e+07
2.24033e+07
1.95133e+07
2.19638e+07
2.02815e+07
2.13834e+07
1.79137e+09
9.40925e+10
2.11265e+07
2.20305e+07
2.12006e+07
2.14495e+07
2.22038e+07
2.15251e+07
2.15372e+07
2.21689e+07
2.15158e+07
2.0592e+07
2.1038e+07
2.13001e+07
2.1642e+07
2.09739e+07
2.13993e+07
2.14029e+07
1.00209e+08
2.4006e+07
2.08106e+07
2.00776e+07
1.94114e+07
2.05827e+07
2.0444e+07
1.96644e+07
2.07302e+07
2.13217e+07
2.10301e+07
2.16957e+07
2.0882e+07
2.11313e+07
2.16477e+07
2.20426e+07
2.2237e+07
2.31546e+07
2.26306e+07
2.24491e+07
2.23794e+07
2.11619e+07
2.11475e+07
2.11034e+07
3.1637e+07
2.30949e+07
2.34824e+07
2.17441e+07
2.12741e+07
2.21766e+07
2.30851e+07
2.17157e+07
3.0807e+07
4.52754e+08
2.07366e+07
2.1068e+07
2.04138e+07
2.02735e+07
1.95661e+07
1.98942e+07
1.96717e+07
1.99215e+07
2.02141e+07
2.0731e+07
2.09779e+07
2.05842e+07
2.09722e+07
2.1823e+07
3.00488e+07
2.00653e+07
1.96664e+07
2.02727e+07
1.9096e+07
2.02077e+07
1.97709e+07
2.00875e+07
2.0923e+07
2.08855e+07
2.14429e+07
2.11335e+07
2.09645e+07
2.03282e+07
1.97163e+07
1.95097e+07
1.94372e+07
1.9624e+07
1.9197e+07
1.98292e+07
2.06064e+07
2.04278e+07
1.98404e+07
1.92175e+07
1.98466e+07
1.96358e+07
1.97247e+07
1.59302e+08
3.26923e+07
1.93755e+07
1.92048e+07
1.88907e+07
1.87632e+07
1.87166e+07
1.86687e+07
1.87157e+07
1.89949e+07
1.9441e+07
3.56727e+07
1.99431e+07
1.98611e+07
2.00342e+07
2.0485e+07
2.16755e+07
2.102e+07
2.1492e+07
2.18557e+07
2.21445e+07
2.27276e+07
5.21632e+07
4.14386e+08
2.09064e+07
2.10334e+07
2.09519e+07
2.00928e+07
1.97375e+07
1.94522e+07
2.05535e+07
1.96411e+07
2.79622e+07
2.06361e+07
2.07274e+07
2.12538e+07
2.16818e+07
2.19239e+07
2.21338e+07
2.23165e+07
6.98434e+07
2.20259e+07
2.20724e+07
2.23081e+07
2.21583e+07
7.04238e+08
2.13846e+07
2.14659e+07
2.17946e+07
2.26278e+07
2.26373e+07
2.22493e+07
2.14403e+07
2.16519e+07
2.22571e+07
2.17672e+07
2.15431e+07
2.09893e+07
2.1189e+07
2.13315e+07
2.22193e+07
2.11528e+07
2.0875e+07
2.06009e+07
1.45112e+08
2.0764e+07
2.11938e+07
2.13624e+07
2.1976e+07
2.11781e+07
2.14801e+07
2.06633e+07
2.10559e+07
2.12529e+07
2.07093e+07
2.01426e+07
2.21743e+07
1.96529e+07
1.98767e+07
1.99287e+07
2.17239e+07
1.96371e+07
2.21462e+07
1.95055e+07
1.9599e+07
2.04875e+07
2.11134e+07
2.20144e+07
2.24662e+07
2.19692e+07
2.14492e+07
2.09045e+07
2.11816e+07
2.13519e+07
2.25625e+07
2.29073e+07
2.18417e+07
3.96398e+07
2.46598e+07
2.2534e+07
2.44384e+07
1.36219e+09
2.39426e+07
2.3758e+07
2.33516e+07
2.29861e+07
2.22648e+07
4.62348e+08
2.17581e+07
2.0447e+07
2.01658e+07
1.99601e+07
2.00379e+07
2.34845e+09
1.92547e+07
1.9584e+07
1.9846e+07
1.1381e+08
5.09282e+07
1.96697e+07
1.9505e+07
1.99319e+07
2.06856e+07
2.10719e+07
2.15049e+07
2.10831e+07
2.1877e+07
2.24022e+07
2.19879e+07
2.17542e+07
2.1758e+07
2.17386e+07
2.13435e+07
2.1208e+07
2.12022e+07
2.13245e+07
2.11676e+07
2.19039e+07
4.12056e+08
2.18557e+07
2.1607e+07
2.22024e+07
2.21634e+07
2.21747e+07
2.28448e+07
2.06766e+07
2.07432e+07
2.1553e+07
2.01801e+07
2.0501e+07
2.00163e+07
2.22737e+07
2.79344e+09
1.27996e+08
2.03422e+07
2.07037e+07
2.08503e+07
2.02758e+07
2.07196e+07
2.14071e+07
2.07711e+07
2.05914e+07
1.96795e+07
2.05215e+07
2.00432e+07
1.97527e+07
2.06449e+07
2.11999e+07
2.34262e+07
3.4295e+12
5.4949e+09
-nan
-nan
-nan
-nan
-nan
-nan
-nan
-nan
-nan
-nan
-nan
-nan
-nan
-nan
-nan
-nan
-nan
-nan
-nan
-nan
-nan
-nan
-nan
-nan
-nan
-nan
-nan
-nan
-nan
-nan
-nan
-nan
-nan
-nan
-nan
-nan
-nan
-nan
-nan
-nan
-nan
-nan
-nan
-nan
-nan
-nan
-nan
-nan
-nan
-nan
-nan
-nan
-nan
-nan
-nan
-nan
-nan
-nan
-nan
-nan
-nan
-nan
-nan
-nan
-nan
-nan
-nan
-nan
-nan
-nan
-nan
-nan
-nan
-nan
-nan
-nan
-nan
-nan
-nan
-nan
-nan
-nan
-nan
-nan
-nan
-nan
-nan
-nan
-nan
-nan
-nan
-nan
-nan
-nan
-nan
-nan
-nan
-nan
-nan
-nan
-nan
-nan
-nan
-nan
-nan
-nan
-nan
-nan
-nan
-nan
-nan
-nan
-nan
-nan
-nan
-nan
-nan
-nan
-nan
-nan
-nan
-nan
-nan
-nan
-nan
-nan
-nan
-nan
-nan
-nan
-nan
-nan
-nan
-nan
-nan
-nan
-nan
-nan
-nan
-nan
-nan
-nan
-nan
-nan
-nan
-nan
-nan
-nan
-nan
-nan
-nan
-nan
-nan
-nan
-nan
-nan
-nan
-nan
-nan
-nan
-nan
-nan
-nan
-nan
-nan
-nan
-nan
-nan
-nan
-nan
-nan
-nan
-nan
-nan
-nan
-nan
-nan
-nan
-nan
-nan
