2.60492
2.63966
2.66958
2.69157
2.70617
2.71604
2.72326
2.72792
2.72944
2.72847
2.72792
2.73154
2.74152
2.75703
2.77498
2.79126
2.80193
2.80447
2.79808
2.78317
2.7607
2.73263
2.70276
2.67603
2.65615
2.64383
2.63731
2.6345
2.63326
2.6311
2.62691
2.62294
2.62381
2.63313
2.65106
2.67343
2.69318
2.70361
2.70154
2.68841
2.66889
2.64826
2.63079
2.62036
2.62166
2.63806
2.66646
2.69682
2.71902
2.72871
2.72692
2.71702
2.70187
2.68327
2.66305
2.64381
2.62804
2.61638
2.60772
2.6018
2.60141
2.61108
2.63329
2.66608
2.7041
2.74076
2.76975
2.7868
2.79153
2.7866
2.77513
2.75877
2.73832
2.71507
2.69102
2.66844
2.6492
2.6347
2.62675
2.6291
2.64616
2.67756
2.71573
2.75057
2.77545
2.78935
2.79526
2.79742
2.79968
2.80527
2.81574
2.82965
2.8427
2.84919
2.84358
2.82156
2.78123
2.72441
2.65818
2.59459
2.54591
2.51736
2.50595
2.50897
2.52849
2.56276
2.59937
2.62352
2.62888
2.62003
2.60889
2.60988
2.63496
2.68891
2.76707
2.85669
2.94168
3.00763
3.04435
3.04613
3.01306
2.95627
2.9007
2.86957
2.8601
2.85053
2.82571
2.78497
2.73615
2.68968
2.65742
2.65014
2.66723
2.69392
2.71447
2.7229
2.72166
2.71504
2.70566
2.69537
2.687
2.68447
2.69132
2.70892
2.73505
2.76404
2.78817
2.79975
2.79244
2.76247
2.71086
2.64663
2.58645
2.54569
2.52808
2.52801
2.54091
2.56711
2.60808
2.65877
2.70532
2.73382
2.73856
2.72176
2.68912
2.647
2.60299
2.56837
2.55869
2.58588
2.64699
2.72631
2.80808
2.88189
2.94029
2.97639
2.98372
2.95776
2.8985
2.81374
2.72066
2.64244
2.5984
2.59371
2.61754
2.65239
2.68565
2.71422
2.74157
2.77165
2.80455
2.83693
2.86481
2.88546
2.89731
2.89843
2.88649
2.86077
2.82457
2.78537
2.75164
2.72758
2.71063
2.69479
2.67679
2.65954
2.65081
2.65848
2.68515
2.72582
2.77072
2.81058
2.84001
2.85739
2.86243
2.85421
2.83166
2.79617
2.75364
2.71319
2.68203
2.66055
2.64136
2.61497
2.58283
2.5662
2.58561
2.63062
2.67464
2.70372
2.7187
2.72678
2.73622
2.7527
2.77615
2.80031
2.81594
2.81636
2.8021
2.78116
2.7636
2.75524
2.75596
2.76222
2.77019
2.77854
2.78862
2.80112
2.81384
2.82296
2.82518
2.81777
2.79857
2.76818
2.73393
2.70975
2.70593
2.71842
2.73374
2.74052
2.73395
2.71502
2.68879
2.66227
2.64202
2.63176
2.63149
2.63886
2.65093
2.66458
2.67635
2.68285
2.68158
2.6716
2.65353
2.62966
2.60356
2.5794
2.56076
2.54971
2.54625
2.54898
2.55746
2.57322
2.59739
2.62789
2.65933
2.68516
2.70011
2.70155
2.68978
2.66806
2.64234
2.61986
2.60639
2.60382
2.61047
2.62547
2.65304
2.69881
2.75984
2.82463
2.88308
2.92977
2.95988
2.96813
2.95212
2.91529
2.86685
2.81906
2.7827
2.76287
2.75775
2.76084
2.7653
2.76751
2.76879
2.77315
2.78203
2.79139
2.79413
2.78478
2.76223
2.73026
2.69574
2.66513
2.6417
2.62576
2.61601
2.60941
2.60076
2.58387
2.55398
2.50994
2.45527
2.39808
2.34933
2.32018
2.31864
2.34583
2.39579
2.46074
2.53628
2.62085
2.71122
2.80037
2.8805
2.94689
2.99954
3.04202
3.07942
3.11492
3.1471
3.16971
3.17462
3.1554
3.10941
3.03867
2.95012
2.85613
2.77332
2.71657
2.69015
2.6862
2.69252
2.70058
2.70742
2.71216
2.71335
2.71115
2.70774
2.70404
2.69886
2.69147
2.68386
2.68058
2.68524
2.69645
2.7081
2.71392
2.71135
2.70131
2.68555
2.66529
2.64177
2.61699
2.59336
2.5732
2.55793
2.54732
2.5397
2.53359
2.52945
2.53041
2.54101
2.56364
2.59632
2.63453
2.67436
2.71386
2.75277
2.79124
2.82783
2.85878
2.87972
2.88871
2.8876
2.88093
2.87372
2.86988
2.87146
2.87814
2.88679
2.89172
2.88675
2.8681
2.83732
2.8026
2.77626
2.76733
2.77411
2.78519
2.78915
2.78325
2.77415
2.7702
2.77261
2.77481
2.77051
2.75954
2.74572
2.73276
2.72368
2.7223
2.73345
2.76075
2.80289
2.85203
2.89666
2.92614
2.93301
2.91333
2.86803
2.80571
2.74393
2.70328
2.69356
2.70821
2.73402
2.75836
2.7706
2.76735
2.7548
2.74228
2.73409
2.72992
2.7309
2.73994
2.75728
2.77834
2.79608
2.80484
2.80269
2.79141
2.77468
2.75631
2.73849
2.72072
2.70113
2.6804
2.66417
2.66032
2.67239
2.69547
2.71852
2.73017
2.72338
2.69751
2.65947
2.62313
2.60392
2.60975
2.63757
2.67949
2.72933
2.7821
2.83049
2.86543
2.88017
2.87275
2.84535
2.80239
2.74941
2.693
2.64052
2.59898
2.57339
2.56581
2.57579
2.6017
2.64168
2.69318
2.75107
2.80702
2.85141
2.87643
2.87862
2.8603
2.82948
2.7968
2.76911
2.7462
2.72594
2.71099
2.70736
2.71773
2.73773
2.75796
2.7691
2.76652
2.75187
2.73142
2.71398
2.70868
2.72004
2.74376
2.77081
2.79402
2.80893
2.81221
2.80173
2.77759
2.74217
2.69928
2.65335
2.6093
2.57354
2.55545
2.56605
2.61129
2.68474
2.76901
2.84494
2.89901
2.92527
2.92407
2.90039
2.86277
2.8217
2.78662
2.76228
2.74768
2.7394
2.73537
2.73477
2.73541
2.73331
2.7254
2.71255
2.6998
2.69383
2.69915
2.7155
2.73815
2.76067
2.77771
2.7861
2.78394
2.76972
2.74336
2.70775
2.66823
2.63077
2.60158
2.58705
2.59102
2.61083
2.63794
2.66321
2.68118
2.69075
2.69309
2.68985
2.68274
2.67324
2.66153
2.64579
2.62381
2.59639
2.56926
2.55027
2.54483
2.55406
2.57575
2.60619
2.64195
2.68142
2.72526
2.77473
2.82856
2.88104
2.92378
2.94944
2.95359
2.93443
2.89234
2.83107
2.76069
2.69871
2.66457
2.66763
2.70024
2.74433
2.78318
2.807
2.8124
2.80052
2.77574
2.7444
2.71327
2.68851
2.6756
2.67726
2.68896
2.70099
2.70967
2.72175
2.74469
2.7773
2.8121
2.84361
2.87059
2.89136
2.90152
2.89691
2.87696
2.84407
2.80102
2.75064
2.69816
2.65314
2.62733
2.62867
2.65644
2.70195
2.75304
2.79834
2.82944
2.8417
2.83429
2.80949
2.77214
2.7292
2.68871
2.65751
2.63826
2.62854
2.62426
2.62426
2.63149
2.64857
2.67283
2.69629
2.71039
2.71069
2.69868
2.68008
2.66153
2.6477
2.64052
2.64021
2.64657
2.65941
2.67739
2.69635
2.70864
2.70526
2.68083
2.63869
2.59174
2.55616
2.54254
2.55229
2.58055
2.62046
2.66516
2.70856
2.74547
2.77125
2.78236
2.77745
2.75747
2.72458
2.68186
2.6344
2.59044
2.55998
2.55072
2.56421
2.5966
2.64251
2.69725
2.75615
2.81332
2.86247
2.89849
2.91835
2.92141
2.90933
2.88556
2.85437
2.82017
2.78702
2.75704
2.72895
2.69884
2.66405
2.62693
2.59476
2.57541
2.57203
2.58166
2.59891
2.61975
2.64279
2.66804
2.69487
2.7202
2.73838
2.74371
2.7345
2.71539
2.6952
2.68124
2.67438
2.66955
2.66155
2.65071
2.64304
2.64561
2.66189
2.69032
2.72518
2.7578
2.77793
2.77656
2.74942
2.69983
2.63947
2.58539
2.55207
2.54295
2.54968
2.55871
2.5592
2.55051
2.54762
2.57169
2.62619
2.6936
2.75364
2.79236
2.80142
2.77843
2.72817
2.66273
2.59982
2.55798
2.54698
2.55991
2.5783
2.58581
2.57625
2.55371
2.52884
2.51308
2.51389
2.53375
2.57037
2.6168
2.66306
2.69936
2.71907
2.72061
2.70801
2.68949
2.67391
2.66627
2.66578
2.66756
2.66728
2.66492
2.66504
2.67274
2.691
2.72397
2.77606
2.83931
2.89121
2.91184
2.89472
2.84376
2.76793
2.67816
2.58541
2.50016
2.4332
2.39605
2.39793
2.4401
2.51295
2.5996
2.68348
2.75445
2.81067
2.85641
2.89561
2.9259
2.94012
2.93367
2.90861
2.87118
2.82704
2.77966
2.73244
2.69107
2.66199
2.64785
2.64595
2.65134
2.65991
2.66914
2.6781
2.68723
2.69765
2.70986
2.72257
2.73256
2.73617
2.73143
2.72013
2.70773
2.70054
2.70246
2.71388
2.73265
2.75528
2.77857
2.80056
2.81998
2.83526
2.84417
2.84431
2.83344
2.80969
2.77254
2.72425
2.6713
2.62413
2.59414
2.58839
2.60604
2.63947
2.67869
2.71436
2.73924
2.74921
2.74434
2.72815
2.70573
2.68167
2.6592
2.64037
2.6271
2.62182
2.62658
2.64135
2.66361
2.68974
2.71693
2.7438
2.76965
2.79332
2.8123
2.82313
2.82294
2.81172
2.79348
2.7749
2.76196
2.75873
2.76907
2.79399
2.82509
2.84742
2.8513
2.83811
2.81714
2.79891
2.78945
2.7881
2.78948
2.78772
2.77985
2.76719
2.75356
2.74134
2.72923
2.71369
2.69209
2.66518
2.63804
2.61927
2.61756
2.63701
2.67494
2.72364
2.77377
2.81744
2.84996
2.87037
2.8806
2.88388
2.88304
2.8798
2.87516
2.86957
2.86211
2.84999
2.82934
2.79795
2.7584
2.71845
2.68724
2.66981
2.66492
2.66804
2.67592
2.6889
2.70993
2.74018
2.77413
2.80049
2.80893
2.7957
2.76476
2.72548
2.68893
2.66269
2.64582
2.62974
2.60568
2.57086
2.52916
2.48792
2.45504
2.43713
2.43735
2.4523
2.47303
2.49166
2.50569
2.51652
2.52633
2.53692
2.54951
2.56423
2.57946
2.59162
2.59607
2.58916
2.57084
2.54618
2.52433
2.51548
2.52751
2.56318
2.61845
2.68386
2.74905
2.80657
2.85276
2.88616
2.90595
2.91177
2.90552
2.89383
2.88728
2.8944
2.91571
2.94434
2.97182
2.99218
3.00258
3.00275
2.99523
2.98556
2.98031
2.98274
2.98907
2.9892
2.97222
2.93204
2.87
2.79419
2.71599
2.64588
2.59008
2.54996
2.52412
2.51314
2.52489
2.56876
2.63545
2.69498
2.7226
2.71523
2.68865
2.66622
2.665
2.68642
2.71954
2.75194
2.77695
2.79382
2.80464
2.81143
2.81527
2.81626
2.81407
2.80856
2.80054
2.79255
2.78873
2.79336
2.80799
2.82925
2.84936
2.85898
2.85091
2.82231
2.77533
2.71652
2.65485
2.59928
2.55669
2.53075
2.52173
2.52665
2.54073
2.56039
2.58591
2.62037
2.66488
2.71552
2.76598
2.81248
2.85512
2.89567
2.93396
2.96661
2.9894
3.00054
3.00154
2.99578
2.9865
2.97471
2.95762
2.92899
2.88359
2.82651
2.77728
2.75369
2.75233
2.75818
2.76276
2.76641
2.7727
2.7844
2.80156
2.82128
2.83943
2.85255
2.8585
2.85594
2.84419
2.824
2.79855
2.77302
2.75253
2.73965
2.7336
2.73154
2.73023
2.727
2.72005
2.70874
2.69381
2.67691
2.65951
2.64188
2.62363
2.60585
2.59209
2.5858
2.58684
2.59079
2.59151
2.5847
2.57073
2.55548
2.5485
2.55877
2.58971
2.63684
2.6898
2.73765
2.77348
2.79602
2.80804
2.81292
2.81187
2.80442
2.79191
2.77862
2.7687
2.7628
2.75894
2.75516
2.75089
2.74677
2.74423
2.74499
2.74977
2.7568
2.76195
2.76193
2.75729
2.7514
2.74494
2.73365
2.71259
2.68098
2.64334
2.6082
2.58551
2.58286
2.60258
2.64062
2.68704
2.72837
2.75245
2.75342
2.73349
2.70102
2.66684
2.64112
2.63102
2.63683
2.64964
2.65644
2.65003
2.63339
2.61408
2.59585
2.57886
2.56445
2.55613
2.55683
2.5667
2.58309
2.60142
2.61667
2.62565
2.62954
2.63272
2.63667
2.63697
2.62884
2.61278
2.59352
2.57581
2.56277
2.55714
2.5618
2.57786
2.60125
2.62317
2.63416
2.62811
2.60452
2.56861
2.52856
2.49126
2.46053
2.43916
2.43142
2.44247
2.47457
2.52349
2.57968
2.63232
2.67244
2.69521
2.70103
2.69546
2.68688
2.68155
2.67892
2.67158
2.65159
2.6196
2.58901
2.57805
2.5953
2.63479
2.68288
2.72734
2.76287
2.79049
2.81379
2.83527
2.85493
2.87096
2.88152
2.88544
2.88234
2.87332
2.86191
2.85369
2.85405
2.86516
2.88417
2.90407
2.91679
2.9168
2.90365
2.8826
2.86224
2.84959
2.84623
2.84927
2.85487
2.86002
2.86224
2.86022
2.85483
2.84823
2.84195
2.83576
2.82802
2.81706
2.80356
2.7918
2.78772
2.79396
2.80664
2.81749
2.8193
2.81021
2.79531
2.78524
2.79186
2.82214
2.87299
2.93378
2.99555
3.05359
3.10296
3.13737
3.15291
3.15116
3.13892
3.12399
3.10929
3.09043
3.05973
3.01339
2.95588
2.89898
2.85515
2.82938
2.81669
2.80611
2.78646
2.75026
2.69607
2.63233
2.57803
2.54989
2.5467
2.55561
2.56793
2.58249
2.60149
2.62794
2.66366
2.70706
2.75223
2.79055
2.8142
2.81997
2.81141
2.79779
2.78881
2.78927
2.7983
2.81265
2.82957
2.84718
2.86327
2.87416
2.87434
2.85761
2.81954
2.76137
2.69299
2.62881
2.57832
2.54399
2.52709
2.5288
2.54614
2.57138
2.59663
2.61895
2.64103
2.66656
2.69532
2.72337
2.74674
2.76457
2.77911
2.79356
2.80944
2.82545
2.83929
2.85001
2.85781
2.86171
2.86017
2.85303
2.84033
2.82024
2.79032
2.75068
2.70514
2.66028
2.62456
2.60717
2.61295
2.63811
2.6737
2.71194
2.74768
2.77668
2.79473
2.79775
2.7822
2.74539
2.68764
2.61799
2.5597
2.5402
2.56587
2.61699
2.66727
2.69825
2.70416
2.69279
2.68058
2.68177
2.69956
2.72607
2.74895
2.75845
2.75102
2.72942
2.70162
2.67816
2.66822
2.67451
2.69059
2.70394
2.70276
2.68081
2.63949
2.58883
2.54668
2.53195
2.55313
2.60261
2.66292
2.71777
2.75862
2.78394
2.79453
2.79112
2.77626
2.757
2.7434
2.74306
2.75647
2.77851
2.80342
2.82836
2.85245
2.87286
2.88279
2.87448
2.84377
2.79338
2.73506
2.6884
2.67069
2.68389
2.71471
2.74607
2.76605
2.77111
2.76673
2.7633
2.76812
2.78084
2.7971
2.81457
2.83453
2.85832
2.88338
2.90296
2.90974
2.89929
2.87123
2.82803
2.7744
2.71792
2.6693
2.63937
2.63314
2.64723
2.674
2.70626
2.73777
2.76244
2.77605
2.77839
2.77222
2.7601
2.74267
2.71967
2.69115
2.65821
2.62278
2.58752
2.55556
2.52952
2.51016
2.49621
2.48621
2.48158
2.48711
2.50829
2.54689
2.5992
2.65792
2.71594
2.76873
2.81442
2.85268
2.88389
2.90852
2.92648
2.93637
2.93561
2.92094
2.88961
2.84089
2.7776
2.70588
2.63287
2.56509
2.50923
2.47325
2.46366
2.48062
2.5176
2.5665
2.62167
2.67922
2.73405
2.77949
2.81063
2.82801
2.83797
2.84882
2.86548
2.88626
2.90438
2.91367
2.91261
2.90312
2.8863
2.86085
2.82528
2.78086
2.73228
2.68771
2.65844
2.65336
2.67063
2.69731
2.71825
2.72306
2.70824
2.67733
2.64006
2.60887
2.59451
2.60292
2.63337
2.67778
2.72407
2.76236
2.78896
2.80622
2.81901
2.83093
2.84308
2.85477
2.8645
2.87091
2.87329
2.87138
2.86412
2.84976
2.82771
2.79965
2.76843
2.73624
2.70447
2.67607
2.65682
2.65039
2.65266
2.65497
2.65112
2.63985
2.62444
2.61206
2.61085
2.62474
2.65106
2.68329
2.7151
2.74119
2.75667
2.75859
2.74828
2.73084
2.71206
2.69516
2.67939
2.66139
2.63894
2.61414
2.59345
2.58485
2.59374
2.62037
2.6596
2.70266
2.74081
2.76829
2.78386
2.79024
2.79164
2.79075
2.78736
2.77949
2.76568
2.74647
2.72394
2.70024
2.67724
2.65727
2.64364
2.64006
2.64931
2.67142
2.70335
2.7403
2.77732
2.81045
2.83762
2.85881
2.87448
2.88318
2.88177
2.86895
2.84792
2.82513
2.80733
2.79911
2.80177
2.81319
2.82861
2.84201
2.84767
2.84151
2.82283
2.79554
2.76731
2.74609
2.73552
2.73317
2.73271
2.72672
2.70907
2.67815
2.64027
2.60906
2.59798
2.61135
2.64257
2.68041
2.71643
2.74802
2.77701
2.80705
2.84128
2.87975
2.91881
2.95355
2.98136
3.00235
3.01769
3.02782
3.0314
3.02463
3.00193
2.95802
2.89241
2.81642
2.75314
2.71488
2.68638
2.64996
2.60753
2.57021
2.54257
2.52209
2.50734
2.50164
2.50918
2.52876
2.55256
2.57089
2.57736
2.57223
2.56532
2.57516
2.61762
2.69116
2.77827
2.85929
2.92055
2.9547
2.95894
2.9339
2.88318
2.81376
2.73655
2.66583
2.61662
2.59877
2.6103
2.63749
2.66409
2.68101
2.6886
2.69294
2.70163
2.72085
2.75285
2.795
2.84112
2.8849
2.92246
2.95233
2.97431
2.98856
2.9953
2.99468
2.98673
2.97154
2.94972
2.92221
2.89021
2.85524
2.82002
2.78877
2.76482
2.74734
2.73189
2.71466
2.69553
2.67811
2.66721
2.66591
2.6734
2.68483
2.69387
2.69702
2.69739
2.70496
2.72994
2.77238
2.82026
2.85815
2.87548
2.86961
2.84628
2.81856
2.8043
2.81602
2.84523
2.86932
2.87683
2.87385
2.87156
2.87452
2.88019
2.88562
2.89124
2.89941
2.9107
2.92217
2.92911
2.92765
2.91603
2.89427
2.86374
2.82638
2.78372
2.73807
2.69603
2.66887
2.66527
2.68255
2.70812
2.72897
2.73803
2.73447
2.72144
2.70339
2.68371
2.66427
2.6461
2.62901
2.61037
2.58611
2.55408
2.51748
2.48581
2.47243
2.4884
2.53569
2.60575
2.68502
2.76168
2.82827
2.88048
2.91549
2.93217
2.93177
2.91785
2.89492
2.86652
2.83344
2.79382
2.74696
2.69836
2.66066
2.64625
2.65708
2.68416
2.71607
2.7454
2.76881
2.78415
2.78914
2.78324
2.76998
2.75675
2.75213
2.76393
2.79591
2.8407
2.88172
2.90605
2.91092
2.90055
2.88114
2.85757
2.83258
2.80679
2.77833
2.74318
2.69834
2.64677
2.59934
2.57034
2.57006
2.59971
2.65137
2.71105
2.76392
2.80027
2.81967
2.82845
2.83184
2.8299
2.82122
2.8066
2.7883
2.76874
2.75069
2.73724
2.73001
2.72776
2.72677
2.72364
2.71874
2.71805
2.72918
2.75323
2.78087
2.79878
2.79859
2.78062
2.75215
2.72303
2.70079
2.68786
2.68282
2.68471
2.69601
2.72037
2.75702
2.79856
2.83545
2.86184
2.87749
2.88461
2.88351
2.872
2.84859
2.81499
2.77572
2.7364
2.70212
2.6768
2.66338
2.66427
2.68049
2.70989
2.7458
2.77912
2.80325
2.81725
2.82266
2.81905
2.80504
2.78203
2.75486
2.72991
2.71391
2.71311
2.73026
2.76101
2.79444
2.81732
2.81934
2.79717
2.75565
2.7053
2.65791
2.62287
2.60511
2.60397
2.61402
2.62835
2.64285
2.65774
2.67524
2.69591
2.71727
2.73568
2.74938
2.76023
2.7728
2.79126
2.81606
2.84278
2.86299
2.86742
2.85043
2.81272
2.76059
2.70335
2.65112
2.61354
2.59879
2.6117
2.65153
2.71083
2.77657
2.83415
2.87244
2.88724
2.88132
2.86154
2.83448
2.80329
2.76771
2.72721
2.68494
2.65101
2.64104
2.66317
2.70646
2.75154
2.78729
2.81226
2.8286
2.83867
2.84486
2.84969
2.85469
2.85876
2.85744
2.8438
2.81092
2.75581
2.68447
2.61519
2.57096
2.56135
2.57811
2.60808
2.64155
2.67264
2.69891
2.7204
2.73783
2.75071
2.75622
2.75009
2.7294
2.69585
2.65751
2.62581
2.60855
2.60576
2.61241
2.62271
2.63144
2.63491
2.63232
2.6257
2.6184
2.61367
2.61413
2.62119
2.63429
2.65021
2.66373
2.66962
2.66489
2.65003
2.62777
2.60069
2.57081
2.54316
2.52787
2.53234
2.55153
2.57327
2.58977
2.60008
2.60665
2.61239
2.61854
2.6252
2.63336
2.6446
2.65918
2.67646
2.69559
2.71424
2.72794
2.73218
2.7254
2.71064
2.69476
2.68536
2.68692
2.69941
2.71885
2.73783
2.74683
2.73814
2.71136
2.67493
2.64203
2.62525
2.63344
2.66883
2.72521
2.79028
2.85131
2.89936
2.93016
2.94305
2.93949
2.92199
2.89399
2.86012
2.82604
2.79612
2.77048
2.7458
2.72258
2.71188
2.72646
2.76318
2.80588
2.84193
2.86619
2.87645
2.87149
2.85247
2.8242
2.79393
2.76736
2.74509
2.72426
2.702
2.67627
2.64537
2.60909
2.57048
2.53575
2.51157
2.50207
2.50714
2.52252
2.54142
2.55826
2.57165
2.5837
2.59717
2.61404
2.63513
2.65936
2.68345
2.70343
2.71598
2.71813
2.70676
2.67956
2.63804
2.59031
2.55037
2.53285
2.54536
2.58395
2.6349
2.68154
2.71118
2.7195
2.7116
2.69894
2.6919
2.69273
2.69633
2.69754
2.69481
2.68578
2.66588
2.63384
2.59534
2.55987
2.53616
2.53096
2.54918
2.59135
2.64991
2.7098
2.7554
2.77878
2.78284
2.77709
2.76903
2.76002
2.74877
2.73629
2.72614
2.7211
2.71985
2.71679
2.70608
2.68718
2.6661
2.65027
2.64064
2.6299
2.61107
2.58775
2.57487
2.58839
2.63141
2.68781
2.73188
2.74558
2.72838
2.69611
2.67139
2.66946
2.68823
2.71277
2.72967
2.73533
2.73384
2.73194
2.73569
2.74831
2.76969
2.79723
2.82757
2.85786
2.88551
2.90721
2.91912
2.91841
2.90522
2.88313
2.8584
2.83862
2.82968
2.83155
2.83775
2.84102
2.83861
2.8322
2.82533
2.82167
2.82327
2.82754
2.82714
2.81569
2.79343
2.76692
2.74379
2.7272
2.71478
2.70214
2.68672
2.66957
2.6552
2.65011
2.6595
2.68479
2.72277
2.76581
2.80302
2.82388
2.82208
2.7975
2.75673
2.71202
2.67617
2.65557
2.64882
2.65061
2.65618
2.66295
2.67018
2.67783
2.68623
2.69592
2.70674
2.71741
2.72597
2.73094
2.73199
2.7298
2.72545
2.71963
2.71186
2.70021
2.68223
2.65654
2.6245
2.59116
2.56536
2.55737
2.57267
2.60698
2.6489
2.68665
2.71221
2.72229
2.71869
2.70794
2.69874
2.69784
2.70752
2.72629
2.75139
2.7804
2.81099
2.84044
2.86503
2.87991
2.87945
2.85999
2.82299
2.77579
2.72881
2.69235
2.67501
2.68271
2.7155
2.76492
2.8169
2.85913
2.88568
2.89784
2.90274
2.90935
2.9225
2.93896
2.9493
2.944
2.91938
2.88109
2.84318
2.82121
2.82161
2.83597
2.84718
2.84059
2.81055
2.7604
2.70042
2.64564
2.61177
2.61049
2.64653
2.71517
2.80017
2.8797
2.93591
2.95938
2.94901
2.91132
2.8591
2.80801
2.77092
2.75332
2.75252
2.76106
2.77057
2.77405
2.76668
2.74687
2.7167
2.68092
2.64529
2.61552
2.59685
2.59279
2.60409
2.62873
2.66311
2.70277
2.74247
2.7762
2.79798
2.80376
2.79328
2.77087
2.74366
2.71735
2.69253
2.66528
2.63098
2.5872
2.53448
2.47745
2.42618
2.39535
2.39834
2.43933
2.51125
2.60063
2.69284
2.77587
2.84315
2.89289
2.92508
2.93922
2.93356
2.90613
2.85627
2.78692
2.70584
2.62476
2.55673
2.51276
2.4977
2.50782
2.5333
2.56469
2.5975
2.63226
2.67095
2.71307
2.75423
2.78755
2.80621
2.80602
2.78761
2.7575
2.72683
2.70646
2.70133
2.70924
2.7241
2.73998
2.75325
2.76269
2.76856
2.7715
2.77226
2.77194
2.77188
2.77324
2.77637
2.7806
2.78436
2.78579
2.78348
2.7766
2.76474
2.74701
2.72284
2.69641
2.67923
2.6806
2.69795
2.72557
2.75963
2.7918
2.8133
2.82353
2.82842
2.83272
2.83576
2.83319
2.82113
2.79863
2.76771
2.73249
2.69809
2.66866
2.64569
2.62802
2.61449
2.60604
2.6025
2.59687
2.5798
2.55386
2.53708
2.54526
2.57507
2.61029
2.63795
2.65537
2.66769
2.68204
2.7032
2.73225
2.7664
2.79963
2.82526
2.83966
2.84403
2.84347
2.84409
2.84979
2.86018
2.87101
2.87646
2.87159
2.8541
2.82512
2.7891
2.75273
2.72279
2.70405
2.69809
2.70367
2.71804
2.73798
2.76015
2.78136
2.7994
2.81336
2.82238
2.82382
2.81343
2.78808
2.74875
2.70132
2.65489
2.61917
2.60153
2.60419
2.62282
2.6489
2.67438
2.695
2.71062
2.72292
2.73235
2.73678
2.73352
2.72221
2.70579
2.68876
2.67563
2.6702
2.67505
2.69097
2.71667
2.74923
2.78473
2.81784
2.8418
2.85013
2.839
2.80836
2.76158
2.70492
2.64738
2.59908
2.56748
2.55459
2.55788
2.57168
2.58658
2.59159
2.58155
2.56328
2.55296
2.56579
2.60484
2.65854
2.71036
2.74902
2.76937
2.76908
2.74775
2.70873
2.66057
2.61368
2.57501
2.5502
2.54945
2.58281
2.64823
2.72899
2.80342
2.85486
2.87532
2.86487
2.82888
2.77468
2.70987
2.64256
2.58194
2.53707
2.51397
2.51288
2.52824
2.55182
2.57628
2.59767
2.61605
2.63413
2.65428
2.67673
2.70016
2.7223
2.7396
2.74754
2.7422
2.72242
2.69112
2.65471
2.62152
2.59914
2.59142
2.59695
2.61014
2.62429
2.63446
2.63884
2.63817
2.63441
2.62937
2.62479
2.62312
2.62787
2.64262
2.66929
2.70622
2.74758
2.78546
2.81321
2.82746
2.82864
2.8203
2.80717
2.79217
2.7745
2.75065
2.71714
2.67311
2.62123
2.56608
2.51048
2.45329
2.39302
2.33758
2.30953
2.32895
2.39116
2.47707
2.57365
2.6744
2.77214
2.85705
2.91833
2.94663
2.93687
2.89162
2.82257
2.74773
2.68586
2.65134
2.64832
2.66787
2.69438
2.71635
2.73108
2.74153
2.75064
2.75776
2.759
2.74982
2.72672
2.6884
2.63876
2.58993
2.55862
2.55547
2.57655
2.60558
2.6263
2.63473
2.63945
2.65193
2.67489
2.69876
2.70967
2.69948
2.66885
2.62467
2.57703
2.53735
2.51526
2.51497
2.53586
2.57594
2.632
2.69693
2.76005
2.81132
2.84561
2.86404
2.87123
2.87062
2.86212
2.84391
2.81566
2.77988
2.74126
2.70517
2.67604
2.65704
2.65099
2.65996
2.68252
2.71172
2.73663
2.7466
2.73481
2.69984
2.64597
2.58305
2.52472
2.48353
2.46508
2.46665
2.48136
2.50296
2.52774
2.55368
2.57879
2.60075
2.61804
2.63103
2.64212
2.65433
2.66989
2.68939
2.71165
2.73417
2.75403
2.76908
2.77832
2.781
2.776
2.76231
2.74048
2.71394
2.68924
2.67485
2.67758
2.69813
2.72978
2.76142
2.78244
2.78752
2.77924
2.76624
2.75739
2.75775
2.76949
2.7927
2.82286
2.84947
2.85892
2.84034
2.79149
2.72165
2.64927
2.59364
2.56537
2.56282
2.57719
2.59994
2.62553
2.64957
2.66757
2.67731
2.68213
2.68974
2.7056
2.72743
2.74676
2.75506
2.7489
2.73195
2.71369
2.70422
2.70814
2.72261
2.74049
2.75455
2.75945
2.75292
2.7372
2.71932
2.70807
2.70887
2.72095
2.73912
2.75765
2.77217
2.78105
2.78702
2.796
2.81136
2.83001
2.84496
2.85057
2.8445
2.82694
2.79986
2.76718
2.73499
2.70982
2.69638
2.69644
2.70907
2.73022
2.75321
2.77101
2.77934
2.77753
2.76758
2.75292
2.73721
2.72308
2.71136
2.70133
2.69235
2.6857
2.68494
2.69384
2.71371
2.7424
2.77499
2.80529
2.82727
2.83625
2.83
2.80979
2.78002
2.74644
2.71389
2.68505
2.66035
2.6394
2.62314
2.61526
2.62039
2.63979
2.66936
2.70224
2.7323
2.75617
2.7737
2.78728
2.79984
2.81259
2.82411
2.83191
2.83412
2.8301
2.82013
2.80573
2.79
2.77726
2.77201
2.77769
2.79575
2.82407
2.85571
2.88087
2.89122
2.88291
2.8565
2.81558
2.76574
2.71414
2.66804
2.63238
2.60916
2.59909
2.60206
2.61575
2.63487
2.65279
2.66376
2.66445
2.65439
2.63581
2.61275
2.59051
2.57483
2.5696
2.57413
2.58308
2.5912
2.5986
2.61064
2.63164
2.65969
2.68903
2.71571
2.73925
2.75928
2.77259
2.7751
2.76584
2.74891
2.73164
2.71985
2.71392
2.70934
2.70057
2.68347
2.65546
2.61649
2.57123
2.53066
2.50942
2.51862
2.55861
2.61875
2.68436
2.74334
2.78847
2.81653
2.8273
2.82326
2.80918
2.79095
2.77319
2.75742
2.74403
2.73512
2.73383
2.74107
2.75427
2.76813
2.77557
2.77022
2.74952
2.71596
2.67584
2.63715
2.60713
2.58985
2.58464
2.58697
2.59211
2.59919
2.61024
2.62435
2.63772
2.65109
2.67131
2.70377
2.74622
2.78999
2.8254
2.84592
2.85063
2.84551
2.84143
2.84654
2.86011
2.87539
2.88669
2.89283
2.89581
2.8976
2.89833
2.89751
2.89536
2.89193
2.88544
2.87259
2.85127
2.8235
2.79652
2.78074
2.78476
2.80888
2.84306
2.87339
2.89032
2.89105
2.87727
2.85281
2.82307
2.79454
2.77274
2.75951
2.75184
2.74379
2.72973
2.7068
2.67577
2.64047
2.60604
2.57671
2.55424
2.53784
2.5254
2.51491
2.50562
2.4981
2.4932
2.49124
2.49228
2.49693
2.50504
2.51415
2.52037
2.52092
2.5154
2.50546
2.49476
2.48912
2.49446
2.51286
2.54084
2.57238
2.60319
2.63152
2.65639
2.67653
2.69119
2.70138
2.70858
2.71216
2.70942
2.699
2.68369
2.67077
2.66971
2.68797
2.72718
2.78202
2.84237
2.897
2.93676
2.95637
2.95488
2.9351
2.90268
2.86513
2.8309
2.80714
2.79623
2.79573
2.80269
2.81503
2.82862
2.83798
2.83964
2.83333
2.82239
2.81377
2.81476
2.82814
2.8519
2.88246
2.91569
2.946
2.96725
2.97528
2.96904
2.95042
2.92427
2.8979
2.87838
2.86889
2.86683
2.86594
2.86084
2.84942
2.83206
2.81029
2.78714
2.76778
2.75808
2.76156
2.77711
2.79889
2.81851
2.82872
2.82589
2.81043
2.78606
2.7589
2.73556
2.72008
2.71206
2.70694
2.6979
2.67866
2.64664
2.60545
2.56503
2.53811
2.53207
2.54385
2.5647
2.58681
2.60373
2.60972
2.60257
2.58708
2.57336
2.56874
2.57148
2.57414
2.57056
2.55953
2.54474
2.53237
2.52687
2.52828
2.53273
2.53455
2.53063
2.52546
2.53138
2.55929
2.60742
2.66176
2.70661
2.73255
2.73813
2.72793
2.70913
2.68799
2.66863
2.65354
2.64432
2.6409
2.6413
2.64269
2.64272
2.64051
2.63675
2.63373
2.63568
2.64836
2.67541
2.71456
2.75919
2.80327
2.84338
2.87743
2.90352
2.91999
2.9252
2.91662
2.89059
2.84328
2.77334
2.68478
2.58877
2.50229
2.44285
2.42156
2.43919
2.48763
2.55452
2.62691
2.69295
2.74215
2.76581
2.75806
2.71887
2.65882
2.60055
2.56549
2.55569
2.55673
2.55295
2.53742
2.51824
2.5118
2.52363
2.54895
2.58847
2.64571
2.71465
2.78164
2.83523
2.87043
2.88743
2.88975
2.8829
2.87215
2.85955
2.84214
2.81433
2.77403
2.72834
2.69116
2.67263
2.67158
2.67932
2.68755
2.69194
2.69109
2.68534
2.67715
2.67093
2.67103
2.67842
2.68945
2.69765
2.69701
2.68533
2.66779
2.65852
2.67213
2.70858
2.75351
2.79379
2.82502
2.84808
2.86441
2.87424
2.87733
2.87465
2.86873
2.86181
2.85355
2.84098
2.82076
2.7914
2.75425
2.71344
2.67493
2.6445
2.62532
2.61636
2.61267
2.60824
2.59958
2.58752
2.57534
2.56571
2.55923
2.55502
2.55171
2.54836
2.54464
2.54039
2.53534
2.53055
2.53006
2.54003
2.56601
2.61016
2.66994
2.73844
2.80595
2.86259
2.90052
2.91556
2.90732
2.87903
2.83748
2.79231
2.75248
2.72082
2.69303
2.66333
2.63062
2.59959
2.57761
2.57062
2.58073
2.60632
2.64367
2.68753
2.72991
2.76076
2.77158
2.75913
2.72681
2.68361
2.6409
2.60773
2.58794
2.58148
2.58745
2.60504
2.63255
2.66617
2.69986
2.72707
2.7437
2.75078
2.75457
2.76334
2.78244
2.81116
2.84327
2.87068
2.88748
2.89243
2.8885
2.88027
2.87002
2.85556
2.83171
2.79392
2.74128
2.67781
2.61225
2.55678
2.52402
2.52158
2.54686
2.58742
2.6277
2.65615
2.66893
2.66967
2.66505
2.65888
2.65265
2.65035
2.6581
2.67691
2.6988
2.71212
2.70974
2.69272
2.66901
2.6504
2.6477
2.66356
2.68926
2.71087
2.71795
2.70722
2.68273
2.65384
2.62968
2.61303
2.60098
2.59208
2.59096
2.60525
2.6387
2.68688
2.7383
2.78093
2.80806
2.81902
2.81622
2.8017
2.77594
2.74007
2.69927
2.66483
2.65055
2.66244
2.69266
2.72784
2.76031
2.78997
2.81934
2.84893
2.87563
2.89435
2.90086
2.89384
2.87542
2.85003
2.8226
2.79774
2.77981
2.77324
2.78097
2.80186
2.82906
2.85098
2.85574
2.83772
2.80145
2.76
2.72854
2.71789
2.73125
2.76375
2.80421
2.83923
2.85836
2.85759
2.84008
2.81474
2.79243
2.78008
2.77747
2.77976
2.78204
2.78126
2.77558
2.76297
2.7407
2.70641
2.65988
2.60444
2.5471
2.49681
2.46106
2.44226
2.4365
2.43625
2.43561
2.43309
2.42933
2.42468
2.42171
2.42778
2.45138
2.49487
2.55209
2.61243
2.66588
2.70533
2.72718
2.7318
2.72366
2.71023
2.69929
2.69642
2.70499
2.72688
2.76113
2.80205
2.84016
2.86594
2.87426
2.86666
2.84914
2.82639
2.79906
2.76672
2.73138
2.6982
2.67383
2.6626
2.66409
2.67545
2.69269
2.70764
2.7093
2.69169
2.65855
2.62103
2.59137
2.57664
2.57671
2.58838
2.6114
2.64857
2.69857
2.75179
2.79574
2.82257
2.83092
2.82402
2.80737
2.78675
2.76692
2.75032
2.73582
2.71863
2.69231
2.65293
2.60306
2.55328
2.51966
2.51763
2.55428
2.6215
2.69813
2.76274
2.80528
2.82923
2.84526
2.86147
2.87813
2.88929
2.88672
2.86408
2.82083
2.76393
2.70392
2.64833
2.59994
2.56106
2.53605
2.52904
2.54056
2.56657
2.60034
2.63501
2.66504
2.68635
2.69551
2.69063
2.67589
2.66898
2.69599
2.7629
2.84349
2.90718
2.9397
2.94068
2.9162
2.87425
2.82246
2.76792
2.71864
2.68439
2.67432
2.69258
2.73585
2.79496
2.85805
2.91292
2.94825
2.95436
2.92485
2.85858
2.76046
2.64074
2.51472
2.40407
2.33203
2.3093
2.32809
2.37135
2.42265
2.47105
2.51303
2.55075
2.5884
2.62964
2.67463
2.71683
2.74624
2.75616
2.74643
2.72174
2.6874
2.64653
2.60143
2.55569
2.51375
2.47953
2.45696
2.45095
2.46526
2.49872
2.54496
2.59688
2.65024
2.70311
2.75167
2.789
2.80868
2.80888
2.79262
2.76545
2.73245
2.69776
2.66673
2.64715
2.64662
2.66663
2.70054
2.73881
2.77491
2.80557
2.82848
2.84188
2.8441
2.83316
2.80843
2.77322
2.73587
2.70726
2.69538
2.70094
2.71767
2.73722
2.75451
2.76967
2.78619
2.80744
2.8342
2.86502
2.89668
2.92409
2.94073
2.9405
2.91999
2.88002
2.82581
2.76548
2.7075
2.65857
2.6235
2.6056
2.60552
2.61965
2.6419
2.66764
2.69575
2.72759
2.76483
2.80803
2.85586
2.90462
2.94877
2.98227
3.00014
2.99991
2.98238
2.95156
2.91329
2.87297
2.83354
2.79524
2.75709
2.71862
2.68085
2.64586
2.6159
2.59322
2.58046
2.58061
2.59556
2.62398
2.66033
2.69587
2.72121
2.72943
2.7192
2.69686
2.6743
2.6627
2.66873
2.69472
2.7352
2.7755
2.80056
2.8031
2.78385
2.74805
2.70293
2.6558
2.61307
2.58007
2.56115
2.55944
2.576
2.60858
2.6511
2.6952
2.73315
2.76019
2.77453
2.77607
2.76684
2.75133
2.73486
2.72093
2.71026
2.70293
2.70111
2.70984
2.73545
2.78075
2.83953
2.89885
2.94702
2.97581
2.9772
2.94402
2.87535
2.78021
2.67579
2.58106
2.51035
2.46928
2.45376
2.45303
2.45677
2.46151
2.47164
2.49434
2.53227
2.57986
2.62662
2.66451
2.69295
2.71797
2.74745
2.78623
2.83434
2.88766
2.93908
2.98031
3.00419
3.00614
2.9844
2.93986
2.8758
2.79755
2.71227
2.62818
2.55264
2.48956
2.43862
2.39847
2.37088
2.36188
2.3785
2.42301
2.48961
2.56555
2.63575
2.68861
2.72028
2.73435
2.73824
2.7386
2.73825
2.73502
2.72346
2.698
2.65656
2.60324
2.54882
2.50767
2.49157
2.50476
2.5425
2.59381
2.64642
2.69097
2.72268
2.74064
2.74577
2.73866
2.71956
2.69034
2.65615
2.62437
2.60174
2.59213
2.59663
2.615
2.64603
2.68701
2.73322
2.77869
2.81722
2.84359
2.85451
2.84904
2.82813
2.79367
2.74815
2.69582
2.64443
2.60363
2.57901
2.56773
2.56051
2.54801
2.52608
2.49635
2.46326
2.43189
2.40784
2.39716
2.40446
2.42987
2.4696
2.51942
2.57458
2.62697
2.66559
2.68166
2.67429
2.652
2.62878
2.61586
2.61551
2.6223
2.62909
2.63194
2.63112
2.62954
2.63038
2.63589
2.64826
2.6708
2.70678
2.75557
2.81007
2.85832
2.88878
2.89536
2.87926
2.84717
2.80723
2.76613
2.72906
2.69934
2.67593
2.65293
2.62378
2.58608
2.54314
2.50231
2.47085
2.45123
2.44111
2.43921
2.44824
2.47041
2.50356
2.54331
2.5857
2.62665
2.66098
2.68336
2.69074
2.68486
2.67339
2.66564
2.66381
2.66053
2.64725
2.62229
2.59057
2.55873
2.53143
2.51089
2.49802
2.49355
2.49886
2.51588
2.54505
2.584
2.62875
2.67542
2.72038
2.75988
2.7901
2.80812
2.81429
2.81436
2.81837
2.8345
2.86224
2.89235
2.91329
2.91748
2.9035
2.87497
2.83805
2.79894
2.76263
2.73312
2.71489
2.71488
2.74274
2.80425
2.89058
2.97895
3.04673
3.08178
3.08247
3.05417
3.0059
2.94772
2.88912
2.83765
2.79735
2.76685
2.73943
2.70705
2.66584
2.61847
2.57189
2.53343
2.50816
2.49792
2.50139
2.51546
2.53751
2.56564
2.59648
2.6237
2.64034
2.64269
2.63248
2.61608
2.60189
2.59696
2.60486
2.62601
2.65882
2.69996
2.74326
2.77995
2.80199
2.80664
2.79871
2.78753
2.78004
2.77598
2.76965
2.75587
2.73427
2.70993
2.6908
2.68169
2.67916
2.67575
2.66831
2.65926
2.65097
2.642
2.62945
2.61202
2.58954
2.56119
2.52588
2.48506
2.44429
2.4103
2.38661
2.37322
2.37081
2.38375
2.41817
2.47625
2.55246
2.63508
2.71122
2.77135
2.81093
2.83024
2.8324
2.82122
2.80025
2.77355
2.74753
2.72977
2.72387
2.72757
2.7374
2.75164
2.76745
2.77873
2.77809
2.76054
2.72606
2.67978
2.62996
2.58575
2.55517
2.54367
2.55224
2.57594
2.60514
2.62966
2.64483
2.65495
2.66949
2.69426
2.7271
2.76184
2.79392
2.82227
2.84727
2.86845
2.88426
2.89377
2.89785
2.89866
2.89817
2.89754
2.89705
2.89583
2.89156
2.88124
2.86277
2.83583
2.80271
2.76918
2.74293
2.72991
2.73178
2.74699
2.77379
2.81104
2.85649
2.90479
2.94783
2.97766
2.98925
2.98181
2.95955
2.93038
2.89984
2.86563
2.82218
2.77151
2.72728
2.70577
2.71048
2.72827
2.74216
2.74664
2.75183
2.76842
2.79004
2.80125
2.79513
2.77522
2.74874
2.72173
2.69723
2.67591
2.65781
2.64368
2.63488
2.63273
2.63825
2.65143
2.67009
2.6896
2.70419
2.70937
2.70426
2.69221
2.67834
2.66563
2.65433
2.64524
2.64252
2.65139
2.67372
2.70615
2.74236
2.77636
2.80387
2.82232
2.83015
2.82673
2.81326
2.79444
2.77903
2.77749
2.79613
2.8321
2.87493
2.9135
2.94129
2.95706
2.96192
2.95645
2.93986
2.91094
2.86921
2.81547
2.75206
2.68398
2.62005
2.57182
2.54936
2.55729
2.59308
2.64721
2.70662
2.75981
2.80023
2.82723
2.84527
2.86031
2.87493
2.88612
2.88891
2.88207
2.86996
2.85858
2.84898
2.83473
2.80626
2.75953
2.70231
2.65281
2.63158
2.65258
2.71558
2.80314
2.88865
2.95122
2.98534
2.99924
3.00413
3.00361
2.99375
2.97056
2.93426
2.8885
2.83792
2.78727
2.7417
2.70646
2.68549
2.67899
2.68184
2.68465
2.67683
2.65484
2.63219
2.62817
2.63763
2.63789
2.62101
2.60054
2.59681
2.61795
2.65346
2.6865
2.70651
2.71226
2.70909
2.70402
2.70114
2.69963
2.69489
2.68167
2.65829
2.62872
2.60101
2.58268
2.57694
2.58227
2.59468
2.60995
2.62495
2.63805
2.64902
2.65791
2.6637
2.6642
2.65739
2.64352
2.62621
2.61168
2.60696
2.61834
2.64956
2.69941
2.7607
2.8221
2.87235
2.90465
2.91847
2.91809
2.9091
2.89567
2.88048
2.86645
2.85718
2.85541
2.86139
2.8733
2.88834
2.9032
2.91524
2.92424
2.93193
2.93843
2.94004
2.93175
2.91129
2.88027
2.84296
2.80415
2.76719
2.7334
2.70292
2.6762
2.65409
2.63639
2.62256
2.61585
2.62321
2.64777
2.68438
2.72515
2.7662
2.80702
2.84534
2.87423
2.88505
2.87264
2.83825
2.78899
2.73486
2.68534
2.64672
2.62149
2.60956
2.60959
2.6198
2.63762
2.65913
2.67914
2.6923
2.69557
2.69105
2.68756
2.69763
2.72918
2.77796
2.82919
2.86711
2.88299
2.87658
2.85303
2.81863
2.77733
2.73032
2.67875
2.62758
2.58662
2.56698
2.5753
2.61043
2.66422
2.72469
2.7796
2.81903
2.83674
2.83068
2.80307
2.75998
2.71024
2.6637
2.62931
2.61326
2.61742
2.63958
2.67495
2.71774
2.76296
2.80727
2.84744
2.87869
2.89545
2.89397
2.87469
2.84345
2.81054
2.78584
2.77322
2.76988
2.77072
2.77181
2.77084
2.76676
2.75991
2.75202
2.74585
2.74401
2.74619
2.74852
2.74751
2.74521
2.74818
2.76002
2.77662
2.78999
2.7945
2.78892
2.77482
2.75466
2.73131
2.70893
2.69427
2.69522
2.71592
2.75321
2.79836
2.84184
2.87703
2.90171
2.91689
2.9244
2.92507
2.91834
2.90315
2.87901
2.84655
2.80775
2.76573
2.72425
2.68671
2.65528
2.63014
2.60931
2.58986
2.57035
2.55285
2.54273
2.54623
2.56733
2.60552
2.65486
2.70506
2.74468
2.76519
2.76363
2.74289
2.70968
2.67213
2.63743
2.60998
2.59025
2.57633
2.56701
2.56316
2.56605
2.57486
2.58552
2.59248
2.59156
2.58178
2.5653
2.54637
2.53066
2.52436
2.53218
2.5551
2.58975
2.63052
2.67235
2.71242
2.74955
2.7821
2.8067
2.81882
2.81453
2.79271
2.75729
2.7179
2.68762
2.67726
2.68989
2.71989
2.75597
2.78433
2.79074
2.76482
2.70709
2.63165
2.55864
2.50333
2.47218
2.46493
2.47903
2.5131
2.56359
2.61894
2.66224
2.68129
2.67516
2.65223
2.62223
2.58959
2.55524
2.52225
2.4973
2.48739
2.49634
2.52263
2.55899
2.59512
2.62255
2.63659
2.63499
2.61623
2.57972
2.52871
2.47423
2.43715
2.44132
2.49621
2.58585
2.68082
2.7583
2.8094
2.83467
2.83779
2.82244
2.79215
2.75089
2.7036
2.65651
2.61723
2.59345
2.58905
2.60205
2.62784
2.66332
2.70691
2.75683
2.8099
2.86034
2.89873
2.91269
2.88884
2.81773
2.70724
2.60223
2.56633
2.60982
2.68661
2.75906
2.81503
2.8532
2.87411
2.87818
2.86608
2.83925
2.80062
2.75473
2.70683
2.66177
2.6233
2.59444
2.57758
2.57391
2.58317
2.60292
2.62842
2.65447
2.67752
2.6958
2.70851
2.71539
2.7167
2.71284
2.70384
2.68915
2.66833
2.64288
2.61708
2.5962
2.58278
2.57445
2.56531
2.55102
2.53379
2.52317
2.53036
2.55965
2.60461
2.65282
2.69292
2.71806
2.72559
2.71625
2.69446
2.66924
2.65209
2.65152
2.66919
2.70097
2.73987
2.77859
2.81091
2.83214
2.83937
2.83206
2.81262
2.78605
2.75846
2.73483
2.71838
2.71131
2.7146
2.72548
2.73651
2.73995
2.73344
2.72123
2.7115
2.71191
2.72556
2.74936
2.77562
2.79578
2.80335
2.79517
2.77107
2.7334
2.68846
2.64978
2.63594
2.65641
2.70139
2.75211
2.79535
2.82751
2.85181
2.87267
2.89101
2.9037
2.90668
2.89789
2.87834
2.85141
2.82135
2.79119
2.76148
2.731
2.69884
2.66601
2.63582
2.61347
2.60409
2.60822
2.6206
2.63518
2.6493
2.66192
2.66942
2.66475
2.63976
2.58871
2.51265
2.42579
2.35672
2.33257
2.35602
2.40618
2.45986
2.50473
2.53803
2.56073
2.5734
2.57596
2.57097
2.567
2.57411
2.59246
2.61109
2.61922
2.61368
2.59825
2.58076
2.57084
2.57819
2.60752
2.65185
2.69552
2.72526
2.73621
2.73041
2.71325
2.69197
2.67487
2.66924
2.67741
2.69404
2.70924
2.71522
2.71007
2.69588
2.6755
2.65213
2.63088
2.61863
2.62108
2.63882
2.66667
2.69731
2.72558
2.74936
2.7674
2.77782
2.77848
2.76829
2.74736
2.71714
2.68242
2.65261
2.63858
2.64587
2.67081
2.7033
2.7328
2.75273
2.7606
2.75642
2.74123
2.7171
2.68764
2.65795
2.63408
2.62283
2.63049
2.65988
2.70716
2.76234
2.81334
2.84987
2.86542
2.8581
2.83064
2.78957
2.74373
2.7024
2.67347
2.66154
2.66618
2.68192
2.70089
2.71647
2.7253
2.72672
2.72138
2.71077
2.69829
2.6901
2.69312
2.70972
2.73453
2.7584
2.77475
2.78114
2.77687
2.76076
2.73134
2.68953
2.6419
2.60066
2.57735
2.57519
2.58886
2.61061
2.63515
2.66128
2.69135
2.7286
2.77327
2.82134
2.86683
2.90375
2.92575
2.925
2.89448
2.83611
2.768
2.71518
2.68781
2.67968
2.6819
2.68905
2.69992
2.71551
2.73573
2.75763
2.77592
2.78488
2.78067
2.76266
2.73383
2.70017
2.66867
2.64445
2.62855
2.61875
2.6132
2.61391
2.62687
2.65799
2.70798
2.77056
2.83556
2.89448
2.94409
2.98534
3.01918
3.04382
3.05596
3.05361
3.03764
3.0112
2.97748
2.93818
2.89435
2.84793
2.80157
2.75749
2.71733
2.68322
2.65843
2.64587
2.64592
2.65608
2.67198
2.68782
2.69634
2.69033
2.66641
2.62921
2.59202
2.57026
2.57006
2.58362
2.59617
2.59696
2.58552
2.57025
2.56184
2.56606
2.5804
2.59771
2.61461
2.63512
2.66266
2.69162
2.71182
2.7163
2.70323
2.67478
2.63677
2.59821
2.56977
2.56146
2.57982
2.6241
2.68417
2.74436
2.7918
2.82123
2.83355
2.8324
2.82291
2.81186
2.80663
2.81183
2.82817
2.85363
2.88515
2.91958
2.95323
2.98043
2.99425
2.99089
2.97488
2.95944
2.95727
2.96956
2.98833
3.00656
3.021
3.02911
3.02696
3.01034
2.9769
2.92801
2.86902
2.80828
2.75543
2.71839
2.69904
2.69161
2.68598
2.67248
2.64494
2.6026
2.55179
2.50455
2.47258
2.46085
2.46674
2.48436
2.50805
2.53249
2.55173
2.55923
2.55003
2.52395
2.48721
2.45018
2.42351
2.41635
2.43611
2.48481
2.55425
2.62853
2.69259
2.7387
2.76795
2.78688
2.80176
2.8137
2.81869
2.81242
2.79529
2.77238
2.74807
2.72222
2.69257
2.65903
2.62592
2.60064
2.58973
2.59506
2.61325
2.63812
2.66361
2.68572
2.70248
2.71306
2.71702
2.71523
2.71134
2.71085
2.71773
2.73116
2.74553
2.75392
2.75216
2.74087
2.72553
2.71516
2.71805
2.7367
2.76691
2.80136
2.8325
2.85346
2.85926
2.84874
2.82455
2.7913
2.75403
2.71874
2.69237
2.68031
2.6841
2.70111
2.72425
2.74278
2.74744
2.73544
2.71069
2.68074
2.65401
2.63804
2.63791
2.65423
2.68255
2.71636
2.75068
2.78366
2.8159
2.84845
2.88001
2.90553
2.91787
2.91111
2.88361
2.83948
2.78816
2.7412
2.70691
2.68643
2.67352
2.65791
2.62997
2.58575
2.53058
2.47888
2.44892
2.45233
2.48473
2.52953
2.57235
2.60727
2.63265
2.64805
2.6544
2.65469
2.65402
2.65984
2.68061
2.72041
2.77438
2.83092
2.87778
2.90606
2.91112
2.89196
2.85071
2.79224
2.72495
2.66176
2.61766
2.60258
2.61541
2.6459
2.68176
2.71386
2.73712
2.74904
2.74847
2.73548
2.71147
2.67941
2.64432
2.61399
2.5977
2.60132
2.62205
2.64977
2.67404
2.68958
2.69676
2.69842
2.69711
2.69555
2.69788
2.70801
2.72575
2.74649
2.76552
2.78092
2.79309
2.80336
2.8129
2.82252
2.83284
2.8445
2.85699
2.86765
2.87256
2.86882
2.85629
2.83745
2.81544
2.79169
2.76564
2.73696
2.70806
2.68378
2.66807
2.66033
2.65543
2.64692
2.63001
2.60362
2.5716
2.54161
2.52186
2.51889
2.53709
2.5779
2.63802
2.70831
2.77546
2.82604
2.85095
2.84783
2.82144
2.78155
2.73831
2.69754
2.66002
2.6253
2.59604
2.5792
2.58341
2.61509
2.67343
2.74647
2.814
2.85672
2.86329
2.83129
2.76427
2.6702
2.56569
2.47906
2.43604
2.43967
2.47434
2.51988
2.55806
2.57674
2.5747
2.56415
2.56443
2.58493
2.61631
2.64474
2.6675
2.68969
2.71307
2.73376
2.74801
2.75605
2.76118
2.7669
2.77473
2.78369
2.79095
2.79384
2.79281
2.79202
2.79538
2.8028
2.81003
2.81056
2.79804
2.76999
2.72995
2.68557
2.64503
2.61451
2.5976
2.59574
2.60836
2.63287
2.66472
2.69883
2.7314
2.76152
2.79044
2.81933
2.84735
2.87143
2.88743
2.89141
2.88066
2.85505
2.81898
2.78131
2.75127
2.73241
2.72028
2.70543
2.67946
2.64046
2.59505
2.555
2.53073
2.52578
2.5351
2.54771
2.55247
2.54438
2.52858
2.51864
2.52727
2.55658
2.59857
2.6434
2.68525
2.72211
2.75377
2.7812
2.80635
2.83104
2.85418
2.87107
2.87634
2.86711
2.84443
2.81268
2.77749
2.74308
2.71095
2.68187
2.65873
2.6462
2.64647
2.65562
2.66531
2.66785
2.65938
2.63927
2.60867
2.56978
2.52635
2.48414
2.44997
2.42935
2.42554
2.44124
2.47924
2.53943
2.61563
2.69612
2.76764
2.82016
2.8496
2.85761
2.84976
2.83368
2.81692
2.80438
2.79686
2.79175
2.78541
2.77499
2.75915
2.73809
2.71333
2.68733
2.66332
2.64415
2.62977
2.61626
2.59886
2.57598
2.55058
2.52878
2.51639
2.5153
2.52465
2.54609
2.58268
2.63075
2.67935
2.71933
2.7494
2.77372
2.79602
2.81576
2.82837
2.82818
2.81189
2.78051
2.73909
2.69505
2.6556
2.62477
2.6019
2.5828
2.56313
2.54205
2.52347
2.51366
2.51683
2.53261
2.55684
2.58351
2.60669
2.62289
2.63327
2.64383
2.6615
2.68819
2.71901
2.74569
2.76035
2.75883
2.7437
2.72442
2.71251
2.71435
2.72765
2.74458
2.75752
2.7626
2.76024
2.75468
2.75226
2.75859
2.7749
2.79661
2.81632
2.82884
2.83417
2.83658
2.84072
2.84653
2.84658
2.82937
2.78898
2.73541
2.69283
2.67908
2.6897
2.70727
2.71765
2.71631
2.70804
2.70275
2.70858
2.72676
2.75196
2.77638
2.79381
2.80135
2.79865
2.78621
2.76434
2.73305
2.69264
2.64409
2.59004
2.53672
2.49684
2.48935
2.52648
2.59849
2.68115
2.75414
2.80688
2.83541
2.83972
2.82319
2.79333
2.76219
2.74354
2.74616
2.76794
2.7973
2.82062
2.8289
2.8207
2.80154
2.78123
2.76926
2.77072
2.78476
2.80606
2.82783
2.84432
2.85252
2.85299
2.84894
2.84344
2.83644
2.8253
2.80825
2.78715
2.76687
2.75235
2.74646
2.75006
2.76365
2.78838
2.82422
2.86579
2.90085
2.91629
2.90613
2.87357
2.82774
2.77957
2.73734
2.70271
2.6733
2.64947
2.63405
2.62506
2.61325
2.58897
2.55052
2.50704
2.47539
2.47212
2.50244
2.55468
2.60807
2.64711
2.6686
2.6778
2.68053
2.67889
2.67281
2.66364
2.65624
2.65713
2.67052
2.69515
2.72491
2.75216
2.77154
2.78119
2.78137
2.77236
2.75419
2.72778
2.69616
2.66363
2.6333
2.60516
2.57787
2.5536
2.54109
2.55155
2.58686
2.63289
2.67011
2.68874
2.69393
2.70175
2.72631
2.76566
2.80588
2.83673
2.85686
2.86896
2.87526
2.8767
2.87368
2.86599
2.85226
2.83146
2.80551
2.77923
2.757
2.73869
2.71991
2.69733
2.6724
2.65019
2.636
2.63372
2.64618
2.67549
2.72038
2.77339
2.82304
2.85854
2.87409
2.87058
2.85448
2.83575
2.82533
2.83135
2.85518
2.89118
2.9307
2.96553
2.98989
3.00141
3.00057
2.9894
2.97051
2.9472
2.92355
2.90332
2.88828
2.87744
2.86778
2.85589
2.83965
2.81896
2.79534
2.77049
2.7446
2.71619
2.68388
2.6488
2.61582
2.59188
2.58294
2.59252
2.62171
2.66882
2.72842
2.7921
2.85088
2.89757
2.92707
2.93621
2.92469
2.89688
2.86233
2.83206
2.81229
2.80088
2.78957
2.7695
2.73614
2.6924
2.64941
2.62249
2.622
2.64635
2.68572
2.7305
2.77428
2.81212
2.83895
2.85042
2.8453
2.82748
2.80559
2.78981
2.78682
2.79629
2.81234
2.8283
2.83985
2.84455
2.84106
2.82901
2.80916
2.7829
2.7511
2.71317
2.66886
2.62189
2.57908
2.54446
2.51769
2.50038
2.49843
2.51553
2.546
2.57583
2.59175
2.5929
2.59578
2.61924
2.66069
2.70028
2.72308
2.72585
2.71258
2.69143
2.67236
2.66184
2.65777
2.65043
2.62957
2.5915
2.54101
2.48821
2.44403
2.41818
2.41867
2.44914
2.50463
2.57083
2.62986
2.66863
2.68341
2.67936
2.66712
2.65805
2.65939
2.67156
2.6903
2.71119
2.73186
2.75151
2.76995
2.78701
2.80189
2.81267
2.81624
2.80938
2.79032
2.76059
2.72663
2.69974
2.6918
2.70783
2.74221
2.78282
2.81795
2.84013
2.8462
2.83602
2.8118
2.77855
2.74485
2.72155
2.71718
2.73264
2.75992
2.78585
2.79709
2.78363
2.74143
2.67443
2.59474
2.52089
2.47443
2.47012
2.50206
2.54611
2.57994
2.59516
2.59366
2.58077
2.56385
2.5535
2.55911
2.57984
2.60539
2.62665
2.64142
2.65271
2.66592
2.68644
2.71525
2.74476
2.76157
2.75522
2.7233
2.67068
2.60715
2.54547
2.49896
2.47761
2.48409
2.51281
2.55388
2.59823
2.63899
2.66957
2.68301
2.67598
2.65538
2.63835
2.63894
2.65569
2.67779
2.69607
2.70658
2.71072
2.71342
2.71948
2.72975
2.74027
2.7452
2.74101
2.72911
2.71542
2.70791
2.71393
2.73879
2.78279
2.83685
2.88535
2.91594
2.9245
2.91358
2.89069
2.8671
2.85505
2.86232
2.88718
2.91694
2.93252
2.91717
2.86519
2.78702
2.70814
2.66186
2.67393
2.74335
2.84265
2.94057
3.01884
3.07169
3.09868
3.10014
3.07592
3.02537
2.94887
2.85418
2.76512
2.71462
2.71083
2.72673
2.7382
2.74392
2.75128
2.76233
2.77239
2.7758
2.77042
2.75756
2.73924
2.71593
2.68533
2.64403
2.59315
2.54109
2.49881
2.47382
2.46791
2.47826
2.50083
2.53423
2.57939
2.63339
2.68653
2.72785
2.75128
2.75669
2.74855
2.73388
2.71857
2.70371
2.68529
2.65838
2.62253
2.58375
2.55139
2.53095
2.5186
2.50454
2.48212
2.45275
2.42396
2.40583
2.40749
2.43137
2.47141
2.51872
2.56752
2.61588
2.66314
2.70787
2.74732
2.77854
2.79949
2.80986
2.81059
2.80307
2.7884
2.76751
2.74161
2.71246
2.6821
2.65241
2.62401
2.59475
2.55954
2.51305
2.4548
2.39233
2.33892
2.30774
2.30913
2.35159
2.43422
2.53519
2.62236
2.67488
2.68873
2.67137
2.63664
2.59981
2.57135
2.55309
2.54123
2.53311
2.53093
2.54061
2.56689
2.6085
2.6567
2.69907
2.72525
2.73116
2.72046
2.70289
2.68937
2.68589
2.69198
2.70429
2.72058
2.73994
2.76102
2.78109
2.79661
2.80427
2.80183
2.78868
2.76571
2.73523
2.70274
2.68242
2.69586
2.74921
2.81857
2.87443
2.90317
2.90426
2.88328
2.84993
2.81816
2.80296
2.81262
2.84351
2.88357
2.91996
2.943
2.94701
2.93026
2.89454
2.84444
2.78684
2.73056
2.68502
2.65859
2.65742
2.68332
2.73027
2.78435
2.82869
2.85098
2.8493
2.83259
2.81275
2.79502
2.77723
2.75625
2.73267
2.7112
2.69814
2.69526
2.69642
2.692
2.67674
2.65282
2.62757
2.60893
2.60234
2.60954
2.62738
2.64875
2.66612
2.67383
2.66831
2.64852
2.61783
2.58519
2.56339
2.56279
2.58402
2.61692
2.64802
2.66923
2.67994
2.68293
2.6803
2.67404
2.66748
2.66317
2.6605
2.65752
2.65264
2.6441
2.63169
2.61938
2.6131
2.61357
2.61319
2.60083
2.56813
2.51305
2.44248
2.37523
2.33783
2.34406
2.38091
2.42674
2.47041
2.51046
2.55025
2.59492
2.64622
2.69955
2.74793
2.7867
2.81418
2.83008
2.83388
2.82421
2.79891
2.75625
2.69616
2.62139
2.5378
2.45448
2.38362
2.33916
2.33225
2.3645
2.42615
2.50199
2.57812
2.6441
2.69285
2.7204
2.72595
2.71229
2.68645
2.6605
2.6497
2.66638
2.71191
2.77492
2.83832
2.88822
2.91826
2.92934
2.92635
2.91415
2.89522
2.87039
2.84136
2.81243
2.78914
2.77447
2.76634
2.76018
2.75463
2.75313
2.75851
2.76839
2.77783
2.78317
2.78213
2.7739
2.76235
2.75801
2.77147
2.80173
2.8346
2.85287
2.84537
2.81022
2.75607
2.70088
2.66431
2.65478
2.66478
2.67981
2.68895
2.68767
2.67541
2.65312
2.62235
2.58743
2.55779
2.54234
2.53992
2.5415
2.54043
2.53555
2.5276
2.51647
2.50149
2.48257
2.46104
2.44021
2.42498
2.42021
2.42805
2.44623
2.46848
2.48751
2.49875
2.50238
2.50265
2.50495
2.51321
2.52877
2.55013
2.57338
2.59443
2.61301
2.63429
2.66525
2.70761
2.75497
2.79671
2.82398
2.83322
2.82632
2.80865
2.78671
2.7666
2.75375
2.75226
2.76299
2.7817
2.79939
2.8061
2.79554
2.76839
2.7317
2.69442
2.66435
2.64891
2.65488
2.68477
2.73522
2.79934
2.86818
2.9312
2.97891
3.00652
3.01518
3.0102
2.99827
2.98485
2.97275
2.96222
2.95218
2.94178
2.93106
2.9203
2.90827
2.89172
2.86776
2.83623
2.79813
2.75402
2.70543
2.65669
2.61218
2.57265
2.53779
2.51099
2.4995
2.50926
2.53856
2.57805
2.61875
2.65724
2.69333
2.72696
2.75786
2.78558
2.80938
2.82851
2.84293
2.85332
2.85949
2.85897
2.84741
2.82125
2.78047
2.72998
2.67948
2.64145
2.62682
2.63919
2.67308
2.71895
2.76873
2.81631
2.85499
2.87641
2.87351
2.84547
2.80114
2.75722
2.72775
2.71389
2.70746
2.70091
2.69172
2.68304
2.68129
2.69032
2.70652
2.72067
2.72395
2.71184
2.68431
2.64534
2.60232
2.56416
2.53861
2.53022
2.54026
2.56772
2.60812
2.65285
2.69453
2.73319
2.77114
2.80265
2.81729
2.81269
2.79832
2.78791
2.78985
2.80269
2.81827
2.8279
2.82716
2.81753
2.80549
2.79875
2.80047
2.80593
2.80578
2.792
2.76148
2.71644
2.6629
2.60857
2.56154
2.53041
2.52216
2.53754
2.56932
2.60661
2.64108
2.66942
2.69194
2.71023
2.72601
2.74167
2.76123
2.79079
2.8371
2.90274
2.98057
3.05408
3.10554
3.12437
3.11044
3.07317
3.02806
2.99034
2.9676
2.95749
2.95231
2.94347
2.92252
2.88165
2.81784
2.73904
2.66465
2.61284
2.58677
2.5777
2.57665
2.57946
2.5861
2.5981
2.61665
2.64188
2.67382
2.71321
2.76044
2.81277
2.86285
2.90034
2.91713
2.91338
2.89903
2.88567
2.87538
2.8615
2.8385
2.80702
2.77296
2.74558
2.73494
2.74666
2.77745
2.81697
2.8538
2.8794
2.88861
2.87952
2.85371
2.81617
2.7735
2.73096
2.69099
2.65426
2.62235
2.59925
2.58894
2.59171
2.60495
2.62749
2.66024
2.70273
2.7513
2.8011
2.84843
2.89053
2.92301
2.93811
2.92781
2.88908
2.82834
2.76104
2.70482
2.67042
2.65959
2.67047
2.70077
2.74619
2.79867
2.84791
2.88445
2.90206
2.89919
2.87943
2.84901
2.81275
2.77365
2.73623
2.7067
2.68881
2.68095
2.67864
2.67958
2.68671
2.70615
2.74037
2.78354
2.82478
2.85488
2.86945
2.86802
2.85279
2.82793
2.79828
2.76813
2.74172
2.72399
2.71771
2.71901
2.71853
2.70815
2.68643
2.65909
2.63488
2.62031
2.61715
2.62403
2.6387
2.65831
2.67871
2.69539
2.70593
2.71146
2.71552
2.72084
2.72694
2.73049
2.72822
2.71941
2.70659
2.69434
2.68729
2.68735
2.69235
2.69749
2.69879
2.69494
2.68624
2.67259
2.65338
2.62936
2.60421
2.58229
2.56455
2.54779
2.52891
2.50826
2.48851
2.47148
2.45752
2.44799
2.44742
2.46186
2.49461
2.54306
2.5991
2.65267
2.69582
2.72545
2.74345
2.75473
2.76442
2.77567
2.78895
2.80309
2.81643
2.8268
2.83168
2.82934
2.81945
2.80204
2.77693
2.74683
2.72085
2.71145
2.7251
2.75857
2.8046
2.85493
2.89874
2.92305
2.91747
2.88099
2.82841
2.78711
2.77586
2.788
2.80529
2.81787
2.82618
2.83258
2.83462
2.825
2.79726
2.75093
2.6924
2.63292
2.58545
2.56034
2.56
2.57657
2.59739
2.61371
2.62589
2.64213
2.67153
2.7153
2.76399
2.80286
2.81832
2.80341
2.76671
2.73898
2.75009
2.79002
2.82409
2.83165
2.81162
2.77314
2.72906
2.69165
2.66839
2.65872
2.655
2.64871
2.6357
2.61671
2.59579
2.57868
2.57083
2.57539
2.59189
2.61613
2.64123
2.65995
2.66834
2.66899
2.66975
2.67804
2.69601
2.72086
2.74711
2.76887
2.78197
2.78562
2.78297
2.7801
2.78301
2.79319
2.80559
2.81149
2.80349
2.77881
2.7395
2.69137
2.64296
2.60412
2.58287
2.58203
2.59892
2.62865
2.66718
2.71105
2.75571
2.7952
2.82392
2.83882
2.84026
2.83178
2.81878
2.80681
2.79987
2.79947
2.80485
2.81389
2.82403
2.83283
2.83844
2.8396
2.83592
2.82813
2.81774
2.80602
2.79263
2.77566
2.75363
2.72807
2.70394
2.68783
2.68587
2.70138
2.72966
2.75739
2.77133
2.7656
2.74163
2.70649
2.67249
2.65447
2.66128
2.6892
2.72558
2.75571
2.76542
2.7443
2.68964
2.60766
2.51385
2.43223
2.38836
2.39563
2.44619
2.51692
2.58399
2.63314
2.66132
2.67313
2.6763
2.67831
2.6839
2.69286
2.69972
2.698
2.6875
2.67674
2.67507
2.68356
2.69709
2.70873
2.70963
2.69162
2.65442
2.60858
2.5678
2.53882
2.52188
2.51715
2.52539
2.54514
2.57283
2.60584
2.64374
2.68603
2.72948
2.7688
2.7995
2.81808
2.82124
2.80684
2.77669
2.73925
2.70859
2.69593
2.69934
2.70486
2.69751
2.67009
2.62596
2.57892
2.54802
2.54769
2.58042
2.63801
2.70778
2.77785
2.8399
2.88963
2.92501
2.94403
2.94439
2.92537
2.88989
2.84457
2.79708
2.7539
2.72064
2.70307
2.70614
2.73047
2.76991
2.8143
2.85464
2.88412
2.89761
2.89617
2.89084
2.89313
2.90105
2.90306
2.89129
2.86467
2.82449
2.77187
2.70958
2.64583
2.59519
2.57167
2.57763
2.60287
2.63492
2.66618
2.69336
2.7147
2.7288
2.735
2.73365
2.72573
2.71213
2.69296
2.66857
2.64317
2.62943
2.64327
2.68499
2.73475
2.77158
2.78672
2.78396
2.77468
2.76913
2.76867
2.76694
2.75774
2.74108
2.72378
2.71315
2.70978
2.70926
2.70946
2.7124
2.72027
2.73162
2.74177
2.74547
2.73952
2.72414
2.70242
2.67867
2.65694
2.64004
2.62868
2.61997
2.60752
2.58488
2.54975
2.50604
2.46271
2.43043
2.41794
2.42873
2.45969
2.50375
2.55379
2.60317
2.64376
2.66634
2.6659
2.64773
2.62694
2.6174
2.6189
2.61778
2.60089
2.571
2.55094
2.56691
2.62407
2.70378
2.78159
2.84263
2.88397
2.90941
2.92354
2.928
2.921
2.89983
2.86521
2.82431
2.78882
2.76865
2.76644
2.7782
2.79809
2.82144
2.84422
2.86186
2.87028
2.86763
2.85481
2.83404
2.80776
2.77888
2.75125
2.72918
2.71592
2.71187
2.71276
2.71035
2.69693
2.67011
2.6342
2.59795
2.57168
2.56563
2.58607
2.6291
2.68208
2.73289
2.77436
2.80205
2.81202
2.80116
2.76899
2.71978
2.66256
2.60751
2.56176
2.52862
2.50971
2.50564
2.51528
2.53499
2.55894
2.58001
2.59186
2.59173
2.58281
2.57385
2.57355
2.58332
2.5974
2.61065
2.62277
2.63407
2.64071
2.6372
2.62166
2.59641
2.56536
2.53386
2.51101
2.50958
2.53836
2.59357
2.6604
2.72277
2.76977
2.7964
2.80227
2.79069
2.76716
2.73729
2.70513
2.67337
2.64498
2.6243
2.61603
2.62301
2.64454
2.6759
2.70987
2.73868
2.75551
2.75562
2.7374
2.70349
2.66112
2.62144
2.59665
2.595
2.61633
2.65265
2.6942
2.73389
2.76747
2.79212
2.80616
2.80932
2.80287
2.78831
2.76529
2.73111
2.68391
2.62654
2.56671
2.51306
2.47339
2.45518
2.46354
2.49728
2.54904
2.61021
2.67525
2.74125
2.80447
2.8579
2.89214
2.89845
2.87214
2.81468
2.73432
2.64565
2.56681
2.51244
2.48623
2.4814
2.4882
2.49958
2.51152
2.52133
2.52711
2.52867
2.52912
2.53406
2.54715
2.56686
2.58902
2.61103
2.63238
2.65234
2.66858
2.67785
2.67756
2.66646
2.64441
2.6125
2.57391
2.53434
2.5011
2.48168
2.48235
2.50625
2.5513
2.60976
2.67037
2.72301
2.76224
2.78775
2.80178
2.80631
2.80257
2.79308
2.78257
2.77483
2.76835
2.75698
2.73589
2.70666
2.67758
2.65985
2.66216
2.68627
2.72626
2.77248
2.82
2.87349
2.93641
2.99685
3.03424
3.03453
2.99528
2.92669
2.85442
2.81001
2.802
2.80828
2.80378
2.77848
2.73499
2.68187
2.62928
2.58645
2.55999
2.55273
2.56344
2.58726
2.6173
2.64678
2.6708
2.68692
2.69431
2.6925
2.68118
2.66283
2.64641
2.64645
2.67398
2.72664
2.79155
2.85576
2.91092
2.95165
2.97392
2.97555
2.95739
2.92376
2.88162
2.83872
2.80111
2.77112
2.74749
2.72785
2.712
2.70319
2.70592
2.72167
2.74649
2.77257
2.79178
2.79846
2.79032
2.76793
2.73393
2.69248
2.64972
2.61582
2.605
2.62647
2.67484
2.735
2.79156
2.8325
2.85043
2.84337
2.81496
2.77543
2.73927
2.71635
2.70717
2.70936
2.72316
2.74966
2.78715
2.82905
2.86492
2.88469
2.88501
2.87304
2.86177
2.85849
2.86078
2.86341
2.86406
2.86351
2.86373
2.86607
2.87042
2.87541
2.87916
2.87944
2.87352
2.85911
2.83619
2.80812
2.78043
2.75774
2.74021
2.72176
2.69191
2.64184
2.5723
2.49731
2.43819
2.411
2.41788
2.44922
2.4929
2.54188
2.59213
2.63631
2.66651
2.68106
2.68512
2.68692
2.6943
2.71199
2.73971
2.77269
2.80467
2.83062
2.84792
2.85621
2.85657
2.85091
2.84212
2.83313
2.8242
2.81162
2.79113
2.76264
2.73131
2.70424
2.68616
2.67786
2.67793
2.68474
2.69761
2.7169
2.74237
2.77032
2.79397
2.80831
2.81402
2.81713
2.82398
2.83444
2.83941
2.82779
2.79845
2.76219
2.72574
2.68248
2.62662
2.563
2.50183
2.45262
2.42379
2.42427
2.46034
2.5281
2.61195
2.69314
2.76006
2.81085
2.84859
2.87577
2.89254
2.89829
2.8931
2.87772
2.85325
2.82133
2.78502
2.74963
2.72199
2.70741
2.70711
2.71861
2.73763
2.7591
2.7784
2.7949
2.81466
2.84538
2.88509
2.92159
2.94421
2.9504
2.94246
2.92273
2.89224
2.8525
2.80752
2.7631
2.72354
2.68911
2.6571
2.62562
2.59626
2.57383
2.56437
2.573
2.60148
2.64614
2.69852
2.74869
2.78877
2.8144
2.82429
2.8194
2.80252
2.77789
2.75021
2.72333
2.6996
2.68014
2.6657
2.65751
2.65716
2.66556
2.6817
2.70257
2.72396
2.74147
2.75169
2.75325
2.74692
2.73534
2.72247
2.71344
2.71399
2.72853
2.75734
2.79519
2.83271
2.85963
2.86893
2.85869
2.83106
2.78954
2.73741
2.6785
2.61836
2.56274
2.51502
2.47646
2.44884
2.43527
2.4384
2.45804
2.49158
2.53556
2.58547
2.6349
2.67708
2.70768
2.72508
2.72842
2.71623
2.68746
2.64503
2.59951
2.56894
2.57057
2.60772
2.66617
2.7252
2.76953
2.79234
2.79283
2.77284
2.73513
2.68371
2.62559
2.57104
2.53099
2.5121
2.51424
2.53275
2.56194
2.59713
2.63537
2.67564
2.71703
2.7564
2.78786
2.80485
2.80327
2.78369
2.75071
2.70952
2.66269
2.61058
2.5562
2.50988
2.48682
2.49731
2.53781
2.59271
2.64478
2.68369
2.70742
2.7198
2.7278
2.73918
2.7586
2.78463
2.81058
2.82851
2.83316
2.82373
2.80358
2.77777
2.74985
2.72059
2.68948
2.65761
2.62871
2.60759
2.59807
2.60219
2.62007
2.64885
2.68232
2.71202
2.73027
2.73419
2.72835
2.72218
2.72249
2.72773
2.72937
2.71821
2.69033
2.6488
2.60164
2.55878
2.53118
2.5312
2.56345
2.61266
2.65479
2.67961
2.69366
2.70683
2.72113
2.73054
2.72803
2.71122
2.68297
2.64975
2.6194
2.59907
2.59373
2.60583
2.6351
2.67784
2.72625
2.77009
2.80014
2.8124
2.81059
2.80527
2.80889
2.82872
2.86327
2.90428
2.9417
2.96775
2.97853
2.97391
2.9565
2.93041
2.90051
2.87162
2.84708
2.8275
2.81006
2.78956
2.76097
2.72199
2.67478
2.62582
2.58478
2.56208
2.56564
2.59713
2.6505
2.71448
2.77709
2.82879
2.86296
2.87546
2.86471
2.83265
2.78581
2.7346
2.68983
2.65774
2.63693
2.62028
2.60046
2.57488
2.54653
2.52238
2.51094
2.51873
2.5461
2.58606
2.62782
2.6627
2.68805
2.7071
2.72543
2.74693
2.77211
2.79881
2.82368
2.84296
2.85266
2.84849
2.8267
2.78689
2.73544
2.68687
2.65881
2.66106
2.68826
2.72495
2.75657
2.77649
2.78643
2.79301
2.80223
2.81492
2.82629
2.82959
2.81975
2.79499
2.75756
2.71409
2.67442
2.64853
2.6426
2.65676
2.68639
2.72558
2.76919
2.81257
2.85054
2.87788
2.89103
2.88849
2.86991
2.83533
2.78553
2.72355
2.65601
2.59157
2.53627
2.48989
2.44887
2.41363
2.39098
2.38671
2.39917
2.42334
2.456
2.49455
2.53471
2.57137
2.60091
2.62149
2.63137
2.62901
2.61486
2.59208
2.56489
2.53669
2.51028
2.48838
2.47328
2.46575
2.46511
2.47075
2.48339
2.50449
2.53322
2.56359
2.58569
2.5909
2.57732
2.55159
2.52476
2.50405
2.4891
2.47771
2.47599
2.5003
2.56137
2.64702
2.73107
2.79406
2.83085
2.84783
2.85648
2.86506
2.87331
2.87452
2.86078
2.82622
2.76837
2.69025
2.60358
2.52923
2.48943
2.49482
2.53818
2.60049
2.66219
2.70908
2.73247
2.72867
2.69973
2.65462
2.6084
2.5757
2.56262
2.56615
2.58068
2.60115
2.62108
2.63214
2.6286
2.61277
2.59435
2.58138
2.57258
2.56252
2.55099
2.54293
2.54148
2.54547
2.55189
2.55841
2.56375
2.56769
2.57071
2.57367
2.57755
2.58311
2.5903
2.59827
2.60613
2.61383
2.62261
2.63459
2.64998
2.66475
2.67264
2.67039
2.66038
2.65027
2.65066
2.66971
2.70567
2.74603
2.77741
2.79469
2.80023
2.7975
2.78651
2.76479
2.73177
2.69241
2.65756
2.64048
2.6506
2.68751
2.74019
2.79274
2.8321
2.85274
2.85698
2.8519
2.84469
2.83913
2.83534
2.83193
2.82754
2.82064
2.80936
2.79258
2.77194
2.75271
2.74143
2.74039
2.74636
2.7565
2.7718
2.79179
2.80955
2.81483
2.80119
2.77096
2.73627
2.71515
2.72065
2.75069
2.79044
2.82469
2.84637
2.85517
2.85214
2.83634
2.80565
2.75927
2.70013
2.6363
2.58123
2.5505
2.55314
2.58389
2.62585
2.6607
2.67586
2.66604
2.63199
2.57929
2.51839
2.46526
2.44059
2.46358
2.5398
2.65319
2.77574
2.88402
2.96506
3.014
3.03097
3.01916
2.98344
2.92906
2.8606
2.78196
2.69732
2.61278
2.53706
2.4797
2.44793
2.44527
2.47049
2.51679
2.57368
2.63102
2.6813
2.7197
2.74417
2.75568
2.75758
2.75418
2.74948
2.74711
2.75066
2.76287
2.78379
2.80974
2.83443
2.8514
2.8559
2.84596
2.82294
2.79138
2.75831
2.7317
2.71781
2.7189
2.73232
2.7506
2.76488
2.76975
2.76492
2.75315
2.73736
2.71902
2.69794
2.67346
2.64604
2.61797
2.59306
2.57654
2.57458
2.59173
2.62726
2.67412
2.72203
2.76294
2.7944
2.81811
2.83543
2.845
2.84416
2.8314
2.8071
2.77337
2.73395
2.69452
2.66273
2.64639
2.64987
2.67235
2.71011
2.75927
2.81478
2.86889
2.91247
2.93826
2.94361
2.93084
2.90593
2.87625
2.84788
2.82279
2.79845
2.77021
2.73471
2.69155
2.64341
2.5956
2.55508
2.52738
2.5138
2.51154
2.51659
2.52619
2.53933
2.55576
2.57411
2.59112
2.60271
2.60577
2.59991
2.58856
2.57845
2.57755
2.5926
2.62618
2.67445
2.72796
2.77496
2.80494
2.81244
2.80001
2.77766
2.75716
2.74537
2.74216
2.74373
2.74688
2.75087
2.7572
2.769
2.79042
2.82529
2.87403
2.93045
2.98288
3.01993
3.0359
3.0312
3.00996
2.97699
2.93554
2.88713
2.8341
2.78301
2.74569
2.7347
2.75572
2.80422
2.86951
2.93968
3.00368
3.05217
3.07927
3.08397
3.06961
3.04196
3.00672
2.96827
2.92991
2.89537
2.86949
2.85684
2.85905
2.87184
2.88487
2.88746
2.87657
2.85947
2.84735
2.84492
2.84794
2.84897
2.84304
2.82985
2.81343
2.80032
2.797
2.80638
2.82544
2.84691
2.86348
2.87071
2.86689
2.85105
2.82132
2.77501
2.71162
2.63799
2.57065
2.5277
2.51513
2.52638
2.55261
2.58731
2.62485
2.65967
2.68777
2.70761
2.71877
2.72037
2.71071
2.68839
2.65369
2.60962
2.56246
2.52136
2.49569
2.49027
2.50252
2.52506
2.55081
2.57554
2.59755
2.61642
2.6322
2.64492
2.65427
2.65962
2.66034
2.65677
2.6512
2.64786
2.6512
2.66324
2.68269
2.70637
2.73069
2.75197
2.76715
2.77524
2.77779
2.77784
2.77842
2.77985
2.77657
2.7608
2.73197
2.69921
2.67322
2.65913
2.6563
2.66061
2.66708
2.67391
2.68412
2.70212
2.72755
2.75385
2.77442
2.78755
2.79403
2.793
2.78142
2.75746
2.72457
2.69184
2.66827
2.6551
2.64624
2.63798
2.63331
2.63507
2.64107
2.64772
2.65315
2.6559
2.65415
2.65107
2.65596
2.66902
2.67775
2.67662
2.67354
2.67764
2.69035
2.70588
2.71722
2.72279
2.72868
2.74023
2.75274
2.75645
2.74832
2.73476
2.72566
2.72775
2.74224
2.76614
2.79467
2.82331
2.84966
2.87401
2.89796
2.92159
2.94244
2.9574
2.96511
2.96626
2.96249
2.95522
2.9449
2.93045
2.91037
2.88517
2.85913
2.83852
2.82586
2.81598
2.79909
2.76762
2.72058
2.66424
2.61069
2.57419
2.56462
2.5813
2.61294
2.64476
2.66638
2.67507
2.67406
2.66867
2.66262
2.65731
2.65284
2.64936
2.64703
2.64567
2.64446
2.64232
2.63886
2.63402
2.62667
2.6152
2.60047
2.587
2.58091
2.58709
2.60785
2.64298
2.68968
2.7429
2.79647
2.84481
2.88447
2.91461
2.93616
2.95066
2.95953
2.96351
2.96171
2.9515
2.93058
2.89952
2.86278
2.82731
2.79894
2.77844
2.76063
2.7384
2.70867
2.67544
2.64752
2.6331
2.63519
2.65023
2.66995
2.68492
2.6884
2.67878
2.65941
2.63678
2.61807
2.60879
2.61152
2.62571
2.64776
2.67164
2.69078
2.70086
2.70186
2.69814
2.69578
2.69912
2.70902
2.72324
2.73676
2.7422
2.73255
2.70538
2.6653
2.62235
2.58734
2.56688
2.56193
2.57027
2.59003
2.61958
2.65519
2.69117
2.72228
2.74517
2.75853
2.76324
2.76218
2.75886
2.75512
2.75004
2.74121
2.72688
2.70665
2.68105
2.65108
2.61808
2.58374
2.55025
2.52031
2.49617
2.4786
2.46766
2.465
2.47318
2.49158
2.51549
2.53898
2.5558
2.55939
2.54719
2.52556
2.50761
2.50418
2.51676
2.54007
2.56979
2.60576
2.64929
2.69974
2.75296
2.80124
2.83474
2.84508
2.83031
2.79842
2.76514
2.74308
2.73239
2.72546
2.71718
2.70728
2.69662
2.68434
2.66856
2.64912
2.62879
2.6115
2.59886
2.5885
2.57615
2.55995
2.54381
2.53645
2.54575
2.57346
2.6148
2.66178
2.70672
2.74413
2.77116
2.78696
2.79166
2.78563
2.76968
2.74561
2.7161
2.68435
2.65416
2.62973
2.61496
2.6129
2.6248
2.64775
2.67397
2.69457
2.70384
2.70051
2.68711
2.66905
2.65349
2.64747
2.65588
2.67962
2.71509
2.75521
2.79271
2.82311
2.84527
2.85986
2.86825
2.87234
2.87306
2.86796
2.85168
2.82181
2.78368
2.74676
2.71725
2.69735
2.68893
2.69371
2.71042
2.73443
2.76038
2.78394
2.8019
2.81139
2.80908
2.79095
2.75257
2.69025
2.60234
2.49162
2.36893
2.25666
2.18624
2.18278
2.24513
2.34464
2.44641
2.52886
2.5866
2.62294
2.6434
2.65342
2.65843
2.66321
2.67049
2.68033
2.69166
2.70421
2.71856
2.73453
2.75007
2.76222
2.76853
2.76809
2.76119
2.74882
2.73246
2.71454
2.69805
2.68527
2.67688
2.67195
2.66895
2.667
2.66693
2.67058
2.67851
2.68839
2.69594
2.69762
2.69297
2.68583
2.68301
2.68897
2.70174
2.71571
2.7275
2.73762
2.74881
2.76397
2.7837
2.80509
2.82424
2.83964
2.85146
2.85854
2.85749
2.84519
2.8214
2.78928
2.75349
2.71813
2.68658
2.66242
2.64922
2.64778
2.65301
2.65606
2.65229
2.64615
2.64704
2.6622
2.694
2.7399
2.79237
2.84068
2.87521
2.89104
2.88896
2.8744
2.8552
2.83825
2.8266
2.8188
2.81108
2.79998
2.7835
2.76162
2.73811
2.721
2.71815
2.73048
2.7505
2.76781
2.77529
2.77147
2.75954
2.74418
2.72817
2.71089
2.6896
2.66244
2.63043
2.59814
2.57337
2.56628
2.58698
2.63983
2.71684
2.79999
2.87174
2.92213
2.94836
2.95163
2.93499
2.90274
2.86018
2.81278
2.76535
2.72221
2.68803
2.6675
2.6631
2.67277
2.69016
2.70788
2.72093
2.72866
2.73428
2.74282
2.75858
2.78247
2.81037
2.83469
2.84991
2.85787
2.86603
2.87734
2.88402
2.87474
2.84453
2.79705
2.74076
2.68375
2.63116
2.5859
2.54977
2.52239
2.49967
2.47468
2.44318
2.4112
2.39486
2.40546
2.43712
2.47434
2.50551
2.52812
2.54648
2.56693
2.59379
2.62839
2.67026
2.71802
2.76883
2.81744
2.8563
2.87722
2.87518
2.85236
2.81924
2.78985
2.77384
2.77289
2.78405
2.80396
2.82925
2.85586
2.87936
2.89588
2.90249
2.8972
2.87949
2.85239
2.82454
2.80711
2.80581
2.81865
2.8398
2.86097
2.87291
2.8705
2.85453
2.82882
2.79688
2.76153
2.72576
2.69322
2.66763
2.65108
2.64218
2.63605
2.62653
2.60975
2.58644
2.56168
2.54309
2.53887
2.55455
2.58886
2.63319
2.67635
2.7091
2.72514
2.72227
2.70334
2.67539
2.6473
2.62832
2.62641
2.64378
2.67386
2.70388
2.72145
2.71877
2.69316
2.64675
2.58683
2.52678
2.48393
2.47167
2.49058
2.52941
2.5737
2.61255
2.63996
2.65341
2.65301
2.64206
2.6273
2.61733
2.61884
2.63389
2.66033
2.69395
2.72895
2.75837
2.77636
2.78118
2.77552
2.76393
2.74946
2.73184
2.70888
2.67985
2.64753
2.61664
2.59061
2.57078
2.55801
2.5535
2.55748
2.56737
2.57748
2.58145
2.57513
2.55844
2.53422
2.50566
2.47602
2.45218
2.44482
2.46093
2.49805
2.54818
2.60592
2.67262
2.75233
2.84191
2.92853
2.99747
3.03904
3.04988
3.03168
2.99027
2.93505
2.87806
2.83146
2.80324
2.79395
2.79799
2.80812
2.81889
2.8272
2.83144
2.83069
2.82473
2.81417
2.80029
2.78534
2.77231
2.76379
2.76036
2.76001
2.75943
2.75605
2.74902
2.7388
2.72603
2.7117
2.69802
2.68835
2.68593
2.69241
2.70699
2.72648
2.74646
2.76227
2.76966
2.76569
2.75003
2.72548
2.69676
2.66874
2.6466
2.63608
2.6393
2.65056
2.66032
2.664
2.66519
2.67236
2.69263
2.72614
2.76475
2.79696
2.81406
2.8128
2.79426
2.76211
2.72248
2.68412
2.65551
2.63979
2.63393
2.63346
2.6374
2.64843
2.66752
2.68889
2.70172
2.69764
2.67658
2.64702
2.62156
2.60995
2.6143
2.62915
2.64462
2.6499
2.63881
2.61709
2.60332
2.61171
2.63391
2.64881
2.64292
2.61722
2.5829
2.55395
2.53967
2.5412
2.55352
2.57015
2.58758
2.60631
2.6252
2.63656
2.63212
2.61126
2.58088
2.55134
2.53355
2.53737
2.56887
2.62578
2.6955
2.75983
2.803
2.81705
2.80347
2.772
2.73603
2.70645
2.68802
2.67966
2.67625
2.6704
2.65521
2.62823
2.59408
2.56311
2.54585
2.54706
2.56452
2.59225
2.6231
2.64986
2.66739
2.67477
2.67474
2.67058
2.66317
2.65161
2.6364
2.62083
2.60866
2.60121
2.59696
2.59449
2.59557
2.60405
2.62243
2.65056
2.68586
2.72287
2.75483
2.77681
2.78723
2.78681
2.77683
2.75863
2.73462
2.70935
2.6891
2.6805
2.68897
2.71585
2.75605
2.79921
2.83398
2.85114
2.84558
2.81877
2.78037
2.74422
2.71918
2.70516
2.69828
2.69566
2.69504
2.69375
2.69053
2.68787
2.69094
2.70284
2.72065
2.73668
2.74377
2.73923
2.72509
2.70591
2.6864
2.67039
2.66182
2.66616
2.68912
2.72984
2.77555
2.80802
2.81555
2.79683
2.75649
2.70016
2.63419
2.56944
2.52295
2.51104
2.53762
2.59124
2.65464
2.71576
2.77031
2.81719
2.85501
2.88205
2.89723
2.90045
2.89283
2.8769
2.85606
2.83398
2.81408
2.79992
2.79471
2.79955
2.81172
2.82586
2.83753
2.84489
2.84764
2.8453
2.83693
2.8225
2.80407
2.78507
2.7676
2.75088
2.73426
2.72131
2.7162
2.71638
2.71415
2.70509
2.69126
2.67873
2.67447
2.6836
2.7069
2.73992
2.77474
2.80331
2.81993
2.82269
2.81427
2.80063
2.78733
2.77568
2.76282
2.74542
2.72307
2.69879
2.67699
2.6608
2.65083
2.64612
2.64674
2.65495
2.67396
2.70482
2.74459
2.78686
2.82407
2.84969
2.85968
2.85294
2.83083
2.79643
2.75429
2.711
2.67447
2.65152
2.64534
2.65531
2.67832
2.71021
2.74614
2.78105
2.81068
2.83307
2.84869
2.85815
2.8606
2.85505
2.84196
2.82218
2.79496
2.75797
2.70959
2.65088
2.58603
2.52208
2.46874
2.43698
2.43469
2.46118
2.50601
2.55409
2.59238
2.61322
2.61506
2.60184
2.5809
2.55937
2.54196
2.5314
2.5301
2.53987
2.5599
2.58581
2.61157
2.6331
2.65049
2.66691
2.68546
2.70624
2.72549
2.73761
2.73815
2.7251
2.69817
2.6577
2.6047
2.54189
2.47498
2.41296
2.36668
2.34542
2.35315
2.38691
2.43933
2.50297
2.57297
2.64604
2.71775
2.78071
2.8256
2.84495
2.83733
2.80793
2.76386
2.70975
2.65025
2.5946
2.55516
2.54045
2.55004
2.57674
2.61234
2.65054
2.68623
2.7145
2.73119
2.73453
2.72595
2.70973
2.69194
2.67958
2.67941
2.69587
2.7288
2.77254
2.81802
2.85728
2.88648
2.90511
2.91269
2.9076
2.89077
2.87046
2.85952
2.86429
2.87822
2.88852
2.88659
2.87207
2.8516
2.83427
2.82615
2.82752
2.83443
2.84184
2.84525
2.84129
2.82811
2.8059
2.77754
2.74867
2.72626
2.71602
2.72022
2.73715
2.76254
2.79117
2.81836
2.84026
2.85328
2.85357
2.83757
2.80415
2.7572
2.70655
2.66483
2.64166
2.64157
2.66499
2.70465
2.74368
2.7639
2.75374
2.70819
2.62657
2.51385
2.38513
2.26836
2.19778
2.19609
2.2594
2.36153
2.47201
2.56886
2.64103
2.68626
2.70837
2.71555
2.71799
2.72399
2.73589
2.75016
2.76164
2.76801
2.77069
2.77259
2.77593
2.78105
2.78596
2.78646
2.77761
2.75608
2.72174
2.67805
2.6319
2.59343
2.57459
2.58291
2.61485
2.65807
2.70044
2.73546
2.76087
2.775
2.77456
2.75662
2.72398
2.68723
2.65737
2.63694
2.62249
2.61322
2.61213
2.62099
2.63843
2.66263
2.69307
2.72943
2.77001
2.81106
2.84614
2.86696
2.86666
2.84304
2.79929
2.74214
2.67903
2.61704
2.56511
2.53434
2.53096
2.5485
2.57241
2.59117
2.60068
2.60143
2.59501
2.58306
2.5676
2.55131
2.53682
2.52522
2.51504
2.50413
2.49314
2.48648
2.4905
2.50963
2.54258
2.58182
2.61675
2.63815
2.64196
2.63335
2.62681
2.63501
2.65492
2.67155
2.67281
2.65584
2.6248
2.58721
2.55157
2.52675
2.52199
2.54438
2.59337
2.65764
2.72026
2.76785
2.79546
2.80518
2.80147
2.78653
2.75838
2.71399
2.6569
2.60049
2.55809
2.53334
2.52581
2.53681
2.56712
2.61357
2.66794
2.71984
2.76186
2.79128
2.80796
2.81293
2.80941
2.80401
2.80434
2.81316
2.82572
2.83454
2.83612
2.83248
2.8283
2.82768
2.83312
2.84523
2.86203
2.8792
2.89154
2.8947
2.88686
2.87002
2.85034
2.83583
2.83223
2.83964
2.85229
2.8611
2.85736
2.8357
2.7957
2.74214
2.68395
2.63131
2.59194
2.56893
2.56097
2.56422
2.57359
2.58325
2.58816
2.58674
2.58311
2.58613
2.60366
2.63623
2.67717
2.71661
2.74476
2.75519
2.74754
2.72676
2.69998
2.67323
2.65016
2.63291
2.62295
2.62033
2.62224
2.62312
2.61678
2.59928
2.57067
2.53508
2.50064
2.47799
2.47569
2.4956
2.53329
2.58274
2.63887
2.69654
2.74928
2.79073
2.81723
2.8285
2.82637
2.8132
2.79115
2.76242
2.72987
2.69735
2.66955
2.65175
2.64854
2.66157
2.68822
2.72298
2.76034
2.79564
2.82321
2.83569
2.82649
2.79332
2.73941
2.67222
2.60157
2.53822
2.49226
2.4701
2.47179
2.49082
2.51719
2.54093
2.55515
2.55816
2.55479
2.5546
2.567
2.59563
2.63644
2.68084
2.72056
2.7509
2.77121
2.78292
2.78728
2.78411
2.77223
2.75064
2.71944
2.68063
2.63887
2.60119
2.57468
2.5641
2.57188
2.59886
2.64302
2.69749
2.75113
2.79154
2.80946
2.80285
2.77903
2.75106
2.7285
2.7113
2.6935
2.67078
2.64418
2.61896
2.60127
2.59427
2.5966
2.60481
2.61619
2.62903
2.64108
2.64846
2.64567
2.62688
2.59028
2.54712
2.52707
2.55657
2.62729
2.71059
2.78783
2.8531
2.90454
2.93962
2.95445
2.94629
2.91744
2.87578
2.8288
2.77858
2.72524
2.6723
2.62616
2.59283
2.57577
2.57497
2.58704
2.60712
2.63235
2.66298
2.69873
2.73465
2.76331
2.77983
2.78382
2.77761
2.76374
2.74379
2.71968
2.69596
2.67986
2.67761
2.69104
2.71617
2.74326
2.75967
2.75604
2.73238
2.69939
2.67303
2.66342
2.66782
2.67579
2.67954
2.6788
2.67874
2.68518
2.70075
2.72428
2.75306
2.78459
2.81619
2.84387
2.86262
2.86765
2.85613
2.82873
2.79038
2.74916
2.71315
2.6871
2.67193
2.66624
2.66872
2.67891
2.69596
2.71699
2.73816
2.75777
2.77805
2.80388
2.83914
2.88303
2.92941
2.9691
2.99367
2.99801
2.98196
2.95114
2.91568
2.88619
2.86828
2.86046
2.85712
2.85253
2.84292
2.82706
2.80618
2.78291
2.75959
2.7376
2.71832
2.70348
2.69447
2.69157
2.69398
2.70057
2.71112
2.72604
2.74402
2.76005
2.76673
2.75817
2.73338
2.69721
2.65809
2.62444
2.60212
2.59396
2.60011
2.61712
2.63781
2.65391
2.66045
2.65777
2.6504
2.64376
2.64122
2.64349
2.65121
2.66734
2.69409
2.72751
2.75947
2.78675
2.81432
2.84697
2.88169
2.91166
2.93326
2.94671
2.95249
2.94964
2.93675
2.91394
2.8833
2.84787
2.81033
2.77306
2.73895
2.71265
2.70126
2.71084
2.7393
2.7756
2.80769
2.82886
2.83746
2.83476
2.82374
2.8082
2.79096
2.77327
2.75626
2.74227
2.73408
2.73343
2.73979
2.75096
2.76528
2.78242
2.80128
2.81774
2.82525
2.8186
2.79762
2.76816
2.74013
2.72311
2.72146
2.73182
2.74558
2.75481
2.7566
2.75402
2.75558
2.77271
2.8112
2.86245
2.90802
2.93234
2.92896
2.89891
2.84751
2.78246
2.71283
2.64785
2.59526
2.55985
2.54399
2.54951
2.57673
2.62117
2.67422
2.7271
2.77352
2.80964
2.83174
2.83559
2.81839
2.78193
2.73336
2.68326
2.64205
2.6177
2.61575
2.63843
2.68186
2.73467
2.78163
2.80982
2.81321
2.7937
2.7597
2.72305
2.69523
2.68341
2.68797
2.70289
2.71873
2.7269
2.72262
2.70623
2.68303
2.66213
2.65326
2.66202
2.68707
2.72153
2.75657
2.78501
2.80408
2.81595
2.82605
2.83894
2.85371
2.86296
2.85832
2.83879
2.81414
2.7987
2.7997
2.81133
2.81994
2.81385
2.78997
2.75297
2.70923
2.66237
2.61597
2.57926
2.56647
2.58692
2.63537
2.6946
2.7472
2.78412
2.80651
2.82265
2.84131
2.86526
2.88986
2.90675
2.90858
2.89131
2.85484
2.80422
2.74986
2.7032
2.67032
2.65067
2.64142
2.64051
2.6457
2.65204
2.65196
2.63807
2.60669
2.56012
2.50691
2.45947
2.42981
2.42502
2.44434
2.48049
2.52434
2.56921
2.61205
2.65239
2.69067
2.72699
2.75965
2.78427
2.79552
2.79047
2.77093
2.7429
2.71437
2.69275
2.68234
2.68272
2.68928
2.69683
2.70392
2.71294
2.725
2.73633
2.74187
2.7397
2.73127
2.7191
2.70511
2.69055
2.67685
2.66598
2.65913
2.65451
2.64625
2.62688
2.59305
2.55138
2.51805
2.50737
2.51963
2.54311
2.56409
2.57326
2.56859
2.55546
2.54347
2.54116
2.55259
2.57737
2.61224
2.65221
2.69151
2.72495
2.74908
2.7625
2.7655
2.75917
2.74433
2.72126
2.69061
2.65435
2.61466
2.57303
2.53298
2.50301
2.48993
2.48895
2.48898
2.48518
2.48114
2.48261
2.49128
2.50429
2.51931
2.5379
2.56208
2.58846
2.60898
2.61697
2.61184
2.59878
2.58566
2.58019
2.58717
2.6051
2.62688
2.64528
2.65733
2.66407
2.66819
2.67192
2.67667
2.68368
2.69459
2.7104
2.72919
2.74616
2.75727
2.7626
2.76531
2.76818
2.77171
2.77529
2.77944
2.7866
2.79943
2.81863
2.84232
2.86641
2.88536
2.89289
2.88351
2.8544
2.80666
2.74532
2.67766
2.61094
2.55098
2.50203
2.46793
2.45322
2.46233
2.49643
2.54903
2.60608
2.65227
2.67751
2.67972
2.66531
2.64747
2.64123
2.65632
2.69238
2.73994
2.78586
2.81893
2.83295
2.82696
2.80471
2.77344
2.74168
2.71628
2.70027
2.69274
2.69046
2.69007
2.6895
2.68838
2.68745
2.68775
2.68977
2.69263
2.69366
2.68872
2.67339
2.64484
2.60403
2.55787
2.51929
2.50264
2.51586
2.55658
2.6152
2.67987
2.74066
2.79172
2.83057
2.8561
2.86794
2.86696
2.85563
2.83718
2.81455
2.79063
2.77036
2.76202
2.77339
2.80404
2.84318
2.87623
2.89222
2.88567
2.85596
2.80677
2.74596
2.68433
2.63229
2.59612
2.57624
2.56824
2.56685
2.5699
2.57813
2.59141
2.6058
2.61433
2.61071
2.59241
2.56153
2.52433
2.48996
2.46849
2.46819
2.49211
2.53556
2.58752
2.63591
2.67244
2.69408
2.70191
2.6987
2.68691
2.66852
2.6469
2.62855
2.62154
2.63105
2.65623
2.69072
2.72542
2.75211
2.76678
2.76995
2.76359
2.74821
2.72402
2.69451
2.66717
2.65028
2.64881
2.662
2.6833
2.70216
2.70732
2.69139
2.65611
2.61427
2.58415
2.57883
2.60022
2.64219
2.69649
2.75551
2.8119
2.85829
2.88935
2.90378
2.90446
2.89721
2.8888
2.88491
2.88903
2.90245
2.92439
2.95143
2.9777
2.99697
3.00538
3.0022
2.98851
2.96534
2.93342
2.89433
2.85192
2.81179
2.77813
2.75127
2.72906
2.71062
2.69787
2.69366
2.69903
2.71203
2.72879
2.74556
2.76038
2.77321
2.7852
2.79739
2.80928
2.81737
2.8153
2.79745
2.76465
2.72711
2.70061
2.69773
2.71972
2.75493
2.7851
2.7947
2.77668
2.73335
2.67477
2.61576
2.57155
2.55289
2.56218
2.5934
2.63567
2.67788
2.71236
2.73668
2.75367
2.76938
2.78876
2.81119
2.82961
2.83483
2.8222
2.79459
2.75964
2.72383
2.68872
2.65228
2.61322
2.57487
2.54571
2.53524
2.54838
2.58291
2.63139
2.68491
2.73553
2.77745
2.80725
2.82401
2.82961
2.82902
2.82933
2.83693
2.8538
2.87558
2.89374
2.9
2.8902
2.86544
2.83091
2.79365
2.76008
2.73392
2.71614
2.70623
2.70251
2.70129
2.69847
2.69404
2.69306
2.69818
2.70472
2.7086
2.71223
2.71965
2.73122
2.74437
2.75699
2.76831
2.77709
2.77981
2.77143
2.74862
2.71345
2.67385
2.63944
2.61564
2.6009
2.58858
2.57065
2.54241
2.5083
2.48177
2.47194
2.47442
2.48217
2.49489
2.51502
2.54213
2.57242
2.6017
2.62776
2.65097
2.6729
2.69408
2.71293
2.7267
2.73351
2.73349
2.72844
2.72075
2.71253
2.70478
2.69686
2.6886
2.68324
2.68595
2.69929
2.72257
2.75312
2.78546
2.81135
2.82265
2.81411
2.78506
2.74062
2.69197
2.65365
2.63724
2.64637
2.67706
2.72171
2.77239
2.82207
2.86419
2.89258
2.90293
2.89434
2.86929
2.83128
2.78279
2.72687
2.67116
2.62863
2.61082
2.61819
2.63996
2.66317
2.68027
2.69133
2.70258
2.72086
2.74628
2.77024
2.78096
2.77027
2.73691
2.68687
2.63158
2.58388
2.55321
2.54303
2.55189
2.57644
2.6131
2.65772
2.70449
2.74563
2.77305
2.78098
2.76782
2.73597
2.68975
2.63348
2.57078
2.50642
2.4493
2.41269
2.40792
2.4364
2.4896
2.55646
2.62893
2.70151
2.76893
2.82514
2.86408
2.88145
2.87646
2.85323
2.82021
2.7867
2.75756
2.7307
2.69934
2.65768
2.60708
2.55785
2.52247
2.50673
2.50997
2.52932
2.56053
2.5973
2.6302
2.64832
2.64411
2.6181
2.5805
2.54864
2.53782
2.55044
2.57474
2.59461
2.59947
2.58786
2.56569
2.54087
2.51806
2.4979
2.48101
2.47122
2.47432
2.49416
2.52969
2.57564
2.62592
2.67655
2.72498
2.76759
2.79894
2.81366
2.80906
2.78635
2.75061
2.70972
2.6733
2.6518
2.65424
2.68365
2.73368
2.79134
2.84394
2.884
2.90895
2.91817
2.91111
2.88764
2.84892
2.79853
2.7436
2.69542
2.66683
2.66604
2.6914
2.73292
2.77824
2.81809
2.84824
2.86773
2.87666
2.87475
2.8615
2.83736
2.8053
2.77131
2.74271
2.72484
2.71909
2.72288
2.73074
2.73755
2.74267
2.75032
2.76529
2.78731
2.80879
2.81843
2.80756
2.7767
2.73991
2.71925
2.72911
2.76851
2.82209
2.86547
2.87783
2.85074
2.78888
2.70865
2.63576
2.597
2.60168
2.63126
2.6586
2.66972
2.66527
2.65319
2.64346
2.64516
2.66363
2.69838
2.74291
2.78661
2.81817
2.82946
2.81852
2.79117
2.75862
2.7301
2.70608
2.68036
2.64852
2.61382
2.58682
2.57933
2.59598
2.63082
2.67264
2.71153
2.74043
2.75432
2.75198
2.7388
2.72513
2.71958
2.72534
2.74311
2.77335
2.81374
2.85652
2.89007
2.90356
2.89102
2.85296
2.79635
2.73394
2.68172
2.65287
2.65085
2.66756
2.68869
2.70233
2.7046
2.69928
2.69222
2.68592
2.67937
2.67114
2.66133
2.65132
2.6428
2.63728
2.63603
2.63949
2.64663
2.65432
2.65829
2.65511
2.64474
2.63242
2.62743
2.63773
2.66461
2.70294
2.74578
2.78702
2.82134
2.84394
2.85193
2.84697
2.8364
2.82857
2.8251
2.81994
2.80551
2.77822
2.74134
2.70511
2.68244
2.68201
2.70452
2.74447
2.79413
2.84612
2.89389
2.93228
2.95824
2.97109
2.97192
2.9622
2.94319
2.91608
2.88214
2.84305
2.8026
2.76854
2.75031
2.75216
2.76922
2.79179
2.81142
2.82237
2.82049
2.80309
2.77024
2.72637
2.68072
2.6454
2.63158
2.64496
2.68278
2.73465
2.78689
2.82786
2.85122
2.85687
2.84956
2.83605
2.82149
2.80673
2.78843
2.76261
2.72802
2.68667
2.64266
2.60161
2.57087
2.55807
2.56693
2.59469
2.63395
2.67564
2.71089
2.73319
2.74096
2.73893
2.73608
2.73917
2.74537
2.74285
2.7236
2.69817
2.68993
2.70824
2.74213
2.78012
2.81937
2.86077
2.90328
2.94112
2.9649
2.96646
2.9436
2.90225
2.8547
2.81398
2.78731
2.77503
2.77523
2.7867
2.80767
2.83385
2.85911
2.8777
2.88516
2.8778
2.85289
2.81092
2.75744
2.70265
2.6576
2.62962
2.62085
2.62993
2.65313
2.6833
2.70926
2.71847
2.70195
2.65888
2.59878
2.54115
2.50816
2.50983
2.53711
2.57301
2.60594
2.63233
2.65299
2.66892
2.6793
2.68152
2.67267
2.65166
2.62089
2.58621
2.55493
2.53381
2.5284
2.54267
2.57789
2.6316
2.69837
2.77075
2.83825
2.88649
2.90064
2.87219
2.80434
2.71313
2.62247
2.55317
2.51421
2.50417
2.51831
2.55243
2.60195
2.65967
2.71566
2.76035
2.7884
2.79978
2.79768
2.78532
2.76469
2.7383
2.71189
2.69369
2.69037
2.70342
2.72878
2.75894
2.78597
2.80389
2.80874
2.79797
2.77107
2.73198
2.68919
2.6503
2.61657
2.58608
2.56107
2.54839
2.55435
2.58191
2.63048
2.69502
2.76608
2.83283
2.88687
2.92365
2.94203
2.94344
2.93124
2.91003
2.88469
2.85931
2.83627
2.81637
2.79942
2.78437
2.76829
2.74657
2.71568
2.67586
2.63105
2.5873
2.55159
2.53036
2.52625
2.53603
2.55409
2.57675
2.60246
2.63021
2.65809
2.68182
2.69582
2.69747
2.69075
2.68515
2.68935
2.70409
2.72182
2.73355
2.73545
2.72902
2.71706
2.70099
2.68366
2.67181
2.67197
2.68372
2.70074
2.71705
2.73003
2.73953
2.74603
2.74962
2.74982
2.74622
2.73952
2.73187
2.72673
2.72853
2.74095
2.7637
2.79051
2.81295
2.82633
2.83098
2.82979
2.82576
2.82128
2.81809
2.81733
2.81903
2.82216
2.82619
2.83177
2.83821
2.84134
2.83621
2.82199
2.80332
2.7872
2.77871
2.77846
2.78285
2.78639
2.78515
2.78016
2.7775
2.78288
2.7955
2.80835
2.81462
2.81229
2.80294
2.788
2.76921
2.75092
2.73847
2.73344
2.73252
2.73073
2.72437
2.71142
2.69153
2.66634
2.63933
2.61447
2.59407
2.57779
2.56418
2.55346
2.54809
2.54997
2.5574
2.56596
2.57185
2.57356
2.57063
2.56226
2.54816
2.53032
2.51319
2.50213
2.50152
2.51323
2.53565
2.56503
2.59808
2.63331
2.67018
2.70793
2.74496
2.77825
2.80315
2.81383
2.8054
2.77669
2.73181
2.67917
2.62905
2.59216
2.57991
2.60137
2.65307
2.71604
2.76864
2.79795
2.79991
2.77617
2.73261
2.67883
2.6275
2.59027
2.57062
2.56106
2.54963
