1.34786
1.36587
1.38264
1.39729
1.40897
1.41749
1.4236
1.42882
1.43441
1.44028
1.44435
1.44356
1.43558
1.41994
1.39779
1.37137
1.34338
1.31664
1.29382
1.27722
1.26839
1.26749
1.27272
1.28059
1.28716
1.28936
1.28594
1.27932
1.27615
1.28341
1.30287
1.33121
1.36358
1.39535
1.42225
1.44067
1.44865
1.44653
1.43671
1.42264
1.40761
1.39389
1.38243
1.37385
1.36966
1.37284
1.38633
1.4096
1.43701
1.46097
1.47807
1.49101
1.5044
1.51979
1.53436
1.54323
1.54306
1.53393
1.51843
1.49887
1.47513
1.44593
1.4114
1.37434
1.33925
1.311
1.29366
1.2885
1.2926
1.29958
1.30288
1.29864
1.287
1.27145
1.25665
1.24583
1.2393
1.2346
1.22873
1.22153
1.21727
1.22121
1.23441
1.25309
1.27278
1.29167
1.3106
1.33061
1.35078
1.36796
1.37875
1.38228
1.38134
1.38079
1.3847
1.3944
1.40836
1.42315
1.43473
1.44033
1.43958
1.43454
1.42813
1.42189
1.4152
1.40706
1.39899
1.39454
1.39531
1.39857
1.39982
1.39644
1.38867
1.37863
1.3687
1.36
1.35195
1.34301
1.33238
1.32149
1.31418
1.31461
1.3237
1.33715
1.34755
1.34921
1.34152
1.32908
1.31885
1.31647
1.3237
1.33878
1.3586
1.38085
1.40467
1.43016
1.45714
1.48383
1.50661
1.52114
1.5238
1.51261
1.48744
1.44974
1.40244
1.34997
1.29758
1.24992
1.20968
1.17781
1.15539
1.14488
1.14926
1.16946
1.20229
1.24087
1.27807
1.30998
1.33709
1.36255
1.38931
1.41785
1.44585
1.46916
1.48356
1.4861
1.47633
1.45693
1.43353
1.41326
1.40221
1.40332
1.41576
1.43575
1.45774
1.4756
1.48395
1.48008
1.4649
1.44166
1.41322
1.38134
1.34821
1.31761
1.29405
1.28138
1.2808
1.28952
1.30228
1.31385
1.32122
1.32418
1.32444
1.32388
1.32387
1.32578
1.3321
1.34648
1.37148
1.4049
1.43937
1.46625
1.47954
1.47766
1.46378
1.44512
1.42966
1.42133
1.41736
1.41107
1.39774
1.37757
1.35469
1.33417
1.31951
1.31105
1.30604
1.3
1.28905
1.27226
1.25203
1.23229
1.21651
1.20818
1.21369
1.24044
1.28739
1.34239
1.3917
1.4269
1.44466
1.44491
1.43016
1.40521
1.37686
1.353
1.34088
1.34397
1.35978
1.38106
1.40009
1.41193
1.41513
1.41076
1.40125
1.38931
1.37735
1.36734
1.36105
1.3596
1.36212
1.36574
1.36708
1.36431
1.358
1.35011
1.3425
1.33603
1.33096
1.32835
1.33072
1.34057
1.35748
1.37765
1.39607
1.40885
1.41384
1.41074
1.40167
1.39081
1.38334
1.38373
1.39409
1.41343
1.43792
1.46243
1.48235
1.4949
1.49895
1.49445
1.48218
1.46396
1.44174
1.41627
1.38703
1.35353
1.31638
1.27762
1.24129
1.21363
1.20126
1.20668
1.22592
1.25016
1.27006
1.27982
1.27893
1.27103
1.2614
1.25402
1.24994
1.2479
1.24666
1.24708
1.25244
1.26636
1.29003
1.32076
1.35286
1.38027
1.39883
1.40788
1.41079
1.41333
1.42045
1.43339
1.44925
1.46366
1.4734
1.47731
1.47581
1.46991
1.46034
1.44764
1.43258
1.41646
1.40091
1.38752
1.37777
1.37313
1.37444
1.38042
1.38707
1.38955
1.38487
1.37333
1.35818
1.34401
1.33354
1.32546
1.31636
1.30464
1.29244
1.28433
1.28448
1.29414
1.31096
1.33055
1.34864
1.36266
1.37175
1.37603
1.37579
1.37112
1.36224
1.3505
1.33982
1.33717
1.35099
1.38655
1.44175
1.50675
1.56732
1.60941
1.62244
1.60128
1.54776
1.47158
1.38934
1.31908
1.27147
1.24619
1.23818
1.24415
1.2621
1.28868
1.31915
1.3494
1.37679
1.39888
1.41186
1.41136
1.3953
1.36617
1.33103
1.29968
1.28128
1.28037
1.29558
1.32222
1.3555
1.39164
1.42722
1.45844
1.48161
1.49398
1.49435
1.48324
1.46297
1.43698
1.40883
1.38153
1.35749
1.33848
1.32538
1.31806
1.31577
1.31819
1.32621
1.3409
1.36146
1.38391
1.40239
1.41164
1.40869
1.39317
1.36707
1.33437
1.30071
1.27226
1.2541
1.24885
1.25622
1.27347
1.29611
1.31886
1.3371
1.34858
1.35425
1.35744
1.36135
1.36628
1.36879
1.36356
1.34673
1.31937
1.29039
1.27504
1.28416
1.31237
1.3441
1.36797
1.38091
1.38473
1.38269
1.37861
1.37687
1.3821
1.39705
1.42063
1.44865
1.47533
1.49442
1.50054
1.49095
1.46683
1.43374
1.40009
1.3744
1.36276
1.36691
1.38397
1.40759
1.43078
1.44822
1.45738
1.45845
1.45327
1.44389
1.43149
1.41639
1.39928
1.3827
1.37075
1.36686
1.37144
1.38197
1.39502
1.40797
1.41984
1.43044
1.43935
1.44459
1.44275
1.43041
1.40607
1.37223
1.3359
1.30582
1.28697
1.27851
1.27734
1.28098
1.28656
1.28986
1.28665
1.27525
1.25821
1.24092
1.22812
1.2214
1.22031
1.22448
1.23434
1.25018
1.27159
1.29771
1.32713
1.35725
1.3843
1.40471
1.41658
1.41965
1.41441
1.40162
1.3827
1.36083
1.3409
1.32805
1.32536
1.33214
1.34479
1.35919
1.37281
1.38471
1.3948
1.40293
1.40916
1.41391
1.41823
1.42344
1.43039
1.43867
1.44645
1.45091
1.44937
1.44032
1.42348
1.39935
1.36965
1.33854
1.31286
1.30027
1.30619
1.3308
1.3687
1.4109
1.44811
1.47354
1.48417
1.48026
1.46438
1.43994
1.41011
1.37691
1.34117
1.30402
1.26904
1.24261
1.23121
1.23714
1.25659
1.28166
1.30384
1.31687
1.319
1.31463
1.31297
1.32142
1.34095
1.36849
1.4008
1.43438
1.46425
1.48439
1.48966
1.47764
1.44888
1.40651
1.35537
1.30095
1.24877
1.20466
1.17557
1.16881
1.18944
1.23721
1.3053
1.38206
1.45482
1.51289
1.54917
1.56075
1.54943
1.52118
1.48455
1.44844
1.4208
1.40756
1.40919
1.41829
1.42309
1.41421
1.38922
1.35367
1.31996
1.3019
1.30593
1.32759
1.35723
1.38676
1.41091
1.42587
1.42843
1.41592
1.38677
1.34151
1.28437
1.22509
1.17805
1.15675
1.16679
1.20314
1.25397
1.30695
1.35295
1.38708
1.4077
1.41601
1.41599
1.41319
1.41222
1.41457
1.41838
1.42009
1.41629
1.40516
1.38731
1.366
1.34676
1.33627
1.34045
1.36161
1.39618
1.43562
1.47082
1.49611
1.5102
1.51401
1.50817
1.49202
1.46477
1.42786
1.38818
1.3584
1.34874
1.35659
1.36916
1.37462
1.36788
1.35035
1.32807
1.30856
1.29744
1.29628
1.30293
1.31384
1.32666
1.34091
1.35608
1.36871
1.37256
1.36228
1.33762
1.30587
1.28084
1.27611
1.29575
1.33323
1.3787
1.4238
1.4617
1.4868
1.49549
1.48732
1.46552
1.4362
1.40621
1.3806
1.36124
1.34762
1.33823
1.33117
1.32435
1.31633
1.3075
1.30065
1.30016
1.31043
1.33394
1.36939
1.41109
1.45047
1.47881
1.48975
1.48055
1.45267
1.41151
1.36474
1.31937
1.27982
1.24813
1.22609
1.21617
1.21991
1.2356
1.25815
1.28142
1.30084
1.31414
1.32079
1.32126
1.31634
1.30748
1.29708
1.28906
1.2883
1.29877
1.3209
1.3499
1.37704
1.39342
1.39414
1.38064
1.36007
1.34191
1.33354
1.33744
1.35119
1.36937
1.38595
1.3963
1.39836
1.39268
1.38131
1.36658
1.35027
1.33338
1.31698
1.3033
1.29596
1.29762
1.3073
1.32119
1.3357
1.34978
1.36458
1.38174
1.40182
1.42426
1.44833
1.47319
1.49632
1.51307
1.51865
1.51065
1.49
1.4603
1.4264
1.39284
1.36244
1.33589
1.31321
1.29701
1.29397
1.30924
1.33832
1.36991
1.39549
1.41251
1.42203
1.42613
1.4266
1.42416
1.41861
1.40986
1.39871
1.38635
1.37301
1.35824
1.34219
1.32645
1.31352
1.30583
1.30488
1.31075
1.32231
1.3374
1.3529
1.36486
1.36988
1.36657
1.35571
1.33909
1.31856
1.29598
1.27378
1.2553
1.24422
1.24342
1.25405
1.27554
1.30597
1.34261
1.3823
1.4215
1.45596
1.48097
1.49228
1.4873
1.466
1.43164
1.39096
1.35288
1.32511
1.31144
1.31157
1.32274
1.34079
1.36052
1.37644
1.38411
1.38089
1.36598
1.34065
1.30925
1.2795
1.2604
1.25882
1.27684
1.3115
1.35645
1.40371
1.44575
1.47747
1.49719
1.50582
1.50508
1.49647
1.48174
1.46312
1.44269
1.42213
1.40447
1.39485
1.39685
1.40797
1.42094
1.42916
1.43048
1.42662
1.42023
1.41298
1.40634
1.40305
1.40604
1.41592
1.42947
1.44056
1.44308
1.43302
1.40945
1.37465
1.33416
1.29636
1.27051
1.26348
1.27721
1.30878
1.35179
1.39745
1.43552
1.45676
1.4551
1.42923
1.38307
1.32542
1.26773
1.22098
1.19269
1.18551
1.19722
1.22182
1.25183
1.28099
1.30616
1.32721
1.34561
1.363
1.38008
1.39626
1.40958
1.41747
1.4181
1.41118
1.39828
1.38267
1.36905
1.36237
1.36529
1.37641
1.39125
1.40484
1.41371
1.41629
1.41284
1.40526
1.39667
1.38992
1.38628
1.38559
1.3873
1.39014
1.39113
1.38644
1.37408
1.3556
1.33587
1.32092
1.31498
1.31862
1.32923
1.34277
1.35549
1.36459
1.36798
1.36391
1.35144
1.33105
1.30532
1.27937
1.26034
1.25481
1.26545
1.28959
1.3212
1.35454
1.38588
1.41358
1.43765
1.4592
1.4799
1.50069
1.52
1.53348
1.53664
1.52751
1.50691
1.47746
1.44259
1.40606
1.37141
1.34143
1.318
1.30249
1.29619
1.30009
1.31434
1.33736
1.36539
1.39295
1.41456
1.42664
1.42772
1.41766
1.39748
1.36917
1.33548
1.30012
1.26869
1.24835
1.24505
1.26021
1.28941
1.32438
1.35674
1.38075
1.39414
1.39781
1.39528
1.39132
1.39014
1.39337
1.39957
1.40547
1.40796
1.40582
1.40033
1.39452
1.3915
1.39258
1.39656
1.40031
1.40076
1.3968
1.38959
1.38157
1.37441
1.36824
1.36208
1.35465
1.34442
1.3303
1.31311
1.29678
1.28697
1.28716
1.29624
1.31019
1.32543
1.34059
1.35639
1.37496
1.39808
1.42534
1.45346
1.47762
1.49356
1.49892
1.49368
1.48003
1.46201
1.444
1.42894
1.41717
1.40672
1.39481
1.37924
1.35935
1.33719
1.3177
1.30688
1.30773
1.31817
1.33261
1.34585
1.35539
1.36108
1.36358
1.36335
1.36061
1.35553
1.34847
1.33977
1.32913
1.31589
1.2996
1.28068
1.2608
1.24307
1.2315
1.22965
1.23889
1.25726
1.27935
1.29767
1.30658
1.30751
1.31074
1.32686
1.35535
1.38703
1.41459
1.43627
1.45351
1.4675
1.47746
1.48121
1.4774
1.46754
1.45607
1.44854
1.44865
1.4564
1.46808
1.47825
1.48177
1.47585
1.46131
1.44259
1.42552
1.4142
1.40996
1.41187
1.41678
1.41967
1.41585
1.40407
1.38692
1.36798
1.34895
1.3299
1.31208
1.29896
1.29429
1.29932
1.3119
1.32749
1.34151
1.3508
1.35415
1.35155
1.34332
1.33019
1.31394
1.29824
1.28815
1.28819
1.29983
1.32039
1.34427
1.3658
1.38142
1.39137
1.39952
1.41135
1.43018
1.45452
1.47877
1.49624
1.50245
1.49677
1.48249
1.46489
1.44809
1.43315
1.41842
1.40186
1.38296
1.36328
1.34567
1.33287
1.32597
1.32349
1.32202
1.31813
1.31067
1.30156
1.29473
1.29386
1.30055
1.31352
1.3297
1.34608
1.36105
1.37418
1.38488
1.39208
1.39504
1.3948
1.39453
1.39748
1.40413
1.41164
1.41639
1.41712
1.41543
1.41411
1.41449
1.41519
1.41337
1.40779
1.40098
1.39799
1.40179
1.41006
1.41721
1.41851
1.41176
1.3969
1.37516
1.34856
1.31994
1.29256
1.26984
1.25503
1.25065
1.25793
1.27632
1.30343
1.33563
1.36856
1.39766
1.41854
1.42775
1.42359
1.40684
1.38067
1.34974
1.31902
1.2925
1.27257
1.26023
1.25618
1.26137
1.27629
1.30006
1.3306
1.36546
1.40213
1.4377
1.46891
1.49303
1.50809
1.51271
1.50602
1.48824
1.46112
1.42783
1.39252
1.35904
1.3295
1.30447
1.28394
1.26845
1.25897
1.25583
1.25771
1.26255
1.27014
1.28241
1.29964
1.31756
1.33056
1.33648
1.33755
1.3379
1.34049
1.34619
1.35421
1.36321
1.3718
1.37856
1.38256
1.38446
1.3862
1.3892
1.39203
1.3909
1.38324
1.36993
1.35325
1.33362
1.31047
1.28581
1.26519
1.25494
1.25839
1.2749
1.30176
1.33589
1.37406
1.41187
1.44349
1.46291
1.46584
1.45112
1.42115
1.382
1.3428
1.31375
1.30247
1.31044
1.333
1.36243
1.3916
1.41554
1.43235
1.44305
1.4499
1.45449
1.45803
1.46181
1.46565
1.466
1.45795
1.43882
1.40946
1.37418
1.34086
1.31943
1.31745
1.33506
1.3651
1.39762
1.42394
1.4385
1.43906
1.42655
1.40441
1.3778
1.35213
1.33119
1.3165
1.30808
1.30549
1.30835
1.31666
1.3306
1.34972
1.37218
1.39447
1.41244
1.42251
1.42233
1.41074
1.38754
1.35438
1.31584
1.2789
1.25103
1.2376
1.24011
1.25582
1.27895
1.3033
1.32467
1.34183
1.35505
1.36348
1.36528
1.3599
1.34981
1.33989
1.33523
1.33897
1.35141
1.37091
1.39512
1.42125
1.4459
1.46514
1.47547
1.475
1.4641
1.4448
1.41964
1.39051
1.3584
1.3244
1.29131
1.2645
1.25086
1.25579
1.28016
1.31936
1.36564
1.41128
1.45088
1.48137
1.50124
1.51035
1.50966
1.50043
1.48363
1.46029
1.43221
1.40175
1.37118
1.34231
1.31633
1.29399
1.27695
1.26878
1.27393
1.29316
1.32071
1.34727
1.36538
1.37214
1.36891
1.35988
1.35064
1.34651
1.3509
1.36386
1.38212
1.40143
1.41909
1.43497
1.45013
1.46459
1.47632
1.4822
1.47986
1.46884
1.45064
1.42837
1.40544
1.38444
1.36658
1.35196
1.34016
1.33068
1.3228
1.31551
1.30765
1.29818
1.28636
1.27345
1.26421
1.26554
1.28246
1.31471
1.35644
1.39938
1.43608
1.46156
1.47355
1.47248
1.46119
1.44321
1.42035
1.39248
1.36094
1.33078
1.30901
1.30031
1.3049
1.31948
1.33916
1.35858
1.37279
1.37787
1.37166
1.35402
1.32688
1.29427
1.26173
1.2349
1.21804
1.21366
1.22297
1.2461
1.28121
1.32377
1.3678
1.40819
1.44219
1.46916
1.48939
1.50357
1.51283
1.51824
1.51975
1.5155
1.50275
1.47981
1.44776
1.41123
1.37755
1.35358
1.34207
1.34025
1.34223
1.34314
1.34174
1.33957
1.33833
1.33833
1.33888
1.33926
1.33875
1.33669
1.33286
1.32818
1.32472
1.32499
1.33075
1.34201
1.35674
1.37206
1.38629
1.3999
1.41429
1.42923
1.44224
1.45061
1.45331
1.45095
1.44513
1.43818
1.43321
1.43326
1.4402
1.45362
1.47112
1.48919
1.50409
1.51208
1.50991
1.49617
1.47219
1.44188
1.41035
1.38236
1.36141
1.34951
1.34714
1.35288
1.36297
1.37189
1.37362
1.36303
1.33725
1.29721
1.24898
1.2026
1.16793
1.15061
1.15066
1.16334
1.1815
1.19886
1.21217
1.22176
1.23
1.23867
1.24771
1.25639
1.26545
1.27756
1.29523
1.31953
1.34997
1.38432
1.41862
1.4483
1.46946
1.48015
1.48077
1.47383
1.46251
1.44898
1.43367
1.41678
1.40011
1.38774
1.38465
1.39408
1.41532
1.44374
1.47287
1.49676
1.51176
1.51718
1.51433
1.50476
1.48899
1.46678
1.43845
1.40578
1.37178
1.34008
1.31406
1.29607
1.28689
1.28507
1.28704
1.28786
1.28302
1.27065
1.25263
1.2343
1.22231
1.22165
1.2331
1.25247
1.27361
1.29324
1.31313
1.33714
1.36621
1.39716
1.42544
1.44842
1.46613
1.48026
1.49234
1.50232
1.50835
1.50751
1.49703
1.47585
1.44547
1.41029
1.37713
1.35353
1.34477
1.35138
1.36918
1.39195
1.41366
1.42991
1.4384
1.43842
1.43014
1.41421
1.39179
1.3651
1.33689
1.30949
1.28414
1.26125
1.24137
1.22613
1.21832
1.22073
1.23312
1.25064
1.26731
1.28089
1.2934
1.30786
1.32542
1.34449
1.36227
1.37675
1.38771
1.39617
1.40316
1.4092
1.41418
1.41811
1.42179
1.42717
1.43581
1.44576
1.45083
1.44497
1.42737
1.40349
1.38218
1.37045
1.36992
1.3782
1.39239
1.40991
1.42778
1.44213
1.44922
1.4463
1.4322
1.40759
1.375
1.33839
1.30297
1.2744
1.2565
1.24859
1.24633
1.24529
1.24347
1.24141
1.24135
1.24596
1.25685
1.2737
1.29501
1.31895
1.3435
1.36681
1.388
1.4076
1.42634
1.44342
1.45565
1.45914
1.45197
1.43629
1.41811
1.4052
1.40408
1.41675
1.43844
1.45896
1.46855
1.46333
1.44574
1.42144
1.39562
1.37116
1.34912
1.32975
1.31355
1.30162
1.29542
1.29562
1.30122
1.30948
1.31735
1.32253
1.32381
1.32046
1.31207
1.29908
1.28384
1.27065
1.26407
1.26636
1.27609
1.28975
1.30416
1.31817
1.33271
1.34876
1.36558
1.38145
1.39548
1.40852
1.4223
1.43844
1.45737
1.47805
1.49831
1.51553
1.52816
1.53616
1.54024
1.54085
1.53787
1.53036
1.51616
1.49265
1.45809
1.41336
1.36239
1.31106
1.26497
1.22781
1.20134
1.18646
1.18348
1.19199
1.21087
1.23863
1.27331
1.31209
1.35104
1.38571
1.41231
1.42879
1.43492
1.43152
1.41942
1.39907
1.37164
1.34072
1.31286
1.2949
1.28971
1.29497
1.30586
1.3185
1.33237
1.34966
1.37134
1.39415
1.41268
1.42324
1.42513
1.41974
1.40969
1.39746
1.38377
1.36757
1.34885
1.33072
1.31796
1.3135
1.31632
1.3222
1.32641
1.326
1.32086
1.31317
1.30579
1.30085
1.29938
1.30213
1.30979
1.32196
1.33629
1.35022
1.36336
1.3776
1.39519
1.41632
1.43827
1.45655
1.46709
1.46844
1.46215
1.45149
1.43952
1.42825
1.41906
1.41322
1.41158
1.41381
1.41839
1.42325
1.42621
1.42518
1.4182
1.40382
1.38149
1.35223
1.31946
1.28894
1.26668
1.25628
1.25859
1.2726
1.29561
1.32303
1.34909
1.36837
1.37716
1.37409
1.35962
1.33546
1.30518
1.27619
1.25922
1.26115
1.27772
1.29815
1.31485
1.32653
1.33589
1.34595
1.35781
1.37009
1.37974
1.38381
1.38094
1.37199
1.35951
1.34739
1.3399
1.33974
1.34523
1.35103
1.35301
1.35208
1.35297
1.36006
1.37362
1.38911
1.39944
1.39851
1.38341
1.3553
1.31938
1.28417
1.25852
1.24764
1.25121
1.26534
1.2853
1.30769
1.33114
1.3549
1.37704
1.39451
1.40479
1.40672
1.40101
1.39099
1.38227
1.3809
1.39058
1.41098
1.4378
1.46424
1.48342
1.49123
1.48741
1.47502
1.45835
1.44124
1.42651
1.41602
1.41085
1.411
1.41522
1.42064
1.42307
1.41774
1.40134
1.3738
1.33881
1.30199
1.26807
1.23989
1.21937
1.20862
1.2095
1.22243
1.24522
1.27325
1.30168
1.32792
1.35186
1.37416
1.3952
1.41555
1.4353
1.45153
1.45807
1.44973
1.4262
1.39255
1.35778
1.33182
1.32172
1.32895
1.35023
1.38009
1.4127
1.44212
1.46286
1.47148
1.46823
1.45688
1.44226
1.4271
1.4109
1.39197
1.37091
1.3523
1.34183
1.34077
1.3448
1.34838
1.34767
1.34
1.32373
1.30008
1.27525
1.2592
1.26072
1.28282
1.32127
1.36624
1.4072
1.43677
1.45111
1.44955
1.43555
1.41648
1.40067
1.39361
1.39733
1.41195
1.43578
1.46392
1.48912
1.50466
1.50617
1.49231
1.46498
1.42875
1.38978
1.35372
1.3239
1.30008
1.27911
1.25736
1.23362
1.21055
1.19416
1.19127
1.20663
1.24092
1.29019
1.34588
1.39629
1.43032
1.44197
1.4321
1.40747
1.3779
1.35286
1.33869
1.33727
1.34702
1.36461
1.38646
1.40981
1.43305
1.45474
1.47228
1.48183
1.47967
1.46412
1.43656
1.40134
1.36465
1.33274
1.31033
1.29977
1.30082
1.31075
1.32511
1.3385
1.346
1.3456
1.34039
1.33745
1.34236
1.35531
1.3738
1.39587
1.41995
1.44322
1.46177
1.4726
1.47521
1.47173
1.46567
1.46044
1.45797
1.45792
1.45823
1.45673
1.45229
1.44449
1.4322
1.41308
1.38507
1.34876
1.30871
1.27248
1.24769
1.23863
1.2449
1.26308
1.28908
1.3191
1.34924
1.37489
1.39072
1.39174
1.37505
1.3415
1.29602
1.24657
1.20245
1.17312
1.16727
1.19049
1.24129
1.30982
1.38107
1.44085
1.48038
1.49843
1.50056
1.49487
1.48658
1.47711
1.46678
1.45649
1.44695
1.43767
1.42742
1.41464
1.39806
1.37671
1.35043
1.32023
1.28803
1.25608
1.22689
1.20336
1.18863
1.1849
1.19222
1.20794
1.22787
1.24833
1.26765
1.28613
1.30476
1.32386
1.3427
1.36005
1.3751
1.38804
1.39987
1.41129
1.42187
1.43112
1.4396
1.44865
1.4589
1.46925
1.47742
1.48148
1.48115
1.47767
1.47281
1.46748
1.46143
1.45398
1.44468
1.43365
1.42122
1.40774
1.39311
1.37727
1.36128
1.34723
1.33653
1.32854
1.32075
1.31034
1.29593
1.2789
1.26353
1.25565
1.26006
1.2787
1.3098
1.34851
1.38797
1.42083
1.44064
1.44351
1.42895
1.39979
1.36206
1.32355
1.29152
1.27036
1.26121
1.26294
1.2736
1.29101
1.31312
1.33804
1.36377
1.38823
1.40972
1.42748
1.44169
1.45259
1.45952
1.46086
1.45523
1.44294
1.42636
1.4095
1.3971
1.39252
1.39563
1.40315
1.4109
1.41555
1.41508
1.40849
1.39557
1.37697
1.35453
1.33073
1.30725
1.28411
1.26092
1.23969
1.22574
1.22472
1.2376
1.2594
1.283
1.30343
1.31898
1.33047
1.34066
1.35308
1.36957
1.38825
1.40401
1.41157
1.40806
1.39393
1.37248
1.34844
1.32648
1.31017
1.3015
1.30055
1.3052
1.31181
1.31658
1.31727
1.31411
1.30968
1.30772
1.31113
1.32051
1.33367
1.34692
1.35711
1.36298
1.36551
1.36704
1.36968
1.37378
1.37822
1.38218
1.38658
1.39332
1.40373
1.41705
1.4301
1.43829
1.43809
1.42918
1.41428
1.39772
1.38377
1.37507
1.37228
1.37503
1.38228
1.39152
1.39826
1.398
1.38885
1.37285
1.35537
1.34298
1.34041
1.34779
1.36069
1.37352
1.38341
1.39171
1.40191
1.41584
1.43136
1.44347
1.44749
1.44121
1.42549
1.40306
1.37727
1.35099
1.32644
1.30502
1.2875
1.27414
1.26519
1.2613
1.26333
1.27168
1.28526
1.30145
1.31724
1.33043
1.33994
1.34538
1.34693
1.34536
1.34217
1.33927
1.33855
1.34132
1.34793
1.35759
1.36869
1.37961
1.38912
1.39598
1.39868
1.39679
1.39276
1.39105
1.39478
1.40312
1.41225
1.41813
1.4189
1.41563
1.41094
1.4063
1.40028
1.39002
1.37419
1.35368
1.33
1.30452
1.27983
1.26076
1.25318
1.26059
1.28136
1.30945
1.33716
1.35764
1.36641
1.36264
1.34922
1.33094
1.31233
1.29806
1.29436
1.30521
1.32702
1.34982
1.36372
1.36348
1.34957
1.32744
1.30562
1.29245
1.29224
1.30376
1.32213
1.34231
1.36119
1.37734
1.39032
1.40029
1.40743
1.41157
1.41176
1.40703
1.39738
1.38486
1.37303
1.36487
1.36079
1.3595
1.36038
1.36467
1.37461
1.3918
1.4151
1.44056
1.46302
1.47807
1.48315
1.47806
1.46456
1.44545
1.42354
1.40111
1.37977
1.36031
1.34265
1.32619
1.31088
1.29782
1.28929
1.288
1.29589
1.31284
1.33607
1.36049
1.38028
1.39055
1.3888
1.37555
1.35385
1.32797
1.30212
1.27973
1.26332
1.2544
1.25349
1.2601
1.27319
1.29139
1.31296
1.33551
1.35646
1.37394
1.38759
1.39827
1.4069
1.41303
1.41482
1.41039
1.39939
1.38351
1.36608
1.35118
1.34254
1.34248
1.35115
1.36643
1.38416
1.39886
1.40505
1.39934
1.38183
1.35601
1.32712
1.30044
1.28014
1.26829
1.26482
1.2689
1.27992
1.29641
1.31496
1.33093
1.3404
1.34166
1.33564
1.32499
1.31301
1.30283
1.29717
1.29758
1.30359
1.31328
1.32447
1.3357
1.34649
1.35692
1.36639
1.37249
1.37225
1.36535
1.3557
1.34981
1.35347
1.3693
1.39643
1.4316
1.47076
1.50976
1.54443
1.57071
1.58584
1.59021
1.58697
1.57855
1.56445
1.54315
1.5147
1.4813
1.44651
1.41436
1.38906
1.37427
1.37087
1.37417
1.37587
1.36942
1.35369
1.33354
1.31624
1.30584
1.30056
1.29669
1.29479
1.30029
1.31753
1.34392
1.37115
1.39096
1.39886
1.39431
1.37925
1.35698
1.33229
1.31124
1.29917
1.29714
1.30147
1.30719
1.31169
1.31533
1.31987
1.32608
1.33285
1.33828
1.34109
1.34071
1.3362
1.32637
1.31103
1.29223
1.27401
1.26052
1.25409
1.25493
1.26204
1.27438
1.29124
1.31174
1.33407
1.35547
1.37368
1.38867
1.40253
1.41657
1.42911
1.43684
1.43738
1.43071
1.41884
1.40511
1.39322
1.38643
1.38722
1.39749
1.41833
1.44896
1.48555
1.52115
1.54809
1.5609
1.55828
1.54313
1.52128
1.49902
1.48086
1.46862
1.46197
1.45932
1.45789
1.45405
1.4444
1.42691
1.40144
1.36998
1.33704
1.30916
1.29232
1.28793
1.29165
1.29707
1.30007
1.30006
1.29854
1.29723
1.29656
1.29588
1.29434
1.29152
1.2873
1.28214
1.2772
1.27362
1.27162
1.27045
1.26933
1.26845
1.26945
1.27477
1.28575
1.30164
1.32053
1.34081
1.36139
1.38131
1.39987
1.41729
1.43429
1.45076
1.46476
1.47354
1.4751
1.46925
1.45735
1.44107
1.4215
1.39893
1.37302
1.34324
1.30929
1.27186
1.23406
1.20168
1.18155
1.17873
1.19444
1.22625
1.2696
1.31902
1.36817
1.41044
1.44084
1.45734
1.46105
1.45489
1.44193
1.42485
1.40659
1.3912
1.38327
1.38574
1.39804
1.41588
1.43299
1.44394
1.44666
1.44321
1.43821
1.43593
1.43822
1.44432
1.45192
1.45766
1.4574
1.4471
1.42467
1.39137
1.35168
1.31197
1.27857
1.25642
1.24861
1.2562
1.27771
1.30852
1.34179
1.37061
1.39007
1.39845
1.39658
1.38691
1.37288
1.35883
1.34953
1.3486
1.35691
1.37228
1.39132
1.41153
1.4313
1.44824
1.45823
1.4573
1.44427
1.42206
1.39681
1.37592
1.3651
1.3648
1.36924
1.37014
1.36242
1.34686
1.32842
1.31281
1.30358
1.30126
1.30463
1.31282
1.32607
1.34325
1.35939
1.36847
1.36877
1.36474
1.36394
1.37218
1.39031
1.41493
1.4403
1.46003
1.46876
1.46401
1.44754
1.4252
1.4049
1.39373
1.39474
1.4051
1.41726
1.42316
1.41857
1.40457
1.38613
1.36988
1.36134
1.36254
1.37101
1.38192
1.39133
1.39765
1.40083
1.40084
1.39695
1.38812
1.37353
1.35326
1.32958
1.30726
1.29235
1.28923
1.29843
1.3167
1.33875
1.35914
1.37344
1.37836
1.37184
1.35369
1.32651
1.29664
1.27343
1.26559
1.27643
1.30225
1.3353
1.36806
1.3956
1.41548
1.427
1.43078
1.42896
1.42435
1.41966
1.41667
1.4159
1.41648
1.41639
1.41258
1.40179
1.38165
1.35205
1.31544
1.27657
1.24183
1.21847
1.2123
1.22472
1.25163
1.28621
1.32242
1.35601
1.38461
1.40827
1.42961
1.4527
1.47891
1.50274
1.51399
1.50486
1.47445
1.42821
1.37557
1.32754
1.29447
1.28311
1.29342
1.31823
1.34733
1.37236
1.38909
1.39642
1.39474
1.38532
1.37105
1.35639
1.34592
1.34216
1.34507
1.35338
1.36578
1.3811
1.398
1.41444
1.42778
1.43514
1.43383
1.42195
1.39961
1.37052
1.34238
1.32363
1.3182
1.32358
1.33436
1.34677
1.35997
1.37485
1.39192
1.40937
1.42326
1.42978
1.42683
1.41475
1.39621
1.37535
1.35665
1.34383
1.33895
1.34188
1.35043
1.36111
1.37045
1.37644
1.37979
1.38355
1.39114
1.40322
1.41636
1.4245
1.42198
1.406
1.37773
1.34163
1.30368
1.26955
1.24342
1.22798
1.22467
1.23401
1.25561
1.28756
1.32533
1.36232
1.39236
1.41163
1.41907
1.41581
1.4048
1.39039
1.37725
1.36853
1.36463
1.36408
1.36554
1.36863
1.37291
1.37676
1.3779
1.37509
1.36865
1.35977
1.34986
1.34089
1.33564
1.33693
1.3467
1.36527
1.39127
1.42181
1.45327
1.48236
1.50641
1.52341
1.53232
1.53352
1.5287
1.51973
1.5071
1.48945
1.46452
1.4315
1.39308
1.35498
1.32444
1.30852
1.31205
1.33406
1.36598
1.39635
1.4171
1.42535
1.42185
1.40885
1.38846
1.36204
1.33076
1.2972
1.2667
1.2468
1.24456
1.26259
1.29678
1.33769
1.37409
1.39658
1.39984
1.38326
1.35064
1.30945
1.26913
1.23861
1.22342
1.22459
1.23993
1.26664
1.30289
1.34715
1.39596
1.44296
1.48048
1.50232
1.50601
1.494
1.47274
1.44931
1.42748
1.40692
1.38631
1.36596
1.34703
1.32964
1.31269
1.29562
1.27948
1.26671
1.26108
1.26675
1.28645
1.3189
1.35878
1.3992
1.43405
1.45946
1.47454
1.48109
1.48216
1.48029
1.47612
1.46828
1.45516
1.43733
1.41868
1.40377
1.39405
1.3883
1.38612
1.38894
1.3977
1.41013
1.42028
1.42149
1.40923
1.38307
1.34743
1.30994
1.2759
1.24534
1.21764
1.19697
1.19059
1.20305
1.23322
1.27561
1.3233
1.37007
1.41103
1.44273
1.46295
1.47096
1.46836
1.45927
1.44817
1.43796
1.43028
1.42652
1.42685
1.42907
1.42959
1.4259
1.41796
1.40759
1.39689
1.38676
1.37632
1.36383
1.34845
1.33138
1.3163
1.30852
1.31157
1.32473
1.34366
1.36321
1.37919
1.38875
1.39067
1.38592
1.37782
1.37132
1.37132
1.38118
1.40205
1.43249
1.46814
1.50243
1.52858
1.54164
1.53911
1.52069
1.48835
1.44718
1.4062
1.37633
1.36404
1.3662
1.37358
1.37805
1.3755
1.36519
1.34855
1.32876
1.30999
1.29624
1.29036
1.29351
1.30473
1.32126
1.33954
1.35573
1.36589
1.36717
1.35964
1.34689
1.33377
1.32372
1.31852
1.31945
1.32786
1.34385
1.36536
1.38853
1.40918
1.42414
1.43158
1.43025
1.41927
1.39889
1.37167
1.34322
1.32129
1.31282
1.32021
1.33968
1.36389
1.38742
1.40908
1.42913
1.4451
1.45244
1.44758
1.42981
1.40138
1.36695
1.33374
1.31123
1.30926
1.33301
1.37747
1.42908
1.47398
1.50349
1.51448
1.50798
1.48793
1.46008
1.43041
1.40341
1.38116
1.36365
1.34988
1.33807
1.32585
1.31129
1.29451
1.27789
1.26427
1.25491
1.2488
1.24443
1.24179
1.24275
1.24959
1.26301
1.28189
1.30423
1.32804
1.35105
1.37063
1.38415
1.39026
1.38977
1.38572
1.38202
1.38222
1.38876
1.40273
1.42366
1.44903
1.47413
1.49319
1.50141
1.49646
1.47841
1.44918
1.41221
1.37272
1.33797
1.31542
1.30894
1.31601
1.32998
1.34527
1.36019
1.37578
1.39312
1.41131
1.42731
1.43738
1.43863
1.42946
1.40961
1.38052
1.34531
1.30829
1.27445
1.24852
1.23349
1.22934
1.23355
1.24365
1.25894
1.27962
1.30466
1.33077
1.35346
1.36929
1.37719
1.37893
1.37831
1.37938
1.38455
1.39357
1.40379
1.41201
1.41657
1.41716
1.4123
1.39874
1.37471
1.34259
1.30801
1.27736
1.25464
1.23971
1.2292
1.21998
1.21167
1.20675
1.20906
1.22147
1.24339
1.26976
1.29358
1.30951
1.31593
1.31472
1.3097
1.30504
1.30424
1.30922
1.31997
1.3352
1.35325
1.37286
1.39311
1.41305
1.43181
1.44884
1.46371
1.47604
1.48595
1.49457
1.50357
1.51285
1.5188
1.51556
1.49914
1.47068
1.43692
1.4073
1.38876
1.38187
1.38167
1.3821
1.37939
1.37276
1.36366
1.35443
1.34725
1.34332
1.34259
1.34422
1.34703
1.34996
1.35258
1.35481
1.35669
1.35794
1.35751
1.3537
1.34657
1.342
1.34907
1.36744
1.38437
1.38854
1.37905
1.36299
1.34966
1.34535
1.35074
1.36144
1.37107
1.37467
1.37061
1.35998
1.34505
1.32775
1.30955
1.29237
1.28031
1.2804
1.29963
1.33835
1.38736
1.43323
1.46559
1.4798
1.47549
1.4546
1.42085
1.37995
1.33922
1.30608
1.28633
1.28253
1.2927
1.31057
1.32852
1.34211
1.35301
1.36766
1.39128
1.42273
1.45548
1.48329
1.50335
1.51492
1.51782
1.513
1.50245
1.48808
1.47119
1.4531
1.43558
1.42078
1.41077
1.40704
1.40964
1.41655
1.42364
1.42623
1.42112
1.40775
1.3886
1.36871
1.354
1.34866
1.35257
1.36096
1.36649
1.3625
1.34556
1.31662
1.28058
1.24445
1.21532
1.19904
1.19951
1.21776
1.25078
1.29213
1.33488
1.37492
1.4116
1.44457
1.4708
1.48581
1.48686
1.47424
1.45017
1.41836
1.38402
1.35381
1.33443
1.32932
1.33646
1.34953
1.36138
1.3669
1.36439
1.35544
1.34373
1.33321
1.32658
1.32427
1.32489
1.32612
1.32521
1.31974
1.30901
1.29524
1.28329
1.27788
1.2807
1.28988
1.30204
1.3146
1.32604
1.3355
1.34303
1.35007
1.35896
1.37156
1.38791
1.40582
1.42182
1.43333
1.43962
1.4415
1.44011
1.43586
1.42819
1.41588
1.39825
1.37639
1.35379
1.33531
1.32536
1.3265
1.33888
1.36081
1.38923
1.42063
1.45178
1.47971
1.50145
1.51422
1.51643
1.50822
1.49133
1.46868
1.44395
1.42134
1.40429
1.39384
1.38786
1.38229
1.37289
1.35636
1.3312
1.29874
1.26364
1.23244
1.21153
1.20524
1.21404
1.23426
1.26015
1.28612
1.30753
1.32096
1.32473
1.3197
1.30924
1.29847
1.29278
1.29596
1.30858
1.32809
1.35044
1.37216
1.39114
1.40647
1.41776
1.42446
1.42567
1.42056
1.40936
1.39379
1.37674
1.36112
1.34877
1.34036
1.33579
1.33415
1.33378
1.33264
1.32861
1.31965
1.30446
1.28407
1.26286
1.24819
1.24779
1.26535
1.2975
1.33541
1.36992
1.39585
1.41268
1.42291
1.43028
1.43873
1.45138
1.46986
1.49371
1.52001
1.54425
1.56168
1.56858
1.56314
1.54596
1.52018
1.491
1.46383
1.44195
1.42586
1.41515
1.41031
1.41219
1.42013
1.43105
1.44027
1.44306
1.43579
1.41624
1.38446
1.3435
1.29916
1.25814
1.22639
1.20777
1.20313
1.21023
1.22488
1.24243
1.2594
1.27464
1.29006
1.30901
1.33218
1.35528
1.37286
1.38283
1.38679
1.38715
1.38474
1.37886
1.3685
1.35407
1.3397
1.33185
1.33146
1.33158
1.32582
1.31343
1.29785
1.28389
1.27595
1.27691
1.28783
1.30772
1.33347
1.36056
1.38403
1.39944
1.40383
1.39713
1.3828
1.36611
1.35077
1.33665
1.32124
1.30273
1.28181
1.26183
1.24794
1.24532
1.25625
1.27758
1.30236
1.32441
1.34135
1.3536
1.36217
1.36817
1.37373
1.38168
1.39315
1.40614
1.41746
1.42541
1.42971
1.42996
1.42516
1.41524
1.40269
1.39212
1.38764
1.39008
1.39597
1.39973
1.39667
1.38515
1.36675
1.34527
1.32525
1.31045
1.30268
1.30104
1.30246
1.30327
1.301
1.29542
1.28842
1.28299
1.28166
1.28517
1.29179
1.29778
1.29941
1.29484
1.28568
1.27665
1.27357
1.27997
1.29516
1.31503
1.33463
1.35083
1.36376
1.37607
1.39079
1.40937
1.43091
1.45256
1.47063
1.48193
1.48461
1.47814
1.46306
1.44069
1.41338
1.3843
1.3574
1.33683
1.32537
1.32235
1.32351
1.32392
1.32159
1.31927
1.32296
1.33787
1.36499
1.40078
1.43969
1.47615
1.50513
1.52233
1.52453
1.50999
1.47948
1.43661
1.3878
1.34111
1.30437
1.28321
1.27979
1.29214
1.31521
1.34268
1.36884
1.38949
1.40194
1.40404
1.39404
1.37129
1.33805
1.30075
1.26886
1.25104
1.25068
1.26445
1.28456
1.30297
1.31483
1.31999
1.32232
1.32845
1.34553
1.37772
1.42244
1.46992
1.50756
1.5262
1.52361
1.50395
1.47464
1.44319
1.41579
1.39718
1.38918
1.38912
1.39173
1.39307
1.39191
1.38842
1.38322
1.37751
1.37278
1.36995
1.36863
1.36766
1.36641
1.36517
1.3651
1.36737
1.37269
1.38056
1.3891
1.39548
1.39711
1.39294
1.3841
1.37331
1.36436
1.36222
1.37218
1.3957
1.42674
1.45492
1.47244
1.47675
1.46991
1.4566
1.4416
1.42741
1.41328
1.39624
1.37344
1.34454
1.31326
1.28658
1.27063
1.26678
1.27241
1.28394
1.29816
1.31208
1.32311
1.32982
1.33257
1.33348
1.33536
1.34019
1.34791
1.35621
1.36165
1.36144
1.35466
1.34224
1.32601
1.30818
1.29103
1.27704
1.26906
1.26991
1.28133
1.30269
1.33097
1.36238
1.39368
1.42191
1.44392
1.45699
1.45964
1.45189
1.4351
1.41198
1.38665
1.36433
1.35043
1.34958
1.36458
1.39535
1.43786
1.48388
1.52284
1.54515
1.54557
1.52498
1.4893
1.44655
1.40328
1.36336
1.32899
1.3027
1.28794
1.28735
1.2995
1.31855
1.33798
1.35444
1.36752
1.37714
1.38178
1.37865
1.36517
1.34041
1.30629
1.26903
1.23892
1.22578
1.23133
1.24892
1.27121
1.29491
1.32033
1.34925
1.3819
1.41482
1.44186
1.45749
1.45984
1.45149
1.4386
1.4281
1.42432
1.42753
1.43559
1.44658
1.45944
1.4735
1.48758
1.49942
1.506
1.50499
1.49669
1.48399
1.46902
1.45099
1.42808
1.39999
1.36862
1.33752
1.31072
1.29145
1.28153
1.28178
1.29179
1.30919
1.32976
1.34879
1.36211
1.36662
1.36075
1.3452
1.32327
1.30041
1.283
1.27587
1.27932
1.28862
1.2965
1.29712
1.28904
1.27616
1.26578
1.26429
1.27343
1.29032
1.31004
1.32886
1.34523
1.35909
1.37056
1.37887
1.38252
1.3801
1.37134
1.35772
1.3426
1.33119
1.32969
1.34347
1.3739
1.41627
1.46145
1.50008
1.5257
1.53544
1.52966
1.51074
1.48171
1.44549
1.40491
1.36338
1.32581
1.29819
1.28556
1.28919
1.30581
1.32963
1.35525
1.37944
1.40093
1.41934
1.43423
1.44464
1.44877
1.44426
1.42907
1.40317
1.37048
1.3396
1.32068
1.31935
1.33334
1.3554
1.37803
1.39541
1.40309
1.39807
1.3799
1.35195
1.32109
1.29439
1.27524
1.26238
1.25225
1.24175
1.22988
1.2186
1.21226
1.21543
1.23067
1.25749
1.29277
1.33188
1.37019
1.40365
1.42894
1.44353
1.4465
1.43923
1.42554
1.41035
1.39723
1.38714
1.37915
1.37283
1.3696
1.37202
1.38196
1.39907
1.41994
1.43919
1.45172
1.45498
1.4499
1.44029
1.4312
1.42664
1.42752
1.43098
1.43231
1.42753
1.41504
1.3961
1.37464
1.35617
1.34511
1.34212
1.34427
1.34858
1.35522
1.36617
1.38037
1.392
1.39423
1.38359
1.36126
1.33214
1.30337
1.28196
1.27159
1.27164
1.28048
1.29891
1.32888
1.36775
1.40661
1.43542
1.44812
1.44347
1.42359
1.39273
1.35629
1.32019
1.2907
1.27387
1.27348
1.28946
1.31826
1.35448
1.39174
1.42363
1.44489
1.4519
1.44325
1.42029
1.38732
1.35102
1.31858
1.29562
1.28446
1.28384
1.29043
1.30192
1.31838
1.34086
1.36884
1.3989
1.42581
1.44433
1.45121
1.44792
1.44145
1.44103
1.45186
1.47289
1.49978
1.52719
1.54961
1.56354
1.56899
1.56809
1.56229
1.55126
1.53383
1.50941
1.47869
1.44382
1.4089
1.38003
1.3633
1.35999
1.36377
1.36451
1.35479
1.33302
1.30224
1.26738
1.23315
1.20348
1.18246
1.17477
1.18502
1.21558
1.26442
1.32457
1.38687
1.44311
1.48711
1.51474
1.52407
1.51601
1.49442
1.46537
1.43575
1.41168
1.39714
1.39298
1.39682
1.40422
1.41095
1.41428
1.41264
1.40458
1.3885
1.36371
1.33218
1.29904
1.27152
1.25633
1.25709
1.27312
1.29992
1.33133
1.36144
1.38561
1.40058
1.40391
1.39385
1.37015
1.33532
1.29528
1.25762
1.22897
1.21319
1.21167
1.22424
1.24914
1.28227
1.31753
1.34863
1.37104
1.38293
1.38511
1.38043
1.37272
1.36576
1.36269
1.36599
1.37733
1.39689
1.42292
1.45195
1.47902
1.49838
1.50477
1.49489
1.46881
1.43086
1.38908
1.35358
1.33356
1.33343
1.35062
1.37756
1.40591
1.42913
1.4427
1.44364
1.43049
1.40364
1.36582
1.32299
1.28437
1.25965
1.25397
1.26493
1.28468
1.30474
1.31984
1.32921
1.33624
1.34698
1.36726
1.39885
1.43743
1.47428
1.50053
1.51059
1.50363
1.48279
1.4531
1.41936
1.38496
1.35207
1.32293
1.30057
1.28788
1.28634
1.29496
1.31045
1.32878
1.34673
1.36262
1.37574
1.38552
1.39116
1.39205
1.38802
1.37984
1.36914
1.35792
1.34759
1.33821
1.32893
1.31897
1.30825
1.2977
1.28936
1.28621
1.29126
1.30546
1.32635
1.34902
1.36836
1.38126
1.38767
1.39002
1.39184
1.3963
1.40561
1.42067
1.44067
1.46257
1.48161
1.4922
1.4898
1.47276
1.44368
1.40956
1.38027
1.36513
1.36833
1.38512
1.40262
1.40666
1.39027
1.35926
1.33305
1.33089
1.3515
1.37812
1.39853
1.40943
1.41089
1.40273
1.38444
1.35712
1.32512
1.29547
1.27448
1.26452
1.26406
1.27102
1.28593
1.31025
1.34137
1.37118
1.39072
1.39563
1.38732
1.37029
1.34907
1.32693
1.30641
1.29015
1.2817
1.28493
1.30234
1.33261
1.37017
1.40793
1.44123
1.46917
1.49266
1.51167
1.52457
1.52946
1.52546
1.51323
1.49466
1.47198
1.44686
1.41943
1.38896
1.3555
1.32148
1.29136
1.26938
1.25692
1.25225
1.25275
1.25688
1.26429
1.27545
1.29171
1.31398
1.34059
1.36747
1.3904
1.40734
1.41935
1.4294
1.43992
1.45121
1.46145
1.46768
1.46693
1.45775
1.44105
1.42042
1.4014
1.38897
1.38407
1.38324
1.38287
1.38351
1.38874
1.39923
1.41051
1.41775
1.42011
1.41908
1.41478
1.40554
1.39027
1.37042
1.34933
1.33054
1.31697
1.31081
1.31313
1.32351
1.33998
1.35921
1.37691
1.38903
1.39303
1.38818
1.37501
1.35462
1.32846
1.29904
1.27072
1.25002
1.24369
1.25499
1.28043
1.31041
1.33432
1.34568
1.34423
1.33496
1.32515
1.32078
1.32417
1.33392
1.34646
1.35819
1.36684
1.37114
1.37033
1.36412
1.35414
1.34493
1.34314
1.35431
1.37941
1.41309
1.4461
1.46971
1.47872
1.47216
1.45245
1.42399
1.39172
1.35973
1.33064
1.30612
1.28806
1.27865
1.27819
1.28344
1.28921
1.29174
1.29071
1.28901
1.29083
1.2989
1.31247
1.32739
1.33814
1.34059
1.33422
1.32188
1.30774
1.29531
1.28666
1.28268
1.28355
1.28926
1.3002
1.31704
1.33915
1.36398
1.3892
1.41458
1.44023
1.46321
1.47773
1.47838
1.46389
1.43873
1.41138
1.39006
1.37954
1.38058
1.39161
1.41004
1.43264
1.45568
1.47524
1.4877
1.49043
1.48275
1.46701
1.44784
1.42965
1.41371
1.39812
1.38095
1.36301
1.34777
1.33812
1.33415
1.33419
1.3355
1.33438
1.32724
1.31272
1.29301
1.273
1.2582
1.25279
1.25845
1.27404
1.29609
1.31995
1.34116
1.35619
1.36246
1.35802
1.34141
1.31247
1.2736
1.23054
1.19165
1.16576
1.15927
1.17407
1.20711
1.25187
1.30085
1.34767
1.38791
1.4189
1.43983
1.45216
1.45974
1.46734
1.47769
1.48928
1.49729
1.49703
1.48668
1.46771
1.44372
1.41887
1.39631
1.37791
1.3644
1.35614
1.35426
1.36153
1.38041
1.40938
1.44259
1.47314
1.49583
1.50761
1.50715
1.49478
1.47248
1.44372
1.41237
1.38163
1.35375
1.33034
1.31268
1.30137
1.29599
1.29535
1.29817
1.30331
1.30994
1.31761
1.32618
1.3353
1.34439
1.35311
1.36107
1.36643
1.36681
1.36204
1.35522
1.35067
1.3508
1.35562
1.36431
1.37644
1.39143
1.40726
1.42017
1.42607
1.42225
1.409
1.3898
1.36978
1.35254
1.33814
1.32423
1.30961
1.29667
1.29062
1.29677
1.31743
1.35053
1.39036
1.42973
1.46215
1.48339
1.49251
1.49151
1.48356
1.47152
1.45745
1.44268
1.42793
1.41264
1.39489
1.37276
1.34623
1.31837
1.29411
1.27777
1.27045
1.27018
1.27353
1.27713
1.27806
1.27375
1.26311
1.24865
1.23703
1.23641
1.25159
1.28122
1.31971
1.36068
1.39874
1.4301
1.45261
1.46524
1.46776
1.46077
1.44627
1.42718
1.40645
1.38589
1.36605
1.34691
1.32923
1.31465
1.30499
1.30147
1.30501
1.31609
1.33428
1.35787
1.38399
1.40919
1.43029
1.44548
1.45462
1.45848
1.45763
1.45177
1.43986
1.42115
1.39641
1.36856
1.34246
1.32301
1.31271
1.31042
1.3121
1.31257
1.30786
1.29732
1.28397
1.27274
1.26732
1.26823
1.27327
1.27903
1.28263
1.28263
1.27958
1.2758
1.27445
1.27826
1.28864
1.30545
1.32728
1.3522
1.37841
1.40439
1.42844
1.44858
1.4628
1.4697
1.46868
1.45976
1.44328
1.42033
1.39351
1.36671
1.34351
1.32596
1.31465
1.30981
1.3119
1.32093
1.33517
1.3512
1.36553
1.37664
1.38521
1.39236
1.39748
1.39753
1.38837
1.36747
1.33711
1.30624
1.28702
1.28737
1.30574
1.33257
1.35701
1.37304
1.381
1.38584
1.39386
1.40933
1.43254
1.46015
1.48747
1.51043
1.52605
1.53217
1.5274
1.51156
1.48628
1.45599
1.42768
1.4079
1.39845
1.39533
1.39209
1.38334
1.36672
1.34429
1.32252
1.3094
1.30978
1.32213
1.33937
1.35272
1.35609
1.34839
1.33321
1.31557
1.29824
1.28114
1.26387
1.24814
1.23849
1.24062
1.25727
1.28493
1.31573
1.34276
1.36323
1.37805
1.38963
1.40043
1.41233
1.42641
1.4422
1.45731
1.46807
1.47161
1.46868
1.46406
1.46225
1.46316
1.46378
1.46221
1.45874
1.45371
1.44534
1.4301
1.40597
1.37592
1.34848
1.33382
1.33784
1.35862
1.38821
1.41729
1.43841
1.44753
1.44414
1.43074
1.41149
1.39101
1.37314
1.3607
1.35482
1.35388
1.35333
1.34716
1.33021
1.3007
1.26262
1.22766
1.21273
1.22957
1.27462
1.33316
1.39122
1.44138
1.48185
1.51326
1.53582
1.54816
1.54812
1.53424
1.50673
1.4677
1.42083
1.37078
1.3226
1.28148
1.25159
1.23441
1.22812
1.22854
1.23151
1.23502
1.2401
1.24976
1.26632
1.2892
1.31499
1.33944
1.35917
1.37184
1.37582
1.37027
1.35599
1.33651
1.3179
1.30697
1.30908
1.3273
1.36142
1.40656
1.45347
1.49221
1.51611
1.52305
1.51462
1.49503
1.46987
1.44439
1.42174
1.40305
1.38897
1.38034
1.37728
1.37777
1.37791
1.37385
1.36344
1.3475
1.32949
1.31407
1.30497
1.3032
1.30669
1.31154
1.31387
1.31142
1.30384
1.29192
1.27675
1.26002
1.24549
1.23831
1.24251
1.25832
1.2824
1.30995
1.33647
1.35822
1.37212
1.37583
1.36844
1.35097
1.32678
1.30105
1.27987
1.26895
1.27158
1.28765
1.31407
1.34668
1.38172
1.41634
1.44806
1.47438
1.49258
1.50041
1.49685
1.48274
1.4608
1.43469
1.40788
1.3828
1.36111
1.34437
1.33402
1.33052
1.33301
1.34021
1.35139
1.36629
1.38335
1.3989
1.40885
1.41132
1.40753
1.40063
1.39355
1.38733
1.38098
1.37323
1.36471
1.35861
1.35837
1.36455
1.37401
1.38164
1.38326
1.3773
1.36513
1.35069
1.34007
1.34001
1.35362
1.37808
1.40789
1.43837
1.46537
1.48461
1.49308
1.49058
1.48017
1.46633
1.45254
1.43992
1.42785
1.41516
1.4007
1.38269
1.35863
1.32705
1.28981
1.25245
1.22216
1.20518
1.20497
1.22147
1.25113
1.28804
1.32594
1.36013
1.38814
1.40957
1.42532
1.4372
1.44754
1.45859
1.47216
1.48873
1.50619
1.51924
1.52077
1.50484
1.46946
1.41776
1.35761
1.29973
1.25489
1.23089
1.23048
1.25054
1.28356
1.32057
1.35396
1.37862
1.39195
1.39345
1.38456
1.36894
1.35196
1.33952
1.33686
1.34686
1.3689
1.39828
1.4276
1.44891
1.45567
1.44415
1.41423
1.37011
1.32015
1.27573
1.24798
1.24304
1.25869
1.28619
1.31627
1.34356
1.36671
1.38618
1.40227
1.41519
1.42564
1.43453
1.44199
1.44717
1.44852
1.44451
1.43513
1.42304
1.41242
1.40595
1.40243
1.39786
1.38813
1.37189
1.35176
1.33357
1.32291
1.3214
1.32633
1.33413
1.34344
1.35437
1.36539
1.37217
1.37055
1.35985
1.34327
1.32651
1.31513
1.3119
1.31607
1.32484
1.3352
1.34445
1.35018
1.35044
1.34467
1.33455
1.32388
1.31693
1.31598
1.3208
1.33089
1.34749
1.37251
1.406
1.44441
1.48138
1.51033
1.52712
1.53105
1.52435
1.51093
1.49476
1.47914
1.46637
1.45812
1.45544
1.45821
1.46442
1.46983
1.46912
1.45791
1.43475
1.40218
1.36647
1.33574
1.31638
1.31004
1.31357
1.32099
1.32568
1.32228
1.30807
1.28284
1.24763
1.20421
1.15671
1.11398
1.08847
1.08985
1.11848
1.16666
1.22444
1.28296
1.33486
1.37466
1.39959
1.40986
1.40805
1.39805
1.38386
1.36908
1.35702
1.35048
1.35065
1.35645
1.36538
1.37486
1.38311
1.38954
1.395
1.40129
1.40924
1.4172
1.422
1.42077
1.41224
1.39751
1.38034
1.36683
1.36389
1.37553
1.39935
1.42736
1.45059
1.46297
1.46246
1.45035
1.43051
1.40841
1.38983
1.37908
1.37761
1.38402
1.39538
1.40896
1.42296
1.43633
1.44803
1.45648
1.45957
1.4552
1.44188
1.41918
1.38807
1.35117
1.31296
1.27961
1.25799
1.25354
1.26794
1.29826
1.3378
1.37869
1.41388
1.43821
1.44849
1.44338
1.42364
1.39223
1.35391
1.31398
1.27678
1.24499
1.22026
1.20454
1.20049
1.21016
1.23342
1.26684
1.30265
1.33121
1.34671
1.34992
1.34515
1.3358
1.32255
1.30495
1.28484
1.26944
1.27041
1.29528
1.33766
1.38126
1.41278
1.42804
1.42984
1.42345
1.41308
1.4008
1.38747
1.37414
1.36216
1.35225
1.34376
1.33521
1.32577
1.31635
1.30992
1.31041
1.32097
1.34225
1.37144
1.40283
1.42947
1.44519
1.44658
1.43376
1.40961
1.37865
1.3455
1.31404
1.28732
1.26784
1.25748
1.25691
1.26492
1.27829
1.29257
1.30393
1.31062
1.31332
1.31436
1.31694
1.32471
1.3409
1.36677
1.40067
1.43829
1.47379
1.50112
1.51576
1.51618
1.50446
1.48538
1.46508
1.44926
1.44077
1.43783
1.43507
1.42676
1.40997
1.38637
1.36132
1.34092
1.32943
1.32806
1.33526
1.34719
1.35816
1.36256
1.35794
1.34712
1.33599
1.32867
1.32425
1.31891
1.31037
1.30062
1.29525
1.29984
1.31617
1.34109
1.36931
1.39675
1.42164
1.44321
1.46024
1.47089
1.4739
1.46977
1.46095
1.45095
1.44312
1.43908
1.43848
1.43986
1.44152
1.44153
1.43764
1.42739
1.409
1.38242
1.34996
1.31541
1.28249
1.25397
1.23242
1.22113
1.2228
1.23681
1.25878
1.2835
1.30779
1.33081
1.35269
1.37282
1.38936
1.40004
1.40306
1.39749
1.38295
1.35949
1.32837
1.29262
1.25695
1.22673
1.20667
1.19955
1.20557
1.22279
1.24843
1.2808
1.31993
1.36582
1.41614
1.46595
1.50988
1.54422
1.56764
1.58039
1.58328
1.57672
1.56122
1.53804
1.50991
1.48085
1.45502
1.43531
1.42189
1.41258
1.404
1.39357
1.38118
1.36927
1.36097
1.35746
1.35681
1.35504
1.3485
1.33543
1.31682
1.29682
1.28214
1.27886
1.28784
1.30359
1.31844
1.32699
1.32817
1.32431
1.31921
1.3159
1.31519
1.31534
1.31345
1.30793
1.30098
1.29895
1.30841
1.33057
1.35988
1.38793
1.40866
1.42044
1.42456
1.42227
1.41387
1.39993
1.38297
1.36727
1.35736
1.3563
1.36437
1.37906
1.39681
1.41521
1.43316
1.44854
1.45753
1.45687
1.44611
1.42808
1.40786
1.3912
1.3826
1.38423
1.39533
1.41286
1.43337
1.45441
1.47454
1.49258
1.5069
1.51541
1.51638
1.50927
1.49499
1.47521
1.45093
1.4224
1.3901
1.35576
1.32118
1.28675
1.25237
1.22008
1.19453
1.181
1.18303
1.2009
1.23145
1.26883
1.3057
1.33497
1.35156
1.35343
1.34199
1.32159
1.29803
1.2767
1.26047
1.24886
1.23924
1.22996
1.22233
1.21999
1.22656
1.24381
1.27107
1.30629
1.34716
1.39122
1.43476
1.47236
1.49817
1.50838
1.50329
1.48748
1.46787
1.45014
1.43632
1.425
1.41337
1.39924
1.3819
1.36245
1.34354
1.32886
1.32168
1.32327
1.33231
1.34622
1.3639
1.38665
1.4143
1.44216
1.46346
1.47288
1.46758
1.44791
1.41884
1.38926
1.36647
1.3512
1.34003
1.33102
1.32609
1.32961
1.3448
1.37078
1.40254
1.43403
1.46111
1.48188
1.49487
1.49778
1.48809
1.46493
1.43004
1.38802
1.34504
1.30656
1.27579
1.25419
1.24279
1.24214
1.2513
1.26737
1.28697
1.30738
1.32643
1.34128
1.34818
1.34428
1.33013
1.3104
1.29229
1.28213
1.28227
1.29072
1.30373
1.31861
1.33431
1.35042
1.36643
1.38165
1.39527
1.40672
1.41595
1.42341
1.4297
1.43514
1.43972
1.44322
1.44493
1.4437
1.43865
1.43084
1.42381
1.42219
1.42922
1.44489
1.46567
1.4863
1.50215
1.51085
1.51221
1.50687
1.49531
1.47768
1.45468
1.42787
1.39911
1.36931
1.33828
1.30588
1.27384
1.24625
1.22802
1.22251
1.2304
1.25015
1.27838
1.31016
1.34079
1.36835
1.39342
1.41591
1.43403
1.44649
1.45315
1.45364
1.44673
1.43115
1.40802
1.38342
1.36786
1.37012
1.38999
1.41843
1.44421
1.45946
1.46133
1.45167
1.4353
1.41731
1.40024
1.38319
1.36385
1.34247
1.32368
1.31444
1.31904
1.33591
1.35838
1.37908
1.39448
1.40581
1.41624
1.42758
1.43884
1.44695
1.44847
1.44135
1.42631
1.40685
1.38742
1.37001
1.35235
1.33005
1.29994
1.2622
1.22107
1.18456
1.16241
1.16123
1.17994
1.21083
1.24516
1.2774
1.30566
1.32986
1.35015
1.367
1.38192
1.39684
1.41183
1.42329
1.42571
1.41578
1.39503
1.36923
1.34551
1.32887
1.32103
1.32156
1.33017
1.3472
1.37273
1.40506
1.4398
1.47005
1.48814
1.48876
1.47294
1.45046
1.43568
1.43684
1.45171
1.47358
1.4966
1.51626
1.52904
1.53248
1.52521
1.50691
1.47845
1.44182
1.39927
1.35213
1.30153
1.25074
1.20611
1.1752
1.16405
1.17461
1.20329
1.2417
1.27991
1.31062
1.33151
1.34516
1.35709
1.37253
1.39292
1.41454
1.4304
1.43405
1.42353
1.40417
1.38768
1.38607
1.4042
1.43726
1.47423
1.50327
1.5161
1.51015
1.48817
1.45639
1.42219
1.39173
1.36816
1.35115
1.33788
1.32515
1.31268
1.30561
1.31248
1.33772
1.37563
1.41364
1.43974
1.44708
1.43456
1.40551
1.36622
1.32501
1.29095
1.27143
1.26915
1.28083
1.29959
1.31858
1.33305
1.34095
1.34293
1.34186
1.34097
1.34226
1.34617
1.35224
1.35946
1.36561
1.36766
1.36304
1.35097
1.33289
1.31236
1.29382
1.28158
1.2795
1.29145
1.3203
1.36479
1.41693
1.46475
1.4989
1.51563
1.51504
1.49859
1.468
1.42535
1.37404
1.31935
1.26862
1.23014
1.20983
1.20859
1.22338
1.25001
1.2844
1.32283
1.36175
1.39782
1.42859
1.45312
1.47185
1.48567
1.49501
1.49957
1.4986
1.49148
1.47787
1.45754
1.43065
1.39817
1.36253
1.32871
1.30455
1.29603
1.30018
1.3072
1.31006
1.30835
1.30519
1.30346
1.30437
1.30801
1.31425
1.32305
1.33389
1.34557
1.35682
1.36741
1.3783
1.39009
1.40181
1.41165
1.41863
1.4232
1.42655
1.42966
1.4328
1.43546
1.43649
1.43407
1.42621
1.41148
1.39018
1.36524
1.34193
1.32629
1.32184
1.32649
1.33352
1.33681
1.33489
1.3303
1.32548
1.32091
1.31704
1.31634
1.32231
1.33657
1.3565
1.37581
1.38781
1.38891
1.38056
1.36811
1.35797
1.35441
1.35813
1.36664
1.37595
1.38251
1.38473
1.38338
1.38127
1.38146
1.38479
1.38846
1.38762
1.37898
1.36282
1.34239
1.32172
1.304
1.29195
1.28801
1.29318
1.30581
1.32205
1.33808
1.35231
1.36548
1.379
1.39312
1.40599
1.41451
1.41622
1.4107
1.3993
1.38394
1.36654
1.34983
1.33799
1.33514
1.34262
1.35834
1.37829
1.39792
1.41264
1.41879
1.41467
1.40159
1.38359
1.36601
1.35331
1.34711
1.34597
1.34715
1.34889
1.35136
1.35574
1.36264
1.37112
1.37925
1.38567
1.39057
1.39553
1.40162
1.40785
1.41092
1.40711
1.39475
1.37602
1.35664
1.3431
1.33882
1.34231
1.34915
1.35576
1.36067
1.36354
1.36436
1.36322
1.36021
1.35527
1.34839
1.33976
1.33004
1.32049
1.31339
1.31166
1.31755
1.33143
1.3517
1.3761
1.40258
1.42839
1.44872
1.45772
1.45122
1.43034
1.40312
1.38108
1.3712
1.37283
1.38175
1.39373
1.40549
1.41462
1.41923
1.41784
1.40986
1.39629
1.37935
1.36126
1.34299
1.32429
1.30476
1.28485
1.26614
1.25105
1.24225
1.24193
1.25111
1.26907
1.29335
1.32009
1.34494
1.36383
1.37378
1.37381
1.36537
1.35285
1.34255
1.33996
1.34688
1.36085
1.3768
1.38946
1.39536
1.39424
1.38916
1.38442
1.38169
1.37848
1.37113
1.35835
1.34228
1.3268
1.3156
1.31081
1.31229
1.31782
1.32382
1.32652
1.32304
1.31229
1.29472
1.27127
1.24361
1.21636
1.19883
1.2001
1.22011
1.25075
1.28553
1.32401
1.36902
1.42209
1.48063
1.53814
1.58673
1.61985
1.63373
1.62769
1.60415
1.56822
1.52666
1.48577
1.44982
1.42105
1.40118
1.39244
1.3965
1.41151
1.43135
1.4478
1.45378
1.44492
1.42063
1.38437
1.34361
1.30754
1.28298
1.27168
1.27144
1.27929
1.29249
1.30769
1.32109
1.33022
1.33575
1.34114
1.34971
1.36232
1.37744
1.3928
1.40674
1.41853
1.42792
1.43437
1.43686
1.43422
1.42596
1.41259
1.39553
1.37724
1.36099
1.3499
1.34536
1.347
1.35403
1.3663
1.3832
1.40149
1.41484
1.41678
1.40424
1.3789
1.34648
1.31458
1.29041
1.27882
1.28032
1.29061
1.30254
1.30948
1.30797
1.29808
1.28212
1.26298
1.24345
1.22654
1.21594
1.21596
1.22991
1.25773
1.295
1.33491
1.37134
1.40033
1.42056
1.4328
1.43939
1.44325
1.44625
1.44826
1.44726
1.44079
1.42818
1.41163
1.39551
1.3841
1.37961
1.38184
1.38942
1.40094
1.41529
1.43136
1.448
1.46444
1.48032
1.49517
1.5077
1.5158
1.517
1.50927
1.49139
1.46304
1.42501
1.3795
1.33077
1.28506
1.24932
1.22905
1.22642
1.23954
1.26326
1.29146
1.31975
1.3467
1.37299
1.39916
1.42385
1.44363
1.45454
1.45412
1.44264
1.4232
1.40033
1.37769
1.35655
1.33627
1.31614
1.29669
1.27988
1.26835
1.26445
1.26956
1.28295
1.30135
1.32002
1.33478
1.34284
1.34242
1.33274
1.31598
1.29922
1.29157
1.298
1.31697
1.34271
1.36873
1.39022
1.40448
1.41036
1.40815
1.39986
1.38933
1.38128
1.37995
1.38764
1.40384
1.42525
1.44692
1.4634
1.47012
1.46468
1.44733
1.42081
1.38971
1.35947
1.33492
1.31921
1.3132
1.3155
1.32333
1.33363
1.34387
1.35247
1.35885
1.36288
1.36442
1.36329
1.35963
1.35416
1.34798
1.34233
1.33842
1.33709
1.33798
1.33934
1.33934
1.3369
1.33206
1.32561
1.31883
1.31355
1.3124
1.31854
1.33372
1.35622
1.3811
1.40294
1.41801
1.42435
1.4212
1.40891
1.38928
1.36559
1.34243
1.32453
1.31561
1.31757
1.32992
1.34942
1.37148
1.39225
1.40861
1.41751
1.41645
1.40539
1.38722
1.36589
1.34386
1.32324
1.30999
1.31279
1.3355
1.37293
1.41441
1.44961
1.4724
1.48118
1.47783
1.46577
1.44816
1.42748
1.40617
1.38729
1.37382
1.36715
1.36623
1.36796
1.36872
1.36585
1.35849
1.34778
1.33627
1.32691
1.32191
1.32159
1.32421
1.32717
1.32853
1.32827
1.32849
1.33256
1.34298
1.35956
1.37931
1.39792
1.41161
1.41851
1.41879
1.41385
1.40542
1.39438
1.38026
1.36122
1.33525
1.3019
1.26418
1.22946
1.20818
1.20915
1.23311
1.27055
1.30691
1.32984
1.33331
1.31842
1.29301
1.26827
1.25199
1.24538
1.24669
1.25597
1.27508
1.30428
1.33991
1.37538
1.40471
1.42561
1.44019
1.4526
1.46528
1.47731
1.48611
1.48924
1.48482
1.47145
1.44896
1.41936
1.387
1.35775
1.33775
1.33196
1.34204
1.3647
1.39249
1.41697
1.43261
1.43865
1.43847
1.43633
1.43367
1.42814
1.41612
1.39626
1.3713
1.34682
1.32856
1.31989
1.32102
1.32997
1.34456
1.3635
1.38509
1.40614
1.42353
1.43619
1.44421
1.44747
1.4454
1.43691
1.42071
1.39648
1.36637
1.33548
1.31009
1.29528
1.29331
1.3039
1.32473
1.35186
1.38006
1.40367
1.41829
1.4217
1.41418
1.39813
1.37716
1.35514
1.3356
1.32138
1.31419
1.31416
1.31942
1.32675
1.33308
1.33726
1.34021
1.34295
1.34467
1.34349
1.33882
1.33206
1.3255
1.3207
1.31765
1.31522
1.31257
1.31048
1.31123
1.31668
1.32663
1.33909
1.35216
1.36522
1.37829
1.39102
1.40222
1.41082
1.41667
1.42009
1.42039
1.41544
1.40301
1.38336
1.36097
1.34388
1.33879
1.34504
1.35522
1.36131
1.3587
1.34643
1.32613
1.30161
1.27923
1.26699
1.27105
1.2919
1.32381
1.35819
1.38789
1.41009
1.4266
1.44151
1.45784
1.47562
1.49213
1.50372
1.50759
1.50211
1.48671
1.46185
1.4295
1.39309
1.35723
1.32707
1.30663
1.29703
1.29627
1.30075
1.30756
1.31573
1.32623
1.3407
1.35979
1.38212
1.40393
1.41972
1.42377
1.41181
1.38245
1.33802
1.28501
1.2335
1.19552
1.18185
1.19698
1.23511
1.2821
1.32342
1.35033
1.3605
1.35612
1.3413
1.32014
1.29552
1.26969
1.24588
1.22919
1.22472
1.2339
1.254
1.28113
1.31235
1.34606
1.38266
1.42505
1.47521
1.52918
1.57791
1.6127
1.62805
1.62138
1.59237
1.54338
1.47971
1.40922
1.34105
1.28402
1.24477
1.22604
1.2264
1.24155
1.26602
1.29434
1.32161
1.34418
1.36023
1.36973
1.37352
1.37237
1.36684
1.35768
1.3461
1.33376
1.32245
1.31354
1.30786
1.30577
1.30741
1.31274
1.32203
1.33586
1.35498
1.37894
1.40506
1.42906
1.44685
1.45584
1.45556
1.44705
1.43193
1.41162
1.38793
1.36411
1.34486
1.33395
1.33179
1.33591
1.34318
1.35192
1.36235
1.37583
1.39293
1.41216
1.42993
1.44146
1.44194
1.42765
1.39705
1.35198
1.29841
1.24581
1.20434
1.18155
1.17974
1.19623
1.22538
1.26085
1.29706
1.32985
1.35638
1.37458
1.38279
1.37953
1.36398
1.33669
1.30029
1.25907
1.21806
1.18217
1.15608
1.14476
1.15341
1.18524
1.23787
1.30274
1.36949
1.4301
1.47986
1.51597
1.53671
1.54167
1.53261
1.51391
1.4917
1.47229
1.46027
1.45703
1.46067
1.46726
1.47275
1.47444
1.47155
1.46474
1.45477
1.44135
1.42317
1.39882
1.36808
1.33217
1.29322
1.25352
1.21531
1.18147
1.15587
1.14268
1.145
1.16424
1.19925
1.24558
1.29657
1.34566
1.38802
1.42161
1.44703
1.46598
1.47958
1.48733
1.48762
1.47892
1.46113
1.43678
1.41087
1.38912
1.37517
1.36863
1.36506
1.35842
1.34424
1.32173
1.29401
1.267
1.24665
1.23687
1.23921
1.25356
1.27855
1.31227
1.35305
1.39941
1.44899
1.49732
1.5381
1.56457
1.57173
1.55784
1.52502
1.47848
1.42523
1.37313
1.32967
1.29911
1.28074
1.27046
1.26487
1.26391
1.27052
1.288
1.31744
1.3563
1.39891
1.43784
1.46596
1.4781
1.47286
1.45307
1.42364
1.38802
1.3476
1.3046
1.26257
1.22459
1.19366
1.17469
1.17287
1.18862
1.21569
1.2454
1.27159
1.29259
1.31033
1.32754
1.34498
1.36125
1.37495
1.38652
1.39851
1.41364
1.43276
1.45355
1.47143
1.48221
1.4842
1.47826
1.46599
1.44798
1.42439
1.39686
1.36877
1.34231
1.31643
1.28919
1.26188
1.24032
1.23259
1.2448
1.27705
1.32231
1.36903
1.40569
1.42499
1.4269
1.41949
1.41444
1.41703
1.42247
1.42379
1.41872
1.40911
1.39776
1.38674
1.37768
1.37234
1.37228
1.37741
1.38551
1.39358
1.39955
1.40277
1.40405
1.40518
1.40811
1.41371
1.42074
1.42576
1.42391
1.41035
1.38227
1.34125
1.29511
1.2567
1.23655
1.235
1.24554
1.26565
1.29895
1.34543
1.39515
1.4351
1.45703
1.45915
1.44475
1.4206
1.39409
1.37008
1.34892
1.32758
1.30291
1.27447
1.24573
1.22323
1.21419
1.22382
1.25261
1.29554
1.34426
1.39097
1.4304
1.45926
1.47464
1.47352
1.45379
1.41648
1.36761
1.3176
1.27783
1.25676
1.25715
1.27561
1.30487
1.3375
1.36894
1.39878
1.42915
1.46091
1.48998
1.50776
1.5058
1.48077
1.43672
1.38454
1.33813
1.308
1.29719
1.30319
1.32174
1.34786
1.37568
1.39995
1.41755
1.42713
1.42854
1.42287
1.41273
1.40169
1.39305
1.38829
1.38622
1.38362
1.37757
1.36771
1.35708
1.35091
1.3539
1.36747
1.38838
1.40988
1.42401
1.42453
1.40998
1.38585
1.36271
1.3493
1.34655
1.35011
1.35679
1.36692
1.38223
1.40309
1.42769
1.45277
1.47486
1.49074
1.49783
1.49423
1.47879
1.4514
1.41335
1.36783
1.32008
1.27669
1.24427
1.22774
1.22875
1.2455
1.2748
1.31412
1.36034
1.40667
1.44394
1.4647
1.46618
1.45089
1.42537
1.39774
1.37429
1.35743
1.34663
1.34077
1.33987
1.34465
1.35517
1.37021
1.38793
1.40668
1.42536
1.44288
1.45782
1.46869
1.47458
1.47553
1.47247
1.46641
1.45776
1.4464
1.43311
1.41969
1.40806
1.39849
1.38951
1.37934
1.36699
1.35197
1.33407
1.31362
1.292
1.27186
1.25625
1.24725
1.24464
1.24576
1.247
1.24555
1.24073
1.23458
1.23111
1.23428
1.24603
1.2657
1.29101
1.31901
1.34695
1.37248
1.39281
1.40438
1.40382
1.39016
1.36634
1.33882
1.31563
1.30383
1.30753
1.32693
1.35863
1.3966
1.43337
1.4615
1.47604
1.47614
1.46447
1.44588
1.42621
1.4109
1.4036
1.40591
1.41734
1.435
1.45391
1.46809
1.47236
1.46409
1.44456
1.41868
1.39343
1.37529
1.36756
1.36925
1.3759
1.38175
1.38244
1.37676
1.36634
1.35359
1.3396
1.32334
1.30302
1.27791
1.2502
1.22505
1.20878
1.20548
1.21516
1.23432
1.25753
1.27897
1.29383
1.30028
1.30035
1.29895
1.30139
1.31122
1.32927
1.35314
1.37762
1.39668
1.40581
1.40347
1.39113
1.37289
1.35427
1.3395
1.3281
1.31616
1.30256
1.29147
1.28768
1.29236
1.30491
1.32523
1.35307
1.38674
1.42305
1.45758
1.48588
1.50486
1.51393
1.51449
1.50861
1.49738
1.48045
1.45668
1.42594
1.39077
1.35666
1.33065
1.31886
1.32455
1.34585
1.37376
1.39539
1.40124
1.38962
1.36575
1.33809
1.31464
1.30071
1.29865
1.30791
1.32491
1.3439
1.3598
1.37059
1.37764
1.38343
1.38913
1.39395
1.39726
1.40035
1.4052
1.41216
1.41916
1.42359
1.4237
1.41799
1.40459
1.38189
1.35024
1.31283
1.27527
1.2442
1.22568
1.22359
1.23883
1.26908
1.3095
1.35439
1.39875
1.43906
1.47302
1.49898
1.51562
1.52225
1.519
1.5072
1.48921
1.46806
1.4467
1.4272
1.40996
1.39371
1.37669
1.35784
1.33794
1.31967
1.3069
1.30354
1.31207
1.33244
1.36167
1.39472
1.42609
1.45138
1.46765
1.47279
1.46545
1.44609
1.41811
1.3872
1.35885
1.33645
1.32159
1.31496
1.3166
1.32525
1.33883
1.35506
1.37197
1.38812
1.40215
1.41239
1.41649
1.41228
1.39835
1.37452
1.34181
1.30236
1.25966
1.219
1.18714
1.17063
1.17265
1.1907
1.21734
1.24383
1.26331
1.27182
1.26813
1.25355
1.23159
1.20782
1.189
1.18151
1.18911
1.21118
1.24311
1.27891
1.31375
1.34465
1.36999
1.38859
1.39962
1.40306
1.39981
1.39129
1.37862
1.36267
1.3449
1.3279
1.31517
1.30998
1.31378
1.32535
1.34146
1.35837
1.37345
1.38625
1.39903
1.41618
1.44131
1.47388
1.50877
1.53963
1.56163
1.57204
1.56979
1.55593
1.53435
1.51002
1.48508
1.45668
1.41961
1.37117
1.31518
1.26337
1.2304
1.22392
1.24162
1.27589
1.31824
1.36096
1.39757
1.4233
1.4349
1.4302
1.40822
1.37027
1.32121
1.2697
1.22687
1.20345
1.20592
1.23315
1.27613
1.32306
1.36478
1.39608
1.41439
1.41937
1.41358
1.40294
1.39527
1.39662
1.40778
1.42381
1.43692
1.44057
1.43188
1.41204
1.38508
1.356
1.32953
1.3093
1.29781
1.29634
1.30497
1.32245
1.34649
1.37433
1.40331
1.4308
1.45394
1.46988
1.476
1.47002
1.45055
1.41745
1.37245
1.32026
1.26958
1.23199
1.21764
1.22957
1.26262
1.30826
1.3585
1.40582
1.44287
1.46384
1.46612
1.45085
1.42176
1.38385
1.34235
1.3027
1.27081
1.25186
1.24772
1.25614
1.27299
1.29422
1.31622
1.33642
1.35358
1.36763
1.37893
1.3874
1.39226
1.3928
1.38873
1.38031
1.36874
1.35631
1.34596
1.3401
1.34022
1.34778
1.36504
1.3946
1.43594
1.48199
1.52084
1.5415
1.53856
1.513
1.47111
1.42181
1.37339
1.33069
1.29482
1.26521
1.24194
1.22744
1.22636
1.24292
1.27712
1.32347
1.37329
1.41829
1.45288
1.47491
1.4852
1.48618
1.47986
1.46644
1.44426
1.41157
1.3689
1.3208
1.27562
1.24316
1.23049
1.23916
1.26618
1.30668
1.35525
1.40555
1.45035
1.48278
1.49807
1.49455
1.47359
1.43938
1.39836
1.35844
1.32765
1.31244
1.31607
1.33745
1.37121
1.40835
1.43857
1.45372
1.45006
1.42844
1.39277
1.34928
1.30673
1.27554
1.26403
1.2743
1.30088
1.33366
1.36301
1.3835
1.39419
1.39656
1.3924
1.38294
1.36953
1.35403
1.33833
1.32276
1.30669
1.29024
1.27569
1.26754
1.27046
1.28583
1.31027
1.33822
1.36541
1.38974
1.41049
1.42799
1.44313
1.45657
1.46819
1.47741
1.48388
1.48765
1.48844
1.485
1.47556
1.45894
1.43511
1.40512
1.37066
1.33397
1.29826
1.26723
1.24385
1.22946
1.22387
1.22657
1.2381
1.26032
1.29534
1.34325
1.39999
1.45743
1.50568
1.53576
1.5418
1.52194
1.47866
1.41862
1.35154
1.28864
1.24068
1.21521
1.21497
1.23778
1.27801
1.32814
1.37964
1.42354
1.45228
1.46219
1.45501
1.43747
1.41891
1.40703
1.40467
1.40961
1.4176
1.42543
1.4323
1.43865
1.44454
1.44869
1.44908
1.44425
1.43422
1.42048
1.40481
1.3879
1.3691
1.34708
1.32096
1.29117
1.26029
1.23318
1.2153
1.20955
1.2146
1.22655
1.24246
1.26216
1.28731
1.31951
1.35881
1.40318
1.44875
1.49057
1.52385
1.545
1.5523
1.54626
1.52936
1.50498
1.47626
1.44554
1.41412
1.38258
1.35136
1.32183
1.29665
1.27845
1.2684
1.26601
1.27014
1.27981
1.29406
1.31166
1.33102
1.3498
1.36488
1.37295
1.37185
1.36146
1.34402
1.32356
1.30507
1.2927
1.28783
1.28809
1.28871
1.28517
1.27601
1.26344
1.25177
1.24464
1.24299
1.24554
1.25099
1.25966
1.27278
1.29123
1.31547
1.34622
1.38315
1.42338
1.46171
1.49246
1.51132
1.51659
1.51027
1.49809
1.48726
1.48148
1.47841
1.4724
1.45921
1.43837
1.41278
1.38641
1.36194
1.33966
1.31905
1.30269
1.29771
1.31015
1.3371
1.36846
1.39444
1.40934
1.41134
1.40166
1.38377
1.36258
1.34398
1.33408
1.33734
1.35318
1.37497
1.39426
1.40595
1.40944
1.40614
1.39738
1.38376
1.36616
1.34671
1.32872
1.31587
1.3115
1.31774
1.33425
1.35728
1.38086
1.39941
1.40987
1.41185
1.40613
1.39377
1.37556
1.35244
1.32607
1.29933
1.27607
1.26062
1.25713
1.26856
1.29523
1.33394
1.37872
1.42235
1.45794
1.48013
1.48583
1.47491
1.45042
1.41787
1.38332
1.35082
1.32123
1.29344
1.26689
1.24338
1.22689
1.2215
1.22891
1.24776
1.27485
1.30612
1.33667
1.36157
1.37749
1.38417
1.3841
1.38083
1.37714
1.37433
1.37275
1.37286
1.37576
1.38267
1.39416
1.40923
1.42553
1.44008
1.45018
1.4545
1.45346
1.44897
1.44354
1.43939
1.43792
1.43928
1.44201
1.44339
1.44085
1.43365
1.42339
1.41288
1.40372
1.39521
1.3863
1.37751
1.37066
1.36629
1.36191
1.35307
1.33673
1.31379
1.28941
1.27087
1.26397
1.26975
1.28364
1.29822
1.30724
1.30844
1.30405
1.29844
1.29495
1.2944
1.29603
1.30005
1.30917
1.32653
1.35192
1.38056
1.40659
1.42672
1.44093
1.4509
1.45823
1.46297
1.46409
1.46068
1.45318
1.44337
1.43303
1.42277
1.41158
1.39808
1.38187
1.36447
1.34918
1.34003
1.33959
1.34728
1.35953
1.37151
1.37944
1.38194
1.37961
1.37379
1.36534
1.35472
1.34295
1.33225
1.32524
1.32346
1.32633
1.33152
1.3362
1.33806
1.33599
1.33005
1.32155
1.31229
1.30414
1.29817
1.29415
1.29082
1.28717
1.28374
1.28256
1.28589
1.29477
1.30883
1.32723
1.34882
1.37165
1.39233
1.40644
1.41049
1.40378
1.3887
1.36909
1.34831
1.32854
1.31166
1.30059
1.29929
1.31061
1.33399
1.36527
1.39851
1.4283
1.45099
1.46485
1.46961
1.46571
1.45411
1.43635
1.41486
1.39303
1.37461
1.36257
1.35816
1.36048
1.36735
1.37672
1.38773
1.40059
1.41566
1.4322
1.44769
1.45831
1.46021
1.45087
1.42956
1.398
1.36119
1.3279
1.30831
1.30862
1.32651
1.35212
1.37303
1.37885
1.36394
1.32867
1.27958
1.22823
1.18805
1.16895
1.17243
1.19183
1.21758
1.24278
1.26574
1.28865
1.31435
1.34311
1.37105
1.39144
1.39858
1.39127
1.37347
1.353
1.33897
1.3385
1.35359
1.38072
1.41384
1.44798
1.48064
1.51104
1.53874
1.56293
1.5825
1.59609
1.60214
1.5989
1.58415
1.5556
1.5118
1.45366
1.38573
1.31625
1.25517
1.21096
1.18808
1.18672
1.20393
1.23532
1.27582
1.31961
1.35993
1.39038
1.40669
1.40793
1.39633
1.37599
1.35143
1.32683
1.30546
1.28948
1.27947
1.27445
1.2724
1.27129
1.26985
1.26786
1.26606
1.26722
1.27597
1.29601
1.32713
1.36578
1.4074
1.44732
1.481
1.50387
1.512
1.50325
1.47853
1.44235
1.4021
1.36617
1.34136
1.33071
1.33316
1.34506
1.3622
1.38094
1.39806
1.41026
1.41464
1.40962
1.39615
1.37783
1.36002
1.34798
1.34485
1.35004
1.35962
1.36802
1.37011
1.36305
1.34743
1.32738
1.30935
1.29975
1.30209
1.31552
1.33508
1.35398
1.36682
1.37237
1.3736
1.37423
1.37488
1.37258
1.3639
1.34773
1.32609
1.30312
1.28326
1.26997
1.26521
1.26949
1.28209
1.30208
1.32851
1.35967
1.39255
1.4235
1.44955
1.46926
1.48256
1.49005
1.49257
1.49073
1.4847
1.47416
1.45854
1.43808
1.41472
1.3918
1.37269
1.35882
1.34941
1.34238
1.33519
1.32542
1.31124
1.29229
1.27058
1.2507
1.23822
1.23735
1.24877
1.26964
1.29563
1.32324
1.35086
1.3784
1.40584
1.43188
1.45373
1.46764
1.47023
1.45969
1.43611
1.40151
1.35999
1.31749
1.28031
1.25262
1.23521
1.22704
1.22759
1.23751
1.25748
1.28685
1.323
1.36106
1.39467
1.41789
1.42763
1.42503
1.41554
1.40694
1.40531
1.41175
1.42288
1.43392
1.44096
1.44157
1.43546
1.42455
1.41238
1.40219
1.39534
1.39132
1.3891
1.38802
1.38696
1.38366
1.37613
1.36489
1.35322
1.34561
1.34572
1.35501
1.37182
1.39207
1.41104
1.42463
1.42958
1.42437
1.41054
1.39256
1.37557
1.36284
1.35466
1.34954
1.34673
1.34706
1.35263
1.36524
1.38508
1.40969
1.43443
1.45397
1.46439
1.46431
1.4548
1.43858
1.41896
1.39895
1.38026
1.36304
1.3464
1.33006
1.3153
1.30427
1.29776
1.2936
1.28754
1.27623
1.26001
1.24337
1.23223
1.23001
1.23584
1.2452
1.25205
1.25099
1.23893
1.21704
1.19176
1.17284
1.16839
1.18091
1.20836
1.2476
1.2956
1.34822
1.39954
1.44376
1.47678
1.49639
1.50156
1.49294
1.47448
1.45327
1.43482
1.41859
1.4005
1.37905
1.35712
1.33951
1.33008
1.33132
1.34407
1.36691
1.39662
1.4298
1.46421
1.49858
1.53132
1.55934
1.57791
1.58157
1.56572
1.52837
1.47188
1.40416
1.33872
1.29098
1.27091
1.27751
1.30078
1.3284
1.35095
1.36368
1.36564
1.35867
1.34651
1.33383
1.32458
1.32056
1.32133
1.32504
1.32945
1.33296
1.33462
1.33359
1.32822
1.31606
1.29561
1.26855
1.24048
1.21913
1.21068
1.21658
1.23332
1.25509
1.2773
1.29859
1.32066
1.34646
1.37715
1.41002
1.43976
1.46197
1.4755
1.48179
1.48294
1.48027
1.47414
1.46467
1.45249
1.43883
1.42516
1.41257
1.40111
1.38926
1.37398
1.35255
1.32531
1.29714
1.2758
1.2677
1.27482
1.2947
1.32264
1.3537
1.38376
1.40961
1.42873
1.43893
1.43852
1.4271
1.40738
1.3869
1.37488
1.37403
1.37818
1.3793
1.37282
1.35748
1.33416
1.30534
1.2746
1.24676
1.22988
1.23525
1.26813
1.31798
1.36646
1.40164
1.4209
1.42686
1.42393
1.41676
1.40924
1.40319
1.39737
1.38813
1.37192
1.34818
1.32017
1.2931
1.2719
1.26002
1.25933
1.26959
1.28785
1.3091
1.32851
1.344
1.35673
1.36925
1.38308
1.39764
1.41122
1.42207
1.42944
1.43392
1.43677
1.439
1.44069
1.44101
1.43836
1.43079
1.41638
1.39414
1.36516
1.33348
1.30502
1.28571
1.27956
1.28759
1.30746
1.33376
1.35969
1.37927
1.3887
1.38613
1.37107
1.34492
1.31249
1.28257
1.26558
1.26816
1.2892
1.32222
1.36023
1.39829
1.43377
1.46532
1.49154
1.50973
1.51627
1.5081
1.48463
1.44872
1.40635
1.36541
1.33353
1.31592
1.31393
1.32487
1.34322
1.36294
1.37935
1.38954
1.39179
1.38547
1.37213
1.35571
1.34118
1.33201
1.32875
1.3297
1.33268
1.33724
1.34564
1.36078
1.3821
1.40438
1.42109
1.42801
1.42404
1.41038
1.38936
1.36381
1.3368
1.31169
1.29197
1.28046
1.27814
1.28299
1.29049
1.29582
1.29655
1.29378
1.29042
1.28836
1.28785
1.28991
1.29741
1.31278
1.33604
1.36562
1.39984
1.43715
1.47546
1.51156
1.54157
1.5613
1.56688
1.55548
1.52671
1.48384
1.43367
1.38431
1.34264
1.31337
1.29831
1.29577
1.30137
1.31041
1.31995
1.3292
1.33863
1.34878
1.3592
1.36786
1.37134
1.36553
1.34725
1.3165
1.2787
1.24491
1.22843
1.23812
1.27335
1.32375
1.3748
1.41472
1.43778
1.44374
1.43543
1.41668
1.39087
1.36082
1.32907
1.29832
1.27148
1.25229
1.24644
1.26023
1.29588
1.34793
1.40469
1.453
1.48281
1.48936
1.47346
1.4403
1.39798
1.35624
1.32422
1.30821
1.31027
1.32847
1.35865
1.39652
1.43842
1.48077
1.51922
1.54883
1.565
1.56449
1.54629
1.51225
1.46794
1.42236
1.38547
1.36348
1.35569
1.35642
1.35928
1.35944
1.354
1.34236
1.32663
1.31122
1.3013
1.30051
1.30923
1.32487
1.34326
1.35984
1.37073
1.37366
1.36891
1.35937
1.34972
1.34434
1.34531
1.3519
1.36151
1.3707
1.37586
1.3741
1.36484
1.35173
1.34207
1.34052
1.34424
1.34719
1.34642
1.34263
1.33753
1.33258
1.32838
1.32488
1.32169
1.31872
1.31643
1.31535
1.31468
1.31245
1.30772
1.30342
1.30637
1.32258
1.35206
1.38938
1.42786
1.46181
1.48678
1.49958
1.49892
1.48559
1.46213
1.43168
1.39705
1.36064
1.32537
1.29538
1.27573
1.27052
1.28086
1.30396
1.33424
1.36468
1.38818
1.39894
1.39381
1.37363
1.34359
1.31232
1.28899
1.27956
1.28503
1.30247
1.32664
1.35144
1.37183
1.38655
1.39919
1.41513
1.43674
1.46252
1.49002
1.51771
1.54429
1.5681
1.5868
1.59752
1.5973
1.58361
1.55513
1.51189
1.45581
1.39139
1.32615
1.27022
1.23416
1.22528
1.24444
1.28602
1.34023
1.39615
1.44387
1.47607
1.4887
1.48144
1.45814
1.42613
1.39286
1.36242
1.33554
1.3123
1.29352
1.27996
1.27176
1.26889
1.27195
1.28171
1.29828
1.32162
1.35112
1.38357
1.41212
1.42927
1.43142
1.42054
1.40188
1.37972
1.35532
1.32796
1.29743
1.26584
1.23789
1.21995
1.21808
1.23553
1.27043
1.31573
1.36151
1.39842
1.42078
1.42767
1.42182
1.40758
1.38939
1.37151
1.35825
1.35342
1.35882
1.37352
1.39419
1.41678
1.4385
1.45851
1.4772
1.49484
1.51032
1.52126
1.52484
1.51858
1.50107
1.47274
1.43648
1.39725
1.36036
1.32973
1.30682
1.2912
1.2815
1.27679
1.27716
1.28295
1.2935
1.30631
1.31787
1.3253
1.32743
1.32524
1.32137
1.31859
1.31857
1.32153
1.32714
1.33549
1.34688
1.36062
1.37438
1.38536
1.39219
1.39642
1.40118
1.4087
1.41904
1.43102
1.44323
1.45426
1.46285
1.46792
1.46813
1.46144
1.44576
1.42063
1.38927
1.35888
1.33779
1.33076
1.33618
1.34767
1.35817
1.36318
1.36186
1.35656
1.35209
1.35378
1.36473
1.38411
1.40707
1.42645
1.43609
1.43309
1.41823
1.39488
1.36778
1.34166
1.32018
1.30519
1.29689
1.29496
1.29992
1.31284
1.3339
1.36115
1.39086
1.41856
1.44042
1.45372
1.45732
1.45158
1.43794
1.41849
1.39552
1.37081
1.3452
1.31852
1.29037
1.26097
1.23164
1.2045
1.18166
1.16479
1.1553
1.15453
1.16326
1.18061
1.20348
1.22731
1.24756
1.261
1.26642
1.26468
1.25823
1.25045
1.24466
1.24342
1.24826
1.25999
1.27834
1.30184
1.32779
1.35272
1.37331
1.38724
1.39363
1.39337
1.38947
1.38654
1.38916
1.39932
1.41553
1.43421
1.45193
1.46681
1.47891
1.48944
1.49929
1.50785
1.51284
1.51182
1.50346
1.4877
1.46555
1.43885
1.41025
1.38215
1.35602
1.33298
1.31482
1.30354
1.30047
1.30529
1.31577
1.32858
1.34055
1.34939
1.35378
1.35387
1.35154
1.35014
1.35294
1.36086
1.37239
1.38526
1.39785
1.40882
1.41621
1.41796
1.41366
1.40548
1.39755
1.39396
1.39674
1.40462
1.413
1.41645
1.41111
1.39643
1.37456
1.34956
1.32639
1.30944
1.30153
1.30354
1.31435
1.33063
1.34701
1.35717
1.35601
1.34209
1.31933
1.29605
1.28054
1.2761
1.2801
1.28708
1.29328
1.29836
1.30424
1.31295
1.32527
1.34024
1.35566
1.36922
1.38002
1.38925
1.39909
1.41105
1.42458
1.43718
1.44581
1.44824
1.44337
1.4312
1.41364
1.39521
1.38193
1.3786
1.3865
1.40295
1.42285
1.44091
1.45326
1.4581
1.45485
1.44328
1.4235
1.39682
1.36643
1.33692
1.31328
1.29927
1.29595
1.30145
1.31294
1.32936
1.35162
1.38017
1.41228
1.44265
1.46622
1.47983
1.48182
1.4711
1.44747
1.41283
1.37156
1.33007
1.29553
1.27419
1.26986
1.28316
1.31189
1.3516
1.39611
1.43807
1.47026
1.48742
1.48764
1.47214
1.44413
1.40776
1.36747
1.32791
1.29381
1.26955
1.25803
1.25903
1.26829
1.27872
1.28376
1.28066
1.27123
1.25989
1.25136
1.24923
1.25565
1.27162
1.29673
1.3286
1.36331
1.39625
1.42314
1.44059
1.44657
1.44083
1.42554
1.40575
1.38942
1.38541
1.40007
1.43346
1.47868
1.52502
1.56207
1.58201
1.58013
1.5549
1.50854
1.44812
1.38469
1.32943
1.2882
1.25993
1.23962
1.22231
1.20504
1.18743
1.17154
1.16123
1.16095
1.17409
1.20156
1.24105
1.28766
1.33516
1.37834
1.41476
1.44466
1.46896
1.48698
1.4964
1.49547
1.48467
1.46666
1.44503
1.42288
1.40236
1.38498
1.37189
1.3634
1.35834
1.35471
1.3512
1.34824
1.34786
1.3522
1.36169
1.37392
1.3841
1.38675
1.37768
1.3553
1.32123
1.28045
1.24032
1.20837
1.18975
1.18601
1.19537
1.21434
1.2391
1.2661
1.29212
1.31479
1.33314
1.34786
1.36047
1.37241
1.38407
1.39457
1.40201
1.40404
1.39868
1.38541
1.3658
1.34351
1.32329
1.30953
1.30476
1.30873
1.31898
1.33261
1.34766
1.36354
1.38
1.39539
1.4062
1.40827
1.39863
1.37703
1.3466
1.31332
1.28423
1.26526
1.25945
1.26632
1.28229
1.30198
1.31985
1.33192
1.33671
1.33498
1.32872
1.32033
1.31247
1.30822
1.31057
1.32091
1.33746
1.35566
1.37014
1.37741
1.3769
1.37081
1.36367
1.36124
1.36869
1.38797
1.41597
1.44591
1.47048
1.48457
1.486
1.47515
1.45438
1.42722
1.39767
1.36946
1.34572
1.32901
1.32082
1.32072
1.32563
1.33106
1.33389
1.33479
1.33802
1.34887
1.37043
1.40106
1.43464
1.46341
1.48149
1.48671
1.48053
1.46655
1.44882
1.43039
1.41317
1.39853
1.38741
1.37986
1.37496
1.37145
1.36832
1.36529
1.36257
1.36
1.35649
1.35045
1.34109
1.32925
1.31698
1.3065
1.30002
1.29975
1.30617
1.31619
1.32444
1.32679
1.32293
1.3174
1.32
1.34206
1.38452
1.4323
1.4671
1.4795
1.46946
1.44234
1.4062
1.37032
1.34334
1.33117
1.33539
1.35267
1.37582
1.39662
1.40819
1.40631
1.39002
1.36102
1.32259
1.27883
1.23509
1.19922
1.18104
1.18751
1.21683
1.25873
1.3009
1.3349
1.35799
1.37257
1.38469
1.40131
1.42498
1.45055
1.46852
1.47225
1.46195
1.44404
1.42645
1.41416
1.40832
1.40809
1.41252
1.42045
1.42986
1.43784
1.44153
1.4394
1.43154
1.41899
1.40303
1.38528
1.36809
1.35499
1.35023
1.35681
1.37446
1.39866
1.42147
1.43413
1.42998
1.40824
1.37611
1.34618
1.32906
1.32664
1.33241
1.33739
1.33552
1.32575
1.31124
1.29706
1.28789
1.28654
1.2932
1.30535
1.3189
1.32999
1.33646
1.33783
1.33493
1.32925
1.32254
1.31654
1.31264
1.31176
1.31461
1.32162
1.33223
1.34493
1.35817
1.37136
1.38513
1.40022
1.416
1.43004
1.43896
1.44035
1.43355
1.41974
1.40109
1.38
1.35859
1.33896
1.32396
1.3158
1.31371
1.31405
1.31417
1.31473
1.31888
1.32997
1.34968
1.37708
1.40858
1.43887
1.46278
1.47723
1.48205
1.47914
1.4718
1.46511
1.46437
1.47086
1.4798
1.48363
1.47675
1.45724
1.42576
1.38404
1.33596
1.29433
1.28257
1.31101
1.36044
1.40735
1.44223
1.46414
1.47378
1.47164
1.4584
1.43553
1.40615
1.37507
1.34748
1.32668
1.31307
1.30553
1.30409
1.31017
1.32308
1.33778
1.34795
1.3501
1.34454
1.33411
1.32347
1.3183
1.32335
1.33988
1.36472
1.39253
1.41845
1.43934
1.45353
1.46055
1.46115
1.45702
1.44979
1.4399
1.42673
1.41024
1.39209
1.37484
1.36027
1.34874
1.34016
1.33502
1.33423
1.33776
1.34362
1.34829
1.34869
1.34383
1.33531
1.32695
1.32336
1.32789
1.3406
1.35745
1.37182
1.37747
1.37165
1.35612
1.33601
1.31755
1.30589
1.30338
1.30968
1.32266
1.3397
1.35863
1.3778
1.39598
1.41229
1.42649
1.43864
1.44831
1.45403
1.45385
1.44627
1.43127
1.41098
1.38958
1.37219
1.3629
1.36239
1.36736
1.37247
1.37288
1.36576
1.35088
1.33015
1.30685
1.28443
1.2658
1.25312
1.24763
1.24971
1.25896
1.27414
1.29294
1.31125
1.32336
1.32414
1.31244
1.29373
1.27913
1.27956
1.29931
1.33529
1.38085
1.42921
1.47483
1.51354
1.54229
1.55915
1.56334
1.55589
1.5398
1.51923
1.49793
1.47776
1.45892
1.44133
1.42584
1.41443
1.40924
1.41101
1.41795
1.42597
1.42927
1.42198
1.4007
1.36741
1.32964
1.29764
1.28003
1.28036
1.29595
1.31971
1.34344
1.36092
1.36939
1.36909
1.36176
1.34958
1.33528
1.32248
1.31556
1.31834
1.33245
1.35676
1.38766
1.41993
1.44794
1.46668
1.47243
1.46304
1.43801
1.3985
1.34789
1.2929
1.24422
1.21403
1.21028
1.23201
1.2701
1.31228
1.34813
1.37172
1.38241
1.38413
1.38341
1.38616
1.3951
1.40971
1.42764
1.44576
1.46046
1.46807
1.46609
1.45401
1.43321
1.40674
1.37935
1.35654
1.34233
1.33692
1.33703
1.33815
1.33674
1.33136
1.3228
1.31362
1.30705
1.30592
1.31217
1.32726
1.35152
1.38246
1.41516
1.44506
1.46926
1.48578
1.49261
1.48786
1.47032
1.43986
1.39801
1.3491
1.30204
1.26934
1.26093
1.27626
1.30602
1.34051
1.37341
1.40113
1.42196
1.43531
1.44079
1.43807
1.42812
1.41432
1.40109
1.39123
1.38456
1.37865
1.37071
1.35928
1.34509
1.33051
1.31834
1.31178
1.31419
1.32702
1.34746
1.36946
1.38659
1.39387
1.38846
1.36982
1.33986
1.30279
1.26526
1.23549
1.22184
1.23037
1.26206
1.31157
1.3685
1.42055
1.45683
1.47052
1.46044
1.43105
1.39071
1.34914
1.31462
1.29208
1.28305
1.28678
1.30177
1.32692
1.36084
1.40042
1.44058
1.47605
1.5027
1.51773
1.51918
1.50583
1.47816
1.43895
1.39334
1.34771
1.30871
1.28204
1.2715
1.2782
1.29949
1.32942
1.36095
1.38831
1.40727
1.41469
1.40939
1.39292
1.36948
1.34452
1.32264
1.30716
1.30007
1.30184
1.31102
1.3248
1.34117
1.36092
1.38663
1.41856
1.45199
1.47915
1.4935
1.49253
1.47808
1.45458
1.42695
1.39931
1.3747
1.35553
1.34349
1.3389
1.34016
1.34443
1.34906
1.35295
1.35668
1.36103
1.36581
1.37054
1.37603
1.38364
1.39376
1.40514
1.4157
1.42335
1.42625
1.42325
1.41478
1.40335
1.39331
1.38886
1.39191
1.40061
1.41059
1.41766
1.41976
1.41691
1.41018
1.40021
1.38699
1.37069
1.35267
1.33517
1.3204
1.30907
1.29995
1.29051
1.27854
1.26338
1.24616
1.22924
1.21544
1.20767
1.20835
1.21851
1.23728
1.26286
1.29381
1.32918
1.36735
1.40513
1.438
1.46092
1.46911
1.45921
1.43113
1.3896
1.34361
1.30371
1.27806
1.27038
1.28096
1.30777
1.34636
1.38985
1.43078
1.46382
1.48662
1.49888
1.50117
1.49415
1.47851
1.45496
1.42457
1.38952
1.35388
1.32363
1.30458
1.29852
1.30143
1.30647
1.30842
1.30577
1.3
1.29459
1.29394
1.30149
1.31683
1.33496
1.34863
1.35213
1.34346
1.32485
1.30185
1.28168
1.27081
1.2724
1.28494
1.30333
1.3215
1.33499
1.34255
1.34625
1.35019
1.35871
1.37448
1.39706
1.4227
1.44558
1.46019
1.46382
1.45745
1.44455
1.42879
1.41215
1.3956
1.38135
1.37367
1.37705
1.3925
1.41549
1.4383
1.4546
1.46135
1.45771
1.44408
1.42307
1.40015
1.38172
1.37165
1.3697
1.37228
1.37472
1.37296
1.36469
1.34971
1.33044
1.31161
1.2993
1.29891
1.31257
1.33737
1.36648
1.3918
1.40738
1.41255
1.41287
1.41544
1.42248
1.43016
1.43308
1.42858
1.41799
1.40555
1.396
1.39203
1.39259
1.39371
1.39091
1.38128
1.3645
1.34301
1.3216
1.30634
1.30206
1.3101
1.32777
1.34965
1.36994
1.38452
1.3917
1.39186
1.3861
1.37508
1.35887
1.33813
1.31517
1.29384
1.27762
1.26778
1.26375
1.26515
1.2726
1.28682
1.30647
1.32704
1.3433
1.35388
1.36306
1.3767
1.3968
1.42046
1.44268
1.45898
1.46585
1.46101
1.44406
1.41725
1.38526
1.35424
1.32971
1.31438
1.30765
1.30725
1.31138
1.31966
1.33211
1.34791
1.36494
1.38004
1.39009
1.39354
1.39228
1.39141
1.39584
1.40611
1.41779
1.42531
1.42587
1.42066
1.41311
1.40645
1.40239
1.40102
1.40139
1.40202
1.40147
1.39831
1.39159
1.38108
1.36772
1.35354
1.34103
1.33244
1.32933
1.33216
1.3399
1.35017
1.36042
1.36913
1.37621
1.38216
1.38709
1.39025
1.39069
1.38765
1.38107
1.37204
1.36302
1.35734
1.35749
1.36335
1.37213
1.38004
1.38454
1.3854
1.38353
1.37844
1.36739
1.34716
1.31711
1.2808
1.24437
1.2141
1.19454
1.18839
1.19671
1.21861
1.25068
1.28812
1.32724
1.36735
1.40983
1.45499
1.49974
1.53818
1.56442
1.57565
1.57296
1.56043
1.54346
1.52669
1.51267
1.50178
1.49265
1.48256
1.46818
1.44718
1.41953
1.38746
1.35452
1.32442
1.30036
1.28473
1.27904
1.28333
1.29563
1.31166
1.32613
1.33509
1.33784
1.33698
1.337
1.34193
1.35349
1.37024
1.38811
1.40188
1.40705
1.40124
1.38491
1.36081
1.33329
1.30807
1.29116
1.28686
1.29594
1.31553
1.34049
1.36469
1.38293
1.39331
1.39785
1.39973
1.40024
1.39894
1.39562
1.39159
1.38926
1.39023
1.39379
1.39685
1.39599
1.38945
1.37789
1.3639
1.35059
1.3395
1.33018
1.32148
1.3129
1.30473
1.29774
1.29326
1.29352
1.30106
1.31687
1.33875
1.36136
1.37801
1.38291
1.37358
1.35238
1.32626
1.30368
1.29044
1.28827
1.29653
1.31392
1.33887
1.369
1.40055
1.42835
1.44712
1.45335
1.44643
1.42859
1.40321
1.3733
1.34108
1.30925
1.28226
1.26568
1.26317
1.27406
1.29401
1.31743
1.3388
1.35424
1.36278
1.3665
1.3688
1.37206
1.37617
1.3792
1.37898
1.37364
1.36185
1.34335
1.32013
1.29724
1.28103
1.27597
1.28279
1.30003
1.32602
1.35853
1.39316
1.42295
1.4409
1.44285
1.42869
1.40172
1.36702
1.33069
1.29929
1.27885
1.27342
1.28448
1.311
1.34959
1.39422
1.43688
1.46988
1.48798
1.48905
1.47382
1.44549
1.40964
1.37375
1.34536
1.32889
1.32371
1.32489
1.32635
1.32389
1.31654
1.30606
1.29554
1.28795
1.28476
1.28551
1.28838
1.29126
1.29269
1.29233
1.29096
1.29019
1.29162
1.29598
1.30374
1.31665
1.33801
1.36834
1.40157
1.42848
1.44343
1.44649
1.44139
1.43268
1.4238
1.41637
1.41063
1.40612
1.40232
1.39924
1.39757
1.39782
1.39982
1.40279
1.40607
1.40973
1.4145
1.42117
1.42955
1.43829
1.44498
1.44663
1.44024
1.42343
1.39573
1.36012
1.32389
1.2966
1.28445
1.28609
1.29534
1.30674
1.31668
1.32199
1.32067
1.31418
1.30789
1.30859
1.32067
1.34361
1.37224
1.39939
1.4188
1.42641
1.42075
1.40319
1.37859
1.35511
1.34194
1.34457
1.36178
1.38753
1.41472
1.43767
1.45237
1.45661
1.45005
1.43391
1.41033
1.3814
1.34898
1.31556
1.28589
1.26702
1.26517
1.28085
1.30728
1.3346
1.35564
1.36878
1.37644
1.38187
1.38686
1.39179
1.39665
1.40138
1.40559
1.40832
1.408
1.40335
1.39424
1.38216
1.36945
1.35774
1.34777
1.34059
1.33783
1.33976
1.34384
1.34618
1.34544
1.34554
1.35384
1.37516
1.40747
1.44289
1.4718
1.4866
1.48392
1.46551
1.43778
1.4088
1.38348
1.36162
1.34122
1.32237
1.30836
1.3036
1.3108
1.32955
1.35681
1.38812
1.41849
1.4429
1.45717
1.45952
1.45139
1.43664
1.41968
1.40374
1.39064
1.38139
1.37616
1.37372
1.37128
1.36567
1.35553
1.34229
1.3293
1.32014
1.31728
1.32169
1.33277
1.34823
1.36422
1.37648
1.38228
1.38144
1.37537
1.36466
1.34803
1.32415
1.29486
1.26676
1.24922
1.24981
1.27088
1.30872
1.35461
1.39752
1.42793
1.44077
1.4361
1.41805
1.39293
1.36717
1.3454
1.32944
1.3187
1.31205
1.30938
1.31115
1.31615
1.32038
1.3193
1.31158
1.30094
1.29389
1.29615
1.31092
1.33903
1.37881
1.42562
1.47251
1.51246
1.54013
1.55203
1.54616
1.52218
1.48249
1.43287
1.38191
1.33814
1.307
1.28938
1.28247
1.28227
1.2864
1.29473
1.30778
1.32521
1.34566
1.36723
1.38767
1.40436
1.41526
1.41997
1.42022
1.41886
1.41795
1.41724
1.41432
1.40561
1.38805
1.36059
1.32547
1.28807
1.25608
1.23779
1.23901
1.25864
1.28765
1.31428
1.33066
1.33598
1.33538
1.33645
1.34498
1.36266
1.38758
1.41597
1.4436
1.46683
1.48339
1.49274
1.49544
1.49205
1.48285
1.46799
1.44795
1.42354
1.39551
1.36462
1.33213
1.30019
1.27168
1.24952
1.23596
1.23217
1.2378
1.25104
1.26908
1.28891
1.30787
1.32397
1.33644
1.34617
1.35518
1.36488
1.37435
1.38045
1.37982
1.3715
1.35829
1.34566
1.33787
1.33456
1.3316
1.32589
1.31849
1.31406
1.31887
1.3391
1.3767
1.42574
1.47504
1.51387
1.53503
1.53543
1.51635
1.48423
1.44951
1.42247
1.40843
1.4069
1.414
1.42478
1.43411
1.43736
1.43177
1.41784
1.39891
1.37931
1.36287
1.35282
1.35104
1.35528
1.359
1.35713
1.35027
1.34255
1.33766
1.3373
1.34114
1.34653
1.34969
1.34847
1.34451
1.34252
1.34715
1.35953
1.37709
1.39649
1.41655
1.43796
1.46044
1.48129
1.49667
1.50391
1.50233
1.49224
1.47384
1.44696
1.41176
1.36963
1.32354
1.27874
1.24285
1.22221
1.21663
1.22142
1.23404
1.25542
1.28616
1.32346
1.36114
1.39187
1.40975
1.41166
1.39766
1.37059
1.33556
1.29948
1.2701
1.25388
1.254
1.27076
1.30297
1.34796
1.40084
1.45519
1.50439
1.54334
1.56948
1.58292
1.58558
1.57955
1.56565
1.54356
1.51294
1.47434
1.42943
1.38062
1.3306
1.28255
1.24027
1.20813
1.18992
1.18704
1.19794
1.22004
1.25112
1.28792
1.32434
1.35282
1.36831
1.37152
1.36939
1.37204
1.38644
1.41165
1.44021
1.46397
1.47834
1.48307
1.48065
1.47411
1.46511
1.45348
1.43832
1.41967
1.39983
1.38255
1.37063
1.36394
1.36017
1.35738
1.35514
1.35388
1.35385
1.35443
1.35412
1.35068
1.34209
1.32767
1.30904
1.28973
1.27318
1.26033
1.24992
1.24085
1.2338
1.23084
1.23417
1.24553
1.26576
1.29455
1.33042
1.37037
1.40953
1.44139
1.45964
1.46081
1.44612
1.42102
1.39289
1.36789
1.34903
1.33672
1.32982
1.32594
1.32154
1.31326
1.30026
1.28627
1.27954
1.28876
1.31611
1.35496
1.39502
1.42853
1.45181
1.46426
1.46679
1.46085
1.44814
1.43083
