-4.35552
-4.39042
-4.42094
-4.44248
-4.45662
-4.46634
-4.47341
-4.47928
-4.48111
-4.48104
-4.48018
-4.48305
-4.49378
-4.50974
-4.52861
-4.54474
-4.5539
-4.55674
-4.55081
-4.53529
-4.51281
-4.48656
-4.45669
-4.42919
-4.40917
-4.39715
-4.38988
-4.38662
-4.38523
-4.38458
-4.38038
-4.37641
-4.37668
-4.38706
-4.40529
-4.42766
-4.4465
-4.45679
-4.45336
-4.44128
-4.42055
-4.39976
-4.3826
-4.37232
-4.37362
-4.39078
-4.41948
-4.45045
-4.47236
-4.48174
-4.48025
-4.46823
-4.45338
-4.43554
-4.41441
-4.39577
-4.38046
-4.36926
-4.36105
-4.35528
-4.35383
-4.3638
-4.3854
-4.41835
-4.45637
-4.49364
-4.52353
-4.54179
-4.54682
-4.54249
-4.53133
-4.51497
-4.49452
-4.47066
-4.44676
-4.42328
-4.40509
-4.39074
-4.38369
-4.38559
-4.40234
-4.43451
-4.47344
-4.50813
-4.53346
-4.54494
-4.55145
-4.553
-4.55495
-4.55994
-4.56966
-4.58342
-4.59692
-4.60371
-4.59826
-4.57519
-4.5341
-4.47698
-4.41105
-4.34835
-4.30133
-4.27279
-4.26033
-4.26335
-4.28165
-4.31593
-4.35316
-4.37655
-4.38206
-4.3729
-4.36039
-4.36092
-4.38645
-4.44071
-4.51812
-4.6082
-4.69229
-4.75795
-4.79361
-4.79509
-4.76323
-4.70702
-4.65159
-4.62167
-4.61252
-4.60341
-4.5792
-4.53906
-4.49159
-4.44527
-4.41284
-4.40632
-4.42342
-4.44921
-4.46931
-4.47805
-4.47725
-4.46943
-4.45975
-4.4496
-4.44198
-4.43779
-4.44434
-4.46073
-4.48686
-4.51615
-4.5415
-4.55278
-4.54653
-4.51596
-4.46435
-4.39905
-4.33916
-4.29886
-4.28004
-4.27937
-4.29272
-4.32043
-4.36231
-4.41301
-4.46063
-4.48867
-4.49357
-4.4757
-4.44351
-4.40169
-4.35843
-4.3241
-4.31396
-4.34055
-4.40166
-4.48265
-4.56534
-4.63855
-4.69695
-4.7329
-4.74023
-4.71412
-4.65517
-4.57055
-4.47761
-4.40012
-4.35699
-4.35261
-4.37539
-4.41041
-4.44306
-4.47087
-4.49747
-4.52784
-4.56059
-4.59388
-4.62191
-4.64302
-4.65577
-4.6569
-4.64511
-4.61938
-4.58303
-4.54232
-4.50828
-4.48513
-4.46834
-4.45235
-4.43479
-4.41648
-4.40805
-4.41617
-4.4445
-4.48503
-4.52979
-4.5707
-4.60134
-4.61796
-4.62255
-4.61327
-4.59148
-4.55674
-4.5133
-4.47239
-4.43987
-4.41765
-4.39877
-4.37223
-4.34022
-4.32222
-4.34088
-4.38531
-4.42948
-4.45856
-4.47278
-4.48146
-4.49044
-4.50707
-4.52947
-4.55318
-4.56821
-4.56878
-4.55331
-4.53191
-4.5145
-4.50628
-4.50791
-4.51463
-4.52351
-4.53126
-4.54164
-4.5552
-4.56746
-4.57643
-4.57911
-4.5708
-4.55175
-4.52181
-4.4883
-4.46442
-4.4606
-4.4737
-4.48918
-4.49536
-4.48864
-4.46925
-4.44271
-4.41695
-4.39654
-4.38583
-4.38662
-4.39429
-4.40622
-4.41987
-4.43164
-4.43769
-4.43687
-4.42795
-4.40988
-4.3845
-4.359
-4.33242
-4.31408
-4.30273
-4.29882
-4.30094
-4.30988
-4.32534
-4.3492
-4.37971
-4.41251
-4.43819
-4.45299
-4.45353
-4.44221
-4.42033
-4.39416
-4.37182
-4.35775
-4.35518
-4.36304
-4.37788
-4.40606
-4.45122
-4.51136
-4.576
-4.63309
-4.68084
-4.7111
-4.71996
-4.705
-4.66817
-4.62017
-4.57238
-4.53571
-4.51528
-4.51016
-4.51372
-4.51863
-4.52069
-4.52151
-4.52588
-4.53476
-4.54488
-4.54823
-4.53843
-4.51587
-4.4845
-4.44938
-4.41877
-4.39714
-4.38212
-4.37418
-4.36547
-4.35667
-4.33964
-4.30914
-4.26555
-4.21057
-4.15262
-4.10402
-4.07577
-4.07513
-4.10354
-4.15411
-4.21936
-4.29566
-4.37917
-4.46984
-4.56006
-4.63943
-4.70477
-4.75741
-4.80003
-4.83773
-4.87173
-4.90557
-4.92759
-4.93205
-4.91222
-4.86654
-4.79579
-4.70814
-4.61429
-4.53117
-4.47457
-4.448
-4.44497
-4.45175
-4.46011
-4.46575
-4.47063
-4.47001
-4.46841
-4.46379
-4.46009
-4.45551
-4.44782
-4.44006
-4.43693
-4.44068
-4.45356
-4.46581
-4.47118
-4.46846
-4.45751
-4.44115
-4.42119
-4.39857
-4.37364
-4.35077
-4.3306
-4.31564
-4.30397
-4.29725
-4.2913
-4.28776
-4.28856
-4.2981
-4.32059
-4.35342
-4.38966
-4.4298
-4.46839
-4.50836
-4.54668
-4.58266
-4.61422
-4.63577
-4.64415
-4.64244
-4.63637
-4.62931
-4.62637
-4.62795
-4.63449
-4.64343
-4.64867
-4.6428
-4.62385
-4.59382
-4.55939
-4.53335
-4.52443
-4.53287
-4.54472
-4.54808
-4.54171
-4.53321
-4.52835
-4.53183
-4.53328
-4.52974
-4.5183
-4.50539
-4.49213
-4.48305
-4.48197
-4.4922
-4.51845
-4.56029
-4.61034
-4.65558
-4.68583
-4.6933
-4.67362
-4.62817
-4.56554
-4.50359
-4.46399
-4.45503
-4.46864
-4.49309
-4.51608
-4.52817
-4.52416
-4.5113
-4.49923
-4.49134
-4.48565
-4.48618
-4.49658
-4.51271
-4.53348
-4.55243
-4.56058
-4.55798
-4.5464
-4.53027
-4.51265
-4.49407
-4.47615
-4.45777
-4.43598
-4.41959
-4.41514
-4.42661
-4.44984
-4.472
-4.4835
-4.47686
-4.45129
-4.41219
-4.37462
-4.35602
-4.36095
-4.38832
-4.43024
-4.47932
-4.533
-4.58095
-4.61665
-4.63169
-4.62442
-4.59701
-4.55496
-4.50243
-4.44571
-4.39323
-4.35124
-4.3264
-4.31851
-4.3285
-4.35561
-4.39515
-4.4465
-4.50439
-4.56005
-4.60489
-4.62916
-4.6309
-4.61317
-4.58356
-4.55118
-4.52379
-4.50088
-4.48122
-4.46673
-4.46279
-4.47362
-4.49256
-4.5125
-4.52364
-4.52181
-4.50777
-4.48792
-4.47001
-4.46395
-4.47366
-4.49678
-4.52458
-4.5478
-4.56165
-4.56373
-4.55355
-4.52805
-4.49323
-4.4517
-4.40652
-4.36307
-4.327
-4.30815
-4.31814
-4.36354
-4.43746
-4.52265
-4.59873
-4.6525
-4.67861
-4.67695
-4.65115
-4.61473
-4.57441
-4.53873
-4.51514
-4.50024
-4.49272
-4.48959
-4.48884
-4.48889
-4.48648
-4.47933
-4.46451
-4.45206
-4.44533
-4.45125
-4.4667
-4.48996
-4.51172
-4.52997
-4.53851
-4.53727
-4.52516
-4.4994
-4.46288
-4.42306
-4.38681
-4.35731
-4.34233
-4.34554
-4.364
-4.3899
-4.41547
-4.4339
-4.44392
-4.44641
-4.44377
-4.43576
-4.42702
-4.41576
-4.40002
-4.37698
-4.34911
-4.32288
-4.30329
-4.29814
-4.30783
-4.33104
-4.36254
-4.39814
-4.43792
-4.48146
-4.53107
-4.58445
-4.63693
-4.68135
-4.70716
-4.71085
-4.69275
-4.65051
-4.58924
-4.5187
-4.4567
-4.42165
-4.42411
-4.45704
-4.50265
-4.54135
-4.56608
-4.57163
-4.55899
-4.53375
-4.50302
-4.47143
-4.44802
-4.43511
-4.43678
-4.44909
-4.46051
-4.46919
-4.48172
-4.5036
-4.53622
-4.57117
-4.60298
-4.62815
-4.64787
-4.65802
-4.65462
-4.63543
-4.60299
-4.55949
-4.5088
-4.45632
-4.41023
-4.38381
-4.3856
-4.41293
-4.45724
-4.50683
-4.55168
-4.58232
-4.59413
-4.58627
-4.56056
-4.52199
-4.47935
-4.43811
-4.40781
-4.38735
-4.37809
-4.37456
-4.37486
-4.38133
-4.39767
-4.42193
-4.4463
-4.46056
-4.46056
-4.44793
-4.42979
-4.41138
-4.39755
-4.39022
-4.38975
-4.39597
-4.4085
-4.42663
-4.44454
-4.45669
-4.45256
-4.42873
-4.38704
-4.33933
-4.30344
-4.29042
-4.29972
-4.32783
-4.36775
-4.41245
-4.45646
-4.49307
-4.51901
-4.53071
-4.52641
-4.50809
-4.4755
-4.43232
-4.38577
-4.34149
-4.31089
-4.30027
-4.31345
-4.346
-4.39251
-4.44665
-4.50404
-4.56242
-4.61097
-4.6473
-4.6673
-4.66946
-4.65768
-4.63376
-4.60226
-4.56805
-4.53475
-4.50402
-4.47639
-4.44583
-4.41119
-4.37391
-4.34264
-4.3239
-4.32067
-4.33015
-4.34695
-4.36794
-4.39053
-4.41713
-4.44337
-4.46825
-4.48658
-4.49161
-4.4824
-4.46359
-4.44324
-4.43004
-4.42318
-4.41881
-4.40974
-4.40041
-4.3932
-4.39637
-4.41265
-4.44077
-4.47595
-4.50782
-4.52825
-4.52703
-4.49838
-4.44893
-4.38812
-4.33282
-4.29965
-4.29069
-4.29818
-4.30782
-4.30892
-4.29977
-4.29686
-4.32123
-4.37574
-4.44286
-4.50366
-4.54268
-4.5525
-4.52816
-4.47834
-4.41304
-4.34875
-4.30721
-4.29501
-4.3075
-4.3262
-4.33417
-4.32626
-4.30447
-4.27975
-4.26398
-4.26525
-4.28465
-4.32188
-4.36771
-4.41352
-4.44982
-4.46953
-4.47137
-4.45892
-4.44085
-4.42556
-4.41838
-4.41699
-4.41848
-4.41819
-4.41553
-4.41534
-4.42334
-4.44024
-4.47412
-4.52652
-4.58963
-4.64199
-4.66262
-4.6452
-4.59499
-4.51825
-4.42937
-4.33647
-4.25211
-4.18546
-4.14951
-4.15108
-4.19387
-4.26597
-4.35308
-4.43833
-4.5099
-4.56702
-4.61246
-4.65197
-4.68256
-4.69739
-4.69033
-4.66497
-4.62723
-4.58294
-4.53556
-4.48863
-4.44741
-4.41938
-4.4054
-4.40275
-4.40799
-4.41656
-4.42473
-4.43384
-4.44373
-4.4543
-4.46787
-4.48179
-4.49133
-4.49524
-4.49156
-4.48026
-4.46725
-4.46051
-4.46167
-4.47279
-4.49156
-4.51389
-4.53643
-4.55826
-4.57844
-4.59342
-4.60173
-4.60187
-4.59251
-4.56967
-4.53252
-4.48362
-4.4296
-4.38046
-4.35001
-4.34457
-4.36238
-4.39552
-4.43368
-4.47027
-4.49394
-4.5033
-4.49827
-4.48163
-4.4595
-4.43544
-4.41268
-4.39339
-4.37952
-4.37424
-4.37763
-4.39316
-4.41617
-4.44336
-4.47086
-4.49727
-4.52191
-4.54573
-4.56593
-4.57751
-4.57702
-4.56565
-4.54937
-4.52928
-4.51633
-4.51401
-4.52359
-4.54912
-4.58023
-4.60363
-4.60871
-4.59567
-4.57469
-4.55676
-4.54851
-4.54731
-4.54779
-4.54558
-4.53695
-4.52399
-4.50944
-4.49693
-4.48482
-4.46989
-4.44693
-4.42108
-4.39423
-4.37515
-4.37374
-4.39319
-4.43188
-4.4818
-4.53042
-4.57364
-4.60616
-4.62687
-4.63665
-4.63947
-4.63863
-4.63523
-4.62955
-4.62274
-4.61438
-4.60227
-4.58101
-4.54901
-4.50901
-4.46769
-4.43708
-4.41814
-4.41355
-4.41744
-4.42517
-4.43844
-4.45887
-4.49049
-4.52459
-4.55156
-4.5606
-4.54783
-4.51703
-4.47775
-4.44104
-4.4148
-4.39793
-4.38293
-4.35856
-4.32359
-4.28354
-4.24155
-4.20882
-4.19196
-4.19188
-4.20684
-4.22636
-4.24514
-4.25962
-4.27
-4.28071
-4.28979
-4.30298
-4.31786
-4.33354
-4.34616
-4.35016
-4.34249
-4.32493
-4.30207
-4.28007
-4.27151
-4.28293
-4.3183
-4.37388
-4.44005
-4.50525
-4.56156
-4.6085
-4.64206
-4.66139
-4.66661
-4.66096
-4.64881
-4.64286
-4.65043
-4.67099
-4.69932
-4.72696
-4.74838
-4.75908
-4.75864
-4.75067
-4.74054
-4.73453
-4.73621
-4.7436
-4.7448
-4.72646
-4.68628
-4.62454
-4.54872
-4.46916
-4.3989
-4.34265
-4.30283
-4.27774
-4.26737
-4.2785
-4.32344
-4.38984
-4.44924
-4.47746
-4.46993
-4.44318
-4.42014
-4.41937
-4.44065
-4.47407
-4.50693
-4.53194
-4.54896
-4.56053
-4.56672
-4.57086
-4.57064
-4.56936
-4.5637
-4.55629
-4.54663
-4.54174
-4.54547
-4.5604
-4.58182
-4.60133
-4.6114
-4.60199
-4.57369
-4.5273
-4.46939
-4.40802
-4.35261
-4.31046
-4.28452
-4.27596
-4.28119
-4.29527
-4.31388
-4.33894
-4.3731
-4.41685
-4.4684
-4.51886
-4.56536
-4.60769
-4.64764
-4.68639
-4.71934
-4.74349
-4.75523
-4.75548
-4.74956
-4.74013
-4.72789
-4.71232
-4.68384
-4.63799
-4.58119
-4.53059
-4.50806
-4.50702
-4.51317
-4.517
-4.52034
-4.52693
-4.53924
-4.55594
-4.57672
-4.59442
-4.60769
-4.61425
-4.61306
-4.601
-4.58066
-4.55566
-4.53057
-4.50812
-4.49478
-4.48859
-4.48638
-4.48386
-4.48154
-4.47398
-4.46252
-4.44865
-4.43205
-4.4139
-4.39536
-4.37817
-4.35963
-4.34571
-4.34094
-4.34319
-4.34563
-4.3462
-4.33939
-4.32376
-4.3082
-4.30152
-4.31238
-4.34379
-4.38986
-4.44208
-4.48888
-4.5247
-4.54679
-4.55926
-4.56489
-4.56354
-4.55639
-4.54463
-4.53164
-4.52157
-4.51673
-4.51392
-4.50999
-4.50542
-4.50069
-4.49725
-4.49785
-4.50279
-4.50952
-4.51362
-4.51435
-4.51152
-4.50593
-4.50099
-4.48834
-4.46744
-4.43553
-4.39954
-4.36409
-4.34034
-4.33935
-4.35938
-4.39742
-4.44385
-4.48534
-4.51079
-4.51069
-4.49075
-4.45782
-4.42258
-4.39777
-4.38691
-4.39197
-4.40509
-4.41174
-4.40548
-4.38869
-4.36998
-4.35221
-4.33642
-4.32352
-4.31445
-4.31635
-4.32607
-4.34186
-4.35975
-4.37545
-4.38519
-4.38923
-4.3921
-4.39575
-4.39591
-4.38777
-4.37141
-4.35109
-4.33277
-4.31943
-4.31244
-4.31801
-4.33285
-4.35549
-4.37818
-4.38962
-4.38297
-4.35982
-4.32376
-4.28265
-4.2458
-4.21507
-4.19446
-4.18762
-4.19791
-4.23001
-4.27893
-4.33528
-4.38838
-4.4282
-4.45021
-4.45558
-4.44895
-4.44006
-4.43458
-4.43316
-4.42629
-4.40554
-4.374
-4.34385
-4.33288
-4.34952
-4.38842
-4.43682
-4.48234
-4.51606
-4.54353
-4.56637
-4.58724
-4.6063
-4.62218
-4.63259
-4.63605
-4.63144
-4.62227
-4.6113
-4.60398
-4.60525
-4.61757
-4.63765
-4.65891
-4.67148
-4.67134
-4.65788
-4.63637
-4.61692
-4.60457
-4.60137
-4.60365
-4.61001
-4.61561
-4.61919
-4.61732
-4.61133
-4.60428
-4.5974
-4.59166
-4.58467
-4.57402
-4.55976
-4.54785
-4.54391
-4.54895
-4.56118
-4.57371
-4.57521
-4.56461
-4.54986
-4.54023
-4.54685
-4.57729
-4.62753
-4.68894
-4.75116
-4.80845
-4.85812
-4.89283
-4.90821
-4.90661
-4.89482
-4.87883
-4.86474
-4.84634
-4.81534
-4.76854
-4.70996
-4.65291
-4.60863
-4.58301
-4.57184
-4.56021
-4.54117
-4.50497
-4.45169
-4.38793
-4.33378
-4.30579
-4.3014
-4.30911
-4.32293
-4.33855
-4.35694
-4.3849
-4.42093
-4.46433
-4.50935
-4.54858
-4.57375
-4.57921
-4.57019
-4.55701
-4.54864
-4.5485
-4.55692
-4.56991
-4.58548
-4.60339
-4.61918
-4.62976
-4.62965
-4.61156
-4.57274
-4.51486
-4.44708
-4.38229
-4.33195
-4.29746
-4.28041
-4.28243
-4.30008
-4.32501
-4.35026
-4.37168
-4.39315
-4.41959
-4.44774
-4.47489
-4.49826
-4.51624
-4.53258
-4.54583
-4.56307
-4.57817
-4.59141
-4.60259
-4.61008
-4.61338
-4.61319
-4.60756
-4.59502
-4.57554
-4.54456
-4.50386
-4.45802
-4.41391
-4.37833
-4.36124
-4.36551
-4.39053
-4.42552
-4.46346
-4.49996
-4.52835
-4.547
-4.55063
-4.53493
-4.49828
-4.43992
-4.3695
-4.31028
-4.29109
-4.31632
-4.3676
-4.41819
-4.44873
-4.45448
-4.44385
-4.43118
-4.43267
-4.45031
-4.47638
-4.49851
-4.50786
-4.50057
-4.47942
-4.45131
-4.42739
-4.41715
-4.42314
-4.43968
-4.45244
-4.45217
-4.43112
-4.39041
-4.33989
-4.29878
-4.28419
-4.30554
-4.35548
-4.41519
-4.46929
-4.51225
-4.53818
-4.54862
-4.5446
-4.53019
-4.51107
-4.49687
-4.49758
-4.511
-4.53365
-4.5578
-4.58289
-4.60714
-4.62709
-4.63567
-4.62721
-4.59605
-4.5464
-4.48898
-4.44141
-4.4237
-4.43736
-4.46819
-4.50001
-4.51938
-4.52368
-4.52051
-4.51707
-4.52113
-4.53386
-4.54951
-4.56699
-4.58664
-4.60952
-4.63534
-4.65493
-4.66262
-4.65232
-4.62305
-4.57985
-4.52546
-4.47018
-4.42125
-4.39071
-4.38509
-4.39934
-4.42778
-4.46004
-4.49216
-4.51608
-4.52908
-4.53187
-4.52631
-4.51509
-4.49842
-4.47617
-4.44901
-4.41576
-4.37868
-4.34296
-4.31055
-4.28435
-4.26515
-4.24938
-4.23924
-4.23429
-4.24043
-4.26146
-4.30051
-4.35162
-4.4105
-4.46821
-4.52161
-4.56775
-4.60647
-4.63843
-4.66261
-4.68147
-4.69061
-4.68955
-4.67504
-4.6437
-4.59559
-4.53124
-4.46012
-4.38665
-4.31902
-4.26345
-4.22838
-4.21909
-4.23605
-4.2744
-4.3224
-4.37712
-4.43467
-4.48936
-4.53449
-4.56685
-4.58422
-4.59523
-4.60532
-4.62244
-4.64216
-4.6618
-4.67048
-4.66867
-4.65842
-4.64206
-4.61766
-4.58134
-4.53753
-4.48773
-4.4436
-4.41418
-4.40834
-4.42637
-4.45307
-4.47431
-4.48004
-4.46566
-4.43565
-4.39762
-4.36583
-4.3501
-4.35911
-4.38988
-4.43474
-4.48104
-4.51796
-4.54502
-4.56273
-4.57552
-4.58728
-4.60004
-4.61143
-4.62207
-4.62848
-4.631
-4.6294
-4.62169
-4.60808
-4.58558
-4.55737
-4.52675
-4.49275
-4.46037
-4.43137
-4.41227
-4.40479
-4.406
-4.40816
-4.40462
-4.39289
-4.37748
-4.36509
-4.36403
-4.37822
-4.40409
-4.43648
-4.46829
-4.49544
-4.51017
-4.5136
-4.50283
-4.48538
-4.46751
-4.45001
-4.43439
-4.41579
-4.39258
-4.36777
-4.34588
-4.33772
-4.34737
-4.374
-4.41232
-4.4554
-4.49324
-4.52042
-4.53659
-4.54267
-4.54331
-4.54318
-4.54054
-4.53328
-4.51932
-4.49935
-4.47591
-4.45403
-4.43087
-4.41045
-4.39651
-4.39278
-4.40097
-4.42232
-4.45365
-4.49061
-4.52687
-4.55985
-4.58733
-4.60958
-4.62645
-4.63621
-4.63465
-4.62078
-4.6014
-4.57785
-4.56141
-4.55288
-4.55555
-4.56712
-4.58314
-4.59504
-4.60101
-4.5956
-4.57617
-4.54781
-4.51972
-4.49911
-4.48748
-4.48423
-4.48498
-4.479
-4.46014
-4.42877
-4.39178
-4.36056
-4.35054
-4.36437
-4.3965
-4.43479
-4.47187
-4.50362
-4.5323
-4.56309
-4.59822
-4.63609
-4.6741
-4.70838
-4.73635
-4.75719
-4.77222
-4.78266
-4.78609
-4.77932
-4.75799
-4.71454
-4.64998
-4.57518
-4.51205
-4.47395
-4.44531
-4.40858
-4.36494
-4.32792
-4.29997
-4.2801
-4.26565
-4.25995
-4.26733
-4.2848
-4.30831
-4.32649
-4.33372
-4.32827
-4.31999
-4.32968
-4.37184
-4.44523
-4.5322
-4.61232
-4.67465
-4.70925
-4.71288
-4.68815
-4.63742
-4.56785
-4.49047
-4.42095
-4.37234
-4.35404
-4.36543
-4.39294
-4.41908
-4.43571
-4.44284
-4.44626
-4.4548
-4.47401
-4.50647
-4.54817
-4.59369
-4.63869
-4.6773
-4.70747
-4.72869
-4.74264
-4.74772
-4.74695
-4.73869
-4.72487
-4.70275
-4.67539
-4.6443
-4.60947
-4.57319
-4.54224
-4.5198
-4.50399
-4.48824
-4.47161
-4.45158
-4.43445
-4.42279
-4.4218
-4.42853
-4.43966
-4.44931
-4.45202
-4.45268
-4.45979
-4.48477
-4.52783
-4.57646
-4.61421
-4.63079
-4.62311
-4.60007
-4.57203
-4.55762
-4.56964
-4.60038
-4.62493
-4.63289
-4.6299
-4.62896
-4.63132
-4.63729
-4.64378
-4.64849
-4.65621
-4.6675
-4.67882
-4.68531
-4.6834
-4.67163
-4.6485
-4.61767
-4.58107
-4.54007
-4.49381
-4.45191
-4.42686
-4.4219
-4.43919
-4.46326
-4.48458
-4.49257
-4.48856
-4.47598
-4.45868
-4.43916
-4.41851
-4.39913
-4.38279
-4.36461
-4.3399
-4.30757
-4.27172
-4.2402
-4.22786
-4.24368
-4.29037
-4.36059
-4.43836
-4.51472
-4.58101
-4.63367
-4.66868
-4.68702
-4.68662
-4.67255
-4.64886
-4.62091
-4.58783
-4.54897
-4.5018
-4.45244
-4.41563
-4.40047
-4.41131
-4.43824
-4.47091
-4.49994
-4.52229
-4.53855
-4.54384
-4.53869
-4.52497
-4.51189
-4.50938
-4.52027
-4.55181
-4.59781
-4.63824
-4.66302
-4.66713
-4.65645
-4.63704
-4.61407
-4.58788
-4.5627
-4.53408
-4.49833
-4.45394
-4.40177
-4.35568
-4.32562
-4.32504
-4.3547
-4.40681
-4.46651
-4.51984
-4.55483
-4.57347
-4.58254
-4.58609
-4.58445
-4.57531
-4.56175
-4.54375
-4.52509
-4.50719
-4.49314
-4.48651
-4.48411
-4.48403
-4.48105
-4.47599
-4.47454
-4.48658
-4.50988
-4.53632
-4.55453
-4.55465
-4.53743
-4.50896
-4.48029
-4.45865
-4.44572
-4.44068
-4.44197
-4.45326
-4.47687
-4.51352
-4.55507
-4.59226
-4.6185
-4.6337
-4.64052
-4.63912
-4.62806
-4.60329
-4.5703
-4.53102
-4.49154
-4.45757
-4.4324
-4.41973
-4.42077
-4.4376
-4.4664
-4.50276
-4.53488
-4.55947
-4.57346
-4.57842
-4.57542
-4.5605
-4.53718
-4.51046
-4.48551
-4.4692
-4.46856
-4.48631
-4.51631
-4.54975
-4.57173
-4.57148
-4.54901
-4.50597
-4.45622
-4.40852
-4.37393
-4.35541
-4.35352
-4.36357
-4.37866
-4.39437
-4.40926
-4.4263
-4.44728
-4.46803
-4.4863
-4.50014
-4.51084
-4.52265
-4.54201
-4.56833
-4.59445
-4.61467
-4.6185
-4.60196
-4.5641
-4.51211
-4.45623
-4.40368
-4.3661
-4.35105
-4.36275
-4.40334
-4.4634
-4.53021
-4.58719
-4.62533
-4.64179
-4.63647
-4.61623
-4.58917
-4.55844
-4.5227
-4.4816
-4.43978
-4.40524
-4.39677
-4.41921
-4.46205
-4.50699
-4.54214
-4.56786
-4.58495
-4.59336
-4.5994
-4.60376
-4.60862
-4.61375
-4.6135
-4.60092
-4.56744
-4.51248
-4.43992
-4.37107
-4.3267
-4.31588
-4.3325
-4.36248
-4.39579
-4.42673
-4.45436
-4.47539
-4.49373
-4.50586
-4.51061
-4.50433
-4.48304
-4.44933
-4.41265
-4.38169
-4.3655
-4.36316
-4.36966
-4.38117
-4.39021
-4.39383
-4.39033
-4.3834
-4.37671
-4.37288
-4.37167
-4.37798
-4.39153
-4.40761
-4.42174
-4.42778
-4.42411
-4.4088
-4.38789
-4.36142
-4.33139
-4.30403
-4.28828
-4.29305
-4.31135
-4.33234
-4.34869
-4.35794
-4.3633
-4.36798
-4.37473
-4.38109
-4.38986
-4.40245
-4.41764
-4.43476
-4.45405
-4.4727
-4.48656
-4.49155
-4.48477
-4.46986
-4.45352
-4.44457
-4.44659
-4.45999
-4.47792
-4.496
-4.50349
-4.49571
-4.46817
-4.43233
-4.39776
-4.38083
-4.38826
-4.4229
-4.47868
-4.54496
-4.60585
-4.65435
-4.6853
-4.69804
-4.69433
-4.67713
-4.64987
-4.61676
-4.58389
-4.55352
-4.52622
-4.50169
-4.47937
-4.46836
-4.48189
-4.51816
-4.56148
-4.59767
-4.62103
-4.63068
-4.62512
-4.60595
-4.57782
-4.54801
-4.52294
-4.49901
-4.47788
-4.45638
-4.43141
-4.40096
-4.36377
-4.32531
-4.29057
-4.2673
-4.25749
-4.26302
-4.27841
-4.2958
-4.31295
-4.32573
-4.33853
-4.352
-4.36977
-4.38981
-4.41313
-4.43783
-4.45827
-4.47082
-4.47388
-4.46281
-4.43471
-4.39363
-4.34499
-4.30564
-4.28796
-4.30109
-4.33968
-4.39034
-4.43881
-4.46905
-4.47752
-4.4681
-4.45423
-4.44673
-4.44772
-4.45071
-4.45284
-4.4501
-4.44138
-4.42329
-4.3914
-4.35198
-4.31591
-4.29189
-4.28593
-4.30431
-4.34708
-4.4055
-4.46661
-4.51403
-4.5368
-4.53859
-4.53283
-4.52538
-4.51531
-4.50346
-4.48961
-4.47886
-4.47336
-4.47287
-4.46982
-4.45972
-4.44141
-4.42063
-4.4042
-4.39532
-4.38444
-4.36471
-4.34213
-4.32924
-4.34336
-4.38578
-4.44311
-4.4878
-4.5024
-4.48473
-4.45109
-4.42591
-4.42352
-4.44245
-4.467
-4.4845
-4.48986
-4.48912
-4.48616
-4.48975
-4.50358
-4.52481
-4.55371
-4.58451
-4.6142
-4.64124
-4.66219
-4.67319
-4.67279
-4.6605
-4.6378
-4.61246
-4.59253
-4.58359
-4.58486
-4.59047
-4.59479
-4.59208
-4.58627
-4.57894
-4.57574
-4.57734
-4.58237
-4.58348
-4.57354
-4.55189
-4.52552
-4.50284
-4.48671
-4.47369
-4.45985
-4.44518
-4.42712
-4.41305
-4.40735
-4.41689
-4.44248
-4.47972
-4.522
-4.55816
-4.57978
-4.57905
-4.55309
-4.51172
-4.4667
-4.43038
-4.40964
-4.40304
-4.40499
-4.41101
-4.41762
-4.4244
-4.4322
-4.44151
-4.45165
-4.46066
-4.47073
-4.47974
-4.48396
-4.48425
-4.48327
-4.47968
-4.47355
-4.46578
-4.45413
-4.43479
-4.40896
-4.37752
-4.34493
-4.31927
-4.31173
-4.32643
-4.3606
-4.40282
-4.44074
-4.46599
-4.47622
-4.47187
-4.46201
-4.45296
-4.45296
-4.46204
-4.48006
-4.5041
-4.53281
-4.56265
-4.59164
-4.61623
-4.63112
-4.63112
-4.61226
-4.57571
-4.52895
-4.48121
-4.44459
-4.42786
-4.4354
-4.46881
-4.51748
-4.56932
-4.61261
-4.6387
-4.65177
-4.65636
-4.66539
-4.67808
-4.69515
-4.70565
-4.6999
-4.67589
-4.63849
-4.60208
-4.58056
-4.58021
-4.59383
-4.60444
-4.5971
-4.56721
-4.51735
-4.45721
-4.40121
-4.36748
-4.3653
-4.40135
-4.46908
-4.55425
-4.63575
-4.69318
-4.71604
-4.70552
-4.66812
-4.61619
-4.56479
-4.528
-4.50995
-4.50946
-4.5177
-4.52751
-4.53236
-4.52619
-4.50624
-4.47622
-4.43968
-4.40465
-4.37488
-4.3565
-4.35275
-4.3648
-4.39005
-4.42337
-4.46379
-4.50379
-4.53828
-4.56007
-4.56403
-4.55295
-4.53128
-4.50347
-4.47731
-4.45189
-4.42434
-4.3905
-4.34521
-4.29324
-4.23621
-4.18583
-4.15545
-4.15844
-4.19943
-4.27136
-4.3603
-4.45114
-4.53282
-4.59874
-4.64878
-4.68097
-4.69541
-4.68991
-4.66233
-4.61126
-4.54114
-4.46006
-4.37852
-4.31109
-4.2656
-4.25145
-4.26158
-4.28556
-4.3168
-4.3493
-4.38557
-4.42486
-4.46804
-4.50951
-4.54359
-4.56105
-4.56055
-4.54154
-4.51202
-4.4827
-4.46233
-4.45644
-4.46406
-4.47922
-4.49586
-4.50913
-4.51796
-4.52278
-4.52632
-4.52783
-4.52796
-4.52776
-4.52897
-4.53195
-4.53709
-4.54009
-4.53956
-4.53694
-4.53068
-4.51942
-4.50048
-4.47632
-4.45017
-4.4339
-4.43482
-4.45263
-4.48115
-4.51446
-4.54754
-4.5695
-4.57941
-4.58339
-4.58679
-4.58863
-4.58666
-4.5743
-4.55149
-4.52117
-4.48551
-4.45064
-4.42001
-4.39749
-4.37892
-4.36509
-4.35573
-4.3528
-4.34733
-4.33102
-4.30506
-4.28827
-4.2966
-4.32688
-4.36135
-4.39083
-4.40718
-4.41995
-4.43459
-4.45591
-4.4842
-4.51881
-4.55189
-4.57752
-4.59343
-4.5975
-4.59769
-4.59876
-4.60491
-4.61651
-4.62675
-4.6328
-4.62717
-4.60969
-4.58055
-4.54347
-4.50649
-4.4755
-4.4566
-4.45065
-4.45487
-4.47074
-4.48918
-4.51074
-4.53181
-4.55015
-4.56486
-4.57479
-4.57593
-4.5651
-4.53944
-4.49996
-4.45192
-4.40563
-4.3702
-4.35196
-4.35508
-4.37432
-4.40025
-4.42604
-4.44545
-4.46122
-4.47427
-4.48356
-4.48859
-4.48442
-4.47357
-4.45638
-4.44011
-4.42683
-4.42215
-4.4273
-4.44368
-4.47029
-4.50239
-4.5376
-4.57086
-4.59483
-4.60376
-4.59248
-4.56078
-4.51521
-4.45854
-4.40115
-4.35269
-4.3208
-4.30835
-4.31225
-4.32531
-4.34022
-4.34493
-4.33549
-4.3166
-4.30642
-4.31985
-4.35845
-4.41231
-4.46429
-4.50371
-4.5236
-4.52302
-4.50107
-4.46191
-4.41374
-4.36865
-4.32953
-4.30472
-4.30456
-4.33732
-4.40305
-4.48518
-4.56083
-4.61137
-4.63258
-4.62152
-4.58432
-4.53072
-4.46757
-4.39904
-4.3375
-4.29293
-4.26999
-4.2686
-4.28382
-4.30725
-4.33201
-4.35219
-4.37027
-4.38834
-4.40804
-4.43064
-4.45272
-4.47349
-4.48974
-4.49723
-4.49129
-4.47045
-4.43944
-4.40348
-4.37104
-4.34881
-4.34155
-4.34753
-4.36073
-4.37563
-4.38671
-4.39169
-4.39103
-4.38727
-4.38298
-4.379
-4.37794
-4.38238
-4.39849
-4.4244
-4.46195
-4.50376
-4.5421
-4.56925
-4.5838
-4.58483
-4.57724
-4.56275
-4.5482
-4.53038
-4.50638
-4.47197
-4.42764
-4.37439
-4.31955
-4.265
-4.20842
-4.14694
-4.09043
-4.06327
-4.08345
-4.14537
-4.23144
-4.32772
-4.42847
-4.52591
-4.60916
-4.66864
-4.69755
-4.68869
-4.64419
-4.57483
-4.50057
-4.43855
-4.40433
-4.40207
-4.42133
-4.44739
-4.46997
-4.48364
-4.49333
-4.50259
-4.51001
-4.51126
-4.50344
-4.47974
-4.44127
-4.39207
-4.34323
-4.31161
-4.30786
-4.32759
-4.35617
-4.37674
-4.38637
-4.39003
-4.40205
-4.42517
-4.4486
-4.45921
-4.45007
-4.41929
-4.37435
-4.3261
-4.28838
-4.26689
-4.2663
-4.28795
-4.32878
-4.38499
-4.44963
-4.51246
-4.56222
-4.59696
-4.6163
-4.62439
-4.62483
-4.61739
-4.59798
-4.57033
-4.5347
-4.49622
-4.45998
-4.43025
-4.41049
-4.40474
-4.41417
-4.43703
-4.46669
-4.49161
-4.50128
-4.49024
-4.45527
-4.40185
-4.33772
-4.27968
-4.23849
-4.21868
-4.2198
-4.23345
-4.25672
-4.28119
-4.30698
-4.33255
-4.35421
-4.37014
-4.38464
-4.39512
-4.40597
-4.42214
-4.43982
-4.46118
-4.4843
-4.50461
-4.52027
-4.52951
-4.53189
-4.52734
-4.51365
-4.49182
-4.46558
-4.44103
-4.42799
-4.43072
-4.45128
-4.48308
-4.51518
-4.53727
-4.54294
-4.5336
-4.5203
-4.5113
-4.51165
-4.5234
-4.54661
-4.57435
-4.60022
-4.61148
-4.5926
-4.5442
-4.47465
-4.40271
-4.34632
-4.31714
-4.31626
-4.33018
-4.35369
-4.37989
-4.40333
-4.42118
-4.43001
-4.43407
-4.44183
-4.45693
-4.47983
-4.49825
-4.50595
-4.50146
-4.48404
-4.46592
-4.45676
-4.45993
-4.47531
-4.4938
-4.50846
-4.51291
-4.50638
-4.49051
-4.47201
-4.46
-4.46126
-4.47335
-4.49151
-4.5099
-4.52503
-4.53376
-4.53897
-4.54793
-4.56299
-4.58256
-4.59721
-4.60297
-4.5972
-4.58055
-4.55317
-4.51973
-4.48738
-4.46161
-4.44877
-4.44944
-4.46358
-4.48444
-4.50682
-4.52568
-4.53476
-4.53311
-4.5227
-4.50864
-4.49142
-4.47654
-4.46558
-4.45479
-4.44551
-4.43976
-4.43931
-4.44805
-4.46898
-4.49797
-4.53117
-4.56132
-4.58391
-4.59243
-4.58437
-4.56446
-4.53454
-4.50064
-4.46855
-4.44016
-4.41516
-4.39482
-4.37946
-4.37067
-4.37625
-4.39399
-4.42402
-4.45736
-4.48652
-4.51038
-4.52867
-4.5424
-4.55571
-4.56937
-4.58089
-4.58854
-4.59121
-4.58718
-4.57751
-4.56266
-4.54737
-4.53267
-4.52817
-4.5337
-4.55146
-4.58024
-4.61158
-4.63674
-4.64876
-4.64106
-4.61359
-4.57191
-4.52236
-4.47091
-4.42527
-4.38854
-4.36638
-4.3554
-4.35777
-4.37192
-4.3909
-4.40791
-4.41934
-4.42032
-4.40996
-4.39063
-4.36817
-4.34654
-4.3307
-4.32532
-4.32939
-4.33759
-4.34541
-4.3528
-4.36666
-4.38735
-4.41571
-4.44535
-4.47082
-4.49315
-4.51242
-4.52499
-4.52735
-4.51808
-4.50266
-4.48387
-4.47103
-4.46389
-4.45932
-4.45055
-4.433
-4.40529
-4.36632
-4.32135
-4.28153
-4.26135
-4.27085
-4.31084
-4.3716
-4.43615
-4.49544
-4.54117
-4.57014
-4.58151
-4.57793
-4.56278
-4.5438
-4.52558
-4.51027
-4.49582
-4.48706
-4.48727
-4.49497
-4.50863
-4.52189
-4.52963
-4.52429
-4.50389
-4.47092
-4.43156
-4.39225
-4.36223
-4.34525
-4.33884
-4.34163
-4.34541
-4.35159
-4.36294
-4.3769
-4.39072
-4.40484
-4.4246
-4.45858
-4.50133
-4.54404
-4.58007
-4.60059
-4.6053
-4.59956
-4.59547
-4.60104
-4.61537
-4.62975
-4.6415
-4.64885
-4.65288
-4.65528
-4.65404
-4.65322
-4.65244
-4.64886
-4.64312
-4.63028
-4.60896
-4.58133
-4.55449
-4.53902
-4.54288
-4.567
-4.6015
-4.63228
-4.64831
-4.6492
-4.63647
-4.61185
-4.58438
-4.55433
-4.53359
-4.51884
-4.51133
-4.50269
-4.48908
-4.46675
-4.43496
-4.39845
-4.36402
-4.3356
-4.31297
-4.29582
-4.28217
-4.27183
-4.26224
-4.25412
-4.24876
-4.2471
-4.2483
-4.2528
-4.26076
-4.26941
-4.27609
-4.27679
-4.27113
-4.26118
-4.25047
-4.24528
-4.25107
-4.27038
-4.29822
-4.32915
-4.36041
-4.38814
-4.41317
-4.4327
-4.44646
-4.45754
-4.46429
-4.46803
-4.46499
-4.45411
-4.43941
-4.42633
-4.42556
-4.44488
-4.48485
-4.5397
-4.59885
-4.65303
-4.69143
-4.71044
-4.70804
-4.68811
-4.65493
-4.61843
-4.58465
-4.56195
-4.55029
-4.54934
-4.55674
-4.57014
-4.58479
-4.5937
-4.59597
-4.5883
-4.5772
-4.56828
-4.56926
-4.58309
-4.60611
-4.63712
-4.67096
-4.70293
-4.72494
-4.73236
-4.72521
-4.7075
-4.6815
-4.65512
-4.63559
-4.62657
-4.62466
-4.62302
-4.61717
-4.60665
-4.58944
-4.56782
-4.54497
-4.5247
-4.51546
-4.51863
-4.53525
-4.55672
-4.57635
-4.58687
-4.58388
-4.56872
-4.54359
-4.51583
-4.49309
-4.47671
-4.46702
-4.4607
-4.45137
-4.43228
-4.40101
-4.35996
-4.32029
-4.29261
-4.28824
-4.29942
-4.31891
-4.34026
-4.35643
-4.36136
-4.35482
-4.33978
-4.32454
-4.32082
-4.32342
-4.327
-4.32266
-4.31253
-4.29713
-4.28582
-4.27956
-4.28068
-4.28437
-4.2865
-4.28258
-4.27815
-4.28633
-4.31379
-4.36223
-4.41764
-4.46294
-4.48888
-4.49355
-4.48365
-4.46469
-4.44325
-4.42328
-4.40773
-4.39897
-4.3945
-4.39475
-4.39599
-4.39587
-4.39411
-4.39111
-4.38763
-4.38912
-4.40361
-4.43172
-4.47163
-4.51717
-4.56125
-4.60167
-4.63481
-4.66135
-4.67797
-4.68212
-4.6725
-4.64676
-4.59946
-4.52906
-4.44096
-4.34478
-4.25799
-4.19854
-4.1771
-4.19443
-4.24394
-4.31129
-4.38429
-4.45033
-4.49863
-4.52199
-4.5144
-4.4752
-4.41559
-4.35731
-4.32286
-4.31382
-4.31487
-4.31155
-4.29526
-4.27607
-4.26962
-4.281
-4.30677
-4.34765
-4.40383
-4.47248
-4.53902
-4.59292
-4.62736
-4.64179
-4.64577
-4.63951
-4.62982
-4.61677
-4.59877
-4.57171
-4.53232
-4.48631
-4.44867
-4.4309
-4.43152
-4.43699
-4.44583
-4.44932
-4.44755
-4.44121
-4.43256
-4.42634
-4.42553
-4.43368
-4.44381
-4.45171
-4.45183
-4.4406
-4.42335
-4.41421
-4.42859
-4.46398
-4.50998
-4.54981
-4.57968
-4.60289
-4.61967
-4.6298
-4.6338
-4.63036
-4.62278
-4.61495
-4.60789
-4.59564
-4.57571
-4.54635
-4.50875
-4.46718
-4.42821
-4.39899
-4.37981
-4.37191
-4.36883
-4.36365
-4.35575
-4.34292
-4.32984
-4.31945
-4.31388
-4.30786
-4.30455
-4.30104
-4.29717
-4.29459
-4.28969
-4.28384
-4.28304
-4.2924
-4.31944
-4.36389
-4.42413
-4.49278
-4.55955
-4.61618
-4.65291
-4.6684
-4.66091
-4.63337
-4.59243
-4.5471
-4.50726
-4.4753
-4.44873
-4.41798
-4.38617
-4.35392
-4.3327
-4.32616
-4.33612
-4.36186
-4.39922
-4.44263
-4.48472
-4.51512
-4.52518
-4.51333
-4.4804
-4.43659
-4.39418
-4.35995
-4.34091
-4.33461
-4.34088
-4.35847
-4.38492
-4.4193
-4.45269
-4.48005
-4.49699
-4.50421
-4.5083
-4.51585
-4.5342
-4.56171
-4.59428
-4.6226
-4.64092
-4.64525
-4.64238
-4.63445
-4.6239
-4.60899
-4.585
-4.54735
-4.49547
-4.432
-4.36733
-4.3111
-4.27864
-4.27544
-4.30073
-4.34146
-4.38204
-4.41095
-4.42342
-4.42462
-4.41969
-4.41443
-4.40805
-4.40604
-4.41364
-4.43275
-4.45451
-4.46707
-4.46484
-4.44766
-4.42395
-4.40729
-4.40474
-4.4197
-4.44359
-4.46612
-4.4732
-4.46262
-4.43752
-4.40848
-4.38568
-4.36873
-4.35547
-4.34626
-4.34348
-4.35776
-4.39046
-4.43895
-4.48977
-4.53225
-4.55968
-4.57095
-4.56784
-4.55211
-4.52711
-4.49123
-4.45119
-4.41704
-4.40381
-4.41556
-4.44594
-4.48142
-4.51238
-4.54143
-4.57186
-4.60206
-4.62997
-4.64809
-4.654
-4.64607
-4.62735
-4.60165
-4.57406
-4.55041
-4.53218
-4.52591
-4.53333
-4.55423
-4.58159
-4.60336
-4.60798
-4.58981
-4.55428
-4.51343
-4.48211
-4.47237
-4.48633
-4.51944
-4.5581
-4.59191
-4.61195
-4.61073
-4.59381
-4.56863
-4.54646
-4.53456
-4.53241
-4.53395
-4.53563
-4.53545
-4.53052
-4.51792
-4.49504
-4.46151
-4.41543
-4.35953
-4.30249
-4.25084
-4.21388
-4.19508
-4.18917
-4.18787
-4.18784
-4.18592
-4.18262
-4.17766
-4.17484
-4.1809
-4.20495
-4.24724
-4.30522
-4.36587
-4.41962
-4.45938
-4.48153
-4.48524
-4.47785
-4.46442
-4.45347
-4.45166
-4.45963
-4.48091
-4.51486
-4.55579
-4.59466
-4.62074
-4.62876
-4.62131
-4.60424
-4.58073
-4.55355
-4.52167
-4.48602
-4.45329
-4.42937
-4.4186
-4.41979
-4.4307
-4.44824
-4.4638
-4.46502
-4.4477
-4.41502
-4.37794
-4.34706
-4.33264
-4.33286
-4.34423
-4.3677
-4.40577
-4.45457
-4.50719
-4.5525
-4.57949
-4.58814
-4.58214
-4.56368
-4.542
-4.52216
-4.50511
-4.49077
-4.47388
-4.44802
-4.40743
-4.35725
-4.30641
-4.27308
-4.27134
-4.3089
-4.37598
-4.45172
-4.51694
-4.56069
-4.58372
-4.59884
-4.61399
-4.6308
-4.64182
-4.63866
-4.61677
-4.57201
-4.5154
-4.45629
-4.4007
-4.35261
-4.31312
-4.28721
-4.2802
-4.29247
-4.31848
-4.35301
-4.38692
-4.41666
-4.43827
-4.44835
-4.44331
-4.42887
-4.42148
-4.4497
-4.51557
-4.59588
-4.65958
-4.69165
-4.69307
-4.67025
-4.6292
-4.57725
-4.5221
-4.47192
-4.43735
-4.42623
-4.44388
-4.48715
-4.54582
-4.60876
-4.66485
-4.69838
-4.70555
-4.67679
-4.61203
-4.51391
-4.39418
-4.26724
-4.15642
-4.08408
-4.06165
-4.08015
-4.12433
-4.17518
-4.22312
-4.26526
-4.30297
-4.34107
-4.38292
-4.42807
-4.47027
-4.49953
-4.50915
-4.49896
-4.47488
-4.44129
-4.40042
-4.35472
-4.30883
-4.26703
-4.23236
-4.21008
-4.20437
-4.21884
-4.2529
-4.29945
-4.34956
-4.40262
-4.45639
-4.5039
-4.54063
-4.56062
-4.56111
-4.545
-4.51783
-4.48468
-4.44969
-4.4185
-4.39952
-4.39959
-4.42036
-4.45458
-4.49406
-4.5285
-4.55962
-4.58389
-4.59684
-4.5986
-4.58721
-4.56127
-4.52575
-4.48794
-4.45902
-4.44684
-4.4524
-4.46929
-4.48824
-4.50477
-4.51992
-4.5369
-4.55845
-4.58521
-4.61573
-4.648
-4.67556
-4.69311
-4.69349
-4.67359
-4.63301
-4.57985
-4.51861
-4.46002
-4.41109
-4.37602
-4.35782
-4.35789
-4.37293
-4.39564
-4.42122
-4.44887
-4.48207
-4.52037
-4.56387
-4.61065
-4.65881
-4.70357
-4.73828
-4.75585
-4.75607
-4.73868
-4.70847
-4.66929
-4.62958
-4.5909
-4.55275
-4.51581
-4.4784
-4.44092
-4.40624
-4.3781
-4.3539
-4.33993
-4.33978
-4.35427
-4.38254
-4.41936
-4.45536
-4.48025
-4.4856
-4.47491
-4.45226
-4.43015
-4.41855
-4.42458
-4.45118
-4.49167
-4.53258
-4.55658
-4.55882
-4.54077
-4.50557
-4.45984
-4.4121
-4.36967
-4.33773
-4.31911
-4.31755
-4.33426
-4.3676
-4.41028
-4.45408
-4.49203
-4.51999
-4.53402
-4.53526
-4.52482
-4.5096
-4.49253
-4.47844
-4.46762
-4.45984
-4.45726
-4.46448
-4.49024
-4.53478
-4.59282
-4.65154
-4.70017
-4.72882
-4.73112
-4.69945
-4.63092
-4.53502
-4.42937
-4.33479
-4.26468
-4.22347
-4.20916
-4.20874
-4.21324
-4.21737
-4.22598
-4.24959
-4.28828
-4.33617
-4.38369
-4.42084
-4.44911
-4.47533
-4.503
-4.54163
-4.59064
-4.6426
-4.69404
-4.73526
-4.75795
-4.75989
-4.73694
-4.69255
-4.62864
-4.55038
-4.4651
-4.3804
-4.30381
-4.24164
-4.19054
-4.15009
-4.12235
-4.1141
-4.12996
-4.17357
-4.24002
-4.31552
-4.38573
-4.43859
-4.4704
-4.48493
-4.48881
-4.49098
-4.49018
-4.48696
-4.47554
-4.44979
-4.40789
-4.35472
-4.30105
-4.25944
-4.24409
-4.25501
-4.29322
-4.34453
-4.3973
-4.44276
-4.47447
-4.49122
-4.4971
-4.49014
-4.47119
-4.44197
-4.40868
-4.37781
-4.35578
-4.34541
-4.35006
-4.36994
-4.39992
-4.44256
-4.48878
-4.53334
-4.57158
-4.59704
-4.6069
-4.60203
-4.58022
-4.54576
-4.49948
-4.44669
-4.39514
-4.35358
-4.32761
-4.31588
-4.30882
-4.29603
-4.2747
-4.24602
-4.21323
-4.18246
-4.15932
-4.14757
-4.15532
-4.18104
-4.22047
-4.2709
-4.32697
-4.37982
-4.4195
-4.43587
-4.42849
-4.40756
-4.38402
-4.37065
-4.36985
-4.37604
-4.38329
-4.38735
-4.38592
-4.38434
-4.38548
-4.39159
-4.4023
-4.42513
-4.46111
-4.50931
-4.56442
-4.61207
-4.64238
-4.6476
-4.63134
-4.59955
-4.56052
-4.51972
-4.4831
-4.45489
-4.43164
-4.40894
-4.37995
-4.34315
-4.30066
-4.25862
-4.2267
-4.20603
-4.19576
-4.19371
-4.20304
-4.22491
-4.25852
-4.29872
-4.3408
-4.38206
-4.41579
-4.43802
-4.44525
-4.43997
-4.42804
-4.4212
-4.41967
-4.41745
-4.40463
-4.37982
-4.34689
-4.31444
-4.28805
-4.26735
-4.25358
-4.2482
-4.25351
-4.27098
-4.30151
-4.34046
-4.38552
-4.43279
-4.4779
-4.51831
-4.54914
-4.56595
-4.57197
-4.57233
-4.57649
-4.59231
-4.619
-4.64896
-4.67006
-4.67304
-4.65906
-4.63037
-4.59345
-4.55524
-4.51848
-4.48927
-4.46997
-4.47011
-4.49736
-4.55903
-4.64477
-4.73239
-4.80034
-4.83569
-4.83682
-4.80867
-4.761
-4.70281
-4.64511
-4.59304
-4.55123
-4.51998
-4.49226
-4.46079
-4.41973
-4.37176
-4.32366
-4.28534
-4.25962
-4.25059
-4.253
-4.26602
-4.28792
-4.31575
-4.34705
-4.37473
-4.39182
-4.39417
-4.38229
-4.36604
-4.34988
-4.34479
-4.35285
-4.37505
-4.40877
-4.449
-4.49261
-4.52886
-4.55029
-4.55509
-4.54746
-4.53793
-4.52954
-4.52593
-4.52037
-4.50659
-4.48438
-4.46034
-4.4409
-4.43209
-4.42988
-4.42812
-4.42174
-4.41405
-4.40561
-4.3968
-4.38409
-4.36772
-4.34464
-4.31614
-4.28082
-4.24
-4.19832
-4.16358
-4.13989
-4.1274
-4.12453
-4.13793
-4.17401
-4.23164
-4.30845
-4.39138
-4.46768
-4.52736
-4.56664
-4.58579
-4.58795
-4.57647
-4.5552
-4.5291
-4.50277
-4.485
-4.47956
-4.48295
-4.49324
-4.50688
-4.52179
-4.53367
-4.53379
-4.51518
-4.48266
-4.43653
-4.38625
-4.34249
-4.31191
-4.30087
-4.30853
-4.33118
-4.36129
-4.38627
-4.39978
-4.41004
-4.42488
-4.4498
-4.48249
-4.51618
-4.54902
-4.5763
-4.6013
-4.62263
-4.6389
-4.64841
-4.65264
-4.6542
-4.65417
-4.65338
-4.65214
-4.65137
-4.6474
-4.63603
-4.61787
-4.59107
-4.55719
-4.5235
-4.4968
-4.48454
-4.48716
-4.50283
-4.53039
-4.56763
-4.61369
-4.662
-4.70443
-4.73351
-4.74496
-4.73691
-4.71479
-4.68486
-4.65402
-4.62058
-4.57667
-4.52689
-4.4816
-4.45858
-4.46465
-4.48276
-4.49741
-4.50173
-4.50706
-4.52366
-4.54438
-4.55604
-4.54947
-4.52804
-4.50126
-4.47425
-4.44914
-4.42933
-4.41214
-4.39952
-4.39102
-4.38767
-4.39364
-4.40696
-4.42593
-4.44589
-4.4611
-4.46613
-4.46041
-4.44851
-4.43523
-4.42359
-4.41168
-4.40335
-4.40047
-4.40978
-4.43152
-4.46426
-4.50047
-4.5328
-4.56047
-4.57877
-4.586
-4.58106
-4.56835
-4.54997
-4.53532
-4.53332
-4.55165
-4.58838
-4.63153
-4.66965
-4.69699
-4.7117
-4.71625
-4.71093
-4.69525
-4.66769
-4.62612
-4.57283
-4.50881
-4.44118
-4.37739
-4.33006
-4.30715
-4.31387
-4.35058
-4.40547
-4.46519
-4.51762
-4.55789
-4.58428
-4.60156
-4.61721
-4.63168
-4.64227
-4.64491
-4.63731
-4.62595
-4.61548
-4.60619
-4.5924
-4.56363
-4.5175
-4.46118
-4.41121
-4.38937
-4.41036
-4.47368
-4.5605
-4.64617
-4.70814
-4.74119
-4.75418
-4.75998
-4.75991
-4.74945
-4.72656
-4.6904
-4.64418
-4.59315
-4.54251
-4.49603
-4.46048
-4.43891
-4.43165
-4.43572
-4.43884
-4.43103
-4.40843
-4.3847
-4.38235
-4.39213
-4.39163
-4.37444
-4.35517
-4.35142
-4.37272
-4.409
-4.44295
-4.46312
-4.46917
-4.46735
-4.46273
-4.45999
-4.45789
-4.45284
-4.44069
-4.41685
-4.38728
-4.35911
-4.34093
-4.33609
-4.34219
-4.35459
-4.36911
-4.38154
-4.39465
-4.40471
-4.4136
-4.41924
-4.41869
-4.41172
-4.39845
-4.38008
-4.36524
-4.35931
-4.37039
-4.40282
-4.45176
-4.51216
-4.57357
-4.62427
-4.65551
-4.66888
-4.66925
-4.66132
-4.64728
-4.63193
-4.61715
-4.60712
-4.60551
-4.61284
-4.6246
-4.6398
-4.65451
-4.6667
-4.67585
-4.68264
-4.69035
-4.69286
-4.68609
-4.66517
-4.6337
-4.59654
-4.55742
-4.52017
-4.48546
-4.45619
-4.42962
-4.40842
-4.39042
-4.37704
-4.37094
-4.37784
-4.40285
-4.43857
-4.47889
-4.51963
-4.56136
-4.59968
-4.62782
-4.63819
-4.62653
-4.59093
-4.54242
-4.48934
-4.43922
-4.39848
-4.3722
-4.36086
-4.36029
-4.37157
-4.39045
-4.41301
-4.43303
-4.44755
-4.45036
-4.44523
-4.44234
-4.45225
-4.48395
-4.5344
-4.58625
-4.62387
-4.639
-4.63214
-4.60843
-4.57327
-4.53077
-4.483
-4.43113
-4.38055
-4.33974
-4.32175
-4.32932
-4.36355
-4.4181
-4.47948
-4.5344
-4.57428
-4.59305
-4.58835
-4.56074
-4.51825
-4.4676
-4.42195
-4.38726
-4.37015
-4.37446
-4.39723
-4.43306
-4.47721
-4.52319
-4.56689
-4.60706
-4.63802
-4.65523
-4.653
-4.6325
-4.60126
-4.56804
-4.54213
-4.52905
-4.52527
-4.52491
-4.52599
-4.52547
-4.52139
-4.5147
-4.50634
-4.50003
-4.49894
-4.50173
-4.50405
-4.50365
-4.5012
-4.50265
-4.51419
-4.52944
-4.54311
-4.54853
-4.54522
-4.53067
-4.51096
-4.48745
-4.46507
-4.45131
-4.45195
-4.4722
-4.50874
-4.55375
-4.59859
-4.63378
-4.65756
-4.67318
-4.68115
-4.68258
-4.67524
-4.65945
-4.6347
-4.60239
-4.56283
-4.52112
-4.47963
-4.44104
-4.40991
-4.38402
-4.36319
-4.34329
-4.32393
-4.30657
-4.29585
-4.29964
-4.31969
-4.35863
-4.40874
-4.4588
-4.49827
-4.51848
-4.51707
-4.49647
-4.46432
-4.42782
-4.39191
-4.36597
-4.34609
-4.33354
-4.32316
-4.31839
-4.32235
-4.33161
-4.34258
-4.34969
-4.34831
-4.33838
-4.3213
-4.30252
-4.28649
-4.2808
-4.28862
-4.31169
-4.3474
-4.38727
-4.42835
-4.46887
-4.5054
-4.53659
-4.56225
-4.57558
-4.57189
-4.54962
-4.51359
-4.47374
-4.44315
-4.43355
-4.44709
-4.47709
-4.5147
-4.54322
-4.54917
-4.52266
-4.46477
-4.38977
-4.31614
-4.25977
-4.22877
-4.22212
-4.23532
-4.2712
-4.32125
-4.37616
-4.42022
-4.43897
-4.43252
-4.41005
-4.37929
-4.34725
-4.31381
-4.28142
-4.25541
-4.24579
-4.2555
-4.2821
-4.31831
-4.3543
-4.38082
-4.39335
-4.3916
-4.37345
-4.33664
-4.28637
-4.23174
-4.19419
-4.19865
-4.254
-4.3429
-4.43834
-4.51642
-4.56767
-4.59324
-4.59741
-4.58101
-4.55087
-4.509
-4.46201
-4.41431
-4.37594
-4.35155
-4.3482
-4.36136
-4.38731
-4.42308
-4.46667
-4.51599
-4.56801
-4.6183
-4.65686
-4.67037
-4.64849
-4.57724
-4.46672
-4.36182
-4.32591
-4.37034
-4.44639
-4.51794
-4.57315
-4.61131
-4.63177
-4.63584
-4.62208
-4.59479
-4.55617
-4.51057
-4.46161
-4.4167
-4.37808
-4.34967
-4.33221
-4.32869
-4.33764
-4.358
-4.3823
-4.40911
-4.4311
-4.45014
-4.46329
-4.47048
-4.47103
-4.46581
-4.45651
-4.44332
-4.42221
-4.39675
-4.36899
-4.34871
-4.3362
-4.32742
-4.31798
-4.30444
-4.28767
-4.27809
-4.28482
-4.31397
-4.35924
-4.40609
-4.4459
-4.47195
-4.47963
-4.46923
-4.44713
-4.4213
-4.40536
-4.40417
-4.42245
-4.45438
-4.4945
-4.53307
-4.5666
-4.58783
-4.59415
-4.587
-4.56815
-4.54204
-4.51384
-4.48991
-4.47255
-4.46502
-4.46786
-4.47829
-4.48963
-4.49443
-4.48882
-4.47676
-4.46582
-4.46653
-4.47989
-4.50369
-4.5301
-4.55027
-4.55814
-4.54981
-4.52601
-4.48909
-4.4446
-4.4047
-4.39039
-4.41042
-4.45617
-4.5075
-4.54999
-4.58199
-4.60674
-4.6273
-4.64534
-4.65803
-4.66116
-4.65222
-4.63191
-4.60483
-4.57371
-4.54249
-4.51233
-4.48125
-4.44864
-4.41656
-4.38803
-4.36568
-4.35765
-4.36163
-4.37356
-4.38784
-4.40257
-4.41429
-4.42119
-4.41577
-4.39079
-4.33943
-4.26427
-4.17875
-4.10907
-4.08492
-4.10747
-4.15704
-4.21042
-4.2559
-4.29025
-4.3119
-4.32502
-4.32742
-4.32289
-4.32042
-4.32632
-4.34468
-4.36346
-4.37175
-4.36545
-4.34942
-4.33312
-4.3229
-4.3295
-4.35898
-4.40317
-4.4473
-4.47598
-4.48633
-4.48022
-4.46366
-4.44283
-4.42679
-4.4213
-4.42992
-4.44732
-4.46192
-4.46699
-4.46199
-4.4475
-4.42802
-4.40495
-4.38385
-4.37235
-4.37359
-4.39164
-4.4198
-4.44998
-4.47765
-4.50264
-4.52159
-4.53186
-4.53327
-4.52369
-4.50215
-4.47148
-4.43615
-4.40618
-4.39229
-4.4002
-4.42499
-4.45613
-4.48472
-4.50496
-4.51373
-4.50788
-4.49194
-4.46857
-4.43925
-4.41031
-4.38629
-4.3767
-4.38435
-4.4148
-4.46224
-4.51683
-4.56647
-4.60331
-4.61931
-4.61229
-4.58558
-4.5436
-4.49715
-4.45642
-4.42628
-4.41435
-4.41824
-4.43293
-4.45266
-4.46899
-4.47782
-4.47819
-4.4739
-4.4645
-4.45186
-4.44321
-4.44668
-4.46283
-4.4875
-4.51062
-4.52697
-4.53412
-4.52955
-4.5145
-4.48462
-4.44326
-4.39472
-4.35317
-4.32895
-4.3268
-4.33957
-4.36312
-4.38676
-4.41244
-4.44265
-4.48186
-4.5273
-4.57507
-4.6204
-4.65764
-4.68009
-4.67874
-4.64763
-4.58834
-4.51991
-4.46769
-4.44032
-4.43189
-4.43336
-4.4399
-4.44971
-4.46545
-4.48613
-4.50849
-4.52678
-4.53574
-4.53214
-4.51397
-4.48529
-4.45178
-4.42058
-4.39515
-4.38031
-4.37081
-4.36481
-4.36431
-4.37923
-4.40944
-4.45897
-4.52201
-4.58718
-4.6455
-4.6951
-4.73589
-4.77003
-4.79498
-4.80879
-4.80568
-4.78971
-4.76402
-4.73105
-4.69206
-4.64807
-4.6012
-4.55514
-4.51046
-4.4703
-4.43648
-4.41139
-4.39944
-4.39949
-4.40981
-4.42511
-4.43974
-4.44857
-4.44348
-4.41925
-4.38158
-4.34393
-4.32293
-4.32258
-4.33645
-4.34916
-4.3504
-4.33971
-4.32548
-4.31707
-4.3213
-4.33444
-4.3522
-4.36804
-4.38749
-4.41504
-4.4434
-4.46224
-4.46808
-4.45486
-4.4255
-4.38778
-4.34877
-4.32169
-4.31261
-4.33309
-4.37843
-4.4379
-4.49931
-4.54691
-4.57619
-4.5882
-4.58734
-4.5777
-4.56741
-4.56277
-4.56873
-4.58598
-4.61024
-4.64176
-4.67498
-4.70788
-4.73417
-4.7486
-4.74553
-4.72937
-4.71498
-4.71296
-4.72374
-4.74101
-4.75999
-4.77444
-4.78255
-4.78071
-4.76333
-4.72944
-4.68055
-4.62019
-4.55944
-4.50643
-4.46969
-4.44945
-4.44263
-4.4367
-4.42215
-4.39385
-4.35045
-4.30039
-4.25254
-4.22132
-4.21034
-4.21715
-4.23568
-4.25922
-4.28366
-4.30336
-4.31116
-4.30423
-4.27921
-4.24291
-4.20557
-4.1795
-4.17234
-4.19301
-4.2417
-4.31267
-4.38711
-4.45041
-4.49577
-4.5232
-4.54242
-4.5567
-4.5688
-4.57334
-4.56601
-4.54812
-4.52521
-4.50029
-4.4743
-4.44661
-4.41201
-4.37859
-4.35452
-4.34452
-4.34909
-4.36683
-4.39019
-4.41599
-4.43931
-4.45531
-4.46574
-4.47046
-4.46988
-4.46658
-4.467
-4.47509
-4.48822
-4.5029
-4.51159
-4.50968
-4.49793
-4.48199
-4.47146
-4.47419
-4.49391
-4.52307
-4.55616
-4.58866
-4.60978
-4.61528
-4.6046
-4.58056
-4.5464
-4.50989
-4.4752
-4.45048
-4.43873
-4.44267
-4.45998
-4.48222
-4.50212
-4.50557
-4.49267
-4.46715
-4.43749
-4.4094
-4.39434
-4.39315
-4.40842
-4.43734
-4.47221
-4.50789
-4.54041
-4.5722
-4.604
-4.63722
-4.66244
-4.67343
-4.66683
-4.63932
-4.59533
-4.54567
-4.49885
-4.46532
-4.4459
-4.43148
-4.41513
-4.38734
-4.34327
-4.28869
-4.23653
-4.20535
-4.20846
-4.24133
-4.28614
-4.32987
-4.36463
-4.39031
-4.40496
-4.4104
-4.41023
-4.40986
-4.41492
-4.43523
-4.47277
-4.52765
-4.58359
-4.63061
-4.65709
-4.66335
-4.64388
-4.60218
-4.54461
-4.47581
-4.41397
-4.37032
-4.35584
-4.36882
-4.40084
-4.43639
-4.46835
-4.49086
-4.50308
-4.50311
-4.49118
-4.46686
-4.4345
-4.39956
-4.36922
-4.35293
-4.3564
-4.37774
-4.40636
-4.43034
-4.44603
-4.45441
-4.45637
-4.45612
-4.45516
-4.45613
-4.46671
-4.48415
-4.50474
-4.52242
-4.53676
-4.55074
-4.56055
-4.57115
-4.57925
-4.58958
-4.60064
-4.61267
-4.62334
-4.62779
-4.6245
-4.61228
-4.59314
-4.57188
-4.54692
-4.52073
-4.49205
-4.46344
-4.44051
-4.42587
-4.41829
-4.41369
-4.40488
-4.38782
-4.36158
-4.33016
-4.30062
-4.27981
-4.27578
-4.29488
-4.33403
-4.39416
-4.46445
-4.53222
-4.58205
-4.60696
-4.60338
-4.57683
-4.53678
-4.49294
-4.45171
-4.41299
-4.37887
-4.34961
-4.33307
-4.33743
-4.36985
-4.42881
-4.50095
-4.56986
-4.61198
-4.61901
-4.58625
-4.51922
-4.42424
-4.31865
-4.23216
-4.18929
-4.19293
-4.22807
-4.27392
-4.3118
-4.33019
-4.3295
-4.31923
-4.31996
-4.34092
-4.37185
-4.39892
-4.42092
-4.44311
-4.46725
-4.489
-4.50188
-4.50962
-4.51415
-4.52032
-4.52724
-4.5356
-4.54256
-4.54696
-4.54744
-4.54604
-4.54925
-4.55667
-4.56421
-4.56459
-4.55313
-4.52417
-4.48382
-4.43883
-4.39875
-4.36822
-4.35207
-4.35021
-4.36389
-4.38824
-4.4201
-4.45602
-4.48829
-4.5175
-4.54733
-4.57576
-4.60243
-4.62636
-4.64191
-4.6471
-4.63529
-4.60892
-4.57315
-4.53593
-4.50528
-4.48507
-4.47324
-4.4584
-4.43349
-4.39403
-4.34892
-4.30826
-4.28399
-4.27933
-4.28746
-4.30023
-4.30529
-4.2975
-4.28093
-4.27007
-4.27901
-4.30938
-4.35122
-4.3953
-4.43761
-4.47416
-4.50568
-4.53355
-4.55916
-4.5831
-4.60714
-4.62388
-4.62991
-4.62099
-4.59891
-4.56775
-4.53226
-4.49709
-4.46512
-4.43619
-4.41304
-4.40096
-4.40229
-4.4113
-4.42099
-4.42399
-4.41703
-4.3951
-4.3648
-4.32486
-4.28217
-4.24117
-4.2064
-4.18608
-4.18226
-4.19932
-4.23672
-4.29661
-4.37297
-4.45317
-4.52438
-4.5763
-4.60544
-4.61284
-4.60483
-4.58814
-4.57198
-4.5599
-4.55207
-4.54697
-4.54018
-4.52916
-4.51317
-4.49255
-4.4678
-4.443
-4.4196
-4.39952
-4.38484
-4.37072
-4.35499
-4.33241
-4.30686
-4.2843
-4.27266
-4.27188
-4.28092
-4.30146
-4.33744
-4.38401
-4.43171
-4.47033
-4.501
-4.52592
-4.54732
-4.56812
-4.58073
-4.58099
-4.56485
-4.53407
-4.4928
-4.44891
-4.41051
-4.38014
-4.35818
-4.33939
-4.31986
-4.29893
-4.27914
-4.26948
-4.27296
-4.28829
-4.31176
-4.33828
-4.36162
-4.37902
-4.3891
-4.4001
-4.41823
-4.44492
-4.47589
-4.50303
-4.5174
-4.51588
-4.50059
-4.48115
-4.46908
-4.47258
-4.48498
-4.50131
-4.51396
-4.51948
-4.51697
-4.51261
-4.51034
-4.51546
-4.53238
-4.55394
-4.5732
-4.58542
-4.5912
-4.59376
-4.59745
-4.60386
-4.60347
-4.58672
-4.54632
-4.49228
-4.45044
-4.4361
-4.44673
-4.46415
-4.47484
-4.47455
-4.46521
-4.46052
-4.46665
-4.48483
-4.5108
-4.53386
-4.55038
-4.55763
-4.55538
-4.54248
-4.52016
-4.48857
-4.44861
-4.39855
-4.34541
-4.29193
-4.25249
-4.24695
-4.28409
-4.35611
-4.43924
-4.51163
-4.56437
-4.5926
-4.59781
-4.58067
-4.54959
-4.51874
-4.49964
-4.5012
-4.52254
-4.55206
-4.57478
-4.58336
-4.57606
-4.55796
-4.53703
-4.52476
-4.52682
-4.54026
-4.56247
-4.58334
-4.60059
-4.60788
-4.6088
-4.6049
-4.59971
-4.59286
-4.58051
-4.56406
-4.54326
-4.52207
-4.508
-4.50076
-4.50435
-4.51644
-4.54101
-4.57655
-4.61722
-4.65319
-4.6694
-4.65968
-4.62606
-4.58023
-4.53054
-4.48801
-4.45444
-4.42579
-4.40195
-4.38684
-4.37695
-4.36605
-4.34072
-4.30241
-4.26028
-4.22877
-4.2261
-4.25734
-4.31019
-4.36239
-4.40066
-4.422
-4.43029
-4.43332
-4.43184
-4.42485
-4.41598
-4.40917
-4.40976
-4.42224
-4.44718
-4.47845
-4.50526
-4.52493
-4.53564
-4.53597
-4.52621
-4.50744
-4.47967
-4.44895
-4.41642
-4.38534
-4.35689
-4.33021
-4.30684
-4.29493
-4.30644
-4.34206
-4.3881
-4.42488
-4.44531
-4.45005
-4.45786
-4.48181
-4.52087
-4.5614
-4.59285
-4.61237
-4.62386
-4.63198
-4.63448
-4.63085
-4.62393
-4.6102
-4.58849
-4.56223
-4.53504
-4.51341
-4.49541
-4.47709
-4.45435
-4.42852
-4.40766
-4.39453
-4.39285
-4.4047
-4.43266
-4.4777
-4.53027
-4.57977
-4.6133
-4.62961
-4.62458
-4.60803
-4.58944
-4.57947
-4.58519
-4.60901
-4.64427
-4.6841
-4.71847
-4.74209
-4.75299
-4.75291
-4.74144
-4.7236
-4.70029
-4.67528
-4.65444
-4.63804
-4.62781
-4.61846
-4.60687
-4.59244
-4.5722
-4.54828
-4.52389
-4.49905
-4.47125
-4.43878
-4.40416
-4.37087
-4.34677
-4.33753
-4.34726
-4.376
-4.42296
-4.48121
-4.54474
-4.60459
-4.65083
-4.67912
-4.68962
-4.67794
-4.65074
-4.61678
-4.58651
-4.56719
-4.55669
-4.54584
-4.52608
-4.49197
-4.44791
-4.40431
-4.37738
-4.37659
-4.402
-4.44229
-4.48677
-4.53055
-4.56885
-4.59644
-4.60881
-4.60324
-4.58557
-4.56352
-4.54773
-4.54474
-4.55573
-4.57208
-4.5882
-4.59975
-4.6043
-4.60157
-4.58951
-4.56891
-4.5422
-4.51131
-4.47352
-4.42982
-4.38284
-4.33897
-4.3039
-4.27758
-4.25906
-4.25651
-4.27482
-4.3059
-4.33634
-4.35136
-4.35205
-4.35461
-4.37838
-4.41924
-4.45913
-4.48193
-4.4844
-4.47097
-4.448
-4.42907
-4.42052
-4.4148
-4.40686
-4.38676
-4.34838
-4.29864
-4.24674
-4.20195
-4.17639
-4.17703
-4.2063
-4.26089
-4.32771
-4.38539
-4.42476
-4.44014
-4.43624
-4.42368
-4.4137
-4.41444
-4.42721
-4.44626
-4.4679
-4.48752
-4.50686
-4.5247
-4.54251
-4.55815
-4.56908
-4.5722
-4.5661
-4.5478
-4.51761
-4.48333
-4.45523
-4.44729
-4.46317
-4.49756
-4.53878
-4.57422
-4.5967
-4.60247
-4.59213
-4.56715
-4.5336
-4.49853
-4.47523
-4.4704
-4.48511
-4.5124
-4.53683
-4.55034
-4.53855
-4.49604
-4.42843
-4.34858
-4.27427
-4.22734
-4.22364
-4.2565
-4.29951
-4.3329
-4.34826
-4.34631
-4.3334
-4.31633
-4.30582
-4.31068
-4.33247
-4.35832
-4.38005
-4.39481
-4.4058
-4.41885
-4.44012
-4.46954
-4.49936
-4.51694
-4.51089
-4.47957
-4.4274
-4.36341
-4.30263
-4.25611
-4.23506
-4.24049
-4.26846
-4.31044
-4.35449
-4.39525
-4.42433
-4.43657
-4.43104
-4.40952
-4.3931
-4.39413
-4.41043
-4.43149
-4.44901
-4.45998
-4.46502
-4.46757
-4.47468
-4.48404
-4.49456
-4.49964
-4.49561
-4.48416
-4.47107
-4.46416
-4.47078
-4.49443
-4.53783
-4.59251
-4.64026
-4.67055
-4.6794
-4.66893
-4.64619
-4.6235
-4.61129
-4.61795
-4.64327
-4.6732
-4.68894
-4.67436
-4.62192
-4.54297
-4.46378
-4.41718
-4.4294
-4.49868
-4.59876
-4.69653
-4.7751
-4.82675
-4.85342
-4.85519
-4.83053
-4.77982
-4.70438
-4.60983
-4.5206
-4.47145
-4.46798
-4.48376
-4.49477
-4.50033
-4.50784
-4.51828
-4.52971
-4.53327
-4.52728
-4.51427
-4.49641
-4.47294
-4.44159
-4.39908
-4.34805
-4.29658
-4.25445
-4.22795
-4.22219
-4.233
-4.25542
-4.28867
-4.33504
-4.38829
-4.44099
-4.48019
-4.50407
-4.50977
-4.50088
-4.48696
-4.47059
-4.45634
-4.43701
-4.40996
-4.37456
-4.33516
-4.3022
-4.28162
-4.26957
-4.25718
-4.23551
-4.20689
-4.17749
-4.15951
-4.16146
-4.18535
-4.22524
-4.27149
-4.32121
-4.36911
-4.41743
-4.46034
-4.49935
-4.53177
-4.55303
-4.56324
-4.56352
-4.5554
-4.54133
-4.52014
-4.49499
-4.4672
-4.43684
-4.40791
-4.38071
-4.35085
-4.31504
-4.26689
-4.20803
-4.14586
-4.09184
-4.06141
-4.06446
-4.10737
-4.18895
-4.29115
-4.37682
-4.42934
-4.44258
-4.42506
-4.38957
-4.35167
-4.3226
-4.30389
-4.2925
-4.28437
-4.28234
-4.29307
-4.31951
-4.36247
-4.41084
-4.45321
-4.48
-4.48606
-4.47519
-4.45898
-4.44531
-4.44243
-4.44898
-4.46189
-4.47818
-4.49724
-4.51862
-4.53914
-4.55376
-4.56263
-4.55898
-4.54568
-4.52317
-4.49328
-4.46064
-4.4403
-4.45359
-4.50695
-4.57588
-4.63114
-4.65913
-4.66112
-4.63938
-4.60572
-4.57455
-4.55918
-4.569
-4.59898
-4.63831
-4.6744
-4.69774
-4.7013
-4.6844
-4.64898
-4.59902
-4.54066
-4.48544
-4.43989
-4.4124
-4.4132
-4.4391
-4.48606
-4.5409
-4.58465
-4.60573
-4.60299
-4.58627
-4.56583
-4.54794
-4.53015
-4.50812
-4.48453
-4.46382
-4.45045
-4.44803
-4.45116
-4.44795
-4.43344
-4.41058
-4.38563
-4.36743
-4.3607
-4.3682
-4.3862
-4.40726
-4.42525
-4.43326
-4.42804
-4.40916
-4.37711
-4.34355
-4.32098
-4.32099
-4.34086
-4.37392
-4.40548
-4.4273
-4.43755
-4.44114
-4.4373
-4.43164
-4.42493
-4.42107
-4.41781
-4.41316
-4.40843
-4.39989
-4.38929
-4.37652
-4.36919
-4.36845
-4.36733
-4.35331
-4.31925
-4.26281
-4.19239
-4.12512
-4.08771
-4.09289
-4.13021
-4.17665
-4.22002
-4.2587
-4.29954
-4.34436
-4.39702
-4.4502
-4.49798
-4.5375
-4.56589
-4.58224
-4.58726
-4.57909
-4.55531
-4.51341
-4.45332
-4.37854
-4.29464
-4.21071
-4.1394
-4.09523
-4.08802
-4.12027
-4.18178
-4.25793
-4.33407
-4.39959
-4.4488
-4.4774
-4.4822
-4.46718
-4.44058
-4.41446
-4.40411
-4.42139
-4.46723
-4.52995
-4.59321
-4.64327
-4.67315
-4.68393
-4.68169
-4.67054
-4.65267
-4.62678
-4.59608
-4.56745
-4.54402
-4.52919
-4.52258
-4.51597
-4.51162
-4.50952
-4.51309
-4.52267
-4.5309
-4.53639
-4.53686
-4.52908
-4.51753
-4.51334
-4.52664
-4.55752
-4.59175
-4.61003
-4.60314
-4.56784
-4.51306
-4.45847
-4.42234
-4.41041
-4.42071
-4.43515
-4.4452
-4.44588
-4.43302
-4.40952
-4.378
-4.34307
-4.31312
-4.29737
-4.29405
-4.29518
-4.29471
-4.29028
-4.28173
-4.26848
-4.2535
-4.23594
-4.21396
-4.19418
-4.17895
-4.17372
-4.18111
-4.1996
-4.22231
-4.24164
-4.25258
-4.25621
-4.25843
-4.26012
-4.26869
-4.28515
-4.30743
-4.32992
-4.34977
-4.36985
-4.39279
-4.42224
-4.46445
-4.51317
-4.55446
-4.58128
-4.58961
-4.58361
-4.56549
-4.54158
-4.52147
-4.50787
-4.50562
-4.51484
-4.53295
-4.55141
-4.55767
-4.54681
-4.52116
-4.48552
-4.44899
-4.41846
-4.40272
-4.40915
-4.43903
-4.48994
-4.55285
-4.6223
-4.68487
-4.73199
-4.7605
-4.7678
-4.76447
-4.75148
-4.73851
-4.7249
-4.71316
-4.70237
-4.69242
-4.68231
-4.6711
-4.65831
-4.64252
-4.61902
-4.58612
-4.54681
-4.50376
-4.45577
-4.40809
-4.36328
-4.32436
-4.2901
-4.26284
-4.2527
-4.26231
-4.29253
-4.33308
-4.37438
-4.41408
-4.45017
-4.48395
-4.51561
-4.54212
-4.56653
-4.58535
-4.60008
-4.61046
-4.61618
-4.61536
-4.60426
-4.57885
-4.53746
-4.48682
-4.43631
-4.39828
-4.38258
-4.39556
-4.43007
-4.47397
-4.5227
-4.57029
-4.60972
-4.631
-4.6281
-4.60111
-4.55737
-4.5133
-4.48338
-4.46891
-4.46279
-4.4579
-4.44766
-4.43957
-4.43752
-4.447
-4.46306
-4.47737
-4.48035
-4.46854
-4.44085
-4.40173
-4.3578
-4.31963
-4.29408
-4.28418
-4.29422
-4.32093
-4.36194
-4.40668
-4.4479
-4.48731
-4.52557
-4.5592
-4.57535
-4.57029
-4.555
-4.54504
-4.54546
-4.5568
-4.57405
-4.58474
-4.58446
-4.57497
-4.56187
-4.55498
-4.5573
-4.56277
-4.56338
-4.55036
-4.51998
-4.47555
-4.42306
-4.36766
-4.32034
-4.28874
-4.27973
-4.29512
-4.32857
-4.36541
-4.39957
-4.42761
-4.44953
-4.46812
-4.48466
-4.49941
-4.51972
-4.54806
-4.59422
-4.65987
-4.73907
-4.81275
-4.86467
-4.8841
-4.86986
-4.83197
-4.78625
-4.74792
-4.72518
-4.71448
-4.709
-4.69986
-4.67967
-4.63955
-4.57469
-4.49406
-4.41921
-4.36875
-4.34405
-4.33545
-4.33484
-4.33705
-4.34429
-4.35615
-4.375
-4.40173
-4.43367
-4.47155
-4.51939
-4.57142
-4.62287
-4.66036
-4.6767
-4.67355
-4.65874
-4.64507
-4.63509
-4.62076
-4.59776
-4.56552
-4.5304
-4.50271
-4.48995
-4.50303
-4.53413
-4.57321
-4.60944
-4.63579
-4.64561
-4.63652
-4.61161
-4.57452
-4.53154
-4.48886
-4.44904
-4.41276
-4.3804
-4.35759
-4.34804
-4.3499
-4.363
-4.38509
-4.41738
-4.45987
-4.50709
-4.55644
-4.60467
-4.64662
-4.6794
-4.69406
-4.68315
-4.64503
-4.58368
-4.51606
-4.46028
-4.42528
-4.41506
-4.42654
-4.45684
-4.50151
-4.5543
-4.604
-4.64054
-4.658
-4.65513
-4.63522
-4.60464
-4.56763
-4.52792
-4.48988
-4.46066
-4.44202
-4.4328
-4.432
-4.43308
-4.43946
-4.45859
-4.49282
-4.5366
-4.57739
-4.60658
-4.62237
-4.62123
-4.60525
-4.58084
-4.55104
-4.52194
-4.49387
-4.47568
-4.47016
-4.47237
-4.47114
-4.46031
-4.4398
-4.41245
-4.38688
-4.37336
-4.37156
-4.3786
-4.39266
-4.41273
-4.43253
-4.44996
-4.4596
-4.46483
-4.46948
-4.47495
-4.4806
-4.48355
-4.48114
-4.47111
-4.45844
-4.44694
-4.44079
-4.44131
-4.44752
-4.45206
-4.45367
-4.44891
-4.44021
-4.42777
-4.4078
-4.38362
-4.35938
-4.33671
-4.32033
-4.30494
-4.28469
-4.2654
-4.24595
-4.22877
-4.21466
-4.20483
-4.20394
-4.21748
-4.25114
-4.29929
-4.35428
-4.4074
-4.4507
-4.48109
-4.49938
-4.51036
-4.5202
-4.52993
-4.54367
-4.55842
-4.57312
-4.58333
-4.58822
-4.58528
-4.57645
-4.55934
-4.53362
-4.50457
-4.47874
-4.46692
-4.48222
-4.51555
-4.56083
-4.61177
-4.65513
-4.68082
-4.67433
-4.63754
-4.58388
-4.54272
-4.53132
-4.54378
-4.56199
-4.57426
-4.58226
-4.58882
-4.58995
-4.58109
-4.55335
-4.50747
-4.44833
-4.38869
-4.34106
-4.31595
-4.31667
-4.33386
-4.35377
-4.36934
-4.38166
-4.39699
-4.4267
-4.47032
-4.51917
-4.5582
-4.5726
-4.5586
-4.52157
-4.49338
-4.50282
-4.54323
-4.57897
-4.58577
-4.56453
-4.52649
-4.48195
-4.44454
-4.42098
-4.41162
-4.40835
-4.40191
-4.38875
-4.369
-4.34854
-4.33263
-4.32387
-4.32828
-4.34524
-4.36752
-4.39157
-4.41043
-4.41959
-4.41947
-4.42068
-4.42987
-4.4471
-4.47149
-4.4976
-4.52041
-4.53321
-4.53626
-4.5336
-4.53028
-4.53379
-4.54487
-4.55789
-4.56349
-4.55383
-4.52975
-4.49029
-4.44321
-4.39389
-4.35474
-4.33425
-4.33341
-4.35045
-4.38094
-4.41962
-4.4641
-4.50861
-4.54734
-4.57819
-4.59309
-4.59528
-4.58695
-4.57425
-4.56363
-4.55654
-4.55719
-4.56228
-4.57056
-4.5795
-4.588
-4.59345
-4.59476
-4.59169
-4.58224
-4.5717
-4.55967
-4.54643
-4.53007
-4.50788
-4.48232
-4.45774
-4.44162
-4.44057
-4.45638
-4.48422
-4.51226
-4.52666
-4.51911
-4.49454
-4.45879
-4.42538
-4.40735
-4.41386
-4.44043
-4.47652
-4.50772
-4.51698
-4.49631
-4.44135
-4.35951
-4.26463
-4.18344
-4.13957
-4.14639
-4.19726
-4.26907
-4.33524
-4.38394
-4.41227
-4.42422
-4.42798
-4.43075
-4.43589
-4.44424
-4.45111
-4.45121
-4.44055
-4.43115
-4.42962
-4.43782
-4.4521
-4.46451
-4.46527
-4.4474
-4.40974
-4.36464
-4.32311
-4.29277
-4.27583
-4.2708
-4.27934
-4.29924
-4.32905
-4.36297
-4.40147
-4.44346
-4.48646
-4.52533
-4.55604
-4.5734
-4.57777
-4.56278
-4.53247
-4.49683
-4.46707
-4.45335
-4.45662
-4.46185
-4.4524
-4.42422
-4.38023
-4.33424
-4.30166
-4.30149
-4.33452
-4.39166
-4.46114
-4.53136
-4.59372
-4.64314
-4.67836
-4.69709
-4.6964
-4.67964
-4.64445
-4.59823
-4.55013
-4.50725
-4.47444
-4.45747
-4.46024
-4.48457
-4.52417
-4.56963
-4.60907
-4.63915
-4.65173
-4.65104
-4.64631
-4.64965
-4.65668
-4.65854
-4.64676
-4.61909
-4.57982
-4.5278
-4.4646
-4.40189
-4.3517
-4.32803
-4.33293
-4.35682
-4.38979
-4.42075
-4.44823
-4.46881
-4.48276
-4.4879
-4.48639
-4.47652
-4.46306
-4.44344
-4.41815
-4.3938
-4.3793
-4.39283
-4.43532
-4.48419
-4.52072
-4.53525
-4.53263
-4.52456
-4.52037
-4.52052
-4.51804
-4.50974
-4.49413
-4.47759
-4.46605
-4.46268
-4.46308
-4.46282
-4.4647
-4.47196
-4.48301
-4.49347
-4.49763
-4.49198
-4.47614
-4.45382
-4.43083
-4.40924
-4.39325
-4.38234
-4.37242
-4.35922
-4.33673
-4.3013
-4.25592
-4.21334
-4.18151
-4.16811
-4.17845
-4.20912
-4.25288
-4.30292
-4.35307
-4.39351
-4.41549
-4.41581
-4.39868
-4.37713
-4.36758
-4.36879
-4.36784
-4.3511
-4.3215
-4.30127
-4.31692
-4.37592
-4.45669
-4.53527
-4.59586
-4.63795
-4.66247
-4.6757
-4.67955
-4.67165
-4.65063
-4.61631
-4.57525
-4.5387
-4.51867
-4.51707
-4.52793
-4.54737
-4.57208
-4.59562
-4.61372
-4.62259
-4.6204
-4.60818
-4.58847
-4.56264
-4.53255
-4.50446
-4.48269
-4.46868
-4.46418
-4.46522
-4.46207
-4.44925
-4.42152
-4.38561
-4.34949
-4.32352
-4.31807
-4.33776
-4.38034
-4.43242
-4.4849
-4.52592
-4.55301
-4.56313
-4.55363
-4.52251
-4.47435
-4.41637
-4.36117
-4.31602
-4.28227
-4.26366
-4.25869
-4.26848
-4.28684
-4.31109
-4.33141
-4.34221
-4.34374
-4.3342
-4.32614
-4.32645
-4.33531
-4.34804
-4.36144
-4.37432
-4.38501
-4.39211
-4.38936
-4.37397
-4.34886
-4.31706
-4.28525
-4.26255
-4.2602
-4.28959
-4.34496
-4.41361
-4.47629
-4.52314
-4.54962
-4.55624
-4.54466
-4.52127
-4.49125
-4.4597
-4.42839
-4.39848
-4.3778
-4.36832
-4.37531
-4.39699
-4.42866
-4.46158
-4.49039
-4.50677
-4.50794
-4.48987
-4.45535
-4.41328
-4.37434
-4.3497
-4.34896
-4.37104
-4.40692
-4.44892
-4.48756
-4.52159
-4.5461
-4.56104
-4.56375
-4.55729
-4.54243
-4.52003
-4.48736
-4.44
-4.38354
-4.3237
-4.26944
-4.23022
-4.2114
-4.22052
-4.25411
-4.30603
-4.36691
-4.43179
-4.49749
-4.56117
-4.61445
-4.64809
-4.65411
-4.62749
-4.57108
-4.49086
-4.40294
-4.32394
-4.26942
-4.24125
-4.23612
-4.24262
-4.25386
-4.26656
-4.27576
-4.28124
-4.2825
-4.28309
-4.28622
-4.29916
-4.31948
-4.34073
-4.36153
-4.38227
-4.40208
-4.41878
-4.42866
-4.42897
-4.41863
-4.39703
-4.36542
-4.32683
-4.2868
-4.2531
-4.23383
-4.23449
-4.25748
-4.3036
-4.36131
-4.42239
-4.47457
-4.5126
-4.53765
-4.55168
-4.5562
-4.55186
-4.54373
-4.53427
-4.52699
-4.52021
-4.51095
-4.49107
-4.46214
-4.43199
-4.41441
-4.41641
-4.44053
-4.48143
-4.52705
-4.57532
-4.62836
-4.69219
-4.75219
-4.78944
-4.78912
-4.75077
-4.68157
-4.61094
-4.56547
-4.55792
-4.56483
-4.56063
-4.53487
-4.49168
-4.43886
-4.3858
-4.34358
-4.31727
-4.30865
-4.3183
-4.34258
-4.37293
-4.40166
-4.42613
-4.4418
-4.4507
-4.44814
-4.43772
-4.41756
-4.40113
-4.3998
-4.42763
-4.48015
-4.54461
-4.60792
-4.66399
-4.70412
-4.72623
-4.72636
-4.71
-4.67773
-4.63619
-4.59298
-4.55537
-4.52553
-4.50175
-4.48121
-4.46536
-4.45684
-4.45988
-4.47548
-4.50121
-4.5279
-4.54726
-4.555
-4.54701
-4.52281
-4.48896
-4.44766
-4.40398
-4.37053
-4.35986
-4.38057
-4.42926
-4.48761
-4.54342
-4.58406
-4.60245
-4.59523
-4.56727
-4.52865
-4.49278
-4.46834
-4.45887
-4.46075
-4.47516
-4.50136
-4.54005
-4.58256
-4.6186
-4.63822
-4.63762
-4.62413
-4.61407
-4.61019
-4.61187
-4.61405
-4.61424
-4.6152
-4.61528
-4.61731
-4.62061
-4.6259
-4.63071
-4.63235
-4.62643
-4.61051
-4.58608
-4.55755
-4.53077
-4.50853
-4.4904
-4.47226
-4.44287
-4.39356
-4.32446
-4.25021
-4.19109
-4.16374
-4.17108
-4.20198
-4.24566
-4.29721
-4.34898
-4.3921
-4.42094
-4.43519
-4.43788
-4.43982
-4.44689
-4.46549
-4.49382
-4.52756
-4.55893
-4.58443
-4.60219
-4.61033
-4.61068
-4.60426
-4.59547
-4.58664
-4.57846
-4.56498
-4.54464
-4.51599
-4.48406
-4.45668
-4.43905
-4.43031
-4.42992
-4.43674
-4.45066
-4.47071
-4.49678
-4.52594
-4.55141
-4.5653
-4.5701
-4.5723
-4.57915
-4.58946
-4.59414
-4.58298
-4.55514
-4.51857
-4.48213
-4.43963
-4.38392
-4.32059
-4.25821
-4.20974
-4.18061
-4.18139
-4.21836
-4.28584
-4.36985
-4.45135
-4.51857
-4.5695
-4.6074
-4.63396
-4.64983
-4.65573
-4.65069
-4.63576
-4.61144
-4.57922
-4.54321
-4.50827
-4.48047
-4.46514
-4.46514
-4.47619
-4.49537
-4.51638
-4.53554
-4.55233
-4.57134
-4.60281
-4.64207
-4.67752
-4.7006
-4.70482
-4.69566
-4.67593
-4.64665
-4.60692
-4.56163
-4.51766
-4.47749
-4.44307
-4.41075
-4.38003
-4.35066
-4.32747
-4.31831
-4.32588
-4.35391
-4.39767
-4.45051
-4.50039
-4.54047
-4.5661
-4.57523
-4.56974
-4.55345
-4.52792
-4.49979
-4.47396
-4.45159
-4.43228
-4.418
-4.40889
-4.40839
-4.4174
-4.43309
-4.45426
-4.4758
-4.49362
-4.50475
-4.5069
-4.50118
-4.4899
-4.47687
-4.4686
-4.46945
-4.48338
-4.51204
-4.55066
-4.58803
-4.61512
-4.62411
-4.61402
-4.58699
-4.54381
-4.49138
-4.43201
-4.37232
-4.31594
-4.26837
-4.22921
-4.20249
-4.18893
-4.19205
-4.21139
-4.24524
-4.28983
-4.33989
-4.38917
-4.43121
-4.46271
-4.48056
-4.48345
-4.47187
-4.44219
-4.40006
-4.35498
-4.32561
-4.32708
-4.36424
-4.42209
-4.48114
-4.52426
-4.54617
-4.54681
-4.52682
-4.48941
-4.43723
-4.3794
-4.32515
-4.28449
-4.26575
-4.26759
-4.28625
-4.31499
-4.34973
-4.38767
-4.42719
-4.46918
-4.5084
-4.53941
-4.55625
-4.55437
-4.53403
-4.5006
-4.4594
-4.41228
-4.35986
-4.30547
-4.2596
-4.23608
-4.24717
-4.28753
-4.34199
-4.39573
-4.43524
-4.45761
-4.47013
-4.47874
-4.49011
-4.50878
-4.53557
-4.56122
-4.58037
-4.58456
-4.57528
-4.55512
-4.52961
-4.50275
-4.47304
-4.44223
-4.41096
-4.38221
-4.36109
-4.35171
-4.35599
-4.37326
-4.40189
-4.43446
-4.46417
-4.48258
-4.4874
-4.48125
-4.47417
-4.47493
-4.48017
-4.48182
-4.47188
-4.44415
-4.40276
-4.35424
-4.31152
-4.28301
-4.28227
-4.31514
-4.36376
-4.40513
-4.431
-4.44641
-4.45942
-4.47358
-4.48299
-4.47957
-4.46352
-4.43572
-4.40219
-4.37139
-4.35106
-4.34632
-4.35872
-4.38829
-4.43149
-4.47961
-4.52284
-4.55351
-4.565
-4.56319
-4.55741
-4.56042
-4.5804
-4.6142
-4.65506
-4.69189
-4.71793
-4.72947
-4.725
-4.70864
-4.68271
-4.65175
-4.623
-4.59846
-4.57904
-4.56266
-4.54125
-4.51297
-4.47415
-4.42859
-4.37993
-4.33904
-4.31618
-4.31883
-4.34987
-4.4028
-4.46587
-4.52955
-4.58125
-4.61573
-4.62687
-4.61641
-4.58345
-4.5366
-4.48614
-4.44318
-4.41018
-4.38893
-4.37198
-4.35322
-4.3287
-4.29989
-4.27498
-4.26354
-4.27072
-4.29749
-4.33655
-4.37862
-4.41335
-4.43854
-4.45849
-4.47637
-4.49757
-4.52365
-4.55202
-4.57643
-4.59677
-4.60709
-4.60367
-4.58249
-4.54222
-4.49031
-4.44188
-4.41397
-4.41531
-4.44207
-4.47922
-4.511
-4.53092
-4.54055
-4.54712
-4.55635
-4.56858
-4.57981
-4.5816
-4.57192
-4.54564
-4.50896
-4.46549
-4.42551
-4.39947
-4.39249
-4.40619
-4.43643
-4.47487
-4.51923
-4.56277
-4.60119
-4.63019
-4.64259
-4.64035
-4.62148
-4.58659
-4.53679
-4.47541
-4.40801
-4.34327
-4.28812
-4.24234
-4.20117
-4.16593
-4.14222
-4.13946
-4.15162
-4.17564
-4.2086
-4.24791
-4.28989
-4.32518
-4.35428
-4.375
-4.38488
-4.38252
-4.36837
-4.34529
-4.31719
-4.28914
-4.26318
-4.24112
-4.22511
-4.21774
-4.2168
-4.22214
-4.23432
-4.25512
-4.28295
-4.31272
-4.33558
-4.34125
-4.32796
-4.30222
-4.27614
-4.25514
-4.24049
-4.22879
-4.22737
-4.25122
-4.31154
-4.39781
-4.48233
-4.54561
-4.58225
-4.60043
-4.61029
-4.62098
-4.62757
-4.62894
-4.61475
-4.57959
-4.52083
-4.44286
-4.35617
-4.28196
-4.24291
-4.24906
-4.29335
-4.35552
-4.41768
-4.46502
-4.48766
-4.48416
-4.45431
-4.40919
-4.3631
-4.33086
-4.31732
-4.3207
-4.33645
-4.35662
-4.37716
-4.38898
-4.38589
-4.37051
-4.35012
-4.33745
-4.32957
-4.32026
-4.30888
-4.30096
-4.29967
-4.30381
-4.30812
-4.31494
-4.32088
-4.32422
-4.32755
-4.32914
-4.33242
-4.33843
-4.34608
-4.3545
-4.36281
-4.36976
-4.37884
-4.3899
-4.40485
-4.41947
-4.42736
-4.42526
-4.416
-4.40543
-4.40491
-4.42411
-4.46053
-4.50166
-4.53258
-4.5488
-4.55434
-4.55131
-4.54168
-4.51951
-4.48663
-4.44818
-4.41287
-4.39608
-4.4065
-4.44281
-4.49656
-4.54928
-4.58833
-4.60912
-4.61215
-4.60752
-4.60061
-4.5946
-4.5908
-4.58815
-4.58437
-4.57867
-4.56861
-4.55108
-4.53133
-4.5121
-4.50112
-4.50009
-4.50545
-4.51605
-4.53195
-4.55224
-4.56956
-4.57424
-4.55849
-4.52809
-4.49309
-4.47211
-4.47823
-4.50812
-4.54742
-4.58183
-4.6026
-4.6117
-4.60912
-4.59197
-4.56007
-4.51399
-4.45485
-4.39146
-4.33533
-4.30368
-4.30648
-4.33648
-4.37831
-4.41331
-4.42787
-4.41744
-4.3846
-4.33129
-4.27053
-4.21619
-4.19135
-4.21463
-4.29162
-4.40578
-4.52896
-4.63739
-4.71783
-4.76692
-4.78297
-4.77192
-4.73605
-4.68226
-4.61381
-4.53683
-4.45128
-4.36703
-4.29116
-4.23364
-4.20354
-4.20072
-4.22655
-4.27271
-4.3305
-4.38634
-4.43798
-4.47668
-4.50085
-4.5119
-4.51365
-4.50888
-4.50403
-4.50211
-4.50626
-4.51817
-4.5391
-4.5643
-4.58869
-4.60642
-4.61061
-4.60007
-4.57795
-4.54593
-4.51377
-4.48882
-4.47402
-4.47451
-4.48747
-4.50516
-4.5202
-4.52552
-4.52099
-4.50831
-4.49115
-4.47266
-4.45204
-4.42771
-4.40089
-4.37266
-4.34745
-4.33123
-4.32912
-4.34626
-4.3812
-4.42747
-4.47447
-4.51463
-4.54639
-4.5707
-4.58832
-4.59819
-4.5969
-4.58308
-4.55924
-4.52732
-4.48714
-4.44846
-4.41742
-4.40229
-4.40441
-4.42809
-4.46466
-4.51442
-4.56963
-4.62329
-4.66687
-4.69388
-4.69893
-4.6863
-4.66138
-4.63049
-4.60182
-4.57553
-4.55043
-4.52219
-4.48684
-4.44324
-4.39554
-4.35015
-4.30902
-4.28162
-4.26698
-4.26382
-4.26811
-4.27938
-4.29176
-4.30729
-4.32594
-4.34401
-4.35651
-4.35927
-4.35417
-4.34326
-4.33314
-4.33224
-4.3479
-4.38102
-4.42945
-4.48267
-4.52831
-4.55951
-4.56609
-4.55441
-4.53145
-4.51094
-4.49931
-4.49489
-4.49677
-4.49991
-4.50345
-4.51084
-4.52203
-4.54345
-4.57877
-4.62721
-4.68394
-4.73622
-4.77283
-4.78985
-4.78575
-4.76436
-4.73109
-4.68993
-4.64168
-4.5888
-4.53635
-4.49992
-4.48938
-4.5107
-4.55891
-4.6236
-4.69453
-4.75779
-4.80582
-4.83171
-4.83626
-4.8219
-4.79394
-4.75916
-4.72086
-4.68264
-4.64916
-4.62327
-4.61107
-4.61253
-4.62639
-4.63943
-4.64262
-4.63233
-4.61567
-4.60431
-4.60173
-4.604
-4.6064
-4.60031
-4.58637
-4.56949
-4.55697
-4.55381
-4.56274
-4.5818
-4.60297
-4.61909
-4.62662
-4.62235
-4.60667
-4.57603
-4.53047
-4.46603
-4.39375
-4.32746
-4.2833
-4.27118
-4.28274
-4.30822
-4.34216
-4.37985
-4.41347
-4.44127
-4.46065
-4.47272
-4.47432
-4.46421
-4.44234
-4.409
-4.36583
-4.31837
-4.27636
-4.24962
-4.24331
-4.25495
-4.27855
-4.3037
-4.32813
-4.34984
-4.3687
-4.38433
-4.39645
-4.4064
-4.4104
-4.41233
-4.40951
-4.40348
-4.40044
-4.40438
-4.41673
-4.43664
-4.46168
-4.4869
-4.50713
-4.52277
-4.53116
-4.53416
-4.53527
-4.53569
-4.53667
-4.53552
-4.51945
-4.49031
-4.45769
-4.43034
-4.41641
-4.41388
-4.41804
-4.42481
-4.4321
-4.44305
-4.46135
-4.48709
-4.51294
-4.53473
-4.54679
-4.55222
-4.5527
-4.54188
-4.51747
-4.48396
-4.45153
-4.4263
-4.41314
-4.40353
-4.39557
-4.39149
-4.3922
-4.39821
-4.4038
-4.40938
-4.41167
-4.41038
-4.40714
-4.41203
-4.4248
-4.43247
-4.43179
-4.4293
-4.43431
-4.44748
-4.46346
-4.4748
-4.48068
-4.48792
-4.49978
-4.51139
-4.51449
-4.50621
-4.49294
-4.48429
-4.48638
-4.50132
-4.52477
-4.55391
-4.583
-4.6092
-4.63446
-4.65795
-4.67977
-4.70017
-4.71437
-4.72102
-4.72248
-4.7181
-4.70962
-4.6993
-4.68365
-4.66237
-4.63761
-4.61187
-4.5902
-4.57906
-4.56858
-4.5526
-4.52098
-4.47424
-4.41714
-4.36448
-4.32677
-4.31614
-4.33101
-4.36282
-4.3966
-4.41702
-4.42556
-4.42394
-4.41809
-4.4131
-4.40914
-4.40499
-4.4024
-4.39962
-4.39827
-4.39767
-4.39597
-4.39372
-4.38949
-4.38319
-4.37143
-4.3579
-4.34443
-4.33804
-4.3427
-4.36467
-4.3989
-4.4459
-4.49791
-4.55134
-4.59877
-4.63859
-4.66872
-4.69058
-4.70387
-4.71319
-4.71671
-4.71643
-4.70592
-4.68514
-4.65453
-4.61855
-4.58323
-4.55334
-4.53406
-4.51671
-4.49342
-4.46188
-4.42804
-4.39966
-4.38463
-4.38582
-4.40117
-4.42089
-4.43646
-4.4398
-4.43108
-4.41156
-4.38893
-4.37036
-4.36032
-4.36274
-4.37694
-4.3996
-4.42379
-4.44278
-4.45346
-4.45522
-4.45254
-4.45079
-4.45474
-4.46539
-4.47841
-4.49162
-4.49632
-4.48682
-4.45995
-4.41971
-4.37706
-4.34174
-4.32144
-4.31633
-4.32392
-4.34398
-4.37399
-4.409
-4.44408
-4.47518
-4.49747
-4.51143
-4.51629
-4.51524
-4.51115
-4.50862
-4.50384
-4.49427
-4.48039
-4.45925
-4.43456
-4.40489
-4.37219
-4.33754
-4.30436
-4.27381
-4.24907
-4.23135
-4.21995
-4.21715
-4.22472
-4.24297
-4.26749
-4.29038
-4.30811
-4.31306
-4.30056
-4.27831
-4.2605
-4.25708
-4.26906
-4.29237
-4.32209
-4.35729
-4.39977
-4.45052
-4.50284
-4.55067
-4.58463
-4.59392
-4.5799
-4.54966
-4.51622
-4.49401
-4.48393
-4.47761
-4.47039
-4.46018
-4.44847
-4.43709
-4.42252
-4.40323
-4.38381
-4.36606
-4.35372
-4.34216
-4.32996
-4.31421
-4.29731
-4.29025
-4.29925
-4.32726
-4.36831
-4.41438
-4.45917
-4.49704
-4.52422
-4.53942
-4.54442
-4.53854
-4.52304
-4.49761
-4.46946
-4.43786
-4.40872
-4.38459
-4.36952
-4.36731
-4.37785
-4.40141
-4.42764
-4.44703
-4.45691
-4.45327
-4.43926
-4.42089
-4.40623
-4.39885
-4.40711
-4.43146
-4.46632
-4.5057
-4.5429
-4.57299
-4.59531
-4.6105
-4.61994
-4.62464
-4.62566
-4.62071
-4.60504
-4.57622
-4.53764
-4.50011
-4.47151
-4.4519
-4.44363
-4.44856
-4.46528
-4.48899
-4.51449
-4.5382
-4.5554
-4.56429
-4.5626
-4.54477
-4.50609
-4.44483
-4.35707
-4.2468
-4.12425
-4.01211
-3.94152
-3.93866
-4.00149
-4.10177
-4.20446
-4.28782
-4.34465
-4.38084
-4.40174
-4.41145
-4.41706
-4.42124
-4.42822
-4.43911
-4.44984
-4.46239
-4.47599
-4.4921
-4.5081
-4.5201
-4.52581
-4.52567
-4.51953
-4.50625
-4.48974
-4.47107
-4.45442
-4.44059
-4.43234
-4.42756
-4.42441
-4.42307
-4.4236
-4.42725
-4.43563
-4.44552
-4.45307
-4.45596
-4.45191
-4.44386
-4.44073
-4.44579
-4.45811
-4.47103
-4.48327
-4.49384
-4.50518
-4.51974
-4.53976
-4.55995
-4.57941
-4.59389
-4.60677
-4.61461
-4.61357
-4.60172
-4.57808
-4.54626
-4.51061
-4.47631
-4.44446
-4.42044
-4.40709
-4.40596
-4.4127
-4.41531
-4.41229
-4.40629
-4.40869
-4.42309
-4.45519
-4.50185
-4.55387
-4.60204
-4.63642
-4.65286
-4.65047
-4.63651
-4.61579
-4.5996
-4.58735
-4.57924
-4.57258
-4.56043
-4.5438
-4.52116
-4.4981
-4.48099
-4.47843
-4.49047
-4.5111
-4.52871
-4.53468
-4.53101
-4.51863
-4.50417
-4.48619
-4.46907
-4.44717
-4.42031
-4.38861
-4.35601
-4.33124
-4.3246
-4.34498
-4.39769
-4.47487
-4.55681
-4.62827
-4.67896
-4.70338
-4.70574
-4.6888
-4.65594
-4.61262
-4.56537
-4.51764
-4.47464
-4.44045
-4.41977
-4.41507
-4.42626
-4.44305
-4.46122
-4.47352
-4.48155
-4.48762
-4.49737
-4.51464
-4.53853
-4.56719
-4.59062
-4.60674
-4.61514
-4.62315
-4.63401
-4.64131
-4.63234
-4.60182
-4.55403
-4.49608
-4.43861
-4.38526
-4.34136
-4.30266
-4.27513
-4.25211
-4.22608
-4.19533
-4.16304
-4.14639
-4.15759
-4.18835
-4.22452
-4.25584
-4.27708
-4.2968
-4.31815
-4.34501
-4.37947
-4.42194
-4.46969
-4.52081
-4.56852
-4.60935
-4.62997
-4.62868
-4.60631
-4.57349
-4.54424
-4.52913
-4.52864
-4.53844
-4.55835
-4.5835
-4.6098
-4.63301
-4.65028
-4.65796
-4.65266
-4.63359
-4.60528
-4.57803
-4.55999
-4.55824
-4.57062
-4.59103
-4.61265
-4.62551
-4.624
-4.60878
-4.58458
-4.55204
-4.51774
-4.48196
-4.44973
-4.42248
-4.40547
-4.39704
-4.39121
-4.3826
-4.36521
-4.3407
-4.31698
-4.2993
-4.29462
-4.3106
-4.34523
-4.38835
-4.43379
-4.46608
-4.48182
-4.4794
-4.46016
-4.43206
-4.40351
-4.38423
-4.38216
-4.40029
-4.43023
-4.4595
-4.47632
-4.47394
-4.44818
-4.40116
-4.34108
-4.28133
-4.23922
-4.22862
-4.24679
-4.28683
-4.33037
-4.36862
-4.39724
-4.41085
-4.41015
-4.39797
-4.38306
-4.37339
-4.37444
-4.38995
-4.41699
-4.45077
-4.48532
-4.51384
-4.53183
-4.53559
-4.52826
-4.51758
-4.5028
-4.48383
-4.46087
-4.43184
-4.40057
-4.36953
-4.3438
-4.32412
-4.31135
-4.30593
-4.31052
-4.32147
-4.33113
-4.33481
-4.32834
-4.31149
-4.28772
-4.25992
-4.23133
-4.20779
-4.19997
-4.21653
-4.25321
-4.30259
-4.35927
-4.42582
-4.50613
-4.59541
-4.68234
-4.75038
-4.7918
-4.80234
-4.78428
-4.74332
-4.68734
-4.63094
-4.58539
-4.55688
-4.54699
-4.55043
-4.56117
-4.57329
-4.58055
-4.5872
-4.58509
-4.57853
-4.56721
-4.55408
-4.53989
-4.52641
-4.51834
-4.51567
-4.51456
-4.51414
-4.51061
-4.50267
-4.49396
-4.48104
-4.46611
-4.45228
-4.44321
-4.44093
-4.44621
-4.46139
-4.48104
-4.50087
-4.51578
-4.52362
-4.51905
-4.50414
-4.47928
-4.45041
-4.42224
-4.4004
-4.38972
-4.39264
-4.40421
-4.41368
-4.4169
-4.41778
-4.42449
-4.44506
-4.47857
-4.51749
-4.55001
-4.56711
-4.566
-4.54701
-4.51455
-4.47401
-4.4367
-4.40854
-4.39419
-4.38878
-4.38786
-4.3921
-4.40282
-4.42238
-4.44406
-4.45613
-4.45281
-4.43204
-4.40142
-4.37625
-4.36449
-4.36915
-4.38446
-4.40039
-4.40537
-4.39397
-4.37194
-4.35741
-4.36655
-4.38831
-4.40323
-4.39779
-4.37177
-4.33699
-4.30789
-4.29376
-4.29665
-4.30822
-4.32516
-4.34184
-4.3598
-4.37734
-4.38749
-4.38245
-4.36038
-4.33
-4.29969
-4.2822
-4.28631
-4.31797
-4.37383
-4.44387
-4.50836
-4.55259
-4.56709
-4.55336
-4.52202
-4.48515
-4.45495
-4.43697
-4.42892
-4.42461
-4.41831
-4.40282
-4.37645
-4.3426
-4.31177
-4.2942
-4.29647
-4.315
-4.34242
-4.37358
-4.40004
-4.41832
-4.42525
-4.42491
-4.42106
-4.41425
-4.40299
-4.38794
-4.37251
-4.36079
-4.35214
-4.34895
-4.34694
-4.34891
-4.35694
-4.37562
-4.40285
-4.43724
-4.47441
-4.50742
-4.53046
-4.54074
-4.54092
-4.53244
-4.51379
-4.48918
-4.46376
-4.44229
-4.43369
-4.44064
-4.46813
-4.50849
-4.55438
-4.58991
-4.60723
-4.60167
-4.57454
-4.53523
-4.49908
-4.47419
-4.46122
-4.45359
-4.44961
-4.44749
-4.4468
-4.44418
-4.44197
-4.44444
-4.45619
-4.47386
-4.49019
-4.49834
-4.4935
-4.47996
-4.46169
-4.44217
-4.42646
-4.4188
-4.42389
-4.4479
-4.48818
-4.5336
-4.56668
-4.57557
-4.55669
-4.51606
-4.46078
-4.39435
-4.3305
-4.28354
-4.27027
-4.29519
-4.34943
-4.41238
-4.47381
-4.52896
-4.57479
-4.61245
-4.63964
-4.65497
-4.65758
-4.65027
-4.63554
-4.61441
-4.59216
-4.57212
-4.5578
-4.55199
-4.55593
-4.56885
-4.58329
-4.59436
-4.60247
-4.60538
-4.60409
-4.59557
-4.58115
-4.56316
-4.54371
-4.52715
-4.51058
-4.49366
-4.48056
-4.47575
-4.47533
-4.47249
-4.46328
-4.44869
-4.43525
-4.43114
-4.44088
-4.46327
-4.49493
-4.5293
-4.55682
-4.57283
-4.57529
-4.56672
-4.55323
-4.53826
-4.52586
-4.51285
-4.49424
-4.4725
-4.44836
-4.42701
-4.41188
-4.40206
-4.39735
-4.39948
-4.40814
-4.42791
-4.45756
-4.49657
-4.54021
-4.57772
-4.6035
-4.6144
-4.60812
-4.58525
-4.55129
-4.5084
-4.46495
-4.42978
-4.40637
-4.4011
-4.41092
-4.43333
-4.46552
-4.5004
-4.53396
-4.56359
-4.58568
-4.59993
-4.61045
-4.6132
-4.60826
-4.59562
-4.57539
-4.54787
-4.51148
-4.4622
-4.40424
-4.33879
-4.27619
-4.22254
-4.19213
-4.18969
-4.21589
-4.25997
-4.30776
-4.34666
-4.36659
-4.36706
-4.35445
-4.33411
-4.31303
-4.29532
-4.28521
-4.28254
-4.29201
-4.31235
-4.33841
-4.36553
-4.38676
-4.404
-4.42117
-4.43942
-4.46005
-4.4796
-4.49128
-4.49182
-4.47937
-4.45244
-4.41257
-4.35882
-4.29555
-4.22773
-4.16677
-4.12184
-4.10012
-4.10891
-4.14147
-4.19449
-4.25874
-4.32859
-4.40167
-4.47398
-4.53756
-4.5817
-4.60105
-4.59281
-4.56221
-4.51708
-4.46281
-4.40149
-4.34629
-4.30699
-4.29228
-4.30233
-4.32934
-4.36509
-4.40299
-4.43959
-4.46665
-4.48441
-4.48774
-4.47855
-4.46294
-4.44363
-4.43081
-4.43155
-4.44816
-4.48049
-4.52317
-4.56911
-4.60867
-4.63667
-4.6559
-4.66394
-4.65975
-4.64202
-4.6217
-4.61075
-4.61492
-4.62916
-4.63872
-4.63799
-4.62392
-4.60254
-4.5852
-4.57754
-4.5783
-4.58642
-4.59474
-4.59905
-4.59616
-4.58404
-4.56243
-4.53406
-4.50518
-4.48247
-4.47374
-4.47824
-4.49412
-4.5189
-4.54859
-4.57518
-4.59768
-4.61086
-4.61085
-4.59531
-4.56204
-4.51478
-4.46442
-4.423
-4.39892
-4.39807
-4.42014
-4.46026
-4.49961
-4.51877
-4.50802
-4.46187
-4.38039
-4.26706
-4.13802
-4.02213
-3.95365
-3.95182
-4.01439
-4.1182
-4.22824
-4.32585
-4.39788
-4.44324
-4.4649
-4.47177
-4.47466
-4.47975
-4.49089
-4.50426
-4.5168
-4.52317
-4.52842
-4.53092
-4.53487
-4.53938
-4.54429
-4.54525
-4.53565
-4.51336
-4.47796
-4.43548
-4.38932
-4.34934
-4.33033
-4.33926
-4.37091
-4.41292
-4.4547
-4.48881
-4.51317
-4.52624
-4.52625
-4.50831
-4.47597
-4.43921
-4.40845
-4.38848
-4.37508
-4.36535
-4.36441
-4.37268
-4.39026
-4.41386
-4.44445
-4.48126
-4.52109
-4.56169
-4.59662
-4.61866
-4.61836
-4.59383
-4.55023
-4.49413
-4.43071
-4.36691
-4.31633
-4.28526
-4.28157
-4.29928
-4.3247
-4.34301
-4.35237
-4.35312
-4.34745
-4.33595
-4.3217
-4.30345
-4.28896
-4.27811
-4.26778
-4.25552
-4.24451
-4.23755
-4.24187
-4.26146
-4.29426
-4.33335
-4.36724
-4.38894
-4.39426
-4.38534
-4.37894
-4.38654
-4.40722
-4.42355
-4.42451
-4.40738
-4.3777
-4.34071
-4.30415
-4.27918
-4.27412
-4.29696
-4.34746
-4.41311
-4.47468
-4.52181
-4.54942
-4.56065
-4.55815
-4.54246
-4.51416
-4.46886
-4.41161
-4.3555
-4.31446
-4.28956
-4.28278
-4.29317
-4.32394
-4.3707
-4.42386
-4.47546
-4.5193
-4.54917
-4.56569
-4.56961
-4.56654
-4.56204
-4.56237
-4.5727
-4.58451
-4.59409
-4.59491
-4.59126
-4.58496
-4.58344
-4.58843
-4.59947
-4.61583
-4.633
-4.64458
-4.64835
-4.64173
-4.62367
-4.60278
-4.58962
-4.58617
-4.59328
-4.60609
-4.6149
-4.61087
-4.58891
-4.54936
-4.4973
-4.43956
-4.38646
-4.34769
-4.32469
-4.31597
-4.32043
-4.32935
-4.33932
-4.34363
-4.34146
-4.33752
-4.34159
-4.35896
-4.3923
-4.43309
-4.47298
-4.50038
-4.50991
-4.50119
-4.47995
-4.45271
-4.42581
-4.40319
-4.38776
-4.37856
-4.37518
-4.37755
-4.37873
-4.37194
-4.35339
-4.32266
-4.28736
-4.25308
-4.22996
-4.22706
-4.24651
-4.28421
-4.33441
-4.39145
-4.44989
-4.50247
-4.54392
-4.56922
-4.58018
-4.57775
-4.56413
-4.54222
-4.51319
-4.48049
-4.44993
-4.42228
-4.40402
-4.40036
-4.41309
-4.44216
-4.47646
-4.51367
-4.54853
-4.57792
-4.5904
-4.58166
-4.54803
-4.49563
-4.42738
-4.35596
-4.29231
-4.24649
-4.22524
-4.22633
-4.24612
-4.2731
-4.29715
-4.31227
-4.31588
-4.31296
-4.31261
-4.32486
-4.35273
-4.39265
-4.4372
-4.47752
-4.50606
-4.52501
-4.53732
-4.54137
-4.53805
-4.52618
-4.50292
-4.47172
-4.43291
-4.39145
-4.35498
-4.32982
-4.31879
-4.32671
-4.35506
-4.39861
-4.45174
-4.50553
-4.54671
-4.56463
-4.55755
-4.53283
-4.50349
-4.48062
-4.46358
-4.44669
-4.42442
-4.39797
-4.37244
-4.3543
-4.34775
-4.35054
-4.3589
-4.37133
-4.38418
-4.39653
-4.40376
-4.40037
-4.38173
-4.34514
-4.30271
-4.28354
-4.3135
-4.38379
-4.46696
-4.54193
-4.60659
-4.65773
-4.69357
-4.71096
-4.70341
-4.67456
-4.63334
-4.58682
-4.53735
-4.48296
-4.43016
-4.38372
-4.351
-4.33378
-4.33253
-4.34505
-4.36529
-4.39203
-4.42296
-4.45977
-4.49675
-4.52512
-4.54149
-4.54427
-4.53699
-4.52282
-4.50257
-4.4774
-4.45413
-4.43772
-4.43623
-4.44921
-4.47434
-4.50085
-4.51635
-4.51182
-4.48814
-4.45439
-4.42757
-4.41675
-4.42086
-4.42853
-4.43153
-4.43123
-4.43087
-4.43731
-4.45379
-4.47732
-4.5067
-4.53824
-4.56968
-4.59646
-4.61567
-4.62024
-4.60887
-4.58147
-4.54358
-4.5025
-4.46709
-4.4418
-4.42588
-4.42079
-4.42206
-4.43346
-4.45036
-4.47169
-4.49272
-4.51202
-4.532
-4.55707
-4.59248
-4.63592
-4.68351
-4.72411
-4.74898
-4.75363
-4.73713
-4.70554
-4.66947
-4.63997
-4.62176
-4.61547
-4.61122
-4.60603
-4.59673
-4.58283
-4.56103
-4.53791
-4.51505
-4.49261
-4.47408
-4.4597
-4.45053
-4.44763
-4.44989
-4.45633
-4.46687
-4.48346
-4.5022
-4.51898
-4.52537
-4.51635
-4.49066
-4.45463
-4.41656
-4.38261
-4.36044
-4.35334
-4.35964
-4.3753
-4.39508
-4.41134
-4.41803
-4.4149
-4.40798
-4.40193
-4.39925
-4.40182
-4.40863
-4.42476
-4.45016
-4.48373
-4.51554
-4.54221
-4.57024
-4.60258
-4.63655
-4.66652
-4.68782
-4.70247
-4.70811
-4.70556
-4.69388
-4.6703
-4.63937
-4.60287
-4.56563
-4.52851
-4.49441
-4.46825
-4.45701
-4.4681
-4.49597
-4.53046
-4.56195
-4.58357
-4.59066
-4.58735
-4.57784
-4.56215
-4.54506
-4.52737
-4.50915
-4.49515
-4.48757
-4.48632
-4.49298
-4.50355
-4.51862
-4.53606
-4.55448
-4.57109
-4.57981
-4.5724
-4.55066
-4.52059
-4.49271
-4.47554
-4.47389
-4.48455
-4.49771
-4.50619
-4.50723
-4.50675
-4.50906
-4.52559
-4.56423
-4.6164
-4.66213
-4.68525
-4.68322
-4.65333
-4.60222
-4.53672
-4.46754
-4.40361
-4.3501
-4.31606
-4.29884
-4.30391
-4.33173
-4.37632
-4.43075
-4.48317
-4.52959
-4.56571
-4.58737
-4.59136
-4.57402
-4.53785
-4.48973
-4.43948
-4.39826
-4.37436
-4.37135
-4.39373
-4.43731
-4.49044
-4.53725
-4.5662
-4.56853
-4.54812
-4.5147
-4.4782
-4.44872
-4.43675
-4.44086
-4.45503
-4.47103
-4.4792
-4.47568
-4.45928
-4.43547
-4.41577
-4.4069
-4.41566
-4.44101
-4.47579
-4.51173
-4.54139
-4.5597
-4.57127
-4.58121
-4.59396
-4.60843
-4.61828
-4.61289
-4.59441
-4.57005
-4.55476
-4.55576
-4.56711
-4.57648
-4.57054
-4.5468
-4.51056
-4.46546
-4.41814
-4.37158
-4.33487
-4.32343
-4.34358
-4.39099
-4.44962
-4.50329
-4.54051
-4.56229
-4.57902
-4.59829
-4.62103
-4.64533
-4.66268
-4.66436
-4.64588
-4.61002
-4.55969
-4.50532
-4.45912
-4.42654
-4.40643
-4.39688
-4.39492
-4.40026
-4.40781
-4.40759
-4.39416
-4.36338
-4.31741
-4.26419
-4.2169
-4.18587
-4.18274
-4.20223
-4.23913
-4.28269
-4.32756
-4.37039
-4.41012
-4.4478
-4.48398
-4.51618
-4.54036
-4.55145
-4.54489
-4.5264
-4.49852
-4.46878
-4.4467
-4.43674
-4.43728
-4.44339
-4.45064
-4.45773
-4.46781
-4.48017
-4.49226
-4.49674
-4.49548
-4.48781
-4.47593
-4.46269
-4.44829
-4.43535
-4.42372
-4.41657
-4.41074
-4.40219
-4.38463
-4.35005
-4.30745
-4.27411
-4.26389
-4.2751
-4.29889
-4.31927
-4.32709
-4.3218
-4.30988
-4.29909
-4.29571
-4.3073
-4.33283
-4.36649
-4.40708
-4.44502
-4.4777
-4.50169
-4.51526
-4.51871
-4.51284
-4.4977
-4.47342
-4.44262
-4.40544
-4.36651
-4.32519
-4.28514
-4.25531
-4.24148
-4.24126
-4.24084
-4.23673
-4.23344
-4.23371
-4.24298
-4.25614
-4.27101
-4.28915
-4.31348
-4.34001
-4.36129
-4.37019
-4.36445
-4.35199
-4.33872
-4.33279
-4.33991
-4.358
-4.37993
-4.39819
-4.40993
-4.41637
-4.42004
-4.42452
-4.42942
-4.43688
-4.44779
-4.46481
-4.48451
-4.50072
-4.51183
-4.51777
-4.51866
-4.52123
-4.52461
-4.52955
-4.53369
-4.54009
-4.55292
-4.57258
-4.59673
-4.61931
-4.63736
-4.64655
-4.63688
-4.60806
-4.56032
-4.49762
-4.43026
-4.36323
-4.30342
-4.25387
-4.22037
-4.20626
-4.21567
-4.24947
-4.30298
-4.3599
-4.40549
-4.43163
-4.43323
-4.4176
-4.40051
-4.39321
-4.40935
-4.44466
-4.49132
-4.53664
-4.56987
-4.58495
-4.57925
-4.55851
-4.52588
-4.4938
-4.46796
-4.45104
-4.44351
-4.44109
-4.44084
-4.43997
-4.4384
-4.43701
-4.43747
-4.43949
-4.4428
-4.44323
-4.43905
-4.42312
-4.39442
-4.3527
-4.30654
-4.26855
-4.25174
-4.26511
-4.30599
-4.36507
-4.43095
-4.4928
-4.54522
-4.58558
-4.60976
-4.62204
-4.62121
-4.60867
-4.59158
-4.56925
-4.54563
-4.52505
-4.5167
-4.52807
-4.55904
-4.59954
-4.632
-4.64678
-4.64008
-4.60947
-4.56087
-4.50005
-4.43887
-4.38713
-4.35172
-4.33184
-4.32293
-4.3217
-4.32506
-4.33359
-4.34687
-4.36126
-4.36843
-4.36377
-4.34682
-4.31684
-4.27949
-4.24602
-4.22319
-4.22274
-4.24726
-4.28981
-4.34208
-4.38942
-4.42565
-4.44668
-4.45481
-4.45205
-4.44087
-4.42308
-4.4016
-4.3834
-4.37639
-4.38544
-4.41139
-4.44528
-4.48058
-4.50743
-4.52134
-4.52451
-4.51921
-4.50368
-4.47918
-4.45103
-4.42338
-4.40679
-4.40653
-4.42003
-4.44073
-4.45959
-4.46446
-4.44929
-4.41188
-4.37124
-4.34111
-4.33639
-4.35718
-4.39946
-4.45391
-4.51219
-4.56963
-4.61603
-4.64619
-4.66076
-4.66114
-4.65434
-4.64592
-4.64157
-4.64494
-4.6573
-4.67909
-4.70568
-4.73105
-4.75047
-4.75979
-4.75586
-4.74216
-4.71899
-4.68677
-4.64678
-4.60451
-4.56377
-4.53011
-4.50355
-4.48029
-4.4626
-4.4494
-4.44534
-4.45025
-4.46386
-4.48213
-4.498
-4.51236
-4.5255
-4.53885
-4.5524
-4.56474
-4.57328
-4.57062
-4.55231
-4.51875
-4.48075
-4.455
-4.45241
-4.47441
-4.50812
-4.5383
-4.54806
-4.52989
-4.48655
-4.42796
-4.36924
-4.32578
-4.30833
-4.31792
-4.3481
-4.39143
-4.43319
-4.46767
-4.49214
-4.50943
-4.52634
-4.54406
-4.5662
-4.58462
-4.59
-4.57767
-4.55035
-4.51495
-4.47943
-4.44372
-4.40713
-4.36701
-4.32836
-4.29934
-4.28963
-4.30352
-4.3379
-4.38685
-4.44051
-4.49083
-4.53427
-4.56528
-4.58158
-4.58718
-4.58825
-4.58991
-4.59827
-4.61545
-4.63602
-4.65374
-4.6606
-4.6505
-4.62664
-4.5912
-4.55378
-4.52006
-4.49344
-4.47566
-4.46516
-4.46128
-4.45991
-4.45665
-4.4513
-4.45017
-4.45469
-4.46003
-4.46406
-4.46783
-4.47555
-4.48682
-4.49906
-4.51199
-4.52315
-4.5324
-4.53467
-4.52613
-4.50348
-4.46846
-4.4284
-4.39459
-4.37048
-4.35575
-4.34419
-4.32582
-4.29681
-4.26239
-4.2339
-4.22497
-4.22852
-4.23687
-4.24777
-4.2676
-4.29517
-4.32576
-4.35519
-4.38155
-4.40521
-4.42669
-4.44772
-4.46778
-4.48201
-4.48987
-4.4897
-4.4848
-4.47621
-4.46753
-4.45903
-4.45171
-4.4442
-4.4387
-4.44141
-4.4543
-4.47742
-4.50737
-4.54032
-4.56666
-4.57888
-4.57064
-4.5431
-4.49789
-4.44939
-4.41075
-4.39253
-4.40045
-4.43115
-4.47566
-4.52588
-4.57496
-4.61693
-4.64487
-4.65462
-4.64709
-4.62339
-4.58614
-4.5375
-4.48157
-4.42585
-4.38407
-4.36596
-4.37378
-4.39527
-4.41728
-4.43407
-4.44467
-4.45742
-4.47586
-4.50053
-4.52464
-4.53491
-4.52423
-4.49117
-4.44082
-4.38552
-4.33932
-4.30926
-4.29969
-4.30885
-4.33431
-4.37082
-4.4162
-4.46297
-4.50352
-4.53049
-4.53887
-4.5242
-4.49188
-4.44627
-4.3909
-4.32805
-4.26399
-4.20687
-4.17055
-4.16653
-4.19441
-4.24731
-4.31327
-4.38424
-4.45713
-4.52605
-4.58242
-4.62091
-4.63828
-4.63329
-4.6099
-4.57748
-4.54442
-4.51543
-4.48933
-4.45767
-4.41542
-4.36451
-4.31588
-4.2811
-4.2643
-4.26739
-4.28583
-4.31719
-4.35397
-4.38597
-4.40379
-4.39928
-4.37341
-4.33445
-4.30197
-4.291
-4.30196
-4.32552
-4.3451
-4.34935
-4.33744
-4.31481
-4.28968
-4.26718
-4.24686
-4.23042
-4.22047
-4.22418
-4.24462
-4.28182
-4.32792
-4.37926
-4.4311
-4.47923
-4.52306
-4.55471
-4.56913
-4.56317
-4.54196
-4.50546
-4.46487
-4.42935
-4.4077
-4.40984
-4.4391
-4.48974
-4.54726
-4.59971
-4.63856
-4.66487
-4.67454
-4.66763
-4.64446
-4.60635
-4.5558
-4.50087
-4.45328
-4.42424
-4.42375
-4.44942
-4.49276
-4.53793
-4.57703
-4.60582
-4.62485
-4.63409
-4.63128
-4.61817
-4.59268
-4.56046
-4.52631
-4.49711
-4.47969
-4.47409
-4.47774
-4.48514
-4.4912
-4.49571
-4.50411
-4.51984
-4.54126
-4.56169
-4.57013
-4.55866
-4.52779
-4.49022
-4.46941
-4.47912
-4.51989
-4.57454
-4.61793
-4.62985
-4.60366
-4.54103
-4.462
-4.38834
-4.34897
-4.35426
-4.38446
-4.41136
-4.42126
-4.41712
-4.40578
-4.3965
-4.39789
-4.41666
-4.45157
-4.4958
-4.53965
-4.57273
-4.58327
-4.57338
-4.54738
-4.51664
-4.48858
-4.46411
-4.4384
-4.40565
-4.37019
-4.34257
-4.33387
-4.35128
-4.38719
-4.43083
-4.47018
-4.49802
-4.51267
-4.50987
-4.49533
-4.4815
-4.47414
-4.47944
-4.49585
-4.52654
-4.56754
-4.61108
-4.64478
-4.65828
-4.6459
-4.60768
-4.5497
-4.48713
-4.4352
-4.40665
-4.40555
-4.42197
-4.44311
-4.45675
-4.45931
-4.45308
-4.44603
-4.44078
-4.43378
-4.42464
-4.41544
-4.40572
-4.39811
-4.39214
-4.38953
-4.39451
-4.40089
-4.40888
-4.41301
-4.41089
-4.40006
-4.38804
-4.38274
-4.39304
-4.42068
-4.45872
-4.50231
-4.544
-4.57802
-4.60063
-4.60831
-4.60335
-4.59278
-4.58479
-4.58118
-4.57663
-4.5619
-4.5334
-4.49711
-4.46163
-4.43775
-4.43807
-4.4621
-4.50311
-4.55278
-4.60401
-4.65118
-4.68866
-4.71447
-4.72642
-4.72634
-4.71692
-4.6973
-4.6708
-4.63686
-4.59852
-4.55777
-4.52385
-4.50608
-4.50747
-4.52469
-4.54756
-4.56766
-4.57785
-4.57688
-4.55978
-4.52481
-4.47988
-4.43482
-4.4004
-4.38749
-4.39936
-4.43809
-4.48936
-4.54162
-4.58123
-4.60625
-4.61114
-4.60458
-4.59076
-4.57666
-4.5616
-4.54421
-4.51824
-4.4844
-4.4429
-4.4001
-4.35844
-4.328
-4.31489
-4.32405
-4.35242
-4.39259
-4.43338
-4.46803
-4.48972
-4.49855
-4.49651
-4.49592
-4.49856
-4.50417
-4.50014
-4.48105
-4.45544
-4.4466
-4.46507
-4.50032
-4.53846
-4.5768
-4.6176
-4.66026
-4.6987
-4.72159
-4.723
-4.70089
-4.65954
-4.61243
-4.57231
-4.54579
-4.53442
-4.53432
-4.54579
-4.56706
-4.5937
-4.61973
-4.63831
-4.64532
-4.63887
-4.61411
-4.57138
-4.51654
-4.46295
-4.41924
-4.39021
-4.38204
-4.39082
-4.41297
-4.4433
-4.46866
-4.47773
-4.46061
-4.41663
-4.35576
-4.29887
-4.26466
-4.2671
-4.29393
-4.33044
-4.36352
-4.38991
-4.41133
-4.4268
-4.43658
-4.43911
-4.4298
-4.40925
-4.37833
-4.34273
-4.31145
-4.29018
-4.28506
-4.29949
-4.3341
-4.38676
-4.45399
-4.52592
-4.59161
-4.63987
-4.65266
-4.62511
-4.55756
-4.46648
-4.3743
-4.3056
-4.2674
-4.25721
-4.27241
-4.30714
-4.35666
-4.41454
-4.47083
-4.51597
-4.54357
-4.55661
-4.55466
-4.54215
-4.52091
-4.49346
-4.46645
-4.44869
-4.44462
-4.45872
-4.48485
-4.51411
-4.54054
-4.55906
-4.56209
-4.55163
-4.52504
-4.48594
-4.44223
-4.4041
-4.36992
-4.33913
-4.31366
-4.30128
-4.30663
-4.33374
-4.38231
-4.44685
-4.51912
-4.58498
-4.63917
-4.67595
-4.69433
-4.69528
-4.68263
-4.66141
-4.63622
-4.61084
-4.58841
-4.5694
-4.55246
-4.53727
-4.52164
-4.50007
-4.46843
-4.42815
-4.3841
-4.34019
-4.30372
-4.28219
-4.27838
-4.28756
-4.30502
-4.32722
-4.35279
-4.38159
-4.40917
-4.43246
-4.44706
-4.44977
-4.44243
-4.43698
-4.44269
-4.45834
-4.47743
-4.48977
-4.49227
-4.4863
-4.47343
-4.45706
-4.43957
-4.42818
-4.42954
-4.44221
-4.45847
-4.47463
-4.48761
-4.4968
-4.50285
-4.50705
-4.50694
-4.50275
-4.49513
-4.48748
-4.48265
-4.48504
-4.49686
-4.52112
-4.5487
-4.57205
-4.58512
-4.59022
-4.58873
-4.5841
-4.57871
-4.57536
-4.57446
-4.57419
-4.57808
-4.58271
-4.58844
-4.59428
-4.59711
-4.59153
-4.57715
-4.55787
-4.54175
-4.53356
-4.53165
-4.53605
-4.53899
-4.53804
-4.53306
-4.53009
-4.53532
-4.54809
-4.5605
-4.56752
-4.5658
-4.5581
-4.54331
-4.52467
-4.50517
-4.49272
-4.4892
-4.48798
-4.48726
-4.4815
-4.46809
-4.44926
-4.42407
-4.39661
-4.3725
-4.35255
-4.33477
-4.32221
-4.31104
-4.30446
-4.30589
-4.31287
-4.32036
-4.3252
-4.32721
-4.32458
-4.31561
-4.30227
-4.28382
-4.26699
-4.25532
-4.25652
-4.26763
-4.2896
-4.31867
-4.35158
-4.38741
-4.42488
-4.46324
-4.50042
-4.53296
-4.55756
-4.56643
-4.55846
-4.52899
-4.48426
-4.43176
-4.38208
-4.34413
-4.33354
-4.35484
-4.40762
-4.47196
-4.52427
-4.55388
-4.55568
-4.53164
-4.48732
-4.43383
-4.38174
-4.34557
-4.32623
-4.31698
-4.30464
