1.73661
1.75978
1.77972
1.79438
1.80411
1.81069
1.8155
1.81862
1.81963
1.81898
1.81861
1.82103
1.82768
1.83802
1.84999
1.86084
1.86796
1.86965
1.86539
1.85545
1.84046
1.82175
1.80184
1.78402
1.77077
1.76255
1.75821
1.75634
1.75551
1.75407
1.75127
1.74863
1.74921
1.75542
1.76737
1.78229
1.79545
1.80241
1.80103
1.79227
1.77926
1.7655
1.75386
1.74691
1.74777
1.75871
1.77764
1.79788
1.81268
1.81914
1.81795
1.81135
1.80124
1.78885
1.77537
1.76254
1.75203
1.74425
1.73848
1.73454
1.73427
1.74072
1.75552
1.77739
1.80273
1.82718
1.8465
1.85787
1.86102
1.85773
1.85009
1.83918
1.82555
1.81005
1.79401
1.77896
1.76613
1.75647
1.75116
1.75274
1.76411
1.78504
1.81049
1.83372
1.8503
1.85956
1.86351
1.86494
1.86645
1.87018
1.87716
1.88644
1.89513
1.89946
1.89572
1.88104
1.85415
1.81628
1.77212
1.72973
1.69727
1.67824
1.67064
1.67265
1.68566
1.70851
1.73291
1.74901
1.75259
1.74669
1.73926
1.73992
1.75664
1.79261
1.84471
1.90446
1.96112
2.00509
2.02956
2.03075
2.00871
1.97084
1.9338
1.91304
1.90673
1.90035
1.88381
1.85665
1.8241
1.79312
1.77161
1.76676
1.77815
1.79595
1.80965
1.81527
1.81444
1.81003
1.80378
1.79691
1.79133
1.78965
1.79421
1.80595
1.82337
1.84269
1.85878
1.8665
1.86163
1.84165
1.80724
1.76442
1.7243
1.69713
1.68538
1.68534
1.69394
1.71141
1.73872
1.77251
1.80355
1.82255
1.82571
1.81451
1.79275
1.76467
1.73533
1.71225
1.7058
1.72392
1.76466
1.81754
1.87206
1.92126
1.96019
1.98426
1.98914
1.97184
1.93234
1.87583
1.81378
1.76162
1.73227
1.72914
1.74503
1.76826
1.79044
1.80948
1.82772
1.84776
1.8697
1.89129
1.90987
1.92364
1.93154
1.93229
1.92433
1.90718
1.88304
1.85692
1.83442
1.81839
1.80709
1.79653
1.78453
1.77303
1.76721
1.77232
1.7901
1.81722
1.84715
1.87372
1.89334
1.90492
1.90828
1.9028
1.88777
1.86411
1.83576
1.80879
1.78802
1.7737
1.76091
1.74331
1.72189
1.7108
1.72374
1.75375
1.78309
1.80248
1.81247
1.81785
1.82415
1.83514
1.85077
1.86687
1.87729
1.87757
1.86807
1.85411
1.8424
1.83682
1.83731
1.84148
1.84679
1.85236
1.85908
1.86741
1.87589
1.88197
1.88345
1.87851
1.86571
1.84545
1.82262
1.8065
1.80395
1.81228
1.82249
1.82701
1.82263
1.81001
1.79252
1.77485
1.76135
1.75451
1.75433
1.75924
1.76729
1.77639
1.78424
1.78857
1.78772
1.78107
1.76902
1.75311
1.73571
1.7196
1.70717
1.69981
1.6975
1.69932
1.70498
1.71548
1.73159
1.75193
1.77289
1.7901
1.80007
1.80103
1.79319
1.7787
1.76156
1.74657
1.7376
1.73588
1.74031
1.75031
1.7687
1.7992
1.83989
1.88309
1.92205
1.95318
1.97325
1.97875
1.96808
1.94353
1.91123
1.87937
1.85513
1.84191
1.8385
1.84056
1.84353
1.84501
1.84586
1.84877
1.85469
1.86093
1.86276
1.85652
1.84149
1.82017
1.79716
1.77676
1.76113
1.75051
1.74401
1.73961
1.73384
1.72258
1.70266
1.67329
1.63684
1.59872
1.56622
1.54679
1.54576
1.56389
1.5972
1.64049
1.69086
1.74724
1.80748
1.86692
1.92033
1.9646
1.99969
2.02801
2.05294
2.07661
2.09807
2.11314
2.11642
2.1036
2.07294
2.02578
1.96675
1.90408
1.84888
1.81105
1.79343
1.7908
1.79501
1.80039
1.80495
1.80811
1.8089
1.80743
1.80516
1.80269
1.79924
1.79431
1.78924
1.78706
1.79016
1.79763
1.8054
1.80928
1.80757
1.80087
1.79037
1.77686
1.76118
1.74466
1.72891
1.71547
1.70529
1.69821
1.69313
1.68906
1.6863
1.68694
1.694
1.7091
1.73088
1.75635
1.78291
1.80924
1.83518
1.86083
1.88522
1.90585
1.91981
1.92581
1.92507
1.92062
1.91581
1.91325
1.91431
1.91876
1.92452
1.92781
1.9245
1.91207
1.89155
1.8684
1.85084
1.84489
1.8494
1.8568
1.85943
1.8555
1.84943
1.8468
1.84841
1.84988
1.84701
1.83969
1.83048
1.82184
1.81579
1.81487
1.8223
1.8405
1.8686
1.90135
1.9311
1.95076
1.95534
1.94222
1.91202
1.87048
1.82928
1.80218
1.79571
1.80547
1.82268
1.8389
1.84707
1.8449
1.83653
1.82819
1.82272
1.81994
1.8206
1.82663
1.83818
1.85223
1.86406
1.86989
1.86846
1.86094
1.84978
1.83754
1.82566
1.81381
1.80075
1.78693
1.77611
1.77355
1.78159
1.79698
1.81235
1.82011
1.81558
1.79834
1.77298
1.74875
1.73595
1.73983
1.75838
1.78633
1.81955
1.85473
1.88699
1.91029
1.92011
1.91517
1.8969
1.86826
1.83294
1.79533
1.76034
1.73266
1.71559
1.71054
1.7172
1.73446
1.76112
1.79545
1.83405
1.87135
1.90094
1.91762
1.91908
1.90686
1.88632
1.86453
1.84608
1.8308
1.81729
1.80733
1.80491
1.81182
1.82515
1.83864
1.84607
1.84435
1.83458
1.82095
1.80932
1.80578
1.81336
1.82918
1.84721
1.86268
1.87262
1.87481
1.86782
1.85173
1.82811
1.79952
1.7689
1.73953
1.71569
1.70363
1.7107
1.74086
1.78983
1.84601
1.89663
1.93267
1.95018
1.94938
1.93359
1.90851
1.88113
1.85775
1.84152
1.83179
1.82627
1.82358
1.82318
1.82361
1.8222
1.81693
1.80837
1.79987
1.79589
1.79943
1.81033
1.82543
1.84044
1.85181
1.8574
1.85596
1.84648
1.8289
1.80517
1.77882
1.75385
1.73439
1.7247
1.72735
1.74055
1.75863
1.77547
1.78745
1.79383
1.79539
1.79323
1.7885
1.78216
1.77436
1.76386
1.7492
1.73092
1.71284
1.70018
1.69655
1.70271
1.71717
1.73746
1.7613
1.78762
1.81684
1.84982
1.88571
1.92069
1.94919
1.96629
1.96906
1.95629
1.92822
1.88738
1.84046
1.79914
1.77638
1.77842
1.80016
1.82956
1.85545
1.87133
1.87493
1.86702
1.85049
1.8296
1.80885
1.79234
1.78373
1.78484
1.79264
1.80066
1.80645
1.8145
1.82979
1.85153
1.87473
1.89574
1.91373
1.92757
1.93434
1.93127
1.91797
1.89605
1.86735
1.83376
1.79877
1.76876
1.75155
1.75244
1.77096
1.8013
1.83536
1.86556
1.88629
1.89447
1.88953
1.87299
1.84809
1.81947
1.79247
1.77167
1.75884
1.75236
1.74951
1.7495
1.75432
1.76572
1.78189
1.79753
1.80693
1.80713
1.79912
1.78672
1.77435
1.76513
1.76035
1.76014
1.76438
1.77294
1.78492
1.79756
1.80576
1.8035
1.78722
1.75913
1.72783
1.70411
1.69503
1.70153
1.72036
1.74697
1.77677
1.80571
1.83031
1.8475
1.8549
1.85163
1.83832
1.81639
1.7879
1.75627
1.72696
1.70666
1.70048
1.70947
1.73107
1.76167
1.79817
1.83743
1.87555
1.90832
1.93233
1.94556
1.94761
1.93956
1.92371
1.90291
1.88011
1.85801
1.83803
1.8193
1.79923
1.77603
1.75129
1.72984
1.71694
1.71468
1.72111
1.73261
1.7465
1.76186
1.77869
1.79658
1.81347
1.82559
1.82914
1.823
1.81026
1.7968
1.7875
1.78292
1.7797
1.77437
1.76714
1.76203
1.76374
1.77459
1.79354
1.81679
1.83853
1.85196
1.85104
1.83295
1.79988
1.75965
1.72359
1.70138
1.6953
1.69979
1.70581
1.70614
1.70034
1.69842
1.71446
1.75079
1.79573
1.83576
1.86157
1.86761
1.85229
1.81878
1.77516
1.73321
1.70532
1.69799
1.70661
1.71887
1.72388
1.7175
1.70247
1.6859
1.67538
1.67593
1.68916
1.71358
1.74453
1.77537
1.79957
1.81271
1.81374
1.80534
1.79299
1.7826
1.77751
1.77719
1.77838
1.77819
1.77661
1.77669
1.78182
1.794
1.81598
1.85071
1.89287
1.92747
1.94123
1.92981
1.89584
1.84529
1.78544
1.72361
1.66677
1.62214
1.59737
1.59862
1.62673
1.6753
1.73306
1.78899
1.8363
1.87378
1.90428
1.93041
1.9506
1.96008
1.95578
1.93908
1.91412
1.88469
1.85311
1.82163
1.79404
1.77466
1.76524
1.76397
1.76756
1.77327
1.77942
1.7854
1.79149
1.79844
1.80657
1.81505
1.82171
1.82411
1.82095
1.81342
1.80515
1.80036
1.80164
1.80926
1.82177
1.83686
1.85238
1.86704
1.87998
1.89017
1.89611
1.89621
1.88896
1.87313
1.84836
1.81617
1.78086
1.74942
1.72942
1.72559
1.73736
1.75965
1.78579
1.80958
1.82616
1.8328
1.82956
1.81877
1.80382
1.78778
1.7728
1.76025
1.7514
1.74788
1.75105
1.7609
1.77574
1.79316
1.81129
1.8292
1.84643
1.86221
1.87487
1.88209
1.88196
1.87448
1.86232
1.84994
1.84131
1.83915
1.84605
1.86266
1.88339
1.89828
1.90086
1.89207
1.87809
1.86594
1.85964
1.85873
1.85966
1.85848
1.85323
1.84479
1.8357
1.82756
1.81949
1.80913
1.79472
1.77679
1.75869
1.74618
1.74504
1.758
1.78329
1.81576
1.84918
1.87829
1.89997
1.91358
1.9204
1.92259
1.92203
1.91986
1.91678
1.91305
1.90808
1.9
1.88623
1.8653
1.83893
1.8123
1.79149
1.77987
1.77661
1.77869
1.78395
1.7926
1.80662
1.82679
1.84942
1.86699
1.87262
1.8638
1.84317
1.81699
1.79262
1.77513
1.76388
1.75316
1.73712
1.71391
1.68611
1.65861
1.63669
1.62475
1.6249
1.63487
1.64869
1.66111
1.67046
1.67768
1.68422
1.69128
1.69967
1.70949
1.71964
1.72775
1.73071
1.72611
1.7139
1.69745
1.68289
1.67699
1.68501
1.70879
1.74563
1.78924
1.8327
1.87105
1.90184
1.92411
1.9373
1.94118
1.93701
1.92922
1.92485
1.9296
1.94381
1.96289
1.98121
1.99478
2.00172
2.00183
1.99682
1.99037
1.98687
1.98849
1.99271
1.9928
1.98148
1.95469
1.91333
1.86279
1.81066
1.76392
1.72672
1.69997
1.68275
1.67543
1.68326
1.71251
1.75696
1.79666
1.81506
1.81015
1.79243
1.77748
1.77667
1.79095
1.81302
1.83463
1.8513
1.86255
1.86976
1.87429
1.87685
1.87751
1.87604
1.87237
1.86703
1.8617
1.85915
1.86224
1.87199
1.88617
1.89957
1.90598
1.90061
1.88154
1.85022
1.81101
1.7699
1.73286
1.70446
1.68717
1.68115
1.68444
1.69382
1.70693
1.72394
1.74691
1.77659
1.81034
1.84399
1.87498
1.90341
1.93045
1.95597
1.97774
1.99293
2.00036
2.00103
1.99719
1.991
1.98314
1.97175
1.95266
1.92239
1.88434
1.85152
1.83579
1.83489
1.83879
1.84184
1.84427
1.84847
1.85627
1.86771
1.88085
1.89296
1.9017
1.90567
1.90396
1.89613
1.88267
1.8657
1.84868
1.83502
1.82643
1.8224
1.82103
1.82015
1.818
1.81336
1.80583
1.79588
1.78461
1.77301
1.76126
1.74909
1.73723
1.72806
1.72387
1.72456
1.72719
1.72767
1.72313
1.71382
1.70366
1.699
1.70584
1.72648
1.75789
1.7932
1.8251
1.84898
1.86401
1.87203
1.87528
1.87458
1.86962
1.86127
1.85242
1.8458
1.84187
1.83929
1.83677
1.83392
1.83118
1.82949
1.82999
1.83318
1.83787
1.8413
1.84128
1.83819
1.83427
1.82996
1.82243
1.80839
1.78732
1.76223
1.7388
1.72367
1.72191
1.73505
1.76041
1.79136
1.81891
1.83497
1.83561
1.82232
1.80068
1.77789
1.76075
1.75402
1.75789
1.76643
1.77096
1.76669
1.7556
1.74272
1.73057
1.71924
1.70963
1.70409
1.70455
1.71113
1.72206
1.73428
1.74445
1.75043
1.75303
1.75515
1.75778
1.75798
1.75256
1.74185
1.72901
1.71721
1.70852
1.70476
1.70787
1.71857
1.73416
1.74878
1.75611
1.75207
1.73634
1.71241
1.68571
1.66084
1.64035
1.62611
1.62095
1.62832
1.64971
1.68233
1.71979
1.75488
1.78163
1.79681
1.80069
1.79697
1.79125
1.7877
1.78595
1.78106
1.76773
1.7464
1.72601
1.7187
1.7302
1.75653
1.78859
1.81823
1.84191
1.86033
1.87586
1.89018
1.90329
1.91397
1.92102
1.92363
1.92156
1.91555
1.90794
1.90246
1.9027
1.91011
1.92278
1.93604
1.94453
1.94454
1.93576
1.92173
1.90816
1.89973
1.89749
1.89951
1.90325
1.90668
1.90816
1.90681
1.90322
1.89882
1.89464
1.89051
1.88534
1.87804
1.86904
1.8612
1.85848
1.86264
1.87109
1.87833
1.87953
1.87347
1.86354
1.85683
1.86124
1.88143
1.91532
1.95586
1.99703
2.03573
2.06864
2.09158
2.10194
2.10077
2.09261
2.08266
2.07286
2.06029
2.03982
2.00893
1.97058
1.93265
1.90343
1.88626
1.8778
1.87074
1.85764
1.83351
1.79738
1.75488
1.71869
1.69993
1.6978
1.70374
1.71195
1.72166
1.73433
1.75196
1.77578
1.80471
1.83482
1.86036
1.87614
1.87998
1.87427
1.86519
1.85921
1.85952
1.86553
1.8751
1.88638
1.89812
1.90885
1.9161
1.91623
1.90508
1.87969
1.84091
1.79533
1.75254
1.71888
1.69599
1.68473
1.68587
1.69743
1.71425
1.73108
1.74597
1.76069
1.77771
1.79688
1.81558
1.83116
1.84305
1.85274
1.86237
1.87296
1.88363
1.89286
1.90001
1.90521
1.90781
1.90678
1.90202
1.89356
1.88016
1.86022
1.83379
1.80343
1.77352
1.74971
1.73811
1.74197
1.75874
1.78247
1.80796
1.83179
1.85112
1.86315
1.86517
1.8548
1.83026
1.79176
1.74533
1.70646
1.69347
1.71058
1.74466
1.77818
1.79884
1.80277
1.79519
1.78706
1.78785
1.79971
1.81738
1.83263
1.83897
1.83401
1.81961
1.80108
1.78544
1.77881
1.78301
1.79373
1.80263
1.80184
1.78721
1.75966
1.72589
1.69779
1.68797
1.70209
1.73507
1.77528
1.81185
1.83908
1.85596
1.86302
1.86075
1.85084
1.838
1.82893
1.82871
1.83765
1.85234
1.86895
1.88557
1.90164
1.91524
1.92186
1.91632
1.89585
1.86225
1.82337
1.79227
1.78046
1.78926
1.80981
1.83072
1.84403
1.8474
1.84449
1.8422
1.84541
1.8539
1.86473
1.87638
1.88968
1.90555
1.92225
1.93531
1.93982
1.93286
1.91416
1.88536
1.8496
1.81194
1.77953
1.75958
1.75542
1.76482
1.78267
1.80417
1.82518
1.84163
1.8507
1.85226
1.84815
1.84006
1.82845
1.81311
1.7941
1.77214
1.74852
1.72502
1.70371
1.68635
1.67344
1.66414
1.65748
1.65438
1.65808
1.67219
1.69793
1.7328
1.77195
1.81063
1.84582
1.87628
1.90179
1.92259
1.93901
1.95098
1.95758
1.95707
1.9473
1.9264
1.89393
1.85173
1.80392
1.75525
1.71006
1.67282
1.64884
1.64244
1.65374
1.6784
1.711
1.74778
1.78614
1.8227
1.85299
1.87376
1.88534
1.89198
1.89921
1.91032
1.92417
1.93625
1.94244
1.94174
1.93542
1.9242
1.90723
1.88352
1.85391
1.82152
1.79181
1.77229
1.7689
1.78042
1.79821
1.81216
1.81537
1.80549
1.78488
1.76004
1.73925
1.72967
1.73528
1.75558
1.78519
1.81605
1.84157
1.8593
1.87081
1.87934
1.88729
1.89539
1.90318
1.90967
1.91394
1.91552
1.91425
1.90941
1.89984
1.88514
1.86643
1.84562
1.82416
1.80298
1.78405
1.77122
1.76693
1.76844
1.76998
1.76742
1.7599
1.74963
1.74137
1.74057
1.74982
1.76737
1.78886
1.81007
1.82746
1.83778
1.83906
1.83218
1.82056
1.80804
1.79677
1.78626
1.77426
1.75929
1.74276
1.72897
1.72323
1.72916
1.74692
1.77306
1.80178
1.8272
1.84553
1.85591
1.86016
1.86109
1.8605
1.85824
1.853
1.84379
1.83098
1.81596
1.80016
1.78483
1.77152
1.76243
1.76004
1.76621
1.78095
1.80223
1.82687
1.85155
1.87363
1.89175
1.90588
1.91632
1.92212
1.92118
1.91264
1.89861
1.88342
1.87155
1.86607
1.86785
1.87546
1.88574
1.89468
1.89845
1.89434
1.88189
1.86369
1.84487
1.83073
1.82368
1.82211
1.82181
1.81781
1.80605
1.78544
1.76018
1.73937
1.73199
1.7409
1.76172
1.78694
1.81095
1.83202
1.85134
1.87137
1.89418
1.91983
1.94587
1.96903
1.98758
2.00157
2.01179
2.01855
2.02093
2.01642
2.00129
1.97201
1.92827
1.87761
1.83543
1.80992
1.79092
1.76664
1.73835
1.71348
1.69505
1.68139
1.67156
1.66776
1.67279
1.68584
1.70171
1.71393
1.71824
1.71482
1.71021
1.71678
1.74508
1.7941
1.85218
1.90619
1.94704
1.9698
1.97263
1.95594
1.92212
1.87584
1.82437
1.77722
1.74442
1.73251
1.7402
1.75833
1.77606
1.78734
1.7924
1.79529
1.80109
1.8139
1.83523
1.86334
1.89408
1.92327
1.94831
1.96822
1.98287
1.99237
1.99686
1.99646
1.99115
1.98103
1.96648
1.94814
1.92681
1.90349
1.88001
1.85918
1.84321
1.83156
1.82126
1.80977
1.79702
1.78541
1.77814
1.77727
1.78226
1.78988
1.79591
1.79802
1.79826
1.80331
1.81996
1.84826
1.88017
1.90543
1.91699
1.91308
1.89752
1.87904
1.86954
1.87735
1.89682
1.91288
1.91789
1.9159
1.91437
1.91635
1.92013
1.92374
1.9275
1.93294
1.94047
1.94811
1.95274
1.95177
1.94402
1.92951
1.90916
1.88425
1.85581
1.82538
1.79735
1.77925
1.77684
1.78837
1.80541
1.81932
1.82535
1.82298
1.81429
1.80226
1.78914
1.77618
1.76407
1.75267
1.74025
1.72407
1.70272
1.67832
1.65721
1.64829
1.65893
1.69046
1.73717
1.79002
1.84112
1.88552
1.92032
1.94366
1.95478
1.95452
1.94524
1.92995
1.91101
1.88896
1.86255
1.83131
1.79891
1.77377
1.76416
1.77139
1.78944
1.81071
1.83027
1.84587
1.8561
1.85943
1.8555
1.84665
1.83783
1.83475
1.84262
1.86394
1.8938
1.92115
1.93737
1.94061
1.9337
1.92076
1.90505
1.88839
1.8712
1.85222
1.82878
1.79889
1.76452
1.73289
1.71356
1.71338
1.73314
1.76758
1.80737
1.84261
1.86685
1.87978
1.88563
1.8879
1.8866
1.88081
1.87107
1.85887
1.84582
1.83379
1.82483
1.82001
1.81851
1.81785
1.81576
1.81249
1.81203
1.81945
1.83548
1.85391
1.86585
1.86573
1.85375
1.83477
1.81536
1.80053
1.79191
1.78854
1.78981
1.79734
1.81358
1.83801
1.86571
1.8903
1.90789
1.91833
1.92307
1.92234
1.91467
1.89906
1.87666
1.85048
1.82426
1.80141
1.78453
1.77559
1.77618
1.787
1.80659
1.83053
1.85274
1.86883
1.87816
1.88177
1.87936
1.87002
1.85469
1.83657
1.81994
1.80927
1.80874
1.82017
1.84067
1.86296
1.87822
1.87956
1.86478
1.8371
1.80353
1.77194
1.74858
1.73674
1.73598
1.74268
1.75223
1.7619
1.77183
1.78349
1.79727
1.81151
1.82379
1.83292
1.84015
1.84853
1.86084
1.87737
1.89518
1.90866
1.91162
1.90028
1.87515
1.84039
1.80224
1.76741
1.74236
1.73253
1.74113
1.76769
1.80722
1.85104
1.88943
1.91496
1.92483
1.92088
1.9077
1.88966
1.86886
1.84514
1.81814
1.78996
1.76734
1.76069
1.77545
1.8043
1.83436
1.8582
1.87484
1.88573
1.89245
1.89658
1.89979
1.90312
1.90584
1.90496
1.89587
1.87394
1.83721
1.78965
1.74346
1.71398
1.70757
1.71874
1.73872
1.76103
1.78176
1.79927
1.8136
1.82522
1.83381
1.83748
1.83339
1.8196
1.79723
1.77167
1.75054
1.73903
1.73717
1.7416
1.74847
1.75429
1.75661
1.75488
1.75047
1.7456
1.74245
1.74275
1.74746
1.75619
1.76681
1.77582
1.77975
1.77659
1.76669
1.75185
1.73379
1.71388
1.69544
1.68524
1.68822
1.70102
1.71551
1.72651
1.73339
1.73777
1.7416
1.74569
1.75013
1.75558
1.76307
1.77279
1.7843
1.79706
1.80949
1.81863
1.82145
1.81693
1.80709
1.79651
1.79024
1.79128
1.79961
1.81257
1.82522
1.83122
1.82543
1.80758
1.78328
1.76135
1.75017
1.75563
1.77922
1.81681
1.86019
1.90088
1.93291
1.95344
1.96204
1.95966
1.94799
1.92932
1.90675
1.88403
1.86408
1.84699
1.83054
1.81505
1.80792
1.81764
1.84212
1.87059
1.89462
1.91079
1.91763
1.91433
1.90165
1.8828
1.86262
1.8449
1.83006
1.81617
1.80133
1.78418
1.76358
1.73939
1.71365
1.6905
1.67438
1.66804
1.67143
1.68168
1.69428
1.70551
1.71444
1.72247
1.73145
1.74269
1.75675
1.77291
1.78896
1.80229
1.81065
1.81209
1.80451
1.78637
1.75869
1.72687
1.70025
1.68856
1.69691
1.72263
1.7566
1.78769
1.80745
1.813
1.80773
1.7993
1.7946
1.79516
1.79755
1.79836
1.79654
1.79052
1.77725
1.75589
1.73022
1.70658
1.69077
1.68731
1.69945
1.72757
1.7666
1.80653
1.83694
1.85252
1.85523
1.85139
1.84602
1.84001
1.83251
1.82419
1.81743
1.81406
1.81323
1.81119
1.80406
1.79145
1.7774
1.76685
1.76042
1.75327
1.74071
1.72516
1.71658
1.7256
1.75427
1.79187
1.82125
1.83038
1.81892
1.79741
1.78093
1.77964
1.79215
1.80851
1.81978
1.82355
1.82256
1.8213
1.82379
1.8322
1.84646
1.86482
1.88505
1.90524
1.92367
1.93814
1.94608
1.94561
1.93681
1.92208
1.9056
1.89241
1.88646
1.8877
1.89184
1.89401
1.89241
1.88813
1.88355
1.88111
1.88218
1.88503
1.88476
1.87713
1.86229
1.84461
1.82919
1.81814
1.80986
1.80143
1.79115
1.77971
1.77014
1.76674
1.773
1.78986
1.81518
1.84387
1.86868
1.88259
1.88139
1.865
1.83782
1.80802
1.78411
1.77038
1.76588
1.76707
1.77079
1.7753
1.78012
1.78522
1.79082
1.79728
1.8045
1.81161
1.81731
1.82063
1.82133
1.81987
1.81697
1.81309
1.80791
1.80014
1.78815
1.77103
1.74967
1.72744
1.71024
1.70491
1.71511
1.73799
1.76593
1.7911
1.80814
1.81486
1.81246
1.80529
1.79916
1.79856
1.80501
1.81753
1.83426
1.8536
1.874
1.89363
1.91002
1.91994
1.91963
1.90666
1.88199
1.85052
1.81921
1.7949
1.78334
1.78847
1.81033
1.84328
1.87793
1.90609
1.92378
1.9319
1.93516
1.93957
1.94833
1.95931
1.9662
1.96267
1.94626
1.92072
1.89545
1.8808
1.88108
1.89065
1.89812
1.89373
1.8737
1.84026
1.80028
1.76376
1.74118
1.74033
1.76436
1.81011
1.86678
1.9198
1.95727
1.97292
1.96601
1.94088
1.90607
1.872
1.84728
1.83555
1.83501
1.8407
1.84704
1.84937
1.84445
1.83125
1.81113
1.78728
1.76353
1.74368
1.73123
1.72853
1.73606
1.75249
1.77541
1.80185
1.82831
1.8508
1.86532
1.86917
1.86219
1.84725
1.82911
1.81156
1.79502
1.77685
1.75399
1.7248
1.68966
1.65164
1.61746
1.5969
1.5989
1.62622
1.67417
1.73376
1.79522
1.85058
1.89543
1.92859
1.95006
1.95948
1.95571
1.93742
1.90418
1.85794
1.80389
1.74984
1.70449
1.67517
1.66513
1.67188
1.68887
1.70979
1.73167
1.75484
1.78063
1.80871
1.83616
1.85837
1.87081
1.87068
1.85841
1.83833
1.81789
1.8043
1.80088
1.80616
1.81607
1.82666
1.8355
1.84179
1.84571
1.84766
1.84817
1.84796
1.84792
1.84883
1.85091
1.85373
1.85624
1.8572
1.85565
1.85107
1.84316
1.83134
1.81523
1.7976
1.78616
1.78707
1.79864
1.81705
1.83975
1.8612
1.87554
1.88235
1.88561
1.88848
1.89051
1.88879
1.88075
1.86575
1.84514
1.82166
1.79873
1.77911
1.76379
1.75202
1.743
1.73736
1.735
1.73125
1.71987
1.70257
1.69138
1.69684
1.71671
1.74019
1.75864
1.77025
1.77846
1.78802
1.80214
1.8215
1.84427
1.86642
1.88351
1.89311
1.89602
1.89564
1.89606
1.89986
1.90678
1.91401
1.91764
1.91439
1.90273
1.88341
1.8594
1.83515
1.8152
1.8027
1.79873
1.80245
1.81203
1.82532
1.8401
1.85424
1.86627
1.87557
1.88158
1.88255
1.87562
1.85872
1.8325
1.80088
1.76993
1.74611
1.73435
1.73613
1.74854
1.76593
1.78292
1.79667
1.80708
1.81528
1.82157
1.82452
1.82234
1.81481
1.80386
1.79251
1.78375
1.78013
1.78337
1.79398
1.81111
1.83282
1.85649
1.87856
1.89453
1.90008
1.89267
1.87224
1.84105
1.80328
1.76492
1.73272
1.71166
1.70306
1.70525
1.71445
1.72439
1.72773
1.72104
1.70885
1.70197
1.71053
1.73656
1.77236
1.80691
1.83268
1.84624
1.84605
1.83183
1.80582
1.77371
1.74245
1.71667
1.70014
1.69963
1.72187
1.76548
1.81932
1.86895
1.90324
1.91688
1.90992
1.88592
1.84979
1.80658
1.76171
1.72129
1.69138
1.67598
1.67525
1.6855
1.70121
1.71752
1.73178
1.74403
1.75608
1.76952
1.78449
1.80011
1.81486
1.8264
1.83169
1.82814
1.81495
1.79408
1.76981
1.74768
1.73276
1.72761
1.7313
1.7401
1.74953
1.7563
1.75922
1.75878
1.75628
1.75291
1.74986
1.74875
1.75191
1.76174
1.77953
1.80415
1.83172
1.85698
1.87548
1.88497
1.88576
1.8802
1.87145
1.86145
1.84967
1.83376
1.81143
1.78208
1.74749
1.71072
1.67365
1.63552
1.59535
1.55838
1.53968
1.55263
1.59411
1.65138
1.71577
1.78293
1.84809
1.9047
1.94556
1.96442
1.95791
1.92775
1.88171
1.83182
1.79057
1.76756
1.76555
1.77858
1.79625
1.8109
1.82072
1.82769
1.83376
1.8385
1.83933
1.83322
1.81782
1.79227
1.75918
1.72662
1.70575
1.70364
1.7177
1.73705
1.75086
1.75649
1.75963
1.76795
1.78326
1.79917
1.80645
1.79965
1.77923
1.74978
1.71802
1.69157
1.67684
1.67665
1.69057
1.71729
1.75466
1.79795
1.84003
1.87421
1.89707
1.90936
1.91416
1.91374
1.90808
1.89594
1.87711
1.85326
1.8275
1.80344
1.78403
1.77136
1.76733
1.77331
1.78835
1.80781
1.82442
1.83107
1.8232
1.79989
1.76398
1.72203
1.68315
1.65569
1.64339
1.64443
1.65424
1.66864
1.68516
1.70245
1.71919
1.73384
1.74536
1.75402
1.76141
1.76955
1.77993
1.79293
1.80777
1.82278
1.83602
1.84605
1.85221
1.854
1.85066
1.84154
1.82699
1.80929
1.79283
1.78323
1.78505
1.79875
1.81985
1.84095
1.85496
1.85834
1.85282
1.84416
1.83826
1.8385
1.84633
1.8618
1.88191
1.89965
1.90594
1.89356
1.86099
1.81444
1.76618
1.72909
1.71024
1.70854
1.71812
1.73329
1.75035
1.76638
1.77838
1.78487
1.78809
1.79316
1.80373
1.81829
1.83117
1.83671
1.8326
1.8213
1.80912
1.80281
1.80543
1.81508
1.827
1.83637
1.83963
1.83528
1.8248
1.81288
1.80538
1.80592
1.81397
1.82608
1.83843
1.84812
1.85404
1.85802
1.864
1.87424
1.88667
1.89664
1.90038
1.89633
1.88463
1.86657
1.84479
1.82333
1.80655
1.79759
1.79763
1.80604
1.82015
1.83547
1.84734
1.85289
1.85169
1.84505
1.83528
1.82481
1.81539
1.80758
1.80089
1.7949
1.79047
1.78996
1.79589
1.80914
1.82827
1.84999
1.87019
1.88485
1.89083
1.88666
1.87319
1.85335
1.83096
1.80926
1.79003
1.77357
1.7596
1.74876
1.74351
1.74693
1.75986
1.77957
1.80149
1.82154
1.83745
1.84914
1.85819
1.86656
1.87506
1.88274
1.88794
1.88942
1.88673
1.88008
1.87049
1.86
1.85151
1.848
1.85179
1.86384
1.88271
1.90381
1.92058
1.92748
1.92194
1.90433
1.87705
1.84383
1.80943
1.7787
1.75492
1.73944
1.73273
1.73471
1.74383
1.75658
1.76853
1.77584
1.7763
1.76959
1.75721
1.74183
1.72701
1.71655
1.71307
1.71608
1.72205
1.72747
1.7324
1.74043
1.75442
1.77312
1.79268
1.81047
1.82617
1.83952
1.8484
1.85007
1.8439
1.83261
1.82109
1.81323
1.80928
1.80623
1.80038
1.78898
1.77031
1.74433
1.71415
1.68711
1.67295
1.67908
1.70574
1.74584
1.78957
1.82889
1.85898
1.87768
1.88486
1.88217
1.87278
1.86063
1.84879
1.83828
1.82935
1.82342
1.82255
1.82738
1.83618
1.84542
1.85038
1.84681
1.83302
1.81064
1.7839
1.7581
1.73809
1.72656
1.7231
1.72464
1.72807
1.7328
1.74016
1.74957
1.75848
1.7674
1.78087
1.80252
1.83081
1.85999
1.8836
1.89728
1.90042
1.89701
1.89428
1.8977
1.90674
1.91693
1.92446
1.92855
1.93054
1.93173
1.93222
1.93167
1.93024
1.92795
1.92362
1.91506
1.90085
1.88233
1.86435
1.85383
1.85651
1.87258
1.89538
1.91559
1.92688
1.92737
1.91818
1.90187
1.88205
1.86303
1.8485
1.83967
1.83456
1.8292
1.81982
1.80453
1.78385
1.76031
1.73736
1.71781
1.70283
1.69189
1.6836
1.6766
1.67041
1.6654
1.66213
1.66082
1.66152
1.66462
1.67003
1.6761
1.68024
1.68061
1.67694
1.67031
1.66317
1.65941
1.66297
1.67524
1.69389
1.71492
1.73546
1.75434
1.77093
1.78435
1.79413
1.80092
1.80572
1.8081
1.80628
1.79933
1.78913
1.78051
1.77981
1.79198
1.81812
1.85468
1.89491
1.93134
1.95784
1.97091
1.96992
1.95673
1.93512
1.91009
1.88727
1.87143
1.86416
1.86382
1.86846
1.87669
1.88574
1.89198
1.8931
1.88889
1.88159
1.87585
1.87651
1.88542
1.90127
1.92164
1.9438
1.964
1.97817
1.98352
1.97936
1.96694
1.94952
1.93193
1.91892
1.91259
1.91122
1.91063
1.90723
1.89962
1.88804
1.87353
1.8581
1.84519
1.83872
1.84104
1.85141
1.86592
1.87901
1.88582
1.88393
1.87362
1.85737
1.83927
1.8237
1.81339
1.80804
1.80463
1.7986
1.78577
1.76443
1.73697
1.71002
1.69208
1.68805
1.6959
1.7098
1.72454
1.73582
1.73981
1.73505
1.72472
1.71558
1.71249
1.71432
1.7161
1.71371
1.70635
1.69649
1.68824
1.68458
1.68552
1.68848
1.6897
1.68709
1.68364
1.68759
1.7062
1.73828
1.77451
1.80441
1.8217
1.82542
1.81862
1.80608
1.79199
1.77909
1.76902
1.76288
1.7606
1.76087
1.76179
1.76181
1.76034
1.75783
1.75582
1.75712
1.76557
1.78361
1.8097
1.83946
1.86885
1.89559
1.91829
1.93568
1.94666
1.95013
1.94442
1.92706
1.89552
1.84889
1.78986
1.72585
1.66819
1.62856
1.61438
1.62612
1.65842
1.70301
1.75127
1.7953
1.8281
1.84387
1.83871
1.81258
1.77254
1.7337
1.71033
1.70379
1.70448
1.70197
1.69161
1.67883
1.67453
1.68242
1.6993
1.72565
1.76381
1.80976
1.85442
1.89016
1.91362
1.92496
1.9265
1.92193
1.91477
1.90636
1.89476
1.87622
1.84936
1.81889
1.79411
1.78175
1.78106
1.78621
1.7917
1.79463
1.79406
1.79023
1.78477
1.78062
1.78069
1.78562
1.79297
1.79843
1.79801
1.79022
1.77853
1.77234
1.78142
1.80572
1.83568
1.86252
1.88335
1.89872
1.90961
1.91616
1.91822
1.91643
1.91249
1.90787
1.90236
1.89399
1.88051
1.86093
1.83617
1.80896
1.78329
1.763
1.75022
1.74424
1.74178
1.73883
1.73306
1.72501
1.71689
1.71047
1.70616
1.70335
1.70114
1.6989
1.69642
1.69359
1.69023
1.68704
1.68671
1.69335
1.71067
1.7401
1.77996
1.82562
1.87064
1.90839
1.93368
1.9437
1.93821
1.91935
1.89166
1.86154
1.83499
1.81388
1.79535
1.77556
1.75375
1.73306
1.71841
1.71375
1.72049
1.73755
1.76245
1.79169
1.81994
1.84051
1.84772
1.83942
1.81787
1.78907
1.7606
1.73849
1.72529
1.72099
1.72497
1.7367
1.75503
1.77745
1.79991
1.81805
1.82913
1.83385
1.83638
1.84223
1.85496
1.87411
1.89551
1.91378
1.92499
1.92828
1.92566
1.92018
1.91334
1.9037
1.88781
1.86261
1.82752
1.78521
1.7415
1.70452
1.68268
1.68105
1.6979
1.72495
1.7518
1.77077
1.77928
1.77978
1.7767
1.77259
1.76844
1.7669
1.77207
1.78461
1.7992
1.80808
1.80649
1.79514
1.77934
1.76693
1.76513
1.7757
1.79284
1.80724
1.81197
1.80481
1.78849
1.76923
1.75312
1.74202
1.73399
1.72805
1.72731
1.73683
1.75913
1.79126
1.82553
1.85395
1.87204
1.87935
1.87748
1.8678
1.85063
1.82671
1.79952
1.77655
1.76703
1.77496
1.79511
1.81856
1.84021
1.85998
1.87956
1.89929
1.91708
1.92957
1.93391
1.92923
1.91695
1.90002
1.88173
1.86516
1.85321
1.84883
1.85398
1.86791
1.88604
1.90065
1.90383
1.89181
1.86763
1.84
1.81903
1.81193
1.82083
1.8425
1.86947
1.89282
1.90557
1.90506
1.89338
1.8765
1.86162
1.85338
1.85164
1.85317
1.85469
1.85417
1.85038
1.84198
1.82713
1.80428
1.77326
1.73629
1.69807
1.66454
1.64071
1.62817
1.62433
1.62417
1.62374
1.62206
1.61956
1.61645
1.61447
1.61852
1.63425
1.66325
1.70139
1.74162
1.77725
1.80355
1.81812
1.8212
1.81577
1.80682
1.79952
1.79761
1.80333
1.81792
1.84075
1.86803
1.89344
1.91063
1.91617
1.91111
1.89943
1.88426
1.86604
1.84448
1.82092
1.7988
1.78255
1.77507
1.77606
1.78363
1.79513
1.80509
1.8062
1.79446
1.77237
1.74735
1.72758
1.71776
1.7178
1.72559
1.74093
1.76571
1.79905
1.83452
1.86382
1.88171
1.88728
1.88268
1.87158
1.85784
1.84461
1.83354
1.82388
1.81242
1.79487
1.76862
1.73537
1.70219
1.67977
1.67842
1.70285
1.74766
1.79875
1.84183
1.87019
1.88615
1.89684
1.90765
1.91875
1.92619
1.92448
1.90939
1.88056
1.84262
1.80261
1.76555
1.7333
1.70737
1.6907
1.68603
1.69371
1.71104
1.73356
1.75667
1.77669
1.7909
1.79701
1.79375
1.78393
1.77932
1.79732
1.84193
1.89566
1.93812
1.9598
1.96045
1.94413
1.91617
1.88164
1.84528
1.81243
1.78959
1.78288
1.79505
1.8239
1.86331
1.90536
1.94195
1.9655
1.96957
1.9499
1.90572
1.84031
1.76049
1.67648
1.60271
1.55469
1.53954
1.55206
1.5809
1.6151
1.64737
1.67535
1.7005
1.7256
1.75309
1.78309
1.81122
1.83082
1.83744
1.83095
1.8145
1.7916
1.76435
1.73429
1.7038
1.67583
1.65302
1.63797
1.63396
1.64351
1.66581
1.69664
1.73125
1.76683
1.80207
1.83445
1.85933
1.87245
1.87258
1.86174
1.84363
1.82163
1.79851
1.77782
1.76477
1.76441
1.77775
1.80036
1.82587
1.84994
1.87038
1.88566
1.89459
1.89606
1.88877
1.87229
1.84882
1.82392
1.80484
1.79692
1.80063
1.81178
1.82482
1.83634
1.84644
1.85746
1.87163
1.88947
1.91001
1.93112
1.94939
1.96048
1.96033
1.94666
1.92001
1.88387
1.84366
1.805
1.77238
1.749
1.73707
1.73701
1.74643
1.76127
1.77842
1.79716
1.81839
1.84322
1.87202
1.90391
1.93641
1.96585
1.98818
2.0001
1.99994
1.98825
1.96771
1.94219
1.91532
1.88903
1.8635
1.83806
1.81242
1.78723
1.76391
1.74394
1.72881
1.72031
1.72041
1.73037
1.74932
1.77355
1.79725
1.81414
1.81962
1.8128
1.79791
1.78287
1.77513
1.77915
1.79648
1.82347
1.85034
1.86704
1.86873
1.8559
1.83204
1.80195
1.77053
1.74204
1.72005
1.70744
1.70629
1.71733
1.73905
1.7674
1.7968
1.8221
1.84013
1.84968
1.85071
1.84456
1.83422
1.82324
1.81395
1.80684
1.80195
1.80074
1.80656
1.82364
1.85383
1.89302
1.93257
1.96468
1.98388
1.9848
1.96268
1.9169
1.85347
1.78386
1.7207
1.67357
1.64619
1.63584
1.63535
1.63785
1.64101
1.64776
1.6629
1.68818
1.7199
1.75108
1.77634
1.7953
1.81198
1.83164
1.85749
1.88956
1.9251
1.95939
1.98687
2.0028
2.00409
1.9896
1.95991
1.9172
1.86503
1.80818
1.75212
1.70176
1.65971
1.62575
1.59898
1.58059
1.57459
1.58566
1.61534
1.65974
1.71037
1.75717
1.79241
1.81352
1.8229
1.82549
1.82573
1.8255
1.82335
1.81564
1.79867
1.77104
1.73549
1.69922
1.67178
1.66105
1.66984
1.695
1.72921
1.76428
1.79398
1.81512
1.82709
1.83051
1.82577
1.81304
1.79356
1.77076
1.74958
1.7345
1.72809
1.73109
1.74333
1.76402
1.79134
1.82215
1.85246
1.87815
1.89573
1.90301
1.89936
1.88542
1.86245
1.8321
1.79721
1.76295
1.73575
1.71934
1.71182
1.70701
1.69868
1.68405
1.66423
1.64217
1.62126
1.60523
1.59811
1.60297
1.61991
1.6464
1.67962
1.71639
1.75132
1.77706
1.78777
1.78286
1.768
1.75252
1.74391
1.74367
1.7482
1.75273
1.75463
1.75408
1.75303
1.75359
1.75726
1.76551
1.78053
1.80452
1.83705
1.87338
1.90555
1.92585
1.93024
1.9195
1.89811
1.87149
1.84409
1.81937
1.79956
1.78395
1.76862
1.74919
1.72405
1.69543
1.66821
1.64723
1.63415
1.62741
1.62614
1.63216
1.64694
1.66904
1.69554
1.7238
1.7511
1.77399
1.78891
1.79383
1.78991
1.78226
1.77709
1.77587
1.77368
1.76483
1.74819
1.72705
1.70582
1.68762
1.67393
1.66535
1.66237
1.66591
1.67725
1.6967
1.72267
1.7525
1.78361
1.81359
1.83992
1.86007
1.87208
1.87619
1.87624
1.87892
1.88967
1.90816
1.92823
1.94219
1.94498
1.93567
1.91665
1.89204
1.86596
1.84176
1.82208
1.80992
1.80992
1.82849
1.8695
1.92705
1.98596
2.03116
2.05452
2.05498
2.03611
2.00393
1.96515
1.92608
1.89177
1.8649
1.84457
1.82629
1.8047
1.77722
1.74565
1.71459
1.68895
1.67211
1.66528
1.66759
1.67698
1.69167
1.71043
1.73099
1.74914
1.76023
1.7618
1.75498
1.74406
1.7346
1.73131
1.73658
1.75067
1.77255
1.79997
1.82884
1.8533
1.86799
1.87109
1.86581
1.85835
1.85336
1.85065
1.84644
1.83725
1.82285
1.80662
1.79387
1.78779
1.78611
1.78383
1.77887
1.77284
1.76732
1.76134
1.75297
1.74135
1.72636
1.70746
1.68392
1.65671
1.62952
1.60687
1.59108
1.58215
1.58054
1.58917
1.61212
1.65083
1.70164
1.75672
1.80748
1.84757
1.87395
1.88682
1.88827
1.88081
1.86683
1.84904
1.83169
1.81985
1.81592
1.81838
1.82493
1.83443
1.84497
1.85249
1.85206
1.84036
1.81737
1.78652
1.75331
1.72383
1.70344
1.69578
1.70149
1.71729
1.73676
1.75311
1.76322
1.76997
1.77966
1.79618
1.81807
1.84123
1.86262
1.88151
1.89818
1.9123
1.92284
1.92918
1.9319
1.93244
1.93212
1.93169
1.93137
1.93056
1.9277
1.92083
1.90852
1.89055
1.86847
1.84612
1.82862
1.81994
1.82119
1.83133
1.8492
1.87403
1.90432
1.93653
1.96522
1.98511
1.99284
1.98787
1.97303
1.95358
1.93322
1.91042
1.88146
1.84767
1.81819
1.80385
1.80698
1.81885
1.82811
1.83109
1.83455
1.84561
1.86003
1.8675
1.86342
1.85015
1.83249
1.81449
1.79815
1.78394
1.77187
1.76245
1.75659
1.75516
1.75884
1.76762
1.78006
1.79306
1.8028
1.80625
1.80284
1.79481
1.78556
1.77709
1.76955
1.76349
1.76168
1.76759
1.78248
1.8041
1.82824
1.8509
1.86925
1.88155
1.88677
1.88448
1.87551
1.86296
1.85269
1.85166
1.86408
1.88806
1.91662
1.94233
1.96086
1.97138
1.97461
1.97097
1.95991
1.94062
1.91281
1.87698
1.83471
1.78932
1.7467
1.71454
1.69957
1.70486
1.72872
1.76481
1.80441
1.83987
1.86682
1.88482
1.89684
1.90688
1.91662
1.92408
1.92594
1.92138
1.91331
1.90572
1.89932
1.88982
1.87084
1.83969
1.80154
1.76854
1.75439
1.76839
1.81039
1.86876
1.92576
1.96748
1.99023
1.99949
2.00276
2.00241
1.99583
1.98037
1.95617
1.92566
1.89194
1.85818
1.8278
1.80431
1.79033
1.78599
1.7879
1.78977
1.78456
1.7699
1.75479
1.75212
1.75842
1.75859
1.74734
1.7337
1.73121
1.7453
1.76897
1.791
1.80434
1.80818
1.80606
1.80268
1.80076
1.79975
1.79659
1.78778
1.77219
1.75248
1.73401
1.72179
1.71796
1.72151
1.72978
1.73996
1.74997
1.7587
1.76601
1.77194
1.7758
1.77613
1.77159
1.76235
1.75081
1.74112
1.73797
1.74556
1.76637
1.7996
1.84047
1.8814
1.9149
1.93643
1.94565
1.94539
1.9394
1.93045
1.92032
1.91097
1.90479
1.90361
1.90759
1.91553
1.92556
1.93547
1.94349
1.94949
1.95462
1.95896
1.96002
1.9545
1.94086
1.92018
1.89531
1.86943
1.8448
1.82226
1.80195
1.78413
1.76939
1.75759
1.74837
1.7439
1.74881
1.76518
1.78959
1.81677
1.84413
1.87135
1.89689
1.91615
1.92337
1.91509
1.89216
1.85933
1.82324
1.79023
1.76448
1.74766
1.7397
1.73973
1.74654
1.75841
1.77275
1.78609
1.79487
1.79705
1.79403
1.79171
1.79842
1.81945
1.85197
1.88613
1.91141
1.922
1.91772
1.90202
1.87909
1.85156
1.82022
1.78584
1.75172
1.72442
1.71132
1.71687
1.74029
1.77615
1.81646
1.85307
1.87935
1.89116
1.88712
1.86871
1.83999
1.80683
1.7758
1.75287
1.74217
1.74494
1.75972
1.7833
1.81182
1.84197
1.87151
1.89829
1.91913
1.9303
1.92932
1.91646
1.89564
1.87369
1.85723
1.84881
1.84659
1.84715
1.84787
1.84722
1.84451
1.83994
1.83468
1.83057
1.82934
1.83079
1.83234
1.83167
1.83014
1.83212
1.84001
1.85108
1.85999
1.863
1.85928
1.84988
1.83644
1.82087
1.80595
1.79618
1.79681
1.81061
1.83547
1.86558
1.89456
1.91802
1.93448
1.94459
1.9496
1.95005
1.94556
1.93543
1.91934
1.8977
1.87183
1.84382
1.81616
1.79114
1.77019
1.75343
1.73954
1.72657
1.71357
1.7019
1.69515
1.69749
1.71155
1.73701
1.7699
1.80337
1.82979
1.84346
1.84242
1.82859
1.80646
1.78142
1.75829
1.73999
1.72683
1.71756
1.71134
1.70877
1.7107
1.71657
1.72368
1.72832
1.7277
1.72118
1.7102
1.69758
1.6871
1.6829
1.68812
1.7034
1.7265
1.75368
1.78157
1.80828
1.83304
1.85474
1.87113
1.87921
1.87635
1.86181
1.83819
1.81193
1.79174
1.78484
1.79326
1.81326
1.83731
1.85622
1.86049
1.84322
1.80473
1.75443
1.70576
1.66889
1.64812
1.64328
1.65269
1.6754
1.70906
1.74596
1.77482
1.78753
1.78344
1.76816
1.74816
1.72639
1.70349
1.6815
1.66487
1.65826
1.66422
1.68175
1.70599
1.73008
1.74836
1.75772
1.75666
1.74415
1.71982
1.6858
1.64949
1.62477
1.62755
1.66414
1.7239
1.78721
1.83886
1.87293
1.88978
1.89186
1.88163
1.86144
1.83392
1.8024
1.77101
1.74482
1.72897
1.72603
1.7347
1.7519
1.77555
1.8046
1.83789
1.87327
1.90689
1.93249
1.94179
1.92589
1.87849
1.80483
1.73482
1.71089
1.73988
1.79107
1.83938
1.87669
1.90213
1.91607
1.91879
1.91072
1.89283
1.86708
1.83649
1.80455
1.77452
1.74887
1.72963
1.71839
1.71594
1.72211
1.73528
1.75228
1.76965
1.78501
1.7972
1.80567
1.81026
1.81113
1.80856
1.80256
1.79276
1.77889
1.76192
1.74472
1.7308
1.72186
1.7163
1.7102
1.70068
1.68919
1.68211
1.6869
1.70643
1.73641
1.76854
1.79528
1.81204
1.81706
1.81083
1.79631
1.77949
1.76806
1.76768
1.77946
1.80065
1.82658
1.85239
1.87394
1.88809
1.89291
1.88804
1.87508
1.85737
1.83897
1.82322
1.81226
1.80754
1.80973
1.81698
1.82434
1.82663
1.82229
1.81415
1.80767
1.80794
1.81704
1.83291
1.85041
1.86385
1.8689
1.86345
1.84738
1.82227
1.79231
1.76652
1.75729
1.77094
1.80093
1.83474
1.86357
1.88501
1.90121
1.91511
1.92734
1.9358
1.93779
1.93193
1.91889
1.90094
1.8809
1.86079
1.84099
1.82066
1.79923
1.77734
1.75721
1.74232
1.73606
1.73881
1.74706
1.75678
1.7662
1.77461
1.77962
1.7765
1.75984
1.7258
1.6751
1.61719
1.57115
1.55505
1.57068
1.60412
1.63991
1.66982
1.69202
1.70716
1.7156
1.7173
1.71398
1.71133
1.71608
1.72831
1.74072
1.74615
1.74245
1.73217
1.72051
1.71389
1.7188
1.73835
1.7679
1.79701
1.81684
1.82414
1.82027
1.80883
1.79465
1.78325
1.77949
1.78494
1.79603
1.80616
1.81014
1.80671
1.79726
1.78367
1.76809
1.75392
1.74575
1.74739
1.75922
1.77778
1.79821
1.81705
1.83291
1.84494
1.85188
1.85232
1.84553
1.83157
1.81143
1.78828
1.76841
1.75905
1.76391
1.78054
1.8022
1.82187
1.83515
1.8404
1.83761
1.82749
1.8114
1.79176
1.77196
1.75605
1.74855
1.75366
1.77325
1.80477
1.84156
1.87556
1.89991
1.91028
1.9054
1.88709
1.85971
1.82915
1.8016
1.78231
1.77436
1.77746
1.78795
1.80059
1.81098
1.81687
1.81782
1.81425
1.80718
1.79886
1.7934
1.79541
1.80648
1.82302
1.83894
1.84983
1.85409
1.85125
1.84051
1.82089
1.79302
1.76126
1.73377
1.71824
1.7168
1.72591
1.7404
1.75677
1.77419
1.79423
1.81907
1.84885
1.88089
1.91122
1.93584
1.9505
1.95
1.92966
1.89074
1.84534
1.81012
1.79187
1.78645
1.78793
1.7927
1.79994
1.81034
1.82382
1.83842
1.85061
1.85659
1.85378
1.84177
1.82255
1.80011
1.77911
1.76297
1.75237
1.74583
1.74213
1.74261
1.75125
1.77199
1.80532
1.84704
1.89038
1.92966
1.96272
1.99023
2.01278
2.02921
2.03731
2.03574
2.0251
2.00747
1.98499
1.95879
1.92957
1.89862
1.86771
1.83833
1.81156
1.78881
1.77228
1.76391
1.76395
1.77072
1.78132
1.79188
1.79756
1.79356
1.77761
1.7528
1.72801
1.71351
1.71337
1.72241
1.73078
1.7313
1.72368
1.7135
1.70789
1.71071
1.72027
1.73181
1.74307
1.75675
1.77511
1.79441
1.80788
1.81087
1.80215
1.78318
1.75784
1.73214
1.71318
1.70764
1.71988
1.7494
1.78944
1.82957
1.8612
1.88082
1.88903
1.88826
1.88194
1.87458
1.87109
1.87455
1.88545
1.90242
1.92344
1.94639
1.96882
1.98695
1.99617
1.99392
1.98325
1.97296
1.97151
1.9797
1.99222
2.00437
2.014
2.01941
2.01798
2.00689
1.9846
1.95201
1.91268
1.87219
1.83695
1.81226
1.79936
1.79441
1.79065
1.78165
1.76329
1.73506
1.70119
1.6697
1.64839
1.64056
1.64449
1.65624
1.67204
1.68832
1.70115
1.70615
1.70002
1.68264
1.65814
1.63345
1.61567
1.6109
1.62408
1.65654
1.70283
1.75236
1.79506
1.8258
1.8453
1.85792
1.86784
1.8758
1.87913
1.87495
1.86353
1.84826
1.83205
1.81482
1.79504
1.77268
1.75061
1.73376
1.72649
1.73004
1.74217
1.75874
1.77574
1.79048
1.80165
1.8087
1.81135
1.81016
1.80756
1.80724
1.81182
1.82077
1.83035
1.83594
1.83477
1.82725
1.81702
1.81011
1.81203
1.82446
1.84461
1.86758
1.88833
1.90231
1.90617
1.89916
1.88303
1.86087
1.83602
1.8125
1.79491
1.78688
1.7894
1.80074
1.81617
1.82852
1.83163
1.82363
1.80712
1.78716
1.76934
1.7587
1.75861
1.76949
1.78837
1.8109
1.83379
1.85577
1.87727
1.89897
1.92001
1.93702
1.94525
1.94074
1.92241
1.89298
1.85878
1.82747
1.80461
1.79095
1.78235
1.77194
1.75331
1.72383
1.68705
1.65259
1.63261
1.63488
1.65649
1.68635
1.7149
1.73818
1.7551
1.76536
1.7696
1.76979
1.76935
1.77322
1.78707
1.81361
1.84959
1.88728
1.91852
1.93738
1.94074
1.92797
1.90047
1.86149
1.81663
1.77451
1.74511
1.73506
1.7436
1.76394
1.78784
1.80924
1.82475
1.8327
1.83231
1.82365
1.80765
1.78627
1.76288
1.74266
1.7318
1.73421
1.74803
1.76651
1.7827
1.79305
1.79784
1.79894
1.79807
1.79703
1.79859
1.80534
1.81716
1.83099
1.84368
1.85395
1.86206
1.8689
1.87527
1.88168
1.88856
1.89633
1.90466
1.91177
1.91504
1.91254
1.90419
1.89163
1.87696
1.86113
1.84376
1.82464
1.80537
1.78918
1.77872
1.77356
1.77028
1.76461
1.75334
1.73575
1.7144
1.69441
1.68124
1.67926
1.6914
1.7186
1.75868
1.80554
1.85031
1.88403
1.90064
1.89855
1.88096
1.85436
1.82554
1.79836
1.77335
1.7502
1.7307
1.71947
1.72228
1.74339
1.78228
1.83098
1.876
1.90448
1.90886
1.88753
1.84285
1.78013
1.71046
1.65271
1.62402
1.62645
1.64956
1.67992
1.70537
1.71783
1.71647
1.70943
1.70962
1.72329
1.7442
1.76316
1.77833
1.79313
1.80872
1.82251
1.832
1.83737
1.84079
1.8446
1.84982
1.8558
1.86063
1.86256
1.86188
1.86135
1.86358
1.86853
1.87336
1.87371
1.86536
1.84666
1.81997
1.79038
1.76336
1.743
1.73174
1.7305
1.73891
1.75524
1.77648
1.79922
1.82094
1.84101
1.86029
1.87955
1.89823
1.91429
1.92496
1.92761
1.92044
1.90337
1.87932
1.85421
1.83418
1.82161
1.81352
1.80362
1.78631
1.7603
1.73003
1.70333
1.68716
1.68385
1.69007
1.69848
1.70165
1.69625
1.68572
1.67909
1.68485
1.70439
1.73238
1.76226
1.79017
1.81474
1.83585
1.85413
1.8709
1.88736
1.90278
1.91404
1.91756
1.91141
1.89629
1.87512
1.85166
1.82872
1.8073
1.78792
1.77249
1.76413
1.76432
1.77041
1.77687
1.77857
1.77292
1.75951
1.73911
1.71319
1.68423
1.65609
1.63331
1.61957
1.61702
1.62749
1.65283
1.69296
1.74376
1.79742
1.84509
1.88011
1.89973
1.90507
1.89984
1.88912
1.87795
1.86959
1.86457
1.86116
1.85694
1.84999
1.83944
1.82539
1.80889
1.79156
1.77555
1.76277
1.75318
1.74417
1.73257
1.71732
1.70039
1.68585
1.67759
1.67687
1.6831
1.69739
1.72179
1.75383
1.78623
1.81288
1.83293
1.84915
1.86402
1.87717
1.88558
1.88545
1.87459
1.85367
1.82606
1.7967
1.7704
1.74985
1.7346
1.72187
1.70875
1.6947
1.68231
1.67577
1.67789
1.68841
1.70456
1.72234
1.73779
1.74859
1.75552
1.76255
1.77434
1.79213
1.81267
1.83046
1.84024
1.83922
1.82914
1.81628
1.80834
1.80957
1.81843
1.82972
1.83835
1.84173
1.84016
1.83645
1.83484
1.83906
1.84993
1.86441
1.87755
1.8859
1.88945
1.89106
1.89381
1.89769
1.89772
1.88625
1.85932
1.82361
1.79522
1.78606
1.79313
1.80485
1.81177
1.81088
1.80536
1.80183
1.80572
1.81784
1.83464
1.85092
1.86254
1.86757
1.86577
1.85747
1.84289
1.82204
1.79509
1.76272
1.7267
1.69115
1.66456
1.65957
1.68432
1.73232
1.78743
1.83609
1.87125
1.89027
1.89315
1.88212
1.86222
1.84146
1.82903
1.83077
1.8453
1.86487
1.88041
1.88593
1.88046
1.8677
1.85415
1.84617
1.84715
1.8565
1.87071
1.88522
1.89621
1.90168
1.90199
1.89929
1.89563
1.89096
1.88353
1.87216
1.8581
1.84458
1.8349
1.83098
1.83337
1.84244
1.85892
1.88281
1.91052
1.9339
1.9442
1.93742
1.91571
1.88516
1.85305
1.82489
1.80181
1.7822
1.76632
1.75603
1.75004
1.74217
1.72598
1.70035
1.67136
1.65026
1.64808
1.66829
1.70312
1.73871
1.76474
1.77907
1.7852
1.78702
1.78593
1.78187
1.77576
1.77082
1.77142
1.78034
1.79677
1.81661
1.83478
1.84769
1.85413
1.85424
1.84824
1.83613
1.81852
1.79744
1.77575
1.75554
1.73677
1.71858
1.7024
1.69406
1.70103
1.72457
1.75526
1.78007
1.79249
1.79596
1.80117
1.81754
1.84377
1.87059
1.89115
1.90457
1.91264
1.91684
1.9178
1.91578
1.91066
1.90151
1.88764
1.87034
1.85282
1.838
1.82579
1.81328
1.79822
1.7816
1.76679
1.75733
1.75582
1.76412
1.78366
1.81358
1.84893
1.88203
1.90569
1.91606
1.91372
1.90299
1.8905
1.88356
1.88757
1.90345
1.92745
1.9538
1.97702
1.99326
2.00094
2.00038
1.99293
1.98034
1.9648
1.94904
1.93555
1.92552
1.91829
1.91186
1.90393
1.8931
1.8793
1.86356
1.847
1.82973
1.81079
1.78925
1.76587
1.74388
1.72792
1.72196
1.72834
1.74781
1.77921
1.81895
1.8614
1.90059
1.93171
1.95138
1.95747
1.94979
1.93126
1.90822
1.88804
1.87486
1.86725
1.85971
1.84633
1.82409
1.79493
1.76627
1.74832
1.748
1.76423
1.79048
1.82033
1.84952
1.87474
1.89263
1.90028
1.89686
1.88499
1.8704
1.85987
1.85788
1.8642
1.87489
1.88553
1.89323
1.89637
1.89404
1.88601
1.87277
1.85527
1.83407
1.80878
1.77924
1.74793
1.71939
1.6963
1.67846
1.66692
1.66562
1.67702
1.69733
1.71722
1.72783
1.7286
1.73052
1.74616
1.7738
1.80019
1.81539
1.81724
1.80838
1.79429
1.78157
1.77456
1.77185
1.76695
1.75305
1.72766
1.69401
1.65881
1.62935
1.61212
1.61244
1.63276
1.66975
1.71389
1.75324
1.77908
1.78894
1.78624
1.77808
1.77203
1.77293
1.78104
1.79353
1.80746
1.82124
1.83434
1.84664
1.858
1.86793
1.87512
1.87749
1.87292
1.86022
1.84039
1.81775
1.79982
1.79453
1.80522
1.82814
1.85521
1.87864
1.89342
1.89747
1.89068
1.87453
1.85237
1.8299
1.81437
1.81145
1.82176
1.83995
1.85724
1.86472
1.85575
1.82762
1.78295
1.72982
1.68059
1.64962
1.64675
1.66804
1.69741
1.71996
1.73011
1.72911
1.72051
1.70923
1.70234
1.70607
1.71989
1.73692
1.7511
1.76094
1.76847
1.77728
1.79096
1.81016
1.82984
1.84105
1.83681
1.81553
1.78046
1.7381
1.69698
1.66597
1.65174
1.65606
1.67521
1.70258
1.73215
1.75932
1.77971
1.78867
1.78398
1.77025
1.7589
1.75929
1.77046
1.78519
1.79738
1.80439
1.80715
1.80895
1.81299
1.81983
1.82685
1.83013
1.82734
1.8194
1.81028
1.80527
1.80929
1.82586
1.85519
1.89124
1.92357
1.94396
1.94966
1.94238
1.92713
1.9114
1.90337
1.90821
1.92478
1.94463
1.95501
1.94478
1.91013
1.85801
1.80543
1.77458
1.78262
1.8289
1.8951
1.96038
2.01256
2.0478
2.06578
2.06676
2.05062
2.01691
1.96591
1.90279
1.84341
1.80974
1.80722
1.81782
1.82547
1.82928
1.83419
1.84155
1.84826
1.85053
1.84695
1.83837
1.82616
1.81062
1.79022
1.76268
1.72877
1.69406
1.66587
1.64921
1.64528
1.65217
1.66722
1.68949
1.7196
1.75559
1.79102
1.81857
1.83419
1.83779
1.83237
1.82259
1.81238
1.80247
1.79019
1.77226
1.74835
1.7225
1.70093
1.6873
1.67907
1.6697
1.65475
1.63517
1.61597
1.60389
1.60499
1.62091
1.6476
1.67914
1.71168
1.74392
1.77543
1.80525
1.83155
1.85236
1.86633
1.87324
1.87373
1.86871
1.85893
1.84501
1.82774
1.80831
1.78807
1.76828
1.74934
1.72983
1.70636
1.67537
1.63653
1.59488
1.55928
1.53849
1.53942
1.56773
1.62281
1.69013
1.74824
1.78325
1.79249
1.78091
1.75776
1.73321
1.71423
1.70206
1.69416
1.68874
1.68729
1.69374
1.71126
1.739
1.77114
1.79938
1.81684
1.82078
1.81364
1.80193
1.79292
1.7906
1.79466
1.80286
1.81372
1.82663
1.84068
1.85406
1.86441
1.86951
1.86789
1.85912
1.84381
1.82348
1.80183
1.78828
1.79724
1.83281
1.87905
1.91629
1.93545
1.93618
1.92219
1.89996
1.87878
1.86864
1.87508
1.89567
1.92238
1.94664
1.962
1.96467
1.95351
1.9297
1.89629
1.85789
1.82037
1.79001
1.77239
1.77161
1.78888
1.82018
1.85623
1.88579
1.90065
1.89953
1.88839
1.87517
1.86334
1.85149
1.8375
1.82178
1.80747
1.79876
1.79684
1.79761
1.79467
1.78449
1.76855
1.75172
1.73929
1.7349
1.7397
1.75159
1.76583
1.77741
1.78256
1.77887
1.76568
1.74522
1.72346
1.70892
1.70853
1.72268
1.74461
1.76535
1.77949
1.78663
1.78862
1.78687
1.78269
1.77832
1.77544
1.77367
1.77168
1.76842
1.76273
1.75446
1.74625
1.74207
1.74238
1.74213
1.73388
1.71208
1.67537
1.62832
1.58349
1.55855
1.5627
1.58728
1.61783
1.64694
1.67364
1.70017
1.72995
1.76415
1.7997
1.83195
1.8578
1.87612
1.88672
1.88926
1.88281
1.86594
1.8375
1.79744
1.74759
1.69186
1.63632
1.58908
1.55944
1.55484
1.57634
1.61743
1.66799
1.71875
1.76273
1.79524
1.8136
1.8173
1.80819
1.79097
1.77366
1.76647
1.77759
1.80794
1.84995
1.89221
1.92548
1.94551
1.9529
1.9509
1.94277
1.93015
1.91359
1.89424
1.87495
1.85943
1.84964
1.84422
1.84012
1.83642
1.83542
1.83901
1.84559
1.85189
1.85545
1.85475
1.84926
1.84157
1.83868
1.84764
1.86782
1.88973
1.90191
1.89691
1.87348
1.83738
1.80059
1.7762
1.76985
1.77652
1.78654
1.79264
1.79178
1.78361
1.76875
1.74823
1.72495
1.7052
1.69489
1.69328
1.69434
1.69362
1.69036
1.68506
1.67765
1.66766
1.65504
1.6407
1.62681
1.61665
1.61347
1.6187
1.63082
1.64565
1.65834
1.66584
1.66826
1.66843
1.66997
1.67547
1.68584
1.70009
1.71559
1.72962
1.74201
1.7562
1.77683
1.80507
1.83665
1.86447
1.88265
1.88881
1.88421
1.87243
1.8578
1.8444
1.83584
1.83484
1.842
1.85447
1.86626
1.87074
1.8637
1.84559
1.82114
1.79628
1.77623
1.76594
1.76992
1.78984
1.82348
1.86623
1.91212
1.95413
1.98594
2.00435
2.01012
2.0068
1.99885
1.9899
1.98183
1.97481
1.96812
1.96118
1.95404
1.94687
1.93885
1.92781
1.91184
1.89082
1.86542
1.83601
1.80362
1.77113
1.74145
1.7151
1.69186
1.674
1.66633
1.67284
1.69237
1.7187
1.74583
1.77149
1.79555
1.81797
1.83858
1.85705
1.87292
1.88567
1.89529
1.90221
1.90633
1.90598
1.89827
1.88083
1.85364
1.81999
1.78632
1.76097
1.75121
1.75946
1.78206
1.81263
1.84582
1.87754
1.90332
1.91761
1.91567
1.89698
1.86742
1.83815
1.8185
1.80926
1.80497
1.80061
1.79448
1.78869
1.78753
1.79354
1.80435
1.81378
1.81597
1.80789
1.78954
1.76356
1.73488
1.70944
1.69241
1.68681
1.69351
1.71181
1.73875
1.76857
1.79636
1.82213
1.84743
1.86844
1.87819
1.87513
1.86555
1.85861
1.8599
1.86846
1.87884
1.88527
1.88478
1.87835
1.87033
1.86584
1.86698
1.87062
1.87052
1.86133
1.84098
1.81096
1.77527
1.73904
1.7077
1.68694
1.68144
1.69169
1.71288
1.73774
1.76072
1.77961
1.79463
1.80682
1.81734
1.82778
1.84082
1.86052
1.8914
1.93516
1.98705
2.03605
2.07036
2.08291
2.07363
2.04878
2.0187
1.99356
1.9784
1.97166
1.96821
1.96231
1.94835
1.9211
1.87856
1.82603
1.77643
1.74189
1.72451
1.71847
1.71777
1.71964
1.72406
1.73207
1.74444
1.76125
1.78255
1.8088
1.84029
1.87518
1.90857
1.93356
1.94475
1.94225
1.93269
1.92378
1.91692
1.90767
1.89233
1.87135
1.84864
1.83039
1.82329
1.83111
1.85163
1.87798
1.90253
1.9196
1.92574
1.91968
1.90247
1.87744
1.849
1.82064
1.79399
1.76951
1.74824
1.73283
1.72596
1.72781
1.73664
1.75166
1.7735
1.80182
1.8342
1.8674
1.89895
1.92702
1.94867
1.95874
1.95187
1.92605
1.88556
1.84069
1.80321
1.78028
1.77306
1.78031
1.80051
1.83079
1.86578
1.89861
1.92296
1.93471
1.9328
1.91962
1.89934
1.87517
1.8491
1.82415
1.80447
1.79254
1.7873
1.78576
1.78638
1.79114
1.8041
1.82692
1.85569
1.88318
1.90325
1.91297
1.91201
1.90186
1.88529
1.86552
1.84542
1.82781
1.81599
1.8118
1.81267
1.81235
1.80543
1.79095
1.77273
1.75659
1.74687
1.74477
1.74935
1.75913
1.77221
1.78581
1.79693
1.80395
1.80764
1.81034
1.81389
1.81796
1.82033
1.81882
1.81294
1.80439
1.79623
1.79153
1.79157
1.7949
1.79833
1.7992
1.79663
1.79083
1.78173
1.76892
1.7529
1.73614
1.72153
1.7097
1.69853
1.68594
1.67217
1.65901
1.64765
1.63835
1.632
1.63161
1.64124
1.66308
1.69537
1.73273
1.76844
1.79721
1.81697
1.82896
1.83649
1.84295
1.85045
1.8593
1.86873
1.87762
1.88453
1.88779
1.88623
1.87964
1.86803
1.85129
1.83122
1.8139
1.80763
1.81673
1.83904
1.86973
1.90329
1.93249
1.9487
1.94498
1.92066
1.88561
1.85807
1.85057
1.85867
1.8702
1.87858
1.88412
1.88839
1.88975
1.88333
1.86484
1.83395
1.79494
1.75528
1.72363
1.7069
1.70666
1.71771
1.73159
1.74248
1.75059
1.76142
1.78102
1.8102
1.84266
1.86857
1.87888
1.86894
1.84447
1.82599
1.83339
1.86001
1.88272
1.88776
1.87441
1.84876
1.81937
1.79443
1.77893
1.77248
1.77
1.76581
1.75713
1.74447
1.73053
1.71912
1.71388
1.71693
1.72793
1.74409
1.76082
1.7733
1.7789
1.77933
1.77984
1.78536
1.79734
1.8139
1.83141
1.84591
1.85465
1.85708
1.85531
1.8534
1.85534
1.86213
1.87039
1.87432
1.86899
1.85254
1.82634
1.79425
1.76197
1.73608
1.72192
1.72135
1.73261
1.75244
1.77812
1.80737
1.83714
1.86347
1.88262
1.89255
1.89351
1.88786
1.87919
1.87121
1.86658
1.86631
1.8699
1.87593
1.88269
1.88856
1.89229
1.89306
1.89062
1.88542
1.8785
1.87068
1.86175
1.85044
1.83575
1.81871
1.80262
1.79189
1.79058
1.80092
1.81977
1.83826
1.84756
1.84373
1.82776
1.80433
1.78166
1.76965
1.77419
1.7928
1.81705
1.83714
1.84362
1.82953
1.79309
1.73844
1.6759
1.62149
1.59224
1.59709
1.63079
1.67795
1.72266
1.75543
1.77421
1.78209
1.7842
1.78554
1.78927
1.79524
1.79981
1.79867
1.79167
1.78449
1.78338
1.78904
1.79806
1.80582
1.80642
1.79441
1.76961
1.73905
1.71187
1.69255
1.68126
1.6781
1.68359
1.69676
1.71522
1.73723
1.76249
1.79069
1.81965
1.84587
1.86634
1.87872
1.88083
1.87123
1.85113
1.82617
1.80572
1.79728
1.79956
1.80324
1.79834
1.78006
1.75064
1.71928
1.69868
1.69846
1.72028
1.75867
1.80519
1.8519
1.89327
1.92642
1.95
1.96269
1.96293
1.95024
1.92659
1.89638
1.86472
1.83594
1.81376
1.80205
1.80409
1.82031
1.84661
1.8762
1.9031
1.92275
1.93174
1.93078
1.92723
1.92875
1.93404
1.93537
1.92753
1.90978
1.883
1.84791
1.80639
1.76388
1.73013
1.71445
1.71842
1.73524
1.75662
1.77746
1.79558
1.8098
1.8192
1.82334
1.82243
1.81716
1.80808
1.7953
1.77905
1.76211
1.75296
1.76218
1.79
1.82317
1.84772
1.85781
1.85597
1.84979
1.84609
1.84578
1.84463
1.83849
1.82738
1.81585
1.80876
1.80652
1.80618
1.80631
1.80827
1.81351
1.82108
1.82785
1.83031
1.82635
1.81609
1.80162
1.78578
1.77129
1.76003
1.75246
1.74664
1.73834
1.72325
1.69983
1.67069
1.64181
1.62029
1.61196
1.61915
1.6398
1.66917
1.70253
1.73545
1.7625
1.77756
1.77727
1.76515
1.7513
1.74493
1.74593
1.74519
1.73393
1.714
1.70063
1.71127
1.74938
1.80252
1.85439
1.89509
1.92265
1.93961
1.94903
1.952
1.94734
1.93322
1.91014
1.88287
1.85922
1.84576
1.84429
1.85214
1.8654
1.88096
1.89615
1.90791
1.91352
1.91176
1.90321
1.88936
1.87184
1.85259
1.83417
1.81945
1.81062
1.80791
1.8085
1.8069
1.79796
1.78007
1.75613
1.73196
1.71445
1.71042
1.72405
1.75273
1.78805
1.82193
1.84957
1.86803
1.87468
1.86744
1.84599
1.81318
1.77504
1.73834
1.70784
1.68575
1.67314
1.67043
1.67685
1.69
1.70596
1.72001
1.72791
1.72782
1.72187
1.7159
1.7157
1.72221
1.7316
1.74043
1.74851
1.75604
1.76047
1.75813
1.74777
1.73094
1.71024
1.68924
1.67401
1.67305
1.69224
1.72905
1.7736
1.81518
1.84651
1.86427
1.86818
1.86046
1.84477
1.82486
1.80342
1.78225
1.76332
1.74953
1.74402
1.74868
1.76303
1.78394
1.80658
1.82579
1.83701
1.83708
1.82494
1.80233
1.77408
1.74763
1.7311
1.73
1.74422
1.76844
1.79613
1.82259
1.84498
1.86142
1.87077
1.87288
1.86858
1.85887
1.84353
1.82074
1.78927
1.75103
1.71114
1.67538
1.64893
1.63679
1.64236
1.66485
1.69936
1.74014
1.7835
1.8275
1.86965
1.90527
1.92809
1.9323
1.91476
1.87645
1.82288
1.76377
1.71121
1.67496
1.65749
1.65426
1.6588
1.66639
1.67435
1.68089
1.68474
1.68578
1.68608
1.68938
1.6981
1.71124
1.72601
1.74069
1.75492
1.76823
1.77905
1.78524
1.78504
1.77764
1.76294
1.74167
1.71594
1.68956
1.6674
1.65445
1.6549
1.67083
1.70087
1.73984
1.78025
1.81534
1.8415
1.8585
1.86785
1.87087
1.86838
1.86206
1.85505
1.84989
1.84557
1.83798
1.82392
1.80444
1.78505
1.77324
1.77477
1.79085
1.81751
1.84832
1.88
1.91566
1.95761
1.9979
2.02283
2.02302
1.99685
1.95113
1.90295
1.87334
1.868
1.87219
1.86919
1.85232
1.82332
1.78791
1.75285
1.7243
1.70666
1.70182
1.70896
1.72484
1.74486
1.76452
1.78053
1.79128
1.7962
1.795
1.78745
1.77522
1.76427
1.7643
1.78265
1.81776
1.86103
1.90384
1.94062
1.96777
1.98261
1.9837
1.97159
1.94917
1.92108
1.89248
1.86741
1.84741
1.83166
1.81857
1.808
1.80213
1.80395
1.81445
1.83099
1.84838
1.86119
1.86564
1.86021
1.84529
1.82262
1.79499
1.76648
1.74388
1.73667
1.75098
1.78323
1.82334
1.86104
1.88833
1.90028
1.89558
1.87664
1.85029
1.82618
1.8109
1.80478
1.80624
1.81544
1.83311
1.8581
1.88603
1.90995
1.92313
1.92334
1.91536
1.90785
1.90566
1.90719
1.90894
1.90937
1.909
1.90916
1.91071
1.91362
1.91694
1.91944
1.91962
1.91568
1.90607
1.89079
1.87208
1.85362
1.83849
1.82681
1.81451
1.79461
1.76123
1.71487
1.66487
1.62546
1.60733
1.61192
1.63282
1.66193
1.69458
1.72809
1.75754
1.77767
1.78737
1.79008
1.79128
1.7962
1.80799
1.82647
1.84846
1.86978
1.88708
1.89861
1.90414
1.90438
1.90061
1.89474
1.88876
1.8828
1.87442
1.86075
1.84176
1.82087
1.80282
1.79077
1.78524
1.78528
1.78983
1.79841
1.81127
1.82825
1.84688
1.86265
1.8722
1.87601
1.87809
1.88265
1.88962
1.89294
1.88519
1.86563
1.84146
1.81716
1.78832
1.75108
1.70867
1.66789
1.63508
1.61586
1.61618
1.64022
1.6854
1.7413
1.79543
1.84004
1.8739
1.89906
1.91718
1.92836
1.9322
1.92873
1.91848
1.90217
1.88089
1.85668
1.83309
1.81466
1.80494
1.80474
1.81241
1.82509
1.8394
1.85227
1.86326
1.87644
1.89692
1.92339
1.94773
1.96281
1.96693
1.96164
1.94848
1.92816
1.90167
1.87168
1.84207
1.81569
1.79274
1.7714
1.75041
1.73084
1.71588
1.70958
1.71533
1.73432
1.76409
1.79901
1.83246
1.85918
1.87627
1.88286
1.8796
1.86834
1.85193
1.83348
1.81555
1.79973
1.78676
1.77714
1.77167
1.77144
1.77704
1.7878
1.80171
1.81597
1.82765
1.83446
1.8355
1.83128
1.82356
1.81498
1.80896
1.80933
1.81902
1.83822
1.86346
1.88847
1.90642
1.91262
1.90579
1.88737
1.8597
1.82494
1.78566
1.74557
1.70849
1.67668
1.65098
1.63256
1.62351
1.6256
1.63869
1.66105
1.69038
1.72364
1.7566
1.78472
1.80512
1.81672
1.81895
1.81082
1.79164
1.76336
1.73301
1.71263
1.71371
1.73848
1.77744
1.8168
1.84635
1.86156
1.86189
1.84856
1.82342
1.78914
1.75039
1.71403
1.68733
1.67473
1.67616
1.6885
1.70796
1.73142
1.75691
1.78376
1.81135
1.8376
1.85857
1.8699
1.86885
1.85579
1.83381
1.80635
1.77513
1.74038
1.70413
1.67325
1.65788
1.66487
1.69187
1.72847
1.76319
1.78912
1.80495
1.8132
1.81854
1.82612
1.83907
1.85642
1.87372
1.88568
1.88878
1.88249
1.86905
1.85184
1.83323
1.81373
1.79299
1.77174
1.75248
1.7384
1.73205
1.7348
1.74671
1.7659
1.78821
1.80801
1.82018
1.82279
1.8189
1.81479
1.81499
1.81849
1.81958
1.81214
1.79356
1.76586
1.73443
1.70585
1.68746
1.68747
1.70897
1.74177
1.76986
1.78641
1.79577
1.80455
1.81409
1.82036
1.81869
1.80748
1.78865
1.7665
1.74627
1.73272
1.72915
1.73722
1.75674
1.78523
1.8175
1.84673
1.86676
1.87493
1.87372
1.87018
1.87259
1.88581
1.90885
1.93619
1.96114
1.9785
1.98569
1.98261
1.971
1.95361
1.93367
1.91441
1.89805
1.885
1.87337
1.8597
1.84064
1.81466
1.78318
1.75054
1.72319
1.70805
1.71043
1.73142
1.767
1.80965
1.8514
1.88586
1.90864
1.91697
1.9098
1.88843
1.85721
1.82307
1.79322
1.77182
1.75795
1.74685
1.73364
1.71659
1.69769
1.68159
1.67396
1.67915
1.6974
1.72404
1.75188
1.77513
1.79203
1.80473
1.81695
1.83129
1.84807
1.86588
1.88245
1.8953
1.90178
1.89899
1.88447
1.85793
1.82363
1.79125
1.77254
1.77404
1.79217
1.81663
1.83772
1.851
1.85762
1.862
1.86815
1.87661
1.88419
1.88639
1.87984
1.86333
1.83837
1.80939
1.78295
1.76569
1.76174
1.77117
1.79093
1.81705
1.84613
1.87505
1.90036
1.91858
1.92735
1.92566
1.91328
1.89022
1.85702
1.8157
1.77067
1.72771
1.69085
1.65993
1.63258
1.60908
1.59399
1.59114
1.59945
1.61556
1.63733
1.66303
1.68981
1.71424
1.73394
1.74766
1.75424
1.75267
1.74324
1.72806
1.70993
1.69113
1.67352
1.65892
1.64885
1.64383
1.64341
1.64717
1.65559
1.66966
1.68882
1.70906
1.7238
1.72727
1.71821
1.70106
1.68317
1.66937
1.6594
1.6518
1.65066
1.66687
1.70758
1.76468
1.82072
1.8627
1.88724
1.89855
1.90432
1.91004
1.91554
1.91635
1.90719
1.88414
1.84558
1.7935
1.73572
1.68615
1.65962
1.66321
1.69212
1.73366
1.77479
1.80605
1.82165
1.81912
1.79982
1.76975
1.73893
1.71713
1.70841
1.71076
1.72046
1.7341
1.74739
1.75476
1.7524
1.74185
1.72957
1.72092
1.71505
1.70835
1.70066
1.69528
1.69432
1.69698
1.70126
1.70561
1.70917
1.71179
1.71381
1.71578
1.71837
1.72207
1.72687
1.73218
1.73742
1.74255
1.74841
1.75639
1.76665
1.7765
1.78176
1.78026
1.77359
1.76685
1.7671
1.7798
1.80378
1.83069
1.85161
1.86313
1.86682
1.865
1.85767
1.84319
1.82118
1.79494
1.77171
1.76032
1.76707
1.79167
1.82679
1.86183
1.88806
1.90182
1.90465
1.90127
1.89646
1.89276
1.89022
1.88796
1.88503
1.88042
1.87291
1.86172
1.84796
1.83514
1.82762
1.82693
1.8309
1.83767
1.84787
1.86119
1.87303
1.87655
1.86746
1.8473
1.82418
1.8101
1.81377
1.83379
1.86029
1.88313
1.89758
1.90345
1.90142
1.8909
1.87044
1.83951
1.80009
1.75753
1.72082
1.70033
1.70209
1.72259
1.75057
1.7738
1.7839
1.77736
1.75466
1.71952
1.67892
1.64351
1.62706
1.64238
1.6932
1.76879
1.85049
1.92268
1.97671
2.00933
2.02064
2.01277
1.98896
1.9527
1.90707
1.85464
1.79822
1.74185
1.69138
1.65313
1.63196
1.63018
1.64699
1.67786
1.71579
1.75402
1.78753
1.81313
1.82945
1.83712
1.83839
1.83612
1.83298
1.83141
1.83377
1.84191
1.85586
1.87316
1.88962
1.90094
1.90393
1.89731
1.88196
1.86092
1.83887
1.82113
1.81187
1.8126
1.82154
1.83373
1.84325
1.8465
1.84328
1.83544
1.8249
1.81268
1.79863
1.78231
1.76403
1.74531
1.7287
1.71769
1.71639
1.72782
1.75151
1.78275
1.81469
1.84196
1.86293
1.87874
1.89029
1.89667
1.89611
1.8876
1.8714
1.84892
1.82263
1.79635
1.77516
1.76426
1.76658
1.78156
1.80674
1.83952
1.87652
1.91259
1.94165
1.95884
1.96241
1.95389
1.93728
1.9175
1.89859
1.88186
1.86563
1.8468
1.82314
1.79437
1.76227
1.7304
1.70339
1.68492
1.67586
1.67436
1.67772
1.68413
1.69288
1.70384
1.71607
1.72741
1.73514
1.73718
1.73327
1.72571
1.71896
1.71837
1.7284
1.75078
1.78297
1.81864
1.84997
1.86996
1.87496
1.86667
1.85177
1.8381
1.83025
1.82811
1.82915
1.83125
1.83391
1.83814
1.846
1.86028
1.88352
1.91602
1.95363
1.98858
2.01329
2.02393
2.0208
2.00664
1.98466
1.95702
1.92476
1.8894
1.85534
1.83046
1.82314
1.83714
1.86948
1.91301
1.95979
2.00246
2.03478
2.05285
2.05598
2.04641
2.02797
2.00448
1.97885
1.95327
1.93025
1.91299
1.90456
1.90603
1.91456
1.92325
1.92497
1.91771
1.90631
1.89824
1.89661
1.89863
1.89932
1.89536
1.88657
1.87562
1.86688
1.86467
1.87092
1.88363
1.89794
1.90899
1.9138
1.91126
1.9007
1.88088
1.85001
1.80775
1.75866
1.71377
1.68514
1.67675
1.68425
1.70174
1.72487
1.7499
1.77311
1.79185
1.80507
1.81251
1.81358
1.80714
1.79226
1.76912
1.73975
1.70831
1.68091
1.66379
1.66018
1.66834
1.68337
1.70054
1.71703
1.7317
1.74428
1.7548
1.76328
1.76951
1.77308
1.77356
1.77118
1.76747
1.76524
1.76746
1.77549
1.78846
1.80425
1.82046
1.83465
1.84477
1.85016
1.85186
1.85189
1.85228
1.85323
1.85105
1.84053
1.82131
1.79947
1.78215
1.77276
1.77087
1.77374
1.77805
1.78261
1.78941
1.80141
1.81836
1.8359
1.84962
1.85836
1.86269
1.862
1.85428
1.83831
1.81638
1.79456
1.77885
1.77007
1.76416
1.75865
1.75554
1.75671
1.76072
1.76515
1.76877
1.7706
1.76943
1.76738
1.77064
1.77935
1.78517
1.78442
1.78236
1.78509
1.79357
1.80392
1.81148
1.81519
1.81912
1.82682
1.83516
1.83763
1.83222
1.82317
1.81711
1.8185
1.82816
1.8441
1.86311
1.88221
1.89977
1.91601
1.93197
1.94773
1.96163
1.9716
1.97674
1.9775
1.97499
1.97015
1.96326
1.95364
1.94025
1.92345
1.90608
1.89234
1.88391
1.87732
1.86606
1.84508
1.81372
1.77616
1.74046
1.71613
1.70975
1.72087
1.74196
1.76317
1.77759
1.78338
1.78271
1.77911
1.77508
1.77154
1.76856
1.76624
1.76468
1.76378
1.76298
1.76154
1.75924
1.75601
1.75111
1.74347
1.73364
1.72467
1.72061
1.72473
1.73857
1.76199
1.79312
1.8286
1.86432
1.89654
1.92298
1.94307
1.95744
1.96711
1.97302
1.97567
1.97448
1.96767
1.95372
1.93301
1.90852
1.88488
1.86596
1.85229
1.84042
1.8256
1.80578
1.78363
1.76502
1.7554
1.7568
1.76682
1.77997
1.78994
1.79227
1.78585
1.77294
1.75786
1.74538
1.73919
1.74101
1.75048
1.76518
1.78109
1.79386
1.80057
1.80124
1.79876
1.79719
1.79942
1.80602
1.81549
1.8245
1.82814
1.8217
1.80359
1.77687
1.74824
1.72489
1.71126
1.70795
1.71351
1.72668
1.74639
1.77013
1.79412
1.81485
1.83011
1.83902
1.84216
1.84146
1.83924
1.83675
1.83336
1.82747
1.81792
1.80443
1.78737
1.76739
1.74539
1.72249
1.70017
1.68021
1.66412
1.6524
1.6451
1.64334
1.64879
1.66105
1.67699
1.69265
1.70387
1.70626
1.69813
1.68371
1.67174
1.66946
1.67784
1.69338
1.71319
1.73717
1.76619
1.79982
1.83531
1.86749
1.88983
1.89672
1.88687
1.86561
1.84343
1.82872
1.82159
1.81698
1.81146
1.80485
1.79775
1.78956
1.77904
1.76608
1.75253
1.741
1.73257
1.72567
1.71744
1.70663
1.69587
1.69097
1.69717
1.71564
1.7432
1.77452
1.80448
1.82942
1.84744
1.85797
1.86111
1.85709
1.84646
1.83041
1.81073
1.78957
1.76944
1.75315
1.74331
1.74193
1.74987
1.76516
1.78265
1.79638
1.80256
1.80034
1.79141
1.77936
1.76899
1.76498
1.77059
1.78642
1.81006
1.83681
1.86181
1.88207
1.89685
1.90657
1.91216
1.91489
1.91538
1.91197
1.90112
1.8812
1.85579
1.83117
1.8115
1.79823
1.79262
1.7958
1.80694
1.82295
1.84025
1.85596
1.86793
1.87426
1.87272
1.86063
1.83505
1.7935
1.7349
1.66108
1.57929
1.50444
1.4575
1.45519
1.49675
1.56309
1.63094
1.68591
1.7244
1.74863
1.76227
1.76894
1.77229
1.77548
1.78033
1.78689
1.79444
1.80281
1.81237
1.82302
1.83338
1.84148
1.84569
1.8454
1.8408
1.83255
1.82164
1.8097
1.7987
1.79018
1.78459
1.7813
1.7793
1.778
1.77795
1.78038
1.78567
1.79226
1.7973
1.79841
1.79531
1.79055
1.78867
1.79265
1.80116
1.81048
1.81833
1.82508
1.83254
1.84265
1.8558
1.87006
1.88283
1.89309
1.90097
1.9057
1.905
1.89679
1.88094
1.85952
1.83566
1.81209
1.79106
1.77494
1.76615
1.76518
1.76867
1.77071
1.76819
1.7641
1.7647
1.7748
1.796
1.8266
1.86158
1.89379
1.91681
1.92736
1.92598
1.91627
1.90347
1.89217
1.8844
1.8792
1.87405
1.86666
1.85567
1.84108
1.82541
1.814
1.8121
1.82032
1.83367
1.8452
1.85019
1.84765
1.83969
1.82945
1.81878
1.80726
1.79306
1.77496
1.75362
1.73209
1.71558
1.71085
1.72465
1.75989
1.81123
1.86666
1.9145
1.94808
1.96558
1.96776
1.95666
1.93516
1.90678
1.87519
1.84357
1.8148
1.79202
1.77833
1.7754
1.78185
1.79344
1.80525
1.81395
1.81911
1.82285
1.82855
1.83905
1.85498
1.87358
1.88979
1.89994
1.90524
1.91069
1.91822
1.92268
1.91649
1.89635
1.8647
1.82718
1.78917
1.75411
1.72393
1.69985
1.68159
1.66645
1.64979
1.62879
1.60747
1.59658
1.60364
1.62474
1.64956
1.67034
1.68541
1.69765
1.71128
1.72919
1.75226
1.78018
1.81201
1.84588
1.8783
1.9042
1.91815
1.91679
1.90157
1.87949
1.8599
1.84923
1.84859
1.85603
1.8693
1.88617
1.9039
1.91957
1.93059
1.935
1.93147
1.91966
1.9016
1.88303
1.8714
1.87054
1.8791
1.8932
1.90731
1.91527
1.91367
1.90302
1.88588
1.86459
1.84102
1.81717
1.79548
1.77842
1.76739
1.76146
1.75737
1.75102
1.73983
1.7243
1.70778
1.6954
1.69258
1.70303
1.72591
1.75546
1.78424
1.80607
1.81676
1.81484
1.80222
1.78359
1.76487
1.75222
1.75094
1.76252
1.78257
1.80259
1.8143
1.81251
1.79544
1.7645
1.72455
1.68452
1.65595
1.64778
1.66039
1.68627
1.7158
1.7417
1.75997
1.76894
1.76868
1.76137
1.75154
1.74488
1.74589
1.75592
1.77355
1.79597
1.8193
1.83891
1.85091
1.85412
1.85034
1.84262
1.83297
1.82123
1.80592
1.78657
1.76502
1.74443
1.72707
1.71385
1.70534
1.70233
1.70499
1.71158
1.71832
1.72097
1.71675
1.70563
1.68948
1.67044
1.65068
1.63479
1.62988
1.64062
1.66537
1.69879
1.73728
1.78175
1.83489
1.89461
1.95235
1.99831
2.02603
2.03325
2.02112
1.99351
1.9567
1.9187
1.88764
1.86883
1.86263
1.86533
1.87208
1.87926
1.8848
1.88763
1.88712
1.88315
1.87612
1.86686
1.85689
1.84821
1.84253
1.84024
1.84001
1.83962
1.83737
1.83268
1.82586
1.81735
1.8078
1.79868
1.79223
1.79062
1.79494
1.80466
1.81765
1.83098
1.84152
1.84644
1.8438
1.83335
1.81698
1.79784
1.77916
1.7644
1.75739
1.75953
1.76704
1.77355
1.776
1.7768
1.78157
1.79509
1.81743
1.84317
1.86464
1.87604
1.8752
1.86284
1.8414
1.81499
1.78941
1.77034
1.75986
1.75595
1.75564
1.75827
1.76562
1.77835
1.7926
1.80114
1.79843
1.78439
1.76468
1.7477
1.73997
1.74287
1.75277
1.76308
1.7666
1.75921
1.74473
1.73555
1.74114
1.75594
1.76587
1.76195
1.74481
1.72193
1.70264
1.69311
1.69413
1.70234
1.71344
1.72506
1.73754
1.75013
1.7577
1.75474
1.74084
1.72059
1.70089
1.68903
1.69158
1.71258
1.75052
1.797
1.83989
1.86867
1.87803
1.86898
1.848
1.82402
1.8043
1.79201
1.78644
1.78416
1.78027
1.77014
1.75215
1.72939
1.70874
1.69723
1.69804
1.70968
1.72817
1.74873
1.76657
1.77826
1.78318
1.78316
1.78039
1.77545
1.76774
1.7576
1.74722
1.7391
1.73414
1.73131
1.72966
1.73038
1.73603
1.74829
1.76704
1.79057
1.81525
1.83655
1.8512
1.85816
1.85788
1.85122
1.83909
1.82308
1.80624
1.79273
1.787
1.79264
1.81057
1.83736
1.86614
1.88932
1.90076
1.89706
1.87918
1.85358
1.82948
1.81279
1.80344
1.79885
1.79711
1.79669
1.79583
1.79369
1.79191
1.79396
1.80189
1.81377
1.82445
1.82918
1.82616
1.81673
1.80394
1.79093
1.78026
1.77455
1.77744
1.79275
1.81989
1.85037
1.87201
1.87703
1.86455
1.83766
1.80011
1.75613
1.71296
1.68197
1.67403
1.69174
1.72749
1.76976
1.81051
1.84687
1.87813
1.90334
1.92137
1.93149
1.93363
1.92855
1.91793
1.90404
1.88932
1.87606
1.86661
1.86314
1.86637
1.87448
1.88391
1.89169
1.89659
1.89843
1.89686
1.89129
1.88167
1.86938
1.85671
1.84507
1.83392
1.82284
1.81421
1.8108
1.81092
1.80943
1.8034
1.79418
1.78582
1.78298
1.78907
1.8046
1.82661
1.84983
1.86887
1.87995
1.88179
1.87618
1.86709
1.85822
1.85045
1.84188
1.83028
1.81538
1.79919
1.78466
1.77387
1.76722
1.76408
1.76449
1.76997
1.78264
1.80321
1.82973
1.85791
1.88271
1.89979
1.90645
1.90196
1.88722
1.86428
1.8362
1.80733
1.78298
1.76768
1.76356
1.7702
1.78555
1.8068
1.83076
1.85404
1.87379
1.88872
1.89913
1.90543
1.90707
1.90337
1.89464
1.88145
1.8633
1.83865
1.8064
1.76725
1.72402
1.68139
1.64583
1.62465
1.62313
1.64079
1.67067
1.70273
1.72825
1.74215
1.74337
1.73456
1.7206
1.70625
1.69464
1.6876
1.68673
1.69325
1.7066
1.72387
1.74104
1.7554
1.76699
1.77794
1.79031
1.80416
1.81699
1.82507
1.82543
1.81673
1.79878
1.7718
1.73647
1.69459
1.64998
1.60864
1.57778
1.56361
1.56877
1.59127
1.62622
1.66865
1.71531
1.76403
1.81183
1.85381
1.88373
1.89663
1.89155
1.87196
1.84258
1.8065
1.76683
1.72974
1.70344
1.69363
1.70003
1.71783
1.74156
1.76703
1.79082
1.80966
1.8208
1.82302
1.8173
1.80649
1.79462
1.78639
1.78628
1.79725
1.8192
1.84836
1.87868
1.90485
1.92432
1.93674
1.9418
1.9384
1.92718
1.91364
1.90634
1.90953
1.91881
1.92568
1.92439
1.91471
1.90107
1.88951
1.8841
1.88501
1.88962
1.89456
1.89683
1.89419
1.88541
1.8706
1.85169
1.83244
1.81751
1.81068
1.81348
1.82477
1.84169
1.86078
1.87891
1.8935
1.90219
1.90238
1.89171
1.86944
1.83813
1.80436
1.77655
1.7611
1.76105
1.77666
1.8031
1.82912
1.8426
1.83583
1.80546
1.75104
1.6759
1.59009
1.51224
1.46518
1.46406
1.50627
1.57435
1.64801
1.71257
1.76069
1.79084
1.80558
1.81036
1.812
1.81599
1.82392
1.83344
1.84109
1.84534
1.84713
1.84839
1.85062
1.85403
1.8573
1.85764
1.85174
1.83739
1.81449
1.78537
1.7546
1.72896
1.71639
1.72194
1.74324
1.77204
1.8003
1.82364
1.84058
1.85
1.84971
1.83774
1.81599
1.79148
1.77158
1.75796
1.74833
1.74215
1.74142
1.74733
1.75895
1.77509
1.79538
1.81962
1.84667
1.87404
1.89742
1.91131
1.9111
1.89536
1.86619
1.8281
1.78602
1.74469
1.71007
1.68956
1.6873
1.699
1.71494
1.72745
1.73379
1.73429
1.73001
1.72204
1.71174
1.70087
1.69122
1.68348
1.67669
1.66942
1.66209
1.65765
1.66034
1.67309
1.69505
1.72121
1.7445
1.75877
1.76131
1.75557
1.75121
1.75668
1.76995
1.78103
1.78187
1.77056
1.74987
1.72481
1.70105
1.6845
1.68133
1.69625
1.72891
1.77176
1.81351
1.84523
1.86364
1.87012
1.86765
1.85769
1.83892
1.80933
1.77127
1.73366
1.70539
1.68889
1.68387
1.69121
1.71141
1.74238
1.77863
1.81322
1.84124
1.86085
1.87197
1.87529
1.87294
1.86934
1.86956
1.87544
1.88381
1.8897
1.89074
1.88832
1.88553
1.88512
1.88875
1.89682
1.90802
1.91947
1.92769
1.9298
1.92458
1.91335
1.90023
1.89055
1.88815
1.89309
1.90153
1.9074
1.90491
1.89047
1.8638
1.82809
1.7893
1.75421
1.72796
1.71262
1.70731
1.70948
1.71572
1.72217
1.72544
1.7245
1.72208
1.72409
1.73577
1.75749
1.78478
1.81107
1.82984
1.8368
1.83169
1.81784
1.79998
1.78215
1.76677
1.75527
1.74864
1.74689
1.74816
1.74875
1.74452
1.73286
1.71378
1.69005
1.6671
1.65199
1.65046
1.66373
1.68886
1.72183
1.75924
1.7977
1.83285
1.86048
1.87816
1.88567
1.88425
1.87547
1.86077
1.84161
1.81992
1.79824
1.7797
1.76783
1.7657
1.77438
1.79215
1.81532
1.84023
1.86376
1.88214
1.89046
1.88433
1.86221
1.82627
1.78148
1.73438
1.69215
1.66151
1.64673
1.64786
1.66055
1.67812
1.69395
1.70343
1.70544
1.70319
1.70306
1.71133
1.73042
1.75763
1.78723
1.8137
1.83393
1.84747
1.85528
1.85818
1.85607
1.84815
1.83376
1.81296
1.78709
1.75925
1.73413
1.71645
1.7094
1.71458
1.73257
1.76201
1.79833
1.83409
1.86103
1.87298
1.86856
1.85269
1.83404
1.819
1.80753
1.79567
1.78052
1.76279
1.74597
1.73418
1.72951
1.73107
1.73654
1.74412
1.75269
1.76072
1.76564
1.76378
1.75125
1.72686
1.69808
1.68471
1.70438
1.75153
1.80706
1.85856
1.90207
1.93636
1.95975
1.96963
1.96419
1.94496
1.91718
1.88587
1.85239
1.81683
1.78153
1.75077
1.72856
1.71718
1.71665
1.72469
1.73808
1.7549
1.77532
1.79915
1.8231
1.84221
1.85322
1.85588
1.85174
1.84249
1.82919
1.81312
1.79731
1.78657
1.78507
1.79403
1.81078
1.82884
1.83978
1.83736
1.82158
1.79959
1.78202
1.77561
1.77855
1.78386
1.78636
1.78586
1.78582
1.79012
1.8005
1.81619
1.83537
1.8564
1.87746
1.89591
1.90842
1.91176
1.90409
1.88582
1.86026
1.83278
1.80876
1.7914
1.78129
1.7775
1.77914
1.78594
1.7973
1.81133
1.82544
1.83851
1.85203
1.86926
1.89276
1.92202
1.95294
1.9794
1.99578
1.99867
1.98798
1.96742
1.94379
1.92412
1.91218
1.90697
1.90475
1.90168
1.89528
1.88471
1.87078
1.85527
1.83972
1.82507
1.81221
1.80232
1.79631
1.79438
1.79599
1.80038
1.80741
1.81736
1.82935
1.84003
1.84449
1.83878
1.82226
1.79814
1.77206
1.74963
1.73475
1.72931
1.7334
1.74475
1.75854
1.76928
1.77363
1.77185
1.76693
1.7625
1.76081
1.76232
1.76747
1.77823
1.79606
1.81834
1.83964
1.85783
1.87622
1.89798
1.92113
1.9411
1.95551
1.96447
1.96833
1.96643
1.95784
1.94262
1.9222
1.89858
1.87355
1.8487
1.82597
1.80843
1.80084
1.80723
1.8262
1.8504
1.87179
1.8859
1.89164
1.88984
1.88249
1.87213
1.86064
1.84884
1.83751
1.82818
1.82272
1.82229
1.82653
1.83397
1.84352
1.85494
1.86752
1.87849
1.8835
1.87907
1.86508
1.84544
1.82676
1.81541
1.81431
1.82121
1.83038
1.83654
1.83774
1.83601
1.83705
1.84848
1.87413
1.9083
1.93868
1.95489
1.95264
1.93261
1.89834
1.85497
1.80856
1.76523
1.73017
1.70657
1.696
1.69967
1.71782
1.74744
1.78282
1.81807
1.84901
1.87309
1.88783
1.89039
1.87893
1.85462
1.82224
1.78884
1.76137
1.74514
1.74383
1.75896
1.7879
1.82311
1.85442
1.87321
1.87547
1.86247
1.8398
1.81537
1.79682
1.78894
1.79198
1.80193
1.81249
1.81793
1.81508
1.80415
1.78868
1.77476
1.76884
1.77468
1.79138
1.81436
1.83771
1.85667
1.86938
1.8773
1.88403
1.89263
1.90248
1.90864
1.90555
1.89252
1.87609
1.8658
1.86647
1.87422
1.87996
1.8759
1.85998
1.83531
1.80616
1.77491
1.74398
1.71951
1.71098
1.72462
1.75692
1.7964
1.83147
1.85608
1.87101
1.88177
1.89421
1.91018
1.92657
1.93784
1.93905
1.92754
1.90323
1.86948
1.83324
1.80214
1.78021
1.76711
1.76094
1.76034
1.7638
1.76802
1.76797
1.75871
1.7378
1.70674
1.67127
1.63965
1.61987
1.61668
1.62956
1.65366
1.6829
1.71281
1.74137
1.76826
1.79378
1.818
1.83976
1.85618
1.86368
1.86032
1.84728
1.8286
1.80958
1.79516
1.78823
1.78848
1.79285
1.79789
1.80261
1.80863
1.81666
1.82422
1.82791
1.82647
1.82085
1.81273
1.8034
1.7937
1.78457
1.77732
1.77276
1.76967
1.76417
1.75126
1.7287
1.70092
1.6787
1.67158
1.67975
1.6954
1.70939
1.71551
1.71239
1.70364
1.69565
1.69411
1.70173
1.71824
1.74149
1.76814
1.79434
1.81663
1.83272
1.84167
1.84366
1.83945
1.82955
1.81417
1.79374
1.76956
1.74311
1.71536
1.68866
1.66867
1.65995
1.6593
1.65932
1.65678
1.65409
1.65508
1.66085
1.66952
1.67954
1.69194
1.70805
1.72564
1.73932
1.74465
1.74122
1.73252
1.72378
1.72013
1.72478
1.73673
1.75125
1.76352
1.77155
1.77605
1.77879
1.78128
1.78444
1.78912
1.79639
1.80693
1.81946
1.83077
1.83818
1.84173
1.84354
1.84546
1.84781
1.85019
1.85296
1.85773
1.86628
1.87909
1.89488
1.91094
1.92357
1.92859
1.92234
1.90293
1.87111
1.83022
1.78511
1.74062
1.70065
1.66802
1.64529
1.63548
1.64155
1.66429
1.69935
1.73739
1.76818
1.785
1.78648
1.77687
1.76498
1.76082
1.77088
1.79492
1.82663
1.85724
1.87929
1.88864
1.88464
1.8698
1.84896
1.82778
1.81086
1.80018
1.79516
1.79364
1.79338
1.793
1.79225
1.79163
1.79184
1.79318
1.79509
1.79577
1.79248
1.78226
1.76323
1.73602
1.70525
1.67953
1.66843
1.67724
1.70439
1.74347
1.78658
1.8271
1.86115
1.88705
1.90407
1.91196
1.91131
1.90375
1.89145
1.87637
1.86042
1.84691
1.84135
1.84892
1.86936
1.89545
1.91749
1.92814
1.92378
1.90398
1.87118
1.83064
1.78955
1.75486
1.73074
1.71749
1.71216
1.71123
1.71327
1.71876
1.72761
1.7372
1.74288
1.74048
1.72827
1.70768
1.68289
1.65998
1.64566
1.64546
1.66141
1.69037
1.72501
1.75728
1.78163
1.79605
1.80128
1.79913
1.79128
1.77901
1.7646
1.75237
1.74769
1.75403
1.77082
1.79381
1.81695
1.83474
1.84452
1.84663
1.8424
1.83214
1.81601
1.79634
1.77811
1.76685
1.76587
1.77467
1.78887
1.80144
1.80488
1.79426
1.77074
1.74285
1.72277
1.71922
1.73348
1.76146
1.79766
1.83701
1.8746
1.90553
1.92624
1.93585
1.93631
1.93148
1.92586
1.92327
1.92602
1.93497
1.94959
1.96762
1.98513
1.99798
2.00358
2.00147
1.99234
1.97689
1.95562
1.92956
1.90128
1.87453
1.85209
1.83418
1.81937
1.80708
1.79858
1.79577
1.79935
1.80802
1.81919
1.83037
1.84025
1.84881
1.8568
1.86493
1.87285
1.87824
1.87687
1.86496
1.8431
1.81807
1.80041
1.79848
1.81315
1.83662
1.85673
1.86313
1.85112
1.82224
1.78318
1.74384
1.71437
1.70193
1.70812
1.72893
1.75711
1.78525
1.80824
1.82445
1.83578
1.84625
1.85917
1.87413
1.88641
1.88989
1.88147
1.86306
1.83976
1.81588
1.79248
1.76818
1.74214
1.71658
1.69714
1.69016
1.69892
1.72194
1.75426
1.78994
1.82368
1.85164
1.8715
1.88267
1.88641
1.88602
1.88622
1.89129
1.90254
1.91706
1.92916
1.93333
1.9268
1.91029
1.88727
1.86243
1.84005
1.82261
1.81076
1.80416
1.80167
1.80086
1.79898
1.79602
1.79537
1.79879
1.80315
1.80573
1.80815
1.8131
1.82081
1.82958
1.83799
1.84554
1.85139
1.85321
1.84762
1.83242
1.80897
1.78257
1.75963
1.74376
1.73394
1.72572
1.71377
1.69494
1.6722
1.65452
1.64796
1.64962
1.65478
1.66326
1.67668
1.69476
1.71495
1.73446
1.75184
1.76731
1.78193
1.79605
1.80862
1.8178
1.82234
1.82232
1.81896
1.81383
1.80835
1.80318
1.79791
1.7924
1.78883
1.79064
1.79953
1.81505
1.83541
1.85697
1.87423
1.88177
1.87607
1.85671
1.82708
1.79465
1.7691
1.75816
1.76424
1.78471
1.81448
1.84826
1.88138
1.90946
1.92839
1.93529
1.92956
1.91286
1.88752
1.85519
1.81792
1.78077
1.75242
1.74055
1.74546
1.75997
1.77545
1.78685
1.79422
1.80172
1.81391
1.83085
1.84682
1.85397
1.84684
1.82461
1.79125
1.75439
1.72258
1.70214
1.69535
1.70126
1.71763
1.74207
1.77181
1.80299
1.83042
1.8487
1.85398
1.84522
1.82398
1.79316
1.75565
1.71385
1.67094
1.63287
1.60846
1.60528
1.62427
1.65973
1.7043
1.75262
1.80101
1.84595
1.88343
1.90939
1.92096
1.91764
1.90215
1.88014
1.8578
1.83837
1.82046
1.79956
1.77179
1.73805
1.70524
1.68165
1.67116
1.67331
1.68621
1.70702
1.73153
1.75347
1.76554
1.76274
1.7454
1.72034
1.69909
1.69188
1.70029
1.7165
1.72974
1.73298
1.72524
1.71046
1.69392
1.67871
1.66526
1.65401
1.64748
1.64955
1.66277
1.68646
1.71709
1.75061
1.78436
1.81665
1.84506
1.86596
1.87578
1.87271
1.85756
1.83374
1.80648
1.7822
1.76787
1.76949
1.7891
1.82245
1.86089
1.89596
1.92266
1.9393
1.94544
1.94074
1.92509
1.89928
1.86568
1.82907
1.79694
1.77789
1.77736
1.79427
1.82194
1.85216
1.87873
1.89882
1.91182
1.91777
1.9165
1.90766
1.89158
1.8702
1.84754
1.82847
1.81656
1.81273
1.81526
1.82049
1.82504
1.82845
1.83355
1.84353
1.85821
1.87253
1.87896
1.87171
1.85113
1.8266
1.81283
1.8194
1.84567
1.8814
1.91031
1.91855
1.9005
1.85925
1.80577
1.75718
1.73133
1.73445
1.75417
1.7724
1.77981
1.77685
1.76879
1.76231
1.76344
1.77575
1.79892
1.82861
1.85774
1.87878
1.8863
1.87901
1.86078
1.83908
1.82006
1.80405
1.78691
1.76568
1.74255
1.72454
1.71955
1.73065
1.75388
1.78176
1.80769
1.82695
1.83621
1.83465
1.82587
1.81675
1.81305
1.81689
1.82874
1.8489
1.87583
1.90435
1.92671
1.93571
1.92735
1.90197
1.86423
1.82263
1.78781
1.76858
1.76724
1.77838
1.79246
1.80156
1.80307
1.79952
1.79482
1.79061
1.78625
1.78076
1.77422
1.76755
1.76187
1.75819
1.75735
1.75966
1.76442
1.76954
1.7722
1.77008
1.76316
1.75495
1.75162
1.75849
1.77641
1.80196
1.83052
1.85801
1.88089
1.89596
1.90128
1.89798
1.89094
1.88571
1.8834
1.87996
1.87034
1.85215
1.82756
1.80341
1.78829
1.78801
1.80301
1.82965
1.86276
1.89741
1.92926
1.95485
1.97216
1.98073
1.98128
1.9748
1.96212
1.94406
1.92143
1.89536
1.8684
1.84569
1.83354
1.83477
1.84614
1.86119
1.87428
1.88158
1.88033
1.86872
1.84683
1.81758
1.78714
1.7636
1.75439
1.76331
1.78852
1.8231
1.85793
1.88524
1.90082
1.90458
1.89971
1.8907
1.88099
1.87115
1.85895
1.84174
1.81868
1.79111
1.76178
1.73441
1.71392
1.70538
1.71129
1.72979
1.75597
1.78376
1.80726
1.82213
1.8273
1.82595
1.82405
1.82611
1.83025
1.82856
1.81574
1.79878
1.79329
1.8055
1.82808
1.85341
1.87958
1.90718
1.93552
1.96074
1.9766
1.97764
1.9624
1.93484
1.90313
1.87599
1.8582
1.85002
1.85015
1.8578
1.87178
1.88923
1.90608
1.91847
1.92344
1.91853
1.90193
1.87395
1.8383
1.80177
1.77173
1.75308
1.74723
1.75328
1.76876
1.78887
1.80617
1.81231
1.8013
1.77259
1.73252
1.6941
1.6721
1.67322
1.6914
1.71534
1.73729
1.75489
1.76866
1.77928
1.7862
1.78768
1.78178
1.76777
1.74726
1.72414
1.70329
1.68921
1.6856
1.69511
1.71859
1.7544
1.79892
1.84717
1.89217
1.92433
1.93376
1.91479
1.86956
1.80875
1.74831
1.70211
1.67614
1.66945
1.67888
1.70162
1.73463
1.77312
1.81044
1.84023
1.85893
1.86652
1.86512
1.85688
1.84312
1.82553
1.80793
1.79579
1.79358
1.80228
1.81919
1.83929
1.85732
1.86926
1.87249
1.86531
1.84738
1.82132
1.79279
1.76687
1.74438
1.72405
1.70738
1.69893
1.7029
1.72127
1.75365
1.79668
1.84405
1.88855
1.92458
1.9491
1.96135
1.96229
1.95416
1.94002
1.92313
1.90621
1.89085
1.87758
1.86628
1.85625
1.84552
1.83105
1.81046
1.78391
1.75403
1.72486
1.70106
1.68691
1.68417
1.69069
1.70272
1.71783
1.73497
1.75347
1.77206
1.78788
1.79721
1.79832
1.79383
1.7901
1.7929
1.80273
1.81455
1.82237
1.82363
1.81935
1.81137
1.80066
1.78911
1.78121
1.78131
1.78915
1.80049
1.81137
1.82002
1.82635
1.83069
1.83308
1.83321
1.83082
1.82635
1.82124
1.81782
1.81902
1.8273
1.84247
1.86034
1.8753
1.88422
1.88732
1.88653
1.88384
1.88085
1.87873
1.87822
1.87935
1.88144
1.88413
1.88785
1.89214
1.89423
1.89081
1.88133
1.86888
1.85814
1.85247
1.85231
1.85523
1.85759
1.85676
1.85344
1.85167
1.85526
1.86366
1.87224
1.87641
1.87486
1.86862
1.85867
1.84614
1.83395
1.82565
1.82229
1.82168
1.82049
1.81625
1.80761
1.79435
1.77756
1.75956
1.74298
1.72938
1.71853
1.70946
1.70231
1.69873
1.69998
1.70494
1.71064
1.71457
1.71571
1.71375
1.70817
1.69877
1.68688
1.67546
1.66808
1.66768
1.67549
1.69043
1.71002
1.73206
1.75554
1.78012
1.80529
1.82997
1.85217
1.86877
1.87589
1.87027
1.85113
1.82121
1.78611
1.7527
1.7281
1.71994
1.73424
1.76872
1.81069
1.84576
1.8653
1.8666
1.85078
1.82174
1.78588
1.75166
1.72685
1.71375
1.70737
1.69975
