-3.87145
-3.87113
-3.87016
-3.87243
-3.87243
-3.87307
-3.87146
-3.87081
-3.86789
-3.86854
-3.86822
-3.8679
-3.86758
-3.86725
-3.86757
-3.86659
-3.86788
-3.86821
-3.8695
-3.87112
-3.87015
-3.87015
-3.8708
-3.87242
-3.8721
-3.87113
-3.87178
-3.87048
-3.87015
-3.86982
-3.86983
-3.86983
-3.86886
-3.86983
-3.87243
-3.87502
-3.87405
-3.87404
-3.87468
-3.87565
-3.87435
-3.87338
-3.87241
-3.87371
-3.87338
-3.87209
-3.87015
-3.86886
-3.86757
-3.86887
-3.86789
-3.87112
-3.87015
-3.8721
-3.87242
-3.87275
-3.8734
-3.87372
-3.87339
-3.87048
-3.87048
-3.86983
-3.86886
-3.86659
-3.86594
-3.86561
-3.86496
-3.86626
-3.86659
-3.8653
-3.86725
-3.8679
-3.87048
-3.87081
-3.87307
-3.8721
-3.8734
-3.87211
-3.87438
-3.8747
-3.87372
-3.87469
-3.87502
-3.876
-3.87503
-3.8747
-3.87437
-3.8747
-3.87179
-3.87082
-3.86953
-3.86855
-3.8679
-3.86563
-3.86433
-3.86336
-3.86628
-3.8692
-3.8692
-3.86888
-3.86855
-3.86984
-3.86984
-3.87146
-3.87276
-3.87081
-3.87146
-3.87243
-3.87016
-3.87243
-3.87179
-3.87373
-3.86984
-3.87081
-3.87145
-3.87113
-3.87113
-3.87114
-3.87113
-3.87146
-3.8708
-3.87177
-3.8721
-3.8747
-3.87374
-3.87147
-3.87017
-3.86984
-3.86984
-3.8721
-3.87404
-3.87275
-3.87275
-3.86983
-3.87048
-3.8721
-3.87339
-3.87016
-3.87275
-3.87308
-3.87405
-3.87211
-3.87243
-3.87276
-3.87178
-3.8721
-3.87178
-3.8695
-3.86853
-3.86756
-3.86659
-3.86594
-3.86334
-3.864
-3.86691
-3.86627
-3.8653
-3.86724
-3.86789
-3.86723
-3.8682
-3.87015
-3.87113
-3.87081
-3.87049
-3.87113
-3.87016
-3.86951
-3.86983
-3.86982
-3.87079
-3.8708
-3.87145
-3.87145
-3.87146
-3.86985
-3.86888
-3.8692
-3.8705
-3.8692
-3.87114
-3.87276
-3.87211
-3.87146
-3.87307
-3.8721
-3.87113
-3.87017
-3.8679
-3.86596
-3.86532
-3.86823
-3.87049
-3.87049
-3.86887
-3.86919
-3.8679
-3.86919
-3.86887
-3.87017
-3.87277
-3.87342
-3.87472
-3.87374
-3.87503
-3.8747
-3.87146
-3.87081
-3.87018
-3.8705
-3.8718
-3.8705
-3.86823
-3.8679
-3.87016
-3.86952
-3.86855
-3.87115
-3.8718
-3.86985
-3.87017
-3.87082
-3.87017
-3.86919
-3.87048
-3.86951
-3.86919
-3.86985
-3.87245
-3.86953
-3.86824
-3.87083
-3.86888
-3.87438
-3.87372
-3.87371
-3.87468
-3.87695
-3.87405
-3.87211
-3.87244
-3.8705
-3.87049
-3.8692
-3.86854
-3.86789
-3.86789
-3.86725
-3.86854
-3.86951
-3.86919
-3.87017
-3.86855
-3.8692
-3.86725
-3.86758
-3.86887
-3.86758
-3.86531
-3.86337
-3.86499
-3.86725
-3.86726
-3.86823
-3.86953
-3.86597
-3.86727
-3.86564
-3.86823
-3.86758
-3.86596
-3.86628
-3.86822
-3.86985
-3.8705
-3.8705
-3.87051
-3.87083
-3.8718
-3.87115
-3.87115
-3.8718
-3.87018
-3.87018
-3.86759
-3.86824
-3.86824
-3.86629
-3.86564
-3.86725
-3.86919
-3.87017
-3.8692
-3.87116
-3.87052
-3.87278
-3.87051
-3.87018
-3.86921
-3.86953
-3.87018
-3.87051
-3.87051
-3.8705
-3.86855
-3.86823
-3.86823
-3.86953
-3.87083
-3.87019
-3.87278
-3.87277
-3.8692
-3.86693
-3.86888
-3.86856
-3.8663
-3.8676
-3.86663
-3.86533
-3.86889
-3.8676
-3.86824
-3.86792
-3.86857
-3.8676
-3.86792
-3.86759
-3.86856
-3.86921
-3.87018
-3.87246
-3.87278
-3.87246
-3.87149
-3.87181
-3.87278
-3.87148
-3.8718
-3.87375
-3.8718
-3.87277
-3.87115
-3.87277
-3.87082
-3.86921
-3.86921
-3.8676
-3.86889
-3.86825
-3.86954
-3.86954
-3.8676
-3.87019
-3.8689
-3.86857
-3.8676
-3.86921
-3.87114
-3.87017
-3.87051
-3.8689
-3.86988
-3.87184
-3.87282
-3.87087
-3.86795
-3.86794
-3.86857
-3.86726
-3.86629
-3.86792
-3.8676
-3.86889
-3.8676
-3.8689
-3.86987
-3.86987
-3.86955
-3.87149
-3.87312
-3.87183
-3.87085
-3.87052
-3.86857
-3.86921
-3.86921
-3.86727
-3.86565
-3.8663
-3.86792
-3.86663
-3.86631
-3.86826
-3.86923
-3.87053
-3.8702
-3.86987
-3.87084
-3.87181
-3.87245
-3.87148
-3.87148
-3.87148
-3.8718
-3.87213
-3.87278
-3.87245
-3.87245
-3.87116
-3.87019
-3.87117
-3.86955
-3.86955
-3.86761
-3.86923
-3.86857
-3.86889
-3.86889
-3.86888
-3.86758
-3.86694
-3.86629
-3.86759
-3.86792
-3.8676
-3.86695
-3.86565
-3.86532
-3.86629
-3.86532
-3.86629
-3.86727
-3.86598
-3.86501
-3.86565
-3.8666
-3.8708
-3.8708
-3.86952
-3.87277
-3.87147
-3.86921
-3.87017
-3.87049
-3.86693
-3.86757
-3.86854
-3.86724
-3.86692
-3.86822
-3.86952
-3.86856
-3.87018
-3.87083
-3.8692
-3.87016
-3.87015
-3.87015
-3.87144
-3.86821
-3.86919
-3.87016
-3.8679
-3.86531
-3.86564
-3.86628
-3.86725
-3.86919
-3.87016
-3.86887
-3.8666
-3.86563
-3.86659
-3.86659
-3.86821
-3.86757
-3.86595
-3.8666
-3.86822
-3.86822
-3.86984
-3.87082
-3.87017
-3.87115
-3.87212
-3.86758
-3.8679
-3.86789
-3.86498
-3.86433
-3.86531
-3.86725
-3.8679
-3.86725
-3.86629
-3.8679
-3.86757
-3.8666
-3.8666
-3.86724
-3.86789
-3.86854
-3.86919
-3.86789
-3.86757
-3.86951
-3.86951
-3.86887
-3.8692
-3.87244
-3.87114
-3.87114
-3.86887
-3.86985
-3.87081
-3.86855
-3.86692
-3.86854
-3.86886
-3.86854
-3.87049
-3.86855
-3.86919
-3.8692
-3.86855
-3.87114
-3.87179
-3.87308
-3.87372
-3.87275
-3.87275
-3.87276
-3.87308
-3.87373
-3.87309
-3.87147
-3.87179
-3.87341
-3.87211
-3.87081
-3.87242
-3.87403
-3.87598
-3.87695
-3.87664
-3.87664
-3.87665
-3.87568
-3.87632
-3.87599
-3.87405
-3.87372
-3.87339
-3.8708
-3.86951
-3.86789
-3.86658
-3.86528
-3.86625
-3.86593
-3.86691
-3.8653
-3.86757
-3.86855
-3.86951
-3.8708
-3.87435
-3.87435
-3.87306
-3.87306
-3.87306
-3.87501
-3.87501
-3.87243
-3.87372
-3.87404
-3.87404
-3.87372
-3.87274
-3.87338
-3.87338
-3.87111
-3.87013
-3.86916
-3.86851
-3.86852
-3.87015
-3.87307
-3.87244
-3.8718
-3.87115
-3.87276
-3.87308
-3.87405
-3.87242
-3.87338
-3.87143
-3.87338
-3.87274
-3.8721
-3.87017
-3.86985
-3.87081
-3.87016
-3.8682
-3.86884
-3.86949
-3.87015
-3.8708
-3.87016
-3.87146
-3.87243
-3.87049
-3.87146
-3.86952
-3.86822
-3.86886
-3.87047
-3.86851
-3.86786
-3.86657
-3.86496
-3.86497
-3.8666
-3.86725
-3.86498
-3.86692
-3.86692
-3.8695
-3.87014
-3.86982
-3.86885
-3.87079
-3.87047
-3.87015
-3.86691
-3.87015
-3.87111
-3.87014
-3.87046
-3.8711
-3.86981
-3.87144
-3.87177
-3.87113
-3.87404
-3.87242
-3.87145
-3.87145
-3.86983
-3.87113
-3.87177
-3.87434
-3.87207
-3.87239
-3.87208
-3.87047
-3.8695
-3.86918
-3.86949
-3.86851
-3.8698
-3.86916
-3.86722
-3.86593
-3.86561
-3.86593
-3.8669
-3.86561
-3.86562
-3.86562
-3.86724
-3.86821
-3.87014
-3.87045
-3.87142
-3.87013
-3.87176
-3.87241
-3.87144
-3.87177
-3.87048
-3.8708
-3.87242
-3.87209
-3.87338
-3.86916
-3.87045
-3.87111
-3.87046
-3.87014
-3.87241
-3.87273
-3.87435
-3.87111
-3.87337
-3.87304
-3.87401
-3.87369
-3.87305
-3.87144
-3.87177
-3.87274
-3.87728
-3.87598
-3.87695
-3.87791
-3.87661
-3.87434
-3.87628
-3.87563
-3.87434
-3.87304
-3.87337
-3.87337
-3.87402
-3.87338
-3.87274
-3.8695
-3.87079
-3.87047
-3.86853
-3.86756
-3.86885
-3.86885
-3.86819
-3.86981
-3.86787
-3.86756
-3.86854
-3.86952
-3.86919
-3.87016
-3.87015
-3.87176
-3.86949
-3.87209
-3.87306
-3.87404
-3.87404
-3.87242
-3.87339
-3.87242
-3.87177
-3.87112
-3.86951
-3.87113
-3.86983
-3.87112
-3.87112
-3.8695
-3.87047
-3.87015
-3.87145
-3.87274
-3.87177
-3.87177
-3.8695
-3.86886
-3.86918
-3.86886
-3.86984
-3.86887
-3.86823
-3.86563
-3.86757
-3.86724
-3.86789
-3.86692
-3.86659
-3.86854
-3.86918
-3.87047
-3.87241
-3.87371
-3.87243
-3.87405
-3.87406
-3.87729
-3.87437
-3.87405
-3.87405
-3.87372
-3.8734
-3.87243
-3.87243
-3.87469
-3.8734
-3.87275
-3.87275
-3.87372
-3.87339
-3.87177
-3.87306
-3.87468
-3.87371
-3.87371
-3.87307
-3.87307
-3.87113
-3.87016
-3.87145
-3.8721
-3.87145
-3.87242
-3.87371
-3.87371
-3.87144
-3.87111
-3.87306
-3.87338
-3.87371
-3.87306
-3.87436
-3.87339
-3.87372
-3.8734
-3.87211
-3.87341
-3.87211
-3.87081
-3.8708
-3.87241
-3.87177
-3.87274
-3.86918
-3.8695
-3.8666
-3.86854
-3.86984
-3.86984
-3.86985
-3.86952
-3.86919
-3.87048
-3.86821
-3.86885
-3.86885
-3.87015
-3.87112
-3.87146
-3.87308
-3.87374
-3.87471
-3.87439
-3.87373
-3.87276
-3.87277
-3.87373
-3.87373
-3.87114
-3.87243
-3.87178
-3.86983
-3.87048
-3.86984
-3.8705
-3.86953
-3.86823
-3.86888
-3.86985
-3.86855
-3.87017
-3.86725
-3.86725
-3.86499
-3.86402
-3.86532
-3.86597
-3.86791
-3.86824
-3.86726
-3.87146
-3.87307
-3.87306
-3.87468
-3.87112
-3.87113
-3.87114
-3.86953
-3.87019
-3.8689
-3.8702
-3.8689
-3.8705
-3.8692
-3.86789
-3.86853
-3.86723
-3.86756
-3.86853
-3.86886
-3.86952
-3.87082
-3.87276
-3.87276
-3.87146
-3.86952
-3.86984
-3.86822
-3.86693
-3.86661
-3.86985
-3.86985
-3.87017
-3.86919
-3.87016
-3.87113
-3.87081
-3.86952
-3.87049
-3.87017
-3.8692
-3.87082
-3.87114
-3.8692
-3.86887
-3.86984
-3.86919
-3.86855
-3.86693
-3.86855
-3.86952
-3.8705
-3.86887
-3.87049
-3.86983
-3.8708
-3.86886
-3.86821
-3.86822
-3.86725
-3.86919
-3.86758
-3.86822
-3.86823
-3.86726
-3.86661
-3.86531
-3.86724
-3.86724
-3.86594
-3.86983
-3.87016
-3.87049
-3.87308
-3.87179
-3.87049
-3.87017
-3.86984
-3.87146
-3.87147
-3.8705
-3.87018
-3.87148
-3.87083
-3.87245
-3.87471
-3.87179
-3.87147
-3.86985
-3.86985
-3.87179
-3.87081
-3.87114
-3.86984
-3.86822
-3.86596
-3.86758
-3.86856
-3.8663
-3.86695
-3.86824
-3.86824
-3.86824
-3.86921
-3.86889
-3.86661
-3.8679
-3.86692
-3.86692
-3.87049
-3.8705
-3.86953
-3.87019
-3.86986
-3.86921
-3.86856
-3.86823
-3.86661
-3.86628
-3.86822
-3.86888
-3.86855
-3.86629
-3.86532
-3.86369
-3.86595
-3.86466
-3.86757
-3.86855
-3.86823
-3.86952
-3.87017
-3.87211
-3.87114
-3.87017
-3.8705
-3.87049
-3.86952
-3.86985
-3.87115
-3.87276
-3.87275
-3.87243
-3.8734
-3.87179
-3.87114
-3.87017
-3.8692
-3.86757
-3.86628
-3.86854
-3.87307
-3.87308
-3.87211
-3.86985
-3.86888
-3.86596
-3.86693
-3.86822
-3.86854
-3.87016
-3.86919
-3.86919
-3.87114
-3.87276
-3.87179
-3.87275
-3.87113
-3.8708
-3.86919
-3.86854
-3.87049
-3.87146
-3.8692
-3.87114
-3.86984
-3.87178
-3.87016
-3.87049
-3.86855
-3.86822
-3.8679
-3.86855
-3.86822
-3.86822
-3.8679
-3.86919
-3.86919
-3.86983
-3.87242
-3.87113
-3.87017
-3.8705
-3.87018
-3.87309
-3.87307
-3.87242
-3.86887
-3.86888
-3.86758
-3.86887
-3.86822
-3.87017
-3.86822
-3.86726
-3.8679
-3.86919
-3.86724
-3.86983
-3.87048
-3.87048
-3.86919
-3.87114
-3.86985
-3.87211
-3.87308
-3.8721
-3.87242
-3.87339
-3.87178
-3.87145
-3.86984
-3.8666
-3.86531
-3.86466
-3.86433
-3.86789
-3.86919
-3.87113
-3.87242
-3.8708
-3.87015
-3.8708
-3.87243
-3.87016
-3.86952
-3.86693
-3.8666
-3.8679
-3.8679
-3.86725
-3.86919
-3.86595
-3.86627
-3.86497
-3.86659
-3.86595
-3.86563
-3.86725
-3.86855
-3.86919
-3.87145
-3.87112
-3.87112
-3.87145
-3.8721
-3.87114
-3.87211
-3.87146
-3.8734
-3.87339
-3.87436
-3.87372
-3.87016
-3.87081
-3.87048
-3.8708
-3.8708
-3.87015
-3.87177
-3.87048
-3.86854
-3.87016
-3.86919
-3.86594
-3.86561
-3.86562
-3.86497
-3.86659
-3.86822
-3.86919
-3.87178
-3.86984
-3.87081
-3.8679
-3.8679
-3.86627
-3.86821
-3.8708
-3.8708
-3.86951
-3.86887
-3.86854
-3.87016
-3.87016
-3.87048
-3.87275
-3.87146
-3.86984
-3.87048
-3.87047
-3.87048
-3.87016
-3.86854
-3.86919
-3.86822
-3.86757
-3.86854
-3.86821
-3.8695
-3.87014
-3.86982
-3.87079
-3.86949
-3.86949
-3.86982
-3.87176
-3.8695
-3.86853
-3.86789
-3.86822
-3.86984
-3.87113
-3.86983
-3.87015
-3.87241
-3.875
-3.87403
-3.87435
-3.87306
-3.87241
-3.87046
-3.87111
-3.87208
-3.87144
-3.87371
-3.87338
-3.87306
-3.8708
-3.8721
-3.87178
-3.87049
-3.87146
-3.8721
-3.87048
-3.86951
-3.86853
-3.86853
-3.86724
-3.86724
-3.86789
-3.86724
-3.86756
-3.8708
-3.8721
-3.87307
-3.8721
-3.8721
-3.87114
-3.86985
-3.87147
-3.87341
-3.87243
-3.87146
-3.86822
-3.86984
-3.86984
-3.86952
-3.87081
-3.8692
-3.86984
-3.87016
-3.8721
-3.87146
-3.87243
-3.87405
-3.87535
-3.87535
-3.87567
-3.87535
-3.87438
-3.8734
-3.87404
-3.87241
-3.87241
-3.86982
-3.87015
-3.86918
-3.86886
-3.86886
-3.86822
-3.8679
-3.86855
-3.87082
-3.87178
-3.86854
-3.8695
-3.86884
-3.86949
-3.87014
-3.86951
-3.86983
-3.86951
-3.8666
-3.86531
-3.86368
-3.86498
-3.86595
-3.86659
-3.86756
-3.86886
-3.8679
-3.86952
-3.86854
-3.86919
-3.8708
-3.87014
-3.86916
-3.87208
-3.87176
-3.87274
-3.87146
-3.86952
-3.8692
-3.87082
-3.87081
-3.87081
-3.87177
-3.87047
-3.87047
-3.87047
-3.86821
-3.86951
-3.87015
-3.87209
-3.8695
-3.86821
-3.86983
-3.86822
-3.86757
-3.86758
-3.86661
-3.86823
-3.86693
-3.8666
-3.86918
-3.86917
-3.87176
-3.87337
-3.87208
-3.87111
-3.86918
-3.86885
-3.86983
-3.87112
-3.87015
-3.86951
-3.86821
-3.86983
-3.87112
-3.87014
-3.86982
-3.87014
-3.87014
-3.86949
-3.86852
-3.86885
-3.87145
-3.87274
-3.87145
-3.87307
-3.87145
-3.87015
-3.8708
-3.87112
-3.87177
-3.87112
-3.86917
-3.87046
-3.86851
-3.87013
-3.86948
-3.86723
-3.86788
-3.86789
-3.86919
-3.86919
-3.86854
-3.86918
-3.87145
-3.87274
-3.87209
-3.87565
-3.8763
-3.87662
-3.8763
-3.87533
-3.87533
-3.87533
-3.87306
-3.87435
-3.875
-3.87339
-3.87372
-3.87308
-3.87114
-3.87114
-3.8734
-3.87274
-3.8708
-3.87111
-3.87176
-3.87306
-3.8708
-3.86983
-3.8708
-3.87047
-3.87047
-3.86918
-3.86886
-3.86886
-3.87049
-3.87211
-3.87145
-3.8721
-3.8721
-3.87275
-3.87113
-3.87178
-3.87178
-3.87113
-3.8721
-3.87146
-3.8747
-3.87534
-3.87534
-3.87696
-3.87403
-3.87144
-3.86917
-3.86917
-3.86691
-3.86595
-3.86595
-3.86402
-3.86499
-3.86466
-3.86725
-3.86951
-3.87049
-3.87146
-3.87048
-3.8682
-3.8669
-3.86787
-3.87079
-3.87144
-3.87177
-3.86983
-3.86951
-3.87113
-3.87016
-3.87048
-3.8695
-3.87176
-3.87305
-3.87143
-3.87046
-3.87078
-3.87143
-3.8724
-3.8724
-3.87014
-3.87079
-3.87306
-3.87565
-3.87662
-3.87856
-3.87532
-3.87079
-3.87305
-3.87079
-3.87273
-3.8708
-3.87015
-3.87079
-3.86885
-3.86754
-3.86689
-3.86657
-3.86399
-3.86561
-3.86464
-3.86205
-3.86366
-3.86528
-3.8669
-3.86593
-3.86496
-3.86528
-3.86658
-3.86593
-3.87079
-3.86981
-3.86916
-3.86949
-3.86884
-3.87208
-3.87111
-3.87079
-3.86852
-3.87046
-3.87144
-3.86886
-3.86789
-3.86691
-3.86529
-3.86464
-3.86496
-3.86366
-3.86431
-3.86496
-3.8669
-3.86658
-3.86659
-3.86886
-3.86724
-3.86627
-3.86724
-3.86983
-3.86885
-3.87079
-3.86917
-3.86917
-3.87046
-3.87046
-3.87144
-3.8708
-3.87113
-3.87145
-3.87048
-3.87049
-3.86983
-3.86918
-3.86949
-3.86917
-3.86787
-3.86788
-3.86788
-3.86918
-3.86887
-3.8679
-3.86886
-3.86983
-3.86821
-3.86919
-3.87113
-3.87275
-3.87307
-3.87274
-3.87306
-3.87242
-3.87177
-3.87145
-3.87113
-3.87275
-3.86952
-3.8721
-3.8721
-3.87145
-3.8708
-3.86918
-3.86918
-3.86982
-3.86949
-3.87078
-3.86949
-3.87144
-3.87404
-3.86983
-3.87016
-3.86886
-3.86886
-3.86724
-3.86788
-3.86885
-3.8695
-3.86918
-3.86885
-3.86917
-3.86819
-3.86755
-3.86722
-3.86755
-3.86755
-3.8682
-3.86788
-3.86821
-3.86918
-3.86982
-3.87209
-3.87111
-3.87144
-3.87371
-3.87566
-3.87469
-3.87631
-3.87469
-3.87371
-3.87242
-3.8721
-3.87178
-3.87016
-3.8721
-3.87307
-3.87307
-3.87339
-3.87145
-3.87016
-3.87049
-3.87016
-3.86854
-3.86853
-3.87015
-3.86755
-3.86723
-3.8695
-3.86724
-3.86886
-3.86951
-3.87016
-3.86952
-3.86887
-3.86822
-3.86887
-3.86822
-3.86789
-3.86756
-3.86821
-3.87048
-3.86983
-3.87048
-3.87015
-3.86853
-3.86885
-3.86886
-3.87081
-3.87178
-3.87081
-3.87113
-3.87177
-3.8708
-3.86951
-3.87177
-3.87339
-3.87372
-3.87274
-3.87015
-3.87274
-3.87242
-3.87048
-3.87112
-3.87047
-3.86983
-3.87177
-3.87243
-3.87081
-3.87275
-3.87468
-3.8737
-3.87241
-3.87241
-3.86982
-3.87047
-3.86918
-3.86853
-3.87015
-3.86983
-3.86983
-3.87113
-3.8708
-3.87015
-3.86853
-3.86982
-3.86852
-3.86852
-3.86755
-3.8695
-3.86982
-3.86918
-3.86529
-3.86302
-3.86205
-3.86302
-3.86237
-3.86399
-3.86464
-3.86626
-3.86885
-3.86691
-3.87143
-3.87241
-3.87047
-3.86918
-3.86983
-3.86983
-3.86724
-3.86626
-3.86917
-3.86722
-3.86788
-3.86529
-3.86433
-3.86498
-3.86659
-3.86756
-3.86496
-3.86626
-3.86593
-3.86658
-3.86658
-3.86593
-3.86432
-3.86561
-3.86658
-3.86594
-3.86626
-3.86562
-3.86335
-3.86561
-3.864
-3.86464
-3.86367
-3.86496
-3.86399
-3.86399
-3.86625
-3.86755
-3.86659
-3.86529
-3.86659
-3.86593
-3.86496
-3.86593
-3.86756
-3.86755
-3.86431
-3.86496
-3.8669
-3.8682
-3.86917
-3.86658
-3.8682
-3.87112
-3.87015
-3.87338
-3.87403
-3.87209
-3.87209
-3.87209
-3.87469
-3.87112
-3.8708
-3.87306
-3.87306
-3.87564
-3.87661
-3.87402
-3.87337
-3.87402
-3.87078
-3.87014
-3.87078
-3.87111
-3.87208
-3.87306
-3.87274
-3.87047
-3.87339
-3.87338
-3.87079
-3.87371
-3.87177
-3.87209
-3.87338
-3.8711
-3.86754
-3.86819
-3.86981
-3.86917
-3.86917
-3.86722
-3.86787
-3.86981
-3.87209
-3.87144
-3.87209
-3.87177
-3.87112
-3.87111
-3.87047
-3.87079
-3.87079
-3.87111
-3.87208
-3.87175
-3.87273
-3.87176
-3.87112
-3.8695
-3.86691
-3.86626
-3.86626
-3.86528
-3.86431
-3.86399
-3.86334
-3.86269
-3.86399
-3.86626
-3.86594
-3.86658
-3.86658
-3.8669
-3.86788
-3.86626
-3.86788
-3.86789
-3.86756
-3.86853
-3.8682
-3.86691
-3.86626
-3.86884
-3.87014
-3.86884
-3.86852
-3.8682
-3.86949
-3.87014
-3.8695
-3.86982
-3.86853
-3.8695
-3.8695
-3.86982
-3.87014
-3.87272
-3.87272
-3.87402
-3.8724
-3.87079
-3.86982
-3.87047
-3.87242
-3.8708
-3.87048
-3.86886
-3.86886
-3.86918
-3.86755
-3.86916
-3.86755
-3.86626
-3.86724
-3.8666
-3.86789
-3.86756
-3.86755
-3.86885
-3.86691
-3.86788
-3.86983
-3.86886
-3.87177
-3.87338
-3.87144
-3.87014
-3.87177
-3.87145
-3.87307
-3.87339
-3.87371
-3.875
-3.87597
-3.87695
-3.87469
-3.87632
-3.87502
-3.87502
-3.87372
-3.87469
-3.87273
-3.87143
-3.87111
-3.86982
-3.86885
-3.86853
-3.86886
-3.86854
-3.86854
-3.86693
-3.86693
-3.86595
-3.86757
-3.86757
-3.86919
-3.86951
-3.86982
-3.8695
-3.86692
-3.86854
-3.86693
-3.86823
-3.87018
-3.86985
-3.86888
-3.8692
-3.87114
-3.87243
-3.87146
-3.87114
-3.87405
-3.87276
-3.87114
-3.86953
-3.86953
-3.86792
-3.86888
-3.86985
-3.87082
-3.87179
-3.87179
-3.87016
-3.87016
-3.86951
-3.87049
-3.86887
-3.87049
-3.86888
-3.8692
-3.87211
-3.87082
-3.87017
-3.87179
-3.87276
-3.87406
-3.87504
-3.87472
-3.87407
-3.87374
-3.8734
-3.87372
-3.87113
-3.86919
-3.87276
-3.87244
-3.87244
-3.8718
-3.87051
-3.87051
-3.86791
-3.8692
-3.86888
-3.86855
-3.86888
-3.86953
-3.86887
-3.86854
-3.87049
-3.86855
-3.87017
-3.8718
-3.87115
-3.87213
-3.87245
-3.87245
-3.87373
-3.87275
-3.87113
-3.87178
-3.87373
-3.87245
-3.86857
-3.86825
-3.86954
-3.87051
-3.87148
-3.87115
-3.87438
-3.87438
-3.87373
-3.87438
-3.87439
-3.87213
-3.87181
-3.8702
-3.86987
-3.87052
-3.87083
-3.87018
-3.86985
-3.87179
-3.87309
-3.87147
-3.87051
-3.87245
-3.86986
-3.86791
-3.8692
-3.86984
-3.87016
-3.8666
-3.86661
-3.8663
-3.86728
-3.86664
-3.86566
-3.86404
-3.86435
-3.86661
-3.86855
-3.86757
-3.86757
-3.86725
-3.86661
-3.86758
-3.8692
-3.86953
-3.8705
-3.87277
-3.87115
-3.86856
-3.86824
-3.86758
-3.86693
-3.8666
-3.86789
-3.86756
-3.86757
-3.86724
-3.8666
-3.86725
-3.8692
-3.86823
-3.86661
-3.86693
-3.86692
-3.8666
-3.86628
-3.8679
-3.86887
-3.86758
-3.86661
-3.86791
-3.86888
-3.86985
-3.87146
-3.87113
-3.87048
-3.87016
-3.87114
-3.87049
-3.86952
-3.87082
-3.86984
-3.87114
-3.87179
-3.87276
-3.87341
-3.87081
-3.8708
-3.86853
-3.86918
-3.86853
-3.86983
-3.87307
-3.87308
-3.87179
-3.87212
-3.87115
-3.8705
-3.87212
-3.87083
-3.86888
-3.86854
-3.86821
-3.86983
-3.87111
-3.87079
-3.87015
-3.87211
-3.87212
-3.8744
-3.87148
-3.86953
-3.87115
-3.87309
-3.87276
-3.87146
-3.87179
-3.87081
-3.87179
-3.87114
-3.87082
-3.86823
-3.86887
-3.8705
-3.87244
-3.87179
-3.86984
-3.86758
-3.86628
-3.8666
-3.86595
-3.8666
-3.86725
-3.86823
-3.86953
-3.86856
-3.8692
-3.8692
-3.87082
-3.86758
-3.8692
-3.87082
-3.87114
-3.8705
-3.87017
-3.87017
-3.87179
-3.87179
-3.86984
-3.87016
-3.87049
-3.8679
-3.86693
-3.86596
-3.86564
-3.86725
-3.86693
-3.86725
-3.8692
-3.86628
-3.86823
-3.86596
-3.86402
-3.86564
-3.86629
-3.8692
-3.8679
-3.86726
-3.86661
-3.86726
-3.86921
-3.87018
-3.87147
-3.87276
-3.87275
-3.87372
-3.87307
-3.87113
-3.87243
-3.87179
-3.87212
-3.87116
-3.8731
-3.87213
-3.87181
-3.87213
-3.8705
-3.8692
-3.86855
-3.86887
-3.86952
-3.86855
-3.86823
-3.86985
-3.8692
-3.86759
-3.86856
-3.8705
-3.86856
-3.87082
-3.86694
-3.86953
-3.86921
-3.87212
-3.87148
-3.87018
-3.86985
-3.86855
-3.8705
-3.87114
-3.87017
-3.86953
-3.86888
-3.86953
-3.87051
-3.87148
-3.87342
-3.87245
-3.87342
-3.87083
-3.86921
-3.87018
-3.86986
-3.87018
-3.87082
-3.87082
-3.87115
-3.86889
-3.86954
-3.86987
-3.87051
-3.8718
-3.8705
-3.8692
-3.86856
-3.86889
-3.8676
-3.86857
-3.86986
-3.87083
-3.87147
-3.87277
-3.8692
-3.87017
-3.86855
-3.8679
-3.86791
-3.86758
-3.87018
-3.87083
-3.8705
-3.86985
-3.87276
-3.8747
-3.87568
-3.876
-3.87277
-3.87213
-3.8718
-3.87342
-3.87245
-3.87083
-3.87018
-3.87018
-3.87083
-3.87018
-3.87017
-3.86985
-3.87147
-3.87115
-3.87245
-3.87471
-3.87536
-3.87406
-3.87082
-3.87211
-3.87308
-3.87147
-3.87049
-3.8705
-3.87115
-3.8718
-3.8731
-3.87245
-3.87114
-3.87146
-3.87243
-3.87016
-3.86887
-3.86985
-3.86953
-3.86855
-3.86822
-3.86628
-3.86855
-3.86823
-3.86629
-3.86467
-3.86564
-3.86434
-3.86758
-3.8679
-3.86887
-3.86984
-3.86919
-3.87179
-3.87178
-3.8734
-3.8721
-3.87275
-3.87437
-3.87437
-3.87211
-3.87017
-3.86855
-3.86823
-3.86823
-3.86855
-3.87049
-3.86887
-3.86919
-3.87048
-3.87113
-3.86854
-3.86984
-3.86887
-3.86757
-3.8679
-3.86985
-3.86985
-3.8692
-3.87146
-3.8721
-3.87114
-3.87114
-3.87211
-3.87244
-3.87082
-3.87081
-3.87114
-3.86984
-3.8705
-3.87114
-3.8705
-3.87147
-3.87179
-3.87211
-3.87243
-3.86984
-3.86983
-3.86692
-3.86854
-3.86887
-3.86694
-3.87018
-3.86856
-3.86791
-3.8692
-3.86758
-3.8679
-3.86887
-3.86919
-3.87016
-3.8692
-3.86953
-3.87148
-3.87051
-3.87115
-3.87146
-3.87048
-3.86886
-3.86887
-3.86984
-3.86855
-3.86823
-3.86855
-3.8692
-3.86985
-3.87179
-3.87244
-3.87017
-3.86791
-3.86596
-3.86434
-3.86434
-3.8666
-3.86854
-3.87017
-3.86887
-3.86855
-3.86919
-3.86692
-3.86822
-3.86919
-3.86823
-3.86888
-3.8705
-3.87374
-3.87309
-3.876
-3.87406
-3.87309
-3.87567
-3.87568
-3.87373
-3.87373
-3.87438
-3.87211
-3.8692
-3.87114
-3.87049
-3.87308
-3.87276
-3.87373
-3.87277
-3.87115
-3.87116
-3.87115
-3.8705
-3.87212
-3.87146
-3.87146
-3.87081
-3.87114
-3.87114
-3.86952
-3.86952
-3.87244
-3.87244
-3.87276
-3.87277
-3.87341
-3.8718
-3.87374
-3.87374
-3.87115
-3.87147
-3.87504
-3.87277
-3.87277
-3.87115
-3.86953
-3.87017
-3.86855
-3.86919
-3.87017
-3.8705
-3.87018
-3.86986
-3.86954
-3.87148
-3.8718
-3.86985
-3.86952
-3.87049
-3.87114
-3.87049
-3.86984
-3.87146
-3.87341
-3.87212
-3.87018
-3.86986
-3.87083
-3.87083
-3.86824
-3.86597
-3.86467
-3.86434
-3.86434
-3.86402
-3.8637
-3.86402
-3.86435
-3.86694
-3.86629
-3.86726
-3.86791
-3.86921
-3.87115
-3.8705
-3.8692
-3.86887
-3.86919
-3.86822
-3.86984
-3.87017
-3.86823
-3.87115
-3.8731
-3.87569
-3.87148
-3.8718
-3.87342
-3.8718
-3.87148
-3.87083
-3.87277
-3.86921
-3.86758
-3.86726
-3.86855
-3.87179
-3.87374
-3.87116
-3.87116
-3.87019
-3.87116
-3.87148
-3.87148
-3.87343
-3.87278
-3.87278
-3.87375
-3.87342
-3.87375
-3.87214
-3.87344
-3.87344
-3.87312
-3.87473
-3.87376
-3.8744
-3.87537
-3.87375
-3.87083
-3.87181
-3.87213
-3.87117
-3.87084
-3.87019
-3.86857
-3.8676
-3.86728
-3.86598
-3.86728
-3.86599
-3.86599
-3.86922
-3.86955
-3.86663
-3.86792
-3.86921
-3.86986
-3.86953
-3.86986
-3.86921
-3.86986
-3.87051
-3.86759
-3.8663
-3.86791
-3.86759
-3.86629
-3.86564
-3.86338
-3.86273
-3.8637
-3.86338
-3.86823
-3.86855
-3.86984
-3.87114
-3.87114
-3.87243
-3.87113
-3.8679
-3.86531
-3.86662
-3.86986
-3.87051
-3.87148
-3.87147
-3.87018
-3.87244
-3.87146
-3.87211
-3.87179
-3.87017
-3.87018
-3.86953
-3.86824
-3.86857
-3.86857
-3.86889
-3.86661
-3.86758
-3.86888
-3.86759
-3.86792
-3.86663
-3.86954
-3.86889
-3.86792
-3.86824
-3.8663
-3.86533
-3.8663
-3.86598
-3.86597
-3.86759
-3.86824
-3.86986
-3.87116
-3.87148
-3.87148
-3.8718
-3.86824
-3.86986
-3.86986
-3.86921
-3.86921
-3.86889
-3.87083
-3.87245
-3.87536
-3.87439
-3.87536
-3.87698
-3.87536
-3.87439
-3.87504
-3.87277
-3.87342
-3.87147
-3.87051
-3.86986
-3.87083
-3.87083
-3.86986
-3.87018
-3.86758
-3.86855
-3.86952
-3.86984
-3.86822
-3.87017
-3.8692
-3.86856
-3.86857
-3.86728
-3.86857
-3.86857
-3.86857
-3.86986
-3.86986
-3.86985
-3.87018
-3.87082
-3.87049
-3.86758
-3.86856
-3.87051
-3.87213
-3.87148
-3.87116
-3.87277
-3.87245
-3.87244
-3.87211
-3.87244
-3.87277
-3.87342
-3.87278
-3.87148
-3.8718
-3.86953
-3.8692
-3.86855
-3.86661
-3.86596
-3.8679
-3.8679
-3.86823
-3.86791
-3.86921
-3.86825
-3.86598
-3.86792
-3.86598
-3.86759
-3.86791
-3.86856
-3.86855
-3.86985
-3.86823
-3.87017
-3.87082
-3.86921
-3.86856
-3.86954
-3.87051
-3.86954
-3.87181
-3.87148
-3.87147
-3.87179
-3.87147
-3.87082
-3.87018
-3.87019
-3.86889
-3.8705
-3.87017
-3.87114
-3.8692
-3.86952
-3.87049
-3.87017
-3.86953
-3.86985
-3.87051
-3.87018
-3.86856
-3.86823
-3.86822
-3.86919
-3.8679
-3.86693
-3.86985
-3.86953
-3.87018
-3.8731
-3.87115
-3.87179
-3.87146
-3.87307
-3.87308
-3.87373
-3.87342
-3.8731
-3.8718
-3.87179
-3.87211
-3.86887
-3.86952
-3.86887
-3.87147
-3.87277
-3.87147
-3.87212
-3.8705
-3.86985
-3.87018
-3.87018
-3.87051
-3.87018
-3.87018
-3.87017
-3.86984
-3.86984
-3.86984
-3.87082
-3.87115
-3.86921
-3.86922
-3.86889
-3.86825
-3.87148
-3.87245
-3.87471
-3.87373
-3.87243
-3.87146
-3.87017
-3.87082
-3.87018
-3.87115
-3.87115
-3.87148
-3.87309
-3.87471
-3.87373
-3.87179
-3.87179
-3.87309
-3.87244
-3.87212
-3.87115
-3.86986
-3.86791
-3.86824
-3.86985
-3.87017
-3.87081
-3.87048
-3.87048
-3.87081
-3.86823
-3.86597
-3.86888
-3.86727
-3.86726
-3.87082
-3.86985
-3.86726
-3.86823
-3.86663
-3.86502
-3.86404
-3.8663
-3.86726
-3.86596
-3.8666
-3.86854
-3.86853
-3.86725
-3.8679
-3.86856
-3.87018
-3.87018
-3.8705
-3.86985
-3.86887
-3.87081
-3.86887
-3.86789
-3.86692
-3.86433
-3.86531
-3.8666
-3.8679
-3.86822
-3.86855
-3.86952
-3.86888
-3.86985
-3.86629
-3.86694
-3.86855
-3.86789
-3.86886
-3.86984
-3.87114
-3.86823
-3.86855
-3.87049
-3.87082
-3.86823
-3.86953
-3.86791
-3.86985
-3.86791
-3.86531
-3.86855
-3.86919
-3.86822
-3.8666
-3.8653
-3.86595
-3.86466
-3.86207
-3.86304
-3.86596
-3.86595
-3.86692
-3.86821
-3.86724
-3.86822
-3.86758
-3.86725
-3.86693
-3.86855
-3.86886
-3.8708
-3.86983
-3.87048
-3.87048
-3.87177
-3.87048
-3.87112
-3.87048
-3.87081
-3.8692
-3.86953
-3.87082
-3.87017
-3.86855
-3.86628
-3.8666
-3.86886
-3.86886
-3.86886
-3.86627
-3.86725
-3.86951
-3.87114
-3.86984
-3.86855
-3.86758
-3.8679
-3.86466
-3.86725
-3.86628
-3.86789
-3.86854
-3.86854
-3.86757
-3.86919
-3.87081
-3.87178
-3.87082
-3.87276
-3.87341
-3.87406
-3.87179
-3.87146
-3.8747
-3.87535
-3.87276
-3.87147
-3.87374
-3.87082
-3.86887
-3.86887
-3.86918
-3.86789
-3.86951
-3.86791
-3.86921
-3.86727
-3.86564
-3.86629
-3.86531
-3.86531
-3.86532
-3.86467
-3.86402
-3.86595
-3.86724
-3.86659
-3.86595
-3.86758
-3.86629
-3.86501
-3.86598
-3.86696
-3.86825
-3.86792
-3.86888
-3.87146
-3.87275
-3.87145
-3.87081
-3.87017
-3.86757
-3.86822
-3.86855
-3.86953
-3.87083
-3.87019
-3.86987
-3.86954
-3.86856
-3.86953
-3.8692
-3.86823
-3.86921
-3.86694
-3.86726
-3.86726
-3.86759
-3.86759
-3.8692
-3.86888
-3.86855
-3.86952
-3.86692
-3.86984
-3.87113
-3.86952
-3.87017
-3.8692
-3.8692
-3.87082
-3.87081
-3.87049
-3.87049
-3.87049
-3.87017
-3.87049
-3.87146
-3.87114
-3.87308
-3.87211
-3.87114
-3.87308
-3.8734
-3.87502
-3.87632
-3.87536
-3.87569
-3.87439
-3.87342
-3.87471
-3.87276
-3.87308
-3.87309
-3.87211
-3.87339
-3.87177
-3.87112
-3.87113
-3.87114
-3.87082
-3.8692
-3.86888
-3.86791
-3.8692
-3.86887
-3.87114
-3.87146
-3.86854
-3.86757
-3.86919
-3.86724
-3.86692
-3.86822
-3.86984
-3.86952
-3.86887
-3.86951
-3.86951
-3.86627
-3.86725
-3.86822
-3.86725
-3.86757
-3.86886
-3.86691
-3.86918
-3.86756
-3.86789
-3.86692
-3.86789
-3.8653
-3.8666
-3.86497
-3.86562
-3.86529
-3.86561
-3.86755
-3.87047
-3.86982
-3.86821
-3.86563
-3.86725
-3.86823
-3.86952
-3.86693
-3.86725
-3.86692
-3.86788
-3.86852
-3.86723
-3.86886
-3.86692
-3.86919
-3.86919
-3.86984
-3.87113
-3.86886
-3.86982
-3.87079
-3.86853
-3.86917
-3.87144
-3.86885
-3.8695
-3.86854
-3.86821
-3.86757
-3.86886
-3.87015
-3.87014
-3.87144
-3.86917
-3.86787
-3.8669
-3.87046
-3.87046
-3.8682
-3.86756
-3.86821
-3.86918
-3.86918
-3.86918
-3.86886
-3.86756
-3.86561
-3.86366
-3.86657
-3.86819
-3.86917
-3.87047
-3.8695
-3.8695
-3.86885
-3.86853
-3.87113
-3.87275
-3.87242
-3.87177
-3.87209
-3.87176
-3.87078
-3.86915
-3.86689
-3.86853
-3.86789
-3.86822
-3.86887
-3.86822
-3.8679
-3.86692
-3.86724
-3.86756
-3.86691
-3.86885
-3.86918
-3.87015
-3.87113
-3.87113
-3.87436
-3.8721
-3.87145
-3.86983
-3.86983
-3.86983
-3.86886
-3.86886
-3.86789
-3.86821
-3.86594
-3.86627
-3.86724
-3.86724
-3.86724
-3.8653
-3.86822
-3.86919
-3.86853
-3.8682
-3.8682
-3.86884
-3.86755
-3.86625
-3.86626
-3.86691
-3.86626
-3.86562
-3.8653
-3.86724
-3.86562
-3.86886
-3.8721
-3.87468
-3.87338
-3.87176
-3.87144
-3.87339
-3.87404
-3.87307
-3.87436
-3.87598
-3.87468
-3.87501
-3.87437
-3.87534
-3.87405
-3.8747
-3.87275
-3.87178
-3.87048
-3.86886
-3.87047
-3.87047
-3.86788
-3.86886
-3.86951
-3.86951
-3.86918
-3.86951
-3.87113
-3.87113
-3.87178
-3.87178
-3.86951
-3.86594
-3.86853
-3.86982
-3.87079
-3.87339
-3.87371
-3.87307
-3.8721
-3.87145
-3.87178
-3.87178
-3.86951
-3.87307
-3.87468
-3.875
-3.875
-3.87339
-3.86983
-3.87048
-3.87145
-3.87144
-3.87144
-3.87468
-3.87371
-3.87307
-3.87243
-3.87308
-3.87113
-3.86983
-3.86724
-3.86756
-3.86626
-3.86367
-3.8653
-3.86562
-3.8653
-3.86724
-3.86886
-3.87307
-3.87242
-3.87177
-3.87048
-3.87016
-3.87177
-3.87242
-3.87177
-3.87081
-3.87081
-3.87147
-3.86985
-3.86725
-3.86724
-3.86789
-3.86918
-3.86789
-3.87049
-3.8692
-3.87017
-3.87114
-3.87308
-3.87372
-3.8734
-3.87405
-3.87502
-3.87178
-3.87114
-3.87308
-3.87114
-3.87114
-3.87114
-3.87146
-3.87211
-3.87147
-3.87082
-3.86822
-3.87113
-3.87212
-3.87148
-3.86986
-3.86953
-3.87179
-3.87049
-3.86985
-3.86985
-3.87083
-3.87181
-3.87278
-3.8718
-3.87051
-3.86921
-3.86823
-3.86791
-3.87114
-3.86984
-3.86789
-3.86595
-3.8679
-3.8663
-3.86825
-3.86663
-3.86598
-3.8676
-3.86954
-3.86954
-3.87082
-3.87179
-3.86919
-3.86693
-3.86531
-3.86726
-3.86888
-3.86921
-3.86953
-3.87147
-3.87308
-3.87179
-3.87147
-3.87277
-3.87051
-3.86954
-3.87018
-3.86597
-3.86662
-3.86499
-3.86499
-3.86629
-3.86693
-3.86758
-3.86725
-3.86919
-3.87211
-3.87308
-3.87244
-3.87212
-3.87245
-3.87115
-3.87212
-3.87115
-3.87211
-3.87405
-3.87373
-3.87114
-3.86986
-3.86857
-3.87019
-3.87116
-3.87147
-3.87276
-3.87211
-3.87405
-3.87275
-3.8721
-3.87243
-3.87243
-3.87244
-3.8718
-3.87309
-3.87244
-3.87309
-3.87407
-3.87375
-3.8744
-3.87601
-3.87731
-3.87957
-3.87795
-3.87729
-3.87599
-3.87437
-3.87438
-3.87633
-3.87601
-3.87633
-3.87374
-3.87438
-3.87308
-3.87179
-3.87114
-3.87146
-3.87373
-3.87244
-3.87244
-3.87115
-3.87245
-3.87018
-3.87146
-3.87211
-3.87276
-3.87147
-3.86953
-3.86953
-3.86694
-3.86759
-3.86791
-3.8692
-3.86758
-3.86758
-3.86564
-3.86662
-3.86856
-3.86921
-3.86823
-3.86564
-3.86563
-3.86725
-3.8679
-3.86888
-3.86855
-3.86984
-3.86854
-3.86756
-3.86853
-3.86659
-3.86724
-3.86692
-3.86951
-3.86886
-3.86919
-3.86822
-3.87017
-3.8692
-3.86952
-3.87081
-3.86854
-3.86919
-3.86919
-3.86789
-3.86595
-3.86725
-3.86855
-3.86823
-3.86855
-3.86758
-3.86726
-3.8679
-3.86855
-3.86822
-3.86919
-3.86789
-3.86822
-3.86952
-3.86758
-3.86855
-3.87179
-3.87115
-3.87082
-3.87276
-3.87373
-3.87307
-3.8721
-3.8708
-3.86886
-3.86984
-3.86628
-3.86628
-3.86758
-3.86725
-3.86822
-3.86822
-3.87049
-3.86952
-3.86952
-3.87049
-3.87016
-3.87145
-3.8721
-3.87113
-3.87242
-3.86951
-3.8679
-3.86952
-3.86822
-3.86725
-3.86758
-3.86887
-3.86821
-3.86788
-3.86626
-3.86821
-3.86627
-3.86758
-3.86855
-3.86888
-3.86984
-3.86984
-3.86886
-3.86951
-3.86951
-3.86854
-3.87016
-3.87017
-3.86888
-3.87018
-3.87212
-3.87083
-3.87147
-3.86823
-3.86693
-3.8679
-3.86854
-3.86887
-3.8666
-3.86789
-3.86659
-3.86757
-3.8666
-3.86628
-3.86823
-3.8692
-3.87082
-3.86823
-3.86823
-3.86919
-3.86951
-3.87177
-3.87371
-3.87307
-3.87275
-3.8721
-3.87049
-3.86887
-3.86887
-3.87081
-3.87113
-3.87308
-3.87341
-3.87567
-3.87729
-3.87664
-3.8747
-3.8747
-3.8747
-3.87697
-3.87696
-3.87793
-3.87728
-3.87599
-3.87665
-3.876
-3.87664
-3.87534
-3.87112
-3.87145
-3.87048
-3.86983
-3.86886
-3.87016
-3.87081
-3.87049
-3.86952
-3.86952
-3.86887
-3.87016
-3.86854
-3.86887
-3.87146
-3.87017
-3.87178
-3.87243
-3.87145
-3.87144
-3.87079
-3.86788
-3.86756
-3.86822
-3.86984
-3.86692
-3.86854
-3.86919
-3.86821
-3.87112
-3.86983
-3.87145
-3.87145
-3.87178
-3.87275
-3.87566
-3.87339
-3.87275
-3.87242
-3.87274
-3.87111
-3.86885
-3.86885
-3.8695
-3.87112
-3.87015
-3.87242
-3.87079
-3.86852
-3.86916
-3.87273
-3.8737
-3.87532
-3.87662
-3.87791
-3.87792
-3.87403
-3.87241
-3.87176
-3.87014
-3.86787
-3.86885
-3.8695
-3.86983
-3.86918
-3.86982
-3.87111
-3.86884
-3.86755
-3.86852
-3.86853
-3.86691
-3.87015
-3.86853
-3.87047
-3.86885
-3.86788
-3.86723
-3.86853
-3.86983
-3.86983
-3.87016
-3.86886
-3.86789
-3.86821
-3.86918
-3.86788
-3.86885
-3.86982
-3.86917
-3.86886
-3.86821
-3.86562
-3.8653
-3.86465
-3.86594
-3.86691
-3.86885
-3.87047
-3.86983
-3.86951
-3.86983
-3.87113
-3.87146
-3.87081
-3.86854
-3.86659
-3.86788
-3.86593
-3.86431
-3.86398
-3.86431
-3.86626
-3.86432
-3.86368
-3.86401
-3.86628
-3.86628
-3.86725
-3.86887
-3.86952
-3.87016
-3.86886
-3.86917
-3.87079
-3.87079
-3.8721
-3.87113
-3.87049
-3.86887
-3.86822
-3.86821
-3.86594
-3.86723
-3.86982
-3.86724
-3.86693
-3.86791
-3.86986
-3.87212
-3.87275
-3.87307
-3.87015
-3.87047
-3.87047
-3.87144
-3.86983
-3.87048
-3.86983
-3.87048
-3.86983
-3.87047
-3.87015
-3.87015
-3.87079
-3.87047
-3.87112
-3.8708
-3.87176
-3.87209
-3.87209
-3.87047
-3.86885
-3.87112
-3.8721
-3.87372
-3.87242
-3.87274
-3.87209
-3.87144
-3.8682
-3.86722
-3.86658
-3.86854
-3.86757
-3.8666
-3.86887
-3.86951
-3.86789
-3.86918
-3.86691
-3.86724
-3.86498
-3.86433
-3.86433
-3.86659
-3.86594
-3.86756
-3.86885
-3.87015
-3.87113
-3.8708
-3.87048
-3.86595
-3.86757
-3.86692
-3.86724
-3.86692
-3.86692
-3.86757
-3.86919
-3.86789
-3.8679
-3.86822
-3.86757
-3.86692
-3.86563
-3.86919
-3.86919
-3.87048
-3.87145
-3.87274
-3.87113
-3.86886
-3.86725
-3.8679
-3.86725
-3.86726
-3.86758
-3.86985
-3.87082
-3.87114
-3.87276
-3.87437
-3.87307
-3.8721
-3.87112
-3.8708
-3.86692
-3.86757
-3.86596
-3.865
-3.86468
-3.86468
-3.86176
-3.8637
-3.86402
-3.86693
-3.86725
-3.87049
-3.87178
-3.87145
-3.8708
-3.87146
-3.87276
-3.87212
-3.87147
-3.8705
-3.86952
-3.86888
-3.86694
-3.86597
-3.865
-3.86402
-3.86563
-3.86724
-3.86756
-3.86725
-3.8679
-3.8679
-3.86887
-3.86757
-3.86725
-3.86757
-3.86661
-3.86629
-3.86856
-3.8705
-3.87147
-3.87535
-3.87534
-3.87696
-3.87567
-3.87664
-3.87664
-3.87664
-3.87567
-3.87729
-3.876
-3.87503
-3.87341
-3.87212
-3.87211
-3.87049
-3.86952
-3.86596
-3.86434
-3.86434
-3.86563
-3.8653
-3.86465
-3.86498
-3.86951
-3.86886
-3.86952
-3.8679
-3.86499
-3.86694
-3.86759
-3.86662
-3.86661
-3.8692
-3.8679
-3.86757
-3.86789
-3.86854
-3.8679
-3.86823
-3.86661
-3.86661
-3.86822
-3.86951
-3.86886
-3.86757
-3.86368
-3.86628
-3.86563
-3.86531
-3.8666
-3.86984
-3.86854
-3.8679
-3.8666
-3.86628
-3.86724
-3.86724
-3.86821
-3.86852
-3.87047
-3.86982
-3.87015
-3.87081
-3.87178
-3.87017
-3.86823
-3.86887
-3.86854
-3.8679
-3.86789
-3.86692
-3.86691
-3.86755
-3.86787
-3.86755
-3.8682
-3.8682
-3.86724
-3.86724
-3.86627
-3.86789
-3.86724
-3.86465
-3.86497
-3.86627
-3.86627
-3.86724
-3.86886
-3.87014
-3.87013
-3.8698
-3.86819
-3.86787
-3.86852
-3.86821
-3.87112
-3.8708
-3.87113
-3.86724
-3.86723
-3.86884
-3.86787
-3.86917
-3.86949
-3.8682
-3.86853
-3.86885
-3.86885
-3.8682
-3.86787
-3.86495
-3.86528
-3.86399
-3.86334
-3.86172
-3.86367
-3.86497
-3.86464
-3.86529
-3.86561
-3.86625
-3.8669
-3.86722
-3.86657
-3.86722
-3.86787
-3.86722
-3.86592
-3.8656
-3.86755
-3.8669
-3.86659
-3.86659
-3.86853
-3.87111
-3.86787
-3.86657
-3.86722
-3.86787
-3.86593
-3.86399
-3.86594
-3.86982
-3.87111
-3.87143
-3.87046
-3.87175
-3.87305
-3.8737
-3.87467
-3.87402
-3.87532
-3.87565
-3.87501
-3.87436
-3.87566
-3.87501
-3.87565
-3.8737
-3.87305
-3.87175
-3.8724
-3.87078
-3.86916
-3.86722
-3.86658
-3.86691
-3.86886
-3.87178
-3.86983
-3.87015
-3.87176
-3.87143
-3.87175
-3.87142
-3.87077
-3.86947
-3.87077
-3.86916
-3.86657
-3.86722
-3.86626
-3.86399
-3.86399
-3.8627
-3.86269
-3.86172
-3.86268
-3.86365
-3.8685
-3.86786
-3.86851
-3.86819
-3.86883
-3.86883
-3.86851
-3.86819
-3.86916
-3.86949
-3.8682
-3.86852
-3.86754
-3.86656
-3.8672
-3.86785
-3.86883
-3.86753
-3.86883
-3.86786
-3.87078
-3.87045
-3.86883
-3.87045
-3.86916
-3.86722
-3.86786
-3.86721
-3.86786
-3.86786
-3.86688
-3.86753
-3.86818
-3.86851
-3.86981
-3.86657
-3.86528
-3.86495
-3.86462
-3.86397
-3.86364
-3.86558
-3.86558
-3.8672
-3.86655
-3.8672
-3.86721
-3.86884
-3.86625
-3.86885
-3.86756
-3.87015
-3.86982
-3.86528
-3.86592
-3.86689
-3.86688
-3.86623
-3.86494
-3.8643
-3.8643
-3.8656
-3.8643
-3.86592
-3.86592
-3.86722
-3.86851
-3.86754
-3.86721
-3.86655
-3.86655
-3.86655
-3.86817
-3.86915
-3.86851
-3.86819
-3.86916
-3.86884
-3.86852
-3.87143
-3.87208
-3.87272
-3.87304
-3.87498
-3.87433
-3.87206
-3.87045
-3.86851
-3.86786
-3.86981
-3.87078
-3.87047
-3.87079
-3.86885
-3.86722
-3.86592
-3.86624
-3.86592
-3.86527
-3.86559
-3.86591
-3.86526
-3.86494
-3.86559
-3.86528
-3.86496
-3.86626
-3.86756
-3.86788
-3.86949
-3.87077
-3.86947
-3.86784
-3.87011
-3.86785
-3.86786
-3.86819
-3.8669
-3.86722
-3.86852
-3.86949
-3.86917
-3.87013
-3.87336
-3.86979
-3.86979
-3.86947
-3.87207
-3.87143
-3.87175
-3.87078
-3.87143
-3.87142
-3.86947
-3.86688
-3.86656
-3.86495
-3.86528
-3.8682
-3.86723
-3.8656
-3.86592
-3.86365
-3.86559
-3.86527
-3.86721
-3.86818
-3.86591
-3.86785
-3.86915
-3.86915
-3.86948
-3.86916
-3.86915
-3.86818
-3.87013
-3.86948
-3.86754
-3.86722
-3.86722
-3.86722
-3.86786
-3.86819
-3.87045
-3.8711
-3.87078
-3.86916
-3.86949
-3.86884
-3.8698
-3.87013
-3.86915
-3.86916
-3.86787
-3.86917
-3.86884
-3.87079
-3.87143
-3.87014
-3.86916
-3.86657
-3.86819
-3.86754
-3.86787
-3.86626
-3.86659
-3.86594
-3.86562
-3.86918
-3.87079
-3.8724
-3.87142
-3.87142
-3.8724
-3.87274
-3.87113
-3.87114
-3.87146
-3.87111
-3.87206
-3.87498
-3.87564
-3.875
-3.87338
-3.87176
-3.87176
-3.87241
-3.87144
-3.87079
-3.87078
-3.87272
-3.87175
-3.87046
-3.86981
-3.87046
-3.86981
-3.87046
-3.86917
-3.86821
-3.86757
-3.87015
-3.87015
-3.87144
-3.87111
-3.87143
-3.87305
-3.87111
-3.87369
-3.87175
-3.87272
-3.8724
-3.86917
-3.86658
-3.86723
-3.8669
-3.86917
-3.8682
-3.86885
-3.86983
-3.86983
-3.87145
-3.87112
-3.87112
-3.87306
-3.86885
-3.86918
-3.86886
-3.87079
-3.87111
-3.87111
-3.86949
-3.86788
-3.86691
-3.86755
-3.86593
-3.86885
-3.87079
-3.87111
-3.87014
-3.87015
-3.87112
-3.8695
-3.86788
-3.86982
-3.87014
-3.86949
-3.86853
-3.86821
-3.86821
-3.86626
-3.86788
-3.86496
-3.86593
-3.86787
-3.86917
-3.86755
-3.86852
-3.8682
-3.86852
-3.86853
-3.86626
-3.86886
-3.8682
-3.86982
-3.86917
-3.87306
-3.875
-3.87435
-3.87467
-3.8737
-3.87272
-3.87272
-3.87337
-3.87175
-3.87111
-3.87111
-3.87047
-3.86917
-3.87047
-3.87112
-3.8695
-3.86982
-3.86658
-3.86917
-3.86981
-3.86948
-3.86818
-3.86494
-3.86528
-3.86723
-3.86853
-3.86885
-3.87047
-3.8737
-3.87531
-3.87369
-3.87499
-3.87434
-3.87208
-3.8724
-3.87273
-3.87273
-3.86949
-3.87014
-3.86819
-3.8698
-3.86818
-3.86721
-3.8711
-3.86981
-3.87015
-3.87112
-3.87145
-3.87339
-3.87176
-3.87079
-3.87305
-3.87013
-3.8698
-3.86851
-3.86721
-3.86883
-3.86851
-3.86852
-3.86917
-3.87079
-3.87111
-3.87175
-3.87304
-3.87207
-3.87175
-3.87435
-3.87338
-3.87306
-3.87468
-3.87467
-3.87402
-3.87337
-3.87078
-3.87078
-3.8711
-3.87175
-3.87175
-3.87175
-3.86852
-3.8682
-3.86982
-3.86917
-3.86853
-3.86691
-3.86886
-3.87081
-3.87209
-3.87403
-3.8711
-3.87013
-3.8711
-3.86624
-3.86527
-3.86592
-3.8656
-3.8669
-3.86819
-3.8669
-3.86755
-3.86593
-3.86754
-3.86625
-3.86722
-3.86754
-3.86625
-3.86658
-3.86657
-3.87013
-3.87272
-3.87207
-3.8724
-3.87305
-3.87305
-3.8724
-3.87273
-3.86916
-3.86851
-3.87012
-3.86947
-3.8685
-3.86786
-3.86624
-3.86463
-3.8643
-3.86398
-3.8643
-3.86528
-3.86528
-3.86786
-3.86883
-3.8685
-3.86881
-3.86784
-3.86751
-3.86622
-3.8659
-3.86818
-3.8698
-3.8698
-3.86948
-3.87174
-3.8698
-3.86656
-3.86591
-3.86558
-3.86688
-3.86721
-3.86624
-3.8643
-3.86429
-3.86526
-3.86591
-3.86817
-3.86849
-3.87044
-3.87141
-3.87076
-3.87108
-3.86849
-3.86946
-3.86979
-3.86947
-3.87045
-3.8698
-3.87077
-3.87174
-3.86915
-3.87173
-3.87108
-3.86752
-3.8659
-3.86719
-3.86622
-3.86655
-3.86687
-3.8672
-3.86591
-3.86656
-3.86591
-3.8685
-3.8685
-3.86721
-3.86656
-3.86527
-3.86754
-3.86883
-3.87078
-3.86884
-3.8698
-3.87207
-3.87433
-3.87401
-3.87174
-3.87206
-3.87174
-3.87238
-3.87206
-3.87045
-3.87175
-3.8711
-3.87077
-3.87045
-3.86882
-3.86947
-3.86947
-3.8711
-3.87271
-3.874
-3.87303
-3.87465
-3.87238
-3.87012
-3.8711
-3.86786
-3.87175
-3.87046
-3.86851
-3.86851
-3.87012
-3.8685
-3.8685
-3.86689
-3.86915
-3.87012
-3.8698
-3.87174
-3.87368
-3.87368
-3.87238
-3.87432
-3.87432
-3.87302
-3.87206
-3.87238
-3.87368
-3.8753
-3.87239
-3.86979
-3.86881
-3.86978
-3.87043
-3.87108
-3.87076
-3.8685
-3.87174
-3.87368
-3.87239
-3.87563
-3.87433
-3.87498
-3.87659
-3.87659
-3.87529
-3.87432
-3.87529
-3.87497
-3.87335
-3.87432
-3.87335
-3.8727
-3.87335
-3.87141
-3.87497
-3.87173
-3.87141
-3.87368
-3.87303
-3.87304
-3.87304
-3.874
-3.8753
-3.87466
-3.87369
-3.87434
-3.87304
-3.87271
-3.87303
-3.87465
-3.874
-3.87433
-3.87336
-3.87304
-3.87142
-3.87044
-3.86979
-3.86881
-3.86752
-3.86785
-3.86591
-3.8672
-3.87271
-3.87238
-3.87173
-3.87367
-3.87335
-3.8727
-3.8714
-3.8727
-3.87303
-3.8727
-3.87303
-3.87271
-3.87336
-3.87465
-3.87465
-3.87433
-3.87401
-3.87271
-3.87368
-3.874
-3.87335
-3.87173
-3.87011
-3.86914
-3.86784
-3.86882
-3.86655
-3.86687
-3.86623
-3.86656
-3.86688
-3.86753
-3.86591
-3.86429
-3.86462
-3.86624
-3.86625
-3.86527
-3.86624
-3.86623
-3.86589
-3.86622
-3.86655
-3.86753
-3.86592
-3.86429
-3.86364
-3.86331
-3.86428
-3.86719
-3.86979
-3.86947
-3.86882
-3.86818
-3.86753
-3.86786
-3.87045
-3.87012
-3.87109
-3.87205
-3.87237
-3.87237
-3.8714
-3.87076
-3.86882
-3.87012
-3.87044
-3.87141
-3.87205
-3.87075
-3.86621
-3.86719
-3.86493
-3.86235
-3.86138
-3.85975
-3.86104
-3.8646
-3.86558
-3.86396
-3.86493
-3.8659
-3.86557
-3.86557
-3.86751
-3.86784
-3.86591
-3.86591
-3.86752
-3.86655
-3.8659
-3.86849
-3.86978
-3.86816
-3.86881
-3.86849
-3.86882
-3.86623
-3.86688
-3.86687
-3.86882
-3.87011
-3.87076
-3.86882
-3.86785
-3.86882
-3.87109
-3.87272
-3.87142
-3.87141
-3.87172
-3.87172
-3.86913
-3.87076
-3.86947
-3.8698
-3.8711
-3.8724
-3.87369
-3.87174
-3.87044
-3.86947
-3.8672
-3.87011
-3.87303
-3.87303
-3.87369
-3.87272
-3.86917
-3.86787
-3.86851
-3.86752
-3.87042
-3.86977
-3.86785
-3.87142
-3.87045
-3.86851
-3.86883
-3.86916
-3.86721
-3.86495
-3.86592
-3.86592
-3.86689
-3.86624
-3.86623
-3.86655
-3.86558
-3.86525
-3.86557
-3.86493
-3.86623
-3.8672
-3.86688
-3.86882
-3.86882
-3.86752
-3.8672
-3.86655
-3.86656
-3.86689
-3.8685
-3.86883
-3.8711
-3.8711
-3.86948
-3.8698
-3.87173
-3.87432
-3.87432
-3.87529
-3.87497
-3.87433
-3.87369
-3.8737
-3.87338
-3.87111
-3.87014
-3.86981
-3.87077
-3.87109
-3.87271
-3.87207
-3.87304
-3.87045
-3.86786
-3.86592
-3.86528
-3.86528
-3.86561
-3.86625
-3.8656
-3.86689
-3.86786
-3.86786
-3.86592
-3.86755
-3.87014
-3.87144
-3.86982
-3.86917
-3.86917
-3.86949
-3.87046
-3.87142
-3.87045
-3.87175
-3.8711
-3.87273
-3.87337
-3.87273
-3.87014
-3.87112
-3.87176
-3.8737
-3.87597
-3.87693
-3.87758
-3.87401
-3.8766
-3.87596
-3.87564
-3.87337
-3.87208
-3.8737
-3.87403
-3.87436
-3.87242
-3.87274
-3.87112
-3.87079
-3.87241
-3.87079
-3.86949
-3.86787
-3.87046
-3.87014
-3.86884
-3.86755
-3.86852
-3.86561
-3.86561
-3.86561
-3.86723
-3.86853
-3.8695
-3.86853
-3.86756
-3.86756
-3.86626
-3.86659
-3.86789
-3.86821
-3.86756
-3.86853
-3.86788
-3.86756
-3.86887
-3.87114
-3.87341
-3.87308
-3.87373
-3.87177
-3.87209
-3.87241
-3.87404
-3.87113
-3.87178
-3.87081
-3.86822
-3.86661
-3.86887
-3.8679
-3.86757
-3.86951
-3.86886
-3.86918
-3.87048
-3.86854
-3.8666
-3.86952
-3.86985
-3.87049
-3.87178
-3.87372
-3.87274
-3.87112
-3.86982
-3.86983
-3.87242
-3.8721
-3.87243
-3.8721
-3.87016
-3.87113
-3.87113
-3.87145
-3.86983
-3.86918
-3.86983
-3.87015
-3.86886
-3.86822
-3.86758
-3.86726
-3.86693
-3.86725
-3.86821
-3.8695
-3.86949
-3.86981
-3.87175
-3.87143
-3.87079
-3.87177
-3.87307
-3.87242
-3.87113
-3.8695
-3.86853
-3.86788
-3.87079
-3.87111
-3.87046
-3.87046
-3.87111
-3.86982
-3.8708
-3.86821
-3.86822
-3.86822
-3.86821
-3.87144
-3.86981
-3.87013
-3.86818
-3.86786
-3.86819
-3.8695
-3.86983
-3.8695
-3.87047
-3.87079
-3.87079
-3.8682
-3.86691
-3.86626
-3.86658
-3.86691
-3.86594
-3.8682
-3.86982
-3.87111
-3.86884
-3.86852
-3.86852
-3.87015
-3.87015
-3.87047
-3.87014
-3.87111
-3.87402
-3.87532
-3.87662
-3.87468
-3.87241
-3.87274
-3.87177
-3.86951
-3.8708
-3.8721
-3.86982
-3.86917
-3.86852
-3.86917
-3.87112
-3.87079
-3.87144
-3.8708
-3.87177
-3.86951
-3.86918
-3.86788
-3.86917
-3.86917
-3.87047
-3.86918
-3.86626
-3.86496
-3.86464
-3.86691
-3.87047
-3.87274
-3.87404
-3.87275
-3.87145
-3.87307
-3.87339
-3.8708
-3.86982
-3.86917
-3.87209
-3.87144
-3.87112
-3.87404
-3.87566
-3.87405
-3.87373
-3.87275
-3.87372
-3.87371
-3.87403
-3.87403
-3.87468
-3.87436
-3.87243
-3.87114
-3.87179
-3.87017
-3.86985
-3.86887
-3.87081
-3.87048
-3.87176
-3.87208
-3.87337
-3.87111
-3.87112
-3.87275
-3.8721
-3.87179
-3.87438
-3.87502
-3.87308
-3.87016
-3.87015
-3.87047
-3.87047
-3.87046
-3.87079
-3.87047
-3.87079
-3.87112
-3.86886
-3.86789
-3.86951
-3.86886
-3.86562
-3.8653
-3.8666
-3.86789
-3.86595
-3.86595
-3.86757
-3.86691
-3.86853
-3.86528
-3.8614
-3.86173
-3.864
-3.8653
-3.8666
-3.86531
-3.8653
-3.864
-3.86529
-3.86626
-3.8682
-3.86788
-3.86885
-3.87047
-3.87177
-3.86821
-3.86983
-3.87048
-3.87242
-3.8721
-3.87275
-3.87016
-3.8708
-3.86918
-3.87047
-3.86917
-3.86884
-3.86721
-3.86689
-3.86527
-3.86463
-3.86335
-3.86594
-3.86627
-3.86659
-3.86821
-3.86659
-3.86788
-3.86691
-3.8669
-3.86755
-3.86722
-3.86819
-3.86787
-3.86884
-3.86981
-3.87272
-3.87111
-3.87176
-3.87242
-3.87404
-3.8721
-3.87242
-3.86982
-3.87079
-3.87079
-3.87014
-3.86884
-3.87012
-3.86882
-3.86818
-3.86885
-3.86886
-3.87048
-3.86918
-3.87079
-3.87338
-3.87208
-3.87143
-3.87079
-3.87046
-3.86787
-3.86981
-3.86982
-3.8682
-3.8682
-3.86917
-3.87111
-3.87208
-3.87272
-3.87273
-3.87208
-3.87144
-3.87145
-3.87113
-3.87145
-3.86853
-3.86917
-3.86852
-3.86754
-3.86916
-3.86721
-3.86818
-3.86883
-3.86883
-3.86981
-3.86755
-3.86885
-3.86917
-3.86885
-3.86949
-3.86949
-3.86916
-3.87046
-3.87175
-3.87013
-3.87014
-3.86982
-3.87015
-3.87145
-3.86854
-3.8708
-3.86918
-3.87014
-3.87014
-3.87111
-3.87014
-3.86983
-3.86951
-3.86886
-3.86789
-3.86853
-3.86982
-3.87079
-3.87079
-3.86982
-3.86917
-3.8695
-3.86951
-3.87048
-3.87177
-3.87112
-3.87338
-3.87241
-3.87436
-3.87436
-3.87339
-3.87403
-3.87338
-3.87273
-3.87209
-3.87242
-3.87339
-3.87275
-3.86983
-3.86983
-3.86951
-3.86951
-3.86984
-3.87016
-3.86757
-3.86562
-3.86788
-3.86659
-3.86821
-3.87145
-3.86724
-3.86919
-3.86789
-3.86789
-3.86725
-3.86725
-3.86757
-3.86725
-3.86821
-3.86983
-3.86918
-3.87112
-3.87112
-3.87144
-3.87112
-3.86951
-3.87015
-3.86918
-3.86821
-3.86789
-3.86854
-3.86951
-3.86822
-3.87081
-3.86984
-3.86887
-3.86789
-3.86659
-3.86821
-3.8695
-3.87144
-3.87144
-3.87177
-3.87371
-3.87307
-3.87015
-3.87145
-3.87145
-3.8721
-3.87048
-3.87146
-3.87178
-3.87113
-3.87113
-3.87016
-3.87048
-3.86983
-3.86983
-3.86983
-3.86853
-3.8695
-3.86982
-3.86788
-3.86918
-3.8708
-3.87177
-3.87177
-3.87079
-3.8695
-3.86885
-3.86886
-3.86951
-3.86789
-3.86757
-3.86724
-3.86788
-3.86561
-3.86496
-3.86594
-3.86497
-3.86498
-3.86627
-3.86789
-3.86692
-3.86886
-3.87048
-3.87015
-3.86854
-3.86886
-3.86854
-3.86886
-3.86982
-3.87047
-3.8708
-3.86983
-3.87081
-3.86952
-3.86919
-3.86789
-3.87145
-3.87242
-3.87177
-3.87533
-3.87468
-3.875
-3.87338
-3.87338
-3.87209
-3.87306
-3.87274
-3.87209
-3.87177
-3.86983
-3.87307
-3.87048
-3.8695
-3.87112
-3.87176
-3.87078
-3.87078
-3.87111
-3.86982
-3.86982
-3.87047
-3.86918
-3.86659
-3.86627
-3.86691
-3.86756
-3.86659
-3.86788
-3.86918
-3.8695
-3.86918
-3.8682
-3.86885
-3.86949
-3.87047
-3.87111
-3.86851
-3.86818
-3.8685
-3.86947
-3.86883
-3.86819
-3.86723
-3.86853
-3.8695
-3.87112
-3.87145
-3.87144
-3.87144
-3.87338
-3.8737
-3.8724
-3.87338
-3.87305
-3.87305
-3.87467
-3.87272
-3.87337
-3.87402
-3.87499
-3.87208
-3.87208
-3.8737
-3.87338
-3.87468
-3.87566
-3.87565
-3.87759
-3.87597
-3.87726
-3.87532
-3.87532
-3.87273
-3.87241
-3.87176
-3.87273
-3.86917
-3.86787
-3.86689
-3.86851
-3.86754
-3.8669
-3.86464
-3.86625
-3.86528
-3.86496
-3.86659
-3.86724
-3.87145
-3.87048
-3.8695
-3.87047
-3.87014
-3.87143
-3.86949
-3.86885
-3.87014
-3.87078
-3.87013
-3.87111
-3.87079
-3.87112
-3.87112
-3.87015
-3.87307
-3.8721
-3.8721
-3.86951
-3.8708
-3.87274
-3.87274
-3.87241
-3.87143
-3.87014
-3.87014
-3.8724
-3.87305
-3.87468
-3.87468
-3.87403
-3.87338
-3.8708
-3.87274
-3.8721
-3.87437
-3.87371
-3.87468
-3.87596
-3.87467
-3.87338
-3.87208
-3.87306
-3.87371
-3.87435
-3.87435
-3.87241
-3.87629
-3.87629
-3.87662
-3.87726
-3.87694
-3.875
-3.87726
-3.87791
-3.87856
-3.87629
-3.87241
-3.87338
-3.87273
-3.87175
-3.87046
-3.86948
-3.87013
-3.86981
-3.86787
-3.86885
-3.86787
-3.86755
-3.86723
-3.86852
-3.86658
-3.8682
-3.86722
-3.86657
-3.86658
-3.86528
-3.86495
-3.86592
-3.86559
-3.86624
-3.86527
-3.86624
-3.8643
-3.86463
-3.86496
-3.86593
-3.8669
-3.86787
-3.86496
-3.86658
-3.86884
-3.87078
-3.86949
-3.87208
-3.87273
-3.87402
-3.87336
-3.87109
-3.87173
-3.87271
-3.8724
-3.87306
-3.87241
-3.87306
-3.87402
-3.8737
-3.87466
-3.87337
-3.87079
-3.86981
-3.8724
-3.87239
-3.87175
-3.87045
-3.87013
-3.86982
-3.87111
-3.87111
-3.86884
-3.86981
-3.86884
-3.86981
-3.86949
-3.86917
-3.86464
-3.86529
-3.86528
-3.86722
-3.86884
-3.86885
-3.86658
-3.86561
-3.86529
-3.8669
-3.86689
-3.86753
-3.86915
-3.86883
-3.87208
-3.8695
-3.87014
-3.87047
-3.87176
-3.87176
-3.86852
-3.86982
-3.87144
-3.8695
-3.86724
-3.86691
-3.8708
-3.86982
-3.87143
-3.86851
-3.86883
-3.86916
-3.87046
-3.87046
-3.8724
-3.87499
-3.8737
-3.87403
-3.87436
-3.87146
-3.87437
-3.87566
-3.87402
-3.87434
-3.87305
-3.87143
-3.87176
-3.87177
-3.87274
-3.87371
-3.87404
-3.87177
-3.87177
-3.87145
-3.86982
-3.87047
-3.8695
-3.8682
-3.86917
-3.86884
-3.86851
-3.87045
-3.87207
-3.87305
-3.87144
-3.87404
-3.87177
-3.87371
-3.87209
-3.86949
-3.8682
-3.86852
-3.86724
-3.86757
-3.86983
-3.86951
-3.87176
-3.87337
-3.87401
-3.87402
-3.87371
-3.87566
-3.87664
-3.8747
-3.8721
-3.87177
-3.87177
-3.87014
-3.86917
-3.86691
-3.86756
-3.86788
-3.86788
-3.86659
-3.86593
-3.86593
-3.86755
-3.87015
-3.87211
-3.87341
-3.87211
-3.87211
-3.87016
-3.87047
-3.87144
-3.8724
-3.87207
-3.87078
-3.87111
-3.87144
-3.87177
-3.8695
-3.86756
-3.86788
-3.86658
-3.86755
-3.8669
-3.86658
-3.86723
-3.87014
-3.86918
-3.87112
-3.87177
-3.87274
-3.87533
-3.87565
-3.87403
-3.87467
-3.87661
-3.87628
-3.87758
-3.87467
-3.87338
-3.87372
-3.87598
-3.87534
-3.87631
-3.87436
-3.87241
-3.87112
-3.86918
-3.87014
-3.87143
-3.87045
-3.86981
-3.86884
-3.86819
-3.87014
-3.87046
-3.86658
-3.86497
-3.86691
-3.86788
-3.86724
-3.86723
-3.86756
-3.86885
-3.86529
-3.86432
-3.86724
-3.8695
-3.86821
-3.87145
-3.87339
-3.87338
-3.87305
-3.87207
-3.87143
-3.87111
-3.87209
-3.87144
-3.87079
-3.86949
-3.86722
-3.8669
-3.8669
-3.86787
-3.86723
-3.86885
-3.86917
-3.86852
-3.86658
-3.86658
-3.86853
-3.86983
-3.87242
-3.87047
-3.87112
-3.86982
-3.8695
-3.87047
-3.86982
-3.86886
-3.87145
-3.86886
-3.86756
-3.86691
-3.86755
-3.86657
-3.86819
-3.86657
-3.86626
-3.86626
-3.86626
-3.86723
-3.86949
-3.86982
-3.87014
-3.87111
-3.8724
-3.87499
-3.87337
-3.87273
-3.875
-3.87209
-3.87144
-3.86884
-3.86916
-3.86754
-3.87013
-3.87045
-3.8724
-3.87143
-3.87111
-3.86916
-3.8711
-3.8724
-3.87175
-3.8711
-3.87273
-3.87305
-3.87305
-3.87175
-3.87175
-3.8724
-3.87207
-3.87207
-3.87272
-3.8711
-3.8711
-3.87143
-3.87014
-3.86852
-3.86949
-3.87078
-3.87078
-3.87014
-3.86885
-3.87144
-3.87241
-3.87241
-3.86917
-3.86658
-3.86528
-3.86624
-3.86818
-3.86657
-3.86819
-3.86819
-3.86884
-3.87111
-3.87111
-3.87014
-3.87046
-3.86916
-3.86754
-3.86721
-3.86722
-3.86884
-3.86884
-3.87208
-3.8711
-3.8711
-3.8711
-3.8724
-3.87305
-3.87337
-3.87661
-3.87563
-3.87434
-3.87434
-3.87499
-3.8737
-3.87305
-3.87175
-3.87045
-3.87077
-3.87013
-3.86754
-3.87143
-3.8711
-3.86948
-3.86787
-3.8711
-3.87175
-3.86787
-3.86689
-3.86787
-3.86689
-3.86592
-3.86398
-3.86463
-3.86333
-3.86463
-3.8656
-3.86528
-3.86236
-3.8656
-3.86723
-3.86497
-3.86465
-3.86821
-3.87014
-3.86851
-3.86818
-3.87142
-3.8711
-3.8711
-3.86949
-3.86884
-3.86884
-3.86917
-3.86787
-3.86755
-3.86949
-3.86916
-3.87046
-3.86981
-3.86949
-3.87079
-3.87176
-3.87046
-3.87143
-3.87272
-3.8711
-3.86948
-3.86852
-3.86884
-3.86788
-3.86755
-3.86691
-3.86723
-3.86756
-3.86852
-3.86884
-3.86948
-3.86819
-3.86819
-3.86657
-3.8682
-3.86853
-3.86756
-3.86982
-3.86852
-3.86949
-3.87209
-3.87209
-3.87404
-3.87241
-3.87371
-3.87435
-3.87208
-3.87144
-3.87112
-3.86918
-3.86756
-3.86756
-3.86789
-3.86724
-3.86724
-3.86853
-3.86918
-3.87014
-3.86981
-3.87143
-3.87112
-3.87015
-3.8695
-3.86885
-3.87079
-3.87046
-3.87079
-3.87274
-3.87145
-3.87146
-3.87244
-3.87114
-3.86952
-3.86854
-3.86788
-3.86723
-3.86723
-3.86853
-3.86917
-3.86852
-3.86885
-3.87144
-3.87015
-3.86822
-3.86822
-3.86887
-3.87048
-3.86853
-3.86561
-3.86496
-3.86722
-3.86723
-3.8669
-3.86853
-3.86626
-3.86562
-3.8653
-3.86627
-3.86853
-3.86983
-3.87048
-3.87015
-3.86919
-3.86822
-3.86854
-3.87015
-3.87081
-3.86951
-3.86919
-3.86984
-3.86887
-3.87081
-3.87145
-3.87113
-3.8708
-3.87307
-3.87242
-3.87177
-3.8708
-3.86821
-3.86433
-3.86271
-3.86336
-3.86304
-3.86272
-3.86466
-3.86595
-3.86756
-3.87144
-3.87403
-3.8763
-3.87598
-3.87567
-3.87373
-3.87438
-3.87502
-3.87469
-3.87502
-3.8734
-3.87339
-3.87177
-3.87209
-3.86982
-3.8695
-3.86983
-3.86822
-3.86855
-3.86855
-3.8679
-3.86854
-3.86757
-3.86886
-3.8666
-3.86822
-3.86887
-3.86854
-3.86886
-3.86951
-3.8695
-3.87209
-3.87339
-3.87274
-3.87339
-3.87404
-3.87404
-3.87145
-3.8708
-3.87145
-3.8721
-3.8708
-3.87178
-3.8721
-3.87049
-3.86984
-3.87049
-3.86758
-3.86693
-3.8666
-3.86756
-3.86821
-3.8682
-3.86852
-3.86917
-3.86982
-3.86886
-3.86822
-3.86725
-3.86627
-3.86724
-3.86757
-3.86887
-3.87017
-3.8692
-3.87082
-3.87049
-3.87016
-3.87178
-3.87113
-3.87146
-3.87081
-3.86887
-3.87016
-3.86951
-3.86854
-3.86886
-3.8666
-3.86596
-3.86758
-3.86694
-3.86694
-3.86888
-3.86759
-3.86727
-3.86791
-3.8679
-3.86821
-3.86757
-3.86822
-3.86855
-3.86952
-3.87082
-3.8692
-3.86791
-3.86758
-3.86693
-3.86466
-3.86498
-3.86594
-3.86562
-3.86725
-3.86498
-3.86597
-3.86694
-3.8663
-3.86727
-3.86695
-3.86662
-3.86823
-3.87017
-3.87147
-3.87211
-3.8705
-3.86921
-3.87018
-3.8718
-3.87342
-3.86986
-3.87148
-3.8731
-3.87407
-3.87245
-3.87115
-3.87212
-3.8718
-3.87148
-3.8705
-3.8705
-3.86953
-3.86921
-3.87115
-3.86953
-3.86824
-3.86856
-3.86856
-3.86888
-3.86888
-3.86855
-3.86985
-3.87018
-3.86889
-3.8676
-3.8676
-3.87019
-3.86922
-3.86824
-3.86824
-3.87115
-3.87374
-3.87406
-3.87179
-3.87179
-3.87244
-3.87406
-3.87277
-3.8718
-3.87051
-3.87408
-3.87408
-3.87472
-3.87375
-3.87278
-3.87148
-3.86921
-3.87244
-3.87049
-3.87049
-3.86921
-3.87019
-3.86987
-3.87116
-3.87181
-3.8718
-3.87212
-3.8718
-3.86888
-3.86758
-3.86628
-3.86401
-3.86434
-3.86402
-3.86629
-3.86564
-3.86467
-3.86597
-3.86726
-3.86499
-3.86596
-3.86758
-3.86823
-3.86564
-3.86435
-3.86337
-3.8637
-3.86369
-3.86401
-3.86628
-3.86822
-3.86823
-3.8692
-3.86888
-3.86823
-3.8679
-3.86725
-3.86757
-3.87017
-3.87179
-3.87212
-3.87342
-3.87147
-3.87147
-3.87113
-3.87177
-3.87275
-3.87146
-3.87018
-3.87116
-3.87214
-3.87181
-3.8718
-3.87341
-3.87211
-3.87211
-3.87438
-3.87567
-3.87211
-3.87276
-3.87179
-3.87341
-3.87245
-3.87407
-3.87374
-3.8705
-3.87373
-3.87211
-3.86888
-3.87082
-3.8718
-3.86986
-3.86986
-3.8705
-3.86985
-3.8705
-3.87114
-3.87113
-3.87145
-3.87146
-3.87114
-3.86986
-3.86954
-3.87083
-3.8705
-3.86888
-3.86952
-3.86726
-3.86791
-3.86986
-3.87082
-3.8705
-3.87179
-3.87146
-3.86952
-3.8679
-3.86758
-3.86952
-3.86759
-3.87018
-3.87083
-3.87051
-3.86986
-3.86953
-3.86824
-3.87083
-3.8718
-3.87083
-3.86985
-3.86952
-3.86822
-3.86725
-3.86628
-3.86725
-3.86822
-3.86888
-3.8705
-3.87083
-3.87018
-3.87018
-3.86824
-3.86824
-3.86953
-3.87082
-3.8692
-3.86952
-3.87244
-3.87503
-3.87471
-3.87147
-3.87309
-3.87051
-3.87018
-3.87406
-3.87212
-3.87018
-3.86953
-3.86921
-3.87147
-3.87308
-3.87276
-3.87244
-3.87244
-3.86985
-3.86985
-3.87081
-3.87049
-3.86887
-3.87211
-3.87276
-3.87211
-3.87017
-3.87147
-3.86985
-3.8718
-3.87341
-3.87244
-3.86953
-3.86856
-3.86888
-3.86758
-3.86887
-3.86951
-3.86919
-3.86887
-3.87017
-3.87147
-3.87147
-3.86953
-3.86888
-3.86855
-3.86757
-3.86562
-3.86853
-3.87016
-3.86952
-3.87114
-3.87244
-3.87114
-3.8692
-3.86952
-3.86887
-3.86952
-3.8692
-3.86725
-3.86823
-3.8692
-3.86758
-3.86693
-3.86822
-3.86498
-3.86497
-3.86724
-3.86853
-3.86983
-3.87113
-3.87081
-3.87081
-3.8721
-3.86983
-3.86951
-3.86919
-3.86919
-3.87017
-3.86953
-3.86889
-3.86921
-3.87083
-3.87018
-3.8705
-3.8734
-3.87404
-3.87371
-3.87306
-3.87081
-3.87082
-3.86921
-3.87018
-3.87018
-3.86856
-3.86823
-3.86629
-3.86564
-3.86822
-3.87049
-3.87145
-3.86919
-3.86984
-3.87049
-3.86919
-3.87081
-3.87276
-3.8734
-3.86887
-3.86822
-3.86758
-3.86726
-3.86662
-3.86856
-3.86759
-3.86953
-3.86888
-3.87049
-3.8708
-3.87112
-3.87111
-3.87046
-3.87144
-3.8708
-3.8708
-3.86886
-3.86789
-3.86757
-3.86757
-3.8666
-3.86757
-3.86757
-3.86854
-3.86822
-3.8666
-3.86562
-3.86368
-3.86367
-3.86368
-3.86206
-3.86271
-3.86432
-3.86303
-3.86335
-3.86529
-3.8695
-3.87048
-3.87145
-3.87113
-3.87275
-3.86951
-3.86854
-3.87015
-3.86951
-3.86951
-3.8721
-3.87306
-3.87371
-3.87306
-3.87015
-3.87371
-3.87177
-3.87242
-3.87047
-3.87015
-3.87015
-3.8708
-3.87177
-3.87048
-3.87049
-3.86952
-3.86855
-3.86919
-3.87241
-3.8724
-3.87175
-3.86916
-3.87046
-3.87273
-3.87338
-3.87306
-3.87339
-3.87209
-3.87242
-3.87177
-3.87048
-3.87307
-3.87274
-3.87404
-3.87371
-3.87403
-3.87435
-3.87078
-3.86851
-3.86851
-3.8685
-3.86753
-3.86592
-3.86528
-3.86691
-3.86788
-3.87015
-3.87113
-3.87048
-3.87048
-3.87338
-3.87209
-3.87111
-3.87013
-3.87046
-3.87111
-3.87014
-3.87079
-3.86918
-3.8708
-3.86983
-3.86951
-3.87016
-3.87113
-3.87145
-3.87113
-3.87113
-3.87307
-3.87015
-3.86983
-3.87144
-3.87079
-3.87112
-3.87079
-3.87241
-3.87273
-3.87274
-3.87177
-3.86919
-3.86725
-3.86822
-3.86952
-3.86919
-3.87048
-3.87146
-3.87308
-3.87308
-3.86984
-3.8679
-3.8666
-3.86562
-3.86788
-3.86691
-3.86756
-3.86692
-3.86661
-3.86887
-3.86725
-3.86693
-3.86821
-3.86789
-3.86692
-3.86627
-3.86465
-3.8666
-3.86562
-3.86595
-3.86563
-3.86563
-3.86532
-3.86597
-3.865
-3.86371
-3.86468
-3.86662
-3.86953
-3.86855
-3.87113
-3.86983
-3.86919
-3.86919
-3.87017
-3.87114
-3.87243
-3.87275
-3.87113
-3.87081
-3.87114
-3.86952
-3.87018
-3.86727
-3.86824
-3.87116
-3.86986
-3.86889
-3.86792
-3.86792
-3.86985
-3.8705
-3.87115
-3.86855
-3.86758
-3.86984
-3.87082
-3.8718
-3.86986
-3.86986
-3.8705
-3.86985
-3.87114
-3.87147
-3.87017
-3.8692
-3.86887
-3.86919
-3.8679
-3.8679
-3.86855
-3.86726
-3.86726
-3.86985
-3.87115
-3.87277
-3.87245
-3.87018
-3.86921
-3.86694
-3.86662
-3.86792
-3.86856
-3.86921
-3.87049
-3.87178
-3.8734
-3.87244
-3.8718
-3.87311
-3.87117
-3.86858
-3.86889
-3.86953
-3.87017
-3.86823
-3.86954
-3.86889
-3.86889
-3.86791
-3.86597
-3.86597
-3.86661
-3.86661
-3.86661
-3.86856
-3.86921
-3.87018
-3.87212
-3.87212
-3.8718
-3.87244
-3.87212
-3.87147
-3.87147
-3.86986
-3.87019
-3.87051
-3.86824
-3.87051
-3.87049
-3.86984
-3.87081
-3.8692
-3.8705
-3.86887
-3.87081
-3.8705
-3.87181
-3.87149
-3.87052
-3.87214
-3.87116
-3.86921
-3.86888
-3.87114
-3.8705
-3.87148
-3.86889
-3.87018
-3.87114
-3.87308
-3.87307
-3.87372
-3.87146
-3.8705
-3.87212
-3.87213
-3.87278
-3.87181
-3.8689
-3.86988
-3.86858
-3.8689
-3.87116
-3.87147
-3.87082
-3.87146
-3.87276
-3.87309
-3.87439
-3.87634
-3.8744
-3.87569
-3.87472
-3.87666
-3.87667
-3.87603
-3.87701
-3.87668
-3.87505
-3.87504
-3.87438
-3.87276
-3.8705
-3.87115
-3.86953
-3.87278
-3.87116
-3.87052
-3.87052
-3.87019
-3.87116
-3.87083
-3.86953
-3.87147
-3.86856
-3.86662
-3.86824
-3.86921
-3.87019
-3.87083
-3.86791
-3.86855
-3.86855
-3.86888
-3.86921
-3.8676
-3.86922
-3.87085
-3.87084
-3.87018
-3.86985
-3.86953
-3.86824
-3.86824
-3.86953
-3.87017
-3.87017
-3.87082
-3.86823
-3.86791
-3.86953
-3.87115
-3.87212
-3.87213
-3.87018
-3.86953
-3.8705
-3.86855
-3.8692
-3.87178
-3.8721
-3.87404
-3.87405
-3.8734
-3.87308
-3.87244
-3.87309
-3.87439
-3.87148
-3.87213
-3.87148
-3.87147
-3.87146
-3.86822
-3.86465
-3.86433
-3.86303
-3.86433
-3.86659
-3.86951
-3.86854
-3.87016
-3.87048
-3.87307
-3.87502
-3.87567
-3.87535
-3.87341
-3.87276
-3.87341
-3.87373
-3.87146
-3.87017
-3.86952
-3.86822
-3.86919
-3.87211
-3.87405
-3.87276
-3.87244
-3.87341
-3.87179
-3.8705
-3.87017
-3.87082
-3.87114
-3.87113
-3.87146
-3.86952
-3.87373
-3.87503
-3.87309
-3.87276
-3.87243
-3.87081
-3.87146
-3.87275
-3.87276
-3.87276
-3.87341
-3.87471
-3.87439
-3.87504
-3.87342
-3.87407
-3.87277
-3.87244
-3.87276
-3.87501
-3.87372
-3.87307
-3.87469
-3.87631
-3.876
-3.87536
-3.87342
-3.87245
-3.8705
-3.86985
-3.86855
-3.86757
-3.86887
-3.86919
-3.87016
-3.86984
-3.86984
-3.87115
-3.8731
-3.8718
-3.87148
-3.87179
-3.87244
-3.87178
-3.87242
-3.87275
-3.87275
-3.87244
-3.87179
-3.87212
-3.87179
-3.87276
-3.87179
-3.87211
-3.87244
-3.87309
-3.87018
-3.8692
-3.87082
-3.87211
-3.87082
-3.87049
-3.87017
-3.86856
-3.86889
-3.87051
-3.86986
-3.86954
-3.87147
-3.87147
-3.87277
-3.87277
-3.87342
-3.87245
-3.87537
-3.87375
-3.87602
-3.87569
-3.87633
-3.87471
-3.87277
-3.87148
-3.87116
-3.87342
-3.87082
-3.87018
-3.87212
-3.87373
-3.87373
-3.87406
-3.87373
-3.87568
-3.87763
-3.87795
-3.87828
-3.8773
-3.87698
-3.87795
-3.87633
-3.87665
-3.87795
-3.8773
-3.87374
-3.87179
-3.86984
-3.86886
-3.86951
-3.86823
-3.86662
-3.86792
-3.86728
-3.87018
-3.86888
-3.86823
-3.86693
-3.86822
-3.86984
-3.87243
-3.87373
-3.87374
-3.87407
-3.87212
-3.87277
-3.8692
-3.86953
-3.87018
-3.8705
-3.87179
-3.87405
-3.87147
-3.86985
-3.8705
-3.87082
-3.87083
-3.87018
-3.87115
-3.86888
-3.86888
-3.86952
-3.86919
-3.87049
-3.86951
-3.87113
-3.87178
-3.87082
-3.87018
-3.86953
-3.86953
-3.86888
-3.86727
-3.86759
-3.86662
-3.86662
-3.86662
-3.86532
-3.86305
-3.86402
-3.86435
-3.8637
-3.86694
-3.86597
-3.86823
-3.86823
-3.86888
-3.86822
-3.87049
-3.8734
-3.87341
-3.87341
-3.87245
-3.87018
-3.86954
-3.86954
-3.86922
-3.86792
-3.86727
-3.86792
-3.86662
-3.86856
-3.86791
-3.87082
-3.87179
-3.87244
-3.87536
-3.87698
-3.87601
-3.87601
-3.87439
-3.87277
-3.87245
-3.87148
-3.87213
-3.87116
-3.87148
-3.87181
-3.87116
-3.87245
-3.87373
-3.87535
-3.87567
-3.87599
-3.87568
-3.87439
-3.8744
-3.87375
-3.87246
-3.87149
-3.87051
-3.87213
-3.87244
-3.87211
-3.87146
-3.87049
-3.87049
-3.87017
-3.86921
-3.87083
-3.87277
-3.87342
-3.87278
-3.8731
-3.87213
-3.87278
-3.87342
-3.87278
-3.87342
-3.87342
-3.8718
-3.87309
-3.87374
-3.87309
-3.87342
-3.87277
-3.87342
-3.87245
-3.87212
-3.87115
-3.86855
-3.86726
-3.86694
-3.86759
-3.86824
-3.87083
-3.87278
-3.87407
-3.87601
-3.87438
-3.87276
-3.87309
-3.87342
-3.87375
-3.87407
-3.87406
-3.8747
-3.87178
-3.86919
-3.86952
-3.87179
-3.87309
-3.87148
-3.87213
-3.87084
-3.87214
-3.87181
-3.87181
-3.87116
-3.87213
-3.86856
-3.87243
-3.87275
-3.87308
-3.87632
-3.87697
-3.87731
-3.87343
-3.87116
-3.87408
-3.87246
-3.87213
-3.87342
-3.87471
-3.87341
-3.87406
-3.87277
-3.87181
-3.86825
-3.86889
-3.86954
-3.86727
-3.86694
-3.86791
-3.8692
-3.87017
-3.87147
-3.87277
-3.87309
-3.87342
-3.87277
-3.87471
-3.87633
-3.87699
-3.87602
-3.87375
-3.87246
-3.87182
-3.87214
-3.87084
-3.87083
-3.86888
-3.86855
-3.86822
-3.86564
-3.86532
-3.86662
-3.86889
-3.86857
-3.87084
-3.86793
-3.8689
-3.87019
-3.86889
-3.86824
-3.86823
-3.86855
-3.86758
-3.86919
-3.87017
-3.87017
-3.86855
-3.86791
-3.86759
-3.86694
-3.86791
-3.86856
-3.8705
-3.87148
-3.87018
-3.86856
-3.86727
-3.86727
-3.86597
-3.86791
-3.86985
-3.8705
-3.86888
-3.87276
-3.87373
-3.87567
-3.87439
-3.8744
-3.87246
-3.87279
-3.87279
-3.87343
-3.87375
-3.87439
-3.87244
-3.87147
-3.87244
-3.87309
-3.87147
-3.87147
-3.87146
-3.87179
-3.87308
-3.87342
-3.87537
-3.87537
-3.87472
-3.8731
-3.87148
-3.87018
-3.87083
-3.87051
-3.86986
-3.87019
-3.87018
-3.87082
-3.86758
-3.8653
-3.86498
-3.86434
-3.86434
-3.86661
-3.86727
-3.86954
-3.86955
-3.86826
-3.86859
-3.87021
-3.86891
-3.86599
-3.86923
-3.87149
-3.87084
-3.86792
-3.86825
-3.87149
-3.86891
-3.86859
-3.86795
-3.86828
-3.86666
-3.86893
-3.86827
-3.86794
-3.86923
-3.86954
-3.86825
-3.86858
-3.86988
-3.87118
-3.86956
-3.86924
-3.86891
-3.86794
-3.86729
-3.86826
-3.86566
-3.86793
-3.86955
-3.86955
-3.86923
-3.86988
-3.8702
-3.86857
-3.86857
-3.86987
-3.86923
-3.86729
-3.86728
-3.86696
-3.86599
-3.86469
-3.86404
-3.86436
-3.86662
-3.86695
-3.86954
-3.87148
-3.87278
-3.87343
-3.87472
-3.8744
-3.87246
-3.87343
-3.87051
-3.87213
-3.87245
-3.8718
-3.87277
-3.87406
-3.87244
-3.87115
-3.86985
-3.86823
-3.86758
-3.86856
-3.86792
-3.86922
-3.86955
-3.86923
-3.86664
-3.86664
-3.86631
-3.86533
-3.86597
-3.86693
-3.86595
-3.8653
-3.8666
-3.86725
-3.86629
-3.86824
-3.86857
-3.86857
-3.86858
-3.86955
-3.86986
-3.87115
-3.87179
-3.87373
-3.87244
-3.87244
-3.87115
-3.87083
-3.87147
-3.87083
-3.87407
-3.87375
-3.87148
-3.87019
-3.86954
-3.86695
-3.86695
-3.86565
-3.86727
-3.86889
-3.87181
-3.87051
-3.86824
-3.86921
-3.86888
-3.86921
-3.86662
-3.86792
-3.86954
-3.86953
-3.86921
-3.87277
-3.87439
-3.87277
-3.87375
-3.8731
-3.87214
-3.86987
-3.87343
-3.87375
-3.87245
-3.87115
-3.8718
-3.87407
-3.87147
-3.87115
-3.86986
-3.86986
-3.86953
-3.87018
-3.86985
-3.86985
-3.86856
-3.86921
-3.86759
-3.87018
-3.86792
-3.86857
-3.8676
-3.86663
-3.86501
-3.86662
-3.86759
-3.86823
-3.87017
-3.8692
-3.86985
-3.86921
-3.8718
-3.87277
-3.8718
-3.87309
-3.87373
-3.8747
-3.87341
-3.87438
-3.87341
-3.8718
-3.87277
-3.87309
-3.87244
-3.87082
-3.87244
-3.8718
-3.87245
-3.87181
-3.87051
-3.87051
-3.87083
-3.86985
-3.86984
-3.8679
-3.86856
-3.86889
-3.86889
-3.87018
-3.86855
-3.86855
-3.86823
-3.87115
-3.8692
-3.86985
-3.87146
-3.87113
-3.8692
-3.86889
-3.86695
-3.86727
-3.86727
-3.86727
-3.86662
-3.86662
-3.86758
-3.86628
-3.86628
-3.8679
-3.86727
-3.86662
-3.86986
-3.86985
-3.87018
-3.87115
-3.87082
-3.8705
-3.87244
-3.87243
-3.8721
-3.8734
-3.87048
-3.86919
-3.8692
-3.86661
-3.86759
-3.86759
-3.86694
-3.86824
-3.86953
-3.86889
-3.87083
-3.86986
-3.87374
-3.87471
-3.87341
-3.87341
-3.87211
-3.87147
-3.87018
-3.87245
-3.87149
-3.8689
-3.86922
-3.86825
-3.86955
-3.86954
-3.87018
-3.87018
-3.8718
-3.87051
-3.86986
-3.87278
-3.87277
-3.87277
-3.87341
-3.87179
-3.87115
-3.87213
-3.87084
-3.87052
-3.8689
-3.86955
-3.86955
-3.8676
-3.86727
-3.86824
-3.86663
-3.8676
-3.86663
-3.86663
-3.86598
-3.86631
-3.8676
-3.86793
-3.8689
-3.86825
-3.86858
-3.86793
-3.86696
-3.86728
-3.86857
-3.86857
-3.86857
-3.86792
-3.86793
-3.86728
-3.86501
-3.86825
-3.86857
-3.86986
-3.87019
-3.87245
-3.87116
-3.86792
-3.8676
-3.86728
-3.86891
-3.86891
-3.8689
-3.86728
-3.8676
-3.86727
-3.86566
-3.86631
-3.86826
-3.86826
-3.86891
-3.86793
-3.86793
-3.87019
-3.86955
-3.87279
-3.87246
-3.87181
-3.87407
-3.87408
-3.87441
-3.87538
-3.87571
-3.87603
-3.87506
-3.87441
-3.87506
-3.87344
-3.87441
-3.87506
-3.87538
-3.87537
-3.87602
-3.87311
-3.87214
-3.87052
-3.87148
-3.87213
-3.87115
-3.86986
-3.86857
-3.86922
-3.86857
-3.86987
-3.87084
-3.87149
-3.87051
-3.87084
-3.87181
-3.86792
-3.86986
-3.86857
-3.86857
-3.87213
-3.87149
-3.87117
-3.87149
-3.87149
-3.87116
-3.87019
-3.87019
-3.87148
-3.87084
-3.87084
-3.87052
-3.87052
-3.87052
-3.86987
-3.86695
-3.86728
-3.8689
-3.86922
-3.86825
-3.86761
-3.86729
-3.86794
-3.86632
-3.86632
-3.86923
-3.86922
-3.87117
-3.86987
-3.86922
-3.86889
-3.86889
-3.86727
-3.86889
-3.86825
-3.87117
-3.87279
-3.87247
-3.87214
-3.87117
-3.87085
-3.86891
-3.86955
-3.87117
-3.86792
-3.86857
-3.86986
-3.86792
-3.86792
-3.8676
-3.86857
-3.87019
-3.87051
-3.87051
-3.87084
-3.87343
-3.87117
-3.87052
-3.87117
-3.8715
-3.86825
-3.87019
-3.86888
-3.86952
-3.86758
-3.86791
-3.87181
-3.87214
-3.8715
-3.87118
-3.86988
-3.87051
-3.87115
-3.86952
-3.86952
-3.86921
-3.86727
-3.86631
-3.86404
-3.86501
-3.8663
-3.86695
-3.86566
-3.86599
-3.86405
-3.86567
-3.86599
-3.86631
-3.86598
-3.86662
-3.86694
-3.86726
-3.86436
-3.86728
-3.8676
-3.86857
-3.86663
-3.86987
-3.87051
-3.87019
-3.86857
-3.86987
-3.86923
-3.86988
-3.86988
-3.8702
-3.86988
-3.86987
-3.87051
-3.87115
-3.86985
-3.87179
-3.86953
-3.86889
-3.86986
-3.87019
-3.87084
-3.87053
-3.8728
-3.8702
-3.87053
-3.87052
-3.87084
-3.86889
-3.86986
-3.8718
-3.87115
-3.87148
-3.8718
-3.87213
-3.87278
-3.87051
-3.87052
-3.87084
-3.86986
-3.86985
-3.86856
-3.86889
-3.86824
-3.86986
-3.86825
-3.86793
-3.8689
-3.86729
-3.86599
-3.86567
-3.86469
-3.865
-3.86629
-3.86629
-3.86726
-3.865
-3.86791
-3.8718
-3.87083
-3.87051
-3.86792
-3.86695
-3.86793
-3.86792
-3.86727
-3.86759
-3.86791
-3.87018
-3.86921
-3.86986
-3.86825
-3.86825
-3.86923
-3.86825
-3.8676
-3.86856
-3.86855
-3.86888
-3.86824
-3.86825
-3.86857
-3.86922
-3.86825
-3.8663
-3.86598
-3.86598
-3.86598
-3.86566
-3.86922
-3.87051
-3.87083
-3.87212
-3.8718
-3.8705
-3.86856
-3.86856
-3.86921
-3.86791
-3.86824
-3.86759
-3.86889
-3.86792
-3.86889
-3.86759
-3.86921
-3.86921
-3.86921
-3.87115
-3.87213
-3.87116
-3.87245
-3.87115
-3.86856
-3.86792
-3.86727
-3.86501
-3.86501
-3.86599
-3.86599
-3.8689
-3.86728
-3.86857
-3.86889
-3.87115
-3.86986
-3.86889
-3.87116
-3.87116
-3.87084
-3.87278
-3.86986
-3.8676
-3.86695
-3.86533
-3.86631
-3.86598
-3.86793
-3.86793
-3.8676
-3.86403
-3.865
-3.86629
-3.86467
-3.86661
-3.86791
-3.86662
-3.86694
-3.86629
-3.86727
-3.87051
-3.86825
-3.87019
-3.87117
-3.87214
-3.87181
-3.87115
-3.86985
-3.86888
-3.86824
-3.86856
-3.8663
-3.86825
-3.86663
-3.86727
-3.86824
-3.86921
-3.86986
-3.86921
-3.87115
-3.87083
-3.86889
-3.8676
-3.86857
-3.86922
-3.86921
-3.86888
-3.86856
-3.86855
-3.86823
-3.86823
-3.86694
-3.86695
-3.86533
-3.865
-3.86533
-3.865
-3.86564
-3.86661
-3.86499
-3.86629
-3.86597
-3.86565
-3.86791
-3.86726
-3.86823
-3.86758
-3.86953
-3.87115
-3.8718
-3.87212
-3.8718
-3.87277
-3.87082
-3.86952
-3.86693
-3.86693
-3.86758
-3.86919
-3.86919
-3.87081
-3.87081
-3.87016
-3.86985
-3.86888
-3.86791
-3.8692
-3.87146
-3.87178
-3.87081
-3.87082
-3.8705
-3.87148
-3.87019
-3.87116
-3.87277
-3.86887
-3.86789
-3.86983
-3.86886
-3.87113
-3.86951
-3.87243
-3.87114
-3.87212
-3.87179
-3.87179
-3.87341
-3.87244
-3.87212
-3.87179
-3.87243
-3.87178
-3.87017
-3.86693
-3.8679
-3.86951
-3.86595
-3.86595
-3.86854
-3.86757
-3.87048
-3.8734
-3.87437
-3.87534
-3.87761
-3.87697
-3.87665
-3.87795
-3.87795
-3.87827
-3.87795
-3.87341
-3.87178
-3.86885
-3.8724
-3.8737
-3.87177
-3.87242
-3.87113
-3.86919
-3.86855
-3.86822
-3.86757
-3.87048
-3.87047
-3.8695
-3.87112
-3.8708
-3.86918
-3.86886
-3.8721
-3.8721
-3.87275
-3.87113
-3.87308
-3.87405
-3.87404
-3.87242
-3.87079
-3.87079
-3.87047
-3.87015
-3.87016
-3.87016
-3.87275
-3.87145
-3.87048
-3.87048
-3.86887
-3.86855
-3.86855
-3.87016
-3.8721
-3.87016
-3.87145
-3.87242
-3.8721
-3.87047
-3.87047
-3.87274
-3.87177
-3.8708
-3.86983
-3.86918
-3.86757
-3.86853
-3.86626
-3.86561
-3.86593
-3.86658
-3.86593
-3.86691
-3.86853
-3.86853
-3.86886
-3.86821
-3.86983
-3.86983
-3.87145
-3.86885
-3.86884
-3.87078
-3.87144
-3.87112
-3.87242
-3.8708
-3.8708
-3.86821
-3.87112
-3.8708
-3.86917
-3.86754
-3.86915
-3.87078
-3.86918
-3.87178
-3.87113
-3.87048
-3.87145
-3.87306
-3.87112
-3.87241
-3.87144
-3.87177
-3.87113
-3.8708
-3.87015
-3.87048
-3.87176
-3.87144
-3.86917
-3.87014
-3.86788
-3.86626
-3.86562
-3.86595
-3.86886
-3.87015
-3.87079
-3.87209
-3.87112
-3.86788
-3.86821
-3.87047
-3.87015
-3.87079
-3.86982
-3.87112
-3.86983
-3.87112
-3.87015
-3.87015
-3.87048
-3.86756
-3.86756
-3.8682
-3.86722
-3.86754
-3.86366
-3.86463
-3.86496
-3.86238
-3.86465
-3.86497
-3.86886
-3.86951
-3.87047
-3.87046
-3.87175
-3.87239
-3.87077
-3.86948
-3.87176
-3.87014
-3.86982
-3.86853
-3.86788
-3.86529
-3.86368
-3.86239
-3.8611
-3.86336
-3.86529
-3.86561
-3.8682
-3.86981
-3.86722
-3.86657
-3.86723
-3.86756
-3.86724
-3.86692
-3.8653
-3.86595
-3.86433
-3.86367
-3.86399
-3.86723
-3.86658
-3.86788
-3.86529
-3.86561
-3.86658
-3.86755
-3.86852
-3.86788
-3.86788
-3.86789
-3.86886
-3.86821
-3.86691
-3.86691
-3.86853
-3.86853
-3.86917
-3.86884
-3.86981
-3.87337
-3.8737
-3.87209
-3.87241
-3.87598
-3.87468
-3.87241
-3.87144
-3.87014
-3.86982
-3.86981
-3.86755
-3.86787
-3.86917
-3.87176
-3.86981
-3.8695
-3.86788
-3.86691
-3.86724
-3.87048
-3.87178
-3.8708
-3.8695
-3.86917
-3.86852
-3.86981
-3.87013
-3.87111
-3.87208
-3.87176
-3.87144
-3.87144
-3.86885
-3.86917
-3.86949
-3.86658
-3.86594
-3.86659
-3.86627
-3.86627
-3.86627
-3.86658
-3.86592
-3.86559
-3.86494
-3.86463
-3.86529
-3.86368
-3.86563
-3.86789
-3.86821
-3.86853
-3.87144
-3.87241
-3.87241
-3.86982
-3.86788
-3.8682
-3.87014
-3.87045
-3.86948
-3.86819
-3.86917
-3.86692
-3.8666
-3.86628
-3.8692
-3.86757
-3.86756
-3.86853
-3.86852
-3.86851
-3.86754
-3.8643
-3.86657
-3.86852
-3.86852
-3.86981
-3.86788
-3.86562
-3.86562
-3.86757
-3.86692
-3.86854
-3.86692
-3.86529
-3.86528
-3.86592
-3.86819
-3.86787
-3.86917
-3.86853
-3.87047
-3.86918
-3.86918
-3.87014
-3.87013
-3.87207
-3.87304
-3.87563
-3.87434
-3.87402
-3.87241
-3.87273
-3.87273
-3.87628
-3.87531
-3.87498
-3.87336
-3.87336
-3.87304
-3.87142
-3.87272
-3.87305
-3.87143
-3.8724
-3.87272
-3.87466
-3.87531
-3.87564
-3.87532
-3.87499
-3.87531
-3.87434
-3.87499
-3.87466
-3.87402
-3.87402
-3.87402
-3.87143
-3.87208
-3.87046
-3.87208
-3.87337
-3.87142
-3.87141
-3.87303
-3.87207
-3.87207
-3.87046
-3.87273
-3.87047
-3.86949
-3.8682
-3.86787
-3.86852
-3.86916
-3.86851
-3.87143
-3.87142
-3.87174
-3.87044
-3.87044
-3.8698
-3.86818
-3.86884
-3.86755
-3.86658
-3.86593
-3.86529
-3.86593
-3.87046
-3.86948
-3.86818
-3.86721
-3.86786
-3.86819
-3.86852
-3.8682
-3.87111
-3.87046
-3.87111
-3.87207
-3.87337
-3.87305
-3.87046
-3.8724
-3.8724
-3.87338
-3.87338
-3.87403
-3.87404
-3.87404
-3.8708
-3.87015
-3.87144
-3.87111
-3.87142
-3.87077
-3.86882
-3.87044
-3.87109
-3.87369
-3.87208
-3.87306
-3.87177
-3.8695
-3.86886
-3.8695
-3.87014
-3.87013
-3.86883
-3.86916
-3.86851
-3.86948
-3.86948
-3.87143
-3.87369
-3.87045
-3.8698
-3.8698
-3.86818
-3.86689
-3.86689
-3.86593
-3.86918
-3.86983
-3.86853
-3.87014
-3.86981
-3.87014
-3.86981
-3.87079
-3.87014
-3.87143
-3.87045
-3.8685
-3.86882
-3.86591
-3.86495
-3.86528
-3.8669
-3.86885
-3.86756
-3.86691
-3.8682
-3.86819
-3.87078
-3.8711
-3.87142
-3.87109
-3.87045
-3.87142
-3.86981
-3.86819
-3.86754
-3.86754
-3.86916
-3.86755
-3.8682
-3.86755
-3.86691
-3.86497
-3.86432
-3.86496
-3.8669
-3.86593
-3.86884
-3.86949
-3.86916
-3.87046
-3.86819
-3.86723
-3.86787
-3.8669
-3.86755
-3.86658
-3.86659
-3.86529
-3.8627
-3.86497
-3.86593
-3.86723
-3.86884
-3.86658
-3.86528
-3.86787
-3.86593
-3.86658
-3.86982
-3.8708
-3.87015
-3.86788
-3.8669
-3.86755
-3.86528
-3.86561
-3.86949
-3.86981
-3.87046
-3.87079
-3.87014
-3.87047
-3.86659
-3.8682
-3.86755
-3.87143
-3.8711
-3.8711
-3.87402
-3.87273
-3.87371
-3.87791
-3.87564
-3.87434
-3.87272
-3.87174
-3.87142
-3.86851
-3.8682
-3.86593
-3.86529
-3.86658
-3.86561
-3.86658
-3.86916
-3.86786
-3.86883
-3.86786
-3.87013
-3.86915
-3.8698
-3.8698
-3.87077
-3.87272
-3.87499
-3.8724
-3.8724
-3.87532
-3.87499
-3.87402
-3.87563
-3.87401
-3.87498
-3.87595
-3.87693
-3.8766
-3.87693
-3.87628
-3.87498
-3.87433
-3.87174
-3.87206
-3.87141
-3.87044
-3.87141
-3.87433
-3.87401
-3.8766
-3.87661
-3.87725
-3.87628
-3.87596
-3.87692
-3.87304
-3.87498
-3.874
-3.87368
-3.87141
-3.87271
-3.87141
-3.86818
-3.86624
-3.86494
-3.86624
-3.86851
-3.86753
-3.86753
-3.86914
-3.87011
-3.87076
-3.86946
-3.87012
-3.8685
-3.86979
-3.86882
-3.86752
-3.86817
-3.8685
-3.86753
-3.87012
-3.86883
-3.86915
-3.87077
-3.86915
-3.8685
-3.86753
-3.86785
-3.86914
-3.8672
-3.86947
-3.87173
-3.86979
-3.86818
-3.87012
-3.87013
-3.87045
-3.8711
-3.87336
-3.87206
-3.87109
-3.87141
-3.87044
-3.8698
-3.86818
-3.86656
-3.86591
-3.86624
-3.86721
-3.86592
-3.86721
-3.86656
-3.86688
-3.86785
-3.86786
-3.86851
-3.86884
-3.87046
-3.87143
-3.86949
-3.8711
-3.87077
-3.87142
-3.87174
-3.87174
-3.86916
-3.86721
-3.86625
-3.86593
-3.86496
-3.86398
-3.863
-3.86202
-3.86461
-3.86558
-3.86786
-3.86754
-3.86721
-3.86947
-3.87141
-3.87174
-3.8698
-3.87207
-3.87433
-3.87498
-3.87401
-3.87433
-3.87368
-3.87271
-3.87401
-3.87369
-3.8724
-3.87272
-3.87369
-3.87369
-3.87401
-3.87368
-3.8727
-3.87497
-3.8727
-3.87336
-3.87239
-3.87207
-3.87175
-3.8711
-3.86819
-3.86754
-3.86722
-3.86851
-3.86689
-3.86559
-3.8672
-3.8685
-3.86947
-3.87012
-3.86947
-3.87044
-3.86979
-3.87109
-3.87174
-3.87044
-3.87207
-3.87045
-3.87013
-3.87045
-3.87045
-3.86753
-3.86558
-3.8659
-3.86622
-3.86686
-3.86556
-3.86459
-3.86589
-3.86849
-3.86752
-3.86785
-3.86753
-3.86786
-3.86689
-3.8698
-3.86882
-3.86817
-3.86914
-3.86784
-3.86816
-3.86719
-3.86913
-3.86882
-3.86947
-3.8711
-3.87336
-3.87563
-3.87627
-3.87756
-3.87756
-3.87658
-3.87658
-3.87497
-3.87303
-3.87109
-3.8685
-3.86785
-3.86656
-3.86591
-3.86527
-3.86688
-3.86817
-3.86978
-3.86783
-3.87009
-3.8688
-3.86977
-3.87043
-3.87368
-3.87627
-3.87498
-3.87466
-3.87337
-3.87142
-3.8727
-3.8727
-3.87075
-3.8714
-3.87108
-3.86914
-3.86817
-3.8672
-3.86785
-3.87044
-3.86784
-3.86622
-3.86687
-3.86687
-3.87011
-3.87044
-3.87141
-3.87271
-3.87174
-3.87109
-3.87045
-3.87239
-3.87498
-3.87498
-3.87271
-3.87077
-3.87109
-3.87109
-3.86979
-3.87206
-3.87238
-3.87238
-3.87271
-3.87304
-3.87207
-3.87303
-3.874
-3.87562
-3.87401
-3.87401
-3.87337
-3.87272
-3.87596
-3.87499
-3.87272
-3.87077
-3.86882
-3.86979
-3.87011
-3.86849
-3.86914
-3.87011
-3.87011
-3.86947
-3.87336
-3.87206
-3.87174
-3.87206
-3.87141
-3.87076
-3.87465
-3.874
-3.87594
-3.87562
-3.874
-3.87432
-3.87205
-3.87173
-3.8714
-3.87075
-3.87075
-3.86751
-3.86913
-3.86719
-3.86719
-3.86914
-3.87237
-3.87173
-3.87206
-3.87206
-3.87433
-3.87336
-3.87335
-3.87497
-3.87399
-3.87334
-3.87237
-3.87205
-3.8727
-3.87368
-3.87142
-3.87142
-3.87206
-3.87141
-3.87174
-3.87044
-3.87108
-3.86881
-3.8714
-3.87205
-3.87367
-3.87206
-3.87207
-3.87142
-3.87433
-3.87335
-3.8714
-3.8701
-3.86848
-3.86751
-3.86816
-3.86752
-3.86915
-3.86818
-3.86947
-3.86753
-3.86914
-3.87011
-3.86946
-3.86978
-3.86881
-3.86816
-3.86881
-3.8646
-3.86655
-3.86656
-3.86396
-3.86655
-3.86525
-3.86395
-3.86557
-3.8672
-3.87109
-3.87012
-3.87045
-3.87012
-3.87206
-3.87206
-3.87044
-3.86752
-3.86687
-3.86493
-3.86558
-3.86784
-3.86784
-3.86881
-3.86687
-3.86752
-3.8672
-3.86688
-3.86591
-3.86558
-3.86526
-3.86623
-3.86558
-3.86655
-3.86752
-3.86687
-3.86752
-3.86883
-3.86915
-3.86754
-3.86883
-3.86979
-3.86913
-3.86945
-3.87109
-3.87435
-3.8737
-3.87273
-3.87078
-3.87337
-3.874
-3.87465
-3.87594
-3.87335
-3.87205
-3.87077
-3.87142
-3.8711
-3.87143
-3.86981
-3.86981
-3.86786
-3.86656
-3.86721
-3.86752
-3.86848
-3.86815
-3.86718
-3.86752
-3.86753
-3.86948
-3.86689
-3.86559
-3.86656
-3.86493
-3.8659
-3.86494
-3.86463
-3.86431
-3.86593
-3.86851
-3.86818
-3.86623
-3.86753
-3.86882
-3.87077
-3.87239
-3.87045
-3.87078
-3.87208
-3.87014
-3.86852
-3.86754
-3.86884
-3.86883
-3.86948
-3.8711
-3.87239
-3.87142
-3.8711
-3.86916
-3.86787
-3.87079
-3.87177
-3.87112
-3.87144
-3.87369
-3.87271
-3.87141
-3.87142
-3.87305
-3.87014
-3.87144
-3.87305
-3.87402
-3.87304
-3.87466
-3.87595
-3.87466
-3.87272
-3.87078
-3.87175
-3.87369
-3.8724
-3.87336
-3.87142
-3.87175
-3.8711
-3.87077
-3.87013
-3.8698
-3.86916
-3.86819
-3.86657
-3.87013
-3.87013
-3.87078
-3.87045
-3.86884
-3.87046
-3.87272
-3.87175
-3.8724
-3.87174
-3.87271
-3.87497
-3.87627
-3.874
-3.87529
-3.8727
-3.87108
-3.87044
-3.86817
-3.86914
-3.86751
-3.86751
-3.86913
-3.8701
-3.86946
-3.87141
-3.87109
-3.87077
-3.87206
-3.87173
-3.86979
-3.86913
-3.86978
-3.86849
-3.87335
-3.87304
-3.87304
-3.8724
-3.87078
-3.87369
-3.87174
-3.87107
-3.87106
-3.87108
-3.87305
-3.87111
-3.87046
-3.86755
-3.86755
-3.86658
-3.86852
-3.87143
-3.87207
-3.87271
-3.87303
-3.87401
-3.87433
-3.87466
-3.87692
-3.87563
-3.87401
-3.8724
-3.87208
-3.87305
-3.87467
-3.8724
-3.87239
-3.87336
-3.8753
-3.87498
-3.87369
-3.8724
-3.8724
-3.87208
-3.87111
-3.87079
-3.87338
-3.87402
-3.87014
-3.86981
-3.86884
-3.87046
-3.86819
-3.87045
-3.87207
-3.87272
-3.87175
-3.87078
-3.87045
-3.87013
-3.86949
-3.86949
-3.86885
-3.86722
-3.86722
-3.86722
-3.86981
-3.87078
-3.86949
-3.87014
-3.87112
-3.87112
-3.86918
-3.87079
-3.86981
-3.86981
-3.86916
-3.87045
-3.87369
-3.87305
-3.87175
-3.87111
-3.87014
-3.87078
-3.87078
-3.87175
-3.86949
-3.86949
-3.87079
-3.8682
-3.86917
-3.8682
-3.86852
-3.86851
-3.86851
-3.8685
-3.87045
-3.86948
-3.86852
-3.86852
-3.87046
-3.86755
-3.8656
-3.8669
-3.86528
-3.86398
-3.86398
-3.86463
-3.86366
-3.86431
-3.86269
-3.86593
-3.86821
-3.86789
-3.86854
-3.86918
-3.86885
-3.86787
-3.86657
-3.86592
-3.86917
-3.86918
-3.86789
-3.86919
-3.87081
-3.87016
-3.8721
-3.87243
-3.87242
-3.87242
-3.86853
-3.8682
-3.86691
-3.86529
-3.86723
-3.86755
-3.86625
-3.86593
-3.8669
-3.86917
-3.87047
-3.87177
-3.87113
-3.87048
-3.87144
-3.87078
-3.86883
-3.8698
-3.87142
-3.86949
-3.86982
-3.86756
-3.86691
-3.86886
-3.86788
-3.86918
-3.86982
-3.87079
-3.87014
-3.86981
-3.8711
-3.86819
-3.86787
-3.86755
-3.8682
-3.8695
-3.8695
-3.86886
-3.86724
-3.86757
-3.86595
-3.86691
-3.86657
-3.86689
-3.86817
-3.8685
-3.86916
-3.86852
-3.86918
-3.87145
-3.86853
-3.8695
-3.87047
-3.87208
-3.8724
-3.87337
-3.87337
-3.87564
-3.87662
-3.87371
-3.87306
-3.87436
-3.87209
-3.87047
-3.86982
-3.86981
-3.86916
-3.86981
-3.87208
-3.87144
-3.87015
-3.86853
-3.87015
-3.86982
-3.87273
-3.87306
-3.87241
-3.87079
-3.87046
-3.87079
-3.86982
-3.86788
-3.86723
-3.86853
-3.86691
-3.86627
-3.86594
-3.86918
-3.86983
-3.8708
-3.87014
-3.87272
-3.87109
-3.86883
-3.86916
-3.86949
-3.87047
-3.8708
-3.87306
-3.87274
-3.87273
-3.87176
-3.87112
-3.86917
-3.87046
-3.87208
-3.87175
-3.87273
-3.87111
-3.86917
-3.87047
-3.86852
-3.86852
-3.86819
-3.86786
-3.86948
-3.87013
-3.87208
-3.87014
-3.87047
-3.87209
-3.87209
-3.87014
-3.87079
-3.87111
-3.87045
-3.86915
-3.87076
-3.8672
-3.87011
-3.87174
-3.87014
-3.87079
-3.8708
-3.87274
-3.8695
-3.8682
-3.86787
-3.8685
-3.8685
-3.8672
-3.8685
-3.86882
-3.86623
-3.86558
-3.86753
-3.86948
-3.87077
-3.86657
-3.8656
-3.86754
-3.86916
-3.8669
-3.86754
-3.86786
-3.8698
-3.86882
-3.86979
-3.87205
-3.8727
-3.87432
-3.87206
-3.87207
-3.87402
-3.87175
-3.87273
-3.87111
-3.87078
-3.86819
-3.86559
-3.86688
-3.8672
-3.86655
-3.86687
-3.86655
-3.86396
-3.86299
-3.86364
-3.86461
-3.86558
-3.86817
-3.8698
-3.87175
-3.87239
-3.8711
-3.86883
-3.8698
-3.86915
-3.87012
-3.87044
-3.87141
-3.87076
-3.87012
-3.8698
-3.86883
-3.86753
-3.86915
-3.87012
-3.87045
-3.86948
-3.8698
-3.86915
-3.86494
-3.86461
-3.86591
-3.86721
-3.86753
-3.86689
-3.86851
-3.86624
-3.86591
-3.8685
-3.86882
-3.86817
-3.86753
-3.86883
-3.87175
-3.87239
-3.87239
-3.87206
-3.87336
-3.87271
-3.87174
-3.87109
-3.87141
-3.87141
-3.86914
-3.86979
-3.86785
-3.8685
-3.8685
-3.86753
-3.87011
-3.87173
-3.87173
-3.87205
-3.87205
-3.87108
-3.87238
-3.87238
-3.87335
-3.87271
-3.87174
-3.8711
-3.8711
-3.8724
-3.86981
-3.8711
-3.87207
-3.87368
-3.87529
-3.87593
-3.87626
-3.87399
-3.87497
-3.87433
-3.87336
-3.87272
-3.8724
-3.87045
-3.86818
-3.86657
-3.86333
-3.86494
-3.86462
-3.86527
-3.86461
-3.86396
-3.86298
-3.86298
-3.86298
-3.86493
-3.86591
-3.86914
-3.86979
-3.87044
-3.86817
-3.86946
-3.86978
-3.86719
-3.86753
-3.8698
-3.8698
-3.86947
-3.86785
-3.86687
-3.86945
-3.86783
-3.8688
-3.86913
-3.86849
-3.86914
-3.86914
-3.86817
-3.86914
-3.87042
-3.87528
-3.8756
-3.87301
-3.87399
-3.87465
-3.87433
-3.87303
-3.87594
-3.87367
-3.87141
-3.86914
-3.86882
-3.86784
-3.86654
-3.86719
-3.86557
-3.86526
-3.863
-3.86365
-3.8656
-3.86721
-3.86624
-3.86915
-3.8685
-3.86784
-3.86979
-3.86817
-3.87044
-3.87271
-3.87207
-3.8711
-3.87077
-3.8698
-3.86979
-3.86978
-3.87043
-3.87011
-3.8672
-3.86754
-3.86625
-3.86657
-3.86624
-3.86721
-3.86591
-3.86785
-3.86754
-3.86592
-3.86495
-3.86785
-3.8685
-3.87011
-3.87108
-3.87141
-3.86915
-3.8698
-3.86916
-3.8698
-3.8698
-3.86818
-3.86785
-3.8685
-3.86882
-3.86818
-3.8698
-3.86948
-3.86884
-3.86819
-3.87078
-3.87078
-3.8698
-3.87142
-3.87207
-3.87336
-3.87368
-3.87304
-3.87466
-3.87336
-3.87142
-3.87012
-3.86786
-3.86819
-3.86981
-3.86884
-3.86851
-3.86948
-3.87109
-3.8685
-3.86883
-3.8698
-3.8711
-3.87239
-3.87434
-3.87531
-3.87433
-3.87497
-3.87367
-3.87756
-3.87626
-3.87238
-3.87174
-3.87336
-3.87206
-3.87304
-3.87466
-3.87207
-3.86916
-3.87046
-3.87175
-3.87207
-3.8698
-3.86818
-3.86915
-3.86948
-3.87013
-3.86851
-3.86851
-3.8685
-3.86914
-3.86979
-3.86914
-3.86753
-3.8685
-3.8685
-3.86948
-3.87077
-3.86915
-3.8685
-3.86915
-3.86947
-3.87011
-3.87011
-3.86817
-3.86914
-3.87012
-3.87012
-3.86753
-3.86786
-3.86915
-3.8698
-3.86818
-3.86753
-3.86721
-3.86915
-3.86688
-3.86559
-3.8685
-3.86494
-3.86494
-3.86463
-3.86754
-3.86949
-3.87046
-3.87175
-3.87208
-3.87435
-3.87403
-3.87402
-3.87434
-3.87369
-3.87271
-3.87174
-3.87174
-3.87336
-3.87336
-3.87434
-3.87499
-3.8737
-3.87304
-3.86915
-3.86818
-3.86657
-3.86755
-3.86982
-3.87046
-3.86917
-3.87013
-3.87077
-3.87433
-3.87336
-3.87466
-3.87272
-3.87143
-3.87046
-3.86916
-3.86754
-3.86657
-3.86657
-3.86559
-3.86527
-3.86624
-3.86688
-3.86689
-3.86657
-3.86722
-3.8669
-3.86464
-3.86431
-3.86236
-3.86171
-3.86527
-3.86592
-3.86786
-3.87046
-3.87014
-3.86917
-3.87046
-3.87208
-3.87272
-3.87499
-3.87239
-3.87368
-3.87336
-3.87207
-3.87207
-3.87111
-3.87176
-3.87241
-3.87111
-3.87176
-3.87175
-3.87143
-3.87046
-3.87046
-3.86819
-3.86884
-3.86981
-3.87046
-3.87111
-3.87306
-3.87274
-3.87241
-3.87435
-3.87143
-3.8737
-3.87111
-3.86982
-3.86982
-3.87015
-3.87177
-3.87241
-3.87046
-3.87111
-3.87241
-3.87144
-3.87113
-3.8721
-3.87308
-3.87243
-3.87016
-3.86918
-3.86691
-3.86561
-3.8627
-3.86367
-3.86367
-3.86659
-3.86627
-3.86659
-3.86886
-3.86757
-3.86725
-3.86886
-3.8708
-3.87242
-3.87274
-3.87371
-3.87177
-3.87273
-3.87273
-3.86852
-3.86658
-3.8682
-3.86821
-3.86821
-3.86886
-3.87112
-3.87047
-3.86788
-3.86756
-3.87015
-3.8708
-3.87307
-3.87113
-3.87146
-3.87081
-3.86918
-3.87177
-3.8695
-3.86885
-3.86691
-3.86886
-3.87113
-3.87178
-3.87081
-3.87374
-3.87244
-3.87342
-3.87438
-3.87405
-3.87502
-3.8734
-3.87371
-3.87533
-3.87403
-3.87403
-3.87533
-3.87598
-3.87373
-3.87438
-3.87374
-3.87342
-3.87083
-3.87341
-3.87244
-3.87016
-3.87113
-3.87047
-3.87209
-3.87145
-3.87308
-3.87308
-3.87276
-3.87372
-3.87178
-3.87178
-3.8721
-3.87145
-3.87016
-3.86952
-3.86855
-3.86854
-3.87146
-3.87178
-3.87113
-3.87307
-3.87372
-3.87404
-3.87534
-3.87436
-3.87469
-3.87243
-3.87114
-3.87082
-3.87049
-3.87048
-3.8721
-3.87275
-3.8734
-3.87178
-3.87081
-3.87113
-3.8721
-3.87242
-3.87307
-3.8734
-3.87081
-3.87113
-3.87372
-3.87145
-3.8721
-3.87307
-3.87404
-3.87502
-3.87211
-3.87081
-3.87146
-3.87113
-3.87242
-3.87079
-3.87176
-3.87144
-3.87339
-3.87566
-3.87631
-3.87696
-3.87599
-3.87502
-3.87372
-3.8708
-3.86788
-3.86755
-3.86821
-3.86822
-3.86725
-3.8679
-3.86855
-3.86855
-3.86887
-3.86725
-3.86885
-3.86917
-3.86723
-3.86595
-3.86822
-3.86952
-3.87212
-3.87374
-3.87277
-3.87179
-3.87082
-3.86953
-3.86953
-3.86952
-3.86855
-3.86886
-3.86789
-3.8708
-3.87048
-3.87082
-3.86953
-3.86791
-3.86791
-3.8692
-3.86855
-3.86725
-3.86887
-3.86919
-3.8679
-3.86822
-3.87049
-3.87114
-3.86953
-3.87114
-3.87211
-3.87341
-3.87308
-3.86952
-3.86919
-3.87082
-3.86985
-3.87115
-3.8705
-3.87049
-3.86757
-3.86692
-3.86725
-3.8692
-3.86889
-3.87084
-3.87246
-3.86922
-3.86954
-3.86824
-3.86953
-3.86953
-3.86921
-3.86597
-3.86661
-3.86499
-3.86466
-3.86531
-3.86531
-3.86661
-3.86596
-3.86662
-3.86727
-3.86856
-3.86856
-3.8692
-3.8679
-3.87017
-3.87017
-3.8692
-3.86952
-3.86888
-3.86888
-3.86791
-3.86986
-3.86953
-3.8705
-3.86823
-3.86725
-3.86499
-3.86466
-3.8637
-3.86694
-3.86662
-3.86792
-3.86921
-3.87115
-3.87115
-3.87212
-3.87051
-3.87051
-3.87115
-3.87276
-3.87372
-3.87145
-3.87307
-3.87179
-3.87277
-3.87149
-3.8744
-3.87505
-3.87569
-3.87407
-3.87374
-3.8734
-3.87567
-3.87502
-3.87308
-3.87179
-3.87082
-3.87211
-3.87244
-3.87374
-3.87472
-3.87471
-3.87438
-3.8747
-3.87534
-3.87566
-3.87599
-3.87729
-3.87405
-3.87373
-3.87471
-3.87374
-3.87309
-3.87568
-3.876
-3.876
-3.8734
-3.87177
-3.86983
-3.87015
-3.86821
-3.86919
-3.87178
-3.8721
-3.8708
-3.86789
-3.86919
-3.87048
-3.86692
-3.86919
-3.86887
-3.87016
-3.86951
-3.86821
-3.86789
-3.86659
-3.86821
-3.86692
-3.86531
-3.86693
-3.86693
-3.8666
-3.86886
-3.86788
-3.86722
-3.86787
-3.86756
-3.86628
-3.86434
-3.8624
-3.86304
-3.86336
-3.864
-3.86594
-3.86691
-3.86983
-3.8721
-3.87437
-3.87534
-3.87437
-3.87502
-3.87696
-3.8789
-3.8789
-3.87728
-3.87275
-3.87275
-3.87145
-3.87307
-3.87145
-3.87209
-3.87371
-3.87176
-3.87468
-3.87371
-3.87339
-3.87242
-3.87113
-3.87404
-3.8734
-3.87502
-3.87275
-3.87243
-3.87566
-3.87469
-3.8721
-3.87146
-3.87049
-3.87114
-3.87081
-3.86983
-3.87048
-3.87048
-3.86952
-3.86919
-3.86919
-3.86789
-3.86788
-3.86853
-3.86853
-3.87049
-3.86985
-3.87018
-3.87018
-3.86856
-3.86953
-3.87016
-3.8708
-3.87209
-3.87176
-3.87112
-3.86886
-3.86821
-3.87048
-3.87178
-3.87145
-3.8721
-3.87274
-3.87306
-3.87112
-3.87111
-3.87047
-3.87048
-3.86983
-3.86822
-3.86853
-3.87047
-3.87144
-3.8695
-3.87209
-3.87307
-3.87275
-3.87274
-3.87177
-3.87339
-3.87338
-3.87079
-3.87274
-3.87047
-3.86853
-3.86691
-3.86885
-3.87177
-3.86886
-3.86918
-3.86853
-3.86821
-3.86594
-3.86756
-3.86789
-3.86691
-3.8695
-3.86723
-3.8669
-3.86657
-3.86561
-3.86593
-3.86625
-3.86657
-3.86463
-3.86399
-3.86497
-3.86627
-3.86983
-3.87015
-3.86951
-3.86886
-3.86626
-3.86657
-3.86851
-3.86916
-3.86883
-3.87142
-3.87045
-3.87013
-3.86949
-3.8682
-3.86853
-3.86821
-3.86885
-3.87015
-3.87273
-3.87435
-3.87435
-3.87209
-3.87209
-3.87176
-3.86981
-3.86787
-3.8656
-3.86625
-3.86527
-3.863
-3.863
-3.86365
-3.86722
-3.86981
-3.87143
-3.87079
-3.86885
-3.86853
-3.87048
-3.87014
-3.87175
-3.8698
-3.87207
-3.86948
-3.86949
-3.87047
-3.8737
-3.87338
-3.87111
-3.86917
-3.86884
-3.86852
-3.86755
-3.86852
-3.86917
-3.86852
-3.86852
-3.86755
-3.86819
-3.86561
-3.8656
-3.86722
-3.86981
-3.86981
-3.87143
-3.86787
-3.86787
-3.8669
-3.86722
-3.86786
-3.86819
-3.86657
-3.86722
-3.86819
-3.86883
-3.86948
-3.87271
-3.87174
-3.87304
-3.87401
-3.87531
-3.87434
-3.8737
-3.87403
-3.87339
-3.87436
-3.87371
-3.87435
-3.87499
-3.87531
-3.87467
-3.87208
-3.87176
-3.87111
-3.87209
-3.87468
-3.87467
-3.87564
-3.87628
-3.87498
-3.87207
-3.87273
-3.87338
-3.87371
-3.87371
-3.87145
-3.87274
-3.87274
-3.87338
-3.87273
