-1.75061
-1.75076
-1.75136
-1.75091
-1.75045
-1.7503
-1.75015
-1.75136
-1.75166
-1.75257
-1.75226
-1.75151
-1.75226
-1.75272
-1.75363
-1.75348
-1.75197
-1.75227
-1.75272
-1.75212
-1.75212
-1.75393
-1.75393
-1.75317
-1.75302
-1.75332
-1.75257
-1.75212
-1.75197
-1.75348
-1.75348
-1.75347
-1.75287
-1.75392
-1.75423
-1.75423
-1.75333
-1.75318
-1.75182
-1.75287
-1.75166
-1.75151
-1.75181
-1.75196
-1.75196
-1.75271
-1.75302
-1.75363
-1.75333
-1.75303
-1.75333
-1.75121
-1.75151
-1.75227
-1.75136
-1.75196
-1.75242
-1.75287
-1.75333
-1.75348
-1.75242
-1.75272
-1.75211
-1.75226
-1.75227
-1.75287
-1.75378
-1.75499
-1.75529
-1.7559
-1.7562
-1.7562
-1.7562
-1.75559
-1.75574
-1.75483
-1.75589
-1.75604
-1.75695
-1.75649
-1.75619
-1.75695
-1.75771
-1.75756
-1.75801
-1.75559
-1.75619
-1.75558
-1.75528
-1.75467
-1.75392
-1.75377
-1.75422
-1.75453
-1.75468
-1.75363
-1.75287
-1.75257
-1.75286
-1.75376
-1.75542
-1.75543
-1.75437
-1.75437
-1.75316
-1.75317
-1.75379
-1.75303
-1.75318
-1.75287
-1.7515
-1.75104
-1.75149
-1.7518
-1.75105
-1.75151
-1.75061
-1.75032
-1.74926
-1.74896
-1.75017
-1.75076
-1.75089
-1.7521
-1.75242
-1.75288
-1.75349
-1.75409
-1.75544
-1.75559
-1.75543
-1.75618
-1.75619
-1.75529
-1.75484
-1.75514
-1.75559
-1.75438
-1.75408
-1.75423
-1.75498
-1.75332
-1.75301
-1.75181
-1.75181
-1.75212
-1.75333
-1.75303
-1.75409
-1.75349
-1.75349
-1.75242
-1.75271
-1.75316
-1.75196
-1.75136
-1.75181
-1.75332
-1.75423
-1.75424
-1.75531
-1.75486
-1.755
-1.75394
-1.75439
-1.75469
-1.75544
-1.75573
-1.75527
-1.75467
-1.75468
-1.75635
-1.75726
-1.75666
-1.75666
-1.75651
-1.75652
-1.75636
-1.75666
-1.75681
-1.75694
-1.75769
-1.75859
-1.7589
-1.75785
-1.75801
-1.75741
-1.75665
-1.75589
-1.75619
-1.75604
-1.75695
-1.75711
-1.75756
-1.75847
-1.75847
-1.75862
-1.75862
-1.75846
-1.75694
-1.75664
-1.75755
-1.7577
-1.75755
-1.75801
-1.75694
-1.75724
-1.75769
-1.75935
-1.75921
-1.75906
-1.76013
-1.76133
-1.76058
-1.76013
-1.75907
-1.75982
-1.76058
-1.75966
-1.75921
-1.75785
-1.7571
-1.75741
-1.75726
-1.75739
-1.75602
-1.75527
-1.75469
-1.75484
-1.75484
-1.75408
-1.75468
-1.75422
-1.75437
-1.75332
-1.75287
-1.75227
-1.75242
-1.75121
-1.75075
-1.7509
-1.75105
-1.75196
-1.75241
-1.75332
-1.75271
-1.75302
-1.75407
-1.75362
-1.75348
-1.75393
-1.75303
-1.75318
-1.75363
-1.75438
-1.75467
-1.75468
-1.75529
-1.75545
-1.75484
-1.75469
-1.75423
-1.75392
-1.75468
-1.75452
-1.75407
-1.75513
-1.75543
-1.75529
-1.75529
-1.75529
-1.75484
-1.75529
-1.75635
-1.75635
-1.75484
-1.75544
-1.75302
-1.75332
-1.75302
-1.75257
-1.75196
-1.75242
-1.75211
-1.75181
-1.75182
-1.75318
-1.75303
-1.75288
-1.75198
-1.75243
-1.75227
-1.75182
-1.75196
-1.75136
-1.75136
-1.75257
-1.75242
-1.75302
-1.75241
-1.75152
-1.75137
-1.75001
-1.75107
-1.75122
-1.75183
-1.75289
-1.75288
-1.75333
-1.75332
-1.75302
-1.75241
-1.75242
-1.75288
-1.75333
-1.75318
-1.75272
-1.75272
-1.75273
-1.75349
-1.7541
-1.75365
-1.75364
-1.75424
-1.75364
-1.75363
-1.75545
-1.75635
-1.75817
-1.75606
-1.75591
-1.75576
-1.75516
-1.75561
-1.75531
-1.75454
-1.75469
-1.75559
-1.7565
-1.75771
-1.75832
-1.75862
-1.75938
-1.75832
-1.75862
-1.75969
-1.75893
-1.75787
-1.75787
-1.75802
-1.75832
-1.75681
-1.75847
-1.75787
-1.75742
-1.75682
-1.75712
-1.75712
-1.75802
-1.75816
-1.75785
-1.758
-1.75786
-1.75877
-1.75923
-1.75953
-1.75832
-1.75848
-1.75666
-1.75726
-1.75605
-1.75605
-1.75665
-1.75635
-1.7562
-1.75634
-1.75544
-1.7571
-1.75771
-1.75726
-1.75711
-1.7562
-1.7556
-1.7559
-1.7568
-1.75665
-1.75741
-1.75741
-1.75771
-1.75665
-1.75756
-1.75771
-1.75831
-1.75816
-1.7571
-1.75694
-1.7571
-1.75514
-1.75544
-1.75453
-1.75559
-1.75544
-1.75484
-1.75544
-1.75605
-1.75544
-1.75484
-1.75544
-1.75559
-1.75649
-1.75649
-1.75634
-1.75665
-1.75695
-1.75605
-1.75575
-1.7565
-1.75679
-1.75709
-1.75709
-1.75876
-1.75953
-1.75892
-1.75847
-1.75906
-1.75816
-1.75922
-1.75847
-1.75922
-1.75877
-1.75967
-1.75937
-1.75936
-1.75966
-1.75875
-1.7577
-1.7574
-1.75831
-1.75892
-1.75968
-1.76029
-1.76029
-1.76014
-1.75983
-1.75966
-1.76072
-1.76148
-1.76043
-1.75907
-1.75772
-1.75757
-1.75681
-1.7565
-1.75695
-1.75725
-1.75574
-1.75528
-1.75664
-1.75543
-1.75514
-1.75635
-1.75575
-1.75529
-1.75499
-1.75559
-1.75634
-1.75559
-1.75544
-1.75665
-1.75559
-1.75543
-1.75482
-1.75422
-1.75438
-1.75348
-1.75333
-1.75348
-1.75378
-1.75272
-1.7515
-1.7521
-1.7512
-1.75075
-1.75075
-1.75
-1.75091
-1.75046
-1.75122
-1.75152
-1.75167
-1.75167
-1.75257
-1.75302
-1.75271
-1.75271
-1.75225
-1.75301
-1.75271
-1.75271
-1.75392
-1.75346
-1.75332
-1.75332
-1.75303
-1.75348
-1.75273
-1.75227
-1.75287
-1.75408
-1.75437
-1.75468
-1.75468
-1.75528
-1.75573
-1.75543
-1.75588
-1.75483
-1.75454
-1.75454
-1.75529
-1.7559
-1.75649
-1.75603
-1.75527
-1.75362
-1.75302
-1.75378
-1.75378
-1.75272
-1.75152
-1.75182
-1.75046
-1.75106
-1.75242
-1.75317
-1.75377
-1.75347
-1.7527
-1.75209
-1.75225
-1.75271
-1.75363
-1.75379
-1.75349
-1.75334
-1.75288
-1.75076
-1.75196
-1.75271
-1.75211
-1.75286
-1.75256
-1.75332
-1.75422
-1.75407
-1.75347
-1.75317
-1.75393
-1.75196
-1.75226
-1.7515
-1.7521
-1.7512
-1.75181
-1.75105
-1.75227
-1.75242
-1.75333
-1.75544
-1.75605
-1.75514
-1.75483
-1.75604
-1.75573
-1.75527
-1.75452
-1.75317
-1.75196
-1.75227
-1.75272
-1.75317
-1.75332
-1.75393
-1.75302
-1.75378
-1.75423
-1.75423
-1.75318
-1.75272
-1.75362
-1.75301
-1.75332
-1.75377
-1.75528
-1.75634
-1.75619
-1.7565
-1.75619
-1.75634
-1.75589
-1.7559
-1.75756
-1.75772
-1.75727
-1.75832
-1.75817
-1.75817
-1.75801
-1.75799
-1.75708
-1.75648
-1.7568
-1.75832
-1.75817
-1.75908
-1.75923
-1.75847
-1.75801
-1.75861
-1.75816
-1.75951
-1.75951
-1.75951
-1.76013
-1.75953
-1.75952
-1.75997
-1.75891
-1.75892
-1.75907
-1.75937
-1.75756
-1.75651
-1.75651
-1.75772
-1.75847
-1.75892
-1.75847
-1.75816
-1.75816
-1.75709
-1.75648
-1.75694
-1.75649
-1.75529
-1.75378
-1.75334
-1.75289
-1.75243
-1.75198
-1.75107
-1.74986
-1.75015
-1.74939
-1.7503
-1.74909
-1.74955
-1.75031
-1.75061
-1.74985
-1.74909
-1.7491
-1.75001
-1.75017
-1.74986
-1.74926
-1.7497
-1.74985
-1.74985
-1.7497
-1.74955
-1.7494
-1.7491
-1.74925
-1.7482
-1.74805
-1.7473
-1.7479
-1.74835
-1.74758
-1.74728
-1.74788
-1.74743
-1.74728
-1.74729
-1.74729
-1.7479
-1.7476
-1.74775
-1.74836
-1.74896
-1.75062
-1.75092
-1.75046
-1.75137
-1.75106
-1.7509
-1.74954
-1.74924
-1.7494
-1.75
-1.7494
-1.74789
-1.7491
-1.7485
-1.7488
-1.74895
-1.74805
-1.74835
-1.74819
-1.74789
-1.74789
-1.74773
-1.74698
-1.74744
-1.74699
-1.74714
-1.74698
-1.74788
-1.74849
-1.74864
-1.74849
-1.74804
-1.74819
-1.74774
-1.7491
-1.74849
-1.74804
-1.7482
-1.7479
-1.7479
-1.74819
-1.74804
-1.74879
-1.7488
-1.74925
-1.7482
-1.7497
-1.75015
-1.75075
-1.75075
-1.75046
-1.75076
-1.75001
-1.75032
-1.75048
-1.74896
-1.74911
-1.74864
-1.74743
-1.74758
-1.74773
-1.7485
-1.74911
-1.74972
-1.74926
-1.74924
-1.74954
-1.74955
-1.74926
-1.75002
-1.75033
-1.75108
-1.74972
-1.75017
-1.75031
-1.74893
-1.74923
-1.74803
-1.74759
-1.7479
-1.74836
-1.75002
-1.75077
-1.75091
-1.7509
-1.75136
-1.7509
-1.75151
-1.75091
-1.75046
-1.75047
-1.75047
-1.75077
-1.75091
-1.75136
-1.75166
-1.75211
-1.75121
-1.75091
-1.75091
-1.75061
-1.7503
-1.75061
-1.74924
-1.75015
-1.75045
-1.75031
-1.75078
-1.75078
-1.75048
-1.75123
-1.75031
-1.75121
-1.75106
-1.75196
-1.75225
-1.75346
-1.75315
-1.75376
-1.75302
-1.75348
-1.75485
-1.75545
-1.75636
-1.75605
-1.75635
-1.75666
-1.75727
-1.75666
-1.75636
-1.75605
-1.7559
-1.7559
-1.75619
-1.75634
-1.7574
-1.75755
-1.7568
-1.75665
-1.75665
-1.75559
-1.75574
-1.7565
-1.75665
-1.75801
-1.75922
-1.75877
-1.75907
-1.76013
-1.76012
-1.75952
-1.75997
-1.75921
-1.75891
-1.75891
-1.75861
-1.75786
-1.75771
-1.75846
-1.75816
-1.75756
-1.75756
-1.75907
-1.75998
-1.75998
-1.75937
-1.75831
-1.75633
-1.75588
-1.75618
-1.75634
-1.75604
-1.75499
-1.7559
-1.7547
-1.75409
-1.75394
-1.75348
-1.75378
-1.75378
-1.75347
-1.75302
-1.75241
-1.75241
-1.75105
-1.75181
-1.75256
-1.75362
-1.75393
-1.75347
-1.75226
-1.75242
-1.75363
-1.75438
-1.75408
-1.75393
-1.75589
-1.75438
-1.75437
-1.75528
-1.75452
-1.75513
-1.75514
-1.75621
-1.75741
-1.75756
-1.75755
-1.75785
-1.75906
-1.75921
-1.75831
-1.75786
-1.7571
-1.7568
-1.75589
-1.75559
-1.75559
-1.7562
-1.75484
-1.7559
-1.75619
-1.75588
-1.75618
-1.75619
-1.75694
-1.75816
-1.75665
-1.7562
-1.7562
-1.7565
-1.75605
-1.75559
-1.75559
-1.75544
-1.75438
-1.75317
-1.75227
-1.75227
-1.75167
-1.75106
-1.75061
-1.74924
-1.74984
-1.74833
-1.74864
-1.7494
-1.74925
-1.74955
-1.74894
-1.7503
-1.75046
-1.75107
-1.75168
-1.75213
-1.75227
-1.75227
-1.75211
-1.75211
-1.75212
-1.75318
-1.75288
-1.75273
-1.75439
-1.75363
-1.75377
-1.75483
-1.75453
-1.75453
-1.75333
-1.75348
-1.75393
-1.75348
-1.75438
-1.75287
-1.75348
-1.75363
-1.75408
-1.75454
-1.75409
-1.75333
-1.75408
-1.75589
-1.75573
-1.75603
-1.75542
-1.75513
-1.75543
-1.75619
-1.7562
-1.75499
-1.75575
-1.7559
-1.75544
-1.75484
-1.75544
-1.75498
-1.75558
-1.75603
-1.75528
-1.75499
-1.75514
-1.7562
-1.7565
-1.75589
-1.75544
-1.75498
-1.75422
-1.75347
-1.75453
-1.7556
-1.75424
-1.75424
-1.75454
-1.75453
-1.75317
-1.75301
-1.75256
-1.75287
-1.75362
-1.75422
-1.75361
-1.75467
-1.75439
-1.75426
-1.75486
-1.7547
-1.75453
-1.75391
-1.75437
-1.75423
-1.75453
-1.75499
-1.75499
-1.75514
-1.75589
-1.75529
-1.75559
-1.75438
-1.75529
-1.75514
-1.75574
-1.75408
-1.75302
-1.75211
-1.75241
-1.75257
-1.75197
-1.75243
-1.75107
-1.75137
-1.75197
-1.75288
-1.75317
-1.75332
-1.75377
-1.75378
-1.75423
-1.75454
-1.75454
-1.75348
-1.75303
-1.75272
-1.75197
-1.75288
-1.75288
-1.75288
-1.75258
-1.75197
-1.75243
-1.75273
-1.75409
-1.75469
-1.75394
-1.75378
-1.75363
-1.75318
-1.7547
-1.75485
-1.7544
-1.75469
-1.75332
-1.75438
-1.75469
-1.75499
-1.75424
-1.75393
-1.75423
-1.75483
-1.75438
-1.75544
-1.75499
-1.75514
-1.75575
-1.75711
-1.75681
-1.75666
-1.75711
-1.75756
-1.75559
-1.75514
-1.75499
-1.75484
-1.75363
-1.75454
-1.75393
-1.75378
-1.75484
-1.75514
-1.75438
-1.75348
-1.75454
-1.75378
-1.75363
-1.75514
-1.75635
-1.75484
-1.75469
-1.7547
-1.75303
-1.75272
-1.75302
-1.75362
-1.75408
-1.75302
-1.75228
-1.75122
-1.75122
-1.75077
-1.75122
-1.75197
-1.75167
-1.75197
-1.75272
-1.75302
-1.75287
-1.75393
-1.75499
-1.75483
-1.75453
-1.75393
-1.75302
-1.75287
-1.75302
-1.75272
-1.75167
-1.75242
-1.75423
-1.75454
-1.75605
-1.75469
-1.75485
-1.75454
-1.7562
-1.75589
-1.75483
-1.75649
-1.75679
-1.7568
-1.75681
-1.75697
-1.75833
-1.75727
-1.75727
-1.75681
-1.75574
-1.75664
-1.75589
-1.75514
-1.75545
-1.75531
-1.75546
-1.7553
-1.7559
-1.75636
-1.75756
-1.75907
-1.75831
-1.75952
-1.75937
-1.75877
-1.75832
-1.75878
-1.75953
-1.75968
-1.75938
-1.75908
-1.75893
-1.75893
-1.75863
-1.75757
-1.75696
-1.75666
-1.7553
-1.7562
-1.75499
-1.75424
-1.755
-1.75546
-1.75486
-1.75531
-1.75515
-1.75409
-1.75454
-1.75454
-1.75529
-1.7562
-1.75544
-1.75544
-1.75545
-1.7556
-1.75606
-1.75576
-1.75501
-1.75455
-1.75349
-1.75318
-1.75303
-1.75424
-1.7547
-1.75395
-1.75439
-1.75484
-1.75483
-1.75423
-1.75363
-1.75394
-1.755
-1.75319
-1.75303
-1.75258
-1.75197
-1.75137
-1.75122
-1.75107
-1.75061
-1.7491
-1.74895
-1.7494
-1.7503
-1.7512
-1.75242
-1.75348
-1.75484
-1.75469
-1.75454
-1.75424
-1.75378
-1.75468
-1.75498
-1.75513
-1.75438
-1.75514
-1.7556
-1.75696
-1.75711
-1.7565
-1.75605
-1.75545
-1.7559
-1.75666
-1.75696
-1.7562
-1.75605
-1.7562
-1.75499
-1.75454
-1.75621
-1.75591
-1.7544
-1.75455
-1.75499
-1.75499
-1.75514
-1.75455
-1.75515
-1.75561
-1.75485
-1.75516
-1.75546
-1.75531
-1.75545
-1.7559
-1.75484
-1.75545
-1.75591
-1.75561
-1.75515
-1.75409
-1.75393
-1.75347
-1.75363
-1.75515
-1.7541
-1.75471
-1.75471
-1.75562
-1.75561
-1.75575
-1.7559
-1.7547
-1.7535
-1.75501
-1.75606
-1.75545
-1.75696
-1.75726
-1.75726
-1.75712
-1.75803
-1.75954
-1.75924
-1.75878
-1.75923
-1.75983
-1.75922
-1.75862
-1.75726
-1.7559
-1.75621
-1.75591
-1.75561
-1.75531
-1.75395
-1.7532
-1.75349
-1.75409
-1.75348
-1.75363
-1.75348
-1.75332
-1.75363
-1.75393
-1.75364
-1.75364
-1.75273
-1.75212
-1.75302
-1.75242
-1.75152
-1.75152
-1.75167
-1.75348
-1.75227
-1.75363
-1.75272
-1.75212
-1.75257
-1.75227
-1.75167
-1.75303
-1.75454
-1.75469
-1.7553
-1.75424
-1.75318
-1.75287
-1.75363
-1.75377
-1.75407
-1.75256
-1.75242
-1.75182
-1.75151
-1.75227
-1.75167
-1.75228
-1.75288
-1.75273
-1.75289
-1.75228
-1.75151
-1.75059
-1.75088
-1.75044
-1.75061
-1.75093
-1.75048
-1.75032
-1.75106
-1.7506
-1.7509
-1.75075
-1.75031
-1.74956
-1.74941
-1.74956
-1.75
-1.74969
-1.74923
-1.74893
-1.74863
-1.74909
-1.7485
-1.74941
-1.75031
-1.75091
-1.75105
-1.7521
-1.75225
-1.7524
-1.75287
-1.75227
-1.75152
-1.75364
-1.75424
-1.75409
-1.75348
-1.75393
-1.75407
-1.75346
-1.75452
-1.75452
-1.75513
-1.75438
-1.75453
-1.75468
-1.75423
-1.75288
-1.75273
-1.75228
-1.75303
-1.75392
-1.75301
-1.753
-1.75347
-1.75348
-1.75394
-1.75334
-1.75258
-1.75378
-1.75377
-1.75302
-1.75302
-1.75242
-1.75241
-1.75211
-1.75121
-1.75196
-1.75197
-1.75288
-1.75303
-1.75182
-1.75182
-1.75106
-1.75226
-1.75195
-1.75135
-1.75195
-1.75211
-1.75378
-1.75378
-1.75439
-1.75363
-1.75303
-1.75348
-1.75408
-1.75499
-1.75575
-1.7565
-1.75786
-1.75756
-1.75589
-1.75544
-1.75499
-1.75483
-1.75499
-1.75317
-1.75302
-1.75272
-1.75332
-1.75317
-1.75362
-1.75242
-1.75257
-1.75227
-1.75288
-1.75333
-1.75378
-1.75454
-1.75408
-1.75499
-1.75424
-1.75394
-1.75409
-1.75409
-1.7547
-1.75364
-1.75424
-1.75378
-1.75393
-1.75423
-1.75513
-1.75543
-1.75544
-1.7568
-1.7559
-1.75545
-1.75545
-1.7553
-1.755
-1.75621
-1.75621
-1.75726
-1.7565
-1.75696
-1.7559
-1.75742
-1.75682
-1.75606
-1.7553
-1.75576
-1.75682
-1.75606
-1.75666
-1.75545
-1.7559
-1.75574
-1.75498
-1.75575
-1.75576
-1.75607
-1.75697
-1.75743
-1.75833
-1.75756
-1.75695
-1.75559
-1.7562
-1.7565
-1.75696
-1.75697
-1.75561
-1.75606
-1.75651
-1.75651
-1.75635
-1.75696
-1.75666
-1.75756
-1.75756
-1.75772
-1.75802
-1.75757
-1.75832
-1.75787
-1.75772
-1.75832
-1.75651
-1.75591
-1.7553
-1.75545
-1.75439
-1.75334
-1.75319
-1.7535
-1.75304
-1.75304
-1.75303
-1.75318
-1.75349
-1.75303
-1.75319
-1.75319
-1.75425
-1.7535
-1.75501
-1.75455
-1.75455
-1.75545
-1.75485
-1.755
-1.7544
-1.75364
-1.75364
-1.75242
-1.75287
-1.75363
-1.75363
-1.75273
-1.75273
-1.75243
-1.75213
-1.75273
-1.75243
-1.75167
-1.75242
-1.75318
-1.75379
-1.75363
-1.75288
-1.75197
-1.75378
-1.75363
-1.75317
-1.75287
-1.75272
-1.75166
-1.7509
-1.7503
-1.75031
-1.74955
-1.7494
-1.74971
-1.75076
-1.75197
-1.75303
-1.75288
-1.75182
-1.75348
-1.75272
-1.75408
-1.75377
-1.75378
-1.75393
-1.75454
-1.75303
-1.75334
-1.75409
-1.75333
-1.75227
-1.75242
-1.75302
-1.75196
-1.75106
-1.75227
-1.75228
-1.75107
-1.75061
-1.75151
-1.7515
-1.75256
-1.75301
-1.75393
-1.75439
-1.75544
-1.75559
-1.75529
-1.75604
-1.75695
-1.75634
-1.75529
-1.75484
-1.75499
-1.75484
-1.75453
-1.75484
-1.75469
-1.75469
-1.75606
-1.75652
-1.75757
-1.75876
-1.75891
-1.75907
-1.75893
-1.75863
-1.75741
-1.75771
-1.75741
-1.75801
-1.75831
-1.75831
-1.75815
-1.75604
-1.75575
-1.7556
-1.75636
-1.75605
-1.75468
-1.75451
-1.75421
-1.75407
-1.75393
-1.75303
-1.7541
-1.75455
-1.75395
-1.75424
-1.75424
-1.75408
-1.75392
-1.75512
-1.75572
-1.75527
-1.75513
-1.75544
-1.75499
-1.75469
-1.75423
-1.75332
-1.75317
-1.75317
-1.75362
-1.75317
-1.75257
-1.75378
-1.75484
-1.75514
-1.75438
-1.75408
-1.75242
-1.75227
-1.75197
-1.75333
-1.75302
-1.75318
-1.75408
-1.75423
-1.75317
-1.75347
-1.75498
-1.75665
-1.75635
-1.75695
-1.75604
-1.75634
-1.75559
-1.75589
-1.75514
-1.75484
-1.75545
-1.75499
-1.75529
-1.75483
-1.75483
-1.75544
-1.75621
-1.75606
-1.75531
-1.75349
-1.75379
-1.75348
-1.75332
-1.75362
-1.75515
-1.75561
-1.75606
-1.75605
-1.7574
-1.7568
-1.7571
-1.75816
-1.75725
-1.7568
-1.7568
-1.75665
-1.7562
-1.75575
-1.7556
-1.75424
-1.75393
-1.75469
-1.75635
-1.75574
-1.75588
-1.75799
-1.75664
-1.75665
-1.75514
-1.7556
-1.75454
-1.75409
-1.75454
-1.75529
-1.75545
-1.75424
-1.75303
-1.75379
-1.75424
-1.75379
-1.75349
-1.75424
-1.75438
-1.75543
-1.75528
-1.75468
-1.75484
-1.75334
-1.75304
-1.75274
-1.75319
-1.75319
-1.75485
-1.75485
-1.75469
-1.75393
-1.75439
-1.75439
-1.75515
-1.75484
-1.75408
-1.75498
-1.75422
-1.75423
-1.75408
-1.75484
-1.75454
-1.75348
-1.75439
-1.7547
-1.75545
-1.75499
-1.75514
-1.75725
-1.75634
-1.75589
-1.75711
-1.75652
-1.75697
-1.75621
-1.7559
-1.7559
-1.7565
-1.7553
-1.7559
-1.75575
-1.75515
-1.75561
-1.755
-1.75635
-1.75528
-1.75498
-1.75498
-1.75545
-1.75546
-1.75592
-1.75456
-1.7538
-1.7541
-1.75425
-1.75455
-1.7541
-1.75515
-1.75545
-1.75635
-1.7565
-1.7559
-1.7565
-1.75635
-1.75726
-1.75741
-1.75725
-1.75649
-1.7574
-1.75665
-1.75545
-1.75576
-1.75606
-1.75681
-1.75681
-1.75725
-1.75786
-1.75786
-1.75786
-1.75726
-1.75725
-1.7565
-1.7565
-1.75651
-1.75682
-1.75666
-1.75621
-1.75591
-1.75561
-1.75606
-1.7547
-1.7553
-1.7553
-1.75514
-1.75545
-1.75559
-1.75635
-1.7565
-1.75711
-1.75651
-1.75697
-1.75576
-1.75622
-1.75622
-1.75576
-1.75637
-1.75546
-1.75516
-1.75561
-1.7556
-1.75529
-1.75544
-1.75605
-1.7553
-1.75531
-1.75441
-1.75214
-1.75184
-1.75032
-1.75092
-1.75061
-1.75106
-1.7503
-1.74955
-1.74956
-1.75031
-1.75152
-1.75152
-1.75106
-1.75137
-1.75077
-1.75062
-1.75077
-1.75061
-1.74985
-1.75076
-1.75227
-1.75168
-1.75168
-1.75108
-1.75153
-1.75138
-1.75152
-1.75288
-1.75257
-1.75256
-1.75225
-1.75105
-1.75181
-1.75257
-1.75364
-1.75304
-1.75289
-1.75455
-1.75515
-1.75469
-1.75469
-1.75514
-1.75499
-1.75439
-1.75484
-1.75422
-1.75573
-1.75604
-1.7556
-1.75545
-1.75485
-1.7556
-1.75635
-1.75469
-1.75453
-1.75408
-1.75393
-1.75499
-1.75605
-1.75712
-1.75652
-1.75667
-1.75545
-1.75589
-1.75573
-1.75453
-1.75439
-1.75439
-1.75424
-1.75409
-1.75545
-1.755
-1.7559
-1.75515
-1.75439
-1.75425
-1.75364
-1.75348
-1.75514
-1.75589
-1.75695
-1.7574
-1.75726
-1.75847
-1.75877
-1.75892
-1.75801
-1.7577
-1.75831
-1.75921
-1.75755
-1.75679
-1.75725
-1.7574
-1.75801
-1.75816
-1.75922
-1.75876
-1.76012
-1.76073
-1.76058
-1.76087
-1.76041
-1.76072
-1.75982
-1.75907
-1.75892
-1.75786
-1.75665
-1.75559
-1.75619
-1.75589
-1.75649
-1.75785
-1.75846
-1.75831
-1.75846
-1.75846
-1.75862
-1.75937
-1.75937
-1.75922
-1.75876
-1.75921
-1.75966
-1.76057
-1.75907
-1.75817
-1.75666
-1.75757
-1.75681
-1.7574
-1.75573
-1.75557
-1.75481
-1.75406
-1.75347
-1.75468
-1.75454
-1.75499
-1.75514
-1.75499
-1.75484
-1.75514
-1.75589
-1.75664
-1.75785
-1.75739
-1.75574
-1.75589
-1.75679
-1.75648
-1.75542
-1.75498
-1.75559
-1.75574
-1.75484
-1.75423
-1.75363
-1.75347
-1.75362
-1.75407
-1.75558
-1.75392
-1.75362
-1.75438
-1.75514
-1.75559
-1.75468
-1.75483
-1.75483
-1.75573
-1.75543
-1.75588
-1.75589
-1.75438
-1.75469
-1.75408
-1.75483
-1.75483
-1.75573
-1.75468
-1.75377
-1.75438
-1.75484
-1.75484
-1.75575
-1.75605
-1.75514
-1.75559
-1.75468
-1.75527
-1.75512
-1.75572
-1.75573
-1.75544
-1.75727
-1.75787
-1.75802
-1.7565
-1.75529
-1.75483
-1.75499
-1.75439
-1.75529
-1.75529
-1.7556
-1.75741
-1.75756
-1.75665
-1.75604
-1.75573
-1.75498
-1.75513
-1.75573
-1.75559
-1.75681
-1.75863
-1.75802
-1.75575
-1.75574
-1.75634
-1.75529
-1.75468
-1.75332
-1.75272
-1.75226
-1.75302
-1.75303
-1.75363
-1.75423
-1.75453
-1.75393
-1.75469
-1.75454
-1.75363
-1.75438
-1.75437
-1.75497
-1.75437
-1.7553
-1.75591
-1.75682
-1.75635
-1.75498
-1.75452
-1.75406
-1.75422
-1.75423
-1.75484
-1.75453
-1.75528
-1.75422
-1.75406
-1.75527
-1.75512
-1.75648
-1.75694
-1.75634
-1.75573
-1.75498
-1.75407
-1.75438
-1.75528
-1.75467
-1.75406
-1.75391
-1.75391
-1.75331
-1.75271
-1.75377
-1.75347
-1.75407
-1.75361
-1.75407
-1.75407
-1.75483
-1.75635
-1.75786
-1.75846
-1.7586
-1.75906
-1.75951
-1.75891
-1.7577
-1.75846
-1.75755
-1.75785
-1.75724
-1.75739
-1.75769
-1.75694
-1.75619
-1.75514
-1.7559
-1.75696
-1.7556
-1.75499
-1.75467
-1.75422
-1.75407
-1.75422
-1.75437
-1.75483
-1.75468
-1.75423
-1.75438
-1.75528
-1.75573
-1.75392
-1.75332
-1.75377
-1.75302
-1.75226
-1.75347
-1.75422
-1.75392
-1.75392
-1.75393
-1.75257
-1.75242
-1.75302
-1.75377
-1.75391
-1.75436
-1.75376
-1.75362
-1.75393
-1.75408
-1.75378
-1.75393
-1.75317
-1.75407
-1.75422
-1.75512
-1.75452
-1.75377
-1.75271
-1.75241
-1.75165
-1.7512
-1.75121
-1.75121
-1.75167
-1.75227
-1.75272
-1.75316
-1.7524
-1.75225
-1.75285
-1.7527
-1.75331
-1.75256
-1.75242
-1.75348
-1.75303
-1.75393
-1.75362
-1.75603
-1.75558
-1.75619
-1.75635
-1.7559
-1.7565
-1.7574
-1.7589
-1.75935
-1.7586
-1.75786
-1.75726
-1.75651
-1.75666
-1.75695
-1.75679
-1.75557
-1.75572
-1.75481
-1.75481
-1.75392
-1.75408
-1.75605
-1.75727
-1.75666
-1.75651
-1.7568
-1.75709
-1.75678
-1.75708
-1.75663
-1.75694
-1.75664
-1.75695
-1.75831
-1.75952
-1.75937
-1.75952
-1.75876
-1.75936
-1.75935
-1.75965
-1.75995
-1.76071
-1.76132
-1.76026
-1.76102
-1.76132
-1.76208
-1.76208
-1.76027
-1.75966
-1.76042
-1.75981
-1.75996
-1.75936
-1.75906
-1.75951
-1.75801
-1.75876
-1.75875
-1.75965
-1.7601
-1.76009
-1.7601
-1.76011
-1.75966
-1.75831
-1.75695
-1.75559
-1.75589
-1.75589
-1.75619
-1.75635
-1.7562
-1.75499
-1.75423
-1.75422
-1.75376
-1.75436
-1.75284
-1.75375
-1.75376
-1.75225
-1.7521
-1.7518
-1.75331
-1.75391
-1.75497
-1.75528
-1.75604
-1.75483
-1.75453
-1.75392
-1.75452
-1.75587
-1.75587
-1.75512
-1.75482
-1.75512
-1.75588
-1.75588
-1.75528
-1.75422
-1.75482
-1.75558
-1.75603
-1.75588
-1.75573
-1.75557
-1.75648
-1.75573
-1.75377
-1.75347
-1.75407
-1.75468
-1.75347
-1.75347
-1.75377
-1.75467
-1.75422
-1.75467
-1.75558
-1.75483
-1.75574
-1.75619
-1.75588
-1.75497
-1.75407
-1.75286
-1.75347
-1.75317
-1.75286
-1.75347
-1.75301
-1.75256
-1.75135
-1.7518
-1.7509
-1.7506
-1.74969
-1.7503
-1.75046
-1.75121
-1.7512
-1.75119
-1.75134
-1.75181
-1.75106
-1.75287
-1.75181
-1.75226
-1.75256
-1.75271
-1.75195
-1.75241
-1.75226
-1.75226
-1.75377
-1.75347
-1.75422
-1.75467
-1.75512
-1.75633
-1.75573
-1.75634
-1.75559
-1.75559
-1.75543
-1.75437
-1.75376
-1.7527
-1.75255
-1.75255
-1.75119
-1.75271
-1.7512
-1.75059
-1.75044
-1.75075
-1.7515
-1.75241
-1.75211
-1.75166
-1.75136
-1.75121
-1.7506
-1.75074
-1.75104
-1.75043
-1.75089
-1.7515
-1.75135
-1.75166
-1.75045
-1.7506
-1.75135
-1.75121
-1.75181
-1.7509
-1.75136
-1.7506
-1.75135
-1.7512
-1.75195
-1.75225
-1.75271
-1.75362
-1.75317
-1.75287
-1.75302
-1.75303
-1.75363
-1.75348
-1.75242
-1.75363
-1.75362
-1.75377
-1.75361
-1.75331
-1.75377
-1.75437
-1.75363
-1.75363
-1.75334
-1.75394
-1.75332
-1.75346
-1.75406
-1.75361
-1.75377
-1.75393
-1.75469
-1.75424
-1.75393
-1.75333
-1.75317
-1.75317
-1.75498
-1.75452
-1.75451
-1.75511
-1.75451
-1.75482
-1.75619
-1.75741
-1.75651
-1.75726
-1.75665
-1.75544
-1.75604
-1.75769
-1.75648
-1.75557
-1.75587
-1.75602
-1.75572
-1.75557
-1.75543
-1.75573
-1.75452
-1.75422
-1.75422
-1.75376
-1.75391
-1.75255
-1.7512
-1.75014
-1.74969
-1.74909
-1.74803
-1.74833
-1.74877
-1.74952
-1.74967
-1.75013
-1.75058
-1.75059
-1.75135
-1.75225
-1.75286
-1.75285
-1.75285
-1.75361
-1.75421
-1.75481
-1.75451
-1.75587
-1.75511
-1.75572
-1.75618
-1.75664
-1.75604
-1.75634
-1.75618
-1.75694
-1.75558
-1.75603
-1.75588
-1.75573
-1.75483
-1.75452
-1.75316
-1.75346
-1.75452
-1.75513
-1.75392
-1.75285
-1.75374
-1.7545
-1.75421
-1.75437
-1.75407
-1.75407
-1.75377
-1.75212
-1.75031
-1.75092
-1.75182
-1.75257
-1.75226
-1.75285
-1.75269
-1.75299
-1.75375
-1.75346
-1.75301
-1.75362
-1.75256
-1.7518
-1.75195
-1.75225
-1.75226
-1.75362
-1.75302
-1.75286
-1.75331
-1.7533
-1.75299
-1.75239
-1.75104
-1.7506
-1.75045
-1.75165
-1.75058
-1.75012
-1.75028
-1.74984
-1.74954
-1.7506
-1.75044
-1.74968
-1.74907
-1.75103
-1.75163
-1.75133
-1.75209
-1.75284
-1.753
-1.7527
-1.75241
-1.7509
-1.75135
-1.75225
-1.75316
-1.75422
-1.75528
-1.75407
-1.75467
-1.75482
-1.75497
-1.75481
-1.75421
-1.75345
-1.75375
-1.75421
-1.75451
-1.75497
-1.75498
-1.75468
-1.75544
-1.75544
-1.75588
-1.75467
-1.75496
-1.75496
-1.7536
-1.75315
-1.7521
-1.75376
-1.75346
-1.75331
-1.75376
-1.75346
-1.7521
-1.75361
-1.753
-1.75164
-1.75224
-1.75043
-1.74952
-1.75013
-1.75059
-1.75119
-1.75119
-1.75089
-1.75134
-1.75134
-1.75134
-1.75164
-1.75179
-1.75314
-1.75314
-1.75315
-1.7533
-1.75376
-1.75482
-1.75543
-1.75436
-1.75406
-1.7539
-1.7539
-1.7539
-1.7539
-1.75149
-1.75074
-1.75256
-1.75226
-1.75271
-1.753
-1.75344
-1.75268
-1.75178
-1.75344
-1.753
-1.75375
-1.75436
-1.75376
-1.75361
-1.7527
-1.75194
-1.75209
-1.75133
-1.7524
-1.75149
-1.75089
-1.75255
-1.75209
-1.75224
-1.75254
-1.75179
-1.7527
-1.75331
-1.75391
-1.75346
-1.75346
-1.7533
-1.75269
-1.75193
-1.75239
-1.75239
-1.7524
-1.75225
-1.75285
-1.7527
-1.75194
-1.75194
-1.75164
-1.75255
-1.75225
-1.7524
-1.7527
-1.75361
-1.7533
-1.75255
-1.75239
-1.75178
-1.75239
-1.75299
-1.75451
-1.75421
-1.75361
-1.75467
-1.75543
-1.75558
-1.75512
-1.75572
-1.75421
-1.75346
-1.75421
-1.75346
-1.75316
-1.75406
-1.75436
-1.75421
-1.75527
-1.75557
-1.75618
-1.75603
-1.75664
-1.75618
-1.75437
-1.75467
-1.75451
-1.75421
-1.75466
-1.75511
-1.75481
-1.75542
-1.75632
-1.75541
-1.75586
-1.7542
-1.75466
-1.75512
-1.75421
-1.75421
-1.75497
-1.75511
-1.75587
-1.75678
-1.75678
-1.75663
-1.75708
-1.75708
-1.75738
-1.75693
-1.75738
-1.75541
-1.75616
-1.75601
-1.75571
-1.75617
-1.75587
-1.75588
-1.75754
-1.75815
-1.75709
-1.75633
-1.75662
-1.75677
-1.75722
-1.75616
-1.75722
-1.75631
-1.75571
-1.75617
-1.75602
-1.75512
-1.75558
-1.75588
-1.75557
-1.75482
-1.75542
-1.75602
-1.75587
-1.75572
-1.75527
-1.75451
-1.75421
-1.75421
-1.75602
-1.75571
-1.75602
-1.75632
-1.75511
-1.7539
-1.75315
-1.75239
-1.75224
-1.75224
-1.75375
-1.75223
-1.75118
-1.74997
-1.74998
-1.74998
-1.74953
-1.74983
-1.74983
-1.75013
-1.75087
-1.75192
-1.75223
-1.75223
-1.75285
-1.75179
-1.7521
-1.75271
-1.75361
-1.75421
-1.75466
-1.7536
-1.75284
-1.75239
-1.75284
-1.75179
-1.75194
-1.75345
-1.7539
-1.75436
-1.75376
-1.75406
-1.75406
-1.75436
-1.75496
-1.75572
-1.75511
-1.7551
-1.75541
-1.7542
-1.75466
-1.7533
-1.75239
-1.7527
-1.75255
-1.753
-1.75375
-1.75329
-1.7548
-1.75511
-1.75406
-1.75467
-1.75467
-1.75466
-1.75405
-1.75405
-1.7545
-1.75526
-1.75436
-1.75481
-1.75602
-1.75707
-1.75768
-1.75571
-1.75571
-1.75707
-1.75693
-1.75768
-1.75769
-1.75769
-1.75783
-1.75798
-1.75827
-1.75812
-1.75813
-1.75844
-1.7589
-1.75799
-1.75814
-1.7592
-1.75904
-1.7613
-1.75979
-1.76085
-1.75934
-1.75949
-1.75889
-1.75935
-1.75995
-1.75919
-1.75798
-1.75798
-1.75888
-1.75873
-1.75798
-1.75677
-1.75692
-1.75662
-1.75602
-1.75556
-1.75587
-1.75602
-1.75587
-1.75572
-1.75527
-1.75572
-1.75587
-1.75572
-1.75572
-1.75571
-1.75616
-1.75661
-1.75752
-1.75738
-1.75677
-1.75723
-1.75662
-1.75677
-1.75617
-1.75526
-1.75617
-1.75572
-1.75587
-1.75557
-1.75512
-1.75572
-1.75556
-1.75586
-1.75691
-1.75767
-1.75768
-1.75648
-1.75603
-1.75467
-1.75407
-1.75316
-1.75301
-1.75225
-1.7533
-1.75375
-1.75481
-1.75405
-1.7536
-1.75405
-1.75512
-1.75618
-1.75573
-1.75633
-1.75497
-1.75481
-1.75451
-1.7545
-1.75496
-1.7542
-1.75466
-1.75527
-1.75693
-1.75769
-1.75708
-1.75618
-1.75708
-1.75722
-1.75722
-1.75722
-1.75767
-1.75783
-1.75708
-1.75632
-1.75723
-1.75738
-1.75753
-1.75783
-1.75692
-1.75737
-1.75707
-1.75813
-1.75784
-1.75784
-1.75815
-1.758
-1.7583
-1.75754
-1.75693
-1.75753
-1.75662
-1.75496
-1.75376
-1.75346
-1.75361
-1.75437
-1.75451
-1.75526
-1.7545
-1.75616
-1.75557
-1.75421
-1.75346
-1.75271
-1.75165
-1.75225
-1.7527
-1.75118
-1.75209
-1.75194
-1.75285
-1.7521
-1.753
-1.75239
-1.75345
-1.7527
-1.7524
-1.75164
-1.75195
-1.75195
-1.75269
-1.75495
-1.7545
-1.75481
-1.75588
-1.75633
-1.75633
-1.75542
-1.75572
-1.75556
-1.75526
-1.75465
-1.7542
-1.75465
-1.75359
-1.75344
-1.7533
-1.75315
-1.7536
-1.75435
-1.7539
-1.75344
-1.75525
-1.75631
-1.75707
-1.75798
-1.75798
-1.75828
-1.75738
-1.75783
-1.75798
-1.75693
-1.75587
-1.75618
-1.75618
-1.75573
-1.75617
-1.75601
-1.7557
-1.75569
-1.75554
-1.75524
-1.75631
-1.75677
-1.75738
-1.75738
-1.75648
-1.75619
-1.75634
-1.75633
-1.75677
-1.75676
-1.75736
-1.75813
-1.75814
-1.7586
-1.75784
-1.75783
-1.75782
-1.75737
-1.75782
-1.75918
-1.75812
-1.75783
-1.75738
-1.75769
-1.75693
-1.75436
-1.75602
-1.75661
-1.75767
-1.75722
-1.75662
-1.75738
-1.75828
-1.75797
-1.75751
-1.75827
-1.75994
-1.75767
-1.75828
-1.75738
-1.75647
-1.75586
-1.75541
-1.7554
-1.7545
-1.75525
-1.75435
-1.75405
-1.75481
-1.75526
-1.75556
-1.7557
-1.75645
-1.75541
-1.75647
-1.75602
-1.75466
-1.75481
-1.75526
-1.75556
-1.75647
-1.75571
-1.75405
-1.75314
-1.75435
-1.75465
-1.75495
-1.75495
-1.7545
-1.75374
-1.75328
-1.75449
-1.75449
-1.75555
-1.75616
-1.75541
-1.75616
-1.75541
-1.7545
-1.75374
-1.75465
-1.75284
-1.75284
-1.75269
-1.75254
-1.7542
-1.75435
-1.75329
-1.75298
-1.75237
-1.75343
-1.75373
-1.75419
-1.75434
-1.75359
-1.7536
-1.75239
-1.75284
-1.7536
-1.75435
-1.75494
-1.75479
-1.75479
-1.75449
-1.7557
-1.75465
-1.75555
-1.75434
-1.75509
-1.75554
-1.75539
-1.75554
-1.75555
-1.7551
-1.7548
-1.75435
-1.7536
-1.7542
-1.75359
-1.75298
-1.75328
-1.75222
-1.75297
-1.75312
-1.75343
-1.75343
-1.75237
-1.75313
-1.75283
-1.75299
-1.75329
-1.75343
-1.75373
-1.75251
-1.75176
-1.75055
-1.75101
-1.75192
-1.75343
-1.75283
-1.75388
-1.75418
-1.75388
-1.75343
-1.75328
-1.75343
-1.75419
-1.75418
-1.75508
-1.75432
-1.75462
-1.75387
-1.75388
-1.75404
-1.75435
-1.7548
-1.7545
-1.75494
-1.75464
-1.75555
-1.75539
-1.75569
-1.75554
-1.75584
-1.7557
-1.75495
-1.7551
-1.75494
-1.75494
-1.75689
-1.75704
-1.75614
-1.75434
-1.75525
-1.75525
-1.7554
-1.75479
-1.75463
-1.75599
-1.7557
-1.75449
-1.75418
-1.75252
-1.75251
-1.75176
-1.75207
-1.75147
-1.75132
-1.75162
-1.75193
-1.75162
-1.75041
-1.75117
-1.75117
-1.75192
-1.75221
-1.75326
-1.75312
-1.75328
-1.75358
-1.75207
-1.75146
-1.75252
-1.75313
-1.75434
-1.75374
-1.75314
-1.75223
-1.75192
-1.75162
-1.75146
-1.75267
-1.75236
-1.75266
-1.75236
-1.75237
-1.75253
-1.75239
-1.75224
-1.75208
-1.75283
-1.75343
-1.75357
-1.75448
-1.75508
-1.75569
-1.75389
-1.75269
-1.7536
-1.75314
-1.75374
-1.75388
-1.75403
-1.75448
-1.75494
-1.75419
-1.75358
-1.75419
-1.75494
-1.75495
-1.75434
-1.7551
-1.75555
-1.75509
-1.75539
-1.75402
-1.75282
-1.75282
-1.75267
-1.75162
-1.75223
-1.75283
-1.75328
-1.75298
-1.75313
-1.75312
-1.75357
-1.75237
-1.75313
-1.75344
-1.75374
-1.75405
-1.75435
-1.75344
-1.75419
-1.75419
-1.75418
-1.75524
-1.75463
-1.75403
-1.75373
-1.75374
-1.7545
-1.75481
-1.7545
-1.75465
-1.7551
-1.75434
-1.7545
-1.75495
-1.75464
-1.75509
-1.75554
-1.756
-1.7557
-1.75525
-1.75555
-1.75617
-1.75572
-1.75602
-1.75646
-1.75691
-1.7557
-1.756
-1.75615
-1.75585
-1.7563
-1.75721
-1.756
-1.75541
-1.75677
-1.75692
-1.75722
-1.75812
-1.7563
-1.75524
-1.75524
-1.75479
-1.75495
-1.75525
-1.75571
-1.7545
-1.75419
-1.75312
-1.75342
-1.75371
-1.75463
-1.75449
-1.75359
-1.7542
-1.75541
-1.75449
-1.75358
-1.75252
-1.75268
-1.75253
-1.75193
-1.75269
-1.75117
-1.75147
-1.75237
-1.75237
-1.75267
-1.75206
-1.75115
-1.75115
-1.75191
-1.75191
-1.75267
-1.75192
-1.75162
-1.75192
-1.75283
-1.75268
-1.75298
-1.75251
-1.75371
-1.75267
-1.75239
-1.7524
-1.75194
-1.75239
-1.75405
-1.75495
-1.75479
-1.75419
-1.75327
-1.75296
-1.7519
-1.7513
-1.75131
-1.75086
-1.75072
-1.75193
-1.75012
-1.75119
-1.75194
-1.75345
-1.75345
-1.75344
-1.75252
-1.75235
-1.75204
-1.75235
-1.75206
-1.75297
-1.75253
-1.75208
-1.75222
-1.75222
-1.75267
-1.75328
-1.75343
-1.75344
-1.75329
-1.75299
-1.75254
-1.75314
-1.75389
-1.75389
-1.75328
-1.75313
-1.75328
-1.75282
-1.75312
-1.75342
-1.75357
-1.75418
-1.75449
-1.75268
-1.75238
-1.75328
-1.75223
-1.75163
-1.75193
-1.75223
-1.75238
-1.75238
-1.75223
-1.75192
-1.75177
-1.75237
-1.75297
-1.75373
-1.75404
-1.75525
-1.75359
-1.75405
-1.75541
-1.75495
-1.7545
-1.75405
-1.75284
-1.75253
-1.75207
-1.75176
-1.75146
-1.75146
-1.75162
-1.75102
-1.75026
-1.75026
-1.75071
-1.75101
-1.75101
-1.75071
-1.75132
-1.75147
-1.75238
-1.75299
-1.75359
-1.75299
-1.75404
-1.75313
-1.75252
-1.75252
-1.75252
-1.75222
-1.75237
-1.75328
-1.75374
-1.75358
-1.75313
-1.75449
-1.75554
-1.75584
-1.75479
-1.75419
-1.75479
-1.75601
-1.75571
-1.75616
-1.75631
-1.75691
-1.756
-1.7566
-1.75736
-1.75751
-1.75872
-1.75978
-1.76008
-1.76038
-1.76219
-1.76068
-1.75947
-1.75917
-1.75871
-1.75857
-1.75903
-1.75949
-1.75904
-1.75617
-1.75571
-1.7554
-1.75585
-1.75585
-1.75585
-1.75645
-1.75646
-1.75708
-1.75602
-1.75572
-1.75692
-1.75752
-1.75691
-1.7563
-1.7566
-1.75766
-1.75796
-1.75811
-1.75826
-1.75902
-1.75918
-1.75888
-1.75889
-1.75979
-1.75949
-1.75919
-1.75798
-1.75827
-1.75767
-1.75751
-1.75737
-1.75691
-1.75615
-1.75464
-1.75479
-1.75404
-1.75329
-1.75269
-1.75315
-1.753
-1.75392
-1.75543
-1.75557
-1.75481
-1.75359
-1.75373
-1.75433
-1.75418
-1.7554
-1.75571
-1.75647
-1.75586
-1.75434
-1.75525
-1.75601
-1.75632
-1.75708
-1.75632
-1.75617
-1.75737
-1.75555
-1.7554
-1.75631
-1.75495
-1.75495
-1.75496
-1.75375
-1.75375
-1.75254
-1.75269
-1.75284
-1.75283
-1.75283
-1.75222
-1.75116
-1.75207
-1.75192
-1.75162
-1.75147
-1.75222
-1.75146
-1.75055
-1.75041
-1.74997
-1.74997
-1.74998
-1.75012
-1.75057
-1.75057
-1.75238
-1.75193
-1.75193
-1.75209
-1.75179
-1.75133
-1.75148
-1.75223
-1.75176
-1.75252
-1.75025
-1.75071
-1.75072
-1.75088
-1.75179
-1.75179
-1.75058
-1.75133
-1.75148
-1.75163
-1.75163
-1.75253
-1.75343
-1.75403
-1.75328
-1.75343
-1.75494
-1.75389
-1.75555
-1.75556
-1.75465
-1.75435
-1.75345
-1.75239
-1.753
-1.75209
-1.75209
-1.75133
-1.75087
-1.75071
-1.74996
-1.7486
-1.74815
-1.74831
-1.74801
-1.74861
-1.74967
-1.74997
-1.75057
-1.75147
-1.75041
-1.75087
-1.75117
-1.75087
-1.75148
-1.75239
-1.75285
-1.75391
-1.75421
-1.7542
-1.75556
-1.75525
-1.75479
-1.75434
-1.75374
-1.7542
-1.75541
-1.7548
-1.7548
-1.7551
-1.7557
-1.75404
-1.75434
-1.75434
-1.75374
-1.75435
-1.75375
-1.7536
-1.75224
-1.75209
-1.75238
-1.75329
-1.75359
-1.75404
-1.75555
-1.75571
-1.75601
-1.75617
-1.75707
-1.75752
-1.75631
-1.75586
-1.7548
-1.75465
-1.7545
-1.7548
-1.7545
-1.75495
-1.75541
-1.75511
-1.75541
-1.75481
-1.75466
-1.75451
-1.75511
-1.75465
-1.75555
-1.75586
-1.75693
-1.75738
-1.75753
-1.75632
-1.75571
-1.75662
-1.75646
-1.75556
-1.75465
-1.75465
-1.7551
-1.75646
-1.75646
-1.75677
-1.75737
-1.75753
-1.75844
-1.75904
-1.75783
-1.75768
-1.75797
-1.75812
-1.75781
-1.75676
-1.75661
-1.75677
-1.75556
-1.75556
-1.7554
-1.7554
-1.7563
-1.75585
-1.75615
-1.75509
-1.75523
-1.75462
-1.75478
-1.75419
-1.75345
-1.75361
-1.75391
-1.75436
-1.7545
-1.7551
-1.75509
-1.756
-1.75539
-1.75388
-1.75313
-1.75283
-1.75374
-1.75389
-1.75328
-1.75177
-1.75191
-1.75146
-1.75267
-1.75161
-1.75056
-1.75041
-1.75011
-1.75057
-1.75102
-1.75148
-1.75148
-1.74981
-1.74996
-1.74799
-1.74783
-1.74798
-1.74904
-1.74995
-1.74905
-1.74935
-1.74891
-1.7483
-1.74845
-1.74875
-1.7504
-1.7495
-1.74996
-1.75072
-1.75072
-1.75011
-1.75041
-1.7501
-1.75041
-1.75071
-1.75238
-1.75343
-1.75479
-1.75464
-1.75479
-1.75464
-1.7557
-1.7551
-1.75495
-1.75495
-1.75494
-1.75403
-1.75327
-1.75327
-1.75418
-1.75372
-1.75417
-1.75583
-1.75538
-1.756
-1.7563
-1.75646
-1.75601
-1.75571
-1.75555
-1.75555
-1.75525
-1.75494
-1.75555
-1.75524
-1.75524
-1.75569
-1.75539
-1.75584
-1.75524
-1.75433
-1.75494
-1.7557
-1.75464
-1.75661
-1.75675
-1.75629
-1.75674
-1.75674
-1.75719
-1.75629
-1.75524
-1.75615
-1.75661
-1.75494
-1.75509
-1.75539
-1.75554
-1.75539
-1.75434
-1.75509
-1.75403
-1.75403
-1.75418
-1.75464
-1.75464
-1.75478
-1.75554
-1.75599
-1.75584
-1.75509
-1.75554
-1.75585
-1.75479
-1.75509
-1.75524
-1.75448
-1.75433
-1.75387
-1.75463
-1.75538
-1.75584
-1.75659
-1.75659
-1.7572
-1.7572
-1.7566
-1.75585
-1.7557
-1.75509
-1.75524
-1.75448
-1.75418
-1.75494
-1.75449
-1.75539
-1.75432
-1.7528
-1.75417
-1.75449
-1.75525
-1.75509
-1.75523
-1.75523
-1.75434
-1.75479
-1.75434
-1.75282
-1.75252
-1.75251
-1.75191
-1.75342
-1.75433
-1.75584
-1.75614
-1.75493
-1.75538
-1.75554
-1.75584
-1.7563
-1.75691
-1.75675
-1.75615
-1.75629
-1.7569
-1.75795
-1.75735
-1.7581
-1.75795
-1.7584
-1.7578
-1.7581
-1.75811
-1.75645
-1.7566
-1.75645
-1.75585
-1.75434
-1.75509
-1.75554
-1.75629
-1.75583
-1.75553
-1.75629
-1.7566
-1.75615
-1.75569
-1.75464
-1.75433
-1.75448
-1.75539
-1.75675
-1.7569
-1.75736
-1.75675
-1.7572
-1.75734
-1.75824
-1.75779
-1.75658
-1.75749
-1.75826
-1.75856
-1.75781
-1.75766
-1.75705
-1.75629
-1.7569
-1.75675
-1.75615
-1.756
-1.75524
-1.75599
-1.7569
-1.7572
-1.75767
-1.75737
-1.75797
-1.75886
-1.7584
-1.75779
-1.75778
-1.7581
-1.75736
-1.75752
-1.75692
-1.75586
-1.75494
-1.75584
-1.7563
-1.7557
-1.756
-1.75614
-1.75569
-1.75523
-1.75523
-1.75432
-1.75402
-1.75341
-1.75266
-1.75388
-1.75419
-1.75419
-1.75358
-1.75251
-1.75418
-1.75449
-1.75374
-1.75343
-1.75462
-1.75462
-1.75477
-1.75554
-1.75645
-1.7566
-1.7569
-1.75826
-1.75871
-1.75886
-1.75826
-1.75796
-1.75902
-1.75856
-1.75856
-1.7581
-1.75825
-1.75916
-1.75991
-1.75992
-1.75916
-1.7566
-1.7566
-1.75569
-1.75569
-1.75554
-1.75448
-1.75433
-1.75494
-1.75387
-1.75357
-1.75235
-1.75205
-1.75326
-1.75236
-1.75146
-1.75147
-1.75192
-1.75087
-1.75041
-1.75116
-1.75221
-1.75161
-1.75146
-1.7507
-1.74994
-1.75009
-1.75146
-1.75131
-1.75146
-1.75131
-1.75146
-1.75161
-1.7507
-1.75192
-1.75283
-1.75434
-1.75388
-1.75343
-1.75358
-1.75327
-1.75297
-1.75206
-1.75327
-1.75342
-1.75433
-1.75403
-1.75448
-1.75508
-1.75463
-1.75509
-1.75418
-1.75373
-1.75343
-1.75434
-1.75434
-1.75359
-1.75314
-1.75389
-1.75268
-1.75343
-1.75448
-1.75387
-1.75176
-1.7507
-1.75131
-1.75071
-1.75177
-1.75283
-1.75389
-1.75389
-1.75525
-1.7548
-1.75418
-1.75478
-1.75462
-1.75478
-1.75645
-1.75706
-1.75677
-1.75601
-1.75555
-1.7554
-1.75464
-1.75343
-1.75268
-1.75237
-1.75297
-1.75311
-1.75477
-1.75402
-1.75311
-1.75388
-1.75479
-1.7548
-1.75525
-1.75631
-1.75767
-1.75767
-1.75827
-1.75736
-1.75826
-1.75795
-1.75689
-1.75704
-1.75765
-1.75811
-1.75947
-1.76023
-1.75962
-1.75962
-1.75933
-1.75978
-1.75903
-1.75782
-1.75781
-1.7575
-1.75629
-1.75584
-1.75539
-1.75418
-1.75418
-1.75463
-1.75463
-1.75478
-1.75433
-1.75417
-1.75493
-1.75554
-1.75554
-1.75614
-1.75599
-1.75448
-1.75418
-1.75282
-1.75313
-1.75403
-1.7563
-1.75584
-1.7563
-1.75614
-1.75614
-1.75704
-1.75673
-1.75628
-1.75553
-1.75539
-1.75675
-1.75675
-1.75584
-1.75629
-1.75675
-1.7575
-1.7569
-1.7563
-1.75569
-1.75584
-1.75509
-1.75539
-1.75539
-1.75433
-1.75463
-1.75388
-1.75388
-1.75343
-1.75358
-1.75373
-1.75312
-1.75341
-1.75236
-1.75312
-1.75388
-1.75374
-1.75359
-1.75329
-1.75344
-1.75359
-1.75464
-1.75569
-1.75448
-1.75599
-1.75584
-1.7572
-1.75615
-1.75524
-1.7563
-1.75675
-1.75706
-1.75721
-1.75676
-1.75661
-1.756
-1.75614
-1.75584
-1.75644
-1.75644
-1.75659
-1.75766
-1.75675
-1.756
-1.75645
-1.75585
-1.75449
-1.75555
-1.75676
-1.75737
-1.75691
-1.7563
-1.75584
-1.75553
-1.75629
-1.7572
-1.7572
-1.75872
-1.75888
-1.75844
-1.75783
-1.75767
-1.75812
-1.7575
-1.75644
-1.75659
-1.7572
-1.75629
-1.7581
-1.75766
-1.75722
-1.75798
-1.75768
-1.75737
-1.75781
-1.75706
-1.75766
-1.75857
-1.75917
-1.75811
-1.75841
-1.75916
-1.75947
-1.75932
-1.75918
-1.75827
-1.75676
-1.75662
-1.75722
-1.75692
-1.75767
-1.7575
-1.75703
-1.75733
-1.75779
-1.75705
-1.75752
-1.75813
-1.75828
-1.75857
-1.75963
-1.75857
-1.75872
-1.75811
-1.75841
-1.7578
-1.7587
-1.7581
-1.75916
-1.75931
-1.75946
-1.75976
-1.75977
-1.75916
-1.75811
-1.75796
-1.75812
-1.75768
-1.75965
-1.7595
-1.75948
-1.75958
-1.75958
-1.76052
-1.75978
-1.75888
-1.75812
-1.75812
-1.75766
-1.75766
-1.756
-1.75554
-1.75554
-1.75584
-1.75478
-1.75493
-1.75478
-1.75523
-1.75463
-1.75478
-1.75448
-1.75508
-1.75388
-1.75463
-1.75358
-1.75433
-1.75479
-1.75509
-1.75433
-1.75297
-1.75267
-1.75418
-1.75388
-1.75387
-1.75191
-1.75251
-1.75342
-1.75297
-1.75267
-1.75343
-1.75388
-1.75493
-1.75447
-1.75432
-1.75463
-1.75328
-1.75298
-1.75389
-1.75404
-1.75298
-1.75267
-1.75206
-1.75326
-1.75266
-1.75326
-1.75341
-1.75463
-1.75448
-1.75569
-1.75569
-1.75479
-1.75494
-1.75554
-1.75599
-1.75538
-1.75508
-1.75417
-1.75371
-1.75326
-1.75282
-1.75312
-1.75448
-1.75539
-1.75553
-1.75432
-1.75462
-1.75432
-1.75433
-1.75448
-1.75448
-1.75479
-1.75464
-1.75494
-1.75569
-1.75614
-1.75492
-1.75446
-1.75401
-1.75478
-1.75539
-1.75464
-1.75448
-1.75493
-1.75463
-1.75433
-1.75433
-1.75448
-1.75433
-1.75357
-1.75342
-1.75236
-1.7513
-1.75085
-1.75025
-1.7498
-1.75055
-1.75221
-1.75221
-1.75357
-1.75342
-1.75297
-1.75267
-1.75327
-1.75237
-1.75177
-1.75102
-1.75102
-1.75072
-1.75162
-1.75296
-1.75234
-1.75234
-1.75145
-1.75086
-1.75056
-1.75117
-1.75222
-1.75116
-1.75162
-1.75146
-1.75191
-1.75342
-1.75221
-1.75222
-1.75237
-1.75253
-1.75177
-1.75116
-1.75237
-1.75206
-1.7513
-1.75146
-1.75132
-1.75178
-1.75072
-1.75012
-1.74981
-1.75041
-1.75086
-1.75191
-1.75206
-1.75252
-1.75328
-1.75268
-1.75177
-1.75192
-1.75162
-1.75252
-1.75282
-1.75297
-1.75372
-1.75251
-1.75282
-1.75312
-1.75267
-1.75207
-1.75328
-1.75419
-1.75404
-1.75479
-1.7554
-1.75479
-1.75434
-1.75373
-1.75357
-1.75372
-1.75432
-1.75418
-1.75283
-1.75192
-1.75223
-1.75313
-1.75147
-1.75071
-1.75147
-1.75161
-1.75237
-1.75221
-1.75387
-1.75387
-1.75493
-1.75509
-1.75449
-1.75313
-1.75344
-1.75389
-1.75419
-1.75494
-1.75403
-1.75342
-1.75402
-1.75281
-1.75281
-1.75206
-1.75101
-1.75177
-1.75252
-1.75252
-1.75146
-1.75252
-1.75373
-1.75357
-1.75311
-1.75357
-1.75312
-1.75297
-1.75222
-1.75222
-1.75298
-1.75268
-1.75374
-1.75328
-1.75373
-1.75282
-1.75251
-1.7516
-1.7516
-1.7507
-1.75252
-1.75161
-1.75116
-1.7513
-1.75327
-1.75403
-1.75373
-1.75358
-1.75388
-1.75434
-1.75375
-1.75314
-1.75223
-1.75191
-1.75251
-1.75251
-1.75221
-1.75146
-1.75085
-1.74979
-1.74994
-1.7504
-1.75086
-1.75086
-1.75086
-1.75147
-1.75131
-1.75146
-1.75161
-1.75191
-1.7507
-1.75176
-1.75206
-1.75161
-1.75039
-1.75235
-1.75145
-1.751
-1.75146
-1.75161
-1.75101
-1.75101
-1.75056
-1.75086
-1.75116
-1.75283
-1.75207
-1.75207
-1.75282
-1.75357
-1.75388
-1.75373
-1.75327
-1.75357
-1.75297
-1.75297
-1.75327
-1.75296
-1.75357
-1.75357
-1.75372
-1.75312
-1.75192
-1.75223
-1.75314
-1.75284
-1.75238
-1.75191
-1.75266
-1.75252
-1.75283
-1.75299
-1.75344
-1.75419
-1.75524
-1.75523
-1.75524
-1.75403
-1.75449
-1.75343
-1.75237
-1.75237
-1.75178
-1.75042
-1.75178
-1.75163
-1.75072
-1.75102
-1.75056
-1.75191
-1.75115
-1.75327
-1.75433
-1.75374
-1.75496
-1.75511
-1.75496
-1.75465
-1.75495
-1.75479
-1.75554
-1.75615
-1.7569
-1.75781
-1.7566
-1.7566
-1.7554
-1.75464
-1.75374
-1.75435
-1.75465
-1.75449
-1.75554
-1.75569
-1.75418
-1.75268
-1.75343
-1.75343
-1.75344
-1.75374
-1.75299
-1.75254
-1.75253
-1.75117
-1.75116
-1.751
-1.75131
-1.7504
-1.75101
-1.75072
-1.74967
-1.74891
-1.74785
-1.7486
-1.74799
-1.74874
-1.7495
-1.75041
-1.75132
-1.75117
-1.75117
-1.75163
-1.75193
-1.7542
-1.75525
-1.7557
-1.75539
-1.75599
-1.75599
-1.75689
-1.7569
-1.75842
-1.75858
-1.75783
-1.75707
-1.75525
-1.75555
-1.75494
-1.7551
-1.75465
-1.75359
-1.75283
-1.75283
-1.75223
-1.75208
-1.75404
-1.75298
-1.75268
-1.75388
-1.75478
-1.75403
-1.75358
-1.75207
-1.75238
-1.75359
-1.75283
-1.75268
-1.75344
-1.75464
-1.75525
-1.75615
-1.75736
-1.75706
-1.75737
-1.75767
-1.75752
-1.75707
-1.75645
-1.7563
-1.75615
-1.75721
-1.75615
-1.7548
-1.75616
-1.75632
-1.75601
-1.75586
-1.75601
-1.7551
-1.75585
-1.75645
-1.75811
-1.75841
-1.75857
-1.75887
-1.75797
-1.75934
-1.75813
-1.75722
-1.75646
-1.75676
-1.75539
-1.7563
-1.75524
-1.75418
-1.75479
-1.75585
-1.75721
-1.75675
-1.7563
-1.75554
-1.75721
-1.75691
-1.75556
-1.75571
-1.75571
-1.75585
-1.75751
-1.75765
-1.75841
-1.75947
-1.75797
-1.75722
-1.75737
-1.75752
-1.75812
-1.75765
-1.75644
-1.75614
-1.7566
-1.75661
-1.75752
-1.75736
-1.75767
-1.75691
-1.756
-1.75554
-1.75584
-1.75508
-1.75462
-1.75236
-1.75327
-1.75267
-1.75283
-1.75102
-1.75223
-1.75193
-1.75147
-1.75237
-1.75085
-1.75221
-1.75265
-1.75326
-1.75342
-1.75493
-1.75464
-1.75449
-1.75373
-1.75404
-1.75464
-1.7557
-1.75539
-1.75509
-1.75524
-1.75523
-1.75523
-1.75508
-1.75569
-1.7566
-1.7563
-1.75645
-1.75765
-1.75795
-1.75901
-1.75961
-1.75825
-1.7587
-1.7584
-1.75825
-1.75689
-1.75584
-1.75765
-1.75719
-1.75825
-1.75674
-1.75674
-1.75613
-1.75568
-1.75569
-1.75523
-1.75569
-1.75599
-1.75568
-1.75644
-1.75523
-1.75508
-1.75508
-1.75538
-1.75674
-1.7578
-1.75795
-1.75826
-1.75796
-1.75781
-1.75796
-1.75856
-1.75901
-1.75794
-1.75688
-1.75779
-1.75613
-1.75613
-1.75614
-1.75676
-1.75601
-1.75601
-1.75555
-1.75539
-1.75524
-1.75463
-1.75418
-1.75297
-1.75357
-1.75357
-1.75387
-1.75401
-1.75477
-1.75538
-1.75448
-1.75586
-1.75526
-1.75571
-1.75496
-1.75495
-1.75404
-1.75297
-1.7531
-1.75325
-1.75326
-1.75373
-1.75404
-1.75374
-1.75344
-1.7548
-1.75508
-1.75553
-1.75599
-1.75554
-1.75418
-1.75342
-1.75342
-1.75418
-1.75524
-1.75387
-1.75357
-1.75296
-1.75341
-1.75251
-1.75191
-1.75161
-1.75312
-1.75463
-1.75402
-1.75387
-1.75387
-1.75418
-1.75403
-1.75509
-1.75418
-1.75387
-1.75326
-1.75371
-1.75371
-1.75447
-1.75446
-1.75552
-1.75537
-1.75538
-1.75719
-1.75689
-1.75598
-1.75689
-1.75643
-1.75508
-1.75493
-1.75448
-1.75569
-1.75463
-1.75387
-1.75417
-1.75462
-1.75401
-1.75265
-1.75296
-1.75297
-1.75403
-1.75357
-1.75387
-1.75325
-1.75325
-1.75356
-1.75236
-1.75252
-1.75282
-1.75312
-1.75236
-1.75144
-1.75174
-1.7528
-1.75266
-1.75191
-1.75236
-1.75206
-1.7519
-1.75235
-1.75281
-1.75205
-1.75296
-1.75282
-1.75357
-1.75387
-1.75448
-1.75508
-1.75477
-1.75401
-1.75416
-1.75431
-1.75431
-1.75476
-1.75582
-1.75568
-1.75568
-1.75614
-1.75765
-1.75583
-1.75614
-1.75508
-1.75583
-1.75703
-1.75643
-1.75673
-1.75672
-1.75808
-1.75748
-1.75718
-1.75734
-1.75704
-1.75674
-1.75614
-1.75584
-1.75523
-1.75507
-1.75446
-1.75506
-1.75552
-1.75522
-1.75522
-1.75477
-1.75417
-1.75401
-1.75447
-1.75447
-1.75567
-1.75627
-1.75537
-1.75507
-1.75447
-1.75613
-1.75643
-1.75628
-1.75552
-1.75628
-1.75658
-1.75628
-1.75537
-1.75476
-1.75326
-1.75236
-1.751
-1.7516
-1.7522
-1.75129
-1.75235
-1.75236
-1.75281
-1.75296
-1.75356
-1.75371
-1.75386
-1.75491
-1.75537
-1.75628
-1.75658
-1.75674
-1.75689
-1.75567
-1.75582
-1.75612
-1.75567
-1.75492
-1.75477
-1.75492
-1.75613
-1.75583
-1.75628
-1.75673
-1.75673
-1.75688
-1.75734
-1.75704
-1.75704
-1.75688
-1.75672
-1.75657
-1.75823
-1.75733
-1.75673
-1.75643
-1.75688
-1.75673
-1.75793
-1.75808
-1.75687
-1.75748
-1.75733
-1.75688
-1.75658
-1.75703
-1.75718
-1.75673
-1.75734
-1.75689
-1.75735
-1.75734
-1.75687
-1.75762
-1.75701
-1.75703
-1.75688
-1.75719
-1.75824
-1.75717
-1.75777
-1.75807
-1.75808
-1.75884
-1.75748
-1.75657
-1.75627
-1.75673
-1.75627
-1.75582
-1.75552
-1.75597
-1.75446
-1.75537
-1.75521
-1.75565
-1.7576
-1.75761
-1.75763
-1.75809
-1.75749
-1.75749
-1.75719
-1.75809
-1.75748
-1.75626
-1.75656
-1.7561
-1.75504
-1.7546
-1.75476
-1.75416
-1.75446
-1.75536
-1.75641
-1.7558
-1.7555
-1.7561
-1.7555
-1.75641
-1.75551
-1.75627
-1.75536
-1.75581
-1.75596
-1.75627
-1.75642
-1.75521
-1.75581
-1.75611
-1.7552
-1.75565
-1.75429
-1.75429
-1.75278
-1.75263
-1.75233
-1.75143
-1.75235
-1.75311
-1.75356
-1.75249
-1.75249
-1.75097
-1.75067
-1.75173
-1.75248
-1.75248
-1.75279
-1.75189
-1.7528
-1.75174
-1.75189
-1.75324
-1.75338
-1.75398
-1.75489
-1.75551
-1.75431
-1.75356
-1.7534
-1.75249
-1.75279
-1.75294
-1.75204
-1.75234
-1.75294
-1.75263
-1.75172
-1.75203
-1.75354
-1.75309
-1.75339
-1.75445
-1.7546
-1.75385
-1.75325
-1.75188
-1.75279
-1.75279
-1.75203
-1.75173
-1.75234
-1.75324
-1.75384
-1.75489
-1.7552
-1.75522
-1.75477
-1.75658
-1.75612
-1.75611
-1.7555
-1.75521
-1.75552
-1.75612
-1.75551
-1.75491
-1.75672
-1.75778
-1.75717
-1.75793
-1.75793
-1.75703
-1.75672
-1.75581
-1.75642
-1.75672
-1.75718
-1.75703
-1.75612
-1.75747
-1.75853
-1.75913
-1.75852
-1.75717
-1.75732
-1.75687
-1.75673
-1.75477
-1.75552
-1.75401
-1.75355
-1.75369
-1.75414
-1.75383
-1.75384
-1.75309
-1.7534
-1.75295
-1.75219
-1.75159
-1.75234
-1.75204
-1.75309
-1.75309
-1.75173
-1.75112
-1.74976
-1.75037
-1.75068
-1.75098
-1.75279
-1.75325
-1.75294
-1.75339
-1.75445
-1.75506
-1.75491
-1.75536
-1.75505
-1.7549
-1.75459
-1.75474
-1.75429
-1.75414
-1.75279
-1.75264
-1.75371
-1.75325
-1.75205
-1.75341
-1.75326
-1.75385
-1.75445
-1.75445
-1.7549
-1.75581
-1.75627
-1.75658
-1.75582
-1.75552
-1.7549
-1.7549
-1.75459
-1.75566
-1.75657
-1.75627
-1.75628
-1.75673
-1.75749
-1.7584
-1.75794
-1.75809
-1.75793
-1.75792
-1.75792
-1.75944
-1.75975
-1.7599
-1.7599
-1.75975
-1.76051
-1.76051
-1.75975
-1.7593
-1.7602
-1.76036
-1.76096
-1.76095
-1.75989
-1.75944
-1.7599
-1.75868
-1.75807
-1.75929
-1.7599
-1.76052
-1.75961
-1.75915
-1.75883
-1.75913
-1.75854
-1.75885
-1.75885
-1.75855
-1.75839
-1.75657
-1.75672
-1.75868
-1.75703
-1.75643
-1.75719
-1.75688
-1.75763
-1.75853
-1.75792
-1.75822
-1.75837
-1.75716
-1.75626
-1.75688
-1.75553
-1.75613
-1.75673
-1.75687
-1.75656
-1.75565
-1.75505
-1.75565
-1.75596
-1.75671
-1.75565
-1.75535
-1.75475
-1.7555
-1.75626
-1.75641
-1.75596
-1.75672
-1.75747
-1.75702
-1.75671
-1.75549
-1.75549
-1.75534
-1.75535
-1.75596
-1.75627
-1.75657
-1.75627
-1.75611
-1.75536
-1.75505
-1.75368
-1.75368
-1.75322
-1.75247
-1.75248
-1.75098
-1.75325
-1.75492
-1.75461
-1.754
-1.75384
-1.75338
-1.75291
-1.75352
-1.75444
-1.7534
-1.75295
-1.7531
-1.75264
-1.75264
-1.75248
-1.75232
-1.75157
-1.75263
-1.75294
-1.75339
-1.75339
-1.75308
-1.75293
-1.75369
-1.75429
-1.75461
-1.75537
-1.75567
-1.75627
-1.75672
-1.75626
-1.75716
-1.75715
-1.75745
-1.7564
-1.75565
-1.75656
-1.75626
-1.75627
-1.75476
-1.75356
-1.75506
-1.75415
-1.75474
-1.7552
-1.75475
-1.7537
-1.75294
-1.7534
-1.7543
-1.75414
-1.7552
-1.75429
-1.7543
-1.75445
-1.7546
-1.75505
-1.75565
-1.75625
-1.75685
-1.75564
-1.75504
-1.75566
-1.75491
-1.75461
-1.75491
-1.75535
-1.7555
-1.7564
-1.75624
-1.75564
-1.7561
-1.75626
-1.75642
-1.75718
-1.75673
-1.75596
-1.75563
-1.75531
-1.75547
-1.75533
-1.7561
-1.75596
-1.75626
-1.75505
-1.75475
-1.75505
-1.7546
-1.75445
-1.75551
-1.75565
-1.75548
-1.75684
-1.75716
-1.75702
-1.75657
-1.75641
-1.75656
-1.75595
-1.75732
-1.75747
-1.75686
-1.75671
-1.75716
-1.75702
-1.75626
-1.75505
-1.7549
-1.75549
-1.75564
-1.75413
-1.75428
-1.75474
-1.75459
-1.75444
-1.75565
-1.7549
-1.75445
-1.75234
-1.75279
-1.75309
-1.75233
-1.75308
-1.75202
-1.75263
-1.75173
-1.75158
-1.75203
-1.75142
-1.75081
-1.75066
-1.75097
-1.75264
-1.75339
-1.75414
-1.75353
-1.75368
-1.75398
-1.75398
-1.75383
-1.75278
-1.75368
-1.75323
-1.75429
-1.75247
-1.75202
-1.75323
-1.75354
-1.75338
-1.75293
-1.75232
-1.75293
-1.75262
-1.75338
-1.75474
-1.75474
-1.75549
-1.7567
-1.7561
-1.7555
-1.75384
-1.75324
-1.75353
-1.75292
-1.75367
-1.75532
-1.75578
-1.75473
-1.75596
-1.75446
-1.75446
-1.75385
-1.75369
-1.75293
-1.75186
-1.75126
-1.75081
-1.75126
-1.75126
-1.75141
-1.75246
-1.75261
-1.75397
-1.75413
-1.75414
-1.75475
-1.7549
-1.75474
-1.75609
-1.75593
-1.75654
-1.75699
-1.7576
-1.7576
-1.7573
-1.7576
-1.75806
-1.75715
-1.75836
-1.75715
-1.757
-1.75745
-1.75806
-1.7579
-1.75789
-1.75773
-1.75774
-1.75731
-1.75671
-1.75596
-1.75686
-1.7561
-1.75579
-1.75638
-1.75622
-1.75638
-1.75548
-1.75473
-1.75444
-1.75474
-1.75429
-1.75414
-1.75444
-1.75458
-1.75383
-1.75488
-1.75487
-1.75381
-1.75578
-1.75578
-1.75579
-1.75656
-1.75596
-1.75475
-1.75369
-1.75368
-1.75307
-1.75292
-1.75293
-1.75187
-1.75186
-1.75262
-1.75231
-1.75277
-1.75474
-1.75595
-1.75671
-1.75776
-1.75806
-1.75851
-1.75835
-1.75866
-1.75881
-1.75852
-1.75912
-1.75943
-1.75973
-1.76064
-1.75927
-1.75836
-1.75759
-1.7582
-1.75685
-1.757
-1.75746
-1.75806
-1.75761
-1.75821
-1.757
-1.75761
-1.75745
-1.75791
-1.7573
-1.75564
-1.7558
-1.7558
-1.75761
-1.75715
-1.75609
-1.75489
-1.75414
-1.75248
-1.75112
-1.74976
-1.7499
-1.74989
-1.74988
-1.74883
-1.7493
-1.74991
-1.7496
-1.74824
-1.74929
-1.74944
-1.7508
-1.75066
-1.75005
-1.75081
-1.75171
-1.75216
-1.75337
-1.75489
-1.7564
-1.75716
-1.75715
-1.75715
-1.75685
-1.75623
-1.75577
-1.75607
-1.75576
-1.75577
-1.75563
-1.75594
-1.75594
-1.75549
-1.75595
-1.75701
-1.75625
-1.75489
-1.75412
-1.75396
-1.75441
-1.75501
-1.75532
-1.75503
-1.75489
-1.75504
-1.75489
-1.75458
-1.75533
-1.75639
-1.75745
-1.75639
-1.75473
-1.75502
-1.75487
-1.75472
-1.75624
-1.75579
-1.75699
-1.75639
-1.75457
-1.75428
-1.75307
-1.75322
-1.75473
-1.75518
-1.75518
-1.75532
-1.75517
-1.75579
-1.75716
-1.75716
-1.75777
-1.75762
-1.757
-1.75759
-1.75804
-1.75563
-1.75594
-1.75534
-1.75625
-1.75821
-1.75761
-1.7564
-1.75564
-1.75564
-1.75533
-1.75503
-1.75413
-1.75368
-1.75428
-1.75473
-1.75413
-1.75201
-1.75201
-1.75337
-1.75292
-1.75397
-1.75397
-1.75351
-1.75306
-1.75337
-1.75382
-1.75413
-1.75383
-1.75382
-1.75578
-1.75518
-1.75548
-1.75639
-1.75729
-1.75654
-1.75534
-1.75684
-1.7585
-1.75698
-1.75684
-1.7582
-1.75776
-1.7573
-1.7564
-1.7573
-1.75684
-1.75487
-1.75487
-1.75411
-1.75336
-1.75185
-1.75125
-1.75201
-1.75157
-1.75126
-1.75277
-1.75382
-1.75457
-1.75412
-1.75381
-1.75426
-1.75426
-1.75472
-1.75351
-1.75412
-1.75367
-1.75307
-1.75398
-1.75261
-1.75427
-1.75321
-1.75366
-1.75215
-1.75094
-1.75019
-1.75064
-1.75125
-1.75079
-1.75004
-1.7508
-1.75125
-1.74989
-1.74868
-1.74974
-1.75034
-1.7514
-1.7511
-1.7517
-1.75231
-1.75185
-1.7532
-1.75305
-1.75397
-1.75503
-1.75564
-1.75684
-1.75684
-1.75699
-1.75775
-1.75654
-1.75714
-1.75684
-1.75714
-1.75714
-1.75669
-1.75639
-1.75685
-1.7576
-1.757
-1.75684
-1.75683
-1.75683
-1.75577
-1.75637
-1.75698
-1.75502
-1.75397
-1.75397
-1.75473
-1.75459
-1.75459
-1.75564
-1.75624
-1.75608
-1.75562
-1.75503
-1.75533
-1.75699
-1.75593
-1.75653
-1.75623
-1.75668
-1.75654
-1.7567
-1.7564
-1.7567
-1.75654
-1.75639
-1.75548
-1.75547
-1.75547
-1.75396
-1.75396
-1.75321
-1.75382
-1.75382
-1.75337
-1.75412
-1.75443
-1.75655
-1.75806
-1.7576
-1.75668
-1.75713
-1.75562
-1.75411
-1.75578
-1.75684
-1.75729
-1.75744
-1.75638
-1.75622
-1.75683
-1.75684
-1.7576
-1.75836
-1.75851
-1.75911
-1.76016
-1.7591
-1.75879
-1.75834
-1.75758
-1.75758
-1.75925
-1.7588
-1.7585
-1.7582
-1.75759
-1.75789
-1.75865
-1.75774
-1.75849
-1.75728
-1.75712
-1.75713
-1.7585
-1.75866
-1.75912
-1.75973
-1.75942
-1.75881
-1.75819
-1.75758
-1.75758
-1.75698
-1.75669
-1.75639
-1.75715
-1.75791
-1.75685
-1.75502
-1.75456
-1.75592
-1.75728
-1.75774
-1.75819
-1.75759
-1.75819
-1.75804
-1.75834
-1.75985
-1.75985
-1.75834
-1.75895
-1.75865
-1.76002
-1.76002
-1.75957
-1.76017
-1.75971
-1.7594
-1.75971
-1.75926
-1.75926
-1.7585
-1.75744
-1.75713
-1.75501
-1.75637
-1.75668
-1.75623
-1.75563
-1.75639
-1.757
-1.757
-1.7579
-1.75835
-1.75804
-1.75789
-1.75805
-1.7585
-1.75804
-1.75834
-1.7591
-1.7582
-1.75805
-1.75759
-1.75714
-1.75714
-1.75579
-1.75533
-1.75624
-1.75609
-1.7564
-1.75595
-1.75535
-1.75595
-1.75533
-1.75502
-1.75547
-1.75486
-1.75547
-1.75607
-1.75607
-1.75532
-1.75563
-1.75609
-1.75609
-1.75594
-1.75594
-1.75578
-1.75563
-1.75487
-1.75426
-1.75366
-1.75396
-1.7532
-1.75185
-1.75336
-1.75351
-1.75275
-1.75244
-1.75245
-1.75306
-1.75261
-1.75171
-1.75292
-1.75322
-1.75246
-1.75291
-1.75276
-1.75381
-1.75215
-1.75169
-1.75245
-1.75336
-1.75261
-1.75216
-1.75337
-1.75336
-1.752
-1.75305
-1.75441
-1.75457
-1.75396
-1.75442
-1.75382
-1.75458
-1.75367
-1.75336
-1.75397
-1.75412
-1.75366
-1.75306
-1.75291
-1.7517
-1.75185
-1.7526
-1.75351
-1.75396
-1.75517
-1.75457
-1.75487
-1.75397
-1.75397
-1.75518
-1.75442
-1.75427
-1.75517
-1.75442
-1.75578
-1.75714
-1.75578
-1.75714
-1.75744
-1.75729
-1.75714
-1.75684
-1.75653
-1.75562
-1.75653
-1.75623
-1.75518
-1.75473
-1.75488
-1.75564
-1.75593
-1.75563
-1.75578
-1.75427
-1.75472
-1.75533
-1.75669
-1.75654
-1.75654
-1.75594
-1.75699
-1.7573
-1.75669
-1.75775
-1.75789
-1.75547
-1.75713
-1.75698
-1.75623
-1.75684
-1.75639
-1.75776
-1.75686
-1.75655
-1.75547
-1.75561
-1.75547
-1.75578
-1.75669
-1.75639
-1.75608
-1.75623
-1.75533
-1.75609
-1.75609
-1.75654
-1.75593
-1.75577
-1.75561
-1.75561
-1.75667
-1.75729
-1.75639
-1.75563
-1.75577
-1.75486
-1.75516
-1.75502
-1.75518
-1.75534
-1.75429
-1.75519
-1.75487
-1.75439
-1.75274
-1.75321
-1.75488
-1.75413
-1.75291
-1.75335
-1.75289
-1.75289
-1.75259
-1.7529
-1.75335
-1.7532
-1.75305
-1.75229
-1.75274
-1.75395
-1.75304
-1.75289
-1.75335
-1.75139
-1.75033
-1.75049
-1.75124
-1.75048
-1.75093
-1.75184
-1.75108
-1.75063
-1.75049
-1.75155
-1.75124
-1.75064
-1.75063
-1.75017
-1.75078
-1.75169
-1.7523
-1.752
-1.75034
-1.75094
-1.75079
-1.75184
-1.75093
-1.75062
-1.75137
-1.75138
-1.75153
-1.75229
-1.75244
-1.75305
-1.7529
-1.75215
-1.75426
-1.75426
-1.75502
-1.75516
-1.75546
-1.75682
-1.75667
-1.75773
-1.75742
-1.75667
-1.75546
-1.75516
-1.75501
-1.75517
-1.75577
-1.7541
-1.75395
-1.75365
-1.7538
-1.75441
-1.75426
-1.75426
-1.7538
-1.7538
-1.7547
-1.755
-1.75456
-1.75487
-1.75533
-1.75351
-1.7529
-1.75229
-1.75289
-1.75288
-1.75258
-1.75123
-1.75094
-1.75201
-1.75156
-1.75202
-1.75171
-1.75185
-1.75078
-1.75122
-1.75121
-1.75076
-1.75108
-1.75215
-1.75125
-1.7508
-1.75095
-1.75109
-1.75169
-1.75244
-1.75199
-1.75139
-1.75139
-1.75321
-1.75305
-1.7544
-1.75456
-1.75426
-1.75501
-1.75578
-1.75563
-1.75578
-1.75532
-1.75607
-1.75531
-1.75395
-1.75395
-1.75365
-1.75395
-1.7541
-1.75622
-1.75713
-1.75773
-1.75743
-1.75698
-1.75653
-1.75653
-1.75533
-1.75654
-1.75593
-1.75578
-1.75758
-1.75848
-1.75743
-1.75728
-1.75699
-1.75488
-1.75413
-1.75427
-1.75532
-1.75364
-1.75379
-1.7541
-1.75365
-1.75336
-1.75351
-1.75381
-1.75351
-1.75336
-1.75306
-1.752
-1.75427
-1.75457
-1.75366
-1.75305
-1.75335
-1.7538
-1.7544
-1.7541
-1.7541
-1.75426
-1.75532
-1.75442
-1.75503
-1.75412
-1.75487
-1.75546
-1.75652
-1.75562
-1.75548
-1.75548
-1.75442
-1.75532
-1.75593
-1.75502
-1.75607
-1.75651
-1.75636
-1.75531
-1.75395
-1.75486
-1.75456
-1.75486
-1.75411
-1.75396
-1.7529
-1.75275
-1.75079
-1.75094
-1.75049
-1.74958
-1.75063
-1.74986
-1.74956
-1.75033
-1.74944
-1.74914
-1.74853
-1.74868
-1.74988
-1.75124
-1.75185
-1.7511
-1.752
-1.75306
-1.75381
-1.7529
-1.7529
-1.75381
-1.75336
-1.7523
-1.75169
-1.75139
-1.7517
-1.75216
-1.75246
-1.752
-1.7514
-1.75215
-1.7523
-1.75321
-1.75366
-1.75245
-1.7517
-1.75186
-1.75155
-1.74988
-1.75063
-1.75108
-1.75017
-1.74972
-1.74942
-1.74913
-1.74913
-1.74989
-1.74975
-1.74915
-1.7499
-1.75095
-1.75018
-1.75018
-1.74989
-1.75005
-1.7502
-1.75049
-1.75032
-1.75002
-1.75184
-1.75292
-1.75368
-1.75322
-1.75398
-1.75306
-1.75216
-1.75155
-1.75065
-1.7508
-1.7511
-1.75094
-1.74988
-1.75003
-1.75063
-1.74973
-1.74928
-1.75064
-1.7514
-1.75185
-1.75231
-1.75276
-1.75337
-1.75442
-1.75487
-1.75366
-1.75321
-1.75351
-1.75275
-1.75231
-1.75246
-1.75171
-1.75232
-1.75141
-1.7514
-1.75155
-1.75184
-1.75244
-1.75169
-1.75125
-1.75035
-1.75201
-1.75156
-1.75096
-1.75111
-1.75247
-1.75352
-1.75457
-1.75381
-1.75366
-1.75426
-1.75365
-1.75395
-1.75305
-1.7532
-1.75184
-1.75215
-1.7514
-1.75034
-1.75201
-1.7514
-1.7523
-1.7529
-1.752
-1.75064
-1.75079
-1.75155
-1.75095
-1.7514
-1.75216
-1.75231
-1.75246
-1.7517
-1.75139
-1.75153
-1.75062
-1.75123
-1.75139
-1.75321
-1.75352
-1.75337
-1.75322
-1.75397
-1.75397
-1.75411
-1.75396
-1.75456
-1.75502
-1.7535
-1.7535
-1.75229
-1.75229
-1.75245
-1.75276
-1.7517
-1.75171
-1.75126
-1.75232
-1.75247
-1.75186
-1.75216
-1.7529
-1.75305
-1.75396
-1.75472
-1.75427
-1.75472
-1.75367
-1.75412
-1.75397
-1.75488
-1.75442
-1.75442
-1.75412
-1.75473
-1.75624
-1.75609
-1.757
-1.75699
-1.75638
-1.75683
-1.75622
-1.75698
-1.75683
-1.75699
-1.75669
-1.75654
-1.75624
-1.7567
-1.75655
-1.75595
-1.75566
-1.75535
-1.7564
-1.75655
-1.75729
-1.75713
-1.75698
-1.75502
-1.75472
-1.75443
-1.75428
-1.75503
-1.75443
-1.75413
-1.75383
-1.75397
-1.75216
-1.75201
-1.75262
-1.75171
-1.7505
-1.7499
-1.74975
-1.7502
-1.75081
-1.75141
-1.75217
-1.75262
-1.75292
-1.75292
-1.75246
-1.752
-1.75215
-1.75215
-1.75124
-1.7523
-1.75155
-1.75201
-1.75156
-1.75035
-1.7499
-1.7499
-1.7499
-1.74929
-1.75065
-1.7517
-1.75216
-1.75186
-1.75398
-1.75518
-1.75548
-1.75441
-1.75456
-1.75425
-1.75426
-1.75517
-1.75457
-1.75532
-1.75486
-1.75578
-1.75534
-1.7552
-1.75459
-1.7555
-1.75488
-1.75652
-1.75546
-1.75592
-1.75654
-1.75685
-1.7564
-1.75669
-1.75699
-1.75653
-1.75713
-1.75728
-1.75592
-1.75486
-1.75532
-1.75563
-1.75488
-1.75533
-1.75488
-1.75639
-1.75564
-1.75654
-1.75473
-1.75472
-1.75335
-1.75365
-1.75351
-1.75306
-1.75216
-1.75307
-1.75247
-1.75232
-1.7508
-1.75261
-1.75397
-1.75457
-1.75426
-1.75426
-1.75441
-1.75426
-1.75336
-1.75336
-1.75366
-1.75396
-1.75381
-1.75472
-1.75533
-1.75548
-1.75654
-1.75669
-1.75488
-1.75503
-1.75518
-1.75426
-1.75471
-1.75486
-1.7541
-1.75442
-1.75261
-1.75186
-1.75156
-1.75202
-1.75187
-1.75231
-1.75321
-1.75351
-1.752
-1.7517
-1.75139
-1.752
-1.75169
-1.7529
-1.75351
-1.75367
-1.75353
-1.75261
-1.75109
-1.7523
-1.7517
-1.75109
-1.75064
-1.75019
-1.75169
-1.75154
-1.75124
-1.75018
-1.75049
-1.75155
-1.75291
-1.75291
-1.7514
-1.74989
-1.74943
-1.75034
-1.75079
-1.75019
-1.7505
-1.75096
-1.75172
-1.75216
-1.75291
-1.7529
-1.75274
-1.7532
-1.75276
-1.75276
-1.75533
-1.75684
-1.75579
-1.75443
-1.75412
-1.75276
-1.7529
-1.7526
-1.7535
-1.75411
-1.75487
-1.75427
-1.75381
-1.75427
-1.75411
-1.75411
-1.75336
-1.75335
-1.7535
-1.75426
-1.75336
-1.75351
-1.75335
-1.75275
-1.75244
-1.75289
-1.75244
-1.75199
-1.75199
-1.75305
-1.75381
-1.75441
-1.75563
-1.75744
-1.75699
-1.75608
-1.75517
-1.75517
-1.75502
-1.75473
-1.75519
-1.75669
-1.75639
-1.75639
-1.75715
-1.7573
-1.75759
-1.75638
-1.75713
-1.75682
-1.75712
-1.75803
-1.75773
-1.7579
-1.75821
-1.75851
-1.75866
-1.7588
-1.7582
-1.75729
-1.75744
-1.75759
-1.75804
-1.75819
-1.75789
-1.75819
-1.75864
-1.75848
-1.75773
-1.75803
-1.75758
-1.75774
-1.75729
-1.75714
-1.75743
-1.75667
-1.75743
-1.75698
-1.75593
-1.75639
-1.75442
-1.75321
-1.75321
-1.75441
-1.75441
-1.75411
-1.75456
-1.75395
-1.75396
-1.75366
-1.75441
-1.75441
-1.75365
-1.75394
-1.75289
-1.75244
-1.75153
-1.75199
-1.7517
-1.7517
-1.7517
-1.75094
-1.75034
-1.75094
-1.75003
-1.74957
-1.75063
-1.75199
-1.75214
-1.75229
-1.75138
-1.75123
-1.75184
-1.75138
-1.75169
-1.75184
-1.75215
-1.75305
-1.75366
-1.75426
-1.75456
-1.75441
-1.75516
-1.75546
-1.75485
-1.75471
-1.75547
-1.75532
-1.75548
-1.75518
-1.75533
-1.75593
-1.75427
-1.75397
-1.75351
-1.75396
-1.7532
-1.75335
-1.75275
-1.75365
-1.75365
-1.75365
-1.75335
-1.75366
-1.75426
-1.75442
-1.75427
-1.75412
-1.75503
-1.75548
-1.75503
-1.75564
-1.75473
-1.75503
-1.75547
-1.75667
-1.75651
-1.75652
-1.75593
-1.75594
-1.75473
-1.75383
-1.75398
-1.75397
-1.75428
-1.75352
-1.75381
-1.75411
-1.7535
-1.75365
-1.75335
-1.75351
-1.75306
-1.7526
-1.7523
-1.75154
-1.75215
-1.752
-1.75155
-1.7514
-1.7511
-1.75034
-1.74989
-1.74988
-1.74958
-1.74928
-1.74927
-1.74972
-1.74926
-1.74986
-1.74972
-1.74928
-1.75095
-1.75155
-1.75019
-1.75033
-1.75093
-1.75093
-1.75018
-1.75094
-1.75064
-1.75185
-1.7514
-1.75155
-1.75154
-1.75184
-1.7529
-1.75245
-1.75275
-1.75335
-1.7535
-1.75349
-1.75364
-1.7538
-1.75319
-1.75305
-1.75215
-1.75215
-1.7523
-1.75321
-1.7529
-1.75199
-1.75244
-1.75245
-1.75245
-1.75366
-1.75381
-1.75396
-1.7526
-1.75274
-1.75183
-1.75107
-1.75169
-1.7511
-1.75035
-1.7514
-1.75275
-1.75259
-1.75245
-1.75245
-1.75155
-1.7523
-1.75275
-1.75244
-1.75199
-1.75198
-1.75259
-1.75289
-1.75319
-1.75365
-1.75336
-1.75276
-1.75336
-1.75261
-1.7526
-1.75214
-1.75153
-1.75168
-1.75093
-1.75078
-1.75018
-1.75019
-1.75094
-1.75109
-1.75215
-1.7523
-1.75124
-1.75139
-1.75138
-1.75154
-1.7526
-1.7517
-1.752
-1.75215
-1.75381
-1.75411
-1.75425
-1.7541
-1.75319
-1.75274
-1.75229
-1.7514
-1.75246
-1.75246
-1.75277
-1.75141
-1.75171
-1.7508
-1.75079
-1.75154
-1.75335
-1.75244
-1.752
-1.7517
-1.75276
-1.75382
-1.75336
-1.7526
-1.7526
-1.75199
-1.75139
-1.75049
-1.7508
-1.75065
-1.75049
-1.7514
-1.75094
-1.75064
-1.75155
-1.75321
-1.75276
-1.75382
-1.75442
-1.75518
-1.75579
-1.75533
-1.75487
-1.75501
-1.75516
-1.75425
-1.75381
-1.75427
-1.75443
-1.75442
-1.75412
-1.75411
-1.75411
-1.75366
-1.75352
-1.75201
-1.75217
-1.75066
-1.75141
-1.7514
-1.75109
-1.75094
-1.74988
-1.74943
-1.75004
-1.74929
-1.75004
-1.7502
-1.75065
-1.75232
-1.75156
-1.75186
-1.75156
-1.75126
-1.75126
-1.75186
-1.752
-1.7517
-1.75185
-1.75246
-1.75231
-1.7523
-1.75124
-1.75275
-1.75245
-1.7523
-1.7526
-1.75336
-1.75517
-1.75382
-1.75336
-1.75351
-1.75352
-1.75351
-1.75351
-1.75321
-1.7523
-1.75245
-1.7529
-1.75275
-1.75184
-1.75199
-1.75169
-1.75139
-1.75093
-1.75063
-1.74973
-1.74913
-1.74989
-1.75034
-1.75064
-1.75064
-1.75139
-1.75109
-1.75139
-1.75109
-1.75138
-1.75092
-1.75017
-1.75079
-1.75125
-1.75156
-1.7514
-1.7526
-1.7538
-1.75592
-1.75426
-1.75442
-1.75397
-1.75337
-1.75246
-1.75261
-1.75259
-1.75273
-1.75348
-1.75424
-1.75516
-1.75502
-1.75548
-1.75594
-1.75519
-1.75549
-1.75458
-1.75457
-1.75471
-1.75516
-1.7547
-1.75456
-1.75577
-1.75547
-1.75608
-1.75684
-1.75729
-1.75774
-1.75577
-1.75607
-1.75698
-1.75774
-1.75789
-1.75803
-1.75819
-1.75834
-1.75623
-1.75653
-1.75713
-1.75653
-1.75683
-1.75547
-1.75487
-1.75532
-1.75577
-1.75623
-1.75668
-1.75593
-1.75623
-1.75532
-1.75487
-1.75472
-1.75472
-1.75487
-1.75562
-1.75516
-1.75425
-1.7544
-1.75486
-1.75563
-1.75518
-1.75411
-1.75411
-1.75381
-1.75517
-1.75472
-1.75487
-1.75577
-1.7553
-1.7556
-1.7559
-1.75531
-1.75637
-1.75653
-1.75623
-1.75638
-1.75517
-1.75562
-1.75592
-1.75546
-1.75546
-1.75622
-1.75683
-1.75804
-1.75925
-1.75849
-1.75939
-1.75939
-1.75969
-1.7597
-1.75909
-1.75955
-1.76015
-1.76046
-1.76001
-1.75941
-1.75729
-1.75714
-1.75682
-1.75696
-1.75757
-1.75743
-1.75699
-1.75714
-1.75623
-1.75653
-1.75699
-1.75563
-1.75442
-1.75472
-1.75472
-1.75516
-1.75409
-1.75318
-1.75334
-1.75259
-1.75245
-1.75261
-1.75201
-1.75141
-1.75261
-1.752
-1.75214
-1.75092
-1.75076
-1.75106
-1.75182
-1.7526
-1.75321
-1.75337
-1.75277
-1.75292
-1.75201
-1.75276
-1.75261
-1.75321
-1.75321
-1.75487
-1.75396
-1.75425
-1.7541
-1.75394
-1.7556
-1.75545
-1.75606
-1.75592
-1.75683
-1.75532
-1.75668
-1.75698
-1.75668
-1.75622
-1.75607
-1.7547
-1.75455
-1.755
-1.7556
-1.7553
-1.7553
-1.75455
-1.75426
-1.75501
-1.75471
-1.75411
-1.75501
-1.75456
-1.75546
-1.75712
-1.75621
-1.75561
-1.75516
-1.75456
-1.75532
-1.75577
-1.75607
-1.75516
-1.7538
-1.75365
-1.7541
-1.75425
-1.75485
-1.7547
-1.75439
-1.75469
-1.75454
-1.75454
-1.75394
-1.75334
-1.75244
-1.75168
-1.75198
-1.75259
-1.75289
-1.75319
-1.75274
-1.75168
-1.75214
-1.75395
-1.75319
-1.75394
-1.75469
-1.75589
-1.75454
-1.75575
-1.75454
-1.75515
-1.75485
-1.7544
-1.75441
-1.75562
-1.75531
-1.75546
-1.75546
-1.75424
-1.75394
-1.75273
-1.75198
-1.75199
-1.75214
-1.75168
-1.75213
-1.75454
-1.75394
-1.75424
-1.75318
-1.75228
-1.75153
-1.75319
-1.75243
-1.75153
-1.75183
-1.75289
-1.7538
-1.7535
-1.75425
-1.7547
-1.7547
-1.75469
-1.7553
-1.75484
-1.755
-1.75471
-1.75335
-1.75456
-1.75366
-1.7544
-1.75379
-1.75379
-1.75394
-1.75273
-1.75304
-1.75304
-1.75258
-1.75364
-1.75303
-1.75303
-1.75348
-1.75318
-1.75349
-1.75334
-1.7529
-1.75395
-1.75455
-1.7544
-1.7541
-1.7544
-1.75455
-1.7547
-1.75333
-1.75423
-1.75468
-1.75499
-1.75469
-1.75409
-1.75485
-1.7541
-1.75365
-1.75245
-1.75229
-1.75229
-1.75198
-1.75243
-1.75258
-1.75273
-1.75379
-1.75378
-1.75424
-1.75348
-1.75455
-1.75455
-1.75516
-1.75576
-1.75621
-1.75696
-1.75681
-1.75606
-1.75742
-1.75727
-1.75651
-1.75606
-1.75665
-1.7568
-1.75635
-1.75636
-1.75606
-1.75561
-1.75591
-1.75546
-1.75561
-1.75471
-1.75547
-1.75441
-1.75576
-1.7568
-1.75559
-1.75605
-1.75636
-1.7556
-1.75485
-1.755
-1.7538
-1.7535
-1.75304
-1.75395
-1.75395
-1.7535
-1.75395
-1.75531
-1.75622
-1.75591
-1.755
-1.75394
-1.75303
-1.75243
-1.75349
-1.75289
-1.75259
-1.75229
-1.75229
-1.75213
-1.75153
-1.75214
-1.75078
-1.75199
-1.75274
-1.75228
-1.75258
-1.75319
-1.75349
-1.75395
-1.75531
-1.75622
-1.75516
-1.75562
-1.75592
-1.75637
-1.75743
-1.75727
-1.75683
-1.75895
-1.75865
-1.75834
-1.75848
-1.75712
-1.75727
-1.75758
-1.75743
-1.75773
-1.75818
-1.75894
-1.75924
-1.75954
-1.7591
-1.7603
-1.75924
-1.75819
-1.7597
-1.76046
-1.76
-1.75939
-1.75969
-1.75803
-1.75804
-1.75729
-1.75758
-1.75819
-1.75713
-1.75713
-1.75607
-1.75623
-1.75577
-1.75623
-1.75607
-1.75607
-1.75578
-1.75472
-1.75517
-1.75576
-1.75667
-1.75713
-1.75758
-1.75759
-1.75789
-1.75924
-1.75955
-1.75865
-1.75804
-1.75789
-1.75818
-1.75863
-1.75863
-1.75908
-1.75863
-1.75924
-1.75969
-1.75954
-1.76044
-1.75999
-1.75818
-1.75773
-1.75697
-1.75592
-1.75622
-1.75561
-1.7544
-1.75441
-1.7532
-1.75199
-1.75244
-1.75274
-1.75168
-1.7532
-1.7526
-1.75351
-1.75336
-1.75366
-1.7529
-1.75379
-1.75258
-1.75152
-1.74972
-1.74988
-1.75185
-1.75064
-1.75049
-1.74988
-1.74942
-1.75048
-1.75184
-1.75214
-1.75305
-1.7526
-1.7526
-1.7532
-1.75365
-1.75486
-1.75547
-1.75653
-1.75623
-1.75743
-1.75743
-1.75712
-1.75561
-1.75682
-1.75591
-1.75622
-1.75501
-1.75487
-1.75396
-1.75411
-1.75411
-1.75441
-1.7532
-1.75366
-1.7532
-1.75472
-1.75442
-1.75457
-1.75502
-1.75577
-1.75592
-1.7544
-1.75562
-1.75608
-1.75502
-1.7532
-1.75259
-1.75214
-1.75153
-1.75063
-1.75093
-1.75094
-1.75155
-1.7514
-1.7523
-1.75215
-1.75214
-1.75229
-1.75153
-1.75123
-1.75123
-1.75184
-1.75215
-1.752
-1.7526
-1.75335
-1.75441
-1.75501
-1.75561
-1.75637
-1.75516
-1.75487
-1.75412
-1.75427
-1.75457
-1.75441
-1.75471
-1.7544
-1.75455
-1.7544
-1.75365
-1.75395
-1.75441
-1.75381
-1.7529
-1.75291
-1.7523
-1.75291
-1.75305
-1.75305
-1.7523
-1.7535
-1.75381
-1.75305
-1.75351
-1.7526
-1.75351
-1.75381
-1.75411
-1.75381
-1.75411
-1.75351
-1.7529
-1.75275
-1.7523
-1.75214
-1.75154
-1.75139
-1.752
-1.7514
-1.75231
-1.75367
-1.75336
-1.75275
-1.75289
-1.75289
-1.75229
-1.7523
-1.7523
-1.75154
-1.75048
-1.75078
-1.74988
-1.74943
-1.74989
-1.74884
-1.74959
-1.75124
-1.75108
-1.75093
-1.75154
-1.75214
-1.7532
-1.7529
-1.75184
-1.75275
-1.75396
-1.75411
-1.75501
-1.75456
-1.75486
-1.75366
-1.75381
-1.75426
-1.7535
-1.7538
-1.7535
-1.7538
-1.7535
-1.7526
-1.75245
-1.75291
-1.75306
-1.75246
-1.75276
-1.75291
-1.75336
-1.752
-1.75336
-1.75351
-1.75456
-1.75486
-1.75456
-1.75441
-1.75305
-1.75366
-1.75367
-1.75246
-1.75306
-1.75276
-1.75215
-1.75184
-1.75275
-1.75138
-1.75123
-1.75184
-1.75124
-1.75049
-1.75019
-1.74988
-1.75003
-1.75064
-1.75169
-1.7523
-1.7526
-1.75276
-1.75336
-1.75442
-1.75396
-1.75335
-1.75426
-1.75456
-1.75471
-1.75486
-1.75486
-1.75456
-1.75411
-1.75426
-1.75351
-1.75291
-1.75351
-1.75382
-1.75352
-1.75458
-1.75473
-1.75518
-1.75532
-1.75545
-1.75528
-1.75588
-1.75636
-1.75713
-1.75805
-1.75896
-1.75805
-1.75789
-1.75834
-1.75804
-1.75864
-1.75803
-1.75773
-1.75879
-1.75818
-1.75818
-1.75742
-1.75758
-1.75803
-1.75788
-1.75728
-1.75758
-1.75834
-1.75743
-1.75728
-1.75652
-1.75637
-1.75531
-1.75546
-1.75562
-1.75546
-1.75607
-1.75667
-1.75667
-1.75712
-1.75713
-1.75713
-1.75834
-1.75894
-1.75803
-1.75772
-1.75682
-1.75637
-1.75532
-1.75577
-1.75622
-1.75637
-1.75576
-1.75607
-1.75486
-1.75516
-1.75426
-1.75531
-1.75607
-1.75607
-1.75653
-1.75668
-1.75697
-1.75712
-1.75818
-1.75788
-1.75803
-1.75787
-1.75818
-1.7597
-1.75925
-1.76
-1.76014
-1.76165
-1.76089
-1.76119
-1.76195
-1.7615
-1.76136
-1.76121
-1.76181
-1.76151
-1.76211
-1.76059
-1.76135
-1.76074
-1.76044
-1.7615
-1.76045
-1.7603
-1.75954
-1.75999
-1.75998
-1.76028
-1.75998
-1.76059
-1.7609
-1.75939
-1.75954
-1.75908
-1.75999
-1.75802
-1.75818
-1.75758
-1.75788
-1.75818
-1.75787
-1.75787
-1.75831
-1.75801
-1.75786
-1.75803
-1.75683
-1.75653
-1.75683
-1.75502
-1.75411
-1.7538
-1.7532
-1.75244
-1.75259
-1.75228
-1.75243
-1.75243
-1.75227
-1.75197
-1.75349
-1.75289
-1.75335
-1.75259
-1.75289
-1.75334
-1.75455
-1.75606
-1.75606
-1.75683
-1.75592
-1.75683
-1.75728
-1.75712
-1.75668
-1.75729
-1.75759
-1.75729
-1.75698
-1.75531
-1.75486
-1.7541
-1.75546
-1.75289
-1.75274
-1.75245
-1.75139
-1.75214
-1.75183
-1.75152
-1.75213
-1.75123
-1.75018
-1.75033
-1.74897
-1.75032
-1.75122
-1.75122
-1.75107
-1.75167
-1.75168
-1.75198
-1.75108
-1.75305
-1.75275
-1.75351
-1.75395
-1.75425
-1.75439
-1.7553
-1.75575
-1.75439
-1.7544
-1.75425
-1.75395
-1.75365
-1.7544
-1.75546
-1.75546
-1.7541
-1.75289
-1.75349
-1.75288
-1.75243
-1.75198
-1.75123
-1.75169
-1.7526
-1.7535
-1.75425
-1.75576
-1.75516
-1.75621
-1.75621
-1.75651
-1.75485
-1.7544
-1.75485
-1.75516
-1.75607
-1.75547
-1.75425
-1.75531
-1.75621
-1.75575
-1.75606
-1.75636
-1.75516
-1.75743
-1.75698
-1.75668
-1.75713
-1.75683
-1.75667
-1.75621
-1.75591
-1.75575
-1.75651
-1.75637
-1.75562
-1.75487
-1.75517
-1.75502
-1.75441
-1.75425
-1.75454
-1.75529
-1.75695
-1.75621
-1.75742
-1.75667
-1.75607
-1.75728
-1.75744
-1.75713
-1.75592
-1.75576
-1.75606
-1.7556
-1.75606
-1.75667
-1.75682
-1.75637
-1.75547
-1.75547
-1.75441
-1.75274
-1.75365
-1.75335
-1.75199
-1.75199
-1.75199
-1.75304
-1.75289
-1.75319
-1.75334
-1.75334
-1.75243
-1.75304
-1.7541
-1.75365
-1.75335
-1.7532
-1.75305
-1.7535
-1.75426
-1.75531
-1.75561
-1.75515
-1.7556
-1.75516
-1.75441
-1.75335
-1.75319
-1.7538
-1.7535
-1.75381
-1.75291
-1.75276
-1.75246
-1.7526
-1.75305
-1.75229
-1.75289
-1.75394
-1.75363
-1.75303
-1.75243
-1.75304
-1.7544
-1.75335
-1.75576
-1.7544
-1.7538
-1.75304
-1.75379
-1.75455
-1.75409
-1.75455
-1.7553
-1.75455
-1.7547
-1.75455
-1.75365
-1.75516
-1.75501
-1.75441
-1.75425
-1.75486
-1.755
-1.7538
-1.7544
-1.75456
-1.75441
-1.7535
-1.75396
-1.75336
-1.75411
-1.7538
-1.75365
-1.7535
-1.75379
-1.75364
-1.75334
-1.75365
-1.75335
-1.7529
-1.75259
-1.75213
-1.75243
-1.75243
-1.75274
-1.75305
-1.75305
-1.7532
-1.75275
-1.75244
-1.75153
-1.75258
-1.75303
-1.7544
-1.75485
-1.7544
-1.7547
-1.7544
-1.75485
-1.75516
-1.75441
-1.75517
-1.75546
-1.7544
-1.75469
-1.75454
-1.75485
-1.75531
-1.75577
-1.75547
-1.75516
-1.75485
-1.75409
-1.75485
-1.75441
-1.75442
-1.75487
-1.75456
-1.75409
-1.75394
-1.75409
-1.75545
-1.7547
-1.75501
-1.75425
-1.7535
-1.75214
-1.75094
-1.75034
-1.74912
-1.74911
-1.74835
-1.74865
-1.74895
-1.7491
-1.74805
-1.74836
-1.74852
-1.74959
-1.75004
-1.74988
-1.75003
-1.74911
-1.7485
-1.74896
-1.74926
-1.74836
-1.74792
-1.74761
-1.74822
-1.74851
-1.74866
-1.74835
-1.74941
-1.75047
-1.75017
-1.75048
-1.75018
-1.75094
-1.75048
-1.75018
-1.75048
-1.75108
-1.75139
-1.75154
-1.75168
-1.75214
-1.75093
-1.75199
-1.75244
-1.75335
-1.75289
-1.75319
-1.75228
-1.75138
-1.75154
-1.7526
-1.75366
-1.7535
-1.75411
-1.75562
-1.75516
-1.75456
-1.7544
-1.75319
-1.75319
-1.75168
-1.75228
-1.75244
-1.75517
-1.75593
-1.75608
-1.75608
-1.75577
-1.75486
-1.75485
-1.75501
-1.75607
-1.75531
-1.75395
-1.75245
-1.75305
-1.75366
-1.75411
-1.7535
-1.75335
-1.7532
-1.75351
-1.75457
-1.75427
-1.75487
-1.75577
-1.75577
-1.75607
-1.75698
-1.75773
-1.75878
-1.75834
-1.75805
-1.75866
-1.76002
-1.75987
-1.75956
-1.76062
-1.76016
-1.76105
-1.76059
-1.75923
-1.75757
-1.75819
-1.75774
-1.75805
-1.75865
-1.75759
-1.75744
-1.75759
-1.75774
-1.75714
-1.75744
-1.75864
-1.75834
-1.75819
-1.75803
-1.75788
-1.75728
-1.75637
-1.75713
-1.75743
-1.75683
-1.75759
-1.75774
-1.7588
-1.75864
-1.75864
-1.75909
-1.75864
-1.75955
-1.7597
-1.7594
-1.75924
-1.75955
-1.75895
-1.75834
-1.75819
-1.75743
-1.75652
-1.75667
-1.75727
-1.75637
-1.75501
-1.75456
-1.75351
-1.75291
-1.7526
-1.75245
-1.7526
-1.75093
-1.75018
-1.75003
-1.74882
-1.74942
-1.74957
-1.75002
-1.75108
-1.75123
-1.75123
-1.75274
-1.75319
-1.75394
-1.75274
-1.75199
-1.75335
-1.75366
-1.75381
-1.75472
-1.75517
-1.75442
-1.75487
-1.75411
-1.75395
-1.75531
-1.75485
-1.75576
-1.75561
-1.75501
-1.75532
-1.75426
-1.7529
-1.7529
-1.7526
-1.75124
-1.7523
-1.7526
-1.75321
-1.75366
-1.75321
-1.75291
-1.75351
-1.75261
-1.75336
-1.75275
-1.75411
-1.7538
-1.75515
-1.755
-1.75471
-1.75396
-1.75367
-1.75428
-1.75337
-1.75201
-1.75261
-1.75321
-1.75366
-1.75335
-1.75381
-1.75244
-1.75214
-1.75245
-1.7526
-1.75396
-1.75366
-1.75351
-1.75426
-1.75396
-1.75381
-1.75411
-1.75366
-1.75366
-1.75427
-1.75427
-1.75487
-1.75412
-1.75366
-1.75275
-1.7538
-1.75516
-1.7547
-1.75576
-1.75456
-1.75517
-1.75577
-1.75562
-1.75563
-1.75624
-1.75685
-1.7561
-1.7561
-1.75549
-1.75427
-1.75321
-1.75306
-1.75124
-1.75169
-1.75183
-1.75183
-1.75229
-1.7526
-1.75275
-1.75245
-1.75336
-1.75215
-1.75321
-1.75321
-1.7526
-1.7532
-1.75169
-1.75123
-1.75214
-1.75229
-1.75168
-1.75063
-1.75109
-1.7514
-1.75019
-1.7508
-1.75125
-1.75216
-1.75124
-1.75124
-1.75123
-1.75063
-1.75094
-1.75019
-1.7514
-1.75185
-1.75093
-1.75093
-1.75138
-1.75078
-1.75199
-1.7529
-1.75381
-1.75487
-1.75593
-1.75653
-1.75652
-1.75652
-1.75621
-1.75772
-1.75802
-1.75697
-1.75637
-1.75742
-1.75682
-1.75743
-1.75758
-1.75728
-1.75774
-1.75789
-1.75758
-1.75787
-1.75817
-1.75726
-1.7565
-1.75515
-1.75561
-1.75593
-1.75488
-1.75427
-1.75367
-1.75382
-1.75321
-1.75289
-1.75378
-1.75588
-1.75573
-1.75499
-1.75667
-1.75623
-1.75699
-1.75684
-1.75699
-1.75653
-1.75622
-1.75667
-1.75576
-1.75501
-1.7541
-1.75516
-1.75516
-1.75773
-1.75833
-1.75893
-1.75833
-1.75833
-1.75879
-1.75804
-1.75728
-1.75622
-1.75743
-1.75742
-1.7559
-1.75575
-1.75635
-1.75606
-1.75486
-1.75426
-1.75335
-1.7523
-1.75124
-1.7517
-1.75169
-1.75199
-1.75198
-1.75108
-1.75153
-1.75259
-1.75214
-1.75228
-1.75168
-1.75183
-1.75123
-1.75138
-1.75183
-1.75108
-1.75063
-1.75048
-1.7517
-1.7517
-1.75079
-1.75094
-1.75199
-1.75169
-1.74987
-1.75122
-1.75091
-1.75062
-1.75078
-1.75229
-1.75184
-1.75169
-1.75169
-1.75244
-1.75289
-1.7541
-1.75213
-1.75213
-1.75289
-1.75274
-1.75138
-1.75138
-1.75107
-1.75137
-1.75182
-1.75168
-1.75153
-1.75048
-1.75079
-1.7523
-1.75198
-1.75213
-1.75152
-1.75229
-1.752
-1.7517
-1.75154
-1.7529
-1.7535
-1.75259
-1.75243
-1.75212
-1.75258
-1.7541
-1.75547
-1.75442
-1.75396
-1.75396
-1.75547
-1.75668
-1.75592
-1.75578
-1.75487
-1.75471
-1.75501
-1.75637
-1.75622
-1.75697
-1.75637
-1.75682
-1.75713
-1.75592
-1.75563
-1.75744
-1.75789
-1.75774
-1.75668
-1.75713
-1.75803
-1.75803
-1.75954
-1.75879
-1.75955
-1.75879
-1.75879
-1.75667
-1.75576
-1.75531
-1.75425
-1.7538
-1.7538
-1.75305
-1.75366
-1.75486
-1.75365
-1.75244
-1.75379
-1.75394
-1.75364
-1.7538
-1.75381
-1.75351
-1.75321
-1.75366
-1.75516
-1.75561
-1.75515
-1.75575
-1.75576
-1.755
-1.75622
-1.75577
-1.75607
-1.75547
-1.75471
-1.7544
-1.75546
-1.7553
-1.75606
-1.75591
-1.75637
-1.75562
-1.75471
-1.75365
-1.75319
-1.75273
-1.75258
-1.75303
-1.75485
-1.7556
-1.75485
-1.75531
-1.75561
-1.75516
-1.7541
-1.75199
-1.75229
-1.75243
-1.75197
-1.75137
-1.75092
-1.75092
-1.75168
-1.75258
-1.75334
-1.7532
-1.7532
-1.75199
-1.75168
-1.75138
-1.75093
-1.75108
-1.75077
-1.75062
-1.75258
-1.75273
-1.75227
-1.75182
-1.75152
-1.75394
-1.75349
-1.75334
-1.75289
-1.75471
-1.75471
-1.75517
-1.75471
-1.75622
-1.75515
-1.75439
-1.75408
-1.75423
-1.75514
-1.75454
-1.7553
-1.75591
-1.75622
-1.75712
-1.75772
-1.75817
-1.75801
-1.75786
-1.7571
-1.7562
-1.75636
-1.75697
-1.75516
-1.7538
-1.7544
-1.7541
-1.75395
-1.75395
-1.75229
-1.75228
-1.75228
-1.75258
-1.75378
-1.75514
-1.75469
-1.75484
-1.7562
-1.7556
-1.75425
-1.7544
-1.75517
-1.75517
-1.75471
-1.75379
-1.75243
-1.75212
-1.75228
-1.75319
-1.75364
-1.75379
-1.75348
-1.75303
-1.75348
-1.75393
-1.75409
-1.75514
-1.75514
-1.75545
-1.7553
-1.7547
-1.75485
-1.75485
-1.75559
-1.75648
-1.75694
-1.7565
-1.75636
-1.75409
-1.75349
-1.75319
-1.75395
-1.75652
-1.75712
-1.75712
-1.75757
-1.75802
-1.75878
-1.75772
-1.75786
-1.75756
-1.75816
-1.75801
-1.75756
-1.75802
-1.75817
-1.75968
-1.75998
-1.76104
-1.7621
-1.7618
-1.76165
-1.76044
-1.75938
-1.75908
-1.75878
-1.75772
-1.75817
-1.75786
-1.75862
-1.75817
-1.75818
-1.75758
-1.75668
-1.75578
-1.75577
-1.755
-1.75454
-1.75334
-1.75304
-1.75274
-1.75199
-1.75244
-1.75213
-1.75213
-1.75304
-1.75304
-1.75364
-1.75364
-1.75349
-1.75259
-1.75305
-1.7526
-1.75275
-1.75275
-1.75319
-1.75334
-1.75394
-1.7547
-1.75394
-1.75455
-1.75334
-1.75455
-1.7544
-1.75471
-1.75455
-1.75425
-1.75395
-1.75319
-1.75334
-1.75289
-1.7541
-1.75501
-1.75532
-1.75562
-1.75516
-1.7544
-1.75379
-1.75379
-1.75349
-1.755
-1.7541
-1.7535
-1.7538
-1.75577
-1.75486
-1.75501
-1.75546
-1.75501
-1.75576
-1.75621
-1.75606
-1.75606
-1.75591
-1.75576
-1.75576
-1.75742
-1.75818
-1.75894
-1.75864
-1.75818
-1.75727
-1.75742
-1.75847
-1.75817
-1.75832
-1.75938
-1.75953
-1.75817
-1.75727
-1.75743
-1.75758
-1.75712
-1.75757
-1.75818
-1.75803
-1.75833
-1.75742
-1.75742
-1.75606
-1.75622
-1.75607
-1.75546
-1.75591
-1.75561
-1.75486
-1.75486
-1.75456
-1.75576
-1.75561
-1.75592
-1.75712
-1.75637
-1.75606
-1.75501
-1.75531
-1.75546
-1.75546
-1.75561
-1.75575
-1.75726
-1.75667
-1.75486
-1.75426
-1.75471
-1.7532
-1.75259
-1.7541
-1.75395
-1.7541
-1.7541
-1.75289
-1.75289
-1.75349
-1.75289
-1.75319
-1.75259
-1.75334
-1.75364
-1.75319
-1.75335
-1.75456
-1.7538
-1.75304
-1.75243
-1.75258
-1.75242
-1.75243
-1.75274
-1.75214
-1.75139
-1.75063
-1.75274
-1.75349
-1.75288
-1.75303
-1.75395
-1.75411
-1.75291
-1.75427
-1.75441
-1.75471
-1.75425
-1.7547
-1.75576
-1.75485
-1.75621
-1.75485
-1.75439
-1.755
-1.75516
-1.75652
-1.75607
-1.75607
-1.75608
-1.75562
-1.75578
-1.75562
-1.75592
-1.75637
-1.75621
-1.75621
-1.75666
-1.7556
-1.7553
-1.75546
-1.75577
-1.75562
-1.75638
-1.75533
-1.75441
-1.75501
-1.75515
-1.75349
-1.75334
-1.75289
-1.75214
-1.7523
-1.7523
-1.75305
-1.75305
-1.75244
-1.75364
-1.75364
-1.75364
-1.75395
-1.75426
-1.75517
-1.75638
-1.75562
-1.75532
-1.75516
-1.75501
-1.75472
-1.75533
-1.75457
-1.75562
-1.75592
-1.75606
-1.75607
-1.75577
-1.75654
-1.75669
-1.75684
-1.75759
-1.75623
-1.75577
-1.75562
-1.75561
-1.75696
-1.75666
-1.75562
-1.75502
-1.75609
-1.75639
-1.75578
-1.75637
-1.75698
-1.75577
-1.75547
-1.75593
-1.75578
-1.75457
-1.75517
-1.75547
-1.75546
-1.75591
-1.75622
-1.75576
-1.75546
-1.75441
-1.75456
-1.75577
-1.75563
-1.75609
-1.75669
-1.75729
-1.75728
-1.75743
-1.75606
-1.75772
-1.75788
-1.75864
-1.75834
-1.75834
-1.75834
-1.75774
-1.75713
-1.75698
-1.75653
-1.75608
-1.75593
-1.75442
-1.75547
-1.75562
-1.75441
-1.75395
-1.7544
-1.75456
-1.75411
-1.75381
-1.75381
-1.75487
-1.75517
-1.75593
-1.75487
-1.75578
-1.75653
-1.75683
-1.75759
-1.75774
-1.75849
-1.75774
-1.75743
-1.75623
-1.75593
-1.75775
-1.75699
-1.75607
-1.75606
-1.75652
-1.75547
-1.75578
-1.75518
-1.75382
-1.75321
-1.75442
-1.75562
-1.75456
-1.75471
-1.75547
-1.75426
-1.75487
-1.75351
-1.75276
-1.75261
-1.75276
-1.75321
-1.75367
-1.75337
-1.75216
-1.75201
-1.7511
-1.75186
-1.75216
-1.75215
-1.7523
-1.75155
-1.75231
-1.75186
-1.75155
-1.7523
-1.75109
-1.7517
-1.75185
-1.7517
-1.75125
-1.7514
-1.75155
-1.75231
-1.75322
-1.75261
-1.75321
-1.75305
-1.7526
-1.75275
-1.7529
-1.75306
-1.75291
-1.7526
-1.7523
-1.75185
-1.7526
-1.75275
-1.7532
-1.7532
-1.75441
-1.75532
-1.75457
-1.75456
-1.75517
-1.75335
-1.75305
-1.7529
-1.75426
-1.75425
-1.7535
-1.7535
-1.75395
-1.75441
-1.7529
-1.752
-1.75366
-1.75336
-1.75367
-1.75366
-1.7523
-1.7526
-1.75229
-1.75244
-1.75184
-1.75244
-1.75304
-1.75334
-1.75304
-1.75396
-1.75381
-1.75321
-1.75412
-1.75351
-1.7523
-1.75304
-1.75198
-1.75303
-1.75228
-1.75139
-1.75079
-1.75094
-1.752
-1.7523
-1.7538
-1.75244
-1.75213
-1.75167
-1.75077
-1.75077
-1.75062
-1.75077
-1.75047
-1.75002
-1.74956
-1.74972
-1.74972
-1.75017
-1.74957
-1.75033
-1.74973
-1.74958
-1.74867
-1.74866
-1.74926
-1.7491
-1.74926
-1.74941
-1.74987
-1.75108
-1.75214
-1.7535
-1.75501
-1.75365
-1.7541
-1.75425
-1.75304
-1.7544
-1.7547
-1.755
-1.75469
-1.75469
-1.75468
-1.75499
-1.75636
-1.75577
-1.75456
-1.75441
-1.7535
-1.7541
-1.7541
-1.75454
-1.75484
-1.7556
-1.7556
-1.7547
-1.75485
-1.75515
-1.75546
-1.75546
-1.75546
-1.75411
-1.75305
-1.75441
-1.75531
-1.75516
-1.75606
-1.75469
-1.75454
-1.75515
-1.75425
-1.75456
-1.75351
-1.75321
-1.7526
-1.7529
-1.75335
-1.75396
-1.75456
-1.75471
-1.75485
-1.75485
-1.75439
-1.75515
-1.75455
-1.75516
-1.75532
-1.75456
-1.75456
-1.75562
-1.75547
-1.75516
-1.75652
-1.75621
-1.75651
-1.75772
-1.75803
-1.75743
-1.75744
-1.75714
-1.7579
-1.75577
-1.75697
-1.75696
-1.75756
-1.75696
-1.75727
-1.75742
-1.75667
-1.75773
-1.75774
-1.75683
-1.75698
-1.75667
-1.75712
-1.75712
-1.75666
-1.75591
-1.75485
-1.7547
-1.75425
-1.75335
-1.7535
-1.75441
-1.75365
-1.75365
-1.75365
-1.75335
-1.75244
-1.75259
-1.75198
-1.75198
-1.75228
-1.75123
-1.75198
-1.75153
-1.75168
-1.75123
-1.75183
-1.75335
-1.75244
-1.75199
-1.75229
-1.75365
-1.75501
-1.75546
-1.75592
-1.75532
-1.75487
-1.7541
-1.75364
-1.75439
-1.75469
-1.75469
-1.7532
-1.75321
-1.75336
-1.75321
-1.7532
-1.75319
-1.75348
-1.75423
-1.75544
-1.75575
-1.7547
-1.75576
-1.75531
-1.75531
-1.75546
-1.75576
-1.75696
-1.7553
-1.755
-1.75501
-1.75517
-1.75547
-1.75576
-1.75531
-1.75561
-1.75501
-1.75486
-1.7538
-1.75349
-1.75363
-1.75439
-1.75514
-1.755
-1.75545
-1.75561
-1.75531
-1.75682
-1.75803
-1.75757
-1.75757
-1.75923
-1.76058
-1.76134
-1.76164
-1.76044
-1.75999
-1.7606
-1.76029
-1.7612
-1.76029
-1.76013
-1.75998
-1.75952
-1.75952
-1.75892
-1.75877
-1.75862
-1.75817
-1.75727
-1.75711
-1.75651
-1.75531
-1.75545
-1.7556
-1.7559
-1.7556
-1.7547
-1.755
-1.75485
-1.75531
-1.75486
-1.75471
-1.75486
-1.75501
-1.75455
-1.75515
-1.75485
-1.75485
-1.75561
-1.75516
-1.7544
-1.75409
-1.75212
-1.75303
-1.7541
-1.7547
-1.75288
-1.75258
-1.75303
-1.75334
-1.75349
-1.75379
-1.75424
-1.75379
-1.75364
-1.75485
-1.75531
-1.75637
-1.75621
-1.75636
-1.75546
-1.755
-1.75425
-1.75485
-1.75561
-1.75546
-1.75545
-1.755
-1.75485
-1.75425
-1.75486
-1.75532
-1.75623
-1.75653
-1.75804
-1.75727
-1.75741
-1.75711
-1.75529
-1.75408
-1.75409
-1.75394
-1.75349
-1.75289
-1.75274
-1.75229
-1.75169
-1.75274
-1.7541
-1.75486
-1.7547
-1.7547
-1.75469
-1.75544
-1.75514
-1.7556
-1.75531
-1.7541
-1.7538
-1.75334
-1.75484
-1.75499
-1.75425
-1.7544
-1.75396
-1.75396
-1.75426
-1.75395
-1.75394
-1.75545
-1.75605
-1.75665
-1.75696
-1.75787
-1.75772
-1.75848
-1.75848
-1.75789
-1.75744
-1.75789
-1.75638
-1.75592
-1.75652
-1.75743
-1.75727
-1.75757
-1.75756
-1.75786
-1.75861
-1.75801
-1.75772
-1.75682
-1.75531
-1.75561
-1.75713
-1.75728
-1.75683
-1.75683
-1.75683
-1.75667
-1.75727
-1.75772
-1.75787
-1.75863
-1.75834
-1.75773
-1.75743
-1.75802
-1.75863
-1.75757
-1.75742
-1.75651
-1.75667
-1.75667
-1.75577
-1.75547
-1.75517
-1.75532
-1.75394
-1.75333
-1.75318
-1.75153
-1.75078
-1.75048
-1.74988
-1.74957
-1.74911
-1.74881
-1.74911
-1.74896
-1.74941
-1.74926
-1.74986
-1.75046
-1.75213
-1.75228
-1.75334
-1.75455
-1.75425
-1.75546
-1.75577
-1.75547
-1.75411
-1.75562
-1.75486
-1.75515
-1.75606
-1.7559
-1.7556
-1.75545
-1.75606
-1.75592
-1.75577
-1.75456
-1.75592
-1.75637
-1.75653
-1.75683
-1.75743
-1.75728
-1.75727
-1.75787
-1.75741
-1.75771
-1.75802
-1.75984
-1.7597
-1.75894
-1.75758
-1.75713
-1.75743
-1.75652
-1.75668
-1.75531
-1.75516
-1.755
-1.7544
-1.75485
-1.755
-1.75485
-1.7544
-1.75365
-1.75304
-1.75379
-1.75455
-1.75395
-1.7529
-1.7517
-1.75109
-1.75109
-1.75032
-1.75016
-1.75001
-1.75138
-1.75245
-1.75246
-1.75201
-1.75292
-1.75215
-1.75335
-1.75258
-1.75196
-1.75258
-1.7532
-1.75276
-1.75154
-1.75184
-1.75259
-1.75303
-1.75273
-1.75303
-1.75319
-1.75289
-1.75305
-1.75457
-1.75381
-1.75487
-1.75622
-1.75803
-1.75848
-1.75803
-1.75804
-1.75713
-1.75637
-1.75575
-1.75454
-1.7553
-1.75637
-1.75819
-1.75865
-1.75759
-1.75835
-1.75789
-1.75653
-1.75637
-1.75455
-1.7541
-1.75274
-1.75319
-1.7538
-1.75456
-1.75472
-1.75472
-1.75487
-1.75472
-1.75335
-1.75319
-1.75348
-1.75378
-1.75469
-1.7544
-1.75441
-1.75442
-1.75471
-1.7538
-1.7538
-1.75486
-1.75441
-1.7535
-1.7541
-1.75441
-1.75531
-1.75486
-1.7535
-1.75501
-1.75426
-1.75457
-1.75472
-1.75578
-1.75532
-1.75562
-1.75531
-1.75531
-1.75607
-1.75577
-1.75653
-1.75699
-1.75669
-1.75669
-1.75639
-1.75638
-1.75638
-1.75622
-1.75608
-1.75669
-1.75639
-1.75518
-1.75578
-1.75652
-1.75531
-1.75606
-1.75758
-1.75864
-1.75864
-1.75789
-1.75729
-1.75638
-1.75623
-1.75532
-1.75442
-1.75472
-1.75412
-1.75472
-1.75472
-1.75547
-1.75516
-1.75531
-1.75576
-1.75531
-1.75547
-1.75578
-1.75623
-1.75548
-1.75639
-1.75669
-1.75457
-1.75351
-1.75411
-1.75501
-1.75591
-1.7544
-1.75531
-1.75471
-1.75472
-1.75337
-1.75503
-1.75427
-1.75502
-1.75471
-1.75517
-1.75487
-1.75578
-1.75563
-1.75638
-1.75623
-1.75743
-1.75682
-1.75712
-1.75682
-1.75712
-1.75773
-1.75864
-1.75774
-1.75714
-1.75653
-1.75759
-1.75758
-1.75984
-1.75939
-1.7588
-1.7573
-1.75744
-1.75727
-1.75666
-1.75682
-1.75819
-1.75834
-1.75743
-1.75683
-1.75698
-1.75759
-1.75669
-1.75654
-1.75729
-1.75729
-1.75773
-1.75833
-1.75848
-1.75939
-1.75909
-1.75909
-1.7594
-1.75985
-1.76061
-1.76061
-1.76016
-1.76107
-1.76122
-1.76046
-1.75909
-1.76029
-1.76165
-1.76059
-1.76119
-1.76089
-1.75984
-1.76
-1.7594
-1.75926
-1.75866
-1.75775
-1.75698
-1.75772
-1.7565
-1.75727
-1.75683
-1.75743
-1.75759
-1.75758
-1.75834
-1.75788
-1.75728
-1.75759
-1.75713
-1.75759
-1.75743
-1.75652
-1.75652
-1.75636
-1.75666
-1.75682
-1.75621
-1.75516
-1.75562
-1.75517
-1.75336
-1.75337
-1.75202
-1.75292
-1.75322
-1.75335
-1.75183
-1.75243
-1.75319
-1.75304
-1.7541
-1.7547
-1.75471
-1.75486
-1.75517
-1.75563
-1.75517
-1.75683
-1.75698
-1.75683
-1.75622
-1.75516
-1.75455
-1.755
-1.75425
-1.75531
-1.75607
-1.75516
-1.75456
-1.75517
-1.75336
-1.75366
-1.75396
-1.75396
-1.75305
-1.7538
-1.75335
-1.75305
-1.75259
-1.75289
-1.75228
-1.75183
-1.75183
-1.75183
-1.75305
-1.75215
-1.7523
-1.7523
-1.7523
-1.75184
-1.75138
-1.75138
-1.75153
-1.75153
-1.75213
-1.75304
-1.75304
-1.75289
-1.75335
-1.7535
-1.75275
-1.75229
-1.75304
-1.75289
-1.75213
-1.75183
-1.75213
-1.75153
-1.75093
-1.75048
-1.75033
-1.75138
-1.75108
-1.75063
-1.75124
-1.75229
-1.75168
-1.75183
-1.75334
-1.75425
-1.75562
-1.75622
-1.75683
-1.75728
-1.75637
-1.75607
-1.75591
-1.75636
-1.75757
-1.75848
-1.75773
-1.75758
-1.75758
-1.75728
-1.75682
-1.75743
-1.75713
-1.75652
-1.75561
-1.75561
-1.75591
-1.75651
-1.75591
-1.75743
-1.75819
-1.7591
-1.75879
-1.75924
-1.75894
-1.75833
-1.75743
-1.75727
-1.75712
-1.75516
-1.75592
-1.75652
-1.75667
-1.75607
-1.75577
-1.75532
-1.75516
-1.75455
-1.75455
-1.75485
-1.75319
-1.7532
-1.75259
-1.7529
-1.75289
-1.75259
-1.75244
-1.75259
-1.75215
-1.7529
-1.75351
-1.75517
-1.75532
-1.75546
-1.75425
-1.75425
-1.75576
-1.75546
-1.75652
-1.75713
-1.75667
-1.75773
-1.75773
-1.75727
-1.75803
-1.75848
-1.75697
-1.75803
-1.75758
-1.75636
-1.75591
-1.75546
-1.75441
-1.75335
-1.75365
-1.75395
-1.75335
-1.7541
-1.7535
-1.7538
-1.75319
-1.755
-1.7544
-1.75395
-1.75365
-1.7535
-1.7541
-1.75471
-1.75531
-1.75546
-1.75471
-1.75441
-1.7526
-1.75306
-1.7523
-1.75244
-1.75259
-1.75304
-1.75197
-1.75363
-1.75348
-1.75455
-1.75592
-1.75563
-1.75593
-1.75578
-1.75547
-1.75471
-1.755
-1.75424
-1.7553
-1.7556
-1.75591
-1.75501
