-5.89325
-5.91993
-5.94412
-5.96836
-5.98588
-5.99931
-6.00686
-6.01403
-6.01951
-6.02896
-6.03474
-6.03324
-6.02095
-5.99716
-5.96426
-5.92366
-5.88296
-5.84316
-5.81022
-5.78695
-5.77274
-5.77138
-5.77988
-5.79331
-5.80285
-5.80517
-5.80068
-5.78945
-5.78438
-5.79494
-5.82414
-5.86665
-5.91424
-5.96286
-6.0058
-6.03602
-6.04701
-6.04384
-6.02976
-6.00961
-5.98577
-5.96422
-5.94606
-5.93449
-5.92788
-5.93135
-5.94964
-5.98326
-6.02309
-6.06032
-6.08499
-6.10764
-6.12675
-6.15178
-6.17396
-6.18759
-6.18799
-6.17461
-6.15103
-6.11878
-6.08317
-6.03872
-5.98597
-5.92809
-5.87481
-5.83212
-5.80545
-5.79901
-5.80548
-5.81467
-5.82157
-5.81585
-5.80099
-5.77799
-5.75804
-5.74084
-5.73235
-5.72402
-5.71747
-5.707
-5.69963
-5.70651
-5.72663
-5.75563
-5.78419
-5.8122
-5.84027
-5.87062
-5.89796
-5.92276
-5.93765
-5.94197
-5.93992
-5.93682
-5.94138
-5.95496
-5.97882
-6.00391
-6.0213
-6.02938
-6.02793
-6.02166
-6.01204
-6.0043
-5.99555
-5.98141
-5.96994
-5.96424
-5.96313
-5.97028
-5.97152
-5.96839
-5.95284
-5.93875
-5.9245
-5.91113
-5.89906
-5.88565
-5.8697
-5.85369
-5.84208
-5.84369
-5.85766
-5.88043
-5.89507
-5.89529
-5.88245
-5.86346
-5.84811
-5.8468
-5.85959
-5.88092
-5.91065
-5.94111
-5.97748
-6.01734
-6.0591
-6.0959
-6.13267
-6.1548
-6.15975
-6.14102
-6.1036
-6.04737
-5.97544
-5.89705
-5.81814
-5.74438
-5.68305
-5.63427
-5.59967
-5.58326
-5.58724
-5.61819
-5.67035
-5.72759
-5.7824
-5.83222
-5.87352
-5.91105
-5.95217
-5.99692
-6.0399
-6.07455
-6.09582
-6.10028
-6.08466
-6.05491
-6.02012
-5.98971
-5.97411
-5.97578
-5.99509
-6.02507
-6.05807
-6.08324
-6.0948
-6.08932
-6.06784
-6.03169
-5.99098
-5.94476
-5.89443
-5.84787
-5.81415
-5.79417
-5.79233
-5.80445
-5.82132
-5.83674
-5.84714
-5.85449
-5.85715
-5.85632
-5.85467
-5.85787
-5.86605
-5.88891
-5.92609
-5.97751
-6.03182
-6.0728
-6.09403
-6.09024
-6.07071
-6.04237
-6.01594
-6.00281
-5.99622
-5.98711
-5.96841
-5.93686
-5.90027
-5.86916
-5.84943
-5.8361
-5.82761
-5.82115
-5.80537
-5.77825
-5.74822
-5.71926
-5.69494
-5.68146
-5.69101
-5.73016
-5.80028
-5.88344
-5.96
-6.00989
-6.03523
-6.03819
-6.01411
-5.98219
-5.93901
-5.90321
-5.88601
-5.8929
-5.91371
-5.9437
-5.97257
-5.98839
-5.99319
-5.98534
-5.97042
-5.95186
-5.93392
-5.91825
-5.91012
-5.90892
-5.91237
-5.91878
-5.91917
-5.91566
-5.90425
-5.89275
-5.88262
-5.87162
-5.86175
-5.85589
-5.86107
-5.87811
-5.90347
-5.9347
-5.96364
-5.97924
-5.98803
-5.98175
-5.97074
-5.95379
-5.94097
-5.94188
-5.95936
-5.98999
-6.02738
-6.06414
-6.09404
-6.11317
-6.12023
-6.11283
-6.09442
-6.06774
-6.03279
-5.99458
-5.94814
-5.89854
-5.8428
-5.78272
-5.72758
-5.6877
-5.67108
-5.68019
-5.70809
-5.7464
-5.77561
-5.79251
-5.7889
-5.77672
-5.76131
-5.75056
-5.7451
-5.74235
-5.7405
-5.74112
-5.74721
-5.76776
-5.80328
-5.85067
-5.90012
-5.94059
-5.97102
-5.9846
-5.98539
-5.98692
-5.99955
-6.01864
-6.04017
-6.06309
-6.07672
-6.08129
-6.0826
-6.07246
-6.05875
-6.03938
-6.01744
-5.99229
-5.96928
-5.94887
-5.93522
-5.92891
-5.93185
-5.94308
-5.95339
-5.95678
-5.94879
-5.9318
-5.91004
-5.8875
-5.87212
-5.86194
-5.84635
-5.82974
-5.80981
-5.79926
-5.79755
-5.81042
-5.83565
-5.86342
-5.89186
-5.91224
-5.92717
-5.93359
-5.93128
-5.92687
-5.91226
-5.89432
-5.87732
-5.87497
-5.89763
-5.95
-6.03313
-6.12902
-6.22086
-6.28596
-6.30648
-6.27279
-6.18959
-6.07531
-5.95257
-5.84588
-5.7735
-5.7372
-5.72487
-5.73512
-5.76075
-5.80191
-5.8486
-5.89397
-5.93473
-5.96981
-5.99091
-5.98886
-5.9638
-5.91978
-5.86512
-5.81873
-5.79112
-5.78782
-5.80903
-5.84963
-5.90117
-5.9541
-6.00713
-6.05592
-6.09165
-6.1115
-6.11172
-6.09474
-6.06529
-6.02728
-5.98569
-5.94378
-5.90772
-5.8792
-5.85988
-5.84923
-5.84644
-5.84974
-5.86176
-5.88251
-5.91238
-5.94703
-5.97313
-5.98701
-5.98065
-5.95897
-5.91918
-5.87045
-5.81996
-5.77727
-5.74873
-5.74021
-5.75063
-5.7778
-5.81208
-5.84588
-5.8726
-5.88852
-5.89669
-5.90244
-5.90735
-5.91571
-5.92045
-5.91132
-5.88511
-5.8447
-5.80218
-5.78336
-5.79704
-5.83808
-5.88892
-5.92343
-5.94057
-5.94726
-5.94453
-5.93485
-5.93287
-5.9417
-5.96281
-5.99786
-6.0412
-6.08252
-6.11018
-6.121
-6.10725
-6.06944
-6.02078
-5.97028
-5.93175
-5.91558
-5.91858
-5.94513
-5.98155
-6.01408
-6.03765
-6.05171
-6.05395
-6.04715
-6.03503
-6.0174
-5.99345
-5.96552
-5.93968
-5.92272
-5.91689
-5.92538
-5.94052
-5.95848
-5.97856
-5.99798
-6.01389
-6.02887
-6.0377
-6.0343
-6.01676
-5.98123
-5.92593
-5.87175
-5.82662
-5.79544
-5.7821
-5.78132
-5.78872
-5.79774
-5.80204
-5.79626
-5.78077
-5.75488
-5.72797
-5.70878
-5.69934
-5.69835
-5.70527
-5.72069
-5.74316
-5.77496
-5.81607
-5.86021
-5.90474
-5.94564
-5.97951
-5.99602
-6.00061
-5.99049
-5.97227
-5.94486
-5.90979
-5.87827
-5.86061
-5.8569
-5.86676
-5.88767
-5.90733
-5.92841
-5.94626
-5.96075
-5.97554
-5.98553
-5.99394
-6.00107
-6.00791
-6.01833
-6.03077
-6.04276
-6.0501
-6.04715
-6.03196
-6.00701
-5.97243
-5.92659
-5.87862
-5.8417
-5.82444
-5.83525
-5.87315
-5.92968
-5.99299
-6.04881
-6.08599
-6.10257
-6.09639
-6.07061
-6.03363
-5.98856
-5.93617
-5.88126
-5.82392
-5.77014
-5.7292
-5.71307
-5.72164
-5.7518
-5.7878
-5.82333
-5.84385
-5.84801
-5.84275
-5.84381
-5.85648
-5.88448
-5.9258
-5.97426
-6.02657
-6.07139
-6.099
-6.10821
-6.09051
-6.04736
-5.98348
-5.9058
-5.82481
-5.74654
-5.6781
-5.63348
-5.62237
-5.65267
-5.72434
-5.82809
-5.94616
-6.05467
-6.14114
-6.19491
-6.21389
-6.19723
-6.15582
-6.09924
-6.04605
-6.00263
-5.98472
-5.98652
-5.99954
-6.00481
-5.99117
-5.95464
-5.90066
-5.84814
-5.82169
-5.82838
-5.86153
-5.90665
-5.9503
-5.98781
-6.01124
-6.01314
-5.99534
-5.94968
-5.88049
-5.79541
-5.7081
-5.63559
-5.60298
-5.61676
-5.66967
-5.74593
-5.82702
-5.89667
-5.94559
-5.97847
-5.99094
-5.99348
-5.98993
-5.98815
-5.9907
-5.99837
-6.0006
-5.99458
-5.97465
-5.95112
-5.92012
-5.89027
-5.87487
-5.88178
-5.91222
-5.96571
-6.0252
-6.07736
-6.11821
-6.13772
-6.14246
-6.1337
-6.10786
-6.06828
-6.01356
-5.95661
-5.90966
-5.8955
-5.90697
-5.92421
-5.93144
-5.921
-5.89503
-5.86062
-5.83265
-5.81532
-5.81164
-5.82032
-5.83637
-5.85592
-5.87827
-5.89973
-5.91868
-5.92447
-5.91066
-5.87463
-5.82894
-5.79171
-5.78558
-5.81375
-5.87161
-5.94047
-6.00714
-6.06432
-6.10068
-6.11404
-6.1034
-6.07036
-6.02767
-5.97847
-5.94136
-5.91296
-5.89189
-5.87749
-5.86916
-5.85926
-5.84884
-5.83237
-5.82435
-5.82328
-5.83966
-5.8746
-5.92713
-5.98806
-6.04746
-6.09096
-6.11191
-6.09681
-6.05595
-5.99517
-5.92371
-5.8534
-5.79602
-5.74783
-5.71347
-5.6973
-5.70324
-5.72678
-5.76125
-5.79551
-5.824
-5.84071
-5.85198
-5.85235
-5.84304
-5.82877
-5.81446
-5.80243
-5.80065
-5.81797
-5.84923
-5.89241
-5.93409
-5.95965
-5.9604
-5.94112
-5.91026
-5.88463
-5.86981
-5.87824
-5.89984
-5.9281
-5.95297
-5.96687
-5.97093
-5.96145
-5.94373
-5.921
-5.89491
-5.8712
-5.84529
-5.82607
-5.81506
-5.81592
-5.83142
-5.85194
-5.875
-5.89741
-5.91864
-5.94438
-5.97223
-6.00524
-6.04167
-6.07864
-6.11432
-6.13848
-6.1462
-6.13161
-6.10258
-6.0577
-6.00749
-5.95618
-5.91025
-5.87237
-5.83899
-5.81599
-5.81336
-5.83758
-5.8799
-5.92892
-5.9673
-5.99605
-6.00741
-6.01325
-6.01395
-6.00997
-6.00132
-5.98721
-5.97049
-5.95422
-5.93291
-5.9101
-5.88603
-5.86338
-5.84367
-5.83051
-5.83038
-5.8408
-5.85718
-5.87982
-5.90243
-5.92036
-5.92595
-5.92001
-5.90502
-5.88073
-5.84929
-5.8164
-5.78438
-5.75665
-5.73777
-5.73624
-5.75413
-5.7867
-5.83266
-5.88697
-5.94782
-6.00564
-6.05766
-6.09485
-6.11052
-6.10436
-6.07111
-6.01827
-5.95725
-5.90174
-5.85944
-5.8399
-5.83654
-5.85362
-5.87778
-5.90933
-5.9345
-5.946
-5.94119
-5.91849
-5.88016
-5.83436
-5.78746
-5.75944
-5.75708
-5.7854
-5.83837
-5.90613
-5.97865
-6.04236
-6.09092
-6.12017
-6.13247
-6.13039
-6.11746
-6.09635
-6.06841
-6.03517
-6.00563
-5.97848
-5.96211
-5.96575
-5.9818
-6.00191
-6.01328
-6.01396
-6.00881
-6.00019
-5.98801
-5.97968
-5.97182
-5.9763
-5.98887
-6.00822
-6.02616
-6.03059
-6.01745
-5.98241
-5.92923
-5.87271
-5.81761
-5.77883
-5.76989
-5.78693
-5.83429
-5.89882
-5.9657
-6.02347
-6.05403
-6.05285
-6.01274
-5.9451
-5.85733
-5.76949
-5.70001
-5.65627
-5.64582
-5.66436
-5.70159
-5.74726
-5.7923
-5.83201
-5.86357
-5.88988
-5.91402
-5.93996
-5.96261
-5.9813
-5.99282
-5.997
-5.98662
-5.96759
-5.94321
-5.92373
-5.91469
-5.91874
-5.93414
-5.95736
-5.97742
-5.98976
-5.99525
-5.99041
-5.97709
-5.96387
-5.95472
-5.94861
-5.94693
-5.94788
-5.95375
-5.95621
-5.95016
-5.92999
-5.90389
-5.87364
-5.85218
-5.84133
-5.84614
-5.86206
-5.8814
-5.90242
-5.91447
-5.9202
-5.91409
-5.89442
-5.86318
-5.82328
-5.7863
-5.75775
-5.74815
-5.76801
-5.80454
-5.85228
-5.90489
-5.95061
-5.99085
-6.02664
-6.05865
-6.09132
-6.1225
-6.1505
-6.1704
-6.17644
-6.16209
-6.13281
-6.0909
-6.03568
-5.98055
-5.92696
-5.88199
-5.84879
-5.82455
-5.81542
-5.81998
-5.83974
-5.87201
-5.91567
-5.95799
-5.98814
-6.00691
-6.00982
-5.99473
-5.96446
-5.92297
-5.87211
-5.81679
-5.77094
-5.73945
-5.7345
-5.7608
-5.80461
-5.8561
-5.90529
-5.94098
-5.96043
-5.96527
-5.96115
-5.95359
-5.95148
-5.95828
-5.96823
-5.97676
-5.97822
-5.97405
-5.96418
-5.95773
-5.95191
-5.95644
-5.96339
-5.96869
-5.97066
-5.96537
-5.9565
-5.94349
-5.93178
-5.92285
-5.91361
-5.9015
-5.88648
-5.8666
-5.84243
-5.81792
-5.80288
-5.80414
-5.81615
-5.83643
-5.85832
-5.88008
-5.90216
-5.92872
-5.96566
-6.01109
-6.05327
-6.08853
-6.11018
-6.11726
-6.10648
-6.08697
-6.06124
-6.03454
-6.01358
-5.99494
-5.97928
-5.96335
-5.94162
-5.91082
-5.87854
-5.84768
-5.83112
-5.83077
-5.84579
-5.86941
-5.89024
-5.90229
-5.91275
-5.91521
-5.91681
-5.91109
-5.90378
-5.89125
-5.87787
-5.8616
-5.84239
-5.81762
-5.78925
-5.7591
-5.73379
-5.71644
-5.7143
-5.73076
-5.75702
-5.78919
-5.81701
-5.83005
-5.83435
-5.83918
-5.86272
-5.9019
-5.94943
-5.98946
-6.02329
-6.04849
-6.07141
-6.08442
-6.08908
-6.084
-6.0705
-6.05135
-6.04264
-6.04346
-6.05508
-6.07131
-6.08851
-6.0925
-6.08589
-6.06505
-6.03599
-6.0107
-5.99469
-5.98672
-5.98926
-5.99501
-5.99611
-5.98909
-5.97076
-5.94471
-5.91986
-5.89262
-5.86599
-5.84055
-5.81924
-5.81159
-5.81979
-5.84027
-5.8614
-5.88178
-5.89313
-5.89783
-5.89522
-5.88288
-5.86253
-5.84011
-5.81331
-5.79849
-5.79726
-5.81634
-5.84654
-5.88204
-5.91595
-5.94068
-5.95625
-5.97073
-5.98815
-6.01639
-6.05323
-6.09026
-6.1155
-6.12578
-6.11662
-6.09714
-6.07073
-6.0465
-6.02344
-5.99778
-5.9736
-5.94492
-5.91572
-5.8893
-5.86946
-5.86072
-5.85572
-5.85157
-5.84736
-5.83519
-5.81828
-5.80771
-5.8064
-5.81579
-5.83687
-5.86276
-5.88831
-5.91336
-5.93111
-5.94813
-5.95601
-5.96045
-5.95847
-5.96001
-5.96702
-5.977
-5.98697
-5.99346
-5.99422
-5.99331
-5.99133
-5.99222
-5.99554
-5.99152
-5.98153
-5.97195
-5.96746
-5.97317
-5.98524
-5.99436
-5.99695
-5.98586
-5.96291
-5.93128
-5.89105
-5.84942
-5.80899
-5.77458
-5.75333
-5.74546
-5.75639
-5.7843
-5.82691
-5.87294
-5.92137
-5.96438
-5.99602
-6.01146
-6.00651
-5.98009
-5.94116
-5.89702
-5.85354
-5.81278
-5.78321
-5.76341
-5.75668
-5.76252
-5.78555
-5.82218
-5.86733
-5.9219
-5.97658
-6.02961
-6.07417
-6.11164
-6.13392
-6.13955
-6.13049
-6.10447
-6.06216
-6.01126
-5.95732
-5.90708
-5.86149
-5.82394
-5.79379
-5.76992
-5.75602
-5.75455
-5.75867
-5.76689
-5.7773
-5.79571
-5.82059
-5.84618
-5.86731
-5.87812
-5.87876
-5.8783
-5.87896
-5.88912
-5.90115
-5.91433
-5.92852
-5.93704
-5.94368
-5.94685
-5.95141
-5.95525
-5.96048
-5.96041
-5.9502
-5.93025
-5.90554
-5.87577
-5.84009
-5.80212
-5.77182
-5.75482
-5.76
-5.78217
-5.82278
-5.87301
-5.92994
-5.98666
-6.03346
-6.06227
-6.06732
-6.0475
-6.0035
-5.94153
-5.8837
-5.83947
-5.82319
-5.83581
-5.86901
-5.91348
-5.95691
-5.98992
-6.01383
-6.02825
-6.03982
-6.04768
-6.05364
-6.06028
-6.06734
-6.0669
-6.05645
-6.02678
-5.98337
-5.93207
-5.88143
-5.84831
-5.84825
-5.87436
-5.9204
-5.96789
-6.00543
-6.02695
-6.02941
-6.01064
-5.97742
-5.93848
-5.89867
-5.86726
-5.84522
-5.83032
-5.82775
-5.83268
-5.84708
-5.8654
-5.89279
-5.92809
-5.95993
-5.98623
-6.00135
-6.00011
-5.98434
-5.94824
-5.89817
-5.84294
-5.78753
-5.7483
-5.72978
-5.73225
-5.75484
-5.7876
-5.82381
-5.85684
-5.88387
-5.90272
-5.91472
-5.91613
-5.90967
-5.89583
-5.87997
-5.87266
-5.8786
-5.89725
-5.92586
-5.96121
-6.00072
-6.04029
-6.07045
-6.08466
-6.08557
-6.0676
-6.03734
-6.00026
-5.95688
-5.90936
-5.85772
-5.80613
-5.7672
-5.7448
-5.75382
-5.78972
-5.84627
-5.91634
-5.98481
-6.04551
-6.09124
-6.1204
-6.13471
-6.13594
-6.12339
-6.09753
-6.06609
-6.02462
-5.97925
-5.93307
-5.88879
-5.84982
-5.81632
-5.78849
-5.77753
-5.78589
-5.81312
-5.85478
-5.89398
-5.91921
-5.92935
-5.92676
-5.91256
-5.89675
-5.89088
-5.89811
-5.91885
-5.94398
-5.97197
-5.99944
-6.02293
-6.04567
-6.06606
-6.08334
-6.09216
-6.09027
-6.07536
-6.04742
-6.01466
-5.98025
-5.9494
-5.92099
-5.89971
-5.88203
-5.86715
-5.85631
-5.84472
-5.83617
-5.82261
-5.80489
-5.78714
-5.77035
-5.76974
-5.79287
-5.84123
-5.90157
-5.96502
-6.02007
-6.05636
-6.07531
-6.07338
-6.05903
-6.03433
-6.001
-5.96018
-5.91189
-5.86437
-5.83042
-5.81834
-5.82814
-5.85067
-5.88051
-5.90771
-5.92869
-5.93794
-5.92765
-5.90151
-5.85982
-5.81316
-5.76565
-5.72378
-5.69752
-5.69128
-5.70588
-5.74155
-5.79421
-5.85579
-5.92249
-5.98535
-6.03893
-6.08036
-6.11265
-6.13067
-6.14003
-6.15042
-6.15042
-6.14599
-6.12492
-6.08987
-6.04243
-5.98569
-5.93387
-5.89727
-5.87968
-5.87437
-5.87895
-5.87935
-5.87466
-5.87302
-5.87277
-5.87439
-5.87425
-5.87385
-5.8734
-5.87161
-5.86523
-5.86305
-5.85689
-5.85665
-5.86561
-5.88186
-5.90719
-5.9292
-5.95022
-5.96837
-5.9919
-6.01528
-6.03221
-6.0438
-6.04688
-6.04172
-6.03234
-6.02223
-6.01348
-6.0142
-6.02526
-6.04733
-6.07327
-6.10037
-6.125
-6.13535
-6.13113
-6.1115
-6.07811
-6.03167
-5.98631
-5.9427
-5.91128
-5.89472
-5.89118
-5.90076
-5.91526
-5.92896
-5.93188
-5.91503
-5.87636
-5.81564
-5.74264
-5.67339
-5.62107
-5.59379
-5.59387
-5.61289
-5.64144
-5.66716
-5.68615
-5.70151
-5.71483
-5.72622
-5.74076
-5.75572
-5.77092
-5.7894
-5.81559
-5.85236
-5.89737
-5.94826
-5.99939
-6.04359
-6.07695
-6.08974
-6.09326
-6.08284
-6.06521
-6.04426
-6.01968
-5.99435
-5.96998
-5.9511
-5.94776
-5.96062
-5.99442
-6.03964
-6.07914
-6.11529
-6.13651
-6.14463
-6.13873
-6.12503
-6.10234
-6.06967
-6.02685
-5.97753
-5.92684
-5.87831
-5.83863
-5.81133
-5.79788
-5.79516
-5.79877
-5.79967
-5.79274
-5.77515
-5.74876
-5.72354
-5.70457
-5.70391
-5.72336
-5.75437
-5.78511
-5.81617
-5.84438
-5.87942
-5.92173
-5.96784
-6.00993
-6.04278
-6.07129
-6.09346
-6.11157
-6.12687
-6.13398
-6.13143
-6.11603
-6.08393
-6.03674
-5.98396
-5.93584
-5.89785
-5.88439
-5.89657
-5.92101
-5.95678
-5.99
-6.01503
-6.02711
-6.02649
-6.01343
-5.99018
-5.9559
-5.91554
-5.8729
-5.83244
-5.79669
-5.76171
-5.73254
-5.70935
-5.69601
-5.69994
-5.71854
-5.74677
-5.77274
-5.79214
-5.81122
-5.83356
-5.85892
-5.88624
-5.91517
-5.93851
-5.95527
-5.96699
-5.9749
-5.98654
-5.99369
-5.99763
-6.0038
-6.01122
-6.02354
-6.04042
-6.04867
-6.03826
-6.01381
-5.97992
-5.94697
-5.92808
-5.92728
-5.93713
-5.95905
-5.98405
-6.01019
-6.03335
-6.04367
-6.03929
-6.01942
-5.98218
-5.93264
-5.87611
-5.82427
-5.78012
-5.75327
-5.74045
-5.73899
-5.73776
-5.73439
-5.7274
-5.72504
-5.73099
-5.7483
-5.77291
-5.80651
-5.84306
-5.8815
-5.91906
-5.94891
-5.98284
-6.01192
-6.03559
-6.05265
-6.05854
-6.04779
-6.02167
-5.99343
-5.97697
-5.97334
-5.993
-6.02295
-6.05276
-6.0678
-6.06158
-6.03617
-5.99712
-5.95969
-5.92267
-5.89027
-5.8612
-5.83625
-5.81675
-5.80874
-5.81001
-5.81776
-5.83049
-5.84164
-5.84714
-5.85133
-5.84469
-5.83275
-5.81229
-5.79072
-5.76997
-5.7601
-5.76579
-5.78168
-5.80122
-5.82153
-5.84385
-5.86501
-5.8881
-5.91431
-5.93973
-5.96078
-5.97709
-5.99842
-6.02457
-6.05425
-6.08625
-6.11404
-6.14149
-6.16336
-6.17439
-6.18374
-6.1853
-6.1789
-6.16763
-6.14633
-6.11365
-6.05826
-5.99084
-5.91664
-5.83965
-5.7731
-5.71833
-5.67604
-5.65306
-5.64924
-5.65877
-5.68645
-5.72873
-5.78107
-5.84021
-5.89962
-5.9513
-5.98894
-6.01656
-6.02577
-6.01808
-6.00283
-5.97037
-5.92955
-5.88446
-5.84039
-5.80989
-5.80276
-5.81227
-5.82796
-5.84692
-5.86578
-5.89236
-5.92682
-5.96331
-5.99047
-6.00694
-6.00946
-6.00073
-5.98565
-5.96666
-5.94644
-5.92215
-5.89438
-5.86816
-5.84869
-5.84297
-5.84624
-5.85442
-5.85912
-5.85591
-5.84755
-5.83601
-5.82397
-5.81558
-5.81306
-5.81654
-5.82738
-5.84692
-5.87069
-5.89126
-5.91162
-5.93299
-5.95969
-5.99236
-6.02367
-6.05271
-6.06853
-6.07021
-6.06175
-6.04543
-6.02619
-6.00864
-5.99743
-5.98997
-5.98621
-5.98923
-5.99578
-6.00437
-6.00946
-6.00726
-5.99712
-5.97426
-5.94173
-5.89784
-5.849
-5.80354
-5.77275
-5.75714
-5.76191
-5.7813
-5.81421
-5.85437
-5.8941
-5.92498
-5.93655
-5.93161
-5.90829
-5.87204
-5.82695
-5.78183
-5.758
-5.75927
-5.78284
-5.81447
-5.83886
-5.85768
-5.8714
-5.88648
-5.90557
-5.92204
-5.9375
-5.94554
-5.94026
-5.92975
-5.91264
-5.89252
-5.88
-5.88138
-5.8893
-5.89961
-5.90291
-5.90183
-5.90445
-5.91607
-5.93738
-5.95836
-5.97548
-5.97279
-5.95014
-5.90667
-5.85375
-5.79898
-5.75921
-5.74256
-5.74664
-5.76686
-5.79649
-5.8304
-5.86525
-5.90089
-5.93249
-5.9587
-5.97314
-5.97765
-5.96909
-5.95568
-5.9429
-5.94118
-5.95536
-5.98338
-6.02525
-6.06329
-6.09337
-6.10702
-6.10097
-6.08141
-6.05672
-6.03299
-6.01219
-5.99549
-5.98741
-5.99055
-5.99558
-6.0021
-6.00413
-5.99614
-5.96993
-5.92958
-5.87806
-5.82381
-5.7739
-5.73162
-5.69922
-5.68309
-5.68376
-5.70412
-5.7367
-5.78037
-5.8214
-5.86108
-5.89991
-5.93205
-5.96296
-5.9951
-6.02571
-6.05136
-6.06215
-6.04932
-6.01336
-5.96256
-5.91007
-5.87145
-5.8537
-5.86261
-5.8981
-5.94257
-5.99149
-6.03498
-6.0648
-6.07773
-6.07026
-6.05452
-6.03227
-6.0092
-5.98524
-5.95748
-5.92524
-5.89699
-5.88324
-5.8797
-5.88737
-5.89437
-5.89266
-5.88212
-5.85804
-5.82256
-5.78661
-5.76156
-5.76221
-5.79602
-5.85564
-5.92181
-5.97937
-6.02341
-6.0462
-6.04484
-6.02481
-5.99586
-5.97538
-5.9648
-5.96972
-5.99231
-6.02806
-6.06801
-6.10549
-6.12718
-6.12913
-6.10898
-6.0683
-6.01331
-5.95452
-5.90238
-5.85894
-5.8216
-5.78918
-5.75849
-5.72029
-5.68373
-5.66044
-5.65675
-5.6801
-5.72799
-5.80189
-5.88513
-5.96171
-6.01212
-6.02863
-6.01219
-5.97556
-5.93346
-5.89784
-5.8756
-5.87348
-5.88778
-5.91352
-5.94727
-5.98392
-6.01909
-6.0526
-6.08119
-6.09389
-6.08807
-6.06442
-6.02242
-5.96893
-5.91358
-5.86701
-5.83305
-5.81723
-5.81848
-5.83273
-5.85492
-5.87696
-5.88723
-5.88501
-5.87751
-5.8731
-5.88014
-5.89925
-5.9286
-5.96267
-5.99751
-6.03143
-6.06057
-6.07778
-6.08266
-6.07905
-6.06964
-6.06114
-6.05712
-6.05801
-6.05783
-6.05461
-6.04925
-6.03657
-6.01945
-5.99142
-5.95037
-5.89655
-5.83388
-5.77952
-5.74006
-5.72712
-5.73588
-5.76445
-5.80669
-5.85172
-5.89565
-5.93445
-5.95723
-5.95811
-5.93471
-5.88308
-5.81291
-5.73841
-5.67189
-5.6295
-5.62203
-5.65652
-5.7321
-5.83684
-5.94373
-6.03567
-6.09206
-6.11717
-6.12198
-6.11538
-6.10263
-6.08714
-6.07195
-6.05556
-6.04221
-6.02765
-6.01195
-5.9902
-5.96597
-5.93556
-5.89808
-5.85214
-5.80189
-5.7517
-5.70661
-5.67164
-5.6489
-5.64396
-5.65558
-5.68014
-5.71133
-5.74105
-5.77067
-5.7984
-5.82796
-5.85337
-5.88325
-5.9109
-5.93379
-5.95255
-5.96997
-5.98711
-6.00459
-6.01847
-6.02924
-6.04314
-6.05883
-6.07177
-6.08306
-6.08819
-6.08735
-6.08376
-6.07615
-6.06847
-6.06134
-6.04726
-6.03524
-6.01643
-5.99585
-5.97725
-5.95596
-5.93511
-5.90983
-5.8881
-5.8714
-5.86006
-5.85033
-5.83569
-5.81537
-5.7911
-5.76805
-5.75719
-5.76317
-5.78918
-5.83714
-5.89455
-5.95407
-6.0024
-6.03406
-6.03739
-6.01523
-5.97181
-5.91359
-5.85452
-5.80583
-5.77441
-5.76133
-5.76295
-5.77863
-5.80637
-5.83889
-5.87464
-5.91421
-5.95285
-5.98314
-6.01205
-6.02948
-6.04841
-6.05849
-6.06341
-6.05432
-6.03459
-6.00939
-5.9828
-5.96614
-5.95993
-5.96362
-5.97425
-5.98524
-5.99286
-5.99313
-5.98422
-5.96678
-5.9379
-5.90521
-5.86691
-5.83009
-5.79634
-5.76123
-5.72971
-5.70943
-5.7079
-5.72755
-5.75799
-5.79404
-5.82501
-5.84898
-5.86751
-5.8815
-5.89882
-5.92291
-5.95125
-5.97361
-5.98592
-5.98195
-5.96172
-5.93019
-5.89542
-5.85892
-5.83542
-5.8208
-5.81873
-5.82571
-5.8353
-5.84504
-5.84673
-5.84167
-5.83438
-5.83434
-5.8414
-5.85644
-5.8765
-5.89315
-5.90779
-5.91627
-5.92169
-5.92301
-5.92534
-5.93085
-5.93751
-5.9441
-5.95004
-5.96015
-5.97544
-5.99705
-6.0163
-6.02988
-6.03186
-6.01913
-5.99548
-5.96741
-5.94776
-5.93569
-5.92989
-5.93305
-5.94391
-5.95843
-5.9692
-5.9701
-5.95572
-5.93041
-5.90451
-5.8869
-5.88077
-5.89056
-5.91088
-5.9298
-5.94367
-5.95579
-5.96914
-5.9923
-6.01526
-6.0315
-6.0359
-6.02746
-6.00258
-5.97217
-5.9338
-5.89536
-5.85949
-5.82672
-5.80304
-5.78299
-5.77118
-5.76405
-5.76774
-5.7819
-5.80226
-5.82429
-5.84603
-5.8642
-5.87813
-5.88629
-5.88895
-5.88853
-5.88212
-5.8781
-5.87831
-5.88311
-5.89043
-5.90622
-5.92191
-5.93699
-5.95158
-5.96381
-5.96786
-5.96438
-5.9606
-5.95868
-5.9633
-5.97582
-5.99049
-5.99963
-5.99917
-5.99426
-5.98755
-5.97929
-5.97092
-5.95618
-5.93178
-5.90199
-5.86679
-5.8289
-5.79218
-5.76097
-5.7496
-5.75781
-5.79059
-5.83304
-5.87268
-5.90664
-5.91818
-5.91188
-5.89303
-5.864
-5.83639
-5.81595
-5.81073
-5.82798
-5.85973
-5.89427
-5.91707
-5.91573
-5.8955
-5.86263
-5.82891
-5.80753
-5.80722
-5.82549
-5.85174
-5.8817
-5.91034
-5.93521
-5.95533
-5.97222
-5.98359
-5.98753
-5.98554
-5.9765
-5.96042
-5.94162
-5.92615
-5.91585
-5.91135
-5.90812
-5.90912
-5.9162
-5.92884
-5.95591
-5.99185
-6.02906
-6.06341
-6.08761
-6.09847
-6.09018
-6.07285
-6.04224
-6.0084
-5.97734
-5.94532
-5.9142
-5.8877
-5.86366
-5.83843
-5.81593
-5.80508
-5.8025
-5.81692
-5.84201
-5.87784
-5.9135
-5.94158
-5.95699
-5.95435
-5.93383
-5.90289
-5.86343
-5.82463
-5.79041
-5.76611
-5.75274
-5.74975
-5.75968
-5.78222
-5.80953
-5.84221
-5.87603
-5.9081
-5.93271
-5.95512
-5.97114
-5.9815
-5.99102
-5.99727
-5.98835
-5.97186
-5.94641
-5.91865
-5.89694
-5.88235
-5.88291
-5.8969
-5.92014
-5.94642
-5.96815
-5.97711
-5.97049
-5.94454
-5.90387
-5.8602
-5.82115
-5.79135
-5.77293
-5.76707
-5.77481
-5.79329
-5.81674
-5.84262
-5.86625
-5.88143
-5.88331
-5.8717
-5.85345
-5.83418
-5.81859
-5.8101
-5.81038
-5.81909
-5.83394
-5.85105
-5.87049
-5.88602
-5.90264
-5.9175
-5.92794
-5.92954
-5.91853
-5.90276
-5.89359
-5.89939
-5.92217
-5.96448
-6.01757
-6.07437
-6.13579
-6.18974
-6.23175
-6.25024
-6.25712
-6.25388
-6.23962
-6.21816
-6.18556
-6.14482
-6.09116
-6.03735
-5.9888
-5.95214
-5.9332
-5.93004
-5.93241
-5.93497
-5.92432
-5.9017
-5.87179
-5.84583
-5.83219
-5.82362
-5.81782
-5.81594
-5.82385
-5.85005
-5.88801
-5.93016
-5.95988
-5.97141
-5.9662
-5.94263
-5.90987
-5.8738
-5.84061
-5.81958
-5.81752
-5.82434
-5.83195
-5.83837
-5.84319
-5.84838
-5.85672
-5.86656
-5.8734
-5.87892
-5.87705
-5.87028
-5.85878
-5.83609
-5.80497
-5.77894
-5.75999
-5.75099
-5.75193
-5.76291
-5.78078
-5.80672
-5.83812
-5.8687
-5.8995
-5.92844
-5.9506
-5.97008
-5.9905
-6.00704
-6.01799
-6.01978
-6.00944
-5.99649
-5.97622
-5.95968
-5.95078
-5.95197
-5.96867
-5.99863
-6.04134
-6.09364
-6.14834
-6.19199
-6.21186
-6.20889
-6.18617
-6.1521
-6.12097
-6.09275
-6.07504
-6.06474
-6.05915
-6.05702
-6.05061
-6.03484
-6.00894
-5.97073
-5.92386
-5.87217
-5.83131
-5.80736
-5.79948
-5.80539
-5.81223
-5.81964
-5.81898
-5.81573
-5.81409
-5.81114
-5.80915
-5.8078
-5.80326
-5.79693
-5.79081
-5.78404
-5.7803
-5.77859
-5.77716
-5.77547
-5.77447
-5.77241
-5.78201
-5.79849
-5.82167
-5.85001
-5.88011
-5.91292
-5.94441
-5.97516
-6.00031
-6.0268
-6.05312
-6.0725
-6.0847
-6.08769
-6.07665
-6.05944
-6.03308
-6.00276
-5.96825
-5.93036
-5.8857
-5.8338
-5.77797
-5.71868
-5.67107
-5.64184
-5.63793
-5.65988
-5.70954
-5.7736
-5.84709
-5.92082
-5.98294
-6.02983
-6.05458
-6.06015
-6.05219
-6.03275
-6.00712
-5.98007
-5.95762
-5.9454
-5.94619
-5.96561
-5.99432
-6.02162
-6.0374
-6.04115
-6.03759
-6.02976
-6.02633
-6.02944
-6.03892
-6.05064
-6.05991
-6.05887
-6.04213
-6.00881
-5.95659
-5.89672
-5.8365
-5.78446
-5.75058
-5.74081
-5.7522
-5.78479
-5.83069
-5.8819
-5.92415
-5.95109
-5.9656
-5.96085
-5.94797
-5.92724
-5.9068
-5.89285
-5.89275
-5.90359
-5.92859
-5.95781
-5.98651
-6.01552
-6.04189
-6.05786
-6.0555
-6.03821
-6.00458
-5.96668
-5.93567
-5.91911
-5.91802
-5.92404
-5.9254
-5.91253
-5.8908
-5.8628
-5.84036
-5.82457
-5.82142
-5.82744
-5.83941
-5.85863
-5.88472
-5.90959
-5.92289
-5.92171
-5.91533
-5.91413
-5.92746
-5.95336
-5.98933
-6.03029
-6.05957
-6.07332
-6.06911
-6.04246
-6.00959
-5.97881
-5.96367
-5.96518
-5.98139
-5.99931
-6.00783
-5.99966
-5.97866
-5.9513
-5.92369
-5.91153
-5.91268
-5.92798
-5.94564
-5.95847
-5.96859
-5.97175
-5.97111
-5.96561
-5.95237
-5.9308
-5.90007
-5.86454
-5.83106
-5.80836
-5.80368
-5.81749
-5.84588
-5.87927
-5.90793
-5.92937
-5.93643
-5.92601
-5.90202
-5.86221
-5.81966
-5.78387
-5.7708
-5.7861
-5.82355
-5.87378
-5.92227
-5.96454
-5.99438
-6.01197
-6.01926
-6.01815
-6.01027
-6.00128
-5.99679
-5.99693
-5.99715
-5.99671
-5.99002
-5.97254
-5.94039
-5.89631
-5.84302
-5.78503
-5.73356
-5.69819
-5.68893
-5.70789
-5.74567
-5.79528
-5.85251
-5.90128
-5.94419
-5.98323
-6.01426
-6.04631
-6.0866
-6.12074
-6.136
-6.12133
-6.07798
-6.00958
-5.92931
-5.85791
-5.81025
-5.79319
-5.80737
-5.84525
-5.88956
-5.92871
-5.95381
-5.96513
-5.96195
-5.94685
-5.92738
-5.90345
-5.88677
-5.88016
-5.88194
-5.89538
-5.91526
-5.93954
-5.96522
-5.99021
-6.01119
-6.02159
-6.02059
-5.99922
-5.96635
-5.92434
-5.88147
-5.8543
-5.84714
-5.85651
-5.86976
-5.88871
-5.91045
-5.93308
-5.95612
-5.98358
-6.0028
-6.01453
-6.00815
-5.98744
-5.96286
-5.93222
-5.90319
-5.88234
-5.87372
-5.87877
-5.8903
-5.90374
-5.91871
-5.93061
-5.93563
-5.94225
-5.95492
-5.97207
-5.99275
-6.00433
-6.00022
-5.97593
-5.93514
-5.88131
-5.82632
-5.77415
-5.73561
-5.71244
-5.70878
-5.7215
-5.75454
-5.80182
-5.8588
-5.91269
-5.95807
-5.98827
-5.99878
-5.99226
-5.97348
-5.95218
-5.93474
-5.92166
-5.91581
-5.9124
-5.91556
-5.92246
-5.93051
-5.93498
-5.9354
-5.93021
-5.92088
-5.90432
-5.89204
-5.87761
-5.87135
-5.87393
-5.88858
-5.91547
-5.9561
-6.00353
-6.05168
-6.09435
-6.13237
-6.15853
-6.17254
-6.17207
-6.16451
-6.1543
-6.136
-6.10694
-6.06825
-6.02099
-5.96043
-5.90134
-5.85552
-5.83196
-5.83597
-5.87061
-5.91688
-5.96373
-5.99292
-6.00367
-5.99907
-5.9786
-5.94801
-5.90837
-5.86081
-5.80982
-5.766
-5.73745
-5.73344
-5.75984
-5.81275
-5.87283
-5.92615
-5.96085
-5.96671
-5.94314
-5.89388
-5.83305
-5.77516
-5.73066
-5.70658
-5.7077
-5.73005
-5.76753
-5.82255
-5.88928
-5.96347
-6.03527
-6.09091
-6.12334
-6.12856
-6.10957
-6.07863
-6.04317
-6.00945
-5.97958
-5.94641
-5.9162
-5.88781
-5.86205
-5.83662
-5.81263
-5.7881
-5.76862
-5.76113
-5.76705
-5.79951
-5.84949
-5.9077
-5.96897
-6.02028
-6.0584
-6.08263
-6.09244
-6.09373
-6.09092
-6.08467
-6.07258
-6.05323
-6.02745
-5.99916
-5.97874
-5.96318
-5.95359
-5.95226
-5.95681
-5.97158
-5.99151
-6.00578
-6.00792
-5.98824
-5.94803
-5.89586
-5.83766
-5.78694
-5.74109
-5.69856
-5.66884
-5.65765
-5.67569
-5.72096
-5.78456
-5.85577
-5.9243
-5.98543
-6.032
-6.06363
-6.07531
-6.07368
-6.06037
-6.04079
-6.0245
-6.0146
-6.00702
-6.0072
-6.01182
-6.01423
-6.00837
-5.99581
-5.9809
-5.96485
-5.94642
-5.93173
-5.91397
-5.88992
-5.86464
-5.84331
-5.82969
-5.83654
-5.85466
-5.88338
-5.91174
-5.93668
-5.94843
-5.95261
-5.94386
-5.93235
-5.92227
-5.9226
-5.93932
-5.97355
-6.01855
-6.07042
-6.11927
-6.16012
-6.18068
-6.17818
-6.14797
-6.09978
-6.03769
-5.97718
-5.93302
-5.9133
-5.91816
-5.9273
-5.93627
-5.93245
-5.91763
-5.89396
-5.86199
-5.83481
-5.81516
-5.80406
-5.80944
-5.82854
-5.85074
-5.87881
-5.90213
-5.91705
-5.91832
-5.90832
-5.89048
-5.87079
-5.85702
-5.84695
-5.84705
-5.8587
-5.88624
-5.91851
-5.95099
-5.98132
-6.00442
-6.01655
-6.01455
-5.99809
-5.9672
-5.92506
-5.88043
-5.8456
-5.83579
-5.84851
-5.87868
-5.91631
-5.95063
-5.98312
-6.01255
-6.03618
-6.04979
-6.04411
-6.01713
-5.97384
-5.92252
-5.87237
-5.83762
-5.83304
-5.86641
-5.93473
-6.01151
-6.07919
-6.1241
-6.13994
-6.12986
-6.09881
-6.05735
-6.01317
-5.97203
-5.94059
-5.91465
-5.89497
-5.87824
-5.85991
-5.8413
-5.81387
-5.78827
-5.76623
-5.7522
-5.74303
-5.7355
-5.73154
-5.73202
-5.74259
-5.76046
-5.78911
-5.82359
-5.8593
-5.89382
-5.92124
-5.94445
-5.95457
-5.9532
-5.94678
-5.94123
-5.94217
-5.95068
-5.97035
-6.00174
-6.04046
-6.07746
-6.10541
-6.11742
-6.11193
-6.08323
-6.04264
-5.99042
-5.93376
-5.88033
-5.84488
-5.83485
-5.84739
-5.869
-5.89096
-5.91465
-5.93965
-5.96436
-5.99198
-6.01534
-6.03141
-6.032
-6.01888
-5.98716
-5.94256
-5.88844
-5.83129
-5.78215
-5.74325
-5.71812
-5.71286
-5.71983
-5.73499
-5.75759
-5.78894
-5.82812
-5.86728
-5.90198
-5.92571
-5.93529
-5.93434
-5.936
-5.93889
-5.94762
-5.96374
-5.9794
-5.99108
-5.99695
-5.9972
-5.99023
-5.96988
-5.93158
-5.88695
-5.83669
-5.79104
-5.75697
-5.73295
-5.71363
-5.70045
-5.68894
-5.68157
-5.68502
-5.70689
-5.73879
-5.77771
-5.8128
-5.83735
-5.84503
-5.84192
-5.83178
-5.82512
-5.82263
-5.8275
-5.84525
-5.86843
-5.89518
-5.92654
-5.95852
-5.99264
-6.02014
-6.04503
-6.06605
-6.08421
-6.1007
-6.11427
-6.12713
-6.14009
-6.14901
-6.14481
-6.11857
-6.07327
-6.02262
-5.97883
-5.95231
-5.9407
-5.943
-5.94236
-5.93925
-5.93028
-5.91857
-5.90537
-5.89427
-5.88902
-5.8889
-5.88812
-5.89167
-5.89803
-5.90001
-5.90336
-5.90617
-5.90837
-5.90838
-5.90202
-5.89067
-5.88121
-5.89474
-5.92328
-5.94803
-5.95268
-5.9381
-5.91627
-5.89498
-5.88788
-5.89596
-5.91299
-5.92841
-5.93478
-5.92772
-5.91048
-5.88678
-5.85987
-5.83224
-5.80969
-5.7903
-5.78849
-5.8154
-5.87542
-5.94733
-6.0181
-6.06502
-6.08569
-6.08083
-6.05144
-6.00081
-5.94075
-5.88061
-5.82831
-5.79642
-5.7891
-5.80631
-5.83474
-5.86199
-5.88269
-5.90098
-5.92457
-5.95871
-6.00557
-6.05599
-6.09545
-6.12457
-6.14256
-6.1427
-6.13612
-6.11868
-6.09711
-6.07308
-6.04658
-6.02095
-5.99842
-5.98535
-5.98266
-5.98754
-5.99727
-6.00758
-6.0118
-6.00284
-5.98375
-5.95405
-5.92518
-5.90504
-5.89671
-5.89999
-5.9113
-5.91829
-5.91394
-5.88949
-5.84641
-5.79364
-5.73879
-5.69703
-5.6713
-5.67137
-5.69906
-5.74861
-5.81064
-5.87412
-5.93547
-5.98985
-6.03995
-6.08027
-6.10247
-6.10469
-6.08738
-6.05257
-6.00712
-5.95398
-5.90801
-5.87764
-5.86836
-5.87907
-5.90062
-5.91808
-5.92668
-5.92033
-5.90755
-5.88867
-5.8716
-5.861
-5.85787
-5.86107
-5.86162
-5.86026
-5.85077
-5.83596
-5.81304
-5.79639
-5.78892
-5.79381
-5.80629
-5.82258
-5.84143
-5.856
-5.87084
-5.88245
-5.89431
-5.90602
-5.92492
-5.94751
-5.97534
-6.00129
-6.01921
-6.02766
-6.02789
-6.0258
-6.02104
-6.01018
-5.9927
-5.96592
-5.93443
-5.89923
-5.87053
-5.85658
-5.85634
-5.87555
-5.90814
-5.95335
-5.99982
-6.04686
-6.08779
-6.12234
-6.14053
-6.14417
-6.13313
-6.10555
-6.07221
-6.03512
-5.9999
-5.97239
-5.958
-5.95033
-5.94166
-5.92788
-5.90213
-5.86406
-5.81601
-5.76401
-5.71688
-5.68648
-5.67576
-5.68928
-5.72091
-5.75781
-5.79773
-5.83309
-5.85259
-5.85792
-5.85231
-5.83758
-5.82077
-5.81127
-5.81474
-5.83173
-5.86198
-5.89194
-5.92452
-5.95428
-5.97695
-5.99486
-6.00492
-6.00899
-6.00036
-5.98355
-5.96117
-5.93527
-5.91314
-5.89525
-5.88167
-5.87611
-5.87074
-5.86856
-5.86847
-5.86114
-5.84672
-5.82426
-5.79497
-5.7625
-5.74017
-5.73794
-5.76623
-5.81253
-5.8707
-5.92343
-5.96266
-5.98887
-6.0042
-6.01428
-6.0276
-6.04657
-6.07333
-6.11073
-6.15017
-6.18525
-6.2127
-6.22499
-6.21553
-6.19041
-6.14849
-6.10343
-6.06364
-6.03147
-6.00766
-5.98933
-5.98335
-5.98488
-5.99776
-6.01318
-6.02669
-6.03282
-6.02288
-5.99519
-5.94492
-5.88347
-5.81793
-5.75672
-5.71135
-5.68537
-5.67775
-5.68809
-5.70942
-5.73413
-5.75796
-5.78083
-5.80589
-5.83465
-5.87134
-5.90633
-5.93496
-5.95154
-5.95683
-5.95542
-5.95181
-5.94299
-5.92972
-5.90808
-5.88747
-5.87505
-5.87318
-5.87402
-5.86472
-5.84679
-5.82212
-5.79696
-5.78537
-5.78584
-5.80157
-5.83045
-5.87036
-5.91165
-5.94654
-5.96868
-5.97526
-5.96456
-5.94436
-5.91771
-5.89502
-5.87644
-5.85203
-5.82588
-5.79514
-5.7642
-5.74336
-5.73878
-5.75225
-5.78393
-5.82175
-5.85645
-5.87895
-5.89894
-5.91245
-5.92047
-5.93172
-5.94235
-5.96118
-5.98065
-5.99797
-6.01086
-6.02023
-6.01834
-6.01048
-5.99527
-5.97677
-5.95929
-5.95031
-5.95397
-5.96346
-5.97073
-5.96517
-5.95015
-5.92092
-5.88643
-5.85704
-5.8384
-5.82771
-5.82687
-5.83031
-5.83281
-5.82942
-5.81715
-5.80504
-5.79624
-5.79263
-5.79563
-5.80653
-5.81618
-5.81895
-5.81145
-5.79834
-5.78609
-5.7792
-5.7875
-5.81126
-5.84108
-5.86886
-5.8964
-5.91417
-5.93457
-5.95504
-5.98193
-6.0136
-6.04737
-6.07577
-6.09273
-6.09707
-6.08608
-6.06247
-6.02925
-5.98925
-5.94433
-5.90495
-5.87507
-5.85722
-5.85239
-5.85348
-5.85151
-5.84768
-5.84355
-5.85037
-5.8737
-5.91633
-5.97164
-6.02936
-6.08373
-6.12753
-6.15462
-6.15824
-6.1358
-6.08776
-6.02151
-5.94958
-5.87759
-5.82086
-5.7888
-5.78399
-5.80447
-5.83713
-5.8777
-5.91726
-5.95051
-5.96918
-5.97331
-5.95994
-5.92645
-5.87723
-5.81999
-5.77247
-5.74735
-5.74682
-5.76877
-5.79797
-5.82495
-5.84112
-5.84821
-5.8517
-5.85861
-5.88553
-5.93641
-6.0009
-6.07181
-6.12925
-6.15915
-6.15754
-6.12868
-6.08504
-6.03493
-5.99415
-5.96623
-5.9552
-5.9535
-5.95807
-5.95943
-5.95834
-5.95246
-5.9453
-5.93641
-5.92932
-5.92572
-5.92342
-5.92262
-5.9204
-5.91951
-5.91973
-5.92314
-5.92951
-5.93969
-5.95477
-5.96531
-5.96939
-5.96183
-5.94889
-5.93206
-5.91798
-5.91153
-5.9255
-5.96014
-6.00864
-6.04995
-6.07526
-6.08399
-6.07438
-6.05278
-6.03158
-6.00802
-5.98716
-5.95933
-5.92449
-5.88114
-5.83649
-5.79581
-5.77349
-5.76902
-5.77876
-5.79704
-5.81805
-5.8386
-5.85062
-5.8623
-5.86577
-5.86746
-5.86995
-5.8772
-5.88942
-5.9035
-5.91037
-5.91005
-5.9002
-5.88093
-5.85593
-5.8279
-5.80573
-5.78475
-5.77407
-5.77632
-5.79474
-5.82516
-5.86533
-5.91082
-5.95842
-6.00012
-6.03313
-6.05307
-6.05931
-6.04865
-6.02379
-5.99073
-5.95434
-5.91956
-5.89774
-5.89549
-5.91766
-5.95994
-6.02437
-6.09179
-6.14926
-6.18241
-6.18304
-6.14923
-6.09764
-6.03384
-5.97185
-5.91229
-5.86398
-5.82582
-5.80337
-5.80183
-5.82071
-5.85058
-5.87909
-5.90313
-5.92177
-5.93523
-5.94154
-5.93492
-5.91373
-5.87561
-5.82346
-5.76917
-5.72562
-5.70623
-5.71425
-5.74128
-5.77472
-5.81123
-5.84808
-5.89112
-5.94042
-5.98884
-6.02907
-6.0548
-6.06025
-6.04869
-6.03325
-6.01749
-6.01344
-6.01696
-6.03003
-6.04651
-6.0658
-6.08592
-6.10866
-6.12512
-6.13403
-6.1309
-6.11714
-6.09809
-6.07403
-6.04601
-6.00807
-5.96432
-5.91726
-5.87192
-5.83139
-5.80182
-5.78728
-5.79218
-5.80655
-5.8333
-5.86254
-5.88817
-5.9101
-5.91752
-5.90774
-5.88442
-5.8541
-5.81851
-5.79207
-5.7817
-5.78752
-5.80083
-5.81298
-5.81229
-5.80017
-5.78246
-5.76818
-5.76529
-5.77772
-5.79916
-5.83134
-5.85891
-5.88316
-5.90524
-5.92568
-5.93685
-5.94168
-5.93675
-5.92329
-5.90383
-5.88114
-5.86498
-5.86306
-5.88568
-5.93067
-5.99455
-6.06298
-6.1219
-6.15872
-6.17139
-6.16336
-6.13466
-6.09046
-6.03612
-5.97428
-5.91198
-5.85626
-5.81515
-5.79588
-5.80198
-5.82692
-5.86168
-5.90011
-5.93543
-5.96929
-5.99625
-6.016
-6.03193
-6.03942
-6.03266
-6.01084
-5.97362
-5.92586
-5.87953
-5.85083
-5.84721
-5.86787
-5.90163
-5.93526
-5.96424
-5.97544
-5.96823
-5.93708
-5.89516
-5.85048
-5.80946
-5.78202
-5.76306
-5.74658
-5.73115
-5.71368
-5.69675
-5.68658
-5.69101
-5.71096
-5.75152
-5.80314
-5.86116
-5.917
-5.96915
-6.00837
-6.02994
-6.03503
-6.02445
-6.00457
-5.98243
-5.96307
-5.94728
-5.93594
-5.92712
-5.92162
-5.92394
-5.93854
-5.96615
-5.99682
-6.02537
-6.04417
-6.05101
-6.04596
-6.0283
-6.01337
-6.00719
-6.00915
-6.0124
-6.01246
-6.00723
-5.99239
-5.96527
-5.9334
-5.9047
-5.88941
-5.88623
-5.8901
-5.89754
-5.90685
-5.92458
-5.9462
-5.963
-5.9657
-5.95104
-5.91689
-5.87386
-5.82876
-5.79599
-5.77914
-5.77986
-5.7915
-5.81753
-5.86054
-5.91821
-5.97683
-6.02199
-6.04396
-6.03503
-6.00553
-5.96086
-5.90587
-5.85203
-5.80747
-5.78157
-5.7797
-5.80496
-5.84654
-5.89829
-5.95483
-6.00171
-6.03132
-6.04184
-6.02758
-5.99313
-5.94269
-5.88921
-5.84152
-5.81193
-5.79456
-5.79427
-5.80384
-5.82172
-5.8464
-5.8798
-5.92144
-5.96751
-6.00821
-6.03469
-6.04534
-6.03943
-6.02874
-6.02875
-6.04564
-6.07816
-6.1172
-6.15962
-6.19228
-6.21609
-6.22394
-6.22096
-6.21388
-6.19604
-6.16796
-6.13197
-6.08525
-6.03359
-5.9812
-5.93693
-5.91248
-5.90817
-5.91416
-5.91658
-5.89876
-5.86481
-5.81831
-5.76569
-5.71369
-5.66887
-5.63928
-5.62774
-5.64472
-5.68992
-5.76384
-5.85406
-5.94915
-6.03092
-6.09951
-6.13966
-6.15626
-6.14383
-6.10691
-6.06398
-6.02052
-5.98441
-5.96195
-5.95441
-5.95952
-5.97063
-5.98202
-5.98572
-5.98488
-5.9728
-5.94997
-5.91408
-5.8658
-5.81577
-5.77384
-5.75104
-5.75219
-5.77785
-5.81903
-5.86551
-5.91034
-5.94757
-5.96971
-5.97438
-5.9622
-5.9273
-5.87571
-5.81596
-5.76141
-5.71779
-5.69185
-5.68795
-5.70487
-5.74157
-5.79321
-5.84708
-5.89341
-5.92735
-5.94324
-5.94489
-5.93657
-5.92533
-5.91455
-5.9093
-5.91458
-5.93191
-5.9606
-5.99932
-6.04353
-6.08381
-6.11253
-6.12342
-6.10989
-6.07109
-6.01577
-5.95439
-5.89984
-5.86818
-5.87027
-5.89378
-5.9342
-5.97705
-6.01059
-6.03127
-6.03398
-6.01523
-5.97463
-5.91886
-5.85784
-5.79634
-5.75926
-5.75041
-5.76946
-5.79845
-5.82887
-5.85054
-5.86525
-5.87578
-5.88994
-5.91777
-5.96484
-6.0211
-6.0767
-6.11899
-6.13312
-6.12105
-6.0901
-6.0433
-5.99464
-5.94271
-5.89531
-5.85257
-5.81676
-5.79966
-5.79866
-5.8116
-5.83516
-5.86233
-5.88924
-5.91211
-5.93374
-5.94777
-5.95428
-5.95529
-5.94925
-5.93698
-5.92157
-5.90506
-5.89184
-5.87842
-5.86418
-5.84762
-5.83186
-5.81538
-5.80385
-5.79945
-5.80604
-5.82734
-5.8574
-5.89269
-5.92138
-5.94268
-5.95294
-5.95517
-5.95693
-5.96102
-5.97661
-5.99855
-6.02887
-6.06012
-6.08901
-6.10425
-6.10031
-6.07831
-6.03631
-5.98674
-5.94183
-5.91911
-5.92489
-5.95042
-5.97505
-5.98112
-5.95686
-5.91001
-5.87164
-5.87132
-5.90289
-5.94218
-5.97118
-5.98591
-5.9881
-5.97651
-5.9481
-5.90647
-5.85847
-5.81592
-5.78347
-5.76724
-5.76591
-5.77699
-5.7987
-5.83584
-5.88123
-5.92498
-5.95365
-5.96359
-5.95113
-5.92687
-5.89471
-5.86183
-5.83266
-5.80633
-5.79624
-5.79914
-5.82623
-5.87132
-5.92442
-5.97847
-6.02908
-6.07066
-6.10816
-6.1357
-6.15571
-6.16402
-6.15801
-6.1413
-6.11312
-6.07909
-6.04335
-5.99799
-5.95261
-5.9021
-5.85301
-5.80815
-5.77518
-5.75487
-5.74626
-5.74603
-5.75287
-5.76237
-5.78201
-5.80836
-5.84208
-5.88102
-5.92135
-5.95672
-5.9805
-5.99691
-6.01392
-6.03001
-6.0463
-6.06071
-6.06973
-6.0686
-6.05289
-6.02945
-5.99558
-5.96803
-5.95132
-5.94527
-5.94242
-5.94283
-5.94347
-5.95164
-5.96737
-5.98203
-5.99548
-5.99837
-5.99844
-5.99134
-5.98137
-5.96041
-5.92998
-5.89866
-5.86951
-5.84818
-5.83894
-5.84307
-5.85701
-5.88108
-5.90993
-5.93584
-5.95271
-5.96002
-5.95339
-5.93201
-5.90175
-5.85927
-5.81772
-5.77589
-5.74451
-5.73371
-5.74743
-5.78592
-5.83285
-5.87001
-5.88738
-5.8868
-5.87614
-5.86304
-5.85485
-5.86124
-5.87522
-5.89176
-5.90968
-5.92298
-5.92945
-5.92498
-5.91631
-5.89939
-5.8872
-5.88289
-5.89867
-5.94021
-5.98944
-6.0393
-6.07569
-6.08952
-6.08163
-6.05044
-6.00677
-5.96063
-5.90973
-5.86576
-5.82768
-5.79931
-5.7868
-5.7858
-5.79367
-5.80299
-5.8084
-5.80717
-5.80527
-5.80929
-5.82042
-5.84045
-5.86543
-5.88059
-5.88395
-5.876
-5.85749
-5.83564
-5.81634
-5.80077
-5.7948
-5.79643
-5.80564
-5.82206
-5.84731
-5.87724
-5.91417
-5.95361
-5.99105
-6.02887
-6.06172
-6.08545
-6.08838
-6.06792
-6.03212
-5.98818
-5.95521
-5.9404
-5.93711
-5.95268
-5.98098
-6.01457
-6.05042
-6.08105
-6.09845
-6.10319
-6.09006
-6.06805
-6.03801
-6.0117
-5.9881
-5.96344
-5.93801
-5.91109
-5.89178
-5.87989
-5.8733
-5.87368
-5.87629
-5.87462
-5.86326
-5.84182
-5.80867
-5.77801
-5.75742
-5.74865
-5.75618
-5.77891
-5.81037
-5.84456
-5.87605
-5.89827
-5.90799
-5.9023
-5.8774
-5.83656
-5.77923
-5.71431
-5.65629
-5.61648
-5.60641
-5.62733
-5.67657
-5.74598
-5.82108
-5.89131
-5.95134
-6.0001
-6.02954
-6.04481
-6.05551
-6.06659
-6.08341
-6.10112
-6.11218
-6.10984
-6.09432
-6.06682
-6.03148
-5.99648
-5.96297
-5.9373
-5.91801
-5.90498
-5.90248
-5.91078
-5.94008
-5.98387
-6.03336
-6.08015
-6.11354
-6.13218
-6.13246
-6.11131
-6.08046
-6.03666
-5.98607
-5.93834
-5.89782
-5.86173
-5.83557
-5.81892
-5.81119
-5.80894
-5.81381
-5.82087
-5.83341
-5.84492
-5.85648
-5.86952
-5.88185
-5.89721
-5.91044
-5.92042
-5.91905
-5.91286
-5.9049
-5.90033
-5.90021
-5.90518
-5.91853
-5.9364
-5.95952
-5.98295
-6.00071
-6.01085
-6.00448
-5.98428
-5.95514
-5.92349
-5.89829
-5.87669
-5.85743
-5.83713
-5.819
-5.80896
-5.81981
-5.84853
-5.89592
-5.95664
-6.01246
-6.06497
-6.09554
-6.10728
-6.10578
-6.09546
-6.07579
-6.05468
-6.0309
-6.01105
-5.98908
-5.96213
-5.93088
-5.89303
-5.85124
-5.81355
-5.79097
-5.78
-5.7783
-5.78235
-5.78808
-5.79077
-5.78592
-5.76705
-5.74277
-5.72435
-5.72439
-5.74782
-5.79291
-5.85033
-5.90952
-5.96985
-6.01883
-6.0513
-6.07349
-6.07597
-6.06613
-6.04599
-6.01736
-5.98497
-5.95316
-5.92437
-5.89534
-5.86719
-5.8463
-5.83083
-5.82491
-5.83086
-5.84554
-5.87639
-5.90854
-5.94739
-5.98747
-6.01847
-6.04126
-6.05496
-6.06173
-6.06175
-6.05231
-6.03347
-6.00607
-5.96765
-5.92556
-5.88672
-5.85916
-5.84306
-5.83995
-5.8415
-5.84189
-5.83322
-5.81642
-5.79574
-5.77792
-5.7685
-5.77019
-5.77581
-5.78575
-5.79665
-5.79632
-5.79109
-5.78738
-5.78502
-5.79008
-5.80437
-5.83087
-5.86395
-5.901
-5.94064
-5.9793
-6.01602
-6.04753
-6.06886
-6.07888
-6.07703
-6.06235
-6.0386
-6.0045
-5.96362
-5.9218
-5.88538
-5.85807
-5.83981
-5.83353
-5.8344
-5.84826
-5.86898
-5.89336
-5.91518
-5.93249
-5.94371
-5.95282
-5.96083
-5.96254
-5.94881
-5.91648
-5.8719
-5.82559
-5.79642
-5.79727
-5.82517
-5.86639
-5.90144
-5.92385
-5.93514
-5.94208
-5.95507
-5.98119
-6.0186
-6.05969
-6.10003
-6.13383
-6.15662
-6.16611
-6.16155
-6.13746
-6.1005
-6.05604
-6.01389
-5.98421
-5.96907
-5.96375
-5.95696
-5.94513
-5.92053
-5.88784
-5.85582
-5.83484
-5.83088
-5.85038
-5.87398
-5.89143
-5.89551
-5.88234
-5.86086
-5.83795
-5.81293
-5.78567
-5.76073
-5.7381
-5.72331
-5.7265
-5.75342
-5.79523
-5.8395
-5.88005
-5.91238
-5.93362
-5.95035
-5.96913
-5.98828
-6.00778
-6.03211
-6.05446
-6.07093
-6.07365
-6.0699
-6.06297
-6.06219
-6.06485
-6.06644
-6.06213
-6.05596
-6.04939
-6.0391
-6.01786
-5.98037
-5.9353
-5.89444
-5.87244
-5.87589
-5.90868
-5.95178
-5.99573
-6.02872
-6.0437
-6.0399
-6.01785
-5.98768
-5.95598
-5.92691
-5.91117
-5.90526
-5.90386
-5.90369
-5.89347
-5.86448
-5.81891
-5.76243
-5.709
-5.68951
-5.71413
-5.77977
-5.87115
-5.95728
-6.03057
-6.09161
-6.13904
-6.17093
-6.18719
-6.18811
-6.16728
-6.12699
-6.06779
-5.99748
-5.92272
-5.84948
-5.78747
-5.74295
-5.71655
-5.70841
-5.71002
-5.71415
-5.72136
-5.72897
-5.74216
-5.76668
-5.80036
-5.83904
-5.87604
-5.90726
-5.92659
-5.93483
-5.92651
-5.90346
-5.87456
-5.84858
-5.83477
-5.83794
-5.86624
-5.9171
-5.98417
-6.0539
-6.11201
-6.14754
-6.15568
-6.14207
-6.11235
-6.07557
-6.03769
-6.00532
-5.97665
-5.95649
-5.94096
-5.93379
-5.93258
-5.93215
-5.92606
-5.91077
-5.8875
-5.85983
-5.838
-5.82532
-5.82267
-5.82596
-5.83486
-5.84095
-5.83856
-5.82557
-5.80704
-5.7843
-5.75952
-5.73868
-5.72889
-5.73421
-5.75922
-5.7947
-5.83765
-5.87807
-5.91005
-5.92832
-5.93487
-5.92443
-5.90016
-5.86614
-5.8285
-5.79738
-5.77743
-5.78397
-5.80743
-5.84674
-5.89339
-5.94466
-5.99821
-6.04612
-6.08592
-6.11129
-6.12335
-6.11639
-6.09491
-6.06361
-6.02282
-5.98131
-5.94207
-5.91213
-5.8867
-5.86987
-5.86332
-5.86804
-5.87592
-5.8927
-5.91506
-5.94227
-5.96688
-5.98278
-5.98551
-5.97885
-5.96851
-5.95659
-5.94759
-5.93936
-5.92806
-5.91462
-5.90645
-5.90543
-5.91439
-5.92988
-5.9436
-5.94829
-5.93903
-5.92143
-5.8978
-5.8822
-5.88242
-5.90447
-5.93824
-5.98361
-6.02836
-6.06628
-6.09352
-6.10849
-6.10377
-6.08783
-6.06901
-6.04767
-6.02907
-6.01226
-5.99129
-5.96765
-5.94356
-5.90779
-5.86107
-5.8065
-5.75239
-5.70598
-5.67889
-5.67728
-5.70203
-5.74912
-5.80415
-5.86134
-5.9123
-5.95238
-5.98548
-6.0091
-6.02725
-6.04114
-6.05706
-6.07806
-6.10324
-6.12815
-6.14708
-6.14873
-6.12452
-6.07112
-5.99389
-5.90463
-5.8191
-5.75183
-5.71614
-5.71748
-5.74724
-5.79613
-5.85262
-5.904
-5.94035
-5.95904
-5.95967
-5.94537
-5.9213
-5.89872
-5.88039
-5.87574
-5.89075
-5.92445
-5.96724
-6.0122
-6.04157
-6.05172
-6.03444
-5.98956
-5.92662
-5.85004
-5.78372
-5.74015
-5.73241
-5.75622
-5.79878
-5.84422
-5.88484
-5.92054
-5.95007
-5.9742
-5.99098
-6.00537
-6.01805
-6.02956
-6.03766
-6.03872
-6.03497
-6.02252
-6.00567
-5.98748
-5.97744
-5.97217
-5.96693
-5.95235
-5.9283
-5.89778
-5.87146
-5.85838
-5.85742
-5.86612
-5.87588
-5.88757
-5.9043
-5.91986
-5.92776
-5.92664
-5.91187
-5.88473
-5.85894
-5.84121
-5.83702
-5.84523
-5.85805
-5.87424
-5.88747
-5.89704
-5.89517
-5.88619
-5.8697
-5.85499
-5.84456
-5.84444
-5.85037
-5.8626
-5.88619
-5.92341
-5.97591
-6.03709
-6.09482
-6.13954
-6.16343
-6.16803
-6.1596
-6.13978
-6.11294
-6.08853
-6.06872
-6.05927
-6.05459
-6.05843
-6.07067
-6.0804
-6.07773
-6.06059
-6.02488
-5.97698
-5.92341
-5.87764
-5.84859
-5.83974
-5.84472
-5.85392
-5.85966
-5.85521
-5.83227
-5.79411
-5.74031
-5.67712
-5.60555
-5.54273
-5.50478
-5.50814
-5.54883
-5.62111
-5.7094
-5.79654
-5.87407
-5.93637
-5.9744
-5.98787
-5.98224
-5.96723
-5.94626
-5.92408
-5.90599
-5.89651
-5.89644
-5.90547
-5.9192
-5.93114
-5.94256
-5.95381
-5.96136
-5.96755
-5.97916
-5.99239
-6.00089
-5.9971
-5.98432
-5.96383
-5.93743
-5.91877
-5.91112
-5.92469
-5.96075
-6.00504
-6.04119
-6.06105
-6.05899
-6.04082
-6.00977
-5.9779
-5.951
-5.93682
-5.9343
-5.94488
-5.96354
-5.98521
-6.00265
-6.02432
-6.04252
-6.05715
-6.06146
-6.05554
-6.03298
-5.99958
-5.95128
-5.89722
-5.83861
-5.78826
-5.75421
-5.7472
-5.76718
-5.81202
-5.87005
-5.93397
-5.98709
-6.02392
-6.04094
-6.03167
-6.00334
-5.95525
-5.89777
-5.83852
-5.78239
-5.73568
-5.69827
-5.67564
-5.67054
-5.68796
-5.72123
-5.77202
-5.82639
-5.87085
-5.89216
-5.8973
-5.88754
-5.8745
-5.85462
-5.82757
-5.79611
-5.77429
-5.77444
-5.8111
-5.87534
-5.94074
-5.98965
-6.01123
-6.01555
-6.00855
-5.9917
-5.97263
-5.95199
-5.93168
-5.91111
-5.89819
-5.88545
-5.87101
-5.85685
-5.84369
-5.83599
-5.83769
-5.85418
-5.8861
-5.92924
-5.97569
-6.01565
-6.0389
-6.04132
-6.01916
-5.98358
-5.9365
-5.8858
-5.84023
-5.79819
-5.76994
-5.75504
-5.75419
-5.76719
-5.78498
-5.8077
-5.82506
-5.83478
-5.83948
-5.84104
-5.84457
-5.85751
-5.8831
-5.92029
-5.97113
-6.02725
-6.08083
-6.12313
-6.14217
-6.14508
-6.12587
-6.09821
-6.06776
-6.045
-6.0313
-6.02657
-6.02211
-6.009
-5.98284
-5.94809
-5.91179
-5.88216
-5.86493
-5.8619
-5.87207
-5.89029
-5.90675
-5.91432
-5.90869
-5.8918
-5.87736
-5.86542
-5.86074
-5.85273
-5.83895
-5.82497
-5.81625
-5.8225
-5.84634
-5.88405
-5.92736
-5.96787
-6.00229
-6.03465
-6.05987
-6.07584
-6.08068
-6.07482
-6.05899
-6.04205
-6.03257
-6.02521
-6.02593
-6.03125
-6.02952
-6.03149
-6.02435
-6.00898
-5.98075
-5.94088
-5.8925
-5.84036
-5.79195
-5.75078
-5.7178
-5.70282
-5.70532
-5.72666
-5.7593
-5.79475
-5.83184
-5.8654
-5.89724
-5.92712
-5.95258
-5.96957
-5.97281
-5.96704
-5.94426
-5.90809
-5.86045
-5.80552
-5.75364
-5.70959
-5.68145
-5.67076
-5.68012
-5.7079
-5.74572
-5.79136
-5.85133
-5.92018
-5.9963
-6.0694
-6.13627
-6.18811
-6.22259
-6.24172
-6.24508
-6.23556
-6.21167
-6.1769
-6.1347
-6.0898
-6.05203
-6.02279
-6.00071
-5.98804
-5.9768
-5.96213
-5.94354
-5.9247
-5.91095
-5.90504
-5.90407
-5.90206
-5.89064
-5.87071
-5.84248
-5.81311
-5.78881
-5.78325
-5.79769
-5.82036
-5.84264
-5.85676
-5.86014
-5.85338
-5.84767
-5.84433
-5.84294
-5.84154
-5.83903
-5.83043
-5.82032
-5.81825
-5.83309
-5.86666
-5.90965
-5.9527
-5.9825
-5.99985
-6.00473
-6.00485
-5.99322
-5.97166
-5.94979
-5.92558
-5.91104
-5.90783
-5.91994
-5.94067
-5.96827
-5.99555
-6.02183
-6.04459
-6.05612
-6.05838
-6.03964
-6.01162
-5.9829
-5.95857
-5.94468
-5.94713
-5.96411
-5.98911
-6.01988
-6.05208
-6.08099
-6.10546
-6.12661
-6.14003
-6.14213
-6.13049
-6.11037
-6.08199
-6.04589
-6.00278
-5.95336
-5.90249
-5.85126
-5.8006
-5.74966
-5.69863
-5.65997
-5.64001
-5.64402
-5.67017
-5.71537
-5.77047
-5.82708
-5.87197
-5.89846
-5.9016
-5.88443
-5.85383
-5.82042
-5.78875
-5.76311
-5.74666
-5.73191
-5.71799
-5.70816
-5.70271
-5.7132
-5.73974
-5.7816
-5.83151
-5.89283
-5.96053
-6.02552
-6.08322
-6.12291
-6.13822
-6.13252
-6.10719
-6.07907
-6.05052
-6.0298
-6.01023
-5.99246
-5.97062
-5.94559
-5.91285
-5.88318
-5.86018
-5.85104
-5.85245
-5.86537
-5.88397
-5.91211
-5.94526
-5.98641
-6.02983
-6.06244
-6.08078
-6.07185
-6.04136
-5.99873
-5.95403
-5.92113
-5.8963
-5.8789
-5.86667
-5.85992
-5.86455
-5.88831
-5.92696
-5.97493
-6.02216
-6.06182
-6.09589
-6.11441
-6.11877
-6.10165
-6.06819
-6.0178
-5.95477
-5.88997
-5.83128
-5.78383
-5.75142
-5.73659
-5.73626
-5.75163
-5.77574
-5.80449
-5.83445
-5.86044
-5.88467
-5.89437
-5.89078
-5.86891
-5.84028
-5.8144
-5.79786
-5.79679
-5.80816
-5.82864
-5.85162
-5.87581
-5.89998
-5.92205
-5.94877
-5.96919
-5.98669
-6.00119
-6.01206
-6.01954
-6.02997
-6.03749
-6.04339
-6.04369
-6.03796
-6.03136
-6.019
-6.00747
-6.00374
-6.01331
-6.03746
-6.06832
-6.09732
-6.12207
-6.13416
-6.13586
-6.12753
-6.11148
-6.08311
-6.05022
-6.00903
-5.96523
-5.92054
-5.87271
-5.82377
-5.77668
-5.73497
-5.70827
-5.69903
-5.71184
-5.73953
-5.78221
-5.83019
-5.87711
-5.91942
-5.958
-5.98882
-6.01763
-6.03858
-6.05051
-6.04995
-6.04218
-6.01945
-5.98605
-5.94849
-5.92288
-5.92692
-5.9577
-6.00004
-6.03937
-6.0616
-6.06505
-6.05153
-6.02664
-6.00062
-5.97373
-5.94557
-5.91559
-5.88611
-5.85791
-5.8434
-5.84901
-5.87399
-5.90738
-5.93973
-5.96282
-5.97755
-5.99417
-6.0102
-6.02807
-6.03991
-6.04188
-6.02667
-6.00475
-5.97555
-5.94836
-5.92385
-5.89738
-5.86166
-5.81552
-5.75858
-5.6985
-5.64372
-5.61115
-5.61099
-5.63875
-5.68833
-5.73723
-5.78624
-5.82896
-5.86655
-5.89699
-5.91903
-5.94269
-5.9667
-5.98724
-6.00217
-6.00548
-5.99447
-5.96237
-5.92528
-5.88678
-5.86213
-5.85071
-5.8528
-5.86571
-5.89321
-5.93409
-5.98129
-6.03373
-6.07944
-6.10366
-6.10751
-6.08507
-6.04971
-6.02785
-6.0283
-6.049
-6.08213
-6.11666
-6.14713
-6.16727
-6.17276
-6.15958
-6.13214
-6.08912
-6.03256
-5.96938
-5.89769
-5.8205
-5.74528
-5.678
-5.63131
-5.61652
-5.63399
-5.67799
-5.73399
-5.7939
-5.83771
-5.87098
-5.88983
-5.90513
-5.92699
-5.95791
-5.98904
-6.01317
-6.0209
-6.00481
-5.97802
-5.95489
-5.95312
-5.98032
-6.02959
-6.087
-6.13154
-6.14885
-6.13733
-6.10402
-6.05634
-6.00343
-5.95677
-5.91914
-5.89429
-5.87471
-5.85561
-5.8356
-5.82435
-5.83465
-5.87413
-5.93359
-5.99257
-6.03303
-6.04273
-6.02395
-5.97842
-5.9198
-5.85895
-5.80882
-5.77922
-5.7745
-5.79235
-5.82083
-5.84964
-5.86908
-5.87898
-5.88228
-5.87937
-5.879
-5.8803
-5.88583
-5.89559
-5.90933
-5.91759
-5.92261
-5.91634
-5.89919
-5.87467
-5.84419
-5.81476
-5.79704
-5.79586
-5.81346
-5.85803
-5.92186
-5.99878
-6.07084
-6.12433
-6.14878
-6.14887
-6.12225
-6.07441
-6.00914
-5.93024
-5.84916
-5.77435
-5.71566
-5.68455
-5.68172
-5.70326
-5.74515
-5.79706
-5.85083
-5.90759
-5.96364
-6.01077
-6.04692
-6.07502
-6.09606
-6.11137
-6.11465
-6.11222
-6.10445
-6.08631
-6.05451
-6.01741
-5.97064
-5.91718
-5.86612
-5.8289
-5.81547
-5.82138
-5.83289
-5.83654
-5.83332
-5.82727
-5.82241
-5.82346
-5.82892
-5.83924
-5.8518
-5.86968
-5.88753
-5.90375
-5.9177
-5.93403
-5.95367
-5.97254
-5.98989
-5.99842
-6.00592
-6.00965
-6.01399
-6.01966
-6.023
-6.02358
-6.02255
-6.00818
-5.98477
-5.95218
-5.91541
-5.87947
-5.85762
-5.84933
-5.85598
-5.86654
-5.87148
-5.86957
-5.86494
-5.85804
-5.85151
-5.84667
-5.8469
-5.85845
-5.87822
-5.90748
-5.93872
-5.9538
-5.9548
-5.93968
-5.92133
-5.90448
-5.90175
-5.90765
-5.92237
-5.93535
-5.94487
-5.94625
-5.94618
-5.9443
-5.94393
-5.94829
-5.95542
-5.95449
-5.94152
-5.91598
-5.88534
-5.85497
-5.82808
-5.80999
-5.80473
-5.81087
-5.82981
-5.85451
-5.87727
-5.89699
-5.9177
-5.93928
-5.96046
-5.97913
-5.99061
-5.99578
-5.98847
-5.97136
-5.94507
-5.91639
-5.89003
-5.87322
-5.87089
-5.8805
-5.9057
-5.93563
-5.96572
-5.99007
-5.99929
-5.99215
-5.97285
-5.94455
-5.91655
-5.89717
-5.88788
-5.88779
-5.88956
-5.89542
-5.89814
-5.90471
-5.91506
-5.92907
-5.94193
-5.95188
-5.96247
-5.96893
-5.97677
-5.98612
-5.99137
-5.98436
-5.96518
-5.93578
-5.90541
-5.88541
-5.87836
-5.881
-5.89515
-5.90475
-5.91049
-5.91317
-5.91764
-5.91659
-5.90818
-5.8998
-5.89045
-5.87654
-5.86098
-5.84471
-5.83471
-5.83081
-5.84095
-5.86275
-5.89283
-5.92651
-5.96947
-6.00981
-6.03805
-6.05122
-6.04504
-6.01565
-5.97319
-5.9398
-5.92822
-5.93034
-5.94372
-5.96008
-5.97707
-5.99077
-5.99802
-5.99464
-5.98235
-5.96393
-5.93819
-5.91235
-5.8843
-5.85593
-5.82793
-5.79903
-5.76968
-5.748
-5.7361
-5.73399
-5.74615
-5.77212
-5.80887
-5.84802
-5.88496
-5.91265
-5.9279
-5.92828
-5.91658
-5.89812
-5.88331
-5.87812
-5.88851
-5.90785
-5.9334
-5.95272
-5.9606
-5.96119
-5.95226
-5.94613
-5.94462
-5.93981
-5.93073
-5.90994
-5.88712
-5.86455
-5.84549
-5.83765
-5.83955
-5.84591
-5.85329
-5.85734
-5.85244
-5.83567
-5.80931
-5.77543
-5.73459
-5.69468
-5.66806
-5.67158
-5.70129
-5.74627
-5.7978
-5.85486
-5.92431
-6.0036
-6.09174
-6.17995
-6.25154
-6.30124
-6.32304
-6.31267
-6.27574
-6.22087
-6.15787
-6.09589
-6.04196
-6.0001
-5.97094
-5.95718
-5.96359
-5.9887
-6.01718
-6.03992
-6.04888
-6.03625
-6.00143
-5.94509
-5.88102
-5.82626
-5.7917
-5.77475
-5.77406
-5.78747
-5.80499
-5.82716
-5.84694
-5.8616
-5.87216
-5.88154
-5.89504
-5.91364
-5.93535
-5.95741
-5.97865
-5.99795
-6.01268
-6.02107
-6.02448
-6.02117
-6.00781
-5.98969
-5.96476
-5.93699
-5.91229
-5.89791
-5.89046
-5.89227
-5.90185
-5.91766
-5.93912
-5.96495
-5.98562
-5.98822
-5.96908
-5.933
-5.88567
-5.83943
-5.80706
-5.79226
-5.79678
-5.81189
-5.82947
-5.83795
-5.83633
-5.82214
-5.79787
-5.76948
-5.73857
-5.7132
-5.69568
-5.69602
-5.71468
-5.7561
-5.81232
-5.87059
-5.92555
-5.96904
-5.99874
-6.01774
-6.02666
-6.03374
-6.03597
-6.0406
-6.03976
-6.02973
-6.01114
-5.98695
-5.96277
-5.94824
-5.9428
-5.9455
-5.95751
-5.97544
-5.99697
-6.01848
-6.0428
-6.06811
-6.09258
-6.11356
-6.13332
-6.1458
-6.14599
-6.13374
-6.10757
-6.06214
-6.00444
-5.93584
-5.86372
-5.7958
-5.74218
-5.7121
-5.70879
-5.72913
-5.76375
-5.80541
-5.84686
-5.88632
-5.92672
-5.96631
-6.00465
-6.03561
-6.05101
-6.052
-6.03445
-6.00496
-5.97227
-5.93767
-5.90628
-5.87522
-5.84307
-5.8152
-5.78934
-5.77107
-5.76554
-5.77093
-5.79038
-5.81961
-5.84697
-5.8691
-5.88314
-5.88122
-5.86638
-5.84187
-5.81673
-5.80557
-5.81457
-5.84367
-5.88261
-5.92261
-5.95615
-5.97592
-5.98345
-5.9798
-5.96672
-5.94866
-5.93689
-5.93586
-5.94708
-5.973
-6.00286
-6.03635
-6.06205
-6.07149
-6.06429
-6.03794
-5.99784
-5.9528
-5.90937
-5.87385
-5.85093
-5.84029
-5.84245
-5.85517
-5.87224
-5.88922
-5.89857
-5.90976
-5.91741
-5.92071
-5.9174
-5.9106
-5.90336
-5.89378
-5.88497
-5.87813
-5.87614
-5.8765
-5.87822
-5.88017
-5.87489
-5.86632
-5.85697
-5.8468
-5.8392
-5.83748
-5.84636
-5.87043
-5.90451
-5.94054
-5.972
-5.99461
-6.00671
-6.00101
-5.98161
-5.95216
-5.91953
-5.88738
-5.86085
-5.8452
-5.84815
-5.86732
-5.89819
-5.92999
-5.96018
-5.98342
-6.00034
-5.99875
-5.98281
-5.95457
-5.92161
-5.88726
-5.85407
-5.83741
-5.83968
-5.87375
-5.92861
-5.99181
-6.04428
-6.07976
-6.09358
-6.08855
-6.07077
-6.04404
-6.0101
-5.97684
-5.94723
-5.92474
-5.91507
-5.91336
-5.91822
-5.91872
-5.91344
-5.90371
-5.88893
-5.86939
-5.85633
-5.85045
-5.85061
-5.85196
-5.85511
-5.85617
-5.8561
-5.85642
-5.86285
-5.88075
-5.90757
-5.93719
-5.96608
-5.98629
-5.99599
-5.99608
-5.98803
-5.9757
-5.96174
-5.94219
-5.91395
-5.8763
-5.82432
-5.76773
-5.71533
-5.68405
-5.68647
-5.72113
-5.77601
-5.83152
-5.8669
-5.87178
-5.84944
-5.81293
-5.77451
-5.7501
-5.74245
-5.74571
-5.75607
-5.78539
-5.82822
-5.88328
-5.93552
-5.98113
-6.01215
-6.03078
-6.05263
-6.07003
-6.08484
-6.09999
-6.10566
-6.09708
-6.07703
-6.04394
-5.9989
-5.951
-5.90777
-5.87775
-5.86939
-5.88451
-5.9182
-5.95859
-5.99499
-6.01975
-6.02847
-6.02659
-6.02402
-6.01777
-6.01012
-5.99404
-5.96521
-5.92744
-5.89201
-5.86429
-5.84936
-5.84943
-5.86253
-5.88636
-5.91283
-5.94781
-5.98004
-6.00581
-6.02414
-6.03584
-6.03944
-6.03892
-6.02716
-6.00189
-5.96457
-5.91908
-5.87145
-5.83239
-5.8092
-5.80721
-5.82407
-5.85597
-5.8983
-5.94091
-5.97568
-5.99761
-6.00079
-5.98951
-5.96673
-5.93656
-5.90192
-5.87293
-5.85451
-5.84632
-5.84594
-5.8506
-5.86322
-5.87012
-5.87608
-5.88438
-5.88655
-5.88718
-5.88476
-5.87743
-5.86956
-5.86133
-5.85381
-5.84891
-5.84527
-5.8387
-5.83556
-5.83765
-5.84551
-5.85882
-5.88074
-5.901
-5.91995
-5.93761
-5.95801
-5.97319
-5.98802
-5.99842
-6.00257
-6.00011
-5.99172
-5.9734
-5.94262
-5.91032
-5.88532
-5.87737
-5.88643
-5.903
-5.91343
-5.90952
-5.88918
-5.85807
-5.82097
-5.78641
-5.7661
-5.77512
-5.80801
-5.85524
-5.90843
-5.95428
-5.98629
-6.0091
-6.03179
-6.05563
-6.08295
-6.10739
-6.12283
-6.12962
-6.12237
-6.09764
-6.0597
-6.01247
-5.95461
-5.90082
-5.85784
-5.82848
-5.81537
-5.81553
-5.82193
-5.83215
-5.8457
-5.85918
-5.88056
-5.90886
-5.94238
-5.97606
-5.99911
-6.00455
-5.98693
-5.94451
-5.87721
-5.79801
-5.72364
-5.66731
-5.64648
-5.66853
-5.72347
-5.79397
-5.85435
-5.89568
-5.91093
-5.90274
-5.88019
-5.84649
-5.80892
-5.77276
-5.7393
-5.71525
-5.70627
-5.72069
-5.75149
-5.79089
-5.83934
-5.89185
-5.94739
-6.00644
-6.08103
-6.16135
-6.23413
-6.28567
-6.31064
-6.29966
-6.25809
-6.18395
-6.09006
-5.98463
-5.88269
-5.79714
-5.73762
-5.71051
-5.7104
-5.73312
-5.7679
-5.80941
-5.84998
-5.88384
-5.90695
-5.92216
-5.92785
-5.9271
-5.91848
-5.90311
-5.88477
-5.86432
-5.84734
-5.83398
-5.82384
-5.82136
-5.82543
-5.83214
-5.8464
-5.86908
-5.90197
-5.93889
-5.97904
-6.01473
-6.04302
-6.05327
-6.05188
-6.04073
-6.01739
-5.98694
-5.95399
-5.91923
-5.89101
-5.87398
-5.86784
-5.87758
-5.88654
-5.9003
-5.91401
-5.9339
-5.95955
-5.98905
-6.01667
-6.03268
-6.0334
-6.01099
-5.96412
-5.89715
-5.82003
-5.74111
-5.67826
-5.64148
-5.64007
-5.66707
-5.71144
-5.76433
-5.81897
-5.86687
-5.90699
-5.93365
-5.94466
-5.94237
-5.91872
-5.87908
-5.82414
-5.76263
-5.70144
-5.64404
-5.60264
-5.58564
-5.59861
-5.64539
-5.72273
-5.8194
-5.92114
-6.01304
-6.08995
-6.14508
-6.17554
-6.18298
-6.1723
-6.14295
-6.10866
-6.07856
-6.06086
-6.05666
-6.06115
-6.07169
-6.07831
-6.08247
-6.07716
-6.06662
-6.05231
-6.03316
-6.0062
-5.96936
-5.92325
-5.87132
-5.80998
-5.7501
-5.69441
-5.64299
-5.60493
-5.58481
-5.5899
-5.61909
-5.67161
-5.74014
-5.81405
-5.88575
-5.95025
-6.00193
-6.03973
-6.06946
-6.09082
-6.10408
-6.10452
-6.08821
-6.05959
-6.02177
-5.98193
-5.95156
-5.92967
-5.92051
-5.91452
-5.90423
-5.88523
-5.84985
-5.80794
-5.76872
-5.73786
-5.72221
-5.72508
-5.74499
-5.78442
-5.83403
-5.89553
-5.96474
-6.03911
-6.1113
-6.17313
-6.21187
-6.2213
-6.20144
-6.15415
-6.08725
-6.00639
-5.93083
-5.86433
-5.81785
-5.7903
-5.77586
-5.76844
-5.7683
-5.77853
-5.80313
-5.84697
-5.90559
-5.96789
-6.02694
-6.0662
-6.08539
-6.08045
-6.04947
-6.00435
-5.94994
-5.88931
-5.82675
-5.76435
-5.70803
-5.65904
-5.62961
-5.62914
-5.65374
-5.69534
-5.73795
-5.77725
-5.80939
-5.83535
-5.86246
-5.88894
-5.91206
-5.93163
-5.94866
-5.96696
-5.98836
-6.01703
-6.04887
-6.07441
-6.09057
-6.09615
-6.08854
-6.07176
-6.04442
-6.00677
-5.96449
-5.92009
-5.88008
-5.84256
-5.80235
-5.76203
-5.73098
-5.72067
-5.74059
-5.78801
-5.85527
-5.92666
-5.97971
-6.00607
-6.00924
-5.99876
-5.99183
-5.99377
-6.00325
-6.00458
-5.99697
-5.98158
-5.9626
-5.94608
-5.93314
-5.92512
-5.92503
-5.93467
-5.94747
-5.96055
-5.97145
-5.97627
-5.97786
-5.98021
-5.98428
-5.99203
-6.00258
-6.0085
-6.00605
-5.98604
-5.94165
-5.88238
-5.81315
-5.75489
-5.72563
-5.72169
-5.73881
-5.76735
-5.81924
-5.88864
-5.96454
-6.02414
-6.05607
-6.06086
-6.03829
-6.00011
-5.96001
-5.92627
-5.89389
-5.86285
-5.82325
-5.78188
-5.73974
-5.70792
-5.69436
-5.70945
-5.75038
-5.81381
-5.88852
-5.95858
-6.01837
-6.0607
-6.08087
-6.08017
-6.04926
-5.99362
-5.92258
-5.84787
-5.78756
-5.75659
-5.75849
-5.7865
-5.8317
-5.88259
-5.92781
-5.97386
-6.01845
-6.06803
-6.11164
-6.13767
-6.13571
-6.09783
-6.03014
-5.95185
-5.88158
-5.83476
-5.81629
-5.82594
-5.85214
-5.89456
-5.93469
-5.97044
-5.99684
-6.01089
-6.01397
-6.00514
-5.98863
-5.97401
-5.95813
-5.94905
-5.94757
-5.94465
-5.93654
-5.9224
-5.90354
-5.89492
-5.8994
-5.92008
-5.95178
-5.98241
-6.00525
-6.00764
-5.98582
-5.94896
-5.91392
-5.89347
-5.88806
-5.89341
-5.90472
-5.92055
-5.94352
-5.97546
-6.00977
-6.04707
-6.08182
-6.10726
-6.11887
-6.11347
-6.08837
-6.04662
-5.99052
-5.92029
-5.84932
-5.78682
-5.7385
-5.71566
-5.71717
-5.74165
-5.78528
-5.84361
-5.9136
-5.9844
-6.0374
-6.06918
-6.07076
-6.04781
-6.00952
-5.96484
-5.92609
-5.90047
-5.88298
-5.87548
-5.8764
-5.88648
-5.90129
-5.92548
-5.95237
-5.9831
-6.01305
-6.03999
-6.06208
-6.07644
-6.08463
-6.08671
-6.08243
-6.07108
-6.0568
-6.03912
-6.01789
-5.99873
-5.9842
-5.97179
-5.95703
-5.94145
-5.9239
-5.89975
-5.8716
-5.8406
-5.80882
-5.77893
-5.75552
-5.74233
-5.73648
-5.74237
-5.74553
-5.74141
-5.73386
-5.72431
-5.71748
-5.72288
-5.7418
-5.7713
-5.80927
-5.85192
-5.89514
-5.93311
-5.96425
-5.97999
-5.9798
-5.95801
-5.92195
-5.88099
-5.84847
-5.82946
-5.83436
-5.86509
-5.91425
-5.9709
-6.02542
-6.06567
-6.08651
-6.08471
-6.06656
-6.03738
-6.00689
-5.98521
-5.9746
-5.97903
-5.99585
-6.02234
-6.05201
-6.07523
-6.08034
-6.06761
-6.03864
-6.00045
-5.96192
-5.93536
-5.92408
-5.92662
-5.93629
-5.94442
-5.94578
-5.93694
-5.92227
-5.90218
-5.88151
-5.85745
-5.82762
-5.78705
-5.7445
-5.70839
-5.68528
-5.67904
-5.69324
-5.72166
-5.75486
-5.78734
-5.81126
-5.82027
-5.82007
-5.8199
-5.82355
-5.8396
-5.86667
-5.90312
-5.93888
-5.97039
-5.98247
-5.98123
-5.96238
-5.93566
-5.90612
-5.88202
-5.86362
-5.84539
-5.82726
-5.80803
-5.80169
-5.81066
-5.8311
-5.86158
-5.90366
-5.95385
-6.01025
-6.064
-6.10677
-6.13557
-6.14819
-6.14871
-6.14086
-6.1224
-6.09733
-6.06297
-6.01622
-5.95989
-5.90678
-5.86582
-5.84715
-5.85633
-5.887
-5.92727
-5.96101
-5.96914
-5.95462
-5.91751
-5.87536
-5.83889
-5.81928
-5.81782
-5.8343
-5.8611
-5.88959
-5.91376
-5.92801
-5.93923
-5.94435
-5.95322
-5.9611
-5.96639
-5.97231
-5.98185
-5.98971
-5.99859
-6.00588
-6.00637
-5.99782
-5.97707
-5.94399
-5.89424
-5.83813
-5.78243
-5.7355
-5.709
-5.70489
-5.72937
-5.7754
-5.83507
-5.90176
-5.96765
-6.02813
-6.07842
-6.11573
-6.14102
-6.15
-6.14511
-6.12742
-6.09914
-6.06514
-6.03407
-6.00515
-5.97864
-5.95751
-5.93099
-5.90499
-5.87514
-5.84838
-5.82858
-5.8258
-5.8415
-5.87206
-5.91592
-5.96453
-6.00932
-6.04661
-6.07101
-6.0784
-6.0661
-6.03641
-5.99508
-5.94742
-5.90683
-5.87258
-5.85321
-5.84424
-5.84734
-5.86323
-5.88523
-5.9086
-5.93397
-5.95656
-5.976
-5.99103
-5.99622
-5.99055
-5.96869
-5.93326
-5.88452
-5.8247
-5.76194
-5.70223
-5.65606
-5.63161
-5.63497
-5.66172
-5.70039
-5.74014
-5.76872
-5.78018
-5.77368
-5.75084
-5.71951
-5.68417
-5.65561
-5.64373
-5.65415
-5.68727
-5.73483
-5.78757
-5.84145
-5.88975
-5.92841
-5.95566
-5.97253
-5.97671
-5.9725
-5.96036
-5.9407
-5.91743
-5.89078
-5.86365
-5.84585
-5.83871
-5.84376
-5.86144
-5.88496
-5.91098
-5.93263
-5.9515
-5.96969
-5.99282
-6.02922
-6.07776
-6.13074
-6.17768
-6.21328
-6.23084
-6.22875
-6.20991
-6.17591
-6.13779
-6.10071
-6.05843
-6.00316
-5.93083
-5.84684
-5.76975
-5.71737
-5.70507
-5.73194
-5.78562
-5.85045
-5.91292
-5.9685
-6.00579
-6.02449
-6.01711
-5.98414
-5.92656
-5.85394
-5.7731
-5.71274
-5.67792
-5.68196
-5.72604
-5.79117
-5.8619
-5.92059
-5.96528
-5.99566
-6.00151
-5.99249
-5.97783
-5.96761
-5.96834
-5.98573
-6.00849
-6.02719
-6.0291
-6.01671
-5.98761
-5.9449
-5.90095
-5.86221
-5.83316
-5.81689
-5.81598
-5.83021
-5.85677
-5.89315
-5.93426
-5.97968
-6.02254
-6.05789
-6.08084
-6.08775
-6.07749
-6.04764
-5.99832
-5.92951
-5.85123
-5.77325
-5.71653
-5.69468
-5.70999
-5.75924
-5.829
-5.90664
-5.9773
-6.03515
-6.06368
-6.06807
-6.04647
-6.00153
-5.94401
-5.88176
-5.8226
-5.77379
-5.74699
-5.74175
-5.75437
-5.77804
-5.80924
-5.84192
-5.87157
-5.89828
-5.92001
-5.93889
-5.95257
-5.95857
-5.95776
-5.95036
-5.93774
-5.91908
-5.90238
-5.88879
-5.88065
-5.87921
-5.89443
-5.92129
-5.96757
-6.02829
-6.09737
-6.15372
-6.18505
-6.18063
-6.14293
-6.08042
-6.00711
-5.93253
-5.86751
-5.81468
-5.77091
-5.73439
-5.71262
-5.71101
-5.73616
-5.78877
-5.85863
-5.93531
-6.00281
-6.05405
-6.08546
-6.09928
-6.09945
-6.09063
-6.07017
-6.03626
-5.98754
-5.92353
-5.85203
-5.78101
-5.73004
-5.71072
-5.72308
-5.76362
-5.82664
-5.90015
-5.97787
-6.04507
-6.09242
-6.1157
-6.11203
-6.07929
-6.02506
-5.96677
-5.90915
-5.86231
-5.83658
-5.84234
-5.87766
-5.92572
-5.98112
-6.02581
-6.04885
-6.04176
-6.01159
-5.95743
-5.89186
-5.82933
-5.78285
-5.76429
-5.78002
-5.82119
-5.87167
-5.91408
-5.94449
-5.96019
-5.96278
-5.95589
-5.94267
-5.91995
-5.89897
-5.87704
-5.85369
-5.82926
-5.80524
-5.78374
-5.76988
-5.77425
-5.79861
-5.83463
-5.87461
-5.9154
-5.95157
-5.98172
-6.00668
-6.02874
-6.04922
-6.06891
-6.08306
-6.09536
-6.10296
-6.10544
-6.10092
-6.08806
-6.06281
-6.02513
-5.98111
-5.9265
-5.87308
-5.81984
-5.77264
-5.73854
-5.71824
-5.70824
-5.71101
-5.727
-5.7587
-5.81059
-5.88343
-5.96791
-6.05537
-6.12807
-6.17287
-6.17935
-6.14955
-6.0843
-5.99326
-5.89328
-5.7999
-5.72698
-5.68812
-5.68906
-5.72392
-5.7833
-5.86045
-5.93803
-6.00388
-6.04699
-6.06284
-6.05237
-6.02736
-6.00016
-5.98427
-5.97944
-5.98686
-5.99754
-6.00898
-6.01992
-6.0288
-6.04087
-6.04677
-6.04511
-6.03656
-6.02087
-5.99767
-5.97416
-5.94751
-5.92093
-5.88952
-5.85325
-5.80726
-5.75867
-5.71897
-5.69183
-5.68353
-5.68851
-5.70774
-5.73322
-5.76277
-5.80018
-5.85203
-5.9126
-5.97754
-6.04687
-6.10895
-6.15791
-6.18737
-6.20187
-6.19315
-6.16649
-6.12862
-6.08619
-6.04237
-5.99266
-5.94502
-5.8969
-5.8526
-5.8145
-5.78785
-5.77245
-5.76887
-5.77377
-5.78892
-5.80867
-5.83767
-5.86445
-5.89326
-5.91492
-5.92605
-5.92278
-5.90881
-5.88362
-5.85358
-5.82777
-5.80826
-5.8016
-5.80135
-5.80486
-5.80053
-5.78582
-5.76824
-5.75138
-5.74166
-5.7379
-5.7427
-5.7499
-5.76128
-5.78194
-5.80993
-5.84564
-5.89015
-5.94716
-6.00687
-6.06502
-6.1105
-6.13749
-6.1454
-6.13623
-6.11698
-6.10073
-6.09012
-6.08617
-6.07749
-6.05771
-6.02774
-5.98772
-5.94817
-5.91113
-5.88063
-5.84777
-5.82387
-5.81802
-5.83636
-5.87485
-5.92157
-5.9586
-5.98129
-5.98428
-5.96976
-5.94227
-5.91048
-5.88355
-5.8674
-5.8723
-5.89767
-5.92972
-5.95801
-5.97879
-5.98402
-5.97939
-5.96722
-5.94647
-5.91974
-5.8925
-5.86551
-5.84591
-5.84065
-5.84709
-5.87057
-5.90512
-5.9379
-5.96671
-5.98239
-5.98471
-5.97744
-5.96019
-5.93222
-5.89948
-5.85896
-5.82274
-5.78881
-5.76434
-5.7591
-5.77495
-5.81431
-5.87109
-5.94054
-6.00502
-6.05581
-6.08942
-6.097
-6.08191
-6.04517
-5.99699
-5.94517
-5.89803
-5.85236
-5.81003
-5.77311
-5.73784
-5.71311
-5.70567
-5.71516
-5.74279
-5.78441
-5.83002
-5.87553
-5.91125
-5.93579
-5.9458
-5.94375
-5.93852
-5.93395
-5.92812
-5.92672
-5.92593
-5.93026
-5.93999
-5.95755
-5.98145
-6.00623
-6.02902
-6.04353
-6.05033
-6.04812
-6.04042
-6.03259
-6.02765
-6.02545
-6.02749
-6.03094
-6.03301
-6.02856
-6.01549
-6.00333
-5.98789
-5.97544
-5.96301
-5.9519
-5.93743
-5.92391
-5.91704
-5.91015
-5.89851
-5.87401
-5.83959
-5.8014
-5.7739
-5.76323
-5.77029
-5.79177
-5.81559
-5.82912
-5.83158
-5.82402
-5.81559
-5.81262
-5.81115
-5.81683
-5.82254
-5.83556
-5.86387
-5.90196
-5.94526
-5.98528
-6.01578
-6.03742
-6.05141
-6.06175
-6.06951
-6.06958
-6.06544
-6.05483
-6.04043
-6.02492
-6.01017
-5.99048
-5.96925
-5.94333
-5.91818
-5.89589
-5.8812
-5.87924
-5.88949
-5.90851
-5.92584
-5.93902
-5.94375
-5.94091
-5.93119
-5.91885
-5.90389
-5.88234
-5.86823
-5.85643
-5.85376
-5.86162
-5.86878
-5.87546
-5.87858
-5.87547
-5.86624
-5.85252
-5.83863
-5.8277
-5.8181
-5.81206
-5.80675
-5.80128
-5.79612
-5.7937
-5.79579
-5.80943
-5.83215
-5.86006
-5.89148
-5.92508
-5.95579
-5.9776
-5.98205
-5.972
-5.95228
-5.92286
-5.89363
-5.86268
-5.8367
-5.81978
-5.81782
-5.83318
-5.86987
-5.91615
-5.96893
-6.01524
-6.04895
-6.06943
-6.07558
-6.06942
-6.05008
-6.02408
-5.99345
-5.95747
-5.93049
-5.91371
-5.90516
-5.90864
-5.91862
-5.93365
-5.95179
-5.97139
-5.99401
-6.01914
-6.04497
-6.05863
-6.06084
-6.04747
-6.01584
-5.96525
-5.91198
-5.86073
-5.83199
-5.83051
-5.85768
-5.89999
-5.93169
-5.93977
-5.91708
-5.86289
-5.78988
-5.71349
-5.6516
-5.62294
-5.62786
-5.65501
-5.69267
-5.72821
-5.76362
-5.79928
-5.83847
-5.88032
-5.92256
-5.95121
-5.96354
-5.95289
-5.92652
-5.89548
-5.87507
-5.8747
-5.89765
-5.93544
-5.98803
-6.03957
-6.08954
-6.13319
-6.17797
-6.21491
-6.24394
-6.2627
-6.27309
-6.26758
-6.2461
-6.20328
-6.1379
-6.05036
-5.94846
-5.84489
-5.75391
-5.6863
-5.65392
-5.64961
-5.67479
-5.72284
-5.78392
-5.85026
-5.91043
-5.95836
-5.98024
-5.98241
-5.96502
-5.93483
-5.89604
-5.86011
-5.83
-5.80537
-5.79069
-5.78348
-5.78074
-5.77971
-5.77529
-5.77231
-5.76993
-5.77069
-5.7838
-5.81257
-5.85958
-5.91691
-5.98096
-6.03923
-6.08942
-6.12471
-6.13529
-6.12087
-6.08347
-6.02822
-5.96815
-5.91554
-5.87833
-5.86332
-5.86474
-5.8855
-5.9151
-5.94224
-5.9676
-5.98331
-5.98892
-5.98235
-5.96214
-5.93402
-5.90762
-5.88988
-5.88746
-5.89428
-5.9093
-5.92028
-5.92342
-5.9138
-5.88939
-5.85866
-5.83259
-5.81818
-5.82202
-5.84152
-5.87087
-5.89954
-5.91945
-5.92681
-5.9267
-5.92733
-5.9283
-5.92486
-5.91152
-5.89081
-5.85965
-5.82551
-5.79701
-5.77675
-5.76832
-5.7728
-5.7917
-5.82233
-5.86067
-5.90774
-5.95642
-6.00414
-6.04224
-6.07278
-6.09143
-6.10429
-6.10807
-6.1053
-6.0982
-6.08337
-6.05897
-6.02958
-5.99323
-5.95627
-5.92695
-5.90551
-5.88913
-5.87859
-5.86878
-5.85411
-5.83576
-5.80572
-5.77445
-5.74494
-5.72848
-5.72588
-5.74205
-5.77562
-5.8146
-5.85569
-5.89907
-5.93746
-5.97636
-6.01478
-6.04593
-6.06777
-6.07132
-6.05746
-6.02208
-5.96987
-5.90403
-5.84123
-5.78675
-5.7436
-5.71943
-5.70848
-5.708
-5.72321
-5.75251
-5.79754
-5.855
-5.90984
-5.9622
-5.99801
-6.01359
-6.00936
-5.99446
-5.98026
-5.97684
-5.98586
-6.00289
-6.01719
-6.02968
-6.02898
-6.02047
-6.00507
-5.98779
-5.97315
-5.96222
-5.95814
-5.95449
-5.95091
-5.94804
-5.94406
-5.93341
-5.91655
-5.89872
-5.88698
-5.88714
-5.90074
-5.92596
-5.95504
-5.9835
-6.00227
-6.00937
-6.00188
-5.98081
-5.95448
-5.92997
-5.90926
-5.89827
-5.89029
-5.88574
-5.8885
-5.8962
-5.91609
-5.9452
-5.98407
-6.02279
-6.05275
-6.06871
-6.06826
-6.05497
-6.02868
-5.99796
-5.96535
-5.93732
-5.91213
-5.8888
-5.86428
-5.84376
-5.82721
-5.8168
-5.81024
-5.80018
-5.78225
-5.75922
-5.73652
-5.72013
-5.71583
-5.72458
-5.7383
-5.74956
-5.74668
-5.72955
-5.69833
-5.65651
-5.62715
-5.62242
-5.64023
-5.68366
-5.74091
-5.81583
-5.89347
-5.97142
-6.03743
-6.08697
-6.11799
-6.12478
-6.11154
-6.08351
-6.05233
-6.02401
-5.99806
-5.96769
-5.93647
-5.9052
-5.87522
-5.86107
-5.86551
-5.88367
-5.92084
-5.96832
-6.01907
-6.07166
-6.12548
-6.17394
-6.21566
-6.24481
-6.25031
-6.22686
-6.17051
-6.08122
-5.97802
-5.87693
-5.80888
-5.78007
-5.78803
-5.8236
-5.86373
-5.89562
-5.91406
-5.91668
-5.90557
-5.89024
-5.87123
-5.85636
-5.85196
-5.8528
-5.85674
-5.86304
-5.87153
-5.87403
-5.87313
-5.86347
-5.84717
-5.81747
-5.77687
-5.73314
-5.69949
-5.68681
-5.69534
-5.72014
-5.75279
-5.78611
-5.82064
-5.85244
-5.89017
-5.93621
-5.9839
-6.02818
-6.06151
-6.08341
-6.09479
-6.09457
-6.09186
-6.08363
-6.0691
-6.04921
-6.02871
-6.01047
-5.99062
-5.97247
-5.95372
-5.93015
-5.89639
-5.8565
-5.81198
-5.7793
-5.76748
-5.77882
-5.80798
-5.85086
-5.89908
-5.94417
-5.98328
-6.0113
-6.02823
-6.02761
-6.01209
-5.97992
-5.94919
-5.9331
-5.93249
-5.9384
-5.94137
-5.93003
-5.90702
-5.86945
-5.82914
-5.7827
-5.73931
-5.71236
-5.72203
-5.77298
-5.84615
-5.92146
-5.97359
-6.00184
-6.01174
-6.00895
-5.99626
-5.98626
-5.97622
-5.96783
-5.95332
-5.92868
-5.89243
-5.85073
-5.81141
-5.77929
-5.7592
-5.75913
-5.77226
-5.79805
-5.82926
-5.85871
-5.88485
-5.90524
-5.92468
-5.94671
-5.96757
-5.98471
-6.00131
-6.01464
-6.02102
-6.02594
-6.02832
-6.03216
-6.03134
-6.02867
-6.01633
-5.99472
-5.96169
-5.9153
-5.86777
-5.82573
-5.79579
-5.78688
-5.79504
-5.82583
-5.8656
-5.90192
-5.93355
-5.94802
-5.94805
-5.92611
-5.88785
-5.8392
-5.7956
-5.77077
-5.77301
-5.80328
-5.85509
-5.91049
-5.96725
-6.01918
-6.06586
-6.1026
-6.12828
-6.13679
-6.12325
-6.09031
-6.03837
-5.97514
-5.91632
-5.8701
-5.84109
-5.83747
-5.85453
-5.8824
-5.91165
-5.93594
-5.94961
-5.95362
-5.94254
-5.92187
-5.89756
-5.879
-5.8646
-5.86101
-5.85984
-5.86463
-5.87244
-5.88601
-5.90969
-5.94103
-5.97445
-5.99952
-6.01087
-6.00427
-5.98249
-5.95095
-5.91425
-5.87373
-5.83671
-5.80679
-5.79049
-5.79059
-5.79819
-5.80783
-5.81614
-5.8208
-5.81535
-5.80805
-5.80398
-5.80191
-5.80468
-5.81593
-5.83671
-5.87194
-5.9176
-5.97151
-6.02554
-6.08268
-6.13522
-6.17927
-6.20919
-6.2208
-6.205
-6.16087
-6.09527
-6.01968
-5.94498
-5.88378
-5.84019
-5.81857
-5.81574
-5.82382
-5.83706
-5.85137
-5.86265
-5.87711
-5.89266
-5.90538
-5.91773
-5.92361
-5.91457
-5.88715
-5.84102
-5.78463
-5.73328
-5.70823
-5.72212
-5.77465
-5.85092
-5.92588
-5.98771
-6.02457
-6.03382
-6.02168
-5.99646
-5.95871
-5.91364
-5.86342
-5.81536
-5.77542
-5.74857
-5.74011
-5.75982
-5.812
-5.89107
-5.97395
-6.0461
-6.09049
-6.10323
-6.07776
-6.02802
-5.9655
-5.90288
-5.85484
-5.82986
-5.8297
-5.85927
-5.9065
-5.9633
-6.02745
-6.08903
-6.14444
-6.18887
-6.21507
-6.21366
-6.18797
-6.13529
-6.06719
-5.99882
-5.94413
-5.9134
-5.9014
-5.9038
-5.90745
-5.90963
-5.90017
-5.88271
-5.86009
-5.83696
-5.82402
-5.82381
-5.83947
-5.86165
-5.88892
-5.91217
-5.92883
-5.93322
-5.92964
-5.91436
-5.89956
-5.88988
-5.89133
-5.90089
-5.91369
-5.92878
-5.93684
-5.93259
-5.91966
-5.90031
-5.88776
-5.8861
-5.89201
-5.8961
-5.89462
-5.88925
-5.88064
-5.87385
-5.86724
-5.86133
-5.85656
-5.8521
-5.84608
-5.8451
-5.84248
-5.84075
-5.83495
-5.82655
-5.83097
-5.85691
-5.90016
-5.95614
-6.01224
-6.06544
-6.10064
-6.11887
-6.11658
-6.09626
-6.06172
-6.01669
-5.96408
-5.91239
-5.85948
-5.81481
-5.78403
-5.77623
-5.79108
-5.82413
-5.8702
-5.91457
-5.94885
-5.96435
-5.956
-5.92637
-5.88584
-5.83796
-5.80166
-5.78655
-5.79541
-5.82188
-5.85848
-5.89536
-5.92886
-5.95029
-5.96989
-5.99477
-6.02847
-6.06683
-6.10549
-6.14897
-6.18884
-6.22552
-6.25358
-6.27031
-6.26998
-6.24946
-6.20349
-6.13798
-6.05516
-5.9582
-5.86065
-5.7761
-5.72006
-5.70835
-5.73776
-5.80272
-5.88243
-5.96729
-6.03758
-6.0836
-6.10191
-6.09166
-6.05735
-6.00934
-5.95812
-5.91278
-5.87182
-5.83793
-5.80976
-5.79137
-5.78133
-5.77379
-5.77773
-5.79237
-5.8156
-5.84932
-5.89357
-5.94128
-5.98735
-6.01373
-6.01566
-6.00095
-5.97263
-5.93972
-5.90279
-5.86273
-5.81628
-5.77019
-5.72728
-5.69843
-5.69595
-5.71921
-5.77059
-5.83888
-5.90917
-5.96648
-5.99872
-6.00841
-6.00093
-5.97956
-5.95486
-5.92836
-5.9088
-5.90122
-5.90867
-5.93171
-5.96109
-5.99337
-6.02529
-6.05531
-6.08497
-6.1098
-6.13367
-6.14945
-6.15417
-6.14284
-6.11592
-6.07407
-6.02162
-5.9618
-5.90938
-5.86408
-5.8294
-5.80726
-5.79045
-5.78241
-5.78361
-5.79133
-5.80781
-5.82605
-5.84339
-5.85324
-5.85385
-5.85283
-5.84798
-5.84511
-5.8467
-5.84888
-5.85599
-5.87111
-5.88625
-5.90751
-5.93139
-5.94884
-5.95844
-5.96251
-5.96867
-5.9806
-5.99384
-6.01213
-6.03434
-6.05121
-6.06474
-6.07267
-6.07234
-6.06263
-6.03523
-5.99915
-5.95145
-5.90974
-5.87779
-5.86724
-5.87829
-5.89424
-5.91096
-5.92269
-5.91844
-5.90918
-5.90086
-5.90242
-5.91851
-5.94468
-5.9788
-6.00561
-6.01942
-6.01621
-5.99295
-5.9589
-5.92084
-5.88035
-5.84911
-5.82565
-5.81545
-5.8116
-5.81968
-5.83906
-5.87162
-5.91444
-5.96127
-6.00025
-6.03303
-6.0559
-6.06098
-6.05139
-6.03254
-6.00174
-5.96827
-5.93217
-5.89472
-5.85439
-5.81249
-5.76773
-5.72244
-5.68109
-5.64423
-5.61926
-5.60436
-5.60223
-5.61631
-5.64524
-5.67923
-5.71757
-5.74794
-5.76875
-5.77591
-5.77297
-5.76426
-5.74871
-5.74197
-5.73913
-5.74607
-5.76139
-5.79022
-5.82418
-5.85987
-5.89532
-5.9249
-5.94711
-5.95895
-5.95759
-5.95173
-5.94896
-5.95385
-5.96974
-5.99277
-6.02143
-6.04639
-6.07
-6.08719
-6.10168
-6.11711
-6.13027
-6.13678
-6.13785
-6.12403
-6.10071
-6.06909
-6.02742
-5.98388
-5.94075
-5.90188
-5.86861
-5.83943
-5.82478
-5.82243
-5.82772
-5.84183
-5.86299
-5.88095
-5.89454
-5.90176
-5.90416
-5.89938
-5.8963
-5.90081
-5.91174
-5.92839
-5.94607
-5.96333
-5.97914
-5.99056
-5.99415
-5.98641
-5.97544
-5.96289
-5.95782
-5.96297
-5.97479
-5.98802
-5.99352
-5.98713
-5.96607
-5.93132
-5.89543
-5.86036
-5.83557
-5.82404
-5.82705
-5.84068
-5.86317
-5.88676
-5.90169
-5.89898
-5.87712
-5.842
-5.8061
-5.78543
-5.77974
-5.788
-5.79816
-5.80713
-5.81702
-5.82777
-5.84116
-5.8577
-5.88243
-5.90782
-5.92881
-5.94405
-5.9582
-5.97232
-5.98929
-6.01088
-6.02946
-6.04111
-6.04507
-6.03875
-6.02049
-5.99447
-5.96649
-5.94559
-5.94286
-5.95246
-5.97778
-6.00667
-6.03344
-6.05164
-6.05824
-6.05046
-6.03246
-6.00246
-5.96374
-5.91653
-5.87097
-5.83712
-5.8174
-5.8134
-5.82229
-5.83889
-5.86448
-5.89722
-5.94134
-5.99017
-6.03442
-6.07139
-6.09019
-6.09285
-6.0771
-6.04166
-5.98678
-5.92292
-5.86101
-5.80951
-5.77814
-5.77035
-5.78933
-5.83373
-5.89589
-5.9617
-6.02496
-6.07292
-6.09899
-6.09834
-6.07801
-6.03502
-5.97982
-5.92034
-5.85971
-5.80889
-5.77151
-5.75617
-5.75737
-5.77191
-5.78918
-5.799
-5.79662
-5.78312
-5.76739
-5.7546
-5.75044
-5.76006
-5.7824
-5.81812
-5.86399
-5.91346
-5.96223
-6.00128
-6.0268
-6.03513
-6.02813
-6.00648
-5.97841
-5.95197
-5.94822
-5.96891
-6.01997
-6.08845
-6.16122
-6.21938
-6.248
-6.24486
-6.20572
-6.13423
-6.04488
-5.94974
-5.86489
-5.8037
-5.76097
-5.72858
-5.70164
-5.67477
-5.64899
-5.62775
-5.60969
-5.60765
-5.628
-5.66921
-5.73169
-5.80192
-5.87415
-5.94021
-5.99388
-6.03808
-6.07389
-6.10286
-6.11957
-6.11819
-6.09971
-6.07075
-6.03863
-6.0054
-5.97333
-5.94953
-5.93022
-5.91749
-5.91022
-5.90511
-5.89886
-5.89539
-5.8958
-5.90392
-5.91655
-5.9349
-5.94952
-5.95285
-5.94248
-5.90794
-5.85457
-5.79144
-5.7293
-5.68234
-5.65474
-5.64751
-5.6622
-5.69162
-5.72877
-5.76862
-5.81154
-5.84425
-5.87145
-5.89384
-5.91211
-5.92937
-5.95075
-5.96586
-5.97896
-5.98168
-5.97202
-5.95243
-5.92076
-5.88699
-5.85634
-5.83504
-5.82788
-5.8306
-5.84761
-5.86611
-5.88868
-5.91445
-5.94237
-5.96481
-5.98136
-5.98447
-5.97227
-5.9389
-5.89326
-5.84495
-5.80033
-5.77123
-5.76155
-5.77153
-5.79614
-5.82665
-5.85119
-5.86929
-5.87713
-5.87388
-5.86482
-5.85094
-5.83979
-5.83114
-5.83726
-5.85341
-5.87987
-5.90556
-5.92727
-5.93754
-5.93967
-5.92957
-5.91691
-5.91196
-5.92152
-5.94946
-5.99211
-6.03639
-6.07486
-6.09504
-6.09847
-6.08025
-6.05071
-6.01094
-5.96597
-5.92397
-5.8874
-5.86168
-5.85005
-5.84568
-5.855
-5.86315
-5.86479
-5.86873
-5.87228
-5.88726
-5.92121
-5.96879
-6.02306
-6.06523
-6.09268
-6.10019
-6.09286
-6.07189
-6.04367
-6.0131
-5.98663
-5.96272
-5.94668
-5.93763
-5.93028
-5.92599
-5.91935
-5.91546
-5.91106
-5.90688
-5.90064
-5.89125
-5.8769
-5.8601
-5.84106
-5.8263
-5.81755
-5.81649
-5.82677
-5.84311
-5.85582
-5.85773
-5.85322
-5.84589
-5.84913
-5.88254
-5.94786
-6.0228
-6.07435
-6.09197
-6.07497
-6.03688
-5.98331
-5.93013
-5.89094
-5.8701
-5.87514
-5.89977
-5.93515
-5.96604
-5.98371
-5.97928
-5.95484
-5.90939
-5.85046
-5.78546
-5.72016
-5.66731
-5.63972
-5.64845
-5.69276
-5.75562
-5.82082
-5.86923
-5.90258
-5.92541
-5.94197
-5.96787
-6.00241
-6.04045
-6.06709
-6.0743
-6.06143
-6.03424
-6.0059
-5.98877
-5.98131
-5.98291
-5.99117
-6.00112
-6.01557
-6.02884
-6.03244
-6.02762
-6.01486
-5.99732
-5.97337
-5.94741
-5.92322
-5.90488
-5.89676
-5.90631
-5.93085
-5.96586
-6.003
-6.02296
-6.01609
-5.98379
-5.93785
-5.89198
-5.865
-5.86138
-5.87166
-5.87622
-5.87472
-5.86167
-5.84088
-5.81863
-5.80649
-5.80576
-5.81446
-5.83075
-5.84913
-5.86674
-5.87838
-5.87914
-5.87576
-5.86529
-5.85555
-5.8459
-5.83973
-5.83776
-5.84172
-5.85159
-5.86653
-5.88396
-5.90738
-5.92716
-5.94847
-5.97078
-5.99284
-6.01551
-6.03117
-6.03228
-6.02272
-6.00136
-5.97435
-5.94497
-5.91415
-5.88243
-5.86123
-5.84641
-5.84164
-5.84151
-5.83943
-5.84123
-5.84584
-5.86247
-5.89365
-5.93573
-5.98233
-6.02972
-6.06526
-6.08661
-6.09514
-6.09045
-6.07749
-6.0668
-6.06634
-6.07478
-6.09306
-6.09849
-6.08817
-6.05825
-6.00941
-5.94975
-5.87568
-5.81256
-5.79491
-5.83759
-5.91371
-5.98213
-6.03381
-6.06376
-6.07822
-6.07404
-6.05611
-6.02473
-5.9813
-5.93531
-5.89425
-5.86403
-5.84394
-5.83295
-5.83306
-5.84089
-5.85864
-5.87908
-5.89401
-5.89821
-5.89147
-5.87356
-5.8576
-5.8508
-5.86033
-5.8848
-5.92076
-5.9612
-6.00008
-6.0311
-6.05142
-6.06161
-6.0651
-6.05956
-6.04483
-6.02966
-6.00893
-5.98582
-5.95632
-5.93271
-5.91247
-5.89583
-5.882
-5.87331
-5.8718
-5.87678
-5.88491
-5.89192
-5.89189
-5.88296
-5.87018
-5.85764
-5.85485
-5.86261
-5.88038
-5.90632
-5.92884
-5.93733
-5.92665
-5.90498
-5.87383
-5.84613
-5.82798
-5.82551
-5.83821
-5.85704
-5.8813
-5.90905
-5.93684
-5.96475
-5.98922
-6.01149
-6.02744
-6.04195
-6.05184
-6.04898
-6.03858
-6.0151
-5.98499
-5.95288
-5.92679
-5.91286
-5.91403
-5.92053
-5.92722
-5.92785
-5.9191
-5.89387
-5.86083
-5.82718
-5.79193
-5.76269
-5.74366
-5.73608
-5.73823
-5.75274
-5.77391
-5.80534
-5.83508
-5.85293
-5.85475
-5.83785
-5.80945
-5.78656
-5.78591
-5.81489
-5.87211
-5.94045
-6.0117
-6.08143
-6.14112
-6.1836
-6.21082
-6.21743
-6.20626
-6.18212
-6.14737
-6.11509
-6.08354
-6.05366
-6.02922
-6.0063
-5.9879
-5.97979
-5.98342
-5.9961
-6.00942
-6.01569
-6.00409
-5.97153
-5.92256
-5.86525
-5.81529
-5.78985
-5.79197
-5.81341
-5.84939
-5.88272
-5.9083
-5.92294
-5.92151
-5.91181
-5.8942
-5.87371
-5.85386
-5.84314
-5.84862
-5.86687
-5.90302
-5.94905
-5.9981
-6.04142
-6.06953
-6.07751
-6.06181
-6.02458
-5.9637
-5.88875
-5.80593
-5.73322
-5.68923
-5.68391
-5.71717
-5.77367
-5.8376
-5.89364
-5.92611
-5.94312
-5.94666
-5.9472
-5.95165
-5.96603
-5.98794
-6.0171
-6.04525
-6.06439
-6.07517
-6.0735
-6.0531
-6.02028
-5.97993
-5.93884
-5.90397
-5.8833
-5.87746
-5.87698
-5.87737
-5.87364
-5.86718
-5.85403
-5.84316
-5.83363
-5.83128
-5.83905
-5.86135
-5.89807
-5.94351
-5.99063
-6.03483
-6.07241
-6.09559
-6.10519
-6.09773
-6.07466
-6.02963
-5.96781
-5.89379
-5.82577
-5.77511
-5.76022
-5.78356
-5.82853
-5.88123
-5.9309
-5.97475
-6.00568
-6.0257
-6.03295
-6.02822
-6.01135
-5.99194
-5.97372
-5.95859
-5.94957
-5.93909
-5.92523
-5.90938
-5.88615
-5.86429
-5.84571
-5.83553
-5.84077
-5.86066
-5.89326
-5.92433
-5.95035
-5.96289
-5.95477
-5.92488
-5.88058
-5.82529
-5.76834
-5.72238
-5.70352
-5.71276
-5.76321
-5.8391
-5.92289
-6.00161
-6.05604
-6.07852
-6.06017
-6.01478
-5.95393
-5.89222
-5.84042
-5.80532
-5.79307
-5.79899
-5.81889
-5.85596
-5.90879
-5.97011
-6.03165
-6.08065
-6.11966
-6.14414
-6.14793
-6.12564
-6.08478
-6.0263
-5.95981
-5.89039
-5.83286
-5.79511
-5.77995
-5.79161
-5.8213
-5.8662
-5.91545
-5.95422
-5.98363
-5.99314
-5.98486
-5.95757
-5.91981
-5.88366
-5.85116
-5.82729
-5.81697
-5.81931
-5.8305
-5.8502
-5.87539
-5.90599
-5.94552
-5.99601
-6.04778
-6.09047
-6.11265
-6.1099
-6.08595
-6.05167
-6.00958
-5.96907
-5.93249
-5.9047
-5.886
-5.87846
-5.88004
-5.88547
-5.89112
-5.89857
-5.90514
-5.91199
-5.91819
-5.92561
-5.93319
-5.94039
-5.95526
-5.97362
-5.99075
-6.00255
-6.00625
-6.00338
-5.9884
-5.97093
-5.95846
-5.95212
-5.95604
-5.96845
-5.98472
-5.99824
-6.00203
-5.99776
-5.98734
-5.97368
-5.95319
-5.92778
-5.9001
-5.87417
-5.85201
-5.83275
-5.81971
-5.80362
-5.78631
-5.76357
-5.73677
-5.71397
-5.69489
-5.68323
-5.68458
-5.69981
-5.727
-5.76667
-5.8131
-5.86712
-5.92373
-5.97943
-6.0281
-6.06249
-6.07607
-6.05863
-6.0178
-5.95646
-5.8891
-5.83086
-5.79303
-5.78182
-5.79543
-5.83663
-5.89387
-5.95814
-6.01889
-6.06813
-6.10038
-6.11651
-6.11833
-6.10456
-6.08271
-6.04706
-6.00212
-5.9489
-5.89478
-5.84842
-5.81985
-5.81076
-5.81708
-5.82561
-5.83178
-5.82845
-5.82044
-5.81005
-5.81037
-5.82202
-5.84245
-5.86997
-5.89275
-5.89799
-5.88467
-5.85513
-5.81965
-5.79197
-5.77405
-5.7774
-5.79654
-5.82349
-5.85139
-5.87162
-5.882
-5.88851
-5.89571
-5.91334
-5.93732
-5.9686
-6.00804
-6.04302
-6.06461
-6.06876
-6.06211
-6.0405
-6.01459
-5.98736
-5.96221
-5.93987
-5.92705
-5.93277
-5.95433
-5.98849
-6.02045
-6.04554
-6.05762
-6.05377
-6.03236
-6.00375
-5.96872
-5.94043
-5.92726
-5.92272
-5.92887
-5.93479
-5.93151
-5.91813
-5.89534
-5.86545
-5.83721
-5.81873
-5.8188
-5.83896
-5.87326
-5.91726
-5.95394
-5.97763
-5.98507
-5.98651
-5.98906
-6.00157
-6.01278
-6.01554
-6.00782
-5.99484
-5.97682
-5.96412
-5.95913
-5.9603
-5.95971
-5.95616
-5.94108
-5.91655
-5.88432
-5.85058
-5.82736
-5.82158
-5.83397
-5.85983
-5.89427
-5.9244
-5.94561
-5.95573
-5.95857
-5.94993
-5.93242
-5.90972
-5.87927
-5.84611
-5.81445
-5.78947
-5.77632
-5.76899
-5.76915
-5.77902
-5.79808
-5.8279
-5.86037
-5.88379
-5.89933
-5.91407
-5.93614
-5.9637
-5.99951
-6.03383
-6.05957
-6.07117
-6.06585
-6.04139
-6.0002
-5.95286
-5.90503
-5.87213
-5.84784
-5.83385
-5.83262
-5.84043
-5.85156
-5.8712
-5.89652
-5.91948
-5.93923
-5.95559
-5.96206
-5.9605
-5.95691
-5.96194
-5.97831
-5.99617
-6.0081
-6.00731
-5.9995
-5.98816
-5.97881
-5.97338
-5.97068
-5.96961
-5.97153
-5.9707
-5.96694
-5.95815
-5.94078
-5.92009
-5.89945
-5.88101
-5.86877
-5.86411
-5.86642
-5.87899
-5.89538
-5.91075
-5.92123
-5.93217
-5.94239
-5.95043
-5.95356
-5.95357
-5.94869
-5.94075
-5.92494
-5.91012
-5.90451
-5.90118
-5.90997
-5.92282
-5.93761
-5.9463
-5.94856
-5.94704
-5.93973
-5.92544
-5.89476
-5.8497
-5.79554
-5.74024
-5.69386
-5.66355
-5.65433
-5.66842
-5.70127
-5.75036
-5.80717
-5.86456
-5.92407
-5.9839
-6.05068
-6.11619
-6.17481
-6.21644
-6.23393
-6.2286
-6.21077
-6.18596
-6.16436
-6.14237
-6.12733
-6.11169
-6.09528
-6.07273
-6.03994
-5.99684
-5.94776
-5.89835
-5.85223
-5.8158
-5.79333
-5.78544
-5.79188
-5.81001
-5.83472
-5.85609
-5.86728
-5.87106
-5.86783
-5.8672
-5.87815
-5.89615
-5.92323
-5.95262
-5.97296
-5.97974
-5.97232
-5.94944
-5.91394
-5.87493
-5.83449
-5.81042
-5.80365
-5.81598
-5.84537
-5.88184
-5.9188
-5.9468
-5.96107
-5.96853
-5.97135
-5.9718
-5.96887
-5.9639
-5.95558
-5.95272
-5.95516
-5.96115
-5.96638
-5.96705
-5.95691
-5.93925
-5.9202
-5.89732
-5.88296
-5.86638
-5.85204
-5.83917
-5.82724
-5.81837
-5.8123
-5.81075
-5.8227
-5.84771
-5.87957
-5.91317
-5.93912
-5.94745
-5.93281
-5.89873
-5.85857
-5.82242
-5.80127
-5.79511
-5.80847
-5.83455
-5.87489
-5.91976
-5.96741
-6.01138
-6.03825
-6.04726
-6.03851
-6.01368
-5.97723
-5.93269
-5.88534
-5.83565
-5.79612
-5.77124
-5.76328
-5.77767
-5.80922
-5.84435
-5.87641
-5.90021
-5.9153
-5.92022
-5.92109
-5.92564
-5.93441
-5.93961
-5.94155
-5.93159
-5.91423
-5.88583
-5.84939
-5.81763
-5.79105
-5.78281
-5.7911
-5.8189
-5.86016
-5.90958
-5.96055
-6.00816
-6.0338
-6.03769
-6.01741
-5.97663
-5.92555
-5.86943
-5.82265
-5.7936
-5.78416
-5.80075
-5.84183
-5.90037
-5.96506
-6.0297
-6.07856
-6.10539
-6.10441
-6.08414
-6.04066
-5.98462
-5.93176
-5.88851
-5.86542
-5.85701
-5.86041
-5.8626
-5.85859
-5.84854
-5.83087
-5.81509
-5.80402
-5.7986
-5.79843
-5.80208
-5.80543
-5.80758
-5.80996
-5.80822
-5.80642
-5.8105
-5.81769
-5.82965
-5.85031
-5.88137
-5.9272
-5.97478
-6.01386
-6.03596
-6.04022
-6.03257
-6.02112
-6.00844
-5.99795
-5.98772
-5.97999
-5.9746
-5.97097
-5.96878
-5.9698
-5.97312
-5.97499
-5.98023
-5.98831
-5.99321
-6.00385
-6.0174
-6.03148
-6.04248
-6.04205
-6.03118
-6.00661
-5.96473
-5.9126
-5.85663
-5.81666
-5.79811
-5.80252
-5.81868
-5.83643
-5.85199
-5.85898
-5.85603
-5.84499
-5.83264
-5.83076
-5.84856
-5.88362
-5.92657
-5.96633
-5.9961
-6.00817
-5.99968
-5.97366
-5.93514
-5.90152
-5.88209
-5.88408
-5.90862
-5.94952
-5.99161
-6.02863
-6.05229
-6.05768
-6.04687
-6.02169
-5.98502
-5.94162
-5.89299
-5.84188
-5.7977
-5.76842
-5.76855
-5.79176
-5.83173
-5.87143
-5.90137
-5.92107
-5.93386
-5.94135
-5.94755
-5.95656
-5.96418
-5.96998
-5.97661
-5.98297
-5.98314
-5.97455
-5.9625
-5.94535
-5.92759
-5.90969
-5.89117
-5.88009
-5.87756
-5.87949
-5.88691
-5.88976
-5.88865
-5.88588
-5.89769
-5.92999
-5.9804
-6.03323
-6.07854
-6.10236
-6.09511
-6.06781
-6.02492
-5.98273
-5.94474
-5.91164
-5.8778
-5.85017
-5.82753
-5.82006
-5.8315
-5.85964
-5.90182
-5.94814
-5.99434
-6.03161
-6.05432
-6.05784
-6.04629
-6.02286
-5.99969
-5.97577
-5.95516
-5.9416
-5.93311
-5.92947
-5.92483
-5.91836
-5.90282
-5.88393
-5.86217
-5.84747
-5.84092
-5.84721
-5.86285
-5.88928
-5.91295
-5.93264
-5.94263
-5.94331
-5.9342
-5.91912
-5.89255
-5.85674
-5.81344
-5.7729
-5.74755
-5.74617
-5.7794
-5.83487
-5.90468
-5.96776
-6.0163
-6.0362
-6.02984
-6.00114
-5.96313
-5.92416
-5.89377
-5.86919
-5.85113
-5.83987
-5.83488
-5.83885
-5.84667
-5.85432
-5.85366
-5.84209
-5.82579
-5.81553
-5.81957
-5.84204
-5.88453
-5.9455
-6.01248
-6.0825
-6.14341
-6.18393
-6.20114
-6.19492
-6.15927
-6.09973
-6.02271
-5.94463
-5.87704
-5.83065
-5.80229
-5.79288
-5.79518
-5.8017
-5.8129
-5.82956
-5.857
-5.88897
-5.91777
-5.9507
-5.97541
-5.99305
-5.99946
-5.99854
-5.99618
-5.99351
-5.99408
-5.98841
-5.97372
-5.94901
-5.90782
-5.8548
-5.80097
-5.752
-5.72392
-5.7264
-5.75551
-5.79775
-5.83576
-5.85839
-5.867
-5.86643
-5.86866
-5.8834
-5.9109
-5.95119
-5.99605
-6.03976
-6.07558
-6.09946
-6.11413
-6.12011
-6.11697
-6.10318
-6.07926
-6.04466
-6.00806
-5.96472
-5.92
-5.86964
-5.82238
-5.78122
-5.74604
-5.72862
-5.72196
-5.73008
-5.74899
-5.77475
-5.80741
-5.8352
-5.86097
-5.87741
-5.89167
-5.90843
-5.92201
-5.93363
-5.94214
-5.94022
-5.92839
-5.90824
-5.88831
-5.87729
-5.87232
-5.86692
-5.85802
-5.84693
-5.83898
-5.84619
-5.87718
-5.93358
-6.0091
-6.08241
-6.14098
-6.17272
-6.17171
-6.14405
-6.0965
-6.04507
-6.00578
-5.98441
-5.98147
-5.98986
-6.00538
-6.02165
-6.02781
-6.01912
-5.99886
-5.97111
-5.94203
-5.91543
-5.90035
-5.89703
-5.90339
-5.90833
-5.90392
-5.89394
-5.8843
-5.87793
-5.87545
-5.8838
-5.89286
-5.89727
-5.89544
-5.88853
-5.88717
-5.89411
-5.91009
-5.93837
-5.9652
-5.99336
-6.02385
-6.05952
-6.0937
-6.11387
-6.12505
-6.12202
-6.10657
-6.07671
-6.038
-5.98553
-5.92136
-5.8548
-5.78534
-5.73117
-5.69988
-5.69055
-5.69806
-5.71731
-5.7497
-5.79387
-5.84918
-5.90667
-5.95407
-5.98446
-5.98764
-5.96599
-5.92474
-5.8696
-5.81579
-5.77366
-5.74998
-5.74983
-5.77756
-5.8249
-5.89207
-5.97076
-6.05098
-6.1251
-6.18321
-6.22308
-6.24453
-6.25111
-6.24368
-6.22283
-6.18743
-6.14149
-6.08327
-6.01397
-5.9388
-5.86151
-5.79008
-5.72568
-5.67519
-5.64789
-5.64422
-5.66413
-5.69987
-5.74811
-5.80268
-5.85537
-5.89777
-5.92294
-5.92742
-5.92584
-5.92786
-5.95173
-5.98696
-6.0298
-6.06642
-6.09121
-6.09799
-6.09209
-6.08033
-6.0665
-6.04874
-6.02502
-5.99803
-5.96891
-5.94234
-5.92447
-5.91346
-5.90845
-5.90168
-5.89832
-5.89804
-5.90058
-5.90145
-5.90262
-5.89389
-5.881
-5.8584
-5.83077
-5.80246
-5.77796
-5.75707
-5.7421
-5.72946
-5.71954
-5.71574
-5.72397
-5.74004
-5.77167
-5.81584
-5.87094
-5.9299
-5.988
-6.03612
-6.06285
-6.06558
-6.04289
-6.00588
-5.96433
-5.92715
-5.89821
-5.87715
-5.86649
-5.86003
-5.8544
-5.84458
-5.82507
-5.80504
-5.79559
-5.80811
-5.84624
-5.90517
-5.96592
-6.01651
-6.05143
-6.06783
-6.07293
-6.06401
-6.0456
-6.01897
