2.0218
2.0488
2.07396
2.09593
2.11345
2.12623
2.1354
2.14322
2.15162
2.16042
2.16652
2.16533
2.15337
2.12991
2.09669
2.05706
2.01508
1.97495
1.94073
1.91584
1.90259
1.90123
1.90908
1.92089
1.93074
1.93404
1.9289
1.91897
1.91423
1.92512
1.95431
1.99682
2.04537
2.09303
2.13337
2.161
2.17297
2.1698
2.15507
2.13396
2.11142
2.09083
2.07365
2.06078
2.05449
2.05926
2.07949
2.11441
2.15552
2.19146
2.2171
2.23652
2.2566
2.27968
2.30154
2.31484
2.31459
2.30089
2.27764
2.2483
2.21269
2.16889
2.11711
2.0615
2.00887
1.96651
1.94048
1.93275
1.93889
1.94937
1.95432
1.94796
1.9305
1.90718
1.88497
1.86874
1.85895
1.85191
1.84309
1.83229
1.8259
1.83182
1.85161
1.87963
1.90916
1.9375
1.96589
1.99592
2.02617
2.05194
2.06812
2.07341
2.07201
2.07119
2.07705
2.0916
2.11254
2.13472
2.1521
2.1605
2.15937
2.15181
2.1422
2.13284
2.1228
2.11059
2.09848
2.09181
2.09296
2.09785
2.09973
2.09466
2.083
2.06794
2.05304
2.04
2.02792
2.01452
1.99857
1.98224
1.97128
1.97191
1.98555
2.00573
2.02133
2.02382
2.01228
1.99362
1.97827
1.9747
1.98555
2.00817
2.03789
2.07127
2.107
2.14524
2.18571
2.22574
2.25992
2.28172
2.28569
2.26891
2.23116
2.17461
2.10366
2.02495
1.94637
1.87487
1.81452
1.76671
1.73308
1.71732
1.72389
1.7542
1.80343
1.86131
1.9171
1.96498
2.00564
2.04382
2.08397
2.12677
2.16877
2.20374
2.22533
2.22914
2.2145
2.1854
2.15029
2.11989
2.10332
2.10499
2.12364
2.15362
2.18661
2.21339
2.22592
2.22012
2.19734
2.16248
2.11984
2.072
2.02232
1.97641
1.94108
1.92207
1.92119
1.93428
1.95342
1.97078
1.98182
1.98627
1.98666
1.98583
1.9858
1.98868
1.99815
2.01972
2.05722
2.10735
2.15905
2.19938
2.21931
2.21649
2.19568
2.16767
2.14449
2.132
2.12604
2.11661
2.09661
2.06636
2.03204
2.00126
1.97926
1.96658
1.95906
1.95001
1.93357
1.90839
1.87805
1.84844
1.82477
1.81227
1.82053
1.86065
1.93108
2.01359
2.08756
2.14035
2.16699
2.16737
2.14523
2.10781
2.06528
2.0295
2.01132
2.01595
2.03966
2.07159
2.10013
2.1179
2.12269
2.11614
2.10188
2.08397
2.06602
2.05101
2.04158
2.03941
2.04319
2.04861
2.05062
2.04646
2.03699
2.02517
2.01375
2.00404
1.99644
1.99253
1.99608
2.01086
2.03622
2.06647
2.09411
2.11327
2.12076
2.11611
2.10251
2.08621
2.07501
2.0756
2.09113
2.12015
2.15688
2.19364
2.22353
2.24234
2.24843
2.24167
2.22327
2.19594
2.16261
2.1244
2.08055
2.0303
1.97456
1.91643
1.86194
1.82045
1.80188
1.81002
1.83889
1.87525
1.90509
1.91973
1.91839
1.90654
1.8921
1.88103
1.87491
1.87185
1.86999
1.87062
1.87866
1.89953
1.93505
1.98114
2.02929
2.07041
2.09824
2.11182
2.11619
2.11999
2.13068
2.15008
2.17388
2.1955
2.2101
2.21596
2.21371
2.20486
2.19051
2.17146
2.14887
2.12469
2.10136
2.08128
2.06666
2.05969
2.06167
2.07063
2.08061
2.08432
2.0773
2.05999
2.03726
2.01602
2.00032
1.9882
1.97454
1.95696
1.93866
1.92649
1.92672
1.94121
1.96644
1.99583
2.02297
2.04399
2.05763
2.06404
2.06368
2.05667
2.04336
2.02575
2.00972
2.00576
2.02649
2.07983
2.16263
2.26012
2.35098
2.41412
2.43366
2.40192
2.32164
2.20738
2.08401
1.97862
1.9072
1.86929
1.85727
1.86623
1.89316
1.93301
1.97873
2.0241
2.06518
2.09832
2.11779
2.11704
2.09295
2.04926
1.99655
1.94952
1.92191
1.92055
1.94338
1.98333
2.03325
2.08747
2.14082
2.18767
2.22242
2.24098
2.24152
2.22487
2.19445
2.15547
2.11324
2.0723
2.03624
2.00772
1.98808
1.9771
1.97366
1.97729
1.98931
2.01135
2.04219
2.07586
2.10358
2.11746
2.11304
2.08975
2.0506
2.00156
1.95107
1.90839
1.88115
1.87327
1.88434
1.91021
1.94417
1.97829
2.00565
2.02287
2.03137
2.03615
2.04203
2.04942
2.05318
2.04534
2.0201
1.97905
1.93558
1.91257
1.92624
1.96856
2.01615
2.05195
2.07136
2.07709
2.07404
2.06792
2.0653
2.07316
2.09557
2.13094
2.17298
2.213
2.24163
2.25082
2.23642
2.20024
2.15061
2.10013
2.0616
2.04414
2.05037
2.07595
2.11139
2.14618
2.17234
2.18607
2.18767
2.1799
2.16584
2.14724
2.12458
2.09892
2.07405
2.05613
2.0503
2.05717
2.07295
2.09252
2.11196
2.12976
2.14566
2.15903
2.16688
2.16413
2.14561
2.10911
2.05835
2.00385
1.95872
1.93046
1.91776
1.91601
1.92147
1.92984
1.93479
1.92997
1.91287
1.88731
1.86138
1.84218
1.8321
1.83046
1.83673
1.85151
1.87527
1.90739
1.94656
1.99069
2.03587
2.07645
2.10707
2.12488
2.12947
2.12162
2.10243
2.07404
2.04125
2.01135
1.99208
1.98804
1.99822
2.01718
2.03879
2.05922
2.07706
2.0922
2.1044
2.11374
2.12086
2.12735
2.13515
2.14558
2.15801
2.16968
2.17637
2.17406
2.16049
2.13522
2.09902
2.05448
2.00781
1.96928
1.9504
1.95928
1.9962
2.05304
2.11635
2.17217
2.21032
2.22625
2.22039
2.19656
2.15991
2.11517
2.06537
2.01175
1.95603
1.90356
1.86392
1.84682
1.85571
1.88489
1.9225
1.95576
1.9753
1.97849
1.97195
1.96946
1.98213
2.01142
2.05274
2.1012
2.15157
2.19638
2.22658
2.23449
2.21647
2.17332
2.10976
2.03306
1.95143
1.87315
1.80699
1.76335
1.75321
1.78415
1.85582
1.95794
2.07308
2.18223
2.26934
2.32376
2.34113
2.32415
2.28177
2.22682
2.17267
2.1312
2.11134
2.11379
2.12744
2.13464
2.12132
2.08383
2.0305
1.97994
1.95285
1.95889
1.99138
2.03585
2.08014
2.11636
2.13881
2.14265
2.12388
2.08016
2.01227
1.92655
1.83763
1.76708
1.73513
1.75019
1.80471
1.88096
1.96042
2.02943
2.08061
2.11155
2.12402
2.12398
2.11979
2.11833
2.12185
2.12757
2.13013
2.12443
2.10773
2.08097
2.049
2.02013
2.00441
2.01068
2.04241
2.09427
2.15343
2.20623
2.24417
2.26529
2.27101
2.26225
2.23803
2.19715
2.14179
2.08226
2.0376
2.02311
2.03489
2.05374
2.06193
2.05182
2.02553
1.9921
1.96284
1.94617
1.94443
1.95439
1.97076
1.98999
2.01137
2.03412
2.05307
2.05885
2.04342
2.00642
1.9588
1.92126
1.91416
1.94362
1.99985
2.06806
2.13569
2.19255
2.2302
2.24324
2.23098
2.19827
2.1543
2.10931
2.0709
2.04185
2.02143
2.00735
1.99675
1.98653
1.97449
1.96126
1.95098
1.95024
1.96564
2.0009
2.05408
2.11663
2.1757
2.21822
2.23463
2.22083
2.17901
2.11726
2.0471
1.97906
1.91973
1.87219
1.83914
1.82426
1.82987
1.85341
1.88722
1.92213
1.95127
1.97121
1.98119
1.98188
1.97451
1.96121
1.94562
1.93359
1.93245
1.94816
1.98136
2.02485
2.06555
2.09013
2.09121
2.07096
2.04011
2.01287
2.00031
2.00616
2.02678
2.05406
2.07893
2.09445
2.09754
2.08903
2.07196
2.04988
2.0254
2.00007
1.97547
1.95495
1.94394
1.94642
1.96095
1.98179
2.00356
2.02467
2.04687
2.07262
2.10273
2.13638
2.17249
2.20978
2.24449
2.26961
2.27797
2.26598
2.235
2.19045
2.13959
2.08926
2.04366
2.00383
1.96981
1.94551
1.94095
1.96387
2.00748
2.05487
2.09324
2.11876
2.13304
2.1392
2.1399
2.13624
2.12792
2.11479
2.09807
2.07953
2.05952
2.03736
2.01329
1.98967
1.97028
1.95874
1.95732
1.96612
1.98347
2.00611
2.02935
2.04729
2.05482
2.04985
2.03357
2.00863
1.97784
1.94398
1.91067
1.88295
1.86633
1.86513
1.88108
1.91332
1.95895
2.01391
2.07345
2.13225
2.18394
2.22145
2.23841
2.23095
2.199
2.14746
2.08645
2.02933
1.98767
1.96716
1.96736
1.98411
2.01118
2.04079
2.06465
2.07616
2.07134
2.04896
2.01098
1.96388
1.91925
1.8906
1.88823
1.91526
1.96725
2.03467
2.10557
2.16862
2.21621
2.24578
2.25873
2.25762
2.2447
2.22261
2.19468
2.16403
2.13319
2.10671
2.09228
2.09527
2.11196
2.13141
2.14375
2.14573
2.13993
2.13034
2.11946
2.10951
2.10458
2.10906
2.12389
2.1442
2.16084
2.16462
2.14953
2.11417
2.06197
2.00125
1.94453
1.90577
1.89521
1.91581
1.96316
2.02769
2.09617
2.15328
2.18514
2.18265
2.14384
2.0746
1.98813
1.9016
1.83148
1.78904
1.77826
1.79582
1.83272
1.87774
1.92148
1.95925
1.99081
2.01842
2.04451
2.07012
2.09439
2.11437
2.12621
2.12715
2.11677
2.09742
2.07401
2.05357
2.04356
2.04793
2.06462
2.08687
2.10726
2.12056
2.12443
2.11927
2.10789
2.09501
2.08488
2.07942
2.07839
2.08095
2.0852
2.08669
2.07966
2.06112
2.0334
2.00381
1.98138
1.97247
1.97793
1.99384
2.01415
2.03323
2.04689
2.05197
2.04586
2.02716
1.99658
1.95797
1.91906
1.89051
1.88221
1.89818
1.93439
1.98179
2.03181
2.07883
2.12036
2.15647
2.1888
2.21985
2.25103
2.28
2.30022
2.30496
2.29126
2.26036
2.21619
2.16389
2.10908
2.05712
2.01215
1.977
1.95374
1.94428
1.95014
1.97151
2.00604
2.04809
2.08943
2.12185
2.13996
2.14158
2.12649
2.09622
2.05376
2.00322
1.95018
1.90304
1.87253
1.86758
1.89031
1.93412
1.98656
2.03511
2.07112
2.09121
2.09671
2.09292
2.08698
2.0852
2.09005
2.09935
2.10821
2.11194
2.10874
2.10049
2.09178
2.08725
2.08887
2.09484
2.10047
2.10114
2.0952
2.08439
2.07235
2.06162
2.05236
2.04311
2.03197
2.01663
1.99546
1.96967
1.94517
1.93045
1.93074
1.94436
1.96529
1.98815
2.01088
2.03458
2.06244
2.09712
2.13802
2.1802
2.21642
2.24033
2.24839
2.24052
2.22004
2.19302
2.166
2.14341
2.12575
2.11009
2.09221
2.06885
2.03903
2.00578
1.97656
1.96032
1.96159
1.97725
1.99892
2.01878
2.03309
2.04162
2.04537
2.04503
2.04092
2.03329
2.02271
2.00965
1.9937
1.97384
1.9494
1.92103
1.8912
1.8646
1.84726
1.84447
1.85834
1.88589
1.91902
1.94651
1.95987
1.96126
1.96611
1.99029
2.03303
2.08055
2.12188
2.15441
2.18027
2.20125
2.21619
2.22182
2.2161
2.20131
2.1841
2.1728
2.17298
2.1846
2.20212
2.21738
2.22266
2.21378
2.19197
2.16388
2.13827
2.12129
2.11495
2.11781
2.12518
2.12951
2.12378
2.1061
2.08038
2.05197
2.02343
1.99486
1.96812
1.94844
1.94144
1.94899
1.96785
1.99124
2.01226
2.0262
2.03123
2.02732
2.01498
1.99528
1.97092
1.94736
1.93222
1.93229
1.94975
1.98059
2.01641
2.0487
2.07213
2.08706
2.09928
2.11703
2.14527
2.18178
2.21816
2.24436
2.25367
2.24516
2.22374
2.19734
2.17213
2.14972
2.12762
2.1028
2.07444
2.04492
2.0185
1.99931
1.98895
1.98524
1.98303
1.9772
1.966
1.95234
1.94209
1.94079
1.95082
1.97028
1.99455
2.01912
2.04158
2.06127
2.07732
2.08812
2.09256
2.09219
2.09179
2.09622
2.10619
2.11746
2.12459
2.12568
2.12315
2.12117
2.12173
2.12279
2.12006
2.11169
2.10147
2.09699
2.10269
2.11509
2.12582
2.12776
2.11764
2.09534
2.06274
2.02284
1.97992
1.93884
1.90476
1.88254
1.87597
1.8869
1.91448
1.95514
2.00344
2.05284
2.0965
2.12781
2.14162
2.13538
2.11026
2.07101
2.02461
1.97853
1.93875
1.90886
1.89035
1.88428
1.89206
1.91444
1.9501
1.99589
2.04819
2.1032
2.15655
2.20337
2.23954
2.26214
2.26906
2.25903
2.23237
2.19168
2.14175
2.08878
2.03855
1.99425
1.95671
1.92591
1.90268
1.88845
1.88374
1.88656
1.89382
1.9052
1.92361
1.94946
1.97634
1.99584
2.00471
2.00633
2.00684
2.01074
2.01929
2.03132
2.04481
2.05771
2.06784
2.07384
2.07669
2.0793
2.08379
2.08804
2.08635
2.07485
2.0549
2.02987
2.00042
1.96571
1.92872
1.89778
1.88241
1.88758
1.91234
1.95263
2.00383
2.06109
2.1178
2.16524
2.19437
2.19876
2.17668
2.13172
2.073
2.0142
1.97063
1.9537
1.96567
1.9995
2.04365
2.0874
2.12332
2.14852
2.16457
2.17485
2.18174
2.18704
2.19272
2.19848
2.199
2.18693
2.15824
2.11419
2.06127
2.01129
1.97914
1.97617
2.00259
2.04766
2.09643
2.13591
2.15775
2.15859
2.13983
2.10661
2.06671
2.0282
1.99678
1.97475
1.96211
1.95824
1.96253
1.97499
1.9959
2.02458
2.05826
2.09171
2.11866
2.13377
2.1335
2.11611
2.08131
2.03157
1.97376
1.91836
1.87655
1.8564
1.86017
1.88372
1.91842
1.95495
1.98701
2.01275
2.03257
2.04522
2.04792
2.03985
2.02471
2.00983
2.00285
2.00846
2.02711
2.05637
2.09268
2.13187
2.16885
2.19771
2.21321
2.2125
2.19615
2.16719
2.12947
2.08576
2.03759
1.9866
1.93696
1.89674
1.87629
1.88369
1.92024
1.97905
2.04846
2.11693
2.17633
2.22205
2.25186
2.26553
2.26449
2.25065
2.22544
2.19044
2.14832
2.10262
2.05677
2.01346
1.97449
1.94099
1.91543
1.90318
1.91089
1.93974
1.98107
2.02091
2.04807
2.05821
2.05336
2.03982
2.02596
2.01977
2.02635
2.04579
2.07318
2.10215
2.12864
2.15245
2.1752
2.19688
2.21448
2.2233
2.21979
2.20325
2.17597
2.14256
2.10815
2.07666
2.04986
2.02793
2.01025
1.99602
1.9842
1.97326
1.96148
1.94726
1.92954
1.91018
1.89631
1.8983
1.9237
1.97206
2.03465
2.09907
2.15412
2.19234
2.21032
2.20872
2.19179
2.16482
2.13052
2.08873
2.04141
1.99617
1.96352
1.95047
1.95735
1.97923
2.00874
2.03788
2.05918
2.06681
2.0575
2.03104
1.99032
1.9414
1.8926
1.85235
1.82706
1.82049
1.83446
1.86915
1.92181
1.98565
2.0517
2.11229
2.16328
2.20374
2.23409
2.25535
2.26924
2.27737
2.27963
2.27325
2.25413
2.21972
2.17163
2.11684
2.06633
2.03037
2.01311
2.01038
2.01334
2.01471
2.01261
2.00936
2.0075
2.00749
2.00832
2.00889
2.00812
2.00503
1.99929
1.99226
1.98708
1.98749
1.99612
2.01302
2.03511
2.05809
2.07943
2.09985
2.12144
2.14384
2.16336
2.17591
2.17996
2.17643
2.16769
2.15727
2.14981
2.14989
2.1603
2.18043
2.20668
2.23379
2.25614
2.26811
2.26486
2.24425
2.20828
2.16282
2.11552
2.07353
2.04211
2.02426
2.02071
2.02932
2.04446
2.05783
2.06043
2.04454
2.00587
1.94581
1.87347
1.80389
1.7519
1.72592
1.726
1.74501
1.77226
1.7983
1.81825
1.83265
1.845
1.85801
1.87157
1.88459
1.89818
1.91634
1.94285
1.97929
2.02495
2.07648
2.12793
2.17245
2.20419
2.22022
2.22116
2.21074
2.19376
2.17346
2.1505
2.12517
2.10016
2.08161
2.07697
2.09113
2.12298
2.16561
2.20931
2.24513
2.26764
2.27577
2.27149
2.25714
2.23348
2.20017
2.15768
2.10868
2.05767
2.01012
1.97109
1.94411
1.93033
1.92761
1.93056
1.93178
1.92453
1.90597
1.87894
1.85145
1.83346
1.83247
1.84965
1.87871
1.91042
1.93986
1.9697
2.00571
2.04931
2.09574
2.13816
2.17262
2.1992
2.2204
2.23851
2.25347
2.26253
2.26126
2.24554
2.21377
2.1682
2.11543
2.06569
2.03029
2.01716
2.02707
2.05377
2.08792
2.12048
2.14486
2.15759
2.15762
2.14521
2.12132
2.08768
2.04765
2.00533
1.96423
1.92621
1.89188
1.86206
1.83919
1.82748
1.83109
1.84968
1.87596
1.90096
1.92133
1.94009
1.96179
1.98813
2.01674
2.0434
2.06512
2.08156
2.09425
2.10475
2.1138
2.12127
2.12716
2.13268
2.14075
2.15371
2.16865
2.17624
2.16745
2.14106
2.10523
2.07327
2.05568
2.05487
2.06731
2.08858
2.11487
2.14166
2.1632
2.17383
2.16945
2.1483
2.11138
2.06249
2.00759
1.95445
1.9116
1.88476
1.87289
1.86949
1.86793
1.86521
1.86212
1.86202
1.86894
1.88528
1.91055
1.94252
1.97842
2.01524
2.05021
2.08201
2.1114
2.13952
2.16513
2.18347
2.18871
2.17796
2.15444
2.12717
2.1078
2.10612
2.12512
2.15766
2.18843
2.20282
2.19499
2.16861
2.13216
2.09343
2.05674
2.02369
1.99462
1.97032
1.95243
1.94313
1.94343
1.95182
1.96422
1.97602
1.98379
1.98572
1.98069
1.96811
1.94862
1.92575
1.90598
1.89611
1.89954
1.91413
1.93463
1.95624
1.97726
1.99907
2.02314
2.04837
2.07217
2.09323
2.11278
2.13346
2.15766
2.18605
2.21708
2.24746
2.27329
2.29224
2.30424
2.31035
2.31127
2.30681
2.29554
2.27424
2.23897
2.18714
2.12004
2.04359
1.96659
1.89746
1.84172
1.80202
1.77969
1.77522
1.78799
1.81631
1.85795
1.90997
1.96813
2.02656
2.07856
2.11847
2.14318
2.15238
2.14728
2.12912
2.0986
2.05746
2.01108
1.96929
1.94235
1.93456
1.94246
1.95879
1.97775
1.99855
2.02449
2.05701
2.09123
2.11902
2.13485
2.1377
2.12962
2.11454
2.09619
2.07565
2.05135
2.02327
1.99608
1.97694
1.97025
1.97448
1.98331
1.98961
1.989
1.9813
1.96975
1.95869
1.95127
1.94907
1.9532
1.96468
1.98293
2.00443
2.02532
2.04503
2.06641
2.09279
2.12449
2.15741
2.18482
2.20064
2.20265
2.19322
2.17723
2.15928
2.14238
2.12858
2.11983
2.11737
2.12071
2.12758
2.13488
2.13932
2.13776
2.12729
2.10573
2.07223
2.02834
1.97919
1.9334
1.90002
1.88442
1.88789
1.90889
1.94342
1.98454
2.02363
2.05256
2.06574
2.06113
2.03943
2.00318
1.95778
1.91428
1.88883
1.89172
1.91657
1.94723
1.97227
1.9898
2.00384
2.01893
2.03672
2.05514
2.06962
2.07571
2.0714
2.05798
2.03926
2.02108
2.00985
2.00962
2.01785
2.02654
2.02952
2.02811
2.02945
2.04009
2.06043
2.08367
2.09916
2.09777
2.07512
2.03295
1.97906
1.92625
1.88777
1.87145
1.87682
1.89801
1.92796
1.96154
1.99671
2.03235
2.06556
2.09177
2.10719
2.11008
2.10152
2.08649
2.0734
2.07136
2.08586
2.11646
2.1567
2.19636
2.22514
2.23685
2.23112
2.21253
2.18753
2.16186
2.13976
2.12403
2.11627
2.11649
2.12282
2.13096
2.1346
2.12661
2.10202
2.06069
2.00821
1.95299
1.90211
1.85983
1.82906
1.81293
1.81424
1.83364
1.86783
1.90988
1.95252
1.99188
2.0278
2.06124
2.09279
2.12332
2.15294
2.17729
2.18711
2.1746
2.1393
2.08882
2.03667
1.99773
1.98258
1.99342
2.02535
2.07013
2.11905
2.16318
2.19429
2.20722
2.20235
2.18532
2.16339
2.14064
2.11636
2.08795
2.05637
2.02845
2.01275
2.01116
2.01719
2.02257
2.02151
2.00999
1.98559
1.95011
1.91288
1.8888
1.89108
1.92424
1.9819
2.04936
2.1108
2.15516
2.17666
2.17433
2.15333
2.12472
2.101
2.09042
2.09599
2.11793
2.15367
2.19589
2.23368
2.25698
2.25925
2.23847
2.19747
2.14313
2.08466
2.03058
1.98585
1.95013
1.91867
1.88604
1.85043
1.81582
1.79125
1.78691
1.80994
1.86138
1.93528
2.01883
2.09443
2.14548
2.16296
2.14815
2.11121
2.06685
2.0293
2.00803
2.00591
2.02053
2.04692
2.07969
2.11472
2.14957
2.18211
2.20842
2.22274
2.21951
2.19618
2.15484
2.102
2.04698
1.99912
1.96549
1.94966
1.95124
1.96613
1.98766
2.00776
2.01899
2.0184
2.01058
2.00618
2.01353
2.03297
2.0607
2.0938
2.12993
2.16483
2.19266
2.2089
2.21281
2.20759
2.19851
2.19066
2.18696
2.18688
2.18734
2.18509
2.17843
2.16673
2.14831
2.11963
2.07761
2.02314
1.96307
1.90872
1.87153
1.85794
1.86734
1.89462
1.93362
1.97865
2.02386
2.06233
2.08608
2.0876
2.06258
2.01226
1.94404
1.86986
1.80367
1.75968
1.75091
1.78573
1.86194
1.96472
2.0716
2.16127
2.22057
2.24764
2.25084
2.2423
2.22988
2.21567
2.20016
2.18474
2.17043
2.15651
2.14113
2.12197
2.09709
2.06506
2.02564
1.98035
1.93204
1.88412
1.84033
1.80504
1.78294
1.77735
1.78833
1.81192
1.8418
1.8725
1.90147
1.9292
1.95714
1.98579
2.01405
2.04008
2.06265
2.08206
2.0998
2.11694
2.1328
2.14668
2.1594
2.17297
2.18834
2.20387
2.21612
2.22223
2.22172
2.2165
2.20922
2.20122
2.19214
2.18098
2.16701
2.15047
2.13183
2.11161
2.08967
2.06591
2.04192
2.02084
2.00479
1.99281
1.98113
1.96551
1.9439
1.91835
1.89529
1.88347
1.8901
1.91804
1.96471
2.02276
2.08195
2.13124
2.16095
2.16526
2.14342
2.09969
2.04309
1.98532
1.93728
1.90554
1.89181
1.8944
1.9104
1.93652
1.96969
2.00705
2.04565
2.08235
2.11458
2.14122
2.16254
2.17888
2.18929
2.19128
2.18284
2.16441
2.13953
2.11424
2.09565
2.08878
2.09345
2.10472
2.11635
2.12332
2.12262
2.11274
2.09336
2.06545
2.03179
1.99609
1.96088
1.92616
1.89138
1.85953
1.83862
1.83708
1.8564
1.8891
1.9245
1.95514
1.97847
1.99571
2.011
2.02962
2.05435
2.08237
2.10601
2.11735
2.11209
2.09089
2.05871
2.02266
1.98972
1.96526
1.95225
1.95083
1.9578
1.96772
1.97487
1.9759
1.97117
1.96453
1.96158
1.96669
1.98076
2.0005
2.02038
2.03566
2.04447
2.04827
2.05057
2.05452
2.06067
2.06733
2.07327
2.07987
2.08997
2.10559
2.12558
2.14515
2.15743
2.15714
2.14377
2.12142
2.09659
2.07565
2.06261
2.05842
2.06255
2.07342
2.08728
2.09739
2.097
2.08327
2.05927
2.03305
2.01448
2.01061
2.02169
2.04104
2.06028
2.07512
2.08756
2.10286
2.12376
2.14703
2.16521
2.17123
2.16182
2.13824
2.10459
2.0659
2.02648
1.98965
1.95753
1.93125
1.91121
1.89778
1.89194
1.89499
1.90753
1.92788
1.95218
1.97586
1.99565
2.0099
2.01807
2.0204
2.01804
2.01325
2.00891
2.00783
2.01198
2.02189
2.03639
2.05304
2.06942
2.08368
2.09397
2.09802
2.09519
2.08914
2.08657
2.09217
2.10468
2.11838
2.12719
2.12835
2.12344
2.11641
2.10945
2.10042
2.08503
2.06129
2.03052
1.995
1.95679
1.91974
1.89114
1.87977
1.89089
1.92205
1.96417
2.00574
2.03646
2.04962
2.04396
2.02382
1.99642
1.96849
1.94708
1.94154
1.95781
1.99053
2.02474
2.04559
2.04522
2.02435
1.99116
1.95843
1.93867
1.93835
1.95565
1.98319
2.01347
2.04178
2.06601
2.08548
2.10043
2.11115
2.11735
2.11763
2.11054
2.09608
2.07729
2.05955
2.0473
2.04119
2.03925
2.04058
2.04701
2.06192
2.0877
2.12266
2.16084
2.19453
2.2171
2.22473
2.21709
2.19685
2.16818
2.13531
2.10166
2.06965
2.04047
2.01397
1.98928
1.96632
1.94673
1.93394
1.93201
1.94384
1.96925
2.0041
2.04073
2.07042
2.08583
2.0832
2.06333
2.03078
1.99196
1.95317
1.91959
1.89497
1.8816
1.88023
1.89016
1.90978
1.93709
1.96944
2.00326
2.03468
2.06091
2.08138
2.0974
2.11035
2.11955
2.12223
2.11558
2.09909
2.07527
2.04912
2.02677
2.01381
2.01372
2.02673
2.04964
2.07624
2.0983
2.10758
2.09901
2.07275
2.03402
1.99068
1.95066
1.92022
1.90244
1.89723
1.90335
1.91988
1.94462
1.97244
1.9964
2.0106
2.01249
2.00346
1.98748
1.96951
1.95425
1.94576
1.94636
1.95539
1.96992
1.9867
2.00355
2.01973
2.03538
2.04959
2.05873
2.05838
2.04803
2.03356
2.02472
2.0302
2.05394
2.09464
2.1474
2.20614
2.26464
2.31664
2.35606
2.37875
2.38532
2.38046
2.36782
2.34668
2.31473
2.27205
2.22195
2.16976
2.12154
2.08358
2.06141
2.0563
2.06125
2.0638
2.05413
2.03054
2.00031
1.97435
1.95876
1.95084
1.94504
1.94219
1.95043
1.9763
2.01587
2.05672
2.08643
2.09829
2.09146
2.06887
2.03547
1.99843
1.96686
1.94875
1.94571
1.9522
1.96079
1.96753
1.973
1.97981
1.98912
1.99928
2.00742
2.01164
2.01106
2.0043
1.98956
1.96654
1.93834
1.91102
1.89078
1.88114
1.8824
1.89306
1.91157
1.93686
1.96762
2.0011
2.0332
2.06053
2.08301
2.10379
2.12485
2.14366
2.15525
2.15607
2.14606
2.12826
2.10767
2.08984
2.07965
2.08083
2.09624
2.1275
2.17344
2.22832
2.28172
2.32213
2.34135
2.33741
2.3147
2.28192
2.24854
2.22129
2.20293
2.19295
2.18898
2.18684
2.18108
2.1666
2.14037
2.10216
2.05497
2.00555
1.96373
1.93848
1.9319
1.93747
1.9456
1.9501
1.95009
1.94782
1.94585
1.94484
1.94382
1.94151
1.93728
1.93095
1.92321
1.9158
1.91044
1.90743
1.90568
1.90399
1.90267
1.90417
1.91215
1.92863
1.95246
1.9808
2.01122
2.04209
2.07196
2.0998
2.12593
2.15144
2.17614
2.19714
2.21031
2.21264
2.20388
2.18602
2.16161
2.13226
2.09839
2.05953
2.01486
1.96394
1.90779
1.85109
1.80252
1.77232
1.76809
1.79166
1.83937
1.90439
1.97853
2.05225
2.11566
2.16125
2.18601
2.19158
2.18233
2.1629
2.13727
2.10989
2.0868
2.07491
2.0786
2.09705
2.12382
2.14949
2.16591
2.16999
2.16481
2.15732
2.15389
2.15733
2.16648
2.17787
2.18649
2.1861
2.17065
2.13701
2.08705
2.02752
1.96795
1.91785
1.88462
1.87291
1.8843
1.91656
1.96278
2.01269
2.05591
2.08511
2.09768
2.09488
2.08037
2.05933
2.03824
2.0243
2.0229
2.03536
2.05841
2.08699
2.1173
2.14696
2.17236
2.18734
2.18596
2.1664
2.1331
2.09521
2.06387
2.04765
2.0472
2.05386
2.05521
2.04364
2.02029
1.99262
1.96922
1.95537
1.95189
1.95694
1.96923
1.9891
2.01487
2.03908
2.05271
2.05315
2.0471
2.04591
2.05826
2.08546
2.12239
2.16044
2.19004
2.20314
2.19602
2.17131
2.1378
2.10735
2.0906
2.09211
2.10766
2.1259
2.13474
2.12786
2.10686
2.07919
2.05482
2.04202
2.04381
2.05652
2.07288
2.087
2.09647
2.10125
2.10126
2.09543
2.08218
2.06029
2.02989
1.99436
1.96089
1.93853
1.93384
1.94765
1.97506
2.00812
2.03872
2.06016
2.06754
2.05777
2.03054
1.98976
1.94495
1.91015
1.89838
1.91464
1.95338
2.00295
2.05209
2.09339
2.12322
2.14049
2.14617
2.14344
2.13653
2.12949
2.125
2.12385
2.12471
2.12459
2.11887
2.10268
2.07247
2.02807
1.97317
1.91486
1.86275
1.82771
1.81845
1.83708
1.87745
1.92931
1.98363
2.03401
2.07692
2.11241
2.14441
2.17906
2.21837
2.25411
2.27098
2.25728
2.21168
2.14231
2.06335
1.99131
1.94171
1.92466
1.94013
1.97734
2.021
2.05854
2.08363
2.09464
2.0921
2.07798
2.05657
2.03458
2.01888
2.01324
2.0176
2.03008
2.04866
2.07165
2.097
2.12166
2.14166
2.15271
2.15074
2.13293
2.09942
2.05579
2.01357
1.98544
1.9773
1.98537
2.00154
2.02016
2.03995
2.06227
2.08789
2.11406
2.13489
2.14468
2.14024
2.12213
2.09431
2.06302
2.03497
2.01574
2.00842
2.01282
2.02564
2.04167
2.05567
2.06466
2.06968
2.07533
2.08671
2.10483
2.12453
2.13675
2.13297
2.109
2.06659
2.01245
1.95552
1.90432
1.86513
1.84197
1.837
1.85102
1.88341
1.93134
1.98799
2.04349
2.08854
2.11745
2.1286
2.12371
2.1072
2.08558
2.06588
2.0528
2.04695
2.04613
2.04831
2.05294
2.05937
2.06514
2.06685
2.06263
2.05298
2.03966
2.02479
2.01133
2.00346
2.00539
2.02005
2.0479
2.08691
2.13272
2.1799
2.22353
2.25961
2.28512
2.29848
2.30028
2.29305
2.2796
2.26065
2.23418
2.19677
2.14725
2.08961
2.03247
1.98666
1.96278
1.96808
2.0011
2.04897
2.09452
2.12565
2.13803
2.13278
2.11328
2.0827
2.04306
1.99615
1.9458
1.90005
1.8702
1.86685
1.89389
1.94517
2.00654
2.06114
2.09487
2.09976
2.07489
2.02596
1.96417
1.9037
1.85791
1.83513
1.83689
1.85989
1.89996
1.95433
2.02073
2.09395
2.16444
2.22073
2.25348
2.25902
2.241
2.2091
2.17397
2.14122
2.11038
2.07947
2.04893
2.02055
1.99446
1.96903
1.94343
1.91922
1.90007
1.89161
1.90013
1.92968
1.97836
2.03818
2.09879
2.15107
2.18919
2.21181
2.22163
2.22324
2.22043
2.21419
2.20241
2.18274
2.15599
2.12802
2.10565
2.09107
2.08245
2.07918
2.0834
2.09655
2.11519
2.13042
2.13224
2.11385
2.07461
2.02115
1.96491
1.91386
1.868
1.82646
1.79545
1.78588
1.80457
1.84983
1.91342
1.98496
2.0551
2.11655
2.16409
2.19443
2.20644
2.20255
2.18891
2.17225
2.15694
2.14542
2.13978
2.14027
2.1436
2.14438
2.13885
2.12694
2.11138
2.09534
2.08014
2.06448
2.04575
2.02267
1.99707
1.97445
1.96278
1.96736
1.9871
2.0155
2.04482
2.06879
2.08313
2.08601
2.07888
2.06673
2.05698
2.05699
2.07177
2.10308
2.14873
2.20221
2.25364
2.29287
2.31245
2.30866
2.28104
2.23252
2.17077
2.1093
2.0645
2.04606
2.0493
2.06037
2.06708
2.06325
2.04779
2.02283
1.99314
1.96499
1.94437
1.93553
1.94027
1.9571
1.98188
2.00931
2.03359
2.04884
2.05076
2.03946
2.02034
2.00065
1.98558
1.97778
1.97918
1.9918
2.01577
2.04804
2.08279
2.11377
2.13621
2.14737
2.14537
2.12891
2.09834
2.05751
2.01482
1.98194
1.96922
1.98032
2.00951
2.04584
2.08113
2.11362
2.14369
2.16765
2.17866
2.17137
2.14471
2.10207
2.05043
2.00061
1.96684
1.96389
1.99952
2.0662
2.14362
2.21096
2.25523
2.27172
2.26197
2.23189
2.19011
2.14561
2.10512
2.07174
2.04547
2.02482
2.00711
1.98878
1.96694
1.94177
1.91683
1.8964
1.88237
1.87319
1.86664
1.86268
1.86413
1.87438
1.89452
1.92284
1.95635
1.99206
2.02658
2.05594
2.07623
2.08538
2.08466
2.07857
2.07303
2.07333
2.08313
2.10409
2.13549
2.17355
2.2112
2.23979
2.25212
2.24469
2.21761
2.17377
2.11832
2.05908
2.00695
1.97313
1.96341
1.97401
1.99497
2.0179
2.04029
2.06367
2.08968
2.11697
2.14097
2.15607
2.15795
2.14418
2.11441
2.07078
2.01797
1.96244
1.91168
1.87278
1.85024
1.844
1.85032
1.86548
1.8884
1.91944
1.95699
1.99615
2.0302
2.05393
2.06579
2.0684
2.06747
2.06906
2.07683
2.09035
2.10569
2.11801
2.12485
2.12574
2.11845
2.0981
2.06207
2.01388
1.96201
1.91604
1.88196
1.85956
1.8438
1.82997
1.8175
1.81013
1.81358
1.83221
1.86508
1.90464
1.94038
1.96427
1.9739
1.97209
1.96455
1.95756
1.95637
1.96383
1.97995
2.00281
2.02988
2.0593
2.08966
2.11957
2.14772
2.17326
2.19557
2.21406
2.22892
2.24185
2.25535
2.26928
2.27819
2.27334
2.24872
2.20602
2.15537
2.11094
2.08313
2.07281
2.07251
2.07316
2.06908
2.05914
2.04549
2.03164
2.02087
2.01498
2.01388
2.01634
2.02054
2.02495
2.02888
2.03222
2.03503
2.03691
2.03627
2.03055
2.01986
2.01299
2.02361
2.05116
2.07655
2.08281
2.06857
2.04448
2.02449
2.01803
2.02611
2.04217
2.0566
2.062
2.05591
2.03997
2.01757
1.99163
1.96433
1.93855
1.92046
1.92059
1.94945
2.00752
2.08103
2.14985
2.19838
2.2197
2.21323
2.1819
2.13127
2.06992
2.00882
1.95912
1.9295
1.92379
1.93906
1.96585
1.99278
2.01316
2.02952
2.05149
2.08693
2.1341
2.18322
2.22494
2.25503
2.27238
2.27673
2.2695
2.25368
2.23212
2.20679
2.17964
2.15337
2.13117
2.11615
2.11055
2.11445
2.12483
2.13546
2.13935
2.13169
2.11162
2.0829
2.05307
2.03099
2.02299
2.02885
2.04144
2.04973
2.04375
2.01834
1.97494
1.92088
1.86668
1.82298
1.79856
1.79927
1.82663
1.87617
1.9382
2.00233
2.06238
2.11741
2.16686
2.2062
2.22872
2.2303
2.21137
2.17526
2.12755
2.07603
2.03072
2.00164
1.99398
2.00469
2.02429
2.04207
2.05035
2.04659
2.03317
2.01559
1.99981
1.98986
1.98641
1.98734
1.98917
1.98781
1.97962
1.96351
1.94286
1.92493
1.91681
1.92106
1.93482
1.95305
1.97191
1.98906
2.00325
2.01454
2.0251
2.03844
2.05734
2.08186
2.10872
2.13273
2.15
2.15943
2.16226
2.16017
2.15379
2.14228
2.12382
2.09737
2.06459
2.03069
2.00296
1.98805
1.98975
2.00831
2.04122
2.08384
2.13095
2.17767
2.21956
2.25217
2.27133
2.27465
2.26232
2.237
2.20302
2.16593
2.13201
2.10644
2.09075
2.08178
2.07343
2.05933
2.03455
1.9968
1.9481
1.89546
1.84866
1.81729
1.80787
1.82106
1.85139
1.89023
1.92918
1.9613
1.98144
1.9871
1.97955
1.96386
1.9477
1.93917
1.94394
1.96287
1.99214
2.02566
2.05824
2.0867
2.1097
2.12664
2.13669
2.1385
2.13084
2.11403
2.09068
2.06511
2.04168
2.02315
2.01054
2.00368
2.00123
2.00066
1.99895
1.99291
1.97947
1.95669
1.9261
1.89429
1.87229
1.87168
1.89803
1.94626
2.00312
2.05488
2.09378
2.11903
2.13436
2.14541
2.15809
2.17706
2.2048
2.24057
2.28001
2.31637
2.34252
2.35287
2.3447
2.31894
2.28026
2.2365
2.19574
2.16293
2.13879
2.12273
2.11547
2.11829
2.13019
2.14657
2.16041
2.1646
2.15368
2.12437
2.07669
2.01525
1.94874
1.88721
1.83958
1.81166
1.80469
1.81534
1.83732
1.86364
1.8891
1.91196
1.93509
1.96352
1.99827
2.03293
2.05929
2.07425
2.08019
2.08072
2.07711
2.06829
2.05275
2.03111
2.00955
1.99777
1.99719
1.99738
1.98873
1.97015
1.94678
1.92584
1.91392
1.91537
1.93174
1.96158
2.0002
2.04084
2.07605
2.09915
2.10574
2.09569
2.0742
2.04917
2.02615
2.00498
1.98186
1.9541
1.92272
1.89275
1.87191
1.86798
1.88437
1.91637
1.95354
1.98661
2.01203
2.0304
2.04326
2.05226
2.0606
2.07252
2.08973
2.1092
2.12619
2.13811
2.14457
2.14494
2.13773
2.12285
2.10404
2.08818
2.08146
2.08512
2.09396
2.0996
2.09501
2.07773
2.05012
2.0179
1.98788
1.96568
1.95402
1.95155
1.95369
1.9549
1.9515
1.94312
1.93263
1.92448
1.92248
1.92776
1.93768
1.94668
1.94912
1.94227
1.92852
1.91498
1.91035
1.91996
1.94274
1.97255
2.00195
2.02625
2.04565
2.0641
2.08619
2.11405
2.14637
2.17884
2.20594
2.2229
2.22691
2.21722
2.19458
2.16103
2.12007
2.07645
2.0361
2.00525
1.98805
1.98353
1.98527
1.98588
1.98238
1.9789
1.98444
2.0068
2.04748
2.10117
2.15953
2.21423
2.2577
2.28349
2.28679
2.26499
2.21922
2.15491
2.0817
2.01166
1.95655
1.92482
1.91968
1.93821
1.97281
2.01402
2.05326
2.08424
2.1029
2.10606
2.09106
2.05693
2.00707
1.95113
1.90329
1.87656
1.87603
1.89667
1.92684
1.95446
1.97225
1.97999
1.98349
1.99267
2.0183
2.06659
2.13366
2.20488
2.26134
2.2893
2.28542
2.25593
2.21197
2.16478
2.12368
2.09576
2.08376
2.08367
2.08759
2.0896
2.08787
2.08263
2.07483
2.06626
2.05917
2.05493
2.05295
2.0515
2.04961
2.04775
2.04764
2.05105
2.05904
2.07083
2.08365
2.09322
2.09567
2.08941
2.07614
2.05996
2.04654
2.04333
2.05827
2.09355
2.1401
2.18238
2.20866
2.21512
2.20487
2.1849
2.1624
2.14111
2.11992
2.09435
2.06016
2.01681
1.9699
1.92987
1.90594
1.90017
1.90861
1.92591
1.94725
1.96812
1.98467
1.99473
1.99885
2.00022
2.00304
2.01028
2.02186
2.03431
2.04247
2.04216
2.03198
2.01336
1.98901
1.96227
1.93654
1.91557
1.9036
1.90487
1.922
1.95404
1.99646
2.04357
2.09053
2.13287
2.16588
2.18549
2.18946
2.17783
2.15265
2.11798
2.07997
2.04649
2.02564
2.02437
2.04686
2.09302
2.1568
2.22582
2.28425
2.31772
2.31836
2.28746
2.23395
2.16982
2.10492
2.04504
1.99349
1.95404
1.93192
1.93102
1.94925
1.97782
2.00697
2.03166
2.05128
2.06571
2.07266
2.06798
2.04776
2.01061
1.95944
1.90354
1.85838
1.83867
1.847
1.87338
1.90682
1.94236
1.9805
2.02387
2.07285
2.12223
2.16278
2.18624
2.18975
2.17723
2.15791
2.14215
2.13648
2.1413
2.15338
2.16986
2.18916
2.21025
2.23137
2.24912
2.259
2.25748
2.24503
2.22598
2.20353
2.17648
2.14211
2.09998
2.05292
2.00629
1.96609
1.93717
1.9223
1.92267
1.93769
1.96379
1.99464
2.02318
2.04316
2.04993
2.04113
2.0178
1.98491
1.95061
1.9245
1.91381
1.91898
1.93293
1.94475
1.94568
1.93357
1.91424
1.89867
1.89643
1.91015
1.93548
1.96506
1.99328
2.01785
2.03864
2.05584
2.06831
2.07378
2.07014
2.05701
2.03658
2.0139
1.99678
1.99454
2.01521
2.06085
2.1244
2.19218
2.25011
2.28856
2.30316
2.29449
2.26611
2.22256
2.16823
2.10736
2.04507
1.98871
1.94728
1.92834
1.93379
1.95871
1.99444
2.03287
2.06916
2.1014
2.12901
2.15135
2.16696
2.17315
2.16638
2.1436
2.10476
2.05572
2.0094
1.98103
1.97902
2
2.03311
2.06705
2.09312
2.10464
2.0971
2.06985
2.02793
1.98164
1.94159
1.91285
1.89356
1.87838
1.86262
1.84483
1.8279
1.81839
1.82314
1.846
1.88624
1.93915
1.99782
2.05528
2.10548
2.14341
2.1653
2.16974
2.15884
2.13832
2.11553
2.09585
2.08071
2.06872
2.05925
2.0544
2.05802
2.07294
2.09861
2.12992
2.15879
2.17758
2.18248
2.17485
2.16043
2.14679
2.13996
2.14127
2.14647
2.14847
2.14129
2.12256
2.09415
2.06196
2.03425
2.01766
2.01318
2.0164
2.02287
2.03283
2.04926
2.07056
2.08799
2.09134
2.07538
2.04188
1.99821
1.95506
1.92295
1.90739
1.90746
1.92072
1.94837
1.99331
2.05163
2.10992
2.15312
2.17219
2.1652
2.13538
2.0891
2.03444
1.98028
1.93605
1.9108
1.91023
1.93419
1.97739
2.03172
2.0876
2.13545
2.16733
2.17784
2.16488
2.13043
2.08098
2.02653
1.97787
1.94343
1.9267
1.92575
1.93565
1.95288
1.97757
2.0113
2.05325
2.09835
2.13872
2.1665
2.17682
2.17189
2.16218
2.16154
2.17779
2.20933
2.24966
2.29079
2.32441
2.34531
2.35349
2.35213
2.34343
2.32689
2.30074
2.26411
2.21803
2.16573
2.11334
2.07005
2.04495
2.03999
2.04565
2.04676
2.03218
1.99953
1.95336
1.90106
1.84972
1.80523
1.77369
1.76216
1.77752
1.82338
1.89664
1.98685
2.08031
2.16466
2.23067
2.2721
2.28611
2.27401
2.24163
2.19806
2.15363
2.11752
2.09571
2.08947
2.09523
2.10633
2.11643
2.12142
2.11895
2.10688
2.08275
2.04557
1.99826
1.94856
1.90729
1.88449
1.88564
1.90967
1.94988
1.997
2.04215
2.07841
2.10087
2.10586
2.09077
2.05522
2.00298
1.94292
1.88643
1.84345
1.81978
1.8175
1.83637
1.87371
1.9234
1.9763
2.02294
2.05656
2.0744
2.07766
2.07064
2.05909
2.04864
2.04403
2.04899
2.066
2.09534
2.13438
2.17793
2.21853
2.24757
2.25716
2.24233
2.20322
2.14628
2.08362
2.03037
2.00033
2.00015
2.02592
2.06634
2.10886
2.14369
2.16405
2.16546
2.14574
2.10547
2.04873
1.98448
1.92655
1.88948
1.88095
1.89739
1.92702
1.95711
1.97976
1.99382
2.00435
2.02047
2.05089
2.09828
2.15614
2.21142
2.25079
2.26589
2.25544
2.22418
2.17965
2.12904
2.07744
2.0281
1.98439
1.95085
1.93181
1.92951
1.94245
1.96568
1.99317
2.02009
2.04393
2.06362
2.07829
2.08675
2.08807
2.08204
2.06976
2.0537
2.03687
2.02139
2.00731
1.9934
1.97845
1.96237
1.94655
1.93404
1.92932
1.93689
1.95818
1.98953
2.02353
2.05254
2.0719
2.0815
2.08504
2.08776
2.09445
2.10842
2.13101
2.161
2.19386
2.22242
2.2383
2.23469
2.20913
2.16552
2.11434
2.07041
2.04769
2.05249
2.07768
2.10392
2.10998
2.0854
2.0389
1.99958
1.99634
2.02725
2.06718
2.09779
2.11415
2.11634
2.1041
2.07666
2.03568
1.98769
1.9432
1.91172
1.89678
1.89609
1.90653
1.92889
1.96538
2.01206
2.05677
2.08608
2.09344
2.08098
2.05543
2.0236
1.9904
1.95961
1.93523
1.92255
1.9274
1.95351
1.99892
2.05525
2.11189
2.16185
2.20376
2.23899
2.2675
2.28686
2.29419
2.28818
2.26985
2.24199
2.20797
2.17029
2.12914
2.08343
2.03325
1.98221
1.93704
1.90407
1.88537
1.87838
1.87913
1.88531
1.89644
1.91317
1.93757
1.97097
2.01088
2.05121
2.0856
2.111
2.12903
2.1441
2.15987
2.17681
2.19218
2.20152
2.20039
2.18663
2.16157
2.13062
2.1021
2.08345
2.07611
2.07486
2.0743
2.07527
2.08312
2.09885
2.11577
2.12662
2.13017
2.12862
2.12217
2.10831
2.08541
2.05563
2.02399
1.99581
1.97546
1.96622
1.9697
1.98526
2.00997
2.03882
2.06537
2.08354
2.08955
2.08228
2.06251
2.03193
1.99269
1.94856
1.90608
1.87503
1.86553
1.88249
1.92065
1.96562
2.00149
2.01852
2.01634
2.00244
1.98773
1.98116
1.98626
2.00088
2.01969
2.03728
2.05025
2.05672
2.05549
2.04618
2.03121
2.0174
2.01471
2.03147
2.06911
2.11963
2.16916
2.20457
2.21808
2.20824
2.17868
2.13598
2.08759
2.0396
1.99595
1.95917
1.93209
1.91797
1.91729
1.92516
1.93382
1.93761
1.93607
1.93352
1.93625
1.94834
1.9687
1.99108
2.0072
2.01089
2.00133
1.98282
1.96162
1.94297
1.92999
1.92402
1.92533
1.93389
1.9503
1.97555
2.00872
2.04597
2.08379
2.12188
2.16034
2.19481
2.21659
2.21757
2.19583
2.15809
2.11707
2.08508
2.06931
2.07086
2.08741
2.11506
2.14897
2.18352
2.21286
2.23155
2.23564
2.22413
2.20051
2.17176
2.14448
2.12056
2.09719
2.07143
2.04452
2.02165
2.00717
2.00123
2.00128
2.00325
2.00157
1.99086
1.96909
1.93951
1.9095
1.8873
1.87918
1.88768
1.91106
1.94413
1.97993
2.01174
2.03428
2.04369
2.03703
2.01212
1.9687
1.9104
1.84581
1.78747
1.74864
1.7389
1.76111
1.81067
1.8778
1.95128
2.02151
2.08186
2.12835
2.15974
2.17825
2.1896
2.20101
2.21654
2.23392
2.24594
2.24554
2.23002
2.20156
2.16558
2.12831
2.09447
2.06686
2.0466
2.03422
2.0314
2.04229
2.07062
2.11408
2.16389
2.2097
2.24374
2.26141
2.26072
2.24216
2.20872
2.16558
2.11855
2.07245
2.03062
1.99551
1.96902
1.95205
1.94399
1.94303
1.94726
1.95496
1.96491
1.97642
1.98927
2.00296
2.01658
2.02967
2.0416
2.04964
2.05021
2.04305
2.03283
2.026
2.02621
2.03344
2.04647
2.06466
2.08714
2.11089
2.13026
2.1391
2.13338
2.1135
2.08469
2.05467
2.02882
2.00721
1.98634
1.96442
1.945
1.93593
1.94516
1.97615
2.0258
2.08555
2.14459
2.19322
2.22508
2.23877
2.23727
2.22533
2.20729
2.18617
2.16402
2.1419
2.11895
2.09233
2.05913
2.01935
1.97756
1.94117
1.91666
1.90568
1.90527
1.91029
1.91569
1.91708
1.91062
1.89466
1.87298
1.85554
1.85462
1.87739
1.92183
1.97957
2.04102
2.09811
2.14515
2.17891
2.19787
2.20164
2.19115
2.1694
2.14077
2.10967
2.07884
2.04908
2.02037
1.99384
1.97198
1.95748
1.95221
1.95751
1.97413
2.00142
2.03681
2.07598
2.11379
2.14543
2.16823
2.18193
2.18772
2.18645
2.17766
2.15978
2.13173
2.09461
2.05285
2.01369
1.98451
1.96906
1.96563
1.96815
1.96886
1.9618
1.94598
1.92595
1.90911
1.90098
1.90235
1.9099
1.91855
1.92394
1.92394
1.91936
1.91371
1.91168
1.91739
1.93297
1.95817
1.99092
2.02829
2.06761
2.10659
2.14266
2.17288
2.1942
2.20455
2.20302
2.18964
2.16492
2.13049
2.09026
2.05007
2.01527
1.98893
1.97197
1.96471
1.96785
1.98139
2.00276
2.02681
2.0483
2.06496
2.07781
2.08854
2.09622
2.0963
2.08256
2.05121
2.00566
1.95936
1.93053
1.93105
1.95862
1.99886
2.03552
2.05956
2.0715
2.07877
2.09079
2.114
2.14881
2.19023
2.23121
2.26565
2.28908
2.29825
2.29111
2.26734
2.22941
2.18399
2.14153
2.11184
2.09767
2.09299
2.08814
2.07501
2.05008
2.01643
1.98378
1.96409
1.96467
1.98319
2.00905
2.02909
2.03413
2.02258
1.99982
1.97335
1.94735
1.92171
1.8958
1.8722
1.85774
1.86093
1.88591
1.92739
1.9736
2.01414
2.04485
2.06707
2.08445
2.10065
2.1185
2.13962
2.16329
2.18597
2.20211
2.20741
2.20302
2.19609
2.19338
2.19473
2.19567
2.19331
2.18812
2.18057
2.16801
2.14515
2.10895
2.06388
2.02271
2.00072
2.00676
2.03792
2.08231
2.12593
2.15762
2.1713
2.16621
2.14611
2.11724
2.08651
2.05971
2.04106
2.03224
2.03083
2.03
2.02074
1.99532
1.95104
1.89393
1.84148
1.81909
1.84435
1.91192
1.99973
2.08683
2.16206
2.22278
2.26989
2.30372
2.32224
2.32219
2.30136
2.2601
2.20156
2.13124
2.05617
1.9839
1.92222
1.87738
1.85162
1.84218
1.84282
1.84727
1.85254
1.86015
1.87464
1.89948
1.9338
1.97248
2.00916
2.03875
2.05776
2.06374
2.05541
2.03398
2.00476
1.97685
1.96045
1.96362
1.99095
2.04213
2.10984
2.18021
2.23831
2.27417
2.28457
2.27194
2.24255
2.2048
2.16659
2.13261
2.10458
2.08345
2.07051
2.06593
2.06665
2.06687
2.06078
2.04516
2.02125
1.99423
1.9711
1.95746
1.9548
1.96004
1.96732
1.97081
1.96713
1.95576
1.93787
1.91513
1.89003
1.86823
1.85747
1.86376
1.88748
1.9236
1.96493
2.0047
2.03732
2.05818
2.06375
2.05266
2.02646
1.99017
1.95157
1.91981
1.90342
1.90737
1.93147
1.97111
2.02002
2.07258
2.12451
2.17209
2.21157
2.23887
2.25061
2.24527
2.22412
2.1912
2.15203
2.11182
2.0742
2.04167
2.01656
2.00103
1.99577
1.99952
2.01031
2.02709
2.04944
2.07503
2.09835
2.11327
2.11698
2.11129
2.10095
2.09033
2.081
2.07147
2.05985
2.04706
2.03792
2.03755
2.04683
2.06101
2.07246
2.07489
2.06595
2.0477
2.02603
2.01011
2.01001
2.03043
2.06712
2.11184
2.15755
2.19806
2.22691
2.23962
2.23587
2.22026
2.1995
2.17881
2.15988
2.14178
2.12274
2.10105
2.07404
2.03794
1.99058
1.93472
1.87867
1.83324
1.80777
1.80746
1.8322
1.8767
1.93205
1.98892
2.0402
2.08222
2.11435
2.13797
2.1558
2.17131
2.18789
2.20824
2.23309
2.25929
2.27886
2.28115
2.25726
2.20418
2.12664
2.03642
1.9496
1.88234
1.84633
1.84573
1.87581
1.92533
1.98085
2.03094
2.06793
2.08792
2.09017
2.07683
2.05342
2.02794
2.00928
2.00528
2.02029
2.05334
2.09742
2.1414
2.17336
2.18351
2.16622
2.12134
2.05517
1.98022
1.91359
1.87197
1.86456
1.88803
1.92928
1.9744
2.01534
2.05007
2.07927
2.1034
2.12278
2.13846
2.15179
2.16298
2.17075
2.17278
2.16677
2.1527
2.13455
2.11864
2.10892
2.10365
2.09679
2.0822
2.05783
2.02764
2.00036
1.98436
1.9821
1.98949
2.0012
2.01515
2.03156
2.04809
2.05825
2.05583
2.03977
2.0149
1.98977
1.9727
1.96785
1.97411
1.98726
2.0028
2.01668
2.02527
2.02566
2.01701
2.00182
1.98582
1.97539
1.97397
1.98119
1.99634
2.02123
2.05877
2.109
2.16662
2.22207
2.2655
2.29069
2.29658
2.28653
2.26639
2.24214
2.21871
2.19955
2.18719
2.18316
2.18731
2.19663
2.20474
2.20368
2.18686
2.15213
2.10326
2.0497
2.00361
1.97456
1.96506
1.97036
1.98149
1.98852
1.98342
1.9621
1.92427
1.87144
1.80631
1.73506
1.67096
1.6327
1.63477
1.67772
1.74999
1.83666
1.92443
2.00228
2.06199
2.09938
2.11479
2.11208
2.09708
2.07579
2.05361
2.03553
2.02572
2.02597
2.03468
2.04808
2.06229
2.07467
2.08431
2.0925
2.10193
2.11386
2.12579
2.133
2.13115
2.11837
2.09626
2.07051
2.05025
2.04584
2.06329
2.09902
2.14104
2.17589
2.19445
2.19369
2.17552
2.14577
2.11261
2.08474
2.06862
2.06642
2.07603
2.09306
2.11344
2.13444
2.15449
2.17204
2.18473
2.18936
2.1828
2.16282
2.12877
2.0821
2.02675
1.96944
1.91941
1.88699
1.88031
1.90191
1.94739
2.0067
2.06803
2.12082
2.15732
2.17273
2.16507
2.13546
2.08835
2.03087
1.97097
1.91516
1.86749
1.8304
1.8068
1.80073
1.81524
1.85013
1.90026
1.95397
1.99681
2.02006
2.02488
2.01772
2.0037
1.98383
1.95743
1.92726
1.90416
1.90562
1.94292
2.00649
2.07189
2.11918
2.14205
2.14476
2.13517
2.11962
2.1012
2.08121
2.06121
2.04324
2.02838
2.01564
2.00282
1.98865
1.97452
1.96489
1.96561
1.98146
2.01337
2.05716
2.10425
2.1442
2.16778
2.16988
2.15063
2.11441
2.06798
2.01825
1.97107
1.93097
1.90175
1.88621
1.88536
1.89738
1.91743
1.93886
1.95589
1.96593
1.96999
1.97155
1.9754
1.98706
2.01135
2.05015
2.101
2.15743
2.21068
2.25168
2.27364
2.27428
2.2567
2.22807
2.19761
2.17389
2.16116
2.15674
2.1526
2.14013
2.11495
2.07956
2.04198
2.01138
1.99414
1.99209
2.0029
2.02079
2.03725
2.04383
2.03691
2.02068
2.00398
1.99301
1.98638
1.97837
1.96556
1.95093
1.94287
1.94977
1.97425
2.01163
2.05396
2.09513
2.13246
2.16481
2.19036
2.20633
2.21084
2.20466
2.19142
2.17643
2.16469
2.15862
2.15772
2.1598
2.16227
2.1623
2.15646
2.14108
2.1135
2.07363
2.02493
1.97311
1.92373
1.88095
1.84863
1.8317
1.8342
1.85522
1.88818
1.92524
1.96168
1.99622
2.02903
2.05923
2.08404
2.10006
2.10459
2.09624
2.07442
2.03923
1.99256
1.93893
1.88543
1.84009
1.81001
1.79932
1.80835
1.83418
1.87265
1.9212
1.97989
2.04874
2.12421
2.19892
2.26481
2.31633
2.35146
2.37059
2.37492
2.36508
2.34184
2.30706
2.26487
2.22127
2.18253
2.15297
2.13283
2.11887
2.106
2.09036
2.07178
2.0539
2.04145
2.03618
2.03521
2.03255
2.02275
2.00314
1.97524
1.94522
1.9232
1.91829
1.93176
1.95539
1.97767
1.99049
1.99225
1.98646
1.97881
1.97385
1.97279
1.97301
1.97017
1.96189
1.95147
1.94842
1.96262
1.99586
2.03982
2.08189
2.11299
2.13067
2.13684
2.1334
2.1208
2.09989
2.07446
2.0509
2.03605
2.03446
2.04656
2.06859
2.09521
2.12281
2.14973
2.17281
2.18629
2.18531
2.16916
2.14212
2.11179
2.08681
2.0739
2.07635
2.093
2.11929
2.15005
2.18161
2.21181
2.23887
2.26035
2.27311
2.27457
2.2639
2.24249
2.21281
2.17639
2.1336
2.08516
2.03364
1.98177
1.93013
1.87855
1.83012
1.79179
1.7715
1.77454
1.80134
1.84718
1.90324
1.95855
2.00246
2.02734
2.03015
2.01299
1.98239
1.94704
1.91505
1.89071
1.87328
1.85886
1.84494
1.8335
1.82999
1.83984
1.86572
1.90661
1.95943
2.02075
2.08683
2.15214
2.20854
2.24725
2.26256
2.25493
2.23122
2.20181
2.17521
2.15449
2.1375
2.12005
2.09886
2.07286
2.04368
2.01532
1.99329
1.98252
1.98491
1.99847
2.01933
2.04585
2.07998
2.12144
2.16324
2.19519
2.20933
2.20137
2.17186
2.12827
2.0839
2.0497
2.0268
2.01005
1.99653
1.98913
1.99442
2.0172
2.05618
2.10381
2.15104
2.19167
2.22282
2.24231
2.24667
2.23214
2.19739
2.14506
2.08204
2.01756
1.95984
1.91369
1.88128
1.86418
1.86321
1.87695
1.90106
1.93046
1.96106
1.98964
2.01192
2.02227
2.01641
1.9952
1.9656
1.93843
1.9232
1.92341
1.93608
1.95559
1.97792
2.00146
2.02563
2.04964
2.07248
2.0929
2.11007
2.12393
2.13512
2.14455
2.15271
2.15958
2.16483
2.1674
2.16555
2.15798
2.14627
2.13572
2.13328
2.14382
2.16733
2.19851
2.22945
2.25322
2.26628
2.26831
2.26031
2.24296
2.21653
2.18202
2.1418
2.09866
2.05397
2.00743
1.95882
1.91076
1.86937
1.84203
1.83376
1.8456
1.87523
1.91758
1.96524
2.01118
2.05252
2.09013
2.12386
2.15105
2.16974
2.17973
2.18046
2.1701
2.14672
2.11203
2.07512
2.05179
2.05518
2.08498
2.12764
2.16632
2.18919
2.19199
2.17751
2.15295
2.12596
2.10036
2.07478
2.04578
2.0137
1.98551
1.97166
1.97856
2.00386
2.03756
2.06861
2.09172
2.10871
2.12437
2.14136
2.15826
2.17042
2.17271
2.16203
2.13946
2.11027
2.08114
2.05501
2.02853
1.99508
1.9499
1.89329
1.8316
1.77684
1.74362
1.74184
1.76992
1.81625
1.86774
1.9161
1.95849
1.99479
2.02523
2.0505
2.07287
2.09526
2.11774
2.13493
2.13857
2.12368
2.09255
2.05385
2.01827
1.9933
1.98154
1.98234
1.99525
2.0208
2.0591
2.10759
2.15969
2.20507
2.23221
2.23314
2.20941
2.17568
2.15352
2.15526
2.17756
2.21036
2.24489
2.27439
2.29356
2.29872
2.28781
2.26037
2.21767
2.16273
2.09891
2.02819
1.95229
1.87611
1.80916
1.7628
1.74607
1.76192
1.80494
1.86255
1.91986
1.96594
1.99726
2.01774
2.03564
2.05879
2.08938
2.12181
2.1456
2.15107
2.1353
2.10625
2.08152
2.0791
2.10631
2.15588
2.21134
2.2549
2.27415
2.26523
2.23225
2.18458
2.13329
2.0876
2.05224
2.02673
2.00682
1.98772
1.96902
1.95841
1.96873
2.00658
2.06344
2.12046
2.15962
2.17062
2.15184
2.10826
2.04932
1.98751
1.93642
1.90715
1.90372
1.92124
1.94939
1.97787
1.99958
2.01142
2.0144
2.01279
2.01145
2.01339
2.01925
2.02836
2.03919
2.04842
2.05149
2.04457
2.02645
1.99934
1.96854
1.94073
1.92237
1.91925
1.93717
1.98045
2.04719
2.12539
2.19713
2.24834
2.27345
2.27256
2.24789
2.20199
2.13802
2.06106
1.97902
1.90293
1.8452
1.81475
1.81288
1.83507
1.87501
1.9266
1.98424
2.04262
2.09673
2.14289
2.17968
2.20778
2.2285
2.24251
2.24936
2.2479
2.23722
2.21681
2.1863
2.14597
2.09725
2.0438
1.99307
1.95682
1.94404
1.95027
1.9608
1.9651
1.96253
1.95778
1.95518
1.95655
1.96202
1.97137
1.98458
2.00084
2.01836
2.03523
2.05112
2.06744
2.08514
2.10272
2.11748
2.12794
2.13481
2.13983
2.14449
2.14919
2.15318
2.15473
2.1511
2.13932
2.11721
2.08527
2.04786
2.0129
1.98943
1.98276
1.98973
2.00028
2.00521
2.00234
1.99545
1.98822
1.98137
1.97556
1.9745
1.98347
2.00485
2.03475
2.06372
2.08172
2.08336
2.07084
2.05217
2.03695
2.03162
2.0372
2.04997
2.06392
2.07376
2.07709
2.07507
2.0719
2.07218
2.07719
2.08269
2.08144
2.06846
2.04423
2.01359
1.98258
1.95601
1.93792
1.93202
1.93977
1.95871
1.98308
2.00713
2.02847
2.04821
2.06849
2.08967
2.10899
2.12176
2.12434
2.11606
2.09895
2.07591
2.04982
2.02475
2.00698
2.0027
2.01393
2.03752
2.06744
2.09687
2.11896
2.12818
2.12201
2.10238
2.07539
2.04901
2.02996
2.02067
2.01895
2.02072
2.02334
2.02703
2.0336
2.04396
2.05667
2.06888
2.07851
2.08586
2.09329
2.10243
2.11178
2.11637
2.11066
2.09213
2.06403
2.03496
2.01464
2.00823
2.01346
2.02373
2.03365
2.04101
2.0453
2.04653
2.04483
2.04031
2.03291
2.02258
2.00965
1.99506
1.98073
1.97009
1.96748
1.97632
1.99715
2.02756
2.06415
2.10387
2.14259
2.17308
2.18658
2.17683
2.14551
2.10468
2.07162
2.05681
2.05924
2.07262
2.09059
2.10823
2.12193
2.12885
2.12676
2.1148
2.09444
2.06902
2.04189
2.01449
1.98643
1.95714
1.92727
1.89922
1.87658
1.86338
1.86289
1.87667
1.90361
1.94003
1.98014
2.01741
2.04574
2.06067
2.06072
2.04806
2.02928
2.01383
2.00994
2.02033
2.04128
2.0652
2.0842
2.09304
2.09137
2.08374
2.07664
2.07253
2.06772
2.05669
2.03753
2.01342
1.9902
1.9734
1.96621
1.96844
1.97673
1.98573
1.98978
1.98455
1.96843
1.94207
1.9069
1.86541
1.82454
1.79825
1.80015
1.83017
1.87612
1.92829
1.98601
2.05352
2.13313
2.22094
2.30721
2.38009
2.42978
2.4506
2.44153
2.40622
2.35233
2.28998
2.22866
2.17473
2.13157
2.10177
2.08865
2.09475
2.11726
2.14702
2.1717
2.18066
2.16738
2.13095
2.07656
2.01541
1.96131
1.92448
1.90752
1.90716
1.91894
1.93873
1.96154
1.98164
1.99533
2.00363
2.01171
2.02456
2.04348
2.06616
2.08919
2.11011
2.12779
2.14188
2.15156
2.15529
2.15134
2.13895
2.11888
2.0933
2.06586
2.04149
2.02485
2.01804
2.0205
2.03105
2.04945
2.07479
2.10223
2.12226
2.12517
2.10636
2.06835
2.01972
1.97187
1.93562
1.91823
1.92048
1.93591
1.9538
1.96422
1.96196
1.94711
1.92318
1.89447
1.86517
1.8398
1.82392
1.82394
1.84486
1.88659
1.94249
2.00237
2.05701
2.10049
2.13084
2.14919
2.15909
2.16488
2.16937
2.17239
2.17089
2.16119
2.14227
2.11744
2.09327
2.07615
2.06941
2.07277
2.08413
2.10141
2.12293
2.14704
2.172
2.19666
2.22049
2.24276
2.26154
2.27369
2.2755
2.2639
2.23708
2.19456
2.13751
2.06925
1.99616
1.9276
1.87398
1.84358
1.83962
1.85931
1.89489
1.93719
1.97962
2.02005
2.05948
2.09875
2.13578
2.16544
2.18181
2.18118
2.16396
2.1348
2.10049
2.06653
2.03483
2.00441
1.9742
1.94503
1.91983
1.90253
1.89668
1.90433
1.92442
1.95202
1.98004
2.00217
2.01426
2.01363
1.99911
1.97397
1.94884
1.93736
1.947
1.97545
2.01406
2.05309
2.08533
2.10672
2.11555
2.11222
2.09979
2.084
2.07192
2.06992
2.08146
2.10575
2.13788
2.17038
2.19511
2.20519
2.19702
2.17099
2.13122
2.08457
2.0392
2.00238
1.97882
1.96979
1.97324
1.98499
2.00044
2.0158
2.02871
2.03828
2.04431
2.04664
2.04494
2.03944
2.03124
2.02198
2.0135
2.00763
2.00564
2.00697
2.00901
2.00901
2.00535
1.99809
1.98841
1.97824
1.97032
1.96861
1.9778
2.00058
2.03433
2.07165
2.10441
2.12701
2.13652
2.1318
2.11337
2.08392
2.04838
2.01364
1.9868
1.97341
1.97636
1.99488
2.02413
2.05722
2.08837
2.11291
2.12627
2.12468
2.10809
2.08082
2.04884
2.01578
1.98486
1.96498
1.96919
2.00325
2.0594
2.12162
2.17441
2.20859
2.22177
2.21674
2.19865
2.17224
2.14122
2.10926
2.08094
2.06073
2.05073
2.04935
2.05194
2.05308
2.04877
2.03774
2.02167
2.0044
1.99037
1.98287
1.98238
1.98632
1.99076
1.9928
1.99241
1.99273
1.99883
2.01447
2.03934
2.06897
2.09688
2.11741
2.12776
2.12818
2.12078
2.10813
2.09157
2.0704
2.04183
2.00288
1.95285
1.89626
1.84419
1.81228
1.81373
1.84967
1.90583
1.96036
1.99476
1.99997
1.97763
1.93952
1.9024
1.87799
1.86807
1.87003
1.88395
1.91263
1.95643
2.00987
2.06308
2.10706
2.13841
2.16028
2.1789
2.19792
2.21596
2.22916
2.23386
2.22722
2.20717
2.17344
2.12904
2.08051
2.03663
2.00662
1.99794
2.01305
2.04705
2.08874
2.12545
2.14892
2.15797
2.15771
2.1545
2.15051
2.14221
2.12418
2.09439
2.05694
2.02023
1.99283
1.97984
1.98153
1.99495
2.01684
2.04524
2.07763
2.10921
2.1353
2.15428
2.16631
2.17121
2.1681
2.15536
2.13107
2.09471
2.04956
2.00322
1.96514
1.94292
1.93996
1.95584
1.98709
2.02779
2.07009
2.1055
2.12743
2.13255
2.12127
2.09719
2.06574
2.03271
2.0034
1.98207
1.97129
1.97124
1.97913
1.99012
1.99961
2.0059
2.01031
2.01443
2.017
2.01523
2.00822
1.99809
1.98825
1.98105
1.97647
1.97283
1.96885
1.96571
1.96684
1.97502
1.98994
2.00863
2.02824
2.04784
2.06744
2.08654
2.10334
2.11623
2.12501
2.13013
2.13058
2.12316
2.10452
2.07504
2.04145
2.01581
2.00818
2.01756
2.03283
2.04196
2.03805
2.01965
1.9892
1.95242
1.91884
1.90048
1.90658
1.93785
1.98572
2.03728
2.08184
2.11514
2.1399
2.16227
2.18676
2.21343
2.2382
2.25557
2.26139
2.25317
2.23006
2.19278
2.14425
2.08964
2.03585
1.99061
1.95995
1.94554
1.9444
1.95112
1.96134
1.97359
1.98935
2.01105
2.03968
2.07318
2.10589
2.12958
2.13566
2.11772
2.07368
2.00703
1.92751
1.85024
1.79328
1.77277
1.79546
1.85266
1.92314
1.98514
2.02549
2.04075
2.03418
2.01196
1.98021
1.94328
1.90453
1.86881
1.84379
1.83708
1.85085
1.881
1.9217
1.96853
2.01909
2.07399
2.13758
2.21282
2.29377
2.36687
2.41905
2.44207
2.43207
2.38856
2.31507
2.21957
2.11383
2.01157
1.92603
1.86716
1.83907
1.8396
1.86232
1.89904
1.94151
1.98241
2.01627
2.04035
2.05459
2.06029
2.05856
2.05026
2.03651
2.01915
2.00064
1.98367
1.9703
1.96178
1.95865
1.96111
1.96911
1.98305
2.00379
2.03246
2.06841
2.10759
2.1436
2.17027
2.18376
2.18334
2.17058
2.14789
2.11744
2.0819
2.04617
2.0173
2.00092
1.99769
2.00386
2.01477
2.02788
2.04353
2.06375
2.0894
2.11825
2.1449
2.1622
2.16291
2.14147
2.09558
2.02796
1.94762
1.86871
1.80651
1.77232
1.76961
1.79434
1.83807
1.89127
1.94559
1.99478
2.03458
2.06187
2.07418
2.0693
2.04597
2.00504
1.95043
1.8886
1.82709
1.77326
1.73413
1.71714
1.73011
1.77786
1.85681
1.95412
2.05424
2.14516
2.2198
2.27396
2.30507
2.3125
2.29891
2.27087
2.23755
2.20843
2.1904
2.18555
2.19101
2.2009
2.20913
2.21167
2.20733
2.19711
2.18215
2.16203
2.13475
2.09823
2.05213
1.99825
1.93983
1.88028
1.82296
1.7722
1.73381
1.71402
1.71749
1.74635
1.79887
1.86837
1.94486
2.0185
2.08203
2.13242
2.17054
2.19898
2.21937
2.231
2.23144
2.21837
2.19169
2.15517
2.11631
2.08367
2.06276
2.05295
2.04759
2.03762
2.01636
1.98259
1.94102
1.9005
1.86998
1.8553
1.85881
1.88034
1.91783
1.96841
2.02958
2.09911
2.17348
2.24599
2.30716
2.34686
2.35759
2.33675
2.28753
2.21772
2.13784
2.0597
1.9945
1.94867
1.92111
1.90569
1.8973
1.89587
1.90577
1.93201
1.97617
2.03446
2.09837
2.15677
2.19893
2.21715
2.20929
2.17961
2.13546
2.08202
2.0214
1.95689
1.89385
1.83688
1.79049
1.76203
1.7593
1.78292
1.82354
1.86809
1.90739
1.93889
1.9655
1.99131
2.01747
2.04188
2.06242
2.07979
2.09777
2.12046
2.14913
2.18032
2.20714
2.22331
2.22629
2.21739
2.19899
2.17197
2.13659
2.09529
2.05315
2.01346
1.97464
1.93378
1.89282
1.86048
1.84889
1.86719
1.91557
1.98347
2.05355
2.10854
2.13749
2.14034
2.12923
2.12166
2.12554
2.13371
2.13569
2.12808
2.11367
2.09663
2.08011
2.06653
2.05851
2.05842
2.06612
2.07827
2.09037
2.09933
2.10415
2.10607
2.10777
2.11216
2.12056
2.13111
2.13864
2.13586
2.11553
2.07341
2.01187
1.94266
1.88505
1.85482
1.8525
1.86831
1.89848
1.94843
2.01814
2.09273
2.15265
2.18555
2.18873
2.16713
2.13091
2.09114
2.05513
2.02338
1.99137
1.95437
1.9117
1.8686
1.83484
1.82129
1.83573
1.87892
1.94332
2.01639
2.08645
2.14559
2.18888
2.21197
2.21029
2.18068
2.12472
2.05142
1.9764
1.91674
1.88513
1.88573
1.91341
1.95731
2.00625
2.05341
2.09817
2.14373
2.19137
2.23497
2.26164
2.25871
2.22115
2.15508
2.07681
2.0072
1.962
1.94579
1.95479
1.98261
2.02178
2.06353
2.09993
2.12632
2.1407
2.14281
2.13431
2.1191
2.10254
2.08957
2.08243
2.07933
2.07543
2.06635
2.05156
2.03563
2.02636
2.03084
2.0512
2.08257
2.11481
2.13602
2.13679
2.11497
2.07878
2.04407
2.02394
2.01982
2.02517
2.03518
2.05037
2.07335
2.10464
2.14153
2.17916
2.21229
2.23611
2.24675
2.24135
2.21819
2.17709
2.12002
2.05174
1.98012
1.91504
1.8664
1.84161
1.84313
1.86825
1.9122
1.97118
2.04051
2.11001
2.16592
2.19705
2.19928
2.17634
2.13805
2.09662
2.06143
2.03614
2.01994
2.01115
2.00981
2.01698
2.03275
2.05532
2.08189
2.11002
2.13803
2.16433
2.18673
2.20303
2.21187
2.2133
2.2087
2.19962
2.18663
2.1696
2.14966
2.12954
2.11209
2.09774
2.08427
2.06901
2.05049
2.02796
2.0011
1.97043
1.93801
1.90779
1.88438
1.87087
1.86696
1.86863
1.8705
1.86832
1.8611
1.85187
1.84666
1.85142
1.86904
1.89855
1.93651
1.97851
2.02043
2.05872
2.08921
2.10657
2.10573
2.08524
2.04951
2.00824
1.97345
1.95574
1.96129
1.9904
2.03794
2.0949
2.15006
2.19225
2.21406
2.21421
2.19671
2.16883
2.13932
2.11635
2.10541
2.10887
2.12601
2.1525
2.18087
2.20214
2.20853
2.19613
2.16684
2.12801
2.09014
2.06293
2.05134
2.05387
2.06385
2.07263
2.07366
2.06514
2.04951
2.03039
2.00939
1.98501
1.95453
1.91687
1.8753
1.83757
1.81317
1.80822
1.82274
1.85148
1.8863
1.91846
1.94075
1.95041
1.95053
1.94843
1.95208
1.96684
1.9939
2.0297
2.06643
2.09502
2.10872
2.10521
2.08669
2.05933
2.03141
2.00925
1.99215
1.97424
1.95384
1.9372
1.93151
1.93855
1.95736
1.98785
2.0296
2.08012
2.13457
2.18638
2.22881
2.25729
2.27089
2.27173
2.26291
2.24606
2.22067
2.18502
2.13892
2.08616
2.03499
1.99598
1.97828
1.98682
2.01878
2.06065
2.09309
2.10186
2.08444
2.04863
2.00713
1.97196
1.95106
1.94798
1.96187
1.98736
2.01585
2.0397
2.05589
2.06646
2.07514
2.08369
2.09092
2.0959
2.10052
2.1078
2.11825
2.12874
2.13538
2.13555
2.12699
2.10689
2.07284
2.02536
1.96925
1.91291
1.86631
1.83851
1.83538
1.85824
1.90362
1.96426
2.03158
2.09812
2.15859
2.20954
2.24846
2.27342
2.28338
2.27849
2.2608
2.23382
2.20209
2.17004
2.1408
2.11494
2.09057
2.06503
2.03676
2.00691
1.9795
1.96035
1.95531
1.9681
1.99865
2.04251
2.09208
2.13913
2.17708
2.20147
2.20918
2.19818
2.16913
2.12717
2.0808
2.03827
2.00467
1.98239
1.97244
1.97489
1.98787
2.00825
2.03259
2.05796
2.08217
2.10323
2.11858
2.12473
2.11841
2.09753
2.06178
2.01272
1.95354
1.88949
1.82849
1.78072
1.75594
1.75898
1.78605
1.826
1.86574
1.89496
1.90773
1.9022
1.88033
1.84739
1.81172
1.7835
1.77227
1.78366
1.81678
1.86466
1.91837
1.97063
2.01698
2.05498
2.08289
2.09943
2.10458
2.09972
2.08694
2.06792
2.04401
2.01736
1.99185
1.97276
1.96497
1.97067
1.98802
2.01219
2.03756
2.06018
2.07938
2.09855
2.12427
2.16196
2.21082
2.26315
2.30944
2.34245
2.35807
2.35468
2.3339
2.30153
2.26502
2.22762
2.18501
2.12941
2.05676
1.97277
1.89506
1.84559
1.83588
1.86242
1.91383
1.97735
2.04144
2.09636
2.13495
2.15235
2.14529
2.11233
2.0554
1.98181
1.90455
1.84031
1.80517
1.80888
1.84972
1.9142
1.98459
2.04717
2.09412
2.12159
2.12905
2.12036
2.10441
2.09291
2.09493
2.11167
2.13572
2.15538
2.16086
2.14782
2.11807
2.07763
2.03401
1.9943
1.96396
1.94671
1.9445
1.95745
1.98368
2.01973
2.06149
2.10497
2.1462
2.18091
2.20482
2.214
2.20503
2.17583
2.12618
2.05867
1.9804
1.90437
1.84798
1.82646
1.84435
1.89393
1.96239
2.03775
2.10873
2.16431
2.19575
2.19918
2.17628
2.13264
2.07578
2.01353
1.95405
1.90621
1.8778
1.87158
1.88421
1.90949
1.94133
1.97433
2.00463
2.03036
2.05145
2.06839
2.08109
2.08839
2.08919
2.08309
2.07047
2.05311
2.03446
2.01894
2.01015
2.01032
2.02167
2.04756
2.0919
2.1539
2.22298
2.28125
2.31226
2.30784
2.2695
2.20667
2.13272
2.06008
1.99604
1.94223
1.89782
1.86291
1.84115
1.83954
1.86437
1.91568
1.98521
2.05994
2.12744
2.17933
2.21236
2.22781
2.22926
2.2198
2.19966
2.16639
2.11735
2.05335
1.9812
1.91344
1.86473
1.84573
1.85875
1.89927
1.96002
2.03288
2.10833
2.17552
2.22416
2.24711
2.24183
2.21038
2.15907
2.09754
2.03767
1.99148
1.96866
1.9741
2.00617
2.05682
2.11252
2.15786
2.18058
2.1751
2.14266
2.08915
2.02392
1.9601
1.91331
1.89604
1.91145
1.95132
2.00049
2.04451
2.07525
2.09128
2.09484
2.0886
2.07441
2.05429
2.03104
2.00749
1.98414
1.96003
1.93536
1.91354
1.90131
1.90568
1.92874
1.96541
2.00732
2.04812
2.08461
2.11573
2.14199
2.1647
2.18486
2.20229
2.21612
2.22582
2.23148
2.23266
2.2275
2.21333
2.18841
2.15267
2.10768
2.05599
2.00095
1.94739
1.90084
1.86577
1.84418
1.8358
1.83986
1.85715
1.89048
1.94301
2.01488
2.09999
2.18615
2.25851
2.30363
2.31271
2.28291
2.21799
2.12793
2.02731
1.93296
1.86102
1.82282
1.82246
1.85667
1.91702
1.99221
2.06946
2.13531
2.17842
2.19329
2.18251
2.15621
2.12837
2.11054
2.107
2.11442
2.12639
2.13815
2.14845
2.15798
2.1668
2.17303
2.17362
2.16637
2.15134
2.13072
2.10722
2.08185
2.05365
2.02063
1.98144
1.93675
1.89043
1.84977
1.82295
1.81433
1.82189
1.83982
1.86369
1.89323
1.93097
1.97927
2.03821
2.10477
2.17313
2.23585
2.28578
2.31749
2.32844
2.3194
2.29403
2.25747
2.21439
2.16831
2.12119
2.07387
2.02704
1.98274
1.94497
1.91767
1.9026
1.89901
1.90521
1.91972
1.94108
1.96749
1.99654
2.0247
2.04732
2.05942
2.05777
2.04219
2.01603
1.98534
1.9576
1.93906
1.93175
1.93214
1.93306
1.92776
1.91402
1.89516
1.87765
1.86696
1.86449
1.86832
1.87649
1.88949
1.90918
1.93684
1.9732
2.01933
2.07472
2.13507
2.19257
2.2387
2.26697
2.27489
2.2654
2.24713
2.23089
2.22222
2.21762
2.2086
2.18882
2.15756
2.11917
2.07962
2.04291
2.00949
1.97857
1.95403
1.94657
1.96523
2.00565
2.05268
2.09166
2.11402
2.11701
2.10249
2.07565
2.04387
2.01596
2.00112
2.00602
2.02976
2.06245
2.09139
2.10893
2.11417
2.10921
2.09607
2.07564
2.04924
2.02007
1.99308
1.97381
1.96725
1.97661
2.00138
2.03592
2.07129
2.09912
2.1148
2.11777
2.1092
2.09066
2.06334
2.02866
1.98911
1.949
1.9141
1.89093
1.88569
1.90284
1.94284
2.00092
2.06809
2.13353
2.18691
2.2202
2.22875
2.21236
2.17563
2.12681
2.07499
2.02623
1.98185
1.94017
1.90034
1.86506
1.84034
1.83225
1.84337
1.87164
1.91228
1.95919
2.00501
2.04235
2.06624
2.07625
2.07614
2.07124
2.06571
2.06149
2.05912
2.0593
2.06364
2.07401
2.09124
2.11384
2.1383
2.16012
2.17527
2.18175
2.18019
2.17346
2.16531
2.15908
2.15688
2.15893
2.16302
2.16508
2.16128
2.15048
2.13508
2.11932
2.10558
2.09282
2.07944
2.06627
2.05598
2.04943
2.04286
2.02961
2.0051
1.97069
1.93412
1.9063
1.89596
1.90463
1.92546
1.94733
1.96086
1.96267
1.95608
1.94766
1.94243
1.94161
1.94404
1.95008
1.96375
1.9898
2.02788
2.07085
2.10989
2.14007
2.16139
2.17635
2.18734
2.19445
2.19614
2.19102
2.17978
2.16506
2.14955
2.13415
2.11737
2.09712
2.07281
2.0467
2.02376
2.01005
2.00938
2.02092
2.03929
2.05727
2.06916
2.07291
2.06942
2.06068
2.04801
2.03207
2.01442
1.99837
1.98786
1.98519
1.98949
1.99729
2.00429
2.00709
2.00398
1.99507
1.98233
1.96844
1.95621
1.94726
1.94122
1.93623
1.93076
1.9256
1.92384
1.92884
1.94215
1.96325
1.99084
2.02323
2.05747
2.0885
2.10966
2.11573
2.10568
2.08305
2.05364
2.02246
1.99281
1.96748
1.95088
1.94893
1.96591
2.00098
2.0479
2.09776
2.14244
2.17648
2.19728
2.20441
2.19857
2.18117
2.15453
2.12229
2.08955
2.06192
2.04385
2.03724
2.04071
2.05102
2.06508
2.0816
2.10089
2.1235
2.14831
2.17154
2.18746
2.19032
2.1763
2.14434
2.097
2.04179
1.99185
1.96247
1.96293
1.98976
2.02818
2.05954
2.06827
2.04591
1.99301
1.91936
1.84234
1.78208
1.75342
1.75865
1.78774
1.82636
1.86417
1.89861
1.93298
1.97152
2.01466
2.05657
2.08716
2.09787
2.0869
2.06021
2.0295
2.00845
2.00776
2.03039
2.07108
2.12075
2.17197
2.22097
2.26656
2.30811
2.3444
2.37375
2.39413
2.40322
2.39835
2.37623
2.33341
2.2677
2.18048
2.07859
1.97438
1.88276
1.81644
1.78213
1.78008
1.8059
1.85297
1.91373
1.97941
2.0399
2.08557
2.11004
2.11189
2.0945
2.06399
2.02715
1.99025
1.9582
1.93422
1.91921
1.91168
1.90861
1.90694
1.90478
1.9018
1.89909
1.90083
1.91395
1.94401
1.99069
2.04867
2.11109
2.17098
2.22149
2.2558
2.268
2.25488
2.2178
2.16353
2.10314
2.04925
2.01204
1.99606
1.99975
2.01759
2.0433
2.07141
2.09709
2.11539
2.12196
2.11443
2.09422
2.06674
2.04003
2.02197
2.01728
2.02507
2.03943
2.05203
2.05517
2.04457
2.02114
1.99107
1.96403
1.94963
1.95314
1.97329
2.00262
2.03097
2.05022
2.05856
2.06039
2.06135
2.06232
2.05888
2.04585
2.02159
1.98913
1.95468
1.92488
1.90495
1.89781
1.90424
1.92313
1.95312
1.99276
2.0395
2.08883
2.13525
2.17432
2.20389
2.22384
2.23508
2.23886
2.23609
2.22705
2.21124
2.18782
2.15712
2.12208
2.08771
2.05903
2.03824
2.02412
2.01357
2.00279
1.98812
1.96685
1.93843
1.90588
1.87605
1.85733
1.85603
1.87316
1.90446
1.94344
1.98486
2.0263
2.0676
2.10875
2.14783
2.1806
2.20146
2.20534
2.18953
2.15416
2.10227
2.03999
1.97623
1.92046
1.87893
1.85281
1.84056
1.84138
1.85627
1.88622
1.93028
1.98449
2.04159
2.092
2.12684
2.14145
2.13755
2.1233
2.1104
2.10796
2.11762
2.13432
2.15089
2.16143
2.16236
2.15319
2.13682
2.11858
2.10329
2.09301
2.08698
2.08365
2.08202
2.08044
2.07549
2.0642
2.04734
2.02983
2.01842
2.01858
2.03251
2.05773
2.0881
2.11656
2.13695
2.14437
2.13655
2.11582
2.08884
2.06336
2.04426
2.03198
2.02432
2.02009
2.02059
2.02894
2.04786
2.07762
2.11454
2.15165
2.18095
2.19658
2.19646
2.1822
2.15786
2.12844
2.09842
2.0704
2.04455
2.0196
1.99509
1.97295
1.9564
1.94663
1.9404
1.93131
1.91434
1.89002
1.86506
1.84835
1.84502
1.85376
1.8678
1.87808
1.87649
1.85839
1.82556
1.78764
1.75926
1.75259
1.77137
1.81253
1.87139
1.9434
2.02233
2.09931
2.16563
2.21517
2.24458
2.25233
2.23942
2.21172
2.1799
2.15222
2.12789
2.10075
2.06857
2.03568
2.00927
1.99513
1.99697
2.0161
2.05036
2.09493
2.1447
2.19632
2.24787
2.29697
2.33901
2.36687
2.37236
2.34858
2.29256
2.20781
2.10624
2.00808
1.93647
1.90637
1.91626
1.95117
1.99259
2.02643
2.04551
2.04846
2.038
2.01976
2.00075
1.98686
1.98084
1.982
1.98756
1.99418
1.99943
2.00193
2.00038
1.99233
1.9741
1.94342
1.90282
1.86072
1.8287
1.81602
1.82487
1.84998
1.88263
1.91595
1.94789
1.98099
2.01969
2.06573
2.11503
2.15963
2.19296
2.21325
2.22268
2.22441
2.2204
2.21121
2.19701
2.17873
2.15824
2.13773
2.11885
2.10167
2.08389
2.06096
2.02883
1.98797
1.94572
1.91369
1.90155
1.91224
1.94205
1.98395
2.03055
2.07564
2.11442
2.14309
2.1584
2.15778
2.14064
2.11107
2.08035
2.06232
2.06105
2.06727
2.06895
2.05923
2.03622
2.00124
1.95801
1.91191
1.87014
1.84481
1.85287
1.9022
1.97697
2.04968
2.10246
2.13135
2.14029
2.13589
2.12514
2.11385
2.10478
2.09606
2.0822
2.05788
2.02228
1.98025
1.93965
1.90785
1.89003
1.88899
1.90438
1.93178
1.96364
1.99277
2.016
2.03509
2.05388
2.07462
2.09645
2.11682
2.1331
2.14416
2.15088
2.15515
2.1585
2.16104
2.16151
2.15754
2.14618
2.12457
2.09121
2.04774
2.00022
1.95754
1.92856
1.91934
1.93138
1.96119
2.00064
2.03954
2.0689
2.08304
2.07919
2.05661
2.01738
1.96873
1.92385
1.89838
1.90223
1.9338
1.98334
2.04034
2.09743
2.15065
2.19798
2.2373
2.2646
2.2744
2.26215
2.22695
2.17307
2.10952
2.04812
2.00029
1.97387
1.9709
1.98731
2.01484
2.04441
2.06902
2.08431
2.08768
2.07821
2.0582
2.03357
2.01177
1.99802
1.99313
1.99455
1.99902
2.00585
2.01845
2.04117
2.07315
2.10656
2.13163
2.14202
2.13606
2.11558
2.08404
2.04572
2.00521
1.96754
1.93795
1.92068
1.91722
1.92449
1.93574
1.94373
1.94482
1.94067
1.93564
1.93254
1.93177
1.93487
1.94612
1.96917
2.00406
2.04843
2.09976
2.15572
2.21318
2.26734
2.31236
2.34195
2.35031
2.33322
2.29006
2.22576
2.15051
2.07647
2.01397
1.97006
1.94746
1.94366
1.95206
1.96562
1.97993
1.9938
2.00794
2.02317
2.0388
2.05179
2.05701
2.04829
2.02088
1.97475
1.91804
1.86736
1.84264
1.85718
1.91003
1.98563
2.0622
2.12208
2.15668
2.16561
2.15315
2.12501
2.0863
2.04123
1.9936
1.94748
1.90722
1.87843
1.86966
1.89034
1.94381
2.0219
2.10704
2.1795
2.22421
2.23403
2.21018
2.16045
2.09698
2.03436
1.98633
1.96232
1.9654
1.9927
2.03798
2.09479
2.15764
2.22116
2.27883
2.32325
2.3475
2.34674
2.31944
2.26838
2.2019
2.13354
2.07821
2.04521
2.03353
2.03462
2.03892
2.03916
2.031
2.01354
1.98995
1.96683
1.95194
1.95077
1.96384
1.98731
2.01489
2.03976
2.0561
2.0605
2.05336
2.03906
2.02458
2.01652
2.01797
2.02785
2.04227
2.05605
2.06379
2.06116
2.04726
2.02759
2.0131
2.01079
2.01637
2.02078
2.01963
2.01394
2.0063
1.99887
1.99258
1.98732
1.98254
1.97808
1.97465
1.97303
1.97202
1.96868
1.96158
1.95513
1.95955
1.98387
2.02809
2.08406
2.14178
2.19271
2.23017
2.24937
2.24838
2.22839
2.1932
2.14752
2.09557
2.04096
1.98806
1.94307
1.91359
1.90579
1.92129
1.95594
2.00136
2.04702
2.08227
2.09842
2.09071
2.06044
2.01538
1.96849
1.93348
1.91934
1.92755
1.9537
1.98996
2.02716
2.05775
2.07983
2.09879
2.1227
2.15511
2.19379
2.23503
2.27656
2.31644
2.35214
2.3802
2.39628
2.39595
2.37542
2.3327
2.26783
2.18372
2.08709
1.98923
1.90533
1.85124
1.83791
1.86667
1.92903
2.01035
2.09423
2.16581
2.2141
2.23305
2.22216
2.18722
2.1392
2.08929
2.04362
2.00331
1.96845
1.94028
1.91995
1.90764
1.90333
1.90793
1.92256
1.94741
1.98243
2.02667
2.07535
2.11818
2.1439
2.14713
2.13081
2.10282
2.06959
2.03298
1.99195
1.94614
1.89876
1.85683
1.82993
1.82712
1.8533
1.90564
1.9736
2.04226
2.09763
2.13116
2.1415
2.13273
2.11137
2.08408
2.05726
2.03738
2.03012
2.03823
2.06029
2.09129
2.12518
2.15775
2.18777
2.2158
2.24226
2.26548
2.2819
2.28726
2.27787
2.25161
2.20911
2.15472
2.09588
2.04054
1.99459
1.96023
1.9368
1.92226
1.91519
1.91574
1.92443
1.94025
1.95946
1.9768
1.98795
1.99115
1.98787
1.98205
1.97788
1.97785
1.9823
1.99071
2.00324
2.02032
2.04093
2.06157
2.07804
2.08829
2.09463
2.10176
2.11306
2.12856
2.14652
2.16485
2.1814
2.19428
2.20188
2.20219
2.19216
2.16864
2.13095
2.0839
2.03831
2.00669
1.99614
2.00427
2.02151
2.03725
2.04477
2.04279
2.03484
2.02814
2.03067
2.04709
2.07617
2.1106
2.13967
2.15413
2.14963
2.12734
2.09232
2.05168
2.01249
1.98028
1.95779
1.94533
1.94245
1.94988
1.96926
2.00085
2.04172
2.08629
2.12785
2.16063
2.18059
2.18599
2.17738
2.1569
2.12773
2.09328
2.05622
2.0178
1.97778
1.93556
1.89145
1.84745
1.80675
1.77249
1.74719
1.73295
1.73179
1.7449
1.77091
1.80522
1.84097
1.87134
1.89149
1.89963
1.89701
1.88734
1.87567
1.86699
1.86513
1.8724
1.88998
1.91751
1.95276
1.99169
2.02908
2.05996
2.08087
2.09044
2.09005
2.0842
2.07982
2.08374
2.09898
2.1233
2.15131
2.17789
2.20021
2.21837
2.23416
2.24894
2.26178
2.26925
2.26773
2.2552
2.23156
2.19832
2.15827
2.11538
2.07322
2.03403
1.99947
1.97223
1.95531
1.9507
1.95793
1.97365
1.99287
2.01082
2.02409
2.03067
2.0308
2.02731
2.02521
2.0294
2.0413
2.05859
2.0779
2.09678
2.11323
2.12432
2.12694
2.1205
2.10823
2.09633
2.09094
2.09512
2.10693
2.1195
2.12468
2.11667
2.09464
2.06184
2.02433
1.98958
1.96415
1.9523
1.9553
1.97153
1.99595
2.02051
2.03576
2.03402
2.01314
1.979
1.94408
1.92082
1.91416
1.92014
1.93062
1.93991
1.94754
1.95636
1.96942
1.9879
2.01036
2.03349
2.05383
2.07004
2.08387
2.09864
2.11658
2.13687
2.15577
2.16872
2.17235
2.16506
2.1468
2.12046
2.09281
2.07289
2.06789
2.07976
2.10442
2.13428
2.16137
2.1799
2.18714
2.18227
2.16492
2.13525
2.09523
2.04964
2.00538
1.96992
1.94891
1.94393
1.95217
1.96941
1.99403
2.02742
2.07025
2.11842
2.16397
2.19933
2.21974
2.22273
2.20664
2.17121
2.11924
2.05733
1.99511
1.94329
1.91128
1.90479
1.92474
1.96783
2.0274
2.09417
2.1571
2.20539
2.23114
2.23145
2.20821
2.1662
2.11165
2.0512
1.99186
1.94072
1.90432
1.88704
1.88855
1.90244
1.91809
1.92564
1.921
1.90685
1.88983
1.87705
1.87385
1.88347
1.90743
1.94509
1.99291
2.04496
2.09438
2.13472
2.16089
2.16986
2.16125
2.1383
2.10863
2.08413
2.07812
2.10011
2.1502
2.21802
2.28754
2.34311
2.37301
2.3702
2.33235
2.26281
2.17217
2.07704
1.99414
1.9323
1.88989
1.85944
1.83347
1.80756
1.78114
1.75731
1.74185
1.74143
1.76114
1.80233
1.86158
1.93149
2.00274
2.0675
2.12215
2.16699
2.20344
2.23047
2.24459
2.24321
2.227
2.19999
2.16754
2.13432
2.10353
2.07747
2.05784
2.04511
2.03751
2.03207
2.0268
2.02235
2.0218
2.0283
2.04254
2.06088
2.07615
2.08013
2.06652
2.03295
1.98185
1.92067
1.86048
1.81255
1.78463
1.77902
1.79306
1.82151
1.85865
1.89915
1.93818
1.97219
1.99971
2.02178
2.0407
2.05861
2.07611
2.09186
2.10302
2.10606
2.09802
2.07811
2.04871
2.01527
1.98494
1.96429
1.95713
1.96309
1.97848
1.99892
2.02148
2.04531
2.07
2.09308
2.1093
2.1124
2.09794
2.06554
2.01991
1.96998
1.92634
1.89789
1.88918
1.89948
1.92344
1.95297
1.97977
1.99787
2.00507
2.00247
1.99309
1.9805
1.96871
1.96233
1.96586
1.98136
2.0062
2.0335
2.05521
2.06612
2.06534
2.05622
2.04551
2.04186
2.05304
2.08195
2.12395
2.16887
2.20571
2.22686
2.229
2.21272
2.18157
2.14083
2.09651
2.05419
2.01858
1.99352
1.98123
1.98108
1.98845
1.99659
2.00083
2.00218
2.00703
2.02331
2.05565
2.10159
2.15197
2.19511
2.22223
2.23006
2.2208
2.19983
2.17324
2.14558
2.11976
2.0978
2.08111
2.06979
2.06244
2.05717
2.05247
2.04794
2.04386
2.04
2.03474
2.02567
2.01164
1.99388
1.97548
1.95975
1.95003
1.94962
1.95925
1.97429
1.98667
1.99019
1.98439
1.9761
1.98
2.01309
2.07677
2.14845
2.20065
2.21924
2.20419
2.16351
2.10931
2.05548
2.015
1.99676
2.00309
2.029
2.06373
2.09493
2.11228
2.10947
2.08503
2.04152
1.98389
1.91825
1.85263
1.79883
1.77156
1.78126
1.82525
1.88809
1.95134
2.00234
2.03699
2.05885
2.07703
2.10197
2.13747
2.17583
2.20278
2.20838
2.19292
2.16607
2.13967
2.12124
2.11248
2.11214
2.11878
2.13067
2.14479
2.15676
2.1623
2.1591
2.14731
2.12848
2.10454
2.07793
2.05213
2.03249
2.02534
2.03522
2.06169
2.09799
2.13221
2.15119
2.14497
2.11235
2.06416
2.01927
1.99359
1.98996
1.99861
2.00608
2.00328
1.98862
1.96687
1.94559
1.93183
1.92981
1.93981
1.95803
1.97835
1.99498
2.00468
2.00675
2.0024
1.99387
1.98381
1.97481
1.96896
1.96764
1.97192
1.98243
1.99834
2.0174
2.03725
2.05703
2.07769
2.10032
2.124
2.14506
2.15845
2.16053
2.15033
2.12961
2.10164
2.06999
2.03788
2.00844
1.98593
1.97371
1.97056
1.97107
1.97126
1.9721
1.97832
1.99495
2.02452
2.06562
2.11287
2.1583
2.19416
2.21584
2.22308
2.21871
2.2077
2.19767
2.19655
2.20629
2.2197
2.22545
2.21513
2.18585
2.13863
2.07606
2.00394
1.94149
1.92385
1.96651
2.04067
2.11102
2.16335
2.19622
2.21067
2.20746
2.18759
2.1533
2.10923
2.0626
2.02122
1.99003
1.9696
1.95829
1.95614
1.96526
1.98462
2.00667
2.02193
2.02516
2.01681
2.00116
1.98521
1.97745
1.98503
2.00981
2.04707
2.0888
2.12768
2.15901
2.1803
2.19082
2.19172
2.18553
2.17469
2.15985
2.14009
2.11536
2.08813
2.06225
2.0404
2.02311
2.01025
2.00253
2.00134
2.00665
2.01542
2.02243
2.02304
2.01574
2.00296
1.99042
1.98504
1.99183
2.01089
2.03618
2.05772
2.06621
2.05747
2.03418
2.00402
1.97632
1.95883
1.95506
1.96452
1.98399
2.00955
2.03795
2.0667
2.09397
2.11844
2.13974
2.15795
2.17246
2.18105
2.18078
2.16941
2.1469
2.11647
2.08436
2.05828
2.04436
2.04358
2.05105
2.0587
2.05933
2.04864
2.02632
1.99523
1.96028
1.92665
1.8987
1.87968
1.87145
1.87457
1.88844
1.91122
1.93941
1.96687
1.98505
1.98621
1.96867
1.9406
1.91869
1.91934
1.94897
2.00294
2.07127
2.14382
2.21225
2.27031
2.31344
2.33872
2.345
2.33383
2.3097
2.27884
2.24689
2.21663
2.18838
2.162
2.13875
2.12165
2.11386
2.11652
2.12693
2.13895
2.14391
2.13297
2.10105
2.05112
1.99447
1.94646
1.92005
1.92055
1.94393
1.97957
2.01517
2.04138
2.05409
2.05363
2.04263
2.02438
2.00293
1.98373
1.97333
1.97752
1.99868
2.03515
2.0815
2.1299
2.17191
2.20002
2.20865
2.19457
2.15701
2.09775
2.02184
1.93936
1.86634
1.82105
1.81542
1.84801
1.90515
1.96842
2.02219
2.05758
2.07362
2.07619
2.07512
2.07925
2.09266
2.11456
2.14146
2.16864
2.19069
2.2021
2.19914
2.18101
2.14981
2.11011
2.06902
2.03481
2.01349
2.00538
2.00554
2.00723
2.00511
1.99704
1.98421
1.97043
1.96057
1.95887
1.96826
1.99089
2.02728
2.07369
2.12275
2.16759
2.20389
2.22867
2.23892
2.23179
2.20548
2.1598
2.09701
2.02365
1.95305
1.90401
1.89139
1.9144
1.95904
2.01076
2.06011
2.10169
2.13295
2.15297
2.16119
2.15711
2.14218
2.12148
2.10164
2.08684
2.07684
2.06797
2.05606
2.03892
2.01763
1.99577
1.97752
1.96767
1.97129
1.99053
2.02118
2.05419
2.07988
2.0908
2.08269
2.05473
2.00979
1.95419
1.89789
1.85324
1.83276
1.84556
1.89309
1.96735
2.05275
2.13082
2.18524
2.20578
2.19066
2.14658
2.08606
2.02371
1.97192
1.93812
1.92458
1.93017
1.95266
1.99038
2.04126
2.10063
2.16087
2.21408
2.25406
2.2766
2.27876
2.25875
2.21724
2.15843
2.09001
2.02157
1.96307
1.92306
1.90725
1.9173
1.94924
1.99413
2.04143
2.08247
2.1109
2.12203
2.11408
2.08938
2.05422
2.01677
1.98395
1.96073
1.9501
1.95276
1.96653
1.98721
2.01175
2.04138
2.07995
2.12783
2.17798
2.21873
2.24025
2.2388
2.21712
2.18187
2.14043
2.09896
2.06205
2.03329
2.01523
2.00834
2.01024
2.01665
2.02359
2.02942
2.03502
2.04154
2.04871
2.05581
2.06404
2.07546
2.09064
2.10771
2.12355
2.13502
2.13937
2.13487
2.12217
2.10502
2.08996
2.0833
2.08786
2.10092
2.11589
2.1265
2.12963
2.12537
2.11527
2.10032
2.08048
2.05604
2.02901
2.00276
1.9806
1.9636
1.94992
1.93577
1.9178
1.89507
1.86924
1.84386
1.82316
1.8115
1.81253
1.82776
1.85592
1.89429
1.94072
1.99377
2.05102
2.10769
2.157
2.19138
2.20367
2.18882
2.1467
2.08439
2.01542
1.95557
1.9171
1.90557
1.92143
1.96166
2.01955
2.08478
2.14616
2.19573
2.22993
2.24833
2.25176
2.24123
2.21776
2.18244
2.13686
2.08428
2.03082
1.98544
1.95687
1.94778
1.95215
1.9597
1.96263
1.95865
1.95001
1.94188
1.94091
1.95224
1.97525
2.00245
2.02295
2.02819
2.01519
1.98728
1.95278
1.92252
1.90622
1.9086
1.92741
1.955
1.98225
2.00248
2.01383
2.01937
2.02528
2.03807
2.06172
2.09558
2.13405
2.16837
2.19029
2.19573
2.18617
2.16683
2.14318
2.11822
2.0934
2.07203
2.06051
2.06558
2.08875
2.12324
2.15745
2.18189
2.19202
2.18656
2.16612
2.13461
2.10023
2.07258
2.05748
2.05455
2.05843
2.06208
2.05944
2.04703
2.02456
1.99566
1.96742
1.94895
1.94837
1.96885
2.00606
2.04972
2.0877
2.11106
2.11883
2.1193
2.12315
2.13372
2.14524
2.14962
2.14288
2.12698
2.10832
2.09401
2.08805
2.08889
2.09056
2.08636
2.07192
2.04675
2.01452
1.9824
1.95951
1.95309
1.96515
1.99165
2.02447
2.05492
2.07678
2.08754
2.08779
2.07915
2.06262
2.0383
2.0072
1.97275
1.94076
1.91644
1.90166
1.89562
1.89773
1.90889
1.93022
1.95971
1.99056
2.01495
2.03082
2.0446
2.06505
2.0952
2.13068
2.16402
2.18847
2.19878
2.19151
2.16609
2.12587
2.07789
2.03136
1.99457
1.97158
1.96147
1.96088
1.96708
1.97949
1.99816
2.02186
2.04741
2.07006
2.08513
2.09031
2.08843
2.08711
2.09376
2.10916
2.12669
2.13796
2.1388
2.131
2.11966
2.10967
2.10359
2.10153
2.10208
2.10303
2.1022
2.09747
2.08738
2.07163
2.05159
2.0303
2.01154
1.99865
1.994
1.99825
2.00985
2.02526
2.04063
2.0537
2.06431
2.07325
2.08063
2.08538
2.08604
2.08148
2.0716
2.05806
2.04453
2.03601
2.03624
2.04503
2.05819
2.07006
2.07681
2.0781
2.07529
2.06766
2.05109
2.02074
1.97567
1.9212
1.86655
1.82115
1.79181
1.78259
1.79506
1.82791
1.87602
1.93218
1.99087
2.05103
2.11474
2.18249
2.24962
2.30726
2.34662
2.36347
2.35944
2.34064
2.31518
2.29003
2.26901
2.25267
2.23897
2.22385
2.20227
2.17077
2.1293
2.08119
2.03179
1.98663
1.95054
1.92709
1.91855
1.925
1.94344
1.96749
1.98919
2.00264
2.00675
2.00547
2.0055
2.01289
2.03024
2.05537
2.08216
2.10283
2.11057
2.10185
2.07736
2.04122
1.99994
1.9621
1.93674
1.93029
1.94391
1.9733
2.01073
2.04704
2.07439
2.08996
2.09677
2.09959
2.10037
2.09841
2.09344
2.08739
2.08389
2.08535
2.09069
2.09527
2.09399
2.08417
2.06683
2.04585
2.02589
2.00925
1.99527
1.98221
1.96934
1.9571
1.94661
1.93989
1.94029
1.95159
1.97531
2.00813
2.04205
2.06702
2.07437
2.06038
2.02858
1.9894
1.95551
1.93565
1.93241
1.9448
1.97088
2.00831
2.0535
2.10082
2.14252
2.17068
2.18002
2.16965
2.14288
2.10481
2.05995
2.01162
1.96388
1.92339
1.89852
1.89476
1.91109
1.94102
1.97614
2.00819
2.03135
2.04418
2.04975
2.05321
2.05808
2.06426
2.06881
2.06848
2.06045
2.04277
2.01502
1.9802
1.94586
1.92155
1.91396
1.92419
1.95004
1.98903
2.0378
2.08973
2.13443
2.16136
2.16427
2.14303
2.10257
2.05053
1.99603
1.94894
1.91827
1.91013
1.92671
1.9665
2.02438
2.09133
2.15532
2.20482
2.23197
2.23358
2.21073
2.16823
2.11446
2.06063
2.01804
1.99333
1.98556
1.98733
1.98953
1.98584
1.97482
1.95909
1.94331
1.93192
1.92715
1.92827
1.93257
1.93689
1.93903
1.9385
1.93644
1.93529
1.93743
1.94397
1.95561
1.97497
2.00701
2.05251
2.10235
2.14272
2.16515
2.16974
2.16208
2.14902
2.13569
2.12455
2.11594
2.10918
2.10347
2.09886
2.09636
2.09672
2.09972
2.10419
2.1091
2.11459
2.12176
2.13175
2.14433
2.15744
2.16747
2.16995
2.16037
2.13515
2.0936
2.04018
1.98584
1.9449
1.92667
1.92913
1.94302
1.96012
1.97503
1.98298
1.98101
1.97127
1.96184
1.96288
1.98101
2.01542
2.05836
2.09908
2.1282
2.13962
2.13113
2.10478
2.06789
2.03266
2.01291
2.01685
2.04267
2.0813
2.12208
2.15651
2.17856
2.18492
2.17507
2.15087
2.11549
2.0721
2.02347
1.97334
1.92884
1.90053
1.89775
1.92127
1.96092
2.0019
2.03346
2.05317
2.06466
2.0728
2.08029
2.08769
2.09498
2.10208
2.10838
2.11248
2.112
2.10502
2.09135
2.07323
2.05418
2.03661
2.02165
2.01089
2.00675
2.00964
2.01576
2.01927
2.01816
2.01831
2.03076
2.06274
2.1112
2.16434
2.2077
2.2299
2.22588
2.19827
2.15668
2.1132
2.07522
2.04243
2.01183
1.98356
1.96254
1.9554
1.96619
1.99433
2.03521
2.08217
2.12773
2.16434
2.18576
2.18928
2.17709
2.15496
2.12952
2.1056
2.08596
2.07208
2.06423
2.06059
2.05692
2.0485
2.03329
2.01344
1.99395
1.98021
1.97593
1.98254
1.99916
2.02235
2.04633
2.06472
2.07342
2.07216
2.06305
2.04699
2.02204
1.98623
1.94229
1.90014
1.87383
1.87472
1.90632
1.96308
2.03191
2.09628
2.1419
2.16115
2.15415
2.12707
2.0894
2.05075
2.0181
1.99416
1.97805
1.96808
1.96407
1.96673
1.97422
1.98057
1.97894
1.96738
1.95141
1.94084
1.94422
1.96638
2.00854
2.06822
2.13843
2.20877
2.2687
2.31019
2.32805
2.31923
2.28326
2.22373
2.14931
2.07286
2.00721
1.9605
1.93407
1.9237
1.9234
1.9296
1.94209
1.96167
1.98782
2.01848
2.05085
2.08151
2.10655
2.12289
2.12995
2.13033
2.12829
2.12692
2.12586
2.12149
2.10841
2.08208
2.04089
1.9882
1.93211
1.88412
1.85669
1.85852
1.88795
1.93147
1.97141
1.99599
2.00396
2.00307
2.00467
2.01746
2.04399
2.08136
2.12395
2.1654
2.20024
2.22509
2.23911
2.24316
2.23807
2.22428
2.20198
2.17192
2.13532
2.09327
2.04694
1.99819
1.95029
1.90752
1.87427
1.85394
1.84825
1.85669
1.87657
1.90362
1.93337
1.9618
1.98595
2.00466
2.01925
2.03277
2.04731
2.06153
2.07068
2.06973
2.05726
2.03744
2.01848
2.00681
2.00184
1.9974
1.98883
1.97774
1.97109
1.9783
2.00866
2.06504
2.13861
2.21256
2.2708
2.30254
2.30315
2.27452
2.22634
2.17427
2.1337
2.11265
2.11035
2.121
2.13717
2.15117
2.15603
2.14766
2.12676
2.09837
2.06897
2.04431
2.02923
2.02656
2.03292
2.03849
2.0357
2.02541
2.01383
2.00649
2.00595
2.01171
2.0198
2.02453
2.0227
2.01676
2.01379
2.02073
2.0393
2.06563
2.09473
2.12483
2.15694
2.19066
2.22193
2.24501
2.25587
2.25349
2.23836
2.21076
2.17044
2.11764
2.05444
1.9853
1.91811
1.86427
1.83331
1.82494
1.83213
1.85106
1.88312
1.92924
1.98519
2.04171
2.0878
2.11463
2.11749
2.09649
2.05588
2.00334
1.94922
1.90514
1.88082
1.881
1.90613
1.95445
2.02194
2.10127
2.18278
2.25658
2.31501
2.35422
2.37438
2.37837
2.36933
2.34848
2.31534
2.26941
2.21151
2.14415
2.07092
1.99591
1.92383
1.86041
1.81219
1.78489
1.78057
1.79691
1.83006
1.87668
1.93189
1.98651
2.02923
2.05247
2.05728
2.05409
2.05806
2.07966
2.11747
2.16031
2.19595
2.2175
2.22461
2.22098
2.21116
2.19766
2.18022
2.15747
2.12951
2.09974
2.07382
2.05595
2.04592
2.04026
2.03607
2.03272
2.03082
2.03077
2.03164
2.03119
2.02602
2.01313
1.9915
1.96355
1.9346
1.90977
1.8905
1.87489
1.86127
1.8507
1.84626
1.85125
1.8683
1.89863
1.94183
1.99563
2.05556
2.1143
2.16209
2.18946
2.19122
2.16918
2.13153
2.08933
2.05183
2.02354
2.00507
1.99473
1.98892
1.98231
1.9699
1.95039
1.9294
1.91932
1.93313
1.97417
2.03244
2.09254
2.1428
2.17771
2.19639
2.20019
2.19127
2.17222
2.14624
