0 58.6333
1 57.3653
2 56.8357
3 56.0852
4 54.8149
5 54.0155
6 53.3749
7 52.7655
8 52.3008
9 51.575
10 51.218
11 50.8395
12 50.089
13 49.3618
14 48.3508
15 47.772
16 46.982
17 46.0376
18 45.2727
19 44.4879
20 43.9187
21 42.9712
22 42.3687
23 41.4334
24 40.5229
25 39.7646
26 39.6143
27 39.2679
28 38.7988
29 38.5087
30 38.2454
31 37.9951
32 37.6407
33 37.2048
34 36.7343
35 36.2401
36 35.5927
37 35.0497
38 34.324
39 33.7566
40 33.4369
41 32.5796
42 32.5455
43 32.4831
44 32.3968
45 32.1515
46 31.9773
47 31.7743
48 31.4564
49 31.1974
50 30.8547
51 30.4436
52 30.1024
53 29.8015
54 29.3605
55 28.9852
56 28.7208
57 28.5763
58 28.0776
59 27.9957
60 27.7902
61 27.6336
62 27.5788
63 27.4302
64 27.4414
65 27.2295
66 27.09
67 26.9213
68 26.6402
69 26.3614
70 26.3261
71 26.1194
72 26.0624
73 26.1456
74 26.0653
75 25.8701
76 25.4914
77 25.5072
78 25.2508
79 24.9785
80 24.8082
81 24.6039
82 24.4746
83 24.272
84 23.929
85 23.8908
86 23.7967
87 23.5419
88 23.2604
89 23.0498
90 22.936
91 22.5637
92 22.2336
93 22.0871
94 22.0568
95 21.8416
96 21.7656
97 21.5584
98 21.3958
99 21.377
100 21.2848
101 21.1627
102 20.905
103 20.7741
104 20.7227
105 20.5945
106 20.5259
107 20.3258
108 20.0654
109 19.852
110 19.7224
111 19.5749
112 19.4726
113 19.3244
114 19.0594
115 18.8001
116 18.7005
117 18.6325
118 18.6055
119 18.5279
120 18.4437
121 18.3795
122 18.4182
123 18.2796
124 18.2556
125 18.1252
126 18.1016
127 18.0402
128 18.2001
129 18.1327
130 18.1733
131 18.1332
132 18.1213
133 18.0697
134 17.9613
135 18.0092
136 17.8749
137 17.7551
138 17.7032
139 17.639
140 17.6228
141 17.6028
142 17.4799
143 17.3485
144 17.3673
145 17.2618
146 17.3031
147 17.2584
148 17.1293
149 17.0309
150 17.0672
151 16.9162
152 16.8819
153 16.7919
154 16.4851
155 16.4782
156 16.3615
157 16.3433
158 16.3128
159 16.1832
160 16.2402
161 16.2023
162 16.0776
163 15.9322
164 15.882
165 15.6792
166 15.5147
167 15.5531
168 15.547
169 15.4844
170 15.3866
171 15.258
172 15.223
173 15.0245
174 14.955
175 14.8762
176 14.7803
177 14.7056
178 14.6444
179 14.5573
180 14.5174
181 14.2584
182 14.3041
183 14.1389
184 14.0061
185 13.9112
186 13.7808
187 13.602
188 13.3558
189 13.1713
190 12.9484
191 12.6922
192 12.5259
193 12.4309
194 12.3026
195 12.1902
196 12.041
197 11.9586
198 11.8895
199 11.8282
200 11.7447
201 11.725
202 11.6943
203 11.7388
204 11.8531
205 11.9731
206 12.1873
207 12.2692
208 12.2631
209 12.3791
210 12.3344
211 12.3539
212 12.3413
213 12.3537
214 12.2699
215 12.3222
216 12.3413
217 12.2813
218 12.2053
219 12.1175
220 12.1029
221 11.8927
222 11.8442
223 11.8697
224 11.9964
225 12.0581
226 12.1702
227 12.1927
228 12.2033
229 12.1721
230 12.127
231 12.1473
232 12.1015
233 12.013
234 11.9281
235 11.8673
236 11.8089
237 11.6545
238 11.5754
239 11.4747
240 11.4043
241 11.4774
242 11.4403
243 11.4151
244 11.3883
245 11.3935
246 11.3545
247 11.3155
248 11.2815
249 11.3242
250 11.3795
251 11.3479
252 11.3544
253 11.4245
254 11.4247
255 11.4338
256 11.4057
257 11.3767
258 11.3053
259 11.3293
260 11.3388
261 11.3313
262 11.308
263 11.2952
264 11.301
265 11.281
266 11.2936
267 11.337
268 11.2806
269 11.2945
270 11.2864
271 11.2592
272 11.2131
273 11.1959
274 11.157
275 11.1566
276 11.1762
277 11.1257
278 11.0213
279 11.0553
280 11.1384
281 11.0646
282 11.0834
283 11.0945
284 11.0667
285 11.0896
286 11.0622
287 11.0521
288 11.0459
289 10.9946
290 10.9717
291 10.9374
292 10.9108
293 10.8943
294 10.8266
295 10.7719
296 10.7477
297 10.7072
298 10.6246
299 10.5647
300 10.5867
301 10.5685
302 10.4103
303 10.3633
304 10.2968
305 10.229
306 10.1308
307 10.0713
308 10.0635
309 10.0149
310 9.93083
311 9.88969
312 9.81704
313 9.75888
314 9.68107
315 9.64655
316 9.61307
317 9.53997
318 9.54399
319 9.53168
320 9.48267
321 9.51026
322 9.43338
323 9.40234
324 9.43149
325 9.44675
326 9.4238
327 9.38892
328 9.39066
329 9.32472
330 9.33508
331 9.35698
332 9.33971
333 9.32169
334 9.29956
335 9.21549
336 9.18051
337 9.10043
338 9.12131
339 9.05512
340 9.01068
341 8.94317
342 8.96303
343 8.93596
344 8.88251
345 8.81682
346 8.73917
347 8.67491
348 8.60752
349 8.46429
350 8.38748
351 8.27449
352 8.20056
353 8.08673
354 8.06364
355 7.98019
356 7.91863
357 7.84694
358 7.78125
359 7.72002
360 7.62232
361 7.5707
362 7.4713
363 7.39157
364 7.32336
365 7.2643
366 7.17658
367 7.11166
368 7.06912
369 7.00749
370 6.93833
371 6.90872
372 6.82581
373 6.80268
374 6.73878
375 6.68579
376 6.60765
377 6.53825
378 6.51068
379 6.43446
380 6.36499
381 6.32313
382 6.24279
383 6.21148
384 6.16707
385 6.0895
386 6.02692
387 5.95616
388 5.94242
389 5.88932
390 5.85447
391 5.84001
392 5.77141
393 5.71824
394 5.6544
395 5.59485
396 5.483
397 5.47106
398 5.41911
399 5.37777
400 5.32505
401 5.261
402 5.17202
403 5.11566
404 5.01627
405 4.97977
406 4.88665
407 4.87631
408 4.78586
409 4.78425
410 4.71303
411 4.67893
412 4.5704
413 4.55582
414 4.51191
415 4.48441
416 4.46606
417 4.39549
418 4.34434
419 4.29776
420 4.22627
421 4.23452
422 4.20096
423 4.17123
424 4.12633
425 4.0173
426 3.95618
427 3.88176
428 3.76259
429 3.70251
430 3.61472
431 3.56424
432 3.52356
433 3.50045
434 3.46483
435 3.4326
436 3.39427
437 3.33392
438 3.27819
439 3.20829
440 3.17732
441 3.14369
442 3.11782
443 3.11494
444 3.08717
445 3.05291
446 3.01486
447 2.97102
448 2.95042
449 2.92628
450 2.85771
451 2.83116
452 2.80068
453 2.79069
454 2.76747
455 2.76564
456 2.7511
457 2.74614
458 2.74206
459 2.7246
460 2.72113
461 2.71762
462 2.70598
463 2.68297
464 2.67661
465 2.67341
466 2.65649
467 2.6511
468 2.62974
469 2.63832
470 2.62854
471 2.61886
472 2.6211
473 2.61665
474 2.6015
475 2.59419
476 2.5808
477 2.56244
478 2.54712
479 2.55029
480 2.54071
481 2.53506
482 2.5236
483 2.50703
484 2.4953
485 2.48607
486 2.47919
487 2.45971
488 2.45654
489 2.4539
490 2.44953
491 2.44375
492 2.43903
493 2.43322
494 2.43144
495 2.42418
496 2.4224
497 2.42314
498 2.42061
499 2.41751
500 2.41736
501 2.41715
502 2.4174
503 2.4171
504 2.41664
505 2.41632
506 2.41627
507 2.41593
508 2.41572
509 2.4158
510 2.41542
511 2.41488
512 2.41615
513 2.41601
514 2.4143
515 2.41564
516 2.41582
517 2.41596
518 2.41465
519 2.41295
520 2.41378
521 2.41479
522 2.41549
523 2.41621
524 2.41695
525 2.41557
526 2.41415
527 2.41411
528 2.4134
529 2.41373
530 2.4157
531 2.41415
532 2.41476
533 2.41459
534 2.41507
535 2.41437
536 2.41516
537 2.4162
538 2.41403
539 2.41407
540 2.41437
541 2.41433
542 2.41593
543 2.41304
544 2.41189
545 2.41193
546 2.41407
547 2.4128
548 2.41407
549 2.41639
550 2.41507
551 2.41481
552 2.41489
553 2.41662
554 2.41648
555 2.41534
556 2.41534
557 2.41565
558 2.41625
559 2.41643
560 2.41547
561 2.41538
562 2.41386
563 2.41463
564 2.41602
565 2.41512
566 2.41575
567 2.41588
568 2.41556
569 2.41648
570 2.41648
571 2.41751
572 2.41629
573 2.41579
574 2.41765
575 2.41814
576 2.41611
577 2.41685
578 2.4168
579 2.41639
580 2.41694
581 2.41742
582 2.41848
583 2.41746
584 2.41525
585 2.41485
586 2.41521
587 2.41472
588 2.41467
589 2.4139
590 2.41446
591 2.41588
592 2.41503
593 2.41472
594 2.41446
595 2.41476
596 2.41529
597 2.41625
598 2.41538
599 2.41369
600 2.41498
601 2.41489
602 2.41481
603 2.41561
604 2.41694
605 2.41534
606 2.41476
607 2.41521
608 2.41394
609 2.41398
610 2.41538
611 2.41503
612 2.41584
613 2.41543
614 2.41606
615 2.41575
616 2.41403
617 2.41428
618 2.4139
619 2.41386
620 2.41403
621 2.41365
622 2.41415
623 2.41308
624 2.41353
625 2.41433
626 2.41365
627 2.41415
628 2.41428
629 2.41584
630 2.41543
631 2.41428
632 2.4134
633 2.41328
634 2.41433
635 2.41463
636 2.41489
637 2.41424
638 2.41365
639 2.41336
640 2.4134
641 2.41424
642 2.41437
643 2.41498
644 2.41543
645 2.41498
646 2.41476
647 2.41639
648 2.41556
649 2.41606
650 2.41485
651 2.41459
652 2.41441
653 2.41441
654 2.41377
655 2.41512
656 2.41403
657 2.41336
658 2.4139
659 2.41543
660 2.41616
661 2.4157
662 2.41538
663 2.41639
664 2.41467
665 2.41411
666 2.41382
667 2.41611
668 2.41403
669 2.41394
670 2.41361
671 2.41398
672 2.4142
673 2.41411
674 2.41332
675 2.41433
676 2.41472
677 2.4145
678 2.4139
679 2.41498
680 2.41407
681 2.41336
682 2.41328
683 2.41304
684 2.41424
685 2.4145
686 2.41382
687 2.41463
688 2.41507
689 2.41476
690 2.41433
691 2.41516
692 2.41316
693 2.41357
694 2.41534
695 2.41543
696 2.41593
697 2.41652
698 2.41494
699 2.41463
700 2.41498
701 2.41648
702 2.41593
703 2.41382
704 2.41467
705 2.41373
706 2.41272
707 2.41349
708 2.41361
709 2.41494
710 2.41529
711 2.41507
712 2.41433
713 2.41446
714 2.4139
715 2.4139
716 2.41308
717 2.41407
718 2.41463
719 2.41459
720 2.41437
721 2.41485
722 2.41494
723 2.41538
724 2.41516
725 2.41597
726 2.41727
727 2.41597
728 2.41565
729 2.41543
730 2.4157
731 2.41463
732 2.41565
733 2.41662
734 2.41858
735 2.41756
736 2.41704
737 2.41666
738 2.41848
739 2.41708
740 2.41602
741 2.41481
742 2.41625
743 2.41547
744 2.41662
745 2.41534
746 2.41602
747 2.41489
748 2.41428
749 2.41556
750 2.41485
751 2.41296
752 2.41398
753 2.41521
754 2.41428
755 2.41228
756 2.41268
757 2.41296
758 2.41284
759 2.41353
760 2.41228
761 2.41178
762 2.4117
763 2.4126
764 2.413
765 2.41324
766 2.41324
767 2.41328
768 2.41304
769 2.41312
770 2.41386
771 2.41256
772 2.41236
773 2.41415
774 2.41512
775 2.41403
776 2.41336
777 2.41304
778 2.41424
779 2.41534
780 2.41552
781 2.41538
782 2.41424
783 2.41411
784 2.41459
785 2.41424
786 2.41415
787 2.41296
788 2.41433
789 2.413
790 2.41428
791 2.41521
792 2.41398
793 2.41446
794 2.41437
795 2.41357
796 2.41357
797 2.41411
798 2.41373
799 2.4124
800 2.41489
801 2.41552
802 2.41534
803 2.41556
804 2.41732
805 2.41602
806 2.41634
807 2.4168
808 2.41629
809 2.4177
810 2.41629
811 2.41454
812 2.41485
813 2.41411
814 2.41593
815 2.41494
816 2.4139
817 2.41292
818 2.41336
819 2.41284
820 2.4117
821 2.41276
822 2.41377
823 2.41361
824 2.41276
825 2.41349
826 2.41467
827 2.41489
828 2.41602
829 2.41552
830 2.41634
831 2.41685
832 2.41657
833 2.41765
834 2.41863
835 2.41938
836 2.41858
837 2.41704
838 2.41639
839 2.41584
840 2.41593
841 2.41498
842 2.41498
843 2.41403
844 2.41377
845 2.41373
846 2.4142
847 2.41373
848 2.41472
849 2.41463
850 2.41556
851 2.41538
852 2.41516
853 2.41498
854 2.41472
855 2.41507
856 2.41606
857 2.41547
858 2.41503
859 2.41512
860 2.41525
861 2.41525
862 2.41467
863 2.4142
864 2.41407
865 2.41498
866 2.41561
867 2.41454
868 2.41433
869 2.41454
870 2.41428
871 2.41538
872 2.41516
873 2.41629
874 2.41634
875 2.41534
876 2.41382
877 2.41398
878 2.41485
879 2.41428
880 2.41481
881 2.41485
882 2.41467
883 2.41481
884 2.41525
885 2.41494
886 2.41428
887 2.41556
888 2.4145
889 2.41288
890 2.41386
891 2.41332
892 2.41415
893 2.41606
894 2.41538
895 2.41489
896 2.41463
897 2.41398
898 2.4142
899 2.41336
900 2.41353
901 2.41365
902 2.41248
903 2.41166
904 2.4117
905 2.41284
906 2.41328
907 2.41407
908 2.41403
909 2.41415
910 2.41547
911 2.41521
912 2.41565
913 2.41441
914 2.4142
915 2.41284
916 2.41268
917 2.41353
918 2.41304
919 2.41248
920 2.41189
921 2.41433
922 2.4142
923 2.41232
924 2.41336
925 2.41394
926 2.41494
927 2.41521
928 2.41534
929 2.4145
930 2.41467
931 2.41463
932 2.41481
933 2.41552
934 2.41662
935 2.41708
936 2.41723
937 2.41547
938 2.41662
939 2.41643
940 2.41525
941 2.41648
942 2.41643
943 2.41588
944 2.41481
945 2.41437
946 2.41369
947 2.4139
948 2.41489
949 2.4145
950 2.41489
951 2.4145
952 2.41361
953 2.4132
954 2.4117
955 2.41272
956 2.4126
957 2.4122
958 2.41428
959 2.41454
960 2.41602
961 2.41671
962 2.41785
963 2.4168
964 2.41809
965 2.4179
966 2.41858
967 2.41671
968 2.41639
969 2.41597
970 2.41606
971 2.41565
972 2.41579
973 2.41676
974 2.41662
975 2.41485
976 2.41547
977 2.41666
978 2.41648
979 2.41556
980 2.41556
981 2.4145
982 2.41498
983 2.41521
984 2.41561
985 2.41565
986 2.41516
987 2.41552
988 2.41588
989 2.41652
990 2.41507
991 2.41507
992 2.41382
993 2.41272
994 2.41276
995 2.41292
996 2.41441
997 2.41512
998 2.41556
999 2.41611
1000 2.41498
1001 2.4142
1002 2.41332
1003 2.41155
1004 2.4128
1005 2.41272
1006 2.413
1007 2.41357
1008 2.41292
1009 2.41228
1010 2.41276
1011 2.41248
1012 2.41112
1013 2.41108
1014 2.41101
1015 2.41209
1016 2.41112
1017 2.41119
1018 2.41216
1019 2.41216
1020 2.41166
1021 2.41328
1022 2.41394
1023 2.41415
1024 2.4142
1025 2.41428
1026 2.41386
1027 2.41411
1028 2.41403
1029 2.41476
1030 2.41433
1031 2.41685
1032 2.41843
1033 2.4177
1034 2.41761
1035 2.41657
1036 2.41713
1037 2.41732
1038 2.41732
1039 2.4178
1040 2.41579
1041 2.41498
1042 2.41579
1043 2.41699
1044 2.41529
1045 2.41662
1046 2.41547
1047 2.41332
1048 2.41481
1049 2.41485
1050 2.41662
1051 2.41602
1052 2.41552
1053 2.4162
1054 2.41543
1055 2.41597
1056 2.41472
1057 2.41446
1058 2.41606
1059 2.41547
1060 2.41634
1061 2.41648
1062 2.41671
1063 2.41556
1064 2.41503
1065 2.41579
1066 2.41616
1067 2.41332
1068 2.41312
1069 2.41349
1070 2.41304
1071 2.41304
1072 2.41336
1073 2.41336
1074 2.41403
1075 2.413
1076 2.41244
1077 2.41357
1078 2.41252
1079 2.41437
1080 2.41561
1081 2.41625
1082 2.41446
1083 2.41446
1084 2.41579
1085 2.41489
1086 2.41312
1087 2.41316
1088 2.41561
1089 2.41441
1090 2.41276
1091 2.41268
1092 2.41349
1093 2.41232
1094 2.4132
1095 2.41328
1096 2.41454
1097 2.41403
1098 2.41411
1099 2.41552
1100 2.41437
1101 2.41437
1102 2.41441
1103 2.41454
1104 2.41377
1105 2.4162
1106 2.4168
1107 2.41639
1108 2.41556
1109 2.41552
1110 2.41433
1111 2.41353
1112 2.41534
1113 2.41704
1114 2.41829
1115 2.4179
1116 2.41809
1117 2.41671
1118 2.41602
1119 2.41476
1120 2.41454
1121 2.41407
1122 2.41437
1123 2.41525
1124 2.41503
1125 2.41369
1126 2.41398
1127 2.41382
1128 2.41481
1129 2.41433
1130 2.41476
1131 2.4168
1132 2.41785
1133 2.4169
1134 2.41525
1135 2.41525
1136 2.41529
1137 2.41424
1138 2.41415
1139 2.41529
1140 2.41361
1141 2.41534
1142 2.41602
1143 2.41579
1144 2.41476
1145 2.41411
1146 2.41588
1147 2.41737
1148 2.41699
1149 2.41481
1150 2.41534
1151 2.41616
1152 2.41704
1153 2.4177
1154 2.41708
1155 2.41584
1156 2.41634
1157 2.41529
1158 2.41602
1159 2.41584
1160 2.41494
1161 2.41639
1162 2.41588
1163 2.41552
1164 2.41485
1165 2.41565
1166 2.41472
1167 2.41407
1168 2.41336
1169 2.41521
1170 2.41353
1171 2.4145
1172 2.41476
1173 2.41547
1174 2.4157
1175 2.41727
1176 2.41989
1177 2.41878
1178 2.41708
1179 2.41625
1180 2.41476
1181 2.41446
1182 2.41597
1183 2.41704
1184 2.4168
1185 2.41629
1186 2.41588
1187 2.41543
1188 2.41485
1189 2.41666
1190 2.41575
1191 2.41437
1192 2.41507
1193 2.414
1194 2.39665
1195 2.3042
1196 2.3061
1197 2.25301
1198 2.24333
1199 2.23564
1200 2.24536
