0 10.444
1 10.2818
2 10.0341
3 9.90511
4 9.7577
5 9.66159
6 9.53425
7 9.44816
8 9.29136
9 9.19715
10 9.04554
11 8.94983
12 8.90282
13 8.80934
14 8.75743
15 8.65812
16 8.57947
17 8.50295
18 8.41534
19 8.25473
20 8.16173
21 8.01977
22 7.9635
23 7.90054
24 7.80494
25 7.76084
26 7.69636
27 7.6601
28 7.59543
29 7.52981
30 7.49015
31 7.46101
32 7.42542
33 7.41478
34 7.35389
35 7.30548
36 7.251
37 7.20913
38 7.12795
39 7.07297
40 7.03961
41 7.00049
42 6.92956
43 6.87618
44 6.83676
45 6.80385
46 6.75983
47 6.72771
48 6.68553
49 6.6301
50 6.58056
51 6.54631
52 6.49469
53 6.4422
54 6.3998
55 6.34032
56 6.30685
57 6.26669
58 6.21053
59 6.17742
60 6.13292
61 6.09524
62 6.05184
63 5.99554
64 5.95015
65 5.907
66 5.86057
67 5.8255
68 5.75114
69 5.70427
70 5.65721
71 5.63188
72 5.59026
73 5.56227
74 5.53269
75 5.50819
76 5.4843
77 5.47331
78 5.45303
79 5.45177
80 5.43548
81 5.40121
82 5.38073
83 5.34664
84 5.34476
85 5.33954
86 5.32833
87 5.3193
88 5.28536
89 5.27691
90 5.24523
91 5.20604
92 5.16781
93 5.16259
94 5.12163
95 5.06574
96 5.02666
97 4.99649
98 4.96084
99 4.91607
100 4.85883
101 4.81472
102 4.7669
103 4.739
104 4.68848
105 4.66318
106 4.60516
107 4.56721
108 4.55302
109 4.50988
110 4.49472
111 4.48184
112 4.45335
113 4.44583
114 4.39691
115 4.396
116 4.3734
117 4.34678
118 4.32497
119 4.30879
120 4.2824
121 4.2617
122 4.24859
123 4.21635
124 4.19054
125 4.16735
126 4.14783
127 4.12932
128 4.12095
129 4.10173
130 4.08352
131 4.05015
132 4.01551
133 3.98513
134 3.97328
135 3.95253
136 3.93164
137 3.92485
138 3.87111
139 3.84072
140 3.80559
141 3.77724
142 3.73225
143 3.69582
144 3.65694
145 3.6193
146 3.57649
147 3.54048
148 3.51349
149 3.47296
150 3.43531
151 3.37174
152 3.3338
153 3.29858
154 3.24639
155 3.19645
156 3.14659
157 3.10388
158 3.07322
159 3.02932
160 3.00355
161 2.97126
162 2.94966
163 2.93129
164 2.92692
165 2.90019
166 2.8871
167 2.87268
168 2.8653
169 2.86176
170 2.86786
171 2.86321
172 2.85478
173 2.85091
174 2.84867
175 2.83825
176 2.82799
177 2.82628
178 2.8197
179 2.80887
180 2.79707
181 2.79693
182 2.79107
183 2.78287
184 2.77665
185 2.77056
186 2.76263
187 2.75772
188 2.7438
189 2.7463
190 2.73003
191 2.72156
192 2.70868
193 2.69983
194 2.69083
195 2.67885
196 2.66587
197 2.66584
198 2.65231
199 2.64584
200 2.63834
201 2.62821
202 2.62631
203 2.62162
204 2.6212
205 2.60982
206 2.59996
207 2.59945
208 2.5933
209 2.58796
210 2.58771
211 2.58509
212 2.57757
213 2.57511
214 2.57484
215 2.5683
216 2.56924
217 2.57354
218 2.56802
219 2.56981
220 2.56712
221 2.56011
222 2.56456
223 2.55546
224 2.54892
225 2.54056
226 2.53467
227 2.53122
228 2.52633
229 2.51776
230 2.51311
231 2.51198
232 2.5089
233 2.50989
234 2.51009
235 2.5043
236 2.49447
237 2.49614
238 2.48753
239 2.48652
240 2.48332
241 2.47341
242 2.47473
243 2.46811
244 2.46168
245 2.44452
246 2.43342
247 2.42233
248 2.41635
249 2.40245
250 2.38885
251 2.38101
252 2.36262
253 2.34357
254 2.3195
255 2.30064
256 2.27801
257 2.26006
258 2.24219
259 2.2219
260 2.20298
261 2.17571
262 2.15409
263 2.1376
264 2.11022
265 2.08862
266 2.07621
267 2.05933
268 2.04232
269 2.03286
270 2.00778
271 1.98836
272 1.96666
273 1.95052
274 1.91087
275 1.90157
276 1.88993
277 1.87663
278 1.86616
279 1.85751
280 1.83852
281 1.82992
282 1.81567
283 1.80304
284 1.78483
285 1.77841
286 1.76762
287 1.75292
288 1.72423
289 1.71156
290 1.69619
291 1.69035
292 1.68416
293 1.67242
294 1.66329
295 1.65604
296 1.6499
297 1.64255
298 1.63652
299 1.6274
300 1.62015
301 1.57437
302 1.56933
303 1.56278
304 1.56148
305 1.55734
306 1.55434
307 1.55489
308 1.54838
309 1.54632
310 1.5355
311 1.53206
312 1.50832
313 1.50184
314 1.49727
315 1.4934
316 1.49153
317 1.4838
318 1.47832
319 1.47072
320 1.46454
321 1.45627
322 1.458
323 1.45467
324 1.44824
325 1.43849
326 1.42967
327 1.42317
328 1.38783
329 1.37495
330 1.35756
331 1.34618
332 1.33494
333 1.33162
334 1.32784
335 1.3244
336 1.31822
337 1.31403
338 1.31169
339 1.3107
340 1.30716
341 1.29958
342 1.29648
343 1.28915
344 1.28634
345 1.28403
346 1.24027
347 1.23906
348 1.23936
349 1.23684
350 1.25542
351 1.27891
352 1.29539
353 1.29934
354 1.30356
355 1.3082
356 1.31722
357 1.32114
358 1.32654
359 1.33691
360 1.33842
361 1.34333
362 1.34352
363 1.34799
364 1.35468
365 1.36234
366 1.36391
367 1.36861
368 1.37779
369 1.38256
370 1.38675
371 1.38611
372 1.38745
373 1.39003
374 1.38568
375 1.38462
376 1.3836
377 1.38204
378 1.37942
379 1.37512
380 1.37581
381 1.37527
382 1.37726
383 1.38373
384 1.3896
385 1.3867
386 1.38317
387 1.38288
388 1.3753
389 1.38026
390 1.37613
391 1.37695
392 1.37913
393 1.3726
394 1.36774
395 1.36305
396 1.36031
397 1.36751
398 1.36902
399 1.36661
400 1.36524
401 1.37133
402 1.36634
403 1.36283
404 1.36425
405 1.36518
406 1.36748
407 1.36047
408 1.36271
409 1.36353
410 1.36255
411 1.36912
412 1.37293
413 1.37363
414 1.36955
415 1.37482
416 1.37667
417 1.38002
418 1.38854
419 1.38974
420 1.39238
421 1.38711
422 1.39769
423 1.39831
424 1.39822
425 1.40133
426 1.40784
427 1.40521
428 1.40584
429 1.40922
430 1.41374
431 1.41533
432 1.41775
433 1.42706
434 1.42764
435 1.43615
436 1.4477
437 1.45032
438 1.45813
439 1.46326
440 1.47043
441 1.47793
442 1.48978
443 1.49817
444 1.50752
445 1.51133
446 1.51505
447 1.5202
448 1.52076
449 1.52052
450 1.53524
451 1.53956
452 1.52944
453 1.53774
454 1.54214
455 1.5423
456 1.54125
457 1.53815
458 1.53157
459 1.52915
460 1.51714
461 1.51227
462 1.51425
463 1.51586
464 1.50971
465 1.51084
466 1.50951
467 1.50366
468 1.50409
469 1.51
470 1.50271
471 1.50786
472 1.5061
473 1.51253
474 1.49949
475 1.50718
476 1.50484
477 1.5141
478 1.51348
479 1.49621
480 1.50276
481 1.50186
482 1.49621
483 1.48865
484 1.49274
485 1.48675
486 1.4882
487 1.46198
488 1.4561
489 1.44693
490 1.43936
491 1.43359
492 1.42651
493 1.4166
494 1.41387
495 1.41346
496 1.41229
497 1.40012
498 1.40076
499 1.39514
500 1.40112
501 1.39388
502 1.39496
503 1.39294
504 1.39816
505 1.39837
506 1.39895
507 1.38972
508 1.3885
509 1.387
510 1.38274
511 1.38615
512 1.38391
513 1.37809
514 1.38166
515 1.38324
516 1.37755
517 1.38391
518 1.37941
519 1.38686
520 1.38216
521 1.38573
522 1.38847
523 1.39016
524 1.38667
525 1.38788
526 1.38743
527 1.38741
528 1.38793
529 1.38349
530 1.37782
531 1.37138
532 1.36688
533 1.36496
534 1.35011
535 1.34063
536 1.34063
537 1.34023
538 1.32792
539 1.33481
540 1.33588
541 1.33611
542 1.33476
543 1.33966
544 1.34229
545 1.35201
546 1.35824
547 1.36821
548 1.3738
549 1.38408
550 1.39135
551 1.39544
552 1.39002
553 1.3924
554 1.39404
555 1.39282
556 1.3966
557 1.39802
558 1.38983
559 1.38777
560 1.38132
561 1.37828
562 1.3725
563 1.35634
564 1.3559
565 1.35481
566 1.34861
567 1.34681
568 1.34162
569 1.34485
570 1.34357
571 1.34626
572 1.34141
573 1.34164
574 1.33633
575 1.33273
576 1.33215
577 1.32455
578 1.3283
579 1.32556
580 1.32666
581 1.32381
582 1.32446
583 1.33404
584 1.34093
585 1.34672
586 1.35399
587 1.35736
588 1.36569
589 1.37231
590 1.37634
591 1.37468
592 1.3715
593 1.37898
594 1.38159
595 1.38078
596 1.38574
597 1.38569
598 1.38001
599 1.37852
600 1.37296
601 1.37049
602 1.3704
603 1.367
604 1.35134
605 1.33687
606 1.33204
607 1.32311
608 1.32473
609 1.31973
610 1.31639
611 1.31759
612 1.31678
613 1.32725
614 1.32561
615 1.32815
616 1.3331
617 1.33175
618 1.33904
619 1.34538
620 1.34474
621 1.35048
622 1.35426
623 1.36123
624 1.37347
625 1.36883
626 1.37982
627 1.37306
628 1.37385
629 1.37822
630 1.38332
631 1.38609
632 1.38073
633 1.38126
634 1.36952
635 1.36263
636 1.35906
637 1.3514
638 1.3467
639 1.34471
640 1.34198
641 1.34736
642 1.34098
643 1.33682
644 1.33244
645 1.33856
646 1.34646
647 1.34846
648 1.35574
649 1.35747
650 1.36689
651 1.37367
652 1.36948
653 1.37134
654 1.37875
655 1.37998
656 1.3725
657 1.37635
658 1.37238
659 1.3722
660 1.36498
661 1.36484
662 1.35913
663 1.36482
664 1.36006
665 1.3605
666 1.35151
667 1.3406
668 1.33935
669 1.3351
670 1.33215
671 1.32922
672 1.32665
673 1.32617
674 1.32363
675 1.32363
676 1.32245
677 1.31875
678 1.32037
679 1.31782
680 1.31435
681 1.31416
682 1.31221
683 1.31517
684 1.30838
685 1.30534
686 1.30563
687 1.3049
688 1.30488
689 1.3069
690 1.30668
691 1.30631
692 1.30625
693 1.30816
694 1.31146
695 1.30754
696 1.30691
697 1.30663
698 1.30991
699 1.30546
700 1.30899
701 1.31166
702 1.31278
703 1.31672
704 1.3125
705 1.31427
706 1.31467
707 1.3152
708 1.31565
709 1.31381
710 1.31726
711 1.31535
712 1.31598
713 1.3177
714 1.31847
715 1.31535
716 1.31791
717 1.31062
718 1.31158
719 1.3077
720 1.30909
721 1.3088
722 1.30849
723 1.30818
724 1.30306
725 1.30371
726 1.30326
727 1.30036
728 1.30145
729 1.29267
730 1.2956
731 1.29725
732 1.2984
733 1.29769
734 1.29219
735 1.2981
736 1.2979
737 1.30027
738 1.30733
739 1.31132
740 1.31619
741 1.31348
742 1.31511
743 1.31808
744 1.32332
745 1.32238
746 1.32241
747 1.32038
748 1.32626
749 1.32939
750 1.32825
751 1.33021
752 1.32645
753 1.33459
754 1.33518
755 1.33873
756 1.33581
757 1.33637
758 1.33082
759 1.32911
760 1.32604
761 1.32892
762 1.32399
763 1.32216
764 1.31982
765 1.31746
766 1.31083
767 1.30887
768 1.30345
769 1.29916
770 1.29296
771 1.28712
772 1.28181
773 1.28303
774 1.28363
775 1.27801
776 1.27655
777 1.2716
778 1.26364
779 1.25857
780 1.25814
781 1.26175
782 1.26056
783 1.26177
784 1.26515
785 1.26584
786 1.26974
787 1.27052
788 1.27404
789 1.28063
790 1.28453
791 1.28797
792 1.29236
793 1.29793
794 1.30072
795 1.30071
796 1.30385
797 1.3051
798 1.30442
799 1.30636
800 1.30781
