1 0.122649 0.169918
18 0.0839539 0.159259
31 0.133804 0.0534795
12 0.233157 0.193293
20 0.501858 0.024284
4 0.705029 0.0860072
7 0.776048 0.0211376
30 0.813285 0.0179424
32 0.713423 0.111777
23 0.67838 0.0982145
22 0.651955 0.213852
2 0.729649 0.331166
21 0.686006 0.369351
14 0.479138 0.49426
3 0.477115 0.571835
13 0.493226 0.756047
16 0.471797 0.584917
17 0.616809 0.580468
19 0.931865 0.754052
29 0.918855 0.939875
27 0.765764 0.970267
5 0.656019 0.905484
25 0.577269 0.840005
6 0.371496 0.836567
28 0.22611 0.99461
11 0.0646429 0.754654
10 0.0173017 0.583179
24 0.12096 0.680137
9 0.279233 0.545858
8 0.168325 0.572439
26 0.0527608 0.453507
15 0.257893 0.239268
