0 35.3943
1 35.3943
2 35.3943
3 35.3943
4 35.3943
5 35.3943
6 35.3943
7 35.3943
8 35.3943
9 35.3943
10 35.3943
11 35.3943
12 34.5266
13 34.5266
14 34.5266
15 34.5266
16 34.5266
17 34.0488
18 33.2858
19 33.2858
20 33.1964
21 29.4796
22 29.1125
23 25.5451
24 25.5451
25 25.5451
26 25.5451
27 25.5451
28 25.5451
29 25.5451
30 25.5451
31 25.5451
32 25.5451
33 25.5451
34 25.5451
35 25.5451
36 25.5451
37 25.5451
38 25.5451
39 25.5451
40 25.5451
41 23.6887
42 23.6887
43 23.6887
44 23.6887
45 23.6887
46 23.6887
47 23.6887
48 23.6887
49 23.2685
50 22.9753
51 22.9753
52 22.9753
53 22.9753
54 22.9753
55 22.9753
56 22.9753
57 22.9753
58 21.1372
59 21.1372
60 21.1372
61 21.1372
62 21.1372
63 20.7116
64 20.7116
65 20.7116
66 20.7116
67 20.7116
68 19.305
69 17.568
70 17.568
71 17.568
72 17.568
73 17.568
74 17.568
75 17.568
76 17.568
77 17.568
78 17.568
79 17.568
80 17.568
81 17.568
82 17.568
83 17.568
84 17.568
85 17.568
86 17.568
87 17.568
88 17.568
89 17.568
90 17.568
91 17.568
92 17.568
93 16.9778
94 16.9778
95 14.5555
96 14.5555
97 14.5555
98 14.5555
99 14.5555
100 14.5555
101 14.5555
102 14.5555
103 14.5555
104 14.5555
105 14.5555
106 14.5555
107 14.5555
108 14.5555
109 14.3514
110 14.2624
111 14.1301
112 13.9535
113 13.9535
114 13.9535
115 13.9535
116 13.8239
117 13.8239
118 13.2227
119 13.2227
120 13.2227
121 13.2227
122 13.2227
123 13.2227
124 13.2227
125 13.2227
126 13.2227
127 13.1841
128 13.1841
129 13.1841
130 13.1841
131 13.1841
132 13.1841
133 13.1841
134 13.1841
135 13.1841
136 13.1841
137 13.1841
138 13.1841
139 13.1841
140 13.1841
141 13.1841
142 13.1841
143 13.1841
144 13.1841
145 13.1841
146 13.1841
147 13.1841
148 13.1841
149 13.1841
150 13.1841
151 13.1841
152 13.1841
153 13.1841
154 13.1841
155 13.1841
156 13.1841
157 13.1841
158 13.1841
159 12.7141
160 12.7141
161 12.7141
162 12.7141
163 12.7141
164 12.7141
165 12.7141
166 12.7141
167 12.7141
168 12.7141
169 12.7141
170 12.7141
171 12.7141
172 12.7141
173 11.5039
174 11.5039
175 11.5039
176 11.5039
177 11.5039
178 11.1664
179 11.1664
180 11.1664
181 10.9509
182 10.9509
183 10.9509
184 10.9509
185 10.9509
186 10.9509
187 10.9509
188 10.9509
189 10.9509
190 10.829
191 10.829
192 10.8
193 10.8
194 10.7837
195 10.66
196 10.66
197 10.66
198 10.6008
199 10.6008
200 10.6008
201 10.6008
202 10.6008
203 10.5205
204 10.5205
205 10.5205
206 10.5205
207 10.5205
208 10.5128
209 10.5128
210 10.5128
211 10.5128
212 10.5128
213 10.1362
214 10.1362
215 10.1362
216 10.1362
217 10.1362
218 10.1362
219 10.1362
220 10.1362
221 10.1362
222 10.1362
223 10.1362
224 10.1362
225 10.1362
226 10.1362
227 10.1362
228 10.1362
229 10.1362
230 10.1362
231 10.1362
232 10.1362
233 10.1362
234 10.1362
235 10.1362
236 10.1362
237 10.1362
238 9.77274
239 9.77274
240 9.77274
241 9.77274
242 9.77274
243 9.77274
244 9.77274
245 9.77274
246 9.77274
247 9.77274
248 9.77274
249 9.77274
250 9.77274
251 9.77274
252 9.77274
253 9.77274
254 9.77274
255 9.77274
256 9.77274
257 9.77274
258 9.77274
259 9.77274
260 9.77274
261 9.77274
262 9.77274
263 9.77274
264 9.77274
265 9.77274
266 9.77274
267 9.77274
268 9.77274
269 9.77274
270 9.77274
271 9.77274
272 9.77274
273 9.77274
274 9.77274
275 9.77274
276 9.77274
277 9.77274
278 9.73685
279 9.73685
280 9.73685
281 9.73685
282 9.73685
283 9.73685
284 9.73685
285 9.73685
286 9.42176
287 9.42176
288 9.42176
289 9.42176
290 9.42176
291 9.42176
292 9.42176
293 9.42176
294 9.42176
295 9.42176
296 9.42176
297 9.42176
298 9.42176
299 9.42176
300 9.42176
301 9.42176
302 8.49364
303 8.49364
304 8.49364
305 8.49364
306 8.49364
307 8.49364
308 8.49364
309 8.49364
310 8.49364
311 8.49364
312 8.09659
313 8.09659
314 8.09659
315 8.09659
316 8.09659
317 8.09659
318 8.09659
319 8.09659
320 8.09659
321 8.09659
322 7.6139
323 7.6139
324 7.43324
325 7.43324
326 7.43324
327 7.43324
328 7.43324
329 7.43324
330 7.43324
331 7.40507
332 7.40507
333 7.08564
334 7.08564
335 7.08564
336 7.08564
337 7.08564
338 7.08564
339 7.08564
340 7.08564
341 6.89615
342 6.89615
343 6.89615
344 6.89615
345 6.70137
346 6.59486
347 6.59486
348 6.59486
349 5.5934
350 5.5934
351 5.5934
352 5.5934
353 5.5934
354 5.5934
355 5.5934
356 5.5934
357 5.5934
358 5.5934
359 5.5934
360 5.5934
361 5.5934
362 5.5934
363 5.5934
364 5.44316
365 5.44316
366 5.38381
367 5.38381
368 5.38381
369 5.38381
370 5.38381
371 5.38381
372 5.38381
373 5.38381
374 5.30477
375 5.30477
376 5.30477
377 5.30477
378 5.30477
379 5.30477
380 5.30477
381 5.01581
382 5.01581
383 5.01581
384 5.01581
385 4.47106
386 4.44045
387 4.304
388 4.25683
389 4.25683
390 4.25683
391 4.25683
392 4.25683
393 4.25683
394 4.25683
395 4.25683
396 3.81462
397 3.81462
398 3.81462
399 3.81462
400 3.81462
401 3.73515
402 3.73515
403 3.73515
404 3.73515
405 3.73515
406 3.73515
407 3.73515
408 3.67916
409 3.67916
410 3.67916
411 3.67916
412 3.44804
413 3.44804
414 3.44804
415 3.44804
416 3.44804
417 3.44804
418 3.44804
419 3.44804
420 3.44804
421 3.44804
422 3.44804
423 3.44804
424 3.44804
425 3.03599
426 2.91452
427 2.91452
428 2.91452
429 2.91452
430 2.91452
431 2.91452
432 2.91452
433 2.91452
434 2.91452
435 2.91452
436 2.91452
437 2.8456
438 2.8456
439 2.74804
440 2.74804
441 2.72159
442 2.72159
443 2.72159
444 2.72159
445 2.67243
446 2.65653
447 2.65653
448 2.65653
449 2.65653
450 2.49223
451 2.49223
452 2.49223
453 2.49223
454 2.49223
455 2.49223
456 2.49223
457 2.49223
458 2.49223
459 2.49223
460 2.49223
461 2.49223
462 2.49223
463 2.49223
464 2.49223
465 2.49223
466 2.49223
467 2.49223
468 2.49223
469 2.49223
470 2.49223
471 2.49223
472 2.49223
473 2.49223
474 2.49223
475 2.49223
476 2.49074
477 2.45393
478 2.45393
479 2.45216
480 2.45216
481 2.45216
482 2.45216
483 2.4452
484 2.4452
485 2.4452
486 2.44178
487 2.41219
488 2.41219
489 2.41219
490 2.41219
491 2.41219
492 2.41219
493 2.407
494 2.407
495 2.407
496 2.407
497 2.407
498 2.407
499 2.407
500 2.407
501 2.407
502 2.407
503 2.407
504 2.407
505 2.407
506 2.407
507 2.407
508 2.407
509 2.407
510 2.407
511 2.407
512 2.407
513 2.407
514 2.407
515 2.407
516 2.407
517 2.407
518 2.407
519 2.407
520 2.407
521 2.407
522 2.407
523 2.407
524 2.407
525 2.407
526 2.407
527 2.407
528 2.407
529 2.407
530 2.407
531 2.407
532 2.407
533 2.407
534 2.407
535 2.407
536 2.407
537 2.407
538 2.407
539 2.407
540 2.407
541 2.407
542 2.407
543 2.407
544 2.407
545 2.407
546 2.407
547 2.407
548 2.407
549 2.407
550 2.407
551 2.407
552 2.407
553 2.407
554 2.407
555 2.407
556 2.407
557 2.407
558 2.407
559 2.407
560 2.407
561 2.407
562 2.407
563 2.407
564 2.407
565 2.407
566 2.407
567 2.407
568 2.407
569 2.407
570 2.407
571 2.407
572 2.407
573 2.407
574 2.407
575 2.407
576 2.407
577 2.407
578 2.407
579 2.407
580 2.407
581 2.407
582 2.407
583 2.407
584 2.407
585 2.407
586 2.407
587 2.407
588 2.407
589 2.407
590 2.407
591 2.407
592 2.407
593 2.407
594 2.407
595 2.407
596 2.407
597 2.407
598 2.407
599 2.407
600 2.407
601 2.407
602 2.407
603 2.407
604 2.407
605 2.407
606 2.407
607 2.407
608 2.407
609 2.407
610 2.407
611 2.407
612 2.407
613 2.407
614 2.407
615 2.407
616 2.407
617 2.407
618 2.407
619 2.407
620 2.407
621 2.407
622 2.407
623 2.407
624 2.407
625 2.407
626 2.407
627 2.407
628 2.407
629 2.407
630 2.407
631 2.407
632 2.407
633 2.407
634 2.407
635 2.407
636 2.407
637 2.407
638 2.407
639 2.407
640 2.407
641 2.407
642 2.407
643 2.407
644 2.407
645 2.407
646 2.407
647 2.407
648 2.407
649 2.407
650 2.407
651 2.407
652 2.407
653 2.407
654 2.407
655 2.407
656 2.407
657 2.407
658 2.407
659 2.407
660 2.407
661 2.407
662 2.407
663 2.407
664 2.407
665 2.407
666 2.407
667 2.407
668 2.407
669 2.407
670 2.407
671 2.407
672 2.407
673 2.407
674 2.407
675 2.407
676 2.407
677 2.407
678 2.407
679 2.407
680 2.407
681 2.407
682 2.407
683 2.407
684 2.407
685 2.407
686 2.407
687 2.407
688 2.407
689 2.407
690 2.407
691 2.407
692 2.407
693 2.407
694 2.407
695 2.407
696 2.407
697 2.407
698 2.407
699 2.407
700 2.407
701 2.407
702 2.407
703 2.407
704 2.407
705 2.407
706 2.407
707 2.407
708 2.407
709 2.407
710 2.407
711 2.407
712 2.407
713 2.407
714 2.407
715 2.407
716 2.407
717 2.407
718 2.407
719 2.407
720 2.407
721 2.407
722 2.407
723 2.407
724 2.407
725 2.407
726 2.407
727 2.407
728 2.407
729 2.407
730 2.407
731 2.407
732 2.407
733 2.407
734 2.407
735 2.407
736 2.407
737 2.407
738 2.407
739 2.407
740 2.407
741 2.407
742 2.407
743 2.407
744 2.407
745 2.407
746 2.407
747 2.407
748 2.407
749 2.407
750 2.407
751 2.407
752 2.407
753 2.407
754 2.407
755 2.407
756 2.407
757 2.407
758 2.407
759 2.407
760 2.407
761 2.407
762 2.407
763 2.407
764 2.407
765 2.407
766 2.407
767 2.407
768 2.407
769 2.407
770 2.407
771 2.407
772 2.407
773 2.407
774 2.407
775 2.407
776 2.407
777 2.407
778 2.407
779 2.407
780 2.407
781 2.407
782 2.407
783 2.407
784 2.407
785 2.407
786 2.407
787 2.407
788 2.407
789 2.407
790 2.407
791 2.407
792 2.407
793 2.407
794 2.407
795 2.407
796 2.407
797 2.407
798 2.407
799 2.407
800 2.407
801 2.407
802 2.407
803 2.407
804 2.407
805 2.407
806 2.407
807 2.407
808 2.407
809 2.407
810 2.407
811 2.407
812 2.407
813 2.407
814 2.407
815 2.407
816 2.407
817 2.407
818 2.407
819 2.407
820 2.407
821 2.407
822 2.407
823 2.407
824 2.407
825 2.407
826 2.407
827 2.407
828 2.407
829 2.407
830 2.407
831 2.407
832 2.407
833 2.407
834 2.407
835 2.407
836 2.407
837 2.407
838 2.407
839 2.407
840 2.407
841 2.407
842 2.407
843 2.407
844 2.407
845 2.407
846 2.407
847 2.407
848 2.407
849 2.407
850 2.407
851 2.407
852 2.407
853 2.407
854 2.407
855 2.407
856 2.407
857 2.407
858 2.407
859 2.407
860 2.407
861 2.407
862 2.407
863 2.407
864 2.407
865 2.407
866 2.407
867 2.407
868 2.407
869 2.407
870 2.407
871 2.407
872 2.407
873 2.407
874 2.407
875 2.407
876 2.407
877 2.407
878 2.407
879 2.407
880 2.407
881 2.407
882 2.407
883 2.407
884 2.407
885 2.407
886 2.407
887 2.407
888 2.407
889 2.407
890 2.407
891 2.407
892 2.407
893 2.407
894 2.407
895 2.407
896 2.407
897 2.407
898 2.407
899 2.407
900 2.407
901 2.407
902 2.407
903 2.407
904 2.407
905 2.407
906 2.407
907 2.407
908 2.407
909 2.407
910 2.407
911 2.407
912 2.407
913 2.407
914 2.407
915 2.407
916 2.407
917 2.407
918 2.407
919 2.407
920 2.407
921 2.407
922 2.407
923 2.407
924 2.407
925 2.407
926 2.407
927 2.407
928 2.407
929 2.407
930 2.407
931 2.407
932 2.407
933 2.407
934 2.407
935 2.407
936 2.407
937 2.407
938 2.407
939 2.407
940 2.407
941 2.407
942 2.407
943 2.407
944 2.407
945 2.407
946 2.407
947 2.407
948 2.407
949 2.407
950 2.407
951 2.407
952 2.407
953 2.407
954 2.407
955 2.407
956 2.407
957 2.407
958 2.407
959 2.407
960 2.407
961 2.407
962 2.407
963 2.407
964 2.407
965 2.407
966 2.407
967 2.407
968 2.407
969 2.407
970 2.407
971 2.407
972 2.407
973 2.407
974 2.407
975 2.407
976 2.407
977 2.407
978 2.407
979 2.407
980 2.407
981 2.407
982 2.407
983 2.407
984 2.407
985 2.407
986 2.407
987 2.407
988 2.407
989 2.407
990 2.407
991 2.407
992 2.407
993 2.407
994 2.407
995 2.407
996 2.407
997 2.407
998 2.407
999 2.407
1000 2.407
1001 2.407
1002 2.407
1003 2.407
1004 2.407
1005 2.407
1006 2.407
1007 2.407
1008 2.407
1009 2.407
1010 2.407
1011 2.407
1012 2.407
1013 2.407
1014 2.407
1015 2.407
1016 2.407
1017 2.407
1018 2.407
1019 2.407
1020 2.407
1021 2.407
1022 2.407
1023 2.407
1024 2.407
1025 2.407
1026 2.407
1027 2.407
1028 2.407
1029 2.407
1030 2.407
1031 2.407
1032 2.407
1033 2.407
1034 2.407
1035 2.407
1036 2.407
1037 2.407
1038 2.407
1039 2.407
1040 2.407
1041 2.407
1042 2.407
1043 2.407
1044 2.407
1045 2.407
1046 2.407
1047 2.407
1048 2.407
1049 2.407
1050 2.407
1051 2.407
1052 2.407
1053 2.407
1054 2.407
1055 2.407
1056 2.407
1057 2.407
1058 2.407
1059 2.407
1060 2.407
1061 2.407
1062 2.407
1063 2.407
1064 2.407
1065 2.407
1066 2.407
1067 2.407
1068 2.407
1069 2.407
1070 2.407
1071 2.407
1072 2.407
1073 2.407
1074 2.407
1075 2.407
1076 2.407
1077 2.407
1078 2.407
1079 2.407
1080 2.407
1081 2.407
1082 2.407
1083 2.407
1084 2.407
1085 2.407
1086 2.407
1087 2.407
1088 2.407
1089 2.407
1090 2.407
1091 2.407
1092 2.407
1093 2.407
1094 2.407
1095 2.407
1096 2.407
1097 2.407
1098 2.407
1099 2.407
1100 2.407
1101 2.407
1102 2.407
1103 2.407
1104 2.407
1105 2.407
1106 2.407
1107 2.407
1108 2.407
1109 2.407
1110 2.407
1111 2.407
1112 2.407
1113 2.407
1114 2.407
1115 2.407
1116 2.407
1117 2.407
1118 2.407
1119 2.407
1120 2.407
1121 2.407
1122 2.407
1123 2.407
1124 2.407
1125 2.407
1126 2.407
1127 2.407
1128 2.407
1129 2.407
1130 2.407
1131 2.407
1132 2.407
1133 2.407
1134 2.407
1135 2.407
1136 2.407
1137 2.407
1138 2.407
1139 2.407
1140 2.407
1141 2.407
1142 2.407
1143 2.407
1144 2.407
1145 2.407
1146 2.407
1147 2.407
1148 2.407
1149 2.407
1150 2.407
1151 2.407
1152 2.407
1153 2.407
1154 2.407
1155 2.407
1156 2.407
1157 2.407
1158 2.407
1159 2.407
1160 2.407
1161 2.407
1162 2.407
1163 2.407
1164 2.407
1165 2.407
1166 2.407
1167 2.407
1168 2.407
1169 2.407
1170 2.407
1171 2.407
1172 2.407
1173 2.407
1174 2.407
1175 2.407
1176 2.407
1177 2.407
1178 2.407
1179 2.407
1180 2.407
1181 2.407
1182 2.407
1183 2.407
1184 2.407
1185 2.407
1186 2.407
1187 2.407
1188 2.407
1189 2.407
1190 2.407
1191 2.407
1192 2.407
1193 2.407
1194 2.38383
1195 2.26596
1196 2.26596
1197 2.20364
1198 2.19855
1199 2.19855
1200 2.19855
