0 6.40615
1 6.40615
2 6.40615
3 6.40615
4 6.40615
5 6.40615
6 6.40615
7 6.40615
8 6.40615
9 6.40615
10 6.40615
11 6.40615
12 6.40615
13 6.20652
14 6.20652
15 6.20652
16 6.20652
17 6.20652
18 6.20652
19 5.49808
20 5.49808
21 5.49808
22 5.49808
23 5.49808
24 5.49808
25 5.49808
26 5.49808
27 5.49808
28 5.49808
29 5.49808
30 5.49808
31 5.49808
32 5.14821
33 5.14821
34 5.14821
35 5.14821
36 5.14821
37 5.14821
38 5.14821
39 5.14821
40 5.14821
41 5.14821
42 5.14821
43 5.14821
44 5.14821
45 5.14821
46 5.14821
47 5.14821
48 5.14821
49 5.11092
50 5.11092
51 4.90057
52 4.90057
53 4.90057
54 4.90057
55 4.81612
56 4.81612
57 4.81612
58 4.28479
59 4.28479
60 4.28479
61 4.28479
62 4.28479
63 4.28479
64 4.28479
65 4.28479
66 4.28479
67 4.28479
68 4.28479
69 4.28479
70 4.28479
71 4.28479
72 4.28479
73 4.28479
74 4.28479
75 4.28479
76 4.28479
77 4.22767
78 4.22467
79 4.22467
80 4.22467
81 4.20372
82 4.20372
83 4.16627
84 3.99844
85 3.99844
86 3.99844
87 3.99844
88 3.99844
89 3.99844
90 3.99844
91 3.99844
92 3.98611
93 3.98611
94 3.98611
95 3.93484
96 3.93484
97 3.81787
98 3.64827
99 3.64827
100 3.64827
101 3.24956
102 3.24956
103 3.24956
104 3.24956
105 3.24956
106 3.24956
107 3.24956
108 3.24956
109 3.24956
110 3.24956
111 3.24956
112 3.1117
113 3.1117
114 3.1117
115 3.1117
116 3.1117
117 3.1117
118 3.1117
119 3.1117
120 3.1117
121 3.1117
122 3.1117
123 3.1117
124 3.1117
125 3.1117
126 2.8737
127 2.8737
128 2.8737
129 2.8737
130 2.8737
131 2.8737
132 2.8737
133 2.8737
134 2.8737
135 2.83075
136 2.72744
137 2.72744
138 2.72744
139 2.72744
140 2.72744
141 2.72744
142 2.72744
143 2.72744
144 2.72744
145 2.72744
146 2.72744
147 2.72744
148 2.72744
149 2.66631
150 2.66631
151 2.45398
152 2.45398
153 2.45398
154 2.45398
155 2.45398
156 2.45398
157 2.45398
158 2.45398
159 2.45398
160 2.45398
161 2.39182
162 2.39182
163 2.39182
164 2.39182
165 2.39182
166 2.35976
167 2.33136
168 2.33136
169 2.33136
170 2.33136
171 2.33136
172 2.33136
173 2.33136
174 2.33136
175 2.33136
176 2.33136
177 2.33136
178 2.33136
179 2.33136
180 2.26167
181 2.21627
182 2.21627
183 2.21627
184 2.21627
185 2.21627
186 2.21627
187 2.21627
188 2.21627
189 2.21627
190 2.21627
191 2.21627
192 2.21627
193 2.21627
194 2.21627
195 2.21627
196 2.21627
197 2.21627
198 2.21627
199 2.21627
200 2.21627
201 2.21627
202 2.21627
203 2.21627
204 2.21627
205 2.21627
206 2.21627
207 2.21627
208 2.21627
209 2.21627
210 2.21627
211 2.21627
212 2.21627
213 2.21627
214 2.21627
215 2.21627
216 2.21627
217 2.21627
218 2.21627
219 2.13691
220 2.13691
221 2.13691
222 2.13691
223 2.13691
224 2.13691
225 2.13691
226 2.13691
227 2.13691
228 2.13691
229 2.13691
230 2.13691
231 2.13691
232 2.13691
233 2.13691
234 2.13691
235 2.13691
236 2.07442
237 2.07442
238 2.07442
239 2.07442
240 2.07442
241 2.07442
242 2.07442
243 2.07442
244 2.07252
245 1.9511
246 1.9511
247 1.9511
248 1.9511
249 1.9511
250 1.9511
251 1.9511
252 1.9511
253 1.9511
254 1.90358
255 1.90358
256 1.90358
257 1.90358
258 1.90358
259 1.90358
260 1.90358
261 1.87007
262 1.82934
263 1.81324
264 1.77202
265 1.77202
266 1.77202
267 1.77202
268 1.77202
269 1.77202
270 1.77202
271 1.75041
272 1.75041
273 1.747
274 1.64567
275 1.64567
276 1.64567
277 1.64567
278 1.64567
279 1.64567
280 1.64567
281 1.64567
282 1.64567
283 1.64567
284 1.6172
285 1.6172
286 1.6172
287 1.6172
288 1.56909
289 1.56909
290 1.56909
291 1.56909
292 1.56909
293 1.55424
294 1.55424
295 1.5542
296 1.55399
297 1.55399
298 1.55399
299 1.55399
300 1.54476
301 1.44772
302 1.44772
303 1.44772
304 1.44772
305 1.44772
306 1.44772
307 1.44772
308 1.44772
309 1.44772
310 1.43578
311 1.43578
312 1.39
313 1.39
314 1.39
315 1.39
316 1.39
317 1.39
318 1.39
319 1.39
320 1.39
321 1.39
322 1.39
323 1.39
324 1.39
325 1.36741
326 1.36741
327 1.36741
328 1.30672
329 1.30672
330 1.29153
331 1.28576
332 1.28389
333 1.28389
334 1.28389
335 1.28389
336 1.28389
337 1.28389
338 1.28389
339 1.28389
340 1.28389
341 1.27645
342 1.27196
343 1.26473
344 1.26473
345 1.26473
346 1.20955
347 1.19435
348 1.18858
349 1.18564
350 1.17433
351 1.17433
352 1.15775
353 1.15775
354 1.15775
355 1.13872
356 1.13872
357 1.13872
358 1.13872
359 1.13872
360 1.13872
361 1.13872
362 1.13872
363 1.13872
364 1.13872
365 1.13872
366 1.13872
367 1.13872
368 1.13872
369 1.13872
370 1.13872
371 1.13872
372 1.13872
373 1.13872
374 1.13872
375 1.13872
376 1.13872
377 1.13872
378 1.13872
379 1.13872
380 1.13872
381 1.13872
382 1.13126
383 1.13126
384 1.13126
385 1.13126
386 1.13126
387 1.13126
388 1.13126
389 1.13126
390 1.13126
391 1.13126
392 1.13126
393 1.13126
394 1.13126
395 1.13126
396 1.13126
397 1.13126
398 1.13126
399 1.13126
400 1.13126
401 1.13126
402 1.13126
403 1.12037
404 1.12037
405 1.12037
406 1.12037
407 1.12037
408 1.12037
409 1.12037
410 1.12037
411 1.12037
412 1.12037
413 1.12037
414 1.12037
415 1.12037
416 1.12037
417 1.12037
418 1.12037
419 1.12037
420 1.12037
421 1.12037
422 1.12037
423 1.12037
424 1.12037
425 1.12037
426 1.12037
427 1.12037
428 1.12037
429 1.12037
430 1.12037
431 1.12037
432 1.12037
433 1.12037
434 1.12037
435 1.12037
436 1.12037
437 1.12037
438 1.12037
439 1.12037
440 1.12037
441 1.12037
442 1.12037
443 1.12037
444 1.12037
445 1.12037
446 1.12037
447 1.12037
448 1.12037
449 1.12037
450 1.12037
451 1.12037
452 1.12037
453 1.12037
454 1.12037
455 1.12037
456 1.12037
457 1.12037
458 1.12037
459 1.12037
460 1.12037
461 1.12037
462 1.12037
463 1.12037
464 1.12037
465 1.12037
466 1.12037
467 1.12037
468 1.12037
469 1.12037
470 1.12037
471 1.12037
472 1.12037
473 1.12037
474 1.12037
475 1.12037
476 1.12037
477 1.12037
478 1.12037
479 1.12037
480 1.12037
481 1.12037
482 1.12037
483 1.12037
484 1.12037
485 1.12037
486 1.12037
487 1.12037
488 1.12037
489 1.12037
490 1.12037
491 1.12037
492 1.12037
493 1.12037
494 1.12037
495 1.12037
496 1.12037
497 1.12037
498 1.12037
499 1.12037
500 1.12037
501 1.10307
502 1.10307
503 1.10307
504 1.10307
505 1.10307
506 1.10307
507 1.10307
508 1.10307
509 1.10307
510 1.10307
511 1.10307
512 1.10307
513 1.10307
514 1.10307
515 1.10307
516 1.10307
517 1.10307
518 1.10307
519 1.10307
520 1.10307
521 1.10307
522 1.10307
523 1.10307
524 1.10307
525 1.10307
526 1.10307
527 1.10307
528 1.10307
529 1.10307
530 1.10307
531 1.10307
532 1.10307
533 1.10307
534 1.10307
535 1.10307
536 1.10307
537 1.10307
538 1.10307
539 1.10307
540 1.10307
541 1.08535
542 1.08535
543 1.08535
544 1.08535
545 1.08535
546 1.08535
547 1.08535
548 1.08535
549 1.08535
550 1.08535
551 1.08535
552 1.08535
553 1.08535
554 1.08535
555 1.08535
556 1.08535
557 1.08535
558 1.08535
559 1.08535
560 1.08535
561 1.08535
562 1.08535
563 1.08535
564 1.08535
565 1.08535
566 1.08535
567 1.08535
568 1.08535
569 1.08535
570 1.08535
571 1.08535
572 1.08535
573 1.08535
574 1.08535
575 1.08535
576 1.08535
577 1.08535
578 1.08535
579 1.08535
580 1.08535
581 1.08535
582 1.08535
583 1.08535
584 1.08535
585 1.08535
586 1.08535
587 1.08535
588 1.08535
589 1.08535
590 1.08535
591 1.08535
592 1.08535
593 1.08535
594 1.08535
595 1.08535
596 1.08535
597 1.08535
598 1.08535
599 1.08535
600 1.08535
601 1.08535
602 1.08535
603 1.08535
604 1.08535
605 1.08535
606 1.08535
607 1.08535
608 1.08535
609 1.08535
610 1.08535
611 1.08535
612 1.08535
613 1.08535
614 1.08535
615 1.08535
616 1.08535
617 1.08535
618 1.08535
619 1.08535
620 1.08535
621 1.08535
622 1.08535
623 1.08535
624 1.08535
625 1.08535
626 1.08535
627 1.08535
628 1.08535
629 1.08535
630 1.08535
631 1.08535
632 1.08535
633 1.08535
634 1.08535
635 1.08535
636 1.08535
637 1.08535
638 1.08535
639 1.08535
640 1.08535
641 1.08535
642 1.06594
643 1.06594
644 1.06594
645 1.06594
646 1.06594
647 1.06594
648 1.06594
649 1.06594
650 1.06594
651 1.06594
652 1.06594
653 1.06594
654 1.06589
655 1.06589
656 1.06589
657 1.06589
658 1.06589
659 1.06589
660 1.06589
661 1.06589
662 1.06589
663 1.06589
664 1.06589
665 1.06589
666 1.06589
667 1.06589
668 1.06589
669 1.06589
670 1.06589
671 1.06589
672 1.06589
673 1.06589
674 1.06589
675 1.06589
676 1.06589
677 1.06589
678 1.06589
679 1.06589
680 1.06589
681 1.06589
682 1.06589
683 1.06589
684 1.06589
685 1.06589
686 1.06589
687 1.06589
688 1.06589
689 1.06589
690 1.06589
691 1.06589
692 1.06589
693 1.06589
694 1.06589
695 1.06589
696 1.06589
697 1.06589
698 1.06589
699 1.06589
700 1.06589
701 1.06589
702 1.06589
703 1.06589
704 1.06589
705 1.06589
706 1.06589
707 1.06589
708 1.06589
709 1.06589
710 1.06589
711 1.06589
712 1.06589
713 1.06589
714 1.06589
715 1.06589
716 1.06589
717 1.06589
718 1.06589
719 1.06589
720 1.06589
721 1.06589
722 1.06589
723 1.06589
724 1.06589
725 1.06589
726 1.06589
727 1.06589
728 1.06589
729 1.06589
730 1.06589
731 1.06589
732 1.06589
733 1.06589
734 1.04179
735 1.04179
736 1.04179
737 1.04179
738 1.04179
739 1.04179
740 1.04179
741 1.04179
742 1.04179
743 1.04179
744 1.04179
745 1.04179
746 1.04179
747 1.04179
748 1.04179
749 1.04179
750 1.04179
751 1.04179
752 1.04179
753 1.04179
754 1.04179
755 1.04179
756 1.04179
757 1.04179
758 1.04179
759 1.04179
760 1.04179
761 1.04179
762 1.04179
763 1.04179
764 1.04179
765 1.04179
766 1.04179
767 1.04179
768 1.04179
769 1.04179
770 1.04179
771 1.04179
772 1.04179
773 1.04179
774 1.04179
775 1.04179
776 1.04179
777 1.04179
778 1.04179
779 1.04179
780 1.04179
781 1.04179
782 1.04179
783 1.04179
784 1.04179
785 1.04179
786 1.04179
787 1.04179
788 1.04179
789 1.04179
790 1.04179
791 1.04179
792 1.04179
793 1.04179
794 1.04179
795 1.04179
796 1.04179
797 1.04179
798 1.04179
799 1.04179
800 1.04179
