0.492285   -0.492444   0.490293
-0.324022   -0.312654   -0.488696
-0.498948   -0.338737   -0.354232
-0.353853   0.482213   -0.340228
-0.151498   0.497392   -0.482996
0.0186461   -0.345354   0.488892
-0.163708   -0.31257   -0.340257
0.0117337   -0.491132   -0.328934
0.186111   -0.481989   -0.471222
0.323925   -0.33213   0.489407
0.168119   -0.32704   -0.338453
0.337858   0.478162   -0.314598
-0.473994   -0.152139   -0.499476
-0.32953   0.0252368   0.481889
0.49409   -0.00144077   -0.326989
-0.331443   -0.168015   -0.321158
-0.161573   -0.154151   -0.481428
-0.00595483   -0.00959386   -0.480216
-0.188025   0.0123172   -0.333959
0.000604392   -0.167199   -0.310738
0.168996   -0.183886   -0.496092
0.348921   -0.0222373   0.494602
0.174172   -0.0200714   -0.349858
0.344924   -0.185832   -0.357639
0.481625   0.168981   -0.497057
-0.334612   0.349867   0.477091
0.474975   0.331842   -0.308571
-0.358284   0.153069   -0.312229
-0.154439   0.174827   -0.488768
-0.0129602   0.324329   -0.477805
-0.166797   0.335524   -0.319897
0.0310373   0.167061   -0.343485
0.192779   0.158109   0.481461
0.345927   0.333508   0.490257
0.177489   0.331536   -0.339861
0.347253   0.16355   -0.322934
0.456984   0.497733   -0.152961
-0.320965   -0.311168   -0.158607
0.493586   -0.326342   -0.00151781
-0.362915   -0.499051   0.00279594
-0.193404   -0.485048   -0.174897
0.0040822   -0.321674   -0.17378
-0.144441   -0.329937   0.0139024
-0.00155405   -0.497299   -0.045435
0.167175   -0.477583   -0.188971
0.326512   -0.321312   -0.170547
0.145941   -0.351239   0.0034996
0.326026   -0.479411   0.0146488
-0.494758   -0.17239   -0.154798
-0.345196   -0.0167417   -0.168859
-0.494582   -0.0184573   0.00708271
-0.313436   -0.177355   0.0301732
-0.160599   -0.155436   -0.159447
0.0135511   -0.00529117   -0.164618
-0.166948   0.00232033   0.000439145
0.0095212   -0.159597   -0.00193915
0.17102   -0.164139   -0.180765
0.33393   -0.0169412   -0.203714
0.161286   0.000325988   0.0217055
0.328189   -0.172657   -0.00737586
-0.495354   0.16277   -0.153978
-0.333431   0.376711   -0.171925
0.48799   0.336002   0.0260597
-0.342169   0.16659   -0.000657553
-0.187234   0.14513   -0.167621
0.00663752   0.291105   -0.187596
-0.169167   0.322438   -0.0416891
-0.00582661   0.163319   0.00822258
0.17404   0.137139   -0.154404
0.32682   0.336599   -0.148056
0.15705   0.317569   -0.0162412
0.342599   0.170967   -0.0261898
0.486888   -0.489773   0.147876
-0.327897   -0.326507   0.182156
0.497924   -0.31705   0.347825
-0.337802   -0.497168   0.315188
-0.140758   0.47366   0.133714
-0.0100655   -0.349795   0.179974
-0.170083   -0.331679   0.36835
0.017826   0.473145   0.323519
0.142923   0.485224   0.144353
0.321957   -0.329338   0.168325
0.169892   -0.355958   0.332834
0.330153   0.496504   0.337463
0.499317   -0.173964   0.177179
-0.329645   -0.00231533   0.153738
-0.494313   0.0117005   0.310706
-0.330149   -0.179236   0.339895
-0.147768   -0.169387   0.175122
0.00437272   0.0089543   0.155698
-0.169938   0.0181725   0.334967
-0.00896291   -0.157829   0.344309
0.139788   -0.190252   0.185967
0.332413   0.00792791   0.15806
0.178133   -0.00632941   0.337304
0.304791   -0.172733   0.330799
0.498243   0.155699   0.139767
-0.338333   0.338483   0.139563
0.488035   0.327716   0.320057
-0.355999   0.191547   0.319443
-0.164308   0.156597   0.172309
-0.00217743   0.310648   0.183643
-0.17244   0.327502   0.322605
0.0183784   0.140072   0.330535
0.162952   0.167352   0.189696
0.32677   0.320851   0.17698
0.170893   0.335079   0.372882
0.341649   0.159792   0.32426
