0.492172   -0.492587   0.490292
-0.324185   -0.312632   -0.488648
-0.498897   -0.338857   -0.35423
-0.35399   0.482258   -0.340225
-0.151508   0.497474   -0.482928
0.0186373   -0.345521   0.488655
-0.163947   -0.312534   -0.340281
0.0117818   -0.491184   -0.329068
0.186147   -0.481919   -0.471148
0.323855   -0.33216   0.489495
0.168148   -0.326885   -0.33841
0.337926   0.478309   -0.314823
-0.474141   -0.15233   -0.499437
-0.329369   0.0255135   0.481872
0.494011   -0.00151273   -0.327137
-0.331459   -0.167701   -0.321212
-0.161388   -0.153916   -0.481466
-0.00584733   -0.00971976   -0.480289
-0.188333   0.0123292   -0.334155
0.000773108   -0.167126   -0.310692
0.169025   -0.183809   -0.496083
0.348973   -0.022314   0.494806
0.174186   -0.0201646   -0.3499
0.344998   -0.185824   -0.357893
0.481521   0.169293   -0.496923
-0.334666   0.349906   0.47699
0.475145   0.331846   -0.30856
-0.358402   0.153071   -0.312469
-0.154353   0.174721   -0.488732
-0.0132215   0.324277   -0.477724
-0.166733   0.335498   -0.319852
0.0310391   0.166976   -0.343209
0.192691   0.158295   0.481338
0.345941   0.333521   0.490359
0.177623   0.331473   -0.3401
0.347274   0.163474   -0.322992
0.457064   0.497543   -0.153102
-0.321086   -0.311235   -0.158685
0.493557   -0.326302   -0.00129721
-0.36312   -0.499021   0.00279794
-0.193387   -0.485085   -0.174827
0.00421831   -0.321702   -0.173736
-0.144397   -0.329952   0.0138467
-0.00183751   -0.497334   -0.0453974
0.16738   -0.477678   -0.188928
0.326303   -0.321393   -0.170801
0.145903   -0.351364   0.00333633
0.325849   -0.479431   0.0146946
-0.494614   -0.172428   -0.154692
-0.345224   -0.0168229   -0.16888
-0.494568   -0.0186232   0.00707809
-0.313527   -0.177305   0.0299818
-0.160574   -0.155625   -0.159211
0.0135618   -0.00527344   -0.164781
-0.16701   0.00230385   0.000456288
0.00937422   -0.159629   -0.00193078
0.170841   -0.164042   -0.180943
0.333765   -0.0169752   -0.203726
0.161095   0.000291358   0.0216008
0.3283   -0.172679   -0.00736482
-0.495492   0.162897   -0.154012
-0.333192   0.376945   -0.171857
0.488246   0.335763   0.0259718
-0.342224   0.166731   -0.000458688
-0.187373   0.145186   -0.167479
0.00651902   0.290888   -0.18774
-0.169312   0.322512   -0.0417657
-0.00565485   0.163544   0.0081029
0.174005   0.137297   -0.154218
0.326984   0.336614   -0.148054
0.157041   0.317716   -0.016115
0.342747   0.171007   -0.02631
0.487055   -0.489879   0.147934
-0.32784   -0.326552   0.182041
0.497959   -0.317053   0.348017
-0.337773   -0.497259   0.315287
-0.140673   0.473679   0.133973
-0.010059   -0.349749   0.180099
-0.170093   -0.33143   0.368438
0.0177396   0.473126   0.323838
0.143   0.485227   0.144463
0.321958   -0.329063   0.168235
0.169789   -0.35602   0.332993
0.329975   0.496429   0.337353
0.499292   -0.173779   0.17724
-0.329774   -0.0024485   0.153684
-0.494211   0.0118224   0.310863
-0.330108   -0.179198   0.33984
-0.147595   -0.169457   0.175256
0.00445484   0.0088684   0.155857
-0.169714   0.018058   0.334863
-0.0088316   -0.157897   0.344308
0.139957   -0.190225   0.185858
0.33239   0.00792193   0.158318
0.17813   -0.00627146   0.337118
0.304901   -0.172742   0.330721
0.498347   0.155482   0.139697
-0.338321   0.338318   0.139399
0.4877   0.327691   0.320104
-0.355919   0.1916   0.319427
-0.164324   0.156712   0.172167
-0.00213235   0.310906   0.183795
-0.172284   0.327021   0.322669
0.0183611   0.139847   0.330491
0.163148   0.167448   0.189582
0.326684   0.320722   0.177276
0.17109   0.335437   0.372727
0.341578   0.159706   0.32441
