1.23864
1.22338
1.22185
1.23857
1.27172
1.31362
1.35494
1.38853
1.41024
1.4179
1.41053
1.38905
1.35744
1.32238
1.2911
1.269
1.25914
1.26272
1.27885
1.30372
1.33179
1.35864
1.38198
1.40084
1.41443
1.42194
1.42302
1.41807
1.40818
1.39472
1.37894
1.36187
1.34508
1.33128
1.32385
1.32537
1.33625
1.35405
1.37388
1.39025
1.39897
1.39828
1.38886
1.3729
1.35293
1.33101
1.30868
1.28733
1.26885
1.2557
1.25077
1.25704
1.27603
1.30541
1.33838
1.36671
1.3846
1.39046
1.38571
1.37303
1.35628
1.34135
1.33489
1.33987
1.35243
1.36432
1.36778
1.35949
1.34235
1.32397
1.31107
1.305
1.30339
1.30426
1.30748
1.31385
1.32387
1.33718
1.35302
1.37091
1.39029
1.40858
1.42077
1.42223
1.41182
1.39207
1.36692
1.33974
1.31296
1.28854
1.269
1.25793
1.25809
1.26908
1.28749
1.30934
1.33163
1.35217
1.36929
1.38163
1.38821
1.38852
1.38238
1.37015
1.35261
1.33116
1.30809
1.2866
1.27048
1.26356
1.26857
1.28629
1.31524
1.35232
1.39334
1.43311
1.46598
1.48677
1.49198
1.48068
1.45433
1.41572
1.36798
1.31415
1.25752
1.20288
1.15676
1.12579
1.11317
1.11735
1.13391
1.15825
1.18682
1.21772
1.25046
1.28513
1.3214
1.35803
1.39321
1.42504
1.45173
1.47154
1.48283
1.48464
1.47744
1.46296
1.44362
1.42195
1.40049
1.38222
1.37031
1.36733
1.37398
1.38831
1.40606
1.42192
1.43111
1.43069
1.42035
1.40163
1.37674
1.34843
1.32073
1.29857
1.28545
1.28142
1.28373
1.28898
1.29434
1.29817
1.30037
1.30203
1.30454
1.3089
1.31569
1.32508
1.33621
1.34652
1.35227
1.35014
1.33904
1.32054
1.29841
1.27783
1.26419
1.26075
1.26679
1.27843
1.29151
1.30349
1.31341
1.321
1.32602
1.32841
1.32872
1.32855
1.33024
1.33577
1.34531
1.3562
1.36394
1.36437
1.35571
1.33943
1.31987
1.30292
1.29441
1.29847
1.31602
1.34327
1.37251
1.39527
1.40583
1.40288
1.38906
1.36946
1.34986
1.33526
1.32912
1.33301
1.34586
1.36368
1.38042
1.39013
1.3888
1.37512
1.35073
1.32013
1.29017
1.26898
1.26275
1.27154
1.28914
1.30749
1.32137
1.32947
1.33279
1.33287
1.33092
1.32776
1.32395
1.31992
1.31637
1.31409
1.3134
1.31326
1.31139
1.30571
1.29599
1.28451
1.27486
1.27016
1.27246
1.28299
1.30211
1.32817
1.35716
1.38395
1.40464
1.41781
1.42432
1.42647
1.42737
1.43012
1.4361
1.44382
1.44964
1.44952
1.44061
1.42196
1.39524
1.36434
1.33442
1.31016
1.29424
1.28718
1.28828
1.29616
1.30895
1.32402
1.33806
1.34777
1.35059
1.34539
1.33324
1.31802
1.30557
1.30112
1.30594
1.31663
1.32788
1.33587
1.33901
1.33689
1.32895
1.31459
1.29454
1.27222
1.25352
1.24402
1.2462
1.25907
1.27952
1.30416
1.33004
1.35436
1.37409
1.38591
1.38675
1.37467
1.34967
1.31386
1.27118
1.22694
1.18803
1.16257
1.15798
1.1779
1.21941
1.27307
1.32667
1.36999
1.39809
1.41121
1.4123
1.40393
1.38697
1.36176
1.33112
1.30181
1.28256
1.27941
1.29269
1.31821
1.34961
1.37997
1.4032
1.41587
1.41802
1.41244
1.40285
1.39198
1.38074
1.36884
1.356
1.34285
1.33096
1.32223
1.31828
1.31994
1.32732
1.33991
1.35683
1.37647
1.39636
1.41321
1.42391
1.42689
1.42263
1.41298
1.39919
1.3807
1.35577
1.32318
1.28383
1.24107
1.20055
1.16936
1.15456
1.16069
1.18756
1.22961
1.27806
1.32429
1.3626
1.39065
1.40797
1.41486
1.41259
1.40393
1.39231
1.38033
1.36851
1.35558
1.34017
1.32217
1.30318
1.28589
1.27362
1.26966
1.27577
1.29044
1.30856
1.32358
1.33077
1.32908
1.32094
1.31003
1.29943
1.29143
1.28838
1.29286
1.30647
1.32847
1.35546
1.38221
1.40335
1.41471
1.41452
1.40381
1.38667
1.36916
1.35681
1.35194
1.35326
1.35771
1.36253
1.36592
1.36727
1.36736
1.36673
1.36412
1.35651
1.341
1.31652
1.28479
1.25025
1.21876
1.19534
1.18283
1.18217
1.19315
1.21477
1.24535
1.28263
1.32365
1.36486
1.40248
1.43333
1.4552
1.46716
1.46946
1.46346
1.45126
1.4355
1.41919
1.40492
1.3942
1.38676
1.38045
1.37229
1.35994
1.34278
1.3222
1.30144
1.286
1.28292
1.29598
1.32001
1.34299
1.35385
1.34656
1.31975
1.27604
1.22164
1.16569
1.11877
1.09029
1.08564
1.10474
1.14286
1.19308
1.24869
1.3046
1.35746
1.4049
1.44491
1.47565
1.4958
1.50482
1.50316
1.49223
1.474
1.45017
1.42172
1.3892
1.35374
1.31797
1.28576
1.26112
1.2471
1.24555
1.25662
1.278
1.30472
1.33007
1.34735
1.35163
1.34109
1.31743
1.28498
1.24929
1.21612
1.19118
1.18025
1.18784
1.21426
1.25417
1.29966
1.34487
1.38764
1.42809
1.46607
1.49971
1.5256
1.54038
1.54246
1.53231
1.51129
1.48064
1.44243
1.40162
1.3667
1.34647
1.34538
1.36071
1.3837
1.40355
1.4112
1.40145
1.3733
1.3298
1.27793
1.2278
1.19001
1.17158
1.1734
1.1911
1.21767
1.24533
1.26775
1.28254
1.29246
1.30325
1.31991
1.34458
1.37623
1.41071
1.44159
1.4621
1.46751
1.45649
1.43147
1.39888
1.36837
1.34984
1.34773
1.35885
1.37538
1.38936
1.39489
1.3888
1.37082
1.34378
1.31297
1.2843
1.26193
1.24732
1.24014
1.24009
1.24722
1.26147
1.28225
1.30899
1.34093
1.37535
1.40577
1.42315
1.41994
1.39418
1.3508
1.29978
1.25268
1.21916
1.20501
1.21189
1.23825
1.2808
1.3351
1.39473
1.45123
1.49585
1.52227
1.52849
1.51679
1.49253
1.46235
1.4325
1.40746
1.38911
1.37674
1.36805
1.36063
1.35275
1.34327
1.33149
1.31776
1.30361
1.2901
1.27672
1.26244
1.24756
1.23441
1.22592
1.22346
1.22576
1.2305
1.23683
1.24652
1.26286
1.28792
1.32009
1.3537
1.3817
1.39891
1.40382
1.39821
1.38628
1.37338
1.36514
1.36614
1.37811
1.39849
1.42094
1.43815
1.44481
1.43908
1.4225
1.39939
1.376
1.35881
1.35158
1.35317
1.35867
1.3629
1.3628
1.35732
1.34656
1.33121
1.31234
1.29184
1.27257
1.25802
1.25122
1.25357
1.2641
1.27992
1.29741
1.31348
1.32584
1.33254
1.33172
1.32243
1.30581
1.2854
1.26635
1.25341
1.24904
1.25272
1.262
1.27441
1.28889
1.30551
1.32382
1.34153
1.35497
1.36089
1.35826
1.34914
1.33732
1.32575
1.31507
1.30456
1.29376
1.28344
1.27605
1.27528
1.28396
1.30155
1.32463
1.34886
1.36984
1.38421
1.39117
1.3932
1.39379
1.39403
1.3922
1.38632
1.37612
1.36265
1.34756
1.33294
1.32119
1.31452
1.31451
1.32163
1.33494
1.35154
1.36693
1.37638
1.37666
1.36722
1.34993
1.32776
1.30343
1.27883
1.25549
1.23522
1.21988
1.21066
1.20735
1.20859
1.21279
1.21901
1.2273
1.23848
1.2536
1.27317
1.29642
1.32077
1.34242
1.35777
1.3652
1.3657
1.36222
1.35778
1.35375
1.34997
1.34652
1.34451
1.34519
1.34827
1.35151
1.35189
1.34709
1.33651
1.32152
1.30553
1.29332
1.2898
1.29836
1.31952
1.35045
1.38569
1.41872
1.44394
1.4577
1.45846
1.44646
1.42408
1.39644
1.37074
1.35371
1.34829
1.35228
1.35984
1.36469
1.36329
1.35599
1.34617
1.33817
1.33454
1.33477
1.33649
1.33693
1.3337
1.32513
1.31085
1.2922
1.27192
1.25338
1.2395
1.23179
1.22992
1.23219
1.23679
1.24276
1.2503
1.26012
1.27247
1.28694
1.30261
1.31848
1.33362
1.34697
1.35694
1.36162
1.35975
1.35128
1.33744
1.32096
1.30641
1.2993
1.30292
1.31564
1.3319
1.346
1.35485
1.35806
1.35696
1.35365
1.35048
1.34953
1.35153
1.35508
1.35714
1.3548
1.34717
1.33594
1.32456
1.31662
1.31436
1.31765
1.324
1.33019
1.33403
1.33552
1.33643
1.33967
1.34795
1.36233
1.3812
1.40056
1.41576
1.42276
1.4192
1.40512
1.38323
1.35806
1.33483
1.31841
1.31186
1.31423
1.321
1.3279
1.33336
1.3375
1.34074
1.34394
1.34869
1.35643
1.36716
1.37897
1.3885
1.39235
1.38826
1.37578
1.3564
1.33358
1.3128
1.30033
1.30071
1.31421
1.33638
1.36052
1.38152
1.398
1.41175
1.42467
1.43631
1.44358
1.44246
1.43022
1.40675
1.37514
1.34113
1.31161
1.29182
1.28313
1.28312
1.28701
1.28982
1.288
1.28058
1.26934
1.25857
1.25377
1.25893
1.27401
1.29512
1.3169
1.33467
1.34507
1.3463
1.33792
1.32128
1.2995
1.27675
1.25709
1.24345
1.23746
1.23977
1.25047
1.26904
1.29422
1.32394
1.3558
1.38766
1.41794
1.44489
1.46606
1.47864
1.48023
1.46969
1.44767
1.4165
1.38004
1.34377
1.31387
1.29479
1.28663
1.28465
1.28252
1.27671
1.26884
1.2647
1.2699
1.28622
1.31151
1.34178
1.37281
1.40075
1.42172
1.4315
1.42604
1.40332
1.36553
1.31971
1.27589
1.24344
1.22759
1.22859
1.24353
1.26855
1.29934
1.3308
1.35753
1.37504
1.38114
1.37651
1.36429
1.34904
1.33583
1.32936
1.33309
1.34815
1.37219
1.39968
1.42351
1.43735
1.43715
1.42213
1.39564
1.36464
1.33751
1.32077
1.31703
1.32528
1.34273
1.36625
1.39307
1.42039
1.44515
1.46364
1.47218
1.46806
1.45065
1.42159
1.38412
1.34177
1.29731
1.25288
1.21081
1.17463
1.14874
1.13703
1.14153
1.16228
1.19755
1.24357
1.29487
1.34583
1.39251
1.43288
1.46565
1.48926
1.50172
1.50148
1.48844
1.46431
1.43253
1.39758
1.36412
1.33596
1.31555
1.30383
1.30025
1.30312
1.31007
1.3183
1.32485
1.32684
1.32238
1.31143
1.29612
1.28
1.26658
1.25793
1.25439
1.25538
1.25998
1.26703
1.27525
1.28402
1.29387
1.30622
1.3221
1.34105
1.36089
1.37871
1.39241
1.40131
1.40591
1.40685
1.40427
1.39861
1.39182
1.3869
1.38549
1.38613
1.38548
1.38126
1.37388
1.36615
1.36203
1.36495
1.37597
1.39263
1.40912
1.41867
1.41652
1.40181
1.37762
1.34918
1.32149
1.29812
1.28141
1.27326
1.27459
1.28414
1.29797
1.31065
1.31726
1.31526
1.30523
1.29034
1.27521
1.26471
1.26224
1.26742
1.27621
1.28383
1.28798
1.2901
1.29405
1.30272
1.31518
1.32761
1.33669
1.3423
1.34738
1.35616
1.3715
1.39292
1.41607
1.43407
1.43986
1.42857
1.39942
1.35698
1.31093
1.27316
1.25249
1.2509
1.26447
1.28708
1.31353
1.34081
1.36749
1.39248
1.41453
1.43237
1.44541
1.45345
1.45599
1.45172
1.43943
1.41934
1.39382
1.36671
1.3417
1.32148
1.3085
1.30644
1.31911
1.3463
1.38203
1.41792
1.44682
1.46397
1.4667
1.45429
1.42769
1.38926
1.34234
1.29084
1.23898
1.19127
1.15276
1.12869
1.12279
1.13509
1.16152
1.19548
1.22973
1.2575
1.27296
1.27243
1.25637
1.23068
1.20569
1.19165
1.19351
1.20913
1.23177
1.25434
1.27207
1.2835
1.29004
1.29489
1.3013
1.31084
1.32279
1.33528
1.34686
1.35728
1.36696
1.37586
1.38293
1.38618
1.38302
1.37114
1.34968
1.32094
1.29144
1.26998
1.26145
1.2625
1.26568
1.26647
1.26478
1.26216
1.25989
1.25865
1.25866
1.25978
1.26189
1.26575
1.27318
1.2863
1.30641
1.33322
1.3646
1.39675
1.42513
1.44606
1.45814
1.46151
1.45665
1.44387
1.42412
1.39947
1.37316
1.34906
1.33018
1.31732
1.3092
1.30406
1.30074
1.29898
1.29914
1.30186
1.30771
1.31695
1.32948
1.34422
1.35887
1.36997
1.37383
1.36806
1.35301
1.33203
1.31065
1.29465
1.28784
1.29055
1.29981
1.31124
1.32094
1.3268
1.32865
1.32791
1.32608
1.32319
1.3174
1.30659
1.29066
1.27253
1.25649
1.24602
1.24262
1.2458
1.25408
1.26623
1.28248
1.30428
1.33235
1.36474
1.39732
1.42631
1.45028
1.46969
1.48505
1.49518
1.49721
1.48796
1.46559
1.43071
1.38725
1.34209
1.30344
1.27834
1.27015
1.27773
1.29642
1.3207
1.34611
1.36976
1.39036
1.40786
1.42281
1.43511
1.44327
1.44461
1.43594
1.41483
1.38061
1.33493
1.2821
1.22922
1.18459
1.15499
1.14379
1.15131
1.1749
1.20866
1.24514
1.27878
1.30723
1.33029
1.34824
1.36159
1.37148
1.37961
1.38704
1.39336
1.3966
1.39478
1.3874
1.37586
1.36256
1.3496
1.33783
1.32663
1.31484
1.30199
1.28941
1.28014
1.27716
1.28068
1.28796
1.29636
1.3055
1.3167
1.33106
1.34839
1.36681
1.38346
1.3955
1.40117
1.40029
1.39388
1.38364
1.37125
1.35804
1.34469
1.33116
1.31706
1.30277
1.29005
1.28127
1.27759
1.27836
1.28236
1.28964
1.302
1.32171
1.34973
1.38473
1.42315
1.46023
1.49124
1.51216
1.52059
1.51636
1.50137
1.4783
1.44907
1.41455
1.37603
1.33649
1.30055
1.27281
1.25584
1.24906
1.24912
1.25137
1.25194
1.2493
1.24446
1.23973
1.2368
1.23577
1.23584
1.23699
1.24124
1.25217
1.27237
1.30099
1.33329
1.36266
1.38366
1.39403
1.3946
1.38817
1.37791
1.36664
1.35687
1.35059
1.34889
1.35145
1.35661
1.36184
1.36468
1.36391
1.3599
1.35372
1.34587
1.33625
1.32498
1.31326
1.3038
1.30026
1.30528
1.31826
1.33512
1.35083
1.36295
1.37238
1.38032
1.38516
1.38416
1.3778
1.37116
1.3696
1.37331
1.37793
1.3792
1.37578
1.36834
1.35782
1.34426
1.32659
1.30409
1.2784
1.25459
1.2394
1.2375
1.24882
1.269
1.2921
1.31367
1.33236
1.34919
1.36551
1.38123
1.39463
1.40357
1.40611
1.4005
1.38608
1.36556
1.3449
1.32926
1.31946
1.31369
1.31163
1.31611
1.33026
1.35323
1.37896
1.39941
1.40855
1.40437
1.38878
1.36688
1.34571
1.33236
1.33192
1.34555
1.3694
1.3953
1.41415
1.41958
1.40963
1.3866
1.35548
1.32185
1.29028
1.26334
1.24195
1.22653
1.218
1.21808
1.22844
1.24935
1.27837
1.30985
1.3365
1.35247
1.35602
1.34961
1.33796
1.3259
1.31692
1.31245
1.31166
1.31193
1.31021
1.30469
1.29557
1.28489
1.27523
1.2683
1.26402
1.2613
1.2592
1.25774
1.25765
1.25971
1.2641
1.2707
1.27949
1.2906
1.30406
1.31965
1.33708
1.35618
1.37701
1.39942
1.42255
1.44453
1.46263
1.47393
1.47659
1.47075
1.45875
1.44427
1.43058
1.41954
1.41171
1.40737
1.40606
1.40536
1.40054
1.38692
1.36325
1.33263
1.30026
1.27065
1.24638
1.22922
1.22109
1.22387
1.23788
1.26065
1.28721
1.31237
1.33276
1.34724
1.3559
1.35955
1.35995
1.35943
1.3595
1.36004
1.35954
1.3561
1.3485
1.33677
1.32202
1.30591
1.28954
1.27345
1.25833
1.24578
1.2383
1.23827
1.24682
1.26296
1.28367
1.30488
1.32318
1.33727
1.34768
1.35507
1.35906
1.35854
1.35283
1.34242
1.32876
1.31368
1.29919
1.28773
1.28172
1.28257
1.2902
1.3031
1.31871
1.3336
1.34432
1.34858
1.34633
1.33972
1.33215
1.32691
1.32592
1.32912
1.33482
1.34028
1.34287
1.34104
1.33511
1.3273
1.32092
1.31917
1.32362
1.3336
1.34695
1.36123
1.37466
1.38647
1.39726
1.40838
1.41992
1.42918
1.4319
1.4249
1.40755
1.38166
1.35063
1.31838
1.28869
1.26484
1.24914
1.2426
1.245
1.25527
1.27185
1.29264
1.31535
1.33816
1.36023
1.38141
1.40144
1.41923
1.43253
1.43851
1.4347
1.41981
1.39454
1.36178
1.32597
1.29169
1.26253
1.24108
1.22924
1.22864
1.24081
1.26628
1.30279
1.34487
1.38546
1.41814
1.43848
1.44435
1.43586
1.41487
1.38474
1.34972
1.31442
1.28336
1.26059
1.24972
1.25321
1.27087
1.29894
1.33118
1.36135
1.38579
1.40386
1.41634
1.42274
1.42044
1.40662
1.3816
1.3508
1.32349
1.30837
1.30978
1.32729
1.35748
1.39522
1.43443
1.46917
1.49474
1.50827
1.50825
1.49394
1.46502
1.42197
1.36753
1.30798
1.25238
1.20944
1.18468
1.17988
1.19383
1.22216
1.25721
1.28947
1.31029
1.31439
1.30106
1.27403
1.24065
1.21037
1.19187
1.18912
1.19956
1.21855
1.24475
1.2794
1.32095
1.36297
1.3972
1.41782
1.42317
1.41519
1.39769
1.3743
1.34744
1.31894
1.29165
1.27042
1.26118
1.26815
1.29109
1.32473
1.36072
1.39113
1.41112
1.41953
1.41767
1.408
1.39394
1.38008
1.37123
1.37061
1.37829
1.39125
1.40465
1.41364
1.41449
1.40513
1.38569
1.35905
1.33054
1.30568
1.28785
1.27746
1.27372
1.27716
1.28909
1.3091
1.33466
1.36276
1.39053
1.4141
1.42849
1.42975
1.41759
1.39576
1.37024
1.34575
1.32348
1.30166
1.27832
1.25376
1.23139
1.21688
1.21559
1.22933
1.25505
1.28685
1.31862
1.34536
1.36359
1.37193
1.37137
1.36482
1.35509
1.34354
1.32984
1.31354
1.29583
1.28019
1.27097
1.27115
1.28092
1.2979
1.31821
1.33753
1.35166
1.35734
1.35308
1.34009
1.32186
1.30336
1.28976
1.28518
1.29123
1.30622
1.32553
1.34378
1.35751
1.36678
1.37449
1.38349
1.39382
1.40271
1.40709
1.4059
1.40109
1.39677
1.39698
1.40333
1.41439
1.42704
1.43825
1.44595
1.44882
1.44583
1.4362
1.4202
1.40027
1.38054
1.36469
1.35356
1.34568
1.33998
1.33782
1.34188
1.35341
1.36961
1.38474
1.39321
1.39158
1.37906
1.35738
1.33034
1.30315
1.28086
1.26613
1.25793
1.25338
1.2505
1.24893
1.2489
1.25031
1.253
1.25675
1.26161
1.26838
1.27826
1.2922
1.31036
1.33176
1.35397
1.37313
1.38505
1.38695
1.3788
1.36352
1.34587
1.32984
1.31654
1.30462
1.2926
1.28074
1.27125
1.26684
1.26937
1.27956
1.29729
1.32131
1.34892
1.37627
1.39928
1.41477
1.42083
1.41705
1.40481
1.38715
1.36839
1.35296
1.34442
1.34435
1.35176
1.36357
1.3761
1.38668
1.39452
1.40054
1.4068
1.41554
1.42817
1.44458
1.46283
1.47944
1.48994
1.49004
1.47676
1.4493
1.40929
1.35977
1.30418
1.24581
1.18808
1.13527
1.09275
1.066
1.05877
1.07145
1.09968
1.13453
1.16622
1.18941
1.20517
1.21918
1.23819
1.26703
1.30676
1.3542
1.40244
1.44354
1.47209
1.48677
1.48935
1.48265
1.46884
1.44938
1.42626
1.40382
1.3885
1.38487
1.39189
1.40421
1.41599
1.42337
1.42473
1.42035
1.41167
1.40072
1.38896
1.37628
1.36069
1.33969
1.31259
1.28186
1.25203
1.22751
1.21111
1.2038
1.20549
1.21573
1.23381
1.25784
1.28386
1.30655
1.32162
1.32781
1.32704
1.32261
1.3178
1.31513
1.31627
1.32156
1.3295
1.33665
1.33933
1.33589
1.32826
1.32133
1.32024
1.32847
1.34737
1.37632
1.41248
1.45075
1.48449
1.50728
1.51432
1.50323
1.47425
1.43068
1.37859
1.32579
1.27985
1.24636
1.22834
1.2263
1.23831
1.26058
1.28801
1.31532
1.33796
1.35249
1.35658
1.34945
1.3326
1.30952
1.28447
1.26036
1.23814
1.21813
1.20261
1.19815
1.2138
1.25324
1.30868
1.36631
1.41506
1.44989
1.46998
1.47709
1.47463
1.46699
1.45847
1.45133
1.44446
1.43408
1.41606
1.3893
1.35745
1.32795
1.30955
1.3086
1.3253
1.353
1.38212
1.40506
1.41785
1.41964
1.41113
1.39367
1.36847
1.33675
1.30057
1.26424
1.23491
1.22116
1.22922
1.25941
1.30567
1.35805
1.40611
1.44167
1.46019
1.46091
1.44647
1.42172
1.39247
1.36383
1.33903
1.31939
1.30504
1.29544
1.28998
1.28866
1.29222
1.3012
1.3146
1.32959
1.34228
1.34913
1.34785
1.33722
1.31739
1.29074
1.2632
1.24327
1.23792
1.24822
1.26958
1.29479
1.31669
1.32997
1.33251
1.32537
1.31095
1.29148
1.26877
1.24486
1.22245
1.20476
1.19483
1.19439
1.2029
1.21745
1.23437
1.25123
1.26763
1.28452
1.30265
1.32171
1.34036
1.35707
1.37098
1.38261
1.3934
1.40416
1.41404
1.4206
1.42108
1.41341
1.39646
1.37054
1.33799
1.30372
1.27477
1.25826
1.25836
1.27438
1.30119
1.33142
1.35825
1.37724
1.38692
1.38825
1.38368
1.37561
1.36524
1.35168
1.33251
1.30572
1.27194
1.23526
1.20254
1.1821
1.18103
1.20122
1.23798
1.28325
1.33012
1.37484
1.41643
1.45481
1.48942
1.5191
1.54213
1.55641
1.55974
1.55015
1.5264
1.4884
1.43735
1.37625
1.31027
1.2462
1.1916
1.15356
1.13671
1.14122
1.16225
1.19171
1.2212
1.24469
1.25985
1.26809
1.27293
1.27754
1.28248
1.28533
1.28311
1.27645
1.2714
1.27473
1.28688
1.30251
1.31694
1.32878
1.33829
1.34545
1.34959
1.35035
1.34858
1.34637
1.34639
1.35059
1.35881
1.36858
1.37597
1.37762
1.37229
1.36131
1.34813
1.33702
1.33148
1.33298
1.3405
1.35128
1.36218
1.37071
1.37602
1.37899
1.38165
1.3858
1.39169
1.39807
1.40325
1.40674
1.41038
1.41661
1.42498
1.43055
1.42728
1.41186
1.3845
1.34796
1.30674
1.2674
1.23771
1.22394
1.22846
1.25007
1.28526
1.32867
1.37322
1.41131
1.43679
1.44666
1.44183
1.4261
1.40402
1.37926
1.35516
1.33572
1.32469
1.3232
1.32874
1.3371
1.34531
1.35241
1.35779
1.36065
1.36251
1.36907
1.38619
1.41187
1.43537
1.44505
1.43541
1.40803
1.36922
1.32722
1.28949
1.26086
1.2426
1.2329
1.22819
1.22488
1.22082
1.21649
1.2151
1.22128
1.23811
1.26465
1.29645
1.328
1.35451
1.37249
1.38002
1.37751
1.3679
1.35576
1.34584
1.34221
1.34752
1.36163
1.38104
1.40079
1.41755
1.4313
1.44423
1.45785
1.47099
1.48045
1.48302
1.47642
1.45913
1.42977
1.38872
1.34033
1.29315
1.25644
1.23535
1.22916
1.23339
1.24232
1.25006
1.25151
1.24385
1.22755
1.2065
1.18655
1.17356
1.17159
1.18253
1.20625
1.24122
1.28495
1.33398
1.38354
1.42824
1.4632
1.48545
1.49483
1.49366
1.48562
1.47449
1.46369
1.45593
1.45179
1.44876
1.44201
1.4267
1.40068
1.36582
1.32828
1.29705
1.27987
1.27898
1.29062
1.30845
1.32673
1.34159
1.35051
1.3515
1.3429
1.32378
1.29508
1.26095
1.22866
1.20571
1.19553
1.19568
1.20091
1.20759
1.21548
1.22643
1.24207
1.26319
1.29049
1.32494
1.36648
1.41126
1.45137
1.47856
1.48869
1.48298
1.46636
1.44451
1.42148
1.39889
1.37683
1.35505
1.33379
1.3141
1.29762
1.28606
1.28053
1.28103
1.28618
1.29331
1.29803
1.29454
1.27704
1.24243
1.19356
1.14091
1.09957
1.08187
1.09202
1.12704
1.17981
1.24202
1.30623
1.36663
1.41835
1.45707
1.47982
1.4857
1.47607
1.45409
1.4241
1.3911
1.3604
1.33755
1.32755
1.3332
1.35322
1.38221
1.41335
1.44161
1.46422
1.47915
1.48352
1.47442
1.45088
1.41515
1.37275
1.33105
1.29715
1.27575
1.26839
1.2743
1.29137
1.31572
1.34172
1.36343
1.37693
1.38178
1.38113
1.38147
1.39037
1.41095
1.43714
1.45785
1.46464
1.45547
1.43298
1.40116
1.36311
1.32067
1.27576
1.23128
1.19105
1.16002
1.14439
1.14987
1.17796
1.22404
1.27986
1.33667
1.38642
1.42241
1.44081
1.442
1.42966
1.409
1.3847
1.36041
1.33915
1.32334
1.31409
1.31037
1.30901
1.30652
1.30121
1.29474
1.29118
1.29446
1.30611
1.32487
1.34737
1.3693
1.38749
1.40075
1.40911
1.41248
1.41057
1.40404
1.39535
1.38769
1.38335
1.38306
1.38621
1.39099
1.39463
1.39427
1.38804
1.3756
1.35846
1.33985
1.32376
1.31308
1.3084
1.30824
1.31045
1.3135
1.31718
1.3226
1.33176
1.34649
1.36654
1.38853
1.4069
1.41661
1.41561
1.40554
1.39013
1.37312
1.35671
1.34162
1.3277
1.31497
1.304
1.29588
1.29187
1.29305
1.29975
1.31086
1.32321
1.33224
1.33443
1.33071
1.32711
1.33025
1.34124
1.35489
1.36483
1.36843
1.36817
1.36933
1.37459
1.38123
1.38371
1.37799
1.36349
1.34317
1.32238
1.30618
1.29659
1.29207
1.28945
1.28657
1.28405
1.28451
1.28902
1.29445
1.29644
1.29449
1.29296
1.29737
1.3103
1.33035
1.35339
1.37494
1.39192
1.40307
1.40865
1.40979
1.40801
1.40461
1.40052
1.39612
1.39094
1.38376
1.37335
1.35985
1.34512
1.33222
1.324
1.32178
1.32513
1.33293
1.34463
1.35999
1.37743
1.39326
1.40285
1.40247
1.39051
1.36767
1.33662
1.3014
1.26656
1.23627
1.2139
1.20192
1.20215
1.21496
1.23778
1.26475
1.28871
1.30408
1.30841
1.30206
1.28736
1.26832
1.25017
1.23833
1.23676
1.24668
1.26611
1.29113
1.31801
1.34446
1.36936
1.39187
1.41068
1.42439
1.43258
1.43639
1.43792
1.43884
1.43964
1.44026
1.44119
1.44327
1.4461
1.44716
1.44248
1.42865
1.40465
1.37292
1.33912
1.3105
1.29295
1.28827
1.29353
1.303
1.31136
1.31599
1.31718
1.31681
1.31705
1.31964
1.32565
1.33495
1.34571
1.35453
1.3576
1.35242
1.33878
1.31842
1.29379
1.26682
1.23892
1.21191
1.18876
1.17379
1.17164
1.18521
1.21409
1.2542
1.29881
1.34058
1.37403
1.39689
1.40958
1.41378
1.41123
1.40305
1.39001
1.37313
1.3543
1.33623
1.32146
1.31119
1.30499
1.30194
1.30249
1.309
1.32365
1.34519
1.36933
1.39232
1.41286
1.43074
1.44509
1.45428
1.45713
1.45344
1.44303
1.4254
1.40046
1.36964
1.33589
1.30281
1.27363
1.25056
1.23425
1.22366
1.21648
1.21012
1.20271
1.19357
1.18348
1.17471
1.17075
1.17575
1.19351
1.22611
1.27221
1.32621
1.37943
1.42298
1.45071
1.46063
1.45456
1.43633
1.41067
1.38265
1.35714
1.33853
1.33068
1.33556
1.35086
1.37015
1.38638
1.39492
1.39405
1.38469
1.37028
1.35597
1.34617
1.34157
1.33815
1.33019
1.31459
1.29292
1.2703
1.25226
1.24203
1.23982
1.24406
1.25287
1.26489
1.27942
1.29574
1.31288
1.32955
1.3447
1.3576
1.36801
1.37606
1.38201
1.38561
1.38561
1.38023
1.3685
1.35132
1.33102
1.31035
1.29161
1.27666
1.26702
1.26371
1.26774
1.28022
1.30153
1.32993
1.36079
1.38729
1.40274
1.40276
1.38733
1.36162
1.33445
1.31433
1.30513
1.3049
1.30814
1.30915
1.30471
1.29492
1.28239
1.27052
1.26212
1.25851
1.25905
1.26172
1.26442
1.26625
1.26786
1.27085
1.27662
1.28541
1.2959
1.30615
1.31497
1.32281
1.33162
1.34349
1.35954
1.37988
1.40409
1.43108
1.45766
1.47782
1.48483
1.47409
1.44522
1.40266
1.35454
1.31012
1.27668
1.25708
1.24938
1.24887
1.25147
1.25552
1.26164
1.27074
1.28289
1.29746
1.31308
1.32739
1.33714
1.33953
1.33377
1.32174
1.3071
1.29388
1.28564
1.28537
1.29514
1.31509
1.34308
1.37523
1.40721
1.43562
1.45859
1.47555
1.48627
1.49031
1.4869
1.47532
1.45591
1.43118
1.40596
1.38598
1.37519
1.37369
1.37774
1.38138
1.37868
1.36576
1.34253
1.31415
1.29106
1.28485
1.30064
1.33303
1.3706
1.40305
1.42431
1.4318
1.42485
1.40385
1.37065
1.32951
1.28775
1.25492
1.23957
1.24441
1.26426
1.28921
1.30951
1.31918
1.31694
1.30556
1.29
1.27575
1.26744
1.26828
1.27953
1.2998
1.3248
1.348
1.36327
1.36768
1.36295
1.35325
1.34073
1.32397
1.30186
1.27659
1.25317
1.23672
1.2305
1.23546
1.25035
1.27233
1.29779
1.32336
1.3465
1.36563
1.37955
1.38725
1.38785
1.38105
1.36786
1.35075
1.33279
1.31694
1.30574
1.30157
1.30605
1.31909
1.33849
1.36055
1.38134
1.3979
1.40892
1.41493
1.41742
1.41756
1.41504
1.40791
1.394
1.37303
1.3479
1.32418
1.30792
1.3028
1.30876
1.32374
1.34565
1.37166
1.39617
1.411
1.4096
1.39075
1.35905
1.32254
1.28969
1.26702
1.25728
1.25937
1.27016
1.28649
1.30532
1.32326
1.33669
1.34272
1.34016
1.32942
1.31185
1.28932
1.26456
1.24162
1.2257
1.22135
1.23015
1.24967
1.27487
1.3009
1.3251
1.34713
1.36755
1.38673
1.40446
1.4203
1.43345
1.44273
1.44651
1.44351
1.43352
1.41757
1.39758
1.37518
1.35101
1.32542
1.30004
1.27867
1.2664
1.26718
1.28193
1.30817
1.34131
1.37658
1.41021
1.43943
1.4618
1.47502
1.47735
1.46772
1.44523
1.40963
1.36354
1.31437
1.27186
1.24243
1.22699
1.22446
1.23438
1.25609
1.28685
1.32097
1.35094
1.37027
1.37585
1.36855
1.35212
1.33145
1.31103
1.29356
1.27937
1.26693
1.25452
1.24151
1.22876
1.21873
1.21567
1.22527
1.25176
1.29341
1.34115
1.38271
1.40882
1.41663
1.40945
1.39367
1.37548
1.3589
1.34557
1.33551
1.32806
1.32232
1.31735
1.31201
1.30566
1.29952
1.29702
1.30189
1.31533
1.33509
1.3575
1.37974
1.40014
1.41727
1.42921
1.43384
1.42962
1.41618
1.39436
1.36601
1.33412
1.3029
1.2773
1.26124
1.25563
1.25863
1.26791
1.2821
1.29987
1.3188
1.33555
1.34728
1.35275
1.3521
1.34642
1.33753
1.32787
1.32001
1.31552
1.31415
1.31346
1.31017
1.30234
1.29091
1.2802
1.27678
1.2863
1.3094
1.33957
1.36603
1.37953
1.37588
1.35672
1.32892
1.30258
1.28708
1.28706
1.30106
1.32376
1.34928
1.37346
1.39405
1.40978
1.41896
1.41952
1.40992
1.39031
1.36294
1.33195
1.30259
1.2801
1.26788
1.26653
1.27373
1.28555
1.29831
1.31001
1.31969
1.32596
1.32694
1.32282
1.31795
1.3199
1.33475
1.36204
1.39466
1.42351
1.44182
1.44628
1.43673
1.41597
1.38987
1.36637
1.35196
1.34762
1.3481
1.34647
1.33905
1.32675
1.31346
1.30313
1.29809
1.2986
1.30349
1.31073
1.31798
1.32337
1.32632
1.32752
1.32798
1.32844
1.32954
1.33189
1.33511
1.33767
1.33812
1.33626
1.33286
1.32871
1.32419
1.31979
1.31591
1.31273
1.31067
1.31046
1.31279
1.31759
1.32397
1.33062
1.33631
1.34051
1.34384
1.34818
1.35569
1.3667
1.37893
1.38911
1.39478
1.39482
1.38896
1.37819
1.36647
1.35912
1.35788
1.3602
1.36398
1.3697
1.37774
1.38631
1.39236
1.39369
1.38944
1.37906
1.36133
1.33518
1.30125
1.26309
1.22707
1.201
1.19166
1.20248
1.23191
1.27321
1.3166
1.35281
1.37655
1.38836
1.39354
1.39805
1.40339
1.40552
1.39895
1.38148
1.35575
1.32772
1.30447
1.29187
1.29255
1.30494
1.32432
1.34603
1.36803
1.39103
1.41592
1.44037
1.45815
1.46246
1.45014
1.42423
1.39391
1.3702
1.35889
1.35752
1.35955
1.35926
1.35272
1.33702
1.31108
1.27744
1.24324
1.21848
1.21137
1.22345
1.24809
1.27453
1.29374
1.30134
1.29716
1.28393
1.26653
1.25104
1.24245
1.24218
1.24768
1.25468
1.2598
1.26203
1.2629
1.26535
1.27231
1.28561
1.30546
1.33028
1.35674
1.38085
1.39979
1.41284
1.42118
1.42666
1.43068
1.4334
1.43351
1.42883
1.41754
1.39962
1.37742
1.35497
1.33628
1.32399
1.31873
1.31934
1.32282
1.32592
1.32719
1.32779
1.33038
1.33811
1.35383
1.37821
1.40773
1.43616
1.45848
1.47268
1.4788
1.47698
1.46654
1.44659
1.41737
1.38143
1.34403
1.31164
1.28956
1.28014
1.28251
1.29318
1.30731
1.32027
1.32887
1.33183
1.32972
1.32471
1.31924
1.31413
1.30783
1.29764
1.28167
1.26074
1.23961
1.22618
1.2274
1.24409
1.27001
1.29654
1.31757
1.33126
1.3392
1.34478
1.3515
1.36144
1.37413
1.38646
1.39371
1.39237
1.38219
1.36698
1.35304
1.34624
1.34933
1.36075
1.37545
1.38693
1.38932
1.37912
1.35646
1.32556
1.29353
1.26693
1.24855
1.23725
1.23098
1.22954
1.23447
1.24721
1.26775
1.29371
1.31949
1.33878
1.35031
1.36028
1.37581
1.39492
1.4077
1.40604
1.38894
1.36104
1.32989
1.30347
1.28852
1.28901
1.30547
1.33537
1.37393
1.41562
1.45553
1.49017
1.5178
1.53782
1.55008
1.55384
1.54729
1.52846
1.49682
1.45451
1.40592
1.35611
1.30924
1.26768
1.23224
1.20295
1.18052
1.16654
1.16253
1.16855
1.1825
1.20064
1.21935
1.23684
1.25341
1.27016
1.28708
1.30247
1.31365
1.31871
1.31832
1.3162
1.3165
1.32037
1.32544
1.32842
1.32853
1.32856
1.33311
1.34523
1.36389
1.38439
1.40095
1.40964
1.40971
1.40293
1.39194
1.37869
1.36383
1.34699
1.32782
1.30671
1.28579
1.26926
1.26223
1.26814
1.28669
1.31404
1.3448
1.37398
1.39777
1.41378
1.42061
1.41771
1.40504
1.38358
1.35576
1.32577
1.29892
1.28039
1.2737
1.27909
1.29327
1.31084
1.32704
1.33944
1.34773
1.35269
1.3551
1.35485
1.3508
1.34191
1.32879
1.31406
1.30086
1.29043
1.28105
1.26992
1.25598
1.24114
1.22951
1.22578
1.23336
1.25232
1.27836
1.30537
1.32989
1.35303
1.37837
1.40838
1.44165
1.473
1.49597
1.50536
1.49851
1.47543
1.43859
1.39255
1.34324
1.29684
1.25876
1.23296
1.22166
1.22522
1.24218
1.26945
1.3025
1.33571
1.36312
1.38005
1.38471
1.37918
1.36914
1.36192
1.36333
1.37532
1.39595
1.42078
1.44429
1.46118
1.46776
1.4635
1.45152
1.43685
1.4234
1.41151
1.39895
1.38357
1.36535
1.34648
1.32928
1.31394
1.29785
1.27764
1.25232
1.22514
1.20223
1.18958
1.1898
1.20184
1.22238
1.24769
1.27515
1.30363
1.33331
1.36475
1.39775
1.43004
1.4569
1.47271
1.47328
1.45767
1.42969
1.39863
1.3761
1.36835
1.37171
1.37775
1.38033
1.37754
1.37046
1.3617
1.35416
1.34985
1.34895
1.34969
1.34929
1.34522
1.33591
1.321
1.30138
1.27929
1.25822
1.24253
1.23641
1.24217
1.25898
1.28277
1.30732
1.32685
1.33832
1.34217
1.34125
1.33889
1.33729
1.33619
1.33241
1.32142
1.3007
1.27222
1.24153
1.21503
1.19825
1.1946
1.20337
1.2194
1.23616
1.24967
1.25978
1.26893
1.27997
1.29462
1.31309
1.3341
1.35496
1.3719
1.38123
1.38099
1.3722
1.35898
1.34748
1.34357
1.35007
1.36541
1.3849
1.40323
1.41606
1.42084
1.41682
1.40511
1.38843
1.37049
1.35483
1.34353
1.33696
1.33541
1.34134
1.35891
1.38872
1.42459
1.45846
1.48597
1.50652
1.52044
1.52724
1.5254
1.51317
1.48975
1.45671
1.41814
1.37881
1.34131
1.30569
1.27274
1.24599
1.22974
1.22573
1.23248
1.24702
1.26604
1.28599
1.30331
1.31512
1.31969
1.31673
1.30746
1.29479
1.28252
1.27391
1.27053
1.27267
1.27999
1.29189
1.30724
1.32392
1.33918
1.35094
1.3592
1.36617
1.37485
1.38717
1.40318
1.42088
1.43611
1.44344
1.43813
1.41821
1.38594
1.34847
1.31637
1.29714
1.28889
1.28436
1.28006
1.27934
1.2876
1.30613
1.32989
1.35131
1.36458
1.36724
1.35995
1.34605
1.33043
1.31779
1.3105
1.30771
1.30652
1.30391
1.29817
1.28931
1.27844
1.26717
1.25723
1.25011
1.24664
1.24672
1.2496
1.25432
1.25987
1.26504
1.26822
1.26769
1.26278
1.25526
1.24961
1.25143
1.26505
1.29195
1.33053
1.3772
1.42791
1.47854
1.52451
1.56061
1.58156
1.58331
1.56427
1.52574
1.47172
1.4082
1.34228
1.28111
1.23079
1.19583
1.17905
1.18123
1.2005
1.23254
1.27177
1.31291
1.35163
1.38458
1.40869
1.42095
1.4191
1.40267
1.37406
1.33845
1.30284
1.27387
1.2557
1.24927
1.25285
1.26247
1.27271
1.27872
1.27828
1.27259
1.26528
1.26093
1.26372
1.27697
1.30208
1.33794
1.38096
1.42561
1.46517
1.49328
1.50525
1.49892
1.47469
1.43553
1.38699
1.33648
1.29028
1.25074
1.21717
1.18917
1.16921
1.16424
1.18276
1.22596
1.28369
1.34192
1.39055
1.42396
1.43923
1.43573
1.4157
1.38512
1.35423
1.3359
1.33891
1.36146
1.39214
1.41749
1.42865
1.42298
1.40269
1.37267
1.33916
1.30875
1.28689
1.27616
1.27525
1.28038
1.28764
1.29487
1.30175
1.30875
1.31583
1.32167
1.32437
1.32331
1.32079
1.32157
1.32968
1.34588
1.36769
1.39131
1.41293
1.42899
1.43638
1.43314
1.41955
1.39864
1.37547
1.35513
1.3406
1.33217
1.32838
1.32731
1.3274
1.32782
1.32793
1.32654
1.32258
1.31675
1.31141
1.3082
1.30607
1.30305
1.29945
1.29876
1.30453
1.31669
1.3312
1.34291
1.34865
1.34802
1.34255
1.3346
1.32665
1.3212
1.32104
1.32867
1.34534
1.37012
1.39991
1.43003
1.45455
1.46736
1.46457
1.44706
1.42091
1.39456
1.37474
1.3636
1.35872
1.3554
1.34904
1.33677
1.31839
1.29603
1.27282
1.25219
1.23886
1.23855
1.25411
1.28152
1.3113
1.33396
1.34387
1.34027
1.32651
1.30813
1.29041
1.27687
1.26943
1.26887
1.27469
1.2852
1.29864
1.31415
1.332
1.35272
1.37595
1.39998
1.42211
1.43978
1.45174
1.45862
1.46197
1.46219
1.45766
1.44605
1.42682
1.40265
1.37867
1.35965
1.34745
1.34032
1.3341
1.3238
1.30551
1.27796
1.24361
1.208
1.17788
1.15873
1.15292
1.15938
1.17497
1.19673
1.22287
1.25251
1.28417
1.31484
1.34
1.35522
1.3581
1.34993
1.33582
1.32262
1.31573
1.317
1.32599
1.34184
1.36347
1.38874
1.41398
1.43475
1.4472
1.449
1.43979
1.42112
1.3963
1.36992
1.34691
1.33132
1.32541
1.32942
1.34194
1.35999
1.37927
1.3945
1.40079
1.39543
1.37948
1.35721
1.33427
1.31561
1.30389
1.29875
1.29745
1.2967
1.29443
1.29071
1.28761
1.28858
1.29687
1.31342
1.33592
1.35966
1.37952
1.39164
1.39364
1.38463
1.36572
1.34099
1.31718
1.30059
1.29342
1.29339
1.29703
1.30285
1.31113
1.32186
1.33373
1.34429
1.35065
1.35061
1.34414
1.3343
1.32644
1.32658
1.33899
1.36391
1.39727
1.43245
1.46228
1.48063
1.48365
1.47042
1.44243
1.4028
1.35641
1.31091
1.27622
1.26117
1.26893
1.29495
1.32931
1.36178
1.38573
1.39919
1.40371
1.40206
1.39635
1.38712
1.3737
1.35542
1.33265
1.30716
1.28202
1.26106
1.24801
1.2455
1.25422
1.27279
1.29774
1.32418
1.34666
1.36051
1.3626
1.35179
1.32955
1.30021
1.2705
1.24785
1.23833
1.24472
1.26574
1.29657
1.33098
1.36314
1.38922
1.40768
1.41898
1.42438
1.42482
1.42043
1.41096
1.39619
1.37604
1.35084
1.32227
1.29462
1.27467
1.2691
1.28068
1.30608
1.33743
1.36633
1.38702
1.39749
1.39838
1.39078
1.37524
1.35257
1.32527
1.29775
1.27545
1.26314
1.26327
1.27559
1.29829
1.32935
1.36647
1.40588
1.44159
1.46667
1.47635
1.47003
1.45062
1.42257
1.39072
1.3605
1.33755
1.32594
1.32622
1.33446
1.34355
1.34605
1.3372
1.31634
1.28681
1.25402
1.22348
1.19925
1.18359
1.17738
1.18024
1.19016
1.20371
1.21701
1.22709
1.23261
1.23395
1.23301
1.23316
1.23881
1.25366
1.27893
1.31286
1.35165
1.3906
1.42456
1.44857
1.45926
1.45644
1.4437
1.42658
1.40894
1.39056
1.36876
1.34219
1.31294
1.2853
1.26322
1.24873
1.24224
1.24346
1.25229
1.2694
1.29689
1.33711
1.38929
1.44687
1.49902
1.53533
1.54935
1.54005
1.51096
1.46856
1.421
1.37652
1.34168
1.31945
1.30851
1.30467
1.30413
1.30552
1.30917
1.31509
1.32195
1.3283
1.3336
1.33852
1.34378
1.34885
1.35184
1.35104
1.34629
1.339
1.33093
1.32279
1.31393
1.30342
1.29112
1.27807
1.26637
1.2588
1.25849
1.26799
1.28788
1.3156
1.34553
1.37092
1.3863
1.38925
1.38096
1.36545
1.34801
1.3334
1.32466
1.32251
1.32554
1.33092
1.33513
1.33503
1.3289
1.31736
1.30369
1.29264
1.288
1.29039
1.29699
1.30406
1.31108
1.32313
1.34614
1.37824
1.40997
1.43299
1.44498
1.44793
1.44446
1.43518
1.41891
1.39465
1.36389
1.33163
1.30487
1.28881
1.28453
1.29101
1.3072
1.3303
1.35446
1.37337
1.3838
1.38582
1.38062
1.36939
1.35383
1.33672
1.32183
1.31291
1.31188
1.31691
1.32217
1.3199
1.30365
1.27141
1.22707
1.18056
1.14575
1.13544
1.1548
1.19828
1.25445
1.31233
1.36457
1.40777
1.44112
1.46462
1.47781
1.48
1.47095
1.45207
1.42661
1.3992
1.37434
1.35538
1.34456
1.3434
1.35207
1.36848
1.38851
1.40742
1.42172
1.43034
1.43474
1.43771
1.44125
1.44465
1.44473
1.43763
1.42039
1.39162
1.3518
1.30399
1.25434
1.21078
1.18029
1.16607
1.16674
1.17783
1.19393
1.21062
1.22576
1.23989
1.25482
1.27108
1.2866
1.29798
1.30357
1.30528
1.30771
1.31488
1.32768
1.34374
1.35948
1.37193
1.37966
1.38273
1.3824
1.38047
1.37835
1.37637
1.37404
1.37107
1.36772
1.36424
1.35962
1.35113
1.33611
1.31537
1.29421
1.27967
1.27501
1.2779
1.28372
1.28944
1.29467
1.30076
1.30973
1.32429
1.34784
1.38205
1.4244
1.46889
1.50879
1.53848
1.55362
1.55172
1.53383
1.5059
1.47733
1.45611
1.44382
1.43642
1.42874
1.41698
1.39888
1.37358
1.34215
1.30796
1.27613
1.25171
1.23751
1.23298
1.23464
1.23783
1.23882
1.23571
1.22881
1.22015
1.21273
1.20945
1.21202
1.22055
1.23353
1.24832
1.2624
1.27417
1.2834
1.29112
1.2993
1.31001
1.32382
1.33904
1.35287
1.36378
1.37284
1.38259
1.39373
1.40306
1.40512
1.39566
1.37415
1.34494
1.31713
1.30081
1.2998
1.30852
1.31787
1.32196
1.31913
1.30946
1.293
1.27022
1.24387
1.22053
1.20896
1.21377
1.23103
1.25186
1.26975
1.28348
1.29503
1.30613
1.31673
1.32537
1.33027
1.33055
1.32642
1.31893
1.31011
1.30262
1.29905
1.3011
1.30916
1.32247
1.33929
1.35738
1.37478
1.39024
1.40287
1.41083
1.41088
1.39957
1.37564
1.34201
1.30558
1.27467
1.2559
1.25245
1.26437
1.28991
1.32577
1.36716
1.40825
1.44347
1.4689
1.4829
1.48545
1.47686
1.45663
1.42418
1.38024
1.32873
1.2776
1.23758
1.21823
1.22273
1.24542
1.27519
1.30167
1.31894
1.32558
1.32297
1.31491
1.30774
1.30879
1.32196
1.3452
1.37235
1.3965
1.41208
1.41594
1.408
1.39134
1.37173
1.35615
1.35054
1.35737
1.37472
1.39679
1.41587
1.42466
1.41811
1.39518
1.35942
1.31828
1.28034
1.25237
1.2377
1.23594
1.24394
1.25694
1.26989
1.27853
1.2799
1.27302
1.25957
1.24393
1.23186
1.22829
1.23611
1.25612
1.28719
1.32516
1.36264
1.3916
1.40672
1.40708
1.39562
1.37778
1.35979
1.34689
1.34186
1.34482
1.35463
1.37015
1.39041
1.41415
1.43993
1.46575
1.4885
1.50482
1.51242
1.51024
1.49822
1.47722
1.44937
1.4184
1.38897
1.36499
1.34791
1.33628
1.3271
1.31754
1.30601
1.29265
1.27963
1.27078
1.26969
1.27687
1.28918
1.3019
1.31116
1.31476
1.31223
1.3048
1.29504
1.28598
1.27985
1.27767
1.27922
1.28366
1.29036
1.29908
1.30916
1.31912
1.32787
1.33635
1.34725
1.36246
1.381
1.39978
1.41599
1.42812
1.43537
1.43666
1.43087
1.41769
1.39861
1.37712
1.35766
1.34346
1.33593
1.33613
1.34529
1.36206
1.38122
1.39666
1.40572
1.41012
1.41353
1.41799
1.42241
1.42334
1.41715
1.4018
1.37718
1.34493
1.30841
1.27232
1.24164
1.22064
1.2125
1.21958
1.24315
1.28164
1.32882
1.37436
1.40782
1.42316
1.42035
1.40354
1.37833
1.34991
1.32212
1.29735
1.27671
1.26085
1.25062
1.24686
1.24986
1.25869
1.27061
1.28155
1.28774
1.28762
1.28269
1.27646
1.27253
1.27287
1.27718
1.28301
1.28679
1.28569
1.27908
1.26902
1.25962
1.2555
1.26
1.27386
1.29508
1.32046
1.34698
1.37183
1.39236
1.40671
1.4147
1.41779
1.41838
1.41924
1.42281
1.43015
1.44
1.44895
1.45239
1.44563
1.42548
1.39159
1.34793
1.30303
1.2679
1.25161
1.2582
1.28559
1.32614
1.36893
1.40406
1.42626
1.4355
1.43492
1.42787
1.41633
1.40116
1.38263
1.36136
1.33859
1.31652
1.29812
1.28656
1.28402
1.29038
1.30307
1.31775
1.32997
1.33692
1.33905
1.33973
1.34305
1.35102
1.36271
1.37567
1.38715
1.39497
1.39799
1.39624
1.39063
1.38219
1.37119
1.35749
1.34179
1.32622
1.31341
1.30486
1.29997
1.29692
1.29438
1.29235
1.29163
1.29299
1.2965
1.3016
1.30713
1.31135
1.31235
1.30863
1.2999
1.28683
1.27068
1.25356
1.23874
1.23054
1.23303
1.24856
1.27676
1.31428
1.35516
1.39203
1.41816
1.42983
1.42803
1.41807
1.40683
1.39965
1.39821
1.40084
1.40434
1.4057
1.40312
1.39608
1.38492
1.37048
1.35391
1.33683
1.32107
1.30752
1.29571
1.28541
1.27856
1.27908
1.29035
1.31249
1.34181
1.37227
1.39745
1.41242
1.41492
1.40603
1.38981
1.3717
1.35604
1.34407
1.33449
1.32587
1.3177
1.31006
1.30296
1.29674
1.29248
1.29163
1.29527
1.30375
1.31681
1.33318
1.35011
1.36329
1.36821
1.3621
1.34518
1.32083
1.29473
1.27292
1.25982
1.25721
1.26453
1.27976
1.3
1.322
1.34384
1.36554
1.38825
1.41188
1.43372
1.44892
1.45263
1.44244
1.41956
1.38865
1.35674
1.33097
1.31596
1.31204
1.31534
1.31983
1.32035
1.3149
1.30532
1.29607
1.29213
1.29686
1.31048
1.32994
1.3506
1.36859
1.38286
1.39531
1.40832
1.42134
1.43038
1.43091
1.42113
1.40236
1.37804
1.35209
1.32814
1.30948
1.29864
1.29661
1.30205
1.31136
1.32033
1.32617
1.32879
1.32987
1.33099
1.33217
1.33214
1.32931
1.32305
1.31429
1.30519
1.29756
1.29162
1.28637
1.28129
1.27753
1.27733
1.28254
1.29322
1.30741
1.32178
1.33293
1.33863
1.33836
1.33333
1.32624
1.32067
1.31965
1.32481
1.33622
1.35267
1.37221
1.39248
1.41151
1.428
1.44076
1.44802
1.4476
1.43818
1.42023
1.39595
1.36835
1.34064
1.31583
1.29656
1.28468
1.28046
1.28224
1.28728
1.29314
1.29851
1.30306
1.30672
1.30967
1.31255
1.31632
1.3219
1.32949
1.33828
1.34674
1.35332
1.3568
1.35645
1.35281
1.34777
1.34366
1.34189
1.3428
1.34576
1.34956
1.35267
1.35359
1.35149
1.34658
1.34057
1.33714
1.34067
1.35367
1.37438
1.39735
1.41636
1.42692
1.42752
1.41901
1.40337
1.38273
1.35853
1.33115
1.29993
1.26421
1.2255
1.18864
1.16049
1.14636
1.14676
1.15683
1.16936
1.17931
1.18643
1.19479
1.20963
1.23401
1.26732
1.30682
1.34915
1.39049
1.42629
1.45203
1.465
1.46536
1.45617
1.44204
1.42757
1.41611
1.40931
1.40682
1.40677
1.40692
1.406
1.40411
1.40173
1.39838
1.39251
1.38233
1.36642
1.34396
1.31509
1.28197
1.24942
1.22479
1.21564
1.22638
1.25579
1.29729
1.34155
1.37947
1.40442
1.41387
1.40975
1.39695
1.37991
1.36012
1.33658
1.30853
1.27739
1.24697
1.22199
1.20621
1.20119
1.20676
1.22249
1.24867
1.28539
1.33067
1.37926
1.42354
1.45571
1.47035
1.46544
1.44238
1.40511
1.35953
1.31322
1.27477
1.25156
1.24647
1.25665
1.27569
1.29757
1.31943
1.3419
1.36741
1.39757
1.43138
1.46498
1.49317
1.5115
1.51759
1.51121
1.49343
1.46566
1.42927
1.38702
1.34524
1.31281
1.29528
1.29157
1.29761
1.30986
1.32552
1.34153
1.35463
1.36164
1.35998
1.34861
1.32934
1.30783
1.29208
1.28633
1.28726
1.28829
1.28604
1.28109
1.27605
1.27395
1.27734
1.28732
1.30265
1.32001
1.33549
1.34637
1.35173
1.35221
1.34963
1.34697
1.34756
1.35292
1.36136
1.36849
1.36992
1.36357
1.35042
1.3336
1.31687
1.30337
1.29459
1.28988
1.28692
1.28287
1.27573
1.26528
1.25334
1.24329
1.23868
1.24116
1.24932
1.25978
1.26913
1.27501
1.27641
1.27349
1.26774
1.262
1.25946
1.26274
1.27358
1.29279
1.31946
1.35018
1.38051
1.40771
1.43149
1.45225
1.46927
1.48064
1.48433
1.47945
1.46673
1.4478
1.42428
1.39755
1.37
1.34573
1.32928
1.32272
1.32459
1.33123
1.33878
1.34457
1.34767
1.34854
1.34752
1.34385
1.33623
1.32422
1.30926
1.2946
1.28403
1.28014
1.28257
1.28807
1.29238
1.29284
1.28975
1.28595
1.28494
1.28931
1.30026
1.318
1.34207
1.37099
1.40214
1.43232
1.45825
1.47706
1.48608
1.48256
1.464
1.42913
1.37952
1.32026
1.25931
1.2054
1.16536
1.14247
1.13667
1.14534
1.16456
1.1896
1.21566
1.23931
1.25951
1.27713
1.2938
1.31084
1.32916
1.34947
1.37183
1.39458
1.41476
1.42954
1.43743
1.4382
1.4321
1.41967
1.40182
1.38039
1.35748
1.3344
1.31155
1.28974
1.27125
1.25943
1.257
1.26463
1.28051
1.3009
1.32127
1.33758
1.34701
1.34831
1.34136
1.32694
1.30696
1.28478
1.2646
1.24938
1.23898
1.23105
1.22431
1.22278
1.23548
1.26706
1.31068
1.35498
1.39302
1.42248
1.44267
1.45291
1.45258
1.44158
1.42047
1.39057
1.35465
1.31831
1.29033
1.28006
1.29071
1.31522
1.34169
1.36195
1.37383
1.37874
1.37899
1.37665
1.37336
1.37021
1.3677
1.36608
1.36645
1.37081
1.38116
1.39821
1.42055
1.44479
1.46649
1.48104
1.48445
1.474
1.44906
1.4114
1.36482
1.31385
1.26236
1.21327
1.16949
1.13502
1.11496
1.11412
1.13437
1.17288
1.22268
1.2751
1.32235
1.35871
1.3809
1.38776
1.38002
1.36067
1.33508
1.31035
1.29374
1.2908
1.30327
1.32816
1.35831
1.385
1.40041
1.39993
1.38404
1.35906
1.33516
1.32084
1.31823
1.32373
1.33248
1.34144
1.34949
1.35576
1.35826
1.35456
1.34369
1.32717
1.30784
1.28823
1.27065
1.25836
1.25515
1.26298
1.2801
1.30147
1.32113
1.33446
1.3396
1.33743
1.33113
1.32511
1.32327
1.32712
1.33526
1.34451
1.35148
1.35378
1.35012
1.34023
1.32501
1.30658
1.28819
1.27379
1.26745
1.27178
1.28635
1.30774
1.33116
1.35307
1.37311
1.39366
1.41704
1.44206
1.46381
1.47605
1.47421
1.45675
1.42525
1.38419
1.34047
1.3015
1.27361
1.26065
1.26314
1.27762
1.29823
1.31926
1.33729
1.35112
1.36118
1.36849
1.37388
1.37783
1.38099
1.38441
1.38924
1.39554
1.40163
1.4044
1.40066
1.388
1.36547
1.33439
1.29911
1.26649
1.24381
1.23634
1.24613
1.27103
1.30477
1.34007
1.3717
1.39745
1.41779
1.43481
1.45051
1.46487
1.47528
1.47795
1.46962
1.44858
1.41491
1.3712
1.32327
1.27964
1.24909
1.23717
1.24315
1.26027
1.27957
1.29518
1.30691
1.31869
1.33449
1.35462
1.37524
1.3913
1.39949
1.39919
1.39175
1.37988
1.36669
1.355
1.34655
1.34149
1.33841
1.33532
1.33096
1.3255
1.32001
1.31549
1.31237
1.3103
1.30815
1.30476
1.30019
1.29623
1.29509
1.29726
1.30098
1.30404
1.30578
1.30766
1.31192
1.32025
1.33378
1.3533
1.37843
1.40648
1.43256
1.45094
1.45669
1.44662
1.4194
1.37622
1.32182
1.26486
1.21658
1.18728
1.18234
1.20094
1.23805
1.28681
1.33978
1.38924
1.42804
1.45094
1.45582
1.44426
1.42108
1.39299
1.36655
1.34669
1.33612
1.33438
1.33726
1.33815
1.33192
1.31822
1.3016
1.28859
1.28359
1.28636
1.29313
1.30011
1.30617
1.31253
1.3214
1.33411
1.3496
1.36441
1.37469
1.37854
1.37704
1.37367
1.37237
1.37522
1.38116
1.38652
1.38741
1.38193
1.37106
1.35809
1.34686
1.33986
1.33698
1.3359
1.33397
1.33024
1.32607
1.32436
1.32766
1.33651
1.34854
1.35943
1.36505
1.36367
1.35615
1.3452
1.33399
1.3256
1.32237
1.32518
1.33331
1.34534
1.35958
1.37439
1.38791
1.39773
1.40067
1.39374
1.37585
1.3495
1.32209
1.30389
1.3008
1.30897
1.31963
1.32686
1.32964
1.32925
1.32646
1.32107
1.31345
1.30574
1.30116
1.30168
1.30683
1.31472
1.32383
1.33325
1.34142
1.34525
1.34106
1.32681
1.30456
1.28159
1.26817
1.27047
1.2857
1.30641
1.32736
1.34681
1.36364
1.37597
1.38218
1.3823
1.37863
1.37487
1.37446
1.37907
1.38811
1.39959
1.41179
1.4242
1.43686
1.44949
1.46111
1.4704
1.47564
1.47421
1.46281
1.43845
1.39973
1.34792
1.28749
1.22569
1.17112
1.13185
1.11362
1.11731
1.13812
1.16823
1.20014
1.22824
1.24877
1.25984
1.2618
1.25716
1.2501
1.24539
1.24702
1.25647
1.27174
1.28835
1.30239
1.31301
1.3224
1.33356
1.34764
1.36308
1.3771
1.38732
1.39237
1.39166
1.38492
1.37211
1.35329
1.32918
1.3018
1.27491
1.25392
1.2443
1.24958
1.27012
1.30305
1.34349
1.38622
1.42702
1.46264
1.48983
1.50517
1.50614
1.49251
1.46669
1.43329
1.39786
1.365
1.33687
1.31326
1.29364
1.27945
1.27444
1.28144
1.29863
1.31977
1.33781
1.34806
1.34928
1.34344
1.33436
1.32612
1.32203
1.32393
1.33187
1.34371
1.35593
1.36646
1.37756
1.39404
1.41603
1.43552
1.44229
1.43123
1.40457
1.37002
1.338
1.31821
1.31577
1.32941
1.35292
1.37842
1.39882
1.40901
1.4064
1.39104
1.36518
1.33282
1.29945
1.27108
1.25168
1.2415
1.23824
1.23894
1.24037
1.23959
1.23601
1.2331
1.23726
1.25417
1.2844
1.32159
1.35552
1.37703
1.38186
1.37184
1.35284
1.32994
1.30486
1.27831
1.25335
1.23477
1.22593
1.22709
1.23637
1.25166
1.27144
1.29451
1.3196
1.34552
1.3714
1.39715
1.4235
1.451
1.47813
1.50143
1.51749
1.52506
1.52604
1.52503
1.526
1.52793
1.52504
1.51116
1.48275
1.43981
1.38577
1.32652
1.2689
1.21931
1.18326
1.16452
1.1644
1.18185
1.21392
1.2554
1.29854
1.33473
1.35716
1.36295
1.35374
1.33476
1.31294
1.29466
1.28389
1.28141
1.28526
1.29213
1.29919
1.30551
1.3123
1.32156
1.33393
1.34718
1.35677
1.35879
1.35294
1.34301
1.33401
1.32966
1.33162
1.3404
1.35535
1.37386
1.39159
1.40415
1.40852
1.40338
1.38916
1.36834
1.34548
1.32619
1.31534
1.31556
1.32685
1.34669
1.37023
1.39118
1.40406
1.40611
1.39752
1.38046
1.35842
1.33552
1.31528
1.29961
1.2891
1.28393
1.28426
1.28984
1.2997
1.31202
1.32464
1.33564
1.34384
1.34878
1.35031
1.34863
1.34459
1.33994
1.33666
1.33571
1.33648
1.33689
1.33521
1.33208
1.33094
1.33593
1.34897
1.36816
1.38871
1.40508
1.41263
1.40878
1.39336
1.3681
1.33597
1.3007
1.26675
1.23933
1.22327
1.22101
1.2311
1.24847
1.26669
1.28079
1.28817
1.28862
1.28357
1.27567
1.26846
1.26573
1.27054
1.28441
1.30673
1.33481
1.3644
1.3908
1.41019
1.42039
1.42135
1.41506
1.40463
1.39316
1.3828
1.37417
1.3663
1.35718
1.34532
1.33211
1.32234
1.32073
1.32799
1.34203
1.36113
1.38362
1.40592
1.42257
1.42829
1.42001
1.39747
1.3627
1.31962
1.27387
1.23264
1.20351
1.19195
1.19879
1.22018
1.25012
1.28256
1.31188
1.33327
1.34377
1.34322
1.3343
1.32169
1.31094
1.30658
1.31036
1.32112
1.33651
1.3551
1.37653
1.39985
1.42237
1.44031
1.45037
1.45096
1.44238
1.42632
1.40527
1.3819
1.35847
1.33604
1.31488
1.29555
1.28022
1.27242
1.27534
1.28945
1.31099
1.33295
1.34801
1.35176
1.34411
1.32864
1.31065
1.29539
1.28677
1.28671
1.2949
1.30947
1.32746
1.34547
1.35996
1.36782
1.36719
1.3583
1.34377
1.32876
1.31989
1.32284
1.33861
1.36203
1.38436
1.39786
1.39946
1.39092
1.37624
1.35832
1.33768
1.31375
1.28681
1.25874
1.23291
1.2135
1.20442
1.20885
1.22879
1.26429
1.31147
1.36174
1.40452
1.43169
1.43976
1.42929
1.40363
1.36798
1.32914
1.2948
1.27246
1.26695
1.2788
1.30542
1.3433
1.38819
1.43407
1.47377
1.50097
1.51182
1.50512
1.48191
1.44515
1.39963
1.35132
1.30646
1.2707
1.24847
1.24244
1.25274
1.27592
1.30509
1.33193
1.34939
1.35396
1.34675
1.3333
1.32144
1.31778
1.32351
1.33345
1.34038
1.34065
1.33546
1.32944
1.32796
1.33413
1.34705
1.36295
1.37754
1.38755
1.39106
1.38673
1.37359
1.35174
1.32332
1.29231
1.26273
1.23668
1.21401
1.1939
1.17694
1.1665
1.16773
1.18414
1.21451
1.25353
1.29489
1.33353
1.36646
1.39261
1.41221
1.42599
1.43394
1.43487
1.42748
1.41197
1.39085
1.36804
1.34713
1.33048
1.31943
1.31498
1.31782
1.32786
1.34373
1.36279
1.38108
1.39349
1.39481
1.38195
1.35589
1.32216
1.28889
1.26348
1.24986
1.24804
1.25579
1.26997
1.28696
1.30309
1.31532
1.32211
1.32358
1.321
1.31576
1.30896
1.30148
1.29404
1.28736
1.28207
1.27857
1.27677
1.27648
1.2774
1.27923
1.28199
1.28642
1.29392
1.30528
1.31995
1.33655
1.35399
1.37217
1.3916
1.41215
1.43215
1.44859
1.45854
1.46029
1.4532
1.43714
1.41261
1.38137
1.34751
1.3167
1.29361
1.27945
1.27237
1.26954
1.26956
1.27318
1.28217
1.29747
1.31798
1.34112
1.36405
1.38474
1.40161
1.41287
1.41683
1.41304
1.40358
1.39237
1.38258
1.37488
1.36785
1.3599
1.35076
1.34282
1.34098
1.34974
1.3698
1.39746
1.42702
1.45323
1.47207
1.48103
1.47898
1.46531
1.43939
1.40066
1.34968
1.28938
1.22571
1.16715
1.12198
1.09517
1.08707
1.0947
1.11395
1.14082
1.17144
1.20166
1.22729
1.24511
1.2543
1.25707
1.25801
1.26247
1.27445
1.29501
1.3218
1.34969
1.37253
1.38499
1.38429
1.37126
1.35049
1.32885
1.31336
1.30906
1.31774
1.33775
1.36435
1.39096
1.41107
1.42042
1.41893
1.4113
1.4038
1.39907
1.39547
1.39059
1.38335
1.37394
1.36343
1.35345
1.34583
1.34175
1.34117
1.34251
1.34299
1.3394
1.32981
1.31435
1.29495
1.27474
1.25857
1.25249
1.26006
1.27861
1.30121
1.32247
1.3408
1.35648
1.36968
1.38042
1.38934
1.39787
1.4074
1.41808
1.42824
1.43513
1.43621
1.43065
1.4201
1.40832
1.39946
1.39535
1.39422
1.39184
1.38499
1.37409
1.36242
1.35298
1.34668
1.34322
1.34257
1.34523
1.35136
1.35937
1.36556
1.36521
1.35461
1.33239
1.30011
1.26219
1.22516
1.19613
1.18094
1.18205
1.19742
1.22104
1.24532
1.26454
1.27692
1.28469
1.29225
1.30388
1.32192
1.34557
1.37132
1.3956
1.41726
1.43732
1.45591
1.47044
1.477
1.47297
1.4584
1.43556
1.40792
1.37951
1.35485
1.33821
1.33081
1.32911
1.32773
1.3236
1.31737
1.31105
1.30553
1.3018
1.30285
1.31255
1.33255
1.36047
1.39067
1.41652
1.43255
1.43589
1.42662
1.40735
1.38201
1.35418
1.32684
1.3029
1.28538
1.27666
1.27688
1.28343
1.29186
1.29759
1.29789
1.29314
1.28715
1.28504
1.28995
1.30066
1.31222
1.31875
1.31604
1.30255
1.27981
1.25242
1.22756
1.21253
1.21094
1.22141
1.24049
1.26577
1.29619
1.33058
1.36694
1.40269
1.43528
1.46222
1.48094
1.4895
1.4873
1.47548
1.45648
1.43346
1.41005
1.3901
1.37708
1.37219
1.37357
1.37804
1.38317
1.38715
1.38746
1.38048
1.36275
1.33254
1.29096
1.24216
1.19251
1.14903
1.11793
1.10365
1.10774
1.1277
1.15754
1.19021
1.22077
1.24774
1.2726
1.29788
1.3252
1.3543
1.38332
1.40994
1.43209
1.44835
1.45797
1.46123
1.45983
1.45642
1.45344
1.45177
1.4503
1.44691
1.43964
1.42761
1.41123
1.39177
1.37086
1.35007
1.33057
1.31257
1.29504
1.27629
1.25554
1.23436
1.21655
1.20641
1.20608
1.21408
1.22628
1.23849
1.24858
1.25721
1.26684
1.2802
1.299
1.32325
1.35151
1.38102
1.40787
1.42735
1.4351
1.4286
1.40837
1.37776
1.34199
1.30683
1.27728
1.25672
1.24655
1.24644
1.25517
1.27137
1.2935
1.3195
1.34638
1.37014
1.38656
1.39234
1.38601
1.36801
1.34018
1.30519
1.26673
1.23007
1.20161
1.18658
1.18635
1.19835
1.21901
1.24595
1.27724
1.30923
1.33669
1.35526
1.36399
1.3655
1.3648
1.36681
1.37388
1.38462
1.39499
1.40108
1.40147
1.39811
1.39476
1.39465
1.39895
1.40748
1.4194
1.4332
1.44642
1.45612
1.45987
1.45618
1.44468
1.4264
1.40384
1.38029
1.35883
1.341
1.32679
1.31517
1.30581
1.30012
1.30052
1.30783
1.31942
1.33091
1.33973
1.34689
1.35566
1.36824
1.38333
1.39623
1.40157
1.39588
1.37915
1.35456
1.32708
1.30161
1.28127
1.26658
1.25611
1.24776
1.24028
1.23392
1.23073
1.23395
1.24668
1.26995
1.30147
1.33603
1.36733
1.3902
1.40186
1.40214
1.39302
1.37783
1.36008
1.34278
1.32775
1.31582
1.30691
1.30042
1.29562
1.29166
1.28733
1.28107
1.27185
1.26017
1.24826
1.23939
1.23652
1.24124
1.25329
1.27072
1.29037
1.30867
1.32263
1.3312
1.33613
1.34153
1.35209
1.3709
1.3981
1.43097
1.46474
1.49388
1.51377
1.52185
1.5178
1.50328
1.48124
1.45524
1.42837
1.40201
1.37577
1.34824
1.31793
1.28412
1.24769
1.21269
1.18648
1.1765
1.18559
1.21173
1.25124
1.3
1.35271
1.40276
1.44373
1.47143
1.48463
1.48449
1.47392
1.45767
1.44154
1.42974
1.42138
1.41073
1.39154
1.36124
1.32253
1.28195
1.2461
1.21846
1.20023
1.19287
1.19776
1.21345
1.23556
1.25916
1.28018
1.29487
1.29999
1.29429
1.2801
1.26318
1.25078
1.24868
1.25909
1.2802
1.30727
1.33441
1.35597
1.36772
1.36811
1.35902
1.34548
1.33364
1.32784
1.3283
1.33177
1.33407
1.33249
1.32667
1.3178
1.30788
1.29916
1.29445
1.29687
1.3088
1.33055
1.36075
1.39772
1.43899
1.47938
1.51113
1.52696
1.52317
1.50042
1.46248
1.41474
1.36341
1.31537
1.27771
1.25629
1.25313
1.2654
1.28705
1.31153
1.33393
1.3518
1.36484
1.37377
1.3788
1.37896
1.37267
1.35879
1.33731
1.30949
1.27831
1.24907
1.22896
1.22464
1.23872
1.26798
1.30503
1.34166
1.37158
1.39192
1.40308
1.40734
1.40702
1.40321
1.39553
1.38288
1.36456
1.34127
1.3155
1.2913
1.27385
1.26836
1.27806
1.30239
1.3369
1.37442
1.40769
1.43125
1.44236
1.44075
1.428
1.40662
1.37982
1.35121
1.32443
1.30241
1.28715
1.2802
1.28439
1.30424
1.3408
1.38619
1.42742
1.45475
1.46451
1.45708
1.43444
1.39935
1.35566
1.30896
1.26655
1.2354
1.21869
1.21427
1.21725
1.22431
1.23555
1.25284
1.27689
1.3055
1.33432
1.35894
1.37659
1.38697
1.39184
1.39443
1.398
1.40409
1.41158
1.41745
1.41855
1.41342
1.40301
1.39002
1.37762
1.36786
1.3611
1.35634
1.35252
1.3495
1.34778
1.34772
1.34924
1.35262
1.35915
1.37
1.38337
1.39338
1.39327
1.38081
1.36021
1.33776
1.31572
1.29219
1.2662
1.24115
1.22361
1.21927
1.2297
1.2519
1.28083
1.31215
1.34306
1.37171
1.39653
1.41615
1.42958
1.43577
1.43319
1.42008
1.39564
1.3612
1.32101
1.28221
1.25339
1.24249
1.25413
1.28379
1.31734
1.3406
1.34689
1.33764
1.32045
1.30512
1.29868
1.30252
1.31359
1.32716
1.33857
1.34409
1.34192
1.33262
1.31824
1.3004
1.27979
1.25787
1.2381
1.22486
1.22125
1.22797
1.24343
1.26424
1.28636
1.30689
1.32463
1.33918
1.34954
1.35327
1.34718
1.32933
1.30114
1.26796
1.23749
1.21681
1.20961
1.21539
1.2309
1.25233
1.27692
1.30344
1.3316
1.36069
1.38869
1.41261
1.42958
1.43738
1.43495
1.42324
1.40567
1.38758
1.37469
1.37102
1.37753
1.39218
1.41115
1.43021
1.44554
1.45383
1.45245
1.44003
1.41773
1.38946
1.36068
1.33577
1.31587
1.29861
1.28051
1.26029
1.2404
1.22617
1.22365
1.23651
1.26394
1.30099
1.34052
1.37544
1.39999
1.41072
1.40725
1.39249
1.3719
1.35158
1.3364
1.32874
1.32833
1.33302
1.33973
1.3456
1.34912
1.35077
1.35208
1.35371
1.35462
1.35273
1.34625
1.33434
1.31724
1.29622
1.27346
1.25137
1.23219
1.21809
1.21176
1.21598
1.23201
1.25806
1.28945
1.32007
1.34423
1.35803
1.35984
1.35044
1.33263
1.31066
1.28965
1.27427
1.26702
1.26782
1.27423
1.28305
1.29211
1.30091
1.31005
1.32016
1.33142
1.344
1.35874
1.37685
1.39844
1.42175
1.44359
1.46076
1.47121
1.4746
1.47156
1.46282
1.4491
1.43166
1.41244
1.39361
1.37693
1.36321
1.35261
1.34568
1.34374
1.3475
1.35461
1.3602
1.35974
1.35109
1.33481
1.31377
1.29192
1.27269
1.25758
1.24619
1.23762
1.23185
1.23019
1.23459
1.24661
1.26635
1.29098
1.31468
1.33106
1.33607
1.32987
1.31621
1.30037
1.28668
1.27745
1.27347
1.27463
1.27974
1.28614
1.29002
1.28782
1.27848
1.26408
1.24906
1.23777
1.23242
1.23309
1.23898
1.24863
1.26002
1.2711
1.28102
1.29044
1.30061
1.31186
1.32289
1.33149
1.33567
1.33423
1.32722
1.31638
1.30487
1.29613
1.2932
1.29822
1.31205
1.33374
1.36007
1.38592
1.40623
1.41834
1.4228
1.42256
1.42098
1.42038
1.42178
1.42508
1.42952
1.43408
1.43802
1.44116
1.44332
1.44357
1.44091
1.43528
1.42755
1.41868
1.40932
1.39971
1.38993
1.37993
1.36997
1.36065
1.35237
1.3446
1.33541
1.32235
1.30426
1.28289
1.26259
1.24784
1.24098
1.24194
1.24891
1.25864
1.26761
1.27369
1.27664
1.27711
1.27555
1.27231
1.26804
1.26402
1.26197
1.26321
1.26782
1.27418
1.27996
1.28333
1.28375
1.28198
1.27945
1.27729
1.27592
1.27564
1.27825
1.28826
1.31083
1.34668
1.3903
1.4334
1.46846
1.49002
1.49545
1.48502
1.4617
1.42998
1.39523
1.36333
1.33874
1.32235
1.31196
1.30531
1.30206
1.30328
1.30954
1.32065
1.33612
1.3554
1.37713
1.39856
1.41616
1.42664
1.42826
1.42149
1.40872
1.39325
1.37792
1.36412
1.35161
1.3391
1.32554
1.31107
1.29714
1.28545
1.27647
1.26871
1.25952
1.24707
1.23248
1.22048
1.2181
1.23102
1.26016
1.30112
1.34658
1.38933
1.42421
1.4483
1.46014
1.45888
1.44402
1.41576
1.37573
1.32772
1.27785
1.23403
1.20386
1.19195
1.19858
1.22074
1.25371
1.29249
1.33195
1.36731
1.3952
1.41447
1.42622
1.43305
1.43717
1.4382
1.43285
1.41737
1.39074
1.3557
1.31768
1.28274
1.25619
1.2418
1.24112
1.25248
1.27051
1.2882
1.30002
1.30376
1.30046
1.29345
1.28664
1.28263
1.28172
1.28277
1.285
1.28874
1.29508
1.30517
1.31972
1.33841
1.35938
1.38016
1.39886
1.41519
1.42995
1.44421
1.4585
1.47215
1.48311
1.48795
1.48297
1.46557
1.43512
1.39379
1.34668
1.30139
1.26593
1.24483
1.2369
1.23706
1.24062
1.24562
1.25221
1.26097
1.27113
1.28026
1.2855
1.28552
1.28204
1.27936
1.28182
1.29165
1.30897
1.33211
1.35763
1.3809
1.39757
1.40476
1.40112
1.38667
1.36252
1.33099
1.29583
1.26208
1.23503
1.2187
1.21424
1.21968
1.23151
1.24748
1.26792
1.29444
1.32721
1.36339
1.39846
1.42801
1.44892
1.4596
1.45955
1.44877
1.4276
1.39713
1.36078
1.32559
1.30129
1.29542
1.3076
1.32946
1.35077
1.36512
1.37126
1.37147
1.36913
1.36673
1.36554
1.36603
1.36855
1.37354
1.3814
1.3918
1.40327
1.41299
1.41763
1.41443
1.40225
1.38188
1.35616
1.32995
1.309
1.29768
1.29678
1.30278
1.30929
1.30967
1.2998
1.28
1.25561
1.23578
1.23022
1.24435
1.2763
1.31803
1.36002
1.39498
1.41904
1.43075
1.42978
1.41632
1.39147
1.35803
1.32063
1.28481
1.25524
1.23436
1.22228
1.21786
1.22004
1.22831
1.24191
1.25909
1.27664
1.29045
1.29713
1.29658
1.29318
1.29401
1.30397
1.3218
1.34084
1.35348
1.35512
1.34559
1.3292
1.31277
1.30178
1.29816
1.30081
1.30726
1.31487
1.32142
1.32538
1.32594
1.323
1.31708
1.30922
1.30094
1.29412
1.29105
1.2939
1.30375
1.31966
1.3387
1.35719
1.37273
1.3852
1.39626
1.40742
1.41852
1.42787
1.43387
1.43685
1.43923
1.44354
1.44984
1.45504
1.4545
1.44426
1.42248
1.38988
1.34951
1.3062
1.26566
1.23291
1.21071
1.19937
1.19804
1.20603
1.22259
1.24559
1.27115
1.29509
1.31478
1.32956
1.33966
1.34503
1.3451
1.33948
1.32864
1.31414
1.29839
1.28444
1.27572
1.27486
1.28258
1.29746
1.31704
1.33885
1.36129
1.3835
1.40492
1.42467
1.44102
1.45174
1.45505
1.45053
1.43936
1.4236
1.40524
1.38578
1.36644
1.34846
1.3328
1.32029
1.31205
1.30924
1.3123
1.32008
1.32952
1.33697
1.33974
1.33717
1.3304
1.3214
1.31221
1.30498
1.30173
1.30373
1.31116
1.32271
1.33536
1.34473
1.3466
1.33878
1.32181
1.29785
1.26957
1.24003
1.21347
1.19546
1.19105
1.20176
1.22485
1.25582
1.29078
1.32659
1.36052
1.3903
1.41474
1.43403
1.44919
1.46164
1.473
1.48447
1.49601
1.50562
1.50954
1.50362
1.48471
1.45191
1.40742
1.35636
1.30632
1.26583
1.24138
1.23423
1.24021
1.25273
1.26603
1.27646
1.28281
1.28581
1.28751
1.29051
1.29779
1.31208
1.33412
1.36139
1.38889
1.41128
1.42442
1.42585
1.41466
1.39167
1.35973
1.32358
1.28893
1.26085
1.24187
1.23159
1.22748
1.22668
1.22754
1.2303
1.23664
1.24875
1.26784
1.29282
1.31992
1.34393
1.36021
1.36651
1.36366
1.35532
1.34658
1.34168
1.34245
1.34777
1.35451
1.35936
1.36064
1.35954
1.35972
1.36522
1.37788
1.39598
1.41509
1.4304
1.43859
1.438
1.42795
1.40792
1.37777
1.33867
1.29369
1.24746
1.2055
1.17318
1.15445
1.15076
1.16076
1.18118
1.20759
1.23537
1.26091
1.28216
1.29883
1.3115
1.32099
1.32768
1.33167
1.333
1.33221
1.33088
1.33146
1.33607
1.34468
1.35443
1.36133
1.36221
1.35574
1.34266
1.32569
1.30921
1.29801
1.29539
1.30204
1.31624
1.33513
1.35601
1.37687
1.39635
1.41344
1.42652
1.43303
1.42979
1.41475
1.38954
1.36016
1.33442
1.31783
1.31201
1.31614
1.32801
1.34356
1.35728
1.36395
1.3609
1.34867
1.32936
1.30533
1.27909
1.25458
1.23749
1.23328
1.24386
1.26668
1.29694
1.33016
1.36304
1.39301
1.41795
1.43605
1.44611
1.44808
1.44305
1.43288
1.4195
1.40417
1.38766
1.3707
1.35432
1.33984
1.32835
1.31993
1.31361
1.30795
1.30188
1.29504
1.2877
1.2808
1.27607
1.2756
1.28155
1.29528
1.31668
1.34375
1.37293
1.40036
1.42307
1.43918
1.44736
1.44634
1.4351
1.41363
1.38349
1.34805
1.3122
1.28135
1.2599
1.25025
1.25188
1.26136
1.27356
1.28383
1.28946
1.28958
1.28476
1.27658
1.2675
1.26029
1.25729
1.25967
1.26695
1.27695
1.28617
1.29074
1.28762
1.2753
1.2542
1.22699
1.1986
1.1754
1.16375
1.16788
1.18809
1.22029
1.25807
1.29565
1.32921
1.35633
1.37538
1.38588
1.38899
1.38675
1.38098
1.37289
1.36363
1.35491
1.34899
1.34835
1.35509
1.37002
1.39082
1.41158
1.42545
1.42827
1.41985
1.4027
1.38061
1.35798
1.33905
1.32697
1.32292
1.32662
1.33793
1.35705
1.38313
1.41317
1.44273
1.46749
1.48425
1.4913
1.48828
1.47604
1.45619
1.43086
1.40219
1.37205
1.34171
1.31195
1.28373
1.25876
1.23944
1.22726
1.22188
1.22175
1.22545
1.23237
1.24263
1.2562
1.2718
1.28694
1.299
1.30673
1.31085
1.31344
1.31647
1.32077
1.32612
1.33227
1.33996
1.35069
1.36503
1.38082
1.39324
1.39728
1.39066
1.37464
1.35278
1.32882
1.30522
1.28395
1.26738
1.25859
1.25997
1.27171
1.29154
1.31567
1.34009
1.36169
1.37883
1.39124
1.39973
1.40571
1.41008
1.41218
1.41003
1.40179
1.38694
1.36652
1.34334
1.32174
1.30592
1.29814
1.29835
1.30516
1.31691
1.33188
1.34848
1.36536
1.38128
1.39531
1.40689
1.41573
1.42063
1.41836
1.40417
1.37451
1.32994
1.27678
1.22602
1.18936
1.17408
1.18133
1.20851
1.25198
1.30693
1.36628
1.4216
1.46558
1.49394
1.50585
1.503
1.48835
1.46515
1.43646
1.40564
1.37679
1.35367
1.33763
1.3269
1.31978
1.31788
1.32471
1.34016
1.35793
1.37001
1.37205
1.36399
1.34789
1.326
1.29994
1.27037
1.23837
1.20694
1.18199
1.17097
1.17955
1.20905
1.25569
1.31176
1.36821
1.41744
1.45482
1.47858
1.48905
1.48777
1.47678
1.45795
1.43246
1.40092
1.36437
1.32538
1.28843
1.2586
1.23987
1.23431
1.24169
1.25984
1.28523
1.31379
1.34143
1.3641
1.37804
1.38047
1.37045
1.34946
1.32158
1.29304
1.27045
1.25879
1.26003
1.27319
1.29554
1.32408
1.35563
1.38617
1.41069
1.42433
1.42401
1.40946
1.38335
1.35063
1.31786
1.29168
1.27653
1.27306
1.27846
1.28856
1.29999
1.31107
1.32228
1.33582
1.35381
1.37545
1.39603
1.40937
1.41133
1.40155
1.38241
1.35734
1.3302
1.30539
1.28724
1.27818
1.27748
1.28163
1.28709
1.29263
1.29958
1.30961
1.32213
1.33404
1.34265
1.34852
1.3532
1.35497
1.3505
1.33984
1.32678
1.31558
1.30839
1.30449
1.30117
1.29541
1.28556
1.27231
1.25864
1.24827
1.24357
1.24446
1.2495
1.25824
1.27189
1.29222
1.32011
1.35508
1.3953
1.4374
1.47601
1.50428
1.51612
1.50833
1.48216
1.44335
1.40036
1.36175
1.33352
1.31799
1.31456
1.32128
1.33582
1.35581
1.37886
1.40185
1.42132
1.43478
1.44157
1.44191
1.43564
1.42228
1.40223
1.37769
1.35244
1.33033
1.31344
1.30013
1.28564
1.26659
1.24512
1.22822
1.2224
1.22917
1.24546
1.26647
1.28768
1.30565
1.31801
1.32313
1.32033
1.31066
1.29778
1.2872
1.28373
1.28924
1.30205
1.31811
1.33299
1.34346
1.34801
1.34633
1.33893
1.32691
1.31211
1.29775
1.28854
1.28933
1.30261
1.32648
1.35537
1.38302
1.40551
1.42235
1.43535
1.44619
1.45457
1.45815
1.45401
1.44028
1.41718
1.38676
1.35239
1.31837
1.28952
1.2708
1.26618
1.27698
1.30115
1.33369
1.3685
1.40048
1.42629
1.44383
1.45132
1.44698
1.43026
1.40304
1.36977
1.3364
1.30875
1.2905
1.28205
1.2808
1.2827
1.28399
1.28235
1.27712
1.26851
1.25667
1.24157
1.22421
1.20849
1.20115
1.20722
1.22417
1.24265
1.25359
1.2536
1.24571
1.23764
1.23918
1.2586
1.2985
1.3538
1.41439
1.46967
1.51165
1.53583
1.54093
1.52815
1.50048
1.46231
1.41956
1.37941
1.34876
1.3321
1.33071
1.3428
1.36419
1.3891
1.41156
1.42667
1.43136
1.42458
1.4072
1.38208
1.35373
1.3273
1.30719
1.29632
1.29571
1.30431
1.31947
1.33807
1.35749
1.37607
1.3929
1.40724
1.41786
1.42288
1.42042
1.40996
1.39336
1.3748
1.35894
1.34887
1.3451
1.34563
1.34612
1.34205
1.33163
1.31706
1.30365
1.29729
1.30121
1.31396
1.32998
1.34217
1.34463
1.33451
1.31257
1.28301
1.25222
1.22679
1.21138
1.20699
1.2108
1.218
1.22402
1.22592
1.22326
1.21802
1.21422
1.21621
1.227
1.24737
1.27615
1.31092
1.34859
1.38595
1.42018
1.44886
1.47
1.48236
1.48575
1.48134
1.47132
1.45792
1.44281
1.42746
1.41402
1.40553
1.40458
1.41202
1.42681
1.44559
1.46238
1.46976
1.46142
1.43447
1.39105
1.33853
1.28863
1.25393
1.24132
1.24865
1.2684
1.29281
1.31611
1.33505
1.34872
1.3577
1.36291
1.36486
1.36367
1.35939
1.35236
1.34314
1.33239
1.32048
1.30795
1.29611
1.28754
1.28534
1.29139
1.30491
1.32215
1.33766
1.34654
1.34668
1.34005
1.33175
1.3269
1.32699
1.32965
1.33116
1.32878
1.32159
1.31045
1.29747
1.28536
1.27686
1.27413
1.27745
1.28421
1.29041
1.29437
1.29862
1.30773
1.32436
1.34704
1.37145
1.39287
1.40819
1.41608
1.41663
1.41108
1.40173
1.39126
1.38146
1.37248
1.3637
1.35493
1.34676
1.33989
1.33431
1.32946
1.32452
1.31893
1.31257
1.30585
1.29996
1.29671
1.29812
1.30583
1.32069
1.34162
1.36495
1.38563
1.39949
1.40481
1.402
1.39229
1.37668
1.35615
1.33272
1.31031
1.2946
1.29121
1.30269
1.3266
1.35631
1.38375
1.40233
1.40861
1.40249
1.38621
1.36286
1.33535
1.30636
1.27876
1.2564
1.2436
1.24341
1.2559
1.27819
1.30639
1.33678
1.36483
1.3848
1.39203
1.38565
1.36911
1.34838
1.3292
1.31546
1.30901
1.30982
1.31681
1.32856
1.34357
1.35964
1.37379
1.38277
1.38427
1.37751
1.36346
1.34472
1.3249
1.30767
1.29534
1.28817
1.28474
1.28336
1.28305
1.28412
1.2884
1.29819
1.31431
1.33463
1.35497
1.37113
1.38044
1.38201
1.37629
1.36472
1.34965
1.33467
1.32465
1.32446
1.33666
1.35954
1.38691
1.41081
1.42468
1.42562
1.41486
1.39651
1.37482
1.35242
1.33034
1.30946
1.29217
1.28262
1.28504
1.3001
1.32294
1.34571
1.36252
1.37199
1.37605
1.37731
1.37701
1.37506
1.37065
1.36297
1.35141
1.33569
1.31645
1.29586
1.2783
1.27012
1.27664
1.29765
1.32687
1.35589
1.37799
1.38946
1.38987
1.38176
1.3697
1.35873
1.35231
1.35059
1.3508
1.35015
1.34809
1.34717
1.35147
1.36263
1.37645
1.38437
1.37901
1.3587
1.32911
1.30144
1.28651
1.28854
1.30416
1.32636
1.34828
1.36426
1.3702
1.36419
1.34691
1.3217
1.29323
1.26602
1.24393
1.23126
1.23366
1.25612
1.29815
1.35135
1.4038
1.44628
1.47444
1.48739
1.48631
1.47342
1.4513
1.42265
1.39067
1.35869
1.3284
1.29908
1.26921
1.23917
1.21215
1.19312
1.18662
1.19406
1.2125
1.2362
1.25989
1.281
1.29989
1.31834
1.33824
1.36056
1.38472
1.40806
1.42629
1.43502
1.43154
1.41573
1.39016
1.35922
1.32819
1.30252
1.28736
1.28674
1.30245
1.33333
1.37542
1.4224
1.46664
1.50083
1.51942
1.51979
1.50281
1.4728
1.43606
1.39842
1.36347
1.33242
1.30565
1.28426
1.27004
1.26433
1.26657
1.2743
1.28476
1.29618
1.30825
1.32107
1.33447
1.34775
1.35964
1.36844
1.37273
1.37195
1.36632
1.35621
1.34171
1.32282
1.29994
1.27415
1.24736
1.22283
1.20487
1.19792
1.20501
1.22621
1.25758
1.29226
1.32297
1.34449
1.35488
1.3557
1.351
1.34531
1.34136
1.33906
1.33674
1.33348
1.33022
1.32902
1.33154
1.3381
1.34752
1.35771
1.36652
1.37232
1.37399
1.37048
1.36142
1.34831
1.33477
1.32516
1.32243
1.32699
1.33688
1.34898
1.36035
1.36982
1.37813
1.38631
1.39366
1.39808
1.39763
1.39128
1.37888
1.36082
1.33879
1.3166
1.29934
1.29029
1.28844
1.28937
1.28847
1.2835
1.27556
1.26794
1.26345
1.26214
1.26135
1.25779
1.24939
1.23607
1.21954
1.20334
1.19231
1.1913
1.2031
1.22683
1.25791
1.2899
1.3171
1.33657
1.3483
1.35434
1.35729
1.35963
1.36334
1.3694
1.37726
1.38482
1.38981
1.39121
1.3894
1.38507
1.37787
1.36631
1.34966
1.33055
1.31507
1.30883
1.31291
1.32458
1.3421
1.3671
1.40044
1.4361
1.46299
1.47223
1.46021
1.4278
1.37915
1.32194
1.26726
1.22768
1.21134
1.217
1.23578
1.25784
1.27717
1.2925
1.30507
1.31597
1.32488
1.33061
1.33243
1.33101
1.32793
1.32502
1.32382
1.3254
1.32981
1.33573
1.34072
1.34258
1.34089
1.33751
1.33579
1.339
1.34877
1.36448
1.38366
1.40301
1.41933
1.43012
1.43396
1.43083
1.42196
1.40912
1.39353
1.37518
1.35362
1.32902
1.30295
1.27847
1.25986
1.25091
1.25256
1.2613
1.27069
1.27527
1.2739
1.27022
1.26969
1.27531
1.28613
1.29977
1.315
1.33192
1.35062
1.37025
1.38883
1.40371
1.41238
1.41284
1.40384
1.38556
1.36033
1.33242
1.30709
1.28881
1.27988
1.28015
1.28783
1.30082
1.31722
1.3351
1.35213
1.36582
1.3742
1.37702
1.37593
1.37309
1.36907
1.36257
1.3526
1.34064
1.33088
1.32814
1.33406
1.34463
1.35258
1.35222
1.34262
1.32728
1.31201
1.30219
1.30067
1.3075
1.3208
1.33814
1.35737
1.37683
1.39516
1.41121
1.42363
1.43086
1.43142
1.4241
1.40818
1.3837
1.35185
1.31568
1.27965
1.24823
1.22459
1.21058
1.20766
1.21676
1.23676
1.26363
1.2917
1.31578
1.33202
1.33842
1.33461
1.32133
1.29927
1.26976
1.23788
1.21385
1.20889
1.22787
1.26612
1.31327
1.35885
1.39564
1.42042
1.43331
1.43665
1.43375
1.42785
1.4214
1.41612
1.41345
1.4146
1.42036
1.43056
1.44348
1.45594
1.46395
1.46388
1.45378
1.43369
1.40595
1.37497
1.34604
1.323
1.30694
1.29727
1.29352
1.2956
1.30234
1.31099
1.31807
1.32104
1.31848
1.30947
1.29369
1.27235
1.24931
1.23069
1.22342
1.23285
1.26012
1.3006
1.34456
1.38095
1.40149
1.40319
1.38893
1.36587
1.34268
1.32617
1.31938
1.32144
1.32905
1.33832
1.34595
1.35019
1.35121
1.35046
1.34928
1.34793
1.34537
1.34045
1.33353
1.32714
1.32434
1.32567
1.32806
1.32748
1.32245
1.31489
1.30848
1.30645
1.3102
1.31885
1.3295
1.33824
1.34136
1.33646
1.32309
1.30276
1.27849
1.25478
1.23696
1.22988
1.23591
1.25363
1.27815
1.30308
1.32331
1.33661
1.34375
1.34711
1.34927
1.35266
1.35948
1.37077
1.3856
1.40142
1.41506
1.42335
1.42418
1.41726
1.40448
1.38932
1.37563
1.36657
1.36388
1.36742
1.375
1.38279
1.38612
1.38052
1.36333
1.33549
1.30268
1.27448
1.25952
1.26028
1.27298
1.29194
1.3131
1.33426
1.35318
1.36591
1.36786
1.35626
1.33232
1.30175
1.27354
1.25649
1.25575
1.2712
1.29868
1.33243
1.36676
1.39666
1.41792
1.42727
1.42274
1.40429
1.37426
1.33713
1.29845
1.26377
1.23754
1.22206
1.21669
1.21801
1.22252
1.22994
1.24334
1.26423
1.28903
1.31221
1.3307
1.34419
1.35303
1.35679
1.35448
1.34562
1.33125
1.31401
1.2973
1.28416
1.27671
1.27635
1.28326
1.29616
1.31262
1.32955
1.344
1.35379
1.3582
1.35854
1.35841
1.3631
1.37739
1.40253
1.43491
1.46724
1.49146
1.50152
1.49569
1.47876
1.46109
1.45118
1.44858
1.44715
1.44293
1.43608
1.42865
1.42197
1.41487
1.40357
1.38341
1.35155
1.30928
1.26315
1.22333
1.19864
1.19127
1.19584
1.20371
1.20795
1.20563
1.19764
1.1873
1.17895
1.17614
1.18052
1.19162
1.20761
1.22649
1.24703
1.26873
1.2911
1.31299
1.33274
1.34878
1.36045
1.36827
1.37324
1.37595
1.37576
1.371
1.36034
1.3437
1.32248
1.29915
1.27685
1.25904
1.24851
1.24624
1.2511
1.26087
1.27355
1.28804
1.3039
1.32087
1.33895
1.35887
1.38177
1.40821
1.43658
1.46262
1.4811
1.48825
1.48336
1.46911
1.45043
1.4331
1.42245
1.4217
1.43044
1.4444
1.45733
1.46382
1.46109
1.44914
1.42905
1.40145
1.36654
1.32576
1.28331
1.24539
1.21712
1.20047
1.19497
1.19888
1.20891
1.22072
1.23088
1.23833
1.24423
1.25097
1.26089
1.27561
1.29593
1.32177
1.35179
1.38294
1.41053
1.42931
1.43545
1.4286
1.4126
1.39425
1.38032
1.37434
1.3754
1.37942
1.38143
1.37807
1.36917
1.35765
1.348
1.34429
1.34905
1.36227
1.38095
1.39973
1.4131
1.4178
1.41386
1.40447
1.39394
1.38492
1.37737
1.3699
1.36135
1.35128
1.33991
1.32806
1.31734
1.31021
1.30892
1.31407
1.32339
1.33198
1.33472
1.32866
1.3138
1.29202
1.2658
1.23811
1.21321
1.19641
1.19134
1.19766
1.21168
1.22959
1.25012
1.27433
1.30348
1.33687
1.37158
1.40431
1.43309
1.45766
1.47843
1.4953
1.50709
1.51197
1.50831
1.49505
1.47199
1.43987
1.40112
1.36074
1.32597
1.30351
1.29578
1.29997
1.3102
1.32027
1.32592
1.32652
1.32535
1.3277
1.33763
1.35557
1.37796
1.39926
1.41444
1.42067
1.41717
1.40444
1.38428
1.35998
1.33583
1.31564
1.30111
1.29137
1.28437
1.27878
1.27513
1.27502
1.27931
1.28673
1.29411
1.29776
1.29531
1.28711
1.27619
1.26741
1.26583
1.27491
1.29477
1.32158
1.34899
1.37097
1.38415
1.38862
1.38674
1.38168
1.37611
1.37149
1.36815
1.36548
1.36264
1.35853
1.35185
1.34193
1.32933
1.31585
1.30322
1.29212
1.28218
1.27263
1.26373
1.25811
1.26057
1.27462
1.29864
1.32675
1.35248
1.3713
1.38072
1.37982
1.36903
1.35066
1.32907
1.30997
1.29847
1.2973
1.3067
1.32518
1.3504
1.37933
1.40808
1.43185
1.44563
1.4456
1.43105
1.40539
1.37543
1.34825
1.32752
1.31232
1.2989
1.28325
1.26335
1.24038
1.21854
1.20295
1.19689
1.20048
1.21182
1.22892
1.25058
1.2757
1.30241
1.32778
1.34838
1.36092
1.36302
1.35375
1.33411
1.30756
1.27954
1.25606
1.24215
1.24047
1.25136
1.27294
1.3013
1.33106
1.35703
1.37552
1.38493
1.38583
1.38111
1.37488
1.37012
1.36705
1.36463
1.36333
1.36491
1.36938
1.37314
1.3707
1.35809
1.33502
1.30527
1.27592
1.25554
1.2512
1.26513
1.29318
1.32649
1.35563
1.37445
1.38185
1.38086
1.37633
1.37202
1.369
1.36576
1.36007
1.35131
1.34173
1.33521
1.33449
1.33896
1.34532
1.34957
1.34897
1.34342
1.33567
1.33045
1.3325
1.3446
1.36684
1.39683
1.43003
1.45983
1.47811
1.47791
1.4575
1.42273
1.38451
1.35214
1.32911
1.31458
1.30656
1.30426
1.308
1.31683
1.32699
1.33362
1.33341
1.32555
1.31125
1.29363
1.2778
1.2699
1.27474
1.29264
1.31872
1.34491
1.36365
1.37071
1.36586
1.35205
1.33372
1.31552
1.30182
1.29626
1.30101
1.31577
1.3363
1.35539
1.36635
1.36655
1.35828
1.34675
1.33739
1.3342
1.33919
1.35234
1.37134
1.3918
1.40824
1.41596
1.41281
1.39982
1.38041
1.35897
1.33919
1.32331
1.31242
1.30691
1.30688
1.31202
1.32144
1.33339
1.34562
1.35617
1.36422
1.37006
1.3744
1.37808
1.3817
1.38556
1.38917
1.39084
1.3884
1.3811
1.37101
1.36157
1.35476
1.34975
1.34381
1.33366
1.31695
1.29387
1.26799
1.2455
1.23294
1.23453
1.25083
1.27838
1.3103
1.33857
1.35751
1.36532
1.36334
1.35457
1.34264
1.33129
1.32387
1.32215
1.32501
1.32923
1.33213
1.33302
1.33298
1.33393
1.33766
1.3451
1.35579
1.36751
1.37676
1.37951
1.37225
1.3531
1.32271
1.28509
1.2481
1.2216
1.21363
1.2266
1.25638
1.29439
1.33144
1.36077
1.37938
1.38755
1.38733
1.38133
1.37221
1.36249
1.35423
1.34841
1.34479
1.34242
1.34061
1.33956
1.34036
1.34445
1.35283
1.36538
1.38033
1.39446
1.40339
1.40303
1.39105
1.36824
1.33878
1.30917
1.28639
1.27566
1.27871
1.29313
1.3137
1.33439
1.35031
1.35891
1.35955
1.35238
1.33733
1.3146
1.28605
1.25578
1.22832
1.20607
1.18903
1.17659
1.16896
1.16722
1.17337
1.18956
1.21688
1.25435
1.29923
1.34752
1.3941
1.43318
1.45955
1.46988
1.46376
1.44378
1.41506
1.38389
1.35601
1.33511
1.32242
1.3171
1.31731
1.32077
1.32519
1.32895
1.33187
1.33501
1.33967
1.34609
1.35267
1.35674
1.35621
1.35073
1.34146
1.32951
1.31479
1.29591
1.27129
1.24067
1.20637
1.17305
1.14616
1.12986
1.12597
1.13429
1.15377
1.18327
1.22104
1.26379
1.3059
1.34036
1.36106
1.36505
1.35348
1.33147
1.30689
1.28808
1.28107
1.28763
1.3058
1.3319
1.36242
1.39433
1.42481
1.45084
1.46993
1.48088
1.4844
1.48247
1.47698
1.46859
1.45656
1.4394
1.41631
1.38799
1.35693
1.32664
1.30042
1.28078
1.26936
1.26675
1.27185
1.28169
1.2924
1.301
1.30635
1.30899
1.31009
1.31044
1.3103
1.30979
1.30906
1.30839
1.30805
1.308
1.30817
1.30854
1.30904
1.30913
1.30775
1.30375
1.29677
1.28756
1.27809
1.27039
1.26512
1.26134
1.25849
1.25789
1.26193
1.27173
1.28578
1.30052
1.31222
1.31897
1.32142
1.32215
1.32387
1.32759
1.33221
1.33556
1.33628
1.33442
1.33083
1.32681
1.32423
1.32547
1.33254
1.34587
1.36403
1.38433
1.40407
1.42146
1.4357
1.44635
1.45287
1.45504
1.45435
1.4539
1.45651
1.46217
1.4672
1.46645
1.45661
1.43849
1.41681
1.39777
1.3855
1.37936
1.37462
1.36587
1.34988
1.32636
1.29758
1.26833
1.24511
1.23409
1.23793
1.25401
1.27583
1.29688
1.31368
1.32647
1.33712
1.34617
1.35194
1.35181
1.34446
1.33162
1.31751
1.30578
1.29731
1.29078
1.28535
1.28235
1.28466
1.29416
1.30997
1.32946
1.35106
1.37511
1.40176
1.42804
1.44806
1.456
1.44849
1.42513
1.38842
1.34352
1.29689
1.25493
1.22364
1.20651
1.20197
1.20524
1.21189
1.21854
1.22207
1.22056
1.21555
1.21355
1.22425
1.25493
1.30527
1.36718
1.42951
1.48264
1.5204
1.53994
1.54085
1.52452
1.49354
1.45164
1.40349
1.3542
1.30834
1.26942
1.24013
1.22396
1.22568
1.24806
1.28647
1.32906
1.36361
1.38369
1.38981
1.38726
1.3823
1.379
1.37802
1.37736
1.37404
1.36534
1.34986
1.32833
1.30331
1.278
1.25536
1.23831
1.2299
1.2326
1.24682
1.26984
1.2966
1.32183
1.34231
1.35741
1.36835
1.37687
1.38458
1.39206
1.39836
1.4012
1.3986
1.39042
1.3786
1.36645
1.35738
1.35346
1.35431
1.35787
1.36265
1.36899
1.37787
1.38869
1.39908
1.40629
1.40819
1.40313
1.38976
1.36795
1.34007
1.31107
1.28653
1.26981
1.26105
1.25801
1.25766
1.25739
1.25566
1.25224
1.24758
1.24284
1.24098
1.2479
1.26925
1.30455
1.34619
1.38398
1.40992
1.42002
1.41432
1.39586
1.36966
1.3416
1.31741
1.30181
1.29857
1.30985
1.33395
1.36434
1.39262
1.41294
1.42357
1.42579
1.42233
1.41626
1.40998
1.40377
1.39588
1.38357
1.36546
1.34274
1.3187
1.29675
1.27887
1.26553
1.25676
1.25289
1.2543
1.26081
1.27112
1.28301
1.294
1.30235
1.30732
1.309
1.308
1.30549
1.30345
1.30475
1.31182
1.32535
1.34431
1.3666
1.38882
1.40653
1.41632
1.41794
1.41424
1.40893
1.40449
1.40141
1.39892
1.39622
1.39252
1.38664
1.37649
1.35992
1.33638
1.30806
1.2797
1.25707
1.24487
1.24528
1.25723
1.27717
1.30026
1.32156
1.33673
1.34239
1.33657
1.31959
1.29485
1.2687
1.24875
1.24108
1.2478
1.26668
1.29301
1.32164
1.34754
1.36643
1.37652
1.37964
1.38
1.38185
1.38802
1.40017
1.41927
1.44489
1.4739
1.50044
1.51772
1.52033
1.50542
1.47306
1.42597
1.36904
1.30874
1.25238
1.20701
1.17802
1.16798
1.1762
1.19933
1.2322
1.26874
1.30357
1.33306
1.35562
1.37084
1.37877
1.37978
1.37505
1.36671
1.35691
1.34689
1.33683
1.32695
1.31848
1.31355
1.31352
1.3173
1.32188
1.32483
1.32673
1.33135
1.34225
1.35896
1.37766
1.39484
1.40825
1.41568
1.41491
1.40498
1.38739
1.36616
1.34612
1.33081
1.32071
1.31378
1.30765
1.30131
1.29473
1.28782
1.28058
1.27453
1.27325
1.28033
1.2966
1.31896
1.34189
1.36018
1.37093
1.37418
1.37242
1.36944
1.36892
1.37358
1.3846
1.40149
1.42204
1.44283
1.45974
1.46831
1.46473
1.44708
1.41699
1.37957
1.34137
1.30763
1.28232
1.26849
1.26464
1.2622
1.25271
1.23652
1.2227
1.22203
1.24008
1.27535
1.32151
1.37045
1.41447
1.44728
1.46408
1.46159
1.43854
1.3972
1.34549
1.29671
1.26326
1.2486
1.24858
1.25888
1.27859
1.30837
1.34653
1.38717
1.42179
1.44272
1.4457
1.43132
1.40426
1.37014
1.33272
1.29429
1.25828
1.23018
1.21567
1.21794
1.23551
1.26205
1.28912
1.31066
1.32588
1.33851
1.35345
1.37344
1.39773
1.42321
1.44581
1.46138
1.46632
1.45884
1.43981
1.41282
1.38332
1.35666
1.33619
1.32211
1.31229
1.30398
1.29533
1.28633
1.27867
1.2748
1.27665
1.28445
1.29655
1.3099
1.32131
1.32822
1.32946
1.32575
1.31921
1.31232
1.30718
1.30572
1.31066
1.32472
1.34741
1.37302
1.3945
1.40835
1.41555
1.4192
1.422
1.42447
1.42481
1.4201
1.40814
1.38919
1.36638
1.34486
1.32992
1.32491
1.33055
1.34493
1.36424
1.38315
1.39554
1.39576
1.38028
1.34974
1.31033
1.27226
1.24465
1.23104
1.22988
1.2377
1.25115
1.26725
1.28354
1.29835
1.31155
1.32513
1.3421
1.3641
1.38942
1.41325
1.43025
1.43637
1.42961
1.41005
1.38005
1.34435
1.30906
1.27986
1.26008
1.25011
1.24844
1.2538
1.26714
1.29067
1.3233
1.35794
1.38553
1.40082
1.40382
1.398
1.38807
1.37837
1.37204
1.37053
1.37339
1.37802
1.38018
1.37565
1.36225
1.34052
1.3135
1.28707
1.27001
1.27077
1.29149
1.32598
1.3641
1.39798
1.42462
1.44463
1.45909
1.46778
1.46972
1.46526
1.45729
1.4505
1.44883
1.45252
1.45789
1.45952
1.45317
1.43738
1.41374
1.38588
1.35813
1.33357
1.31293
1.29415
1.27377
1.25006
1.22674
1.21317
1.21843
1.24256
1.27524
1.30327
1.31835
1.32037
1.31589
1.313
1.31562
1.32314
1.33444
1.34988
1.36893
1.38772
1.40007
1.40141
1.39194
1.3764
1.3611
1.35085
1.34715
1.34856
1.35217
1.35483
1.35413
1.34949
1.34287
1.33794
1.33807
1.34484
1.35791
1.37518
1.39294
1.40718
1.41477
1.41404
1.40463
1.3877
1.36641
1.34528
1.32853
1.31831
1.31441
1.31539
1.31985
1.32696
1.33577
1.34434
1.34968
1.34897
1.34133
1.32889
1.31598
1.30708
1.30432
1.30625
1.30916
1.30952
1.30647
1.30193
1.29887
1.29859
1.29989
1.30092
1.3015
1.30343
1.30899
1.31889
1.33198
1.34614
1.35938
1.37056
1.37927
1.38512
1.38713
1.38367
1.37328
1.35514
1.32925
1.29724
1.26349
1.2353
1.22003
1.22106
1.2358
1.25717
1.27676
1.28764
1.28654
1.27435
1.25486
1.23273
1.2119
1.19536
1.18542
1.18378
1.19137
1.208
1.23237
1.26242
1.29567
1.32897
1.35861
1.38162
1.39657
1.4039
1.40584
1.40592
1.4077
1.4132
1.42196
1.43161
1.43912
1.44194
1.43839
1.42809
1.4125
1.3948
1.37885
1.36751
1.36143
1.35907
1.35789
1.35528
1.34905
1.33751
1.32018
1.29884
1.27795
1.26369
1.26129
1.27214
1.29233
1.31433
1.33035
1.3359
1.33156
1.32301
1.31905
1.32685
1.34679
1.37194
1.39305
1.40362
1.40171
1.38895
1.36894
1.34562
1.32212
1.30039
1.28118
1.26482
1.25171
1.24277
1.23986
1.24516
1.25891
1.27801
1.29735
1.31267
1.32185
1.32447
1.32103
1.31271
1.30098
1.28732
1.27285
1.25834
1.24446
1.23244
1.22439
1.22312
1.23095
1.248
1.27136
1.2961
1.31714
1.33101
1.33648
1.33497
1.33047
1.32831
1.33296
1.34571
1.36383
1.38243
1.3972
1.40611
1.40911
1.4071
1.40095
1.39131
1.37897
1.3651
1.35145
1.34002
1.33228
1.32872
1.32914
1.33302
1.33936
1.34639
1.35206
1.35494
1.35464
1.35152
1.34585
1.33775
1.32778
1.31796
1.31161
1.31213
1.32128
1.33731
1.35512
1.36861
1.37352
1.36859
1.35529
1.3369
1.31737
1.30027
1.28752
1.27855
1.27096
1.26211
1.2504
1.23541
1.21762
1.19886
1.1834
1.17758
1.18691
1.21211
1.24818
1.28749
1.32408
1.35543
1.38121
1.40098
1.41385
1.41969
1.42032
1.4185
1.41625
1.41457
1.41385
1.41444
1.41629
1.41834
1.41851
1.41452
1.405
1.3903
1.37271
1.3562
1.34511
1.34205
1.34642
1.35466
1.36185
1.3635
1.35692
1.34202
1.32146
1.30013
1.28362
1.27578
1.27671
1.28306
1.29054
1.29606
1.29855
1.29838
1.29637
1.29293
1.28814
1.28187
1.27451
1.26736
1.26261
1.2625
1.26823
1.27947
1.29473
1.31188
1.32855
1.34229
1.35083
1.35251
1.347
1.33535
1.32026
1.30621
1.29846
1.30066
1.312
1.32712
1.3394
1.34471
1.3428
1.33664
1.33046
1.32819
1.3329
1.34658
1.36889
1.39563
1.42012
1.43687
1.44362
