-5.81605
-5.79219
-5.79022
-5.81755
-5.86794
-5.9308
-5.99343
-6.0435
-6.07541
-6.08594
-6.07423
-6.04266
-5.99749
-5.94457
-5.89668
-5.86579
-5.85359
-5.858
-5.88479
-5.92242
-5.96097
-6.00221
-6.03464
-6.06131
-6.08039
-6.09102
-6.09425
-6.0891
-6.07362
-6.05179
-6.02877
-6.00251
-5.97702
-5.95599
-5.94419
-5.94647
-5.9602
-5.98496
-6.01374
-6.03959
-6.05171
-6.05262
-6.03978
-6.01519
-5.98588
-5.95267
-5.91982
-5.88844
-5.86039
-5.83872
-5.83132
-5.83944
-5.86793
-5.91232
-5.96244
-6.00493
-6.03307
-6.0412
-6.03408
-6.01602
-5.98928
-5.9672
-5.95751
-5.96467
-5.98286
-5.99941
-6.00364
-5.99281
-5.96743
-5.94018
-5.9218
-5.91236
-5.91092
-5.9119
-5.91705
-5.92694
-5.94487
-5.96484
-5.98763
-6.0135
-6.0429
-6.07001
-6.08863
-6.09179
-6.07844
-6.04881
-6.01043
-5.97193
-5.93014
-5.8935
-5.86549
-5.84499
-5.84394
-5.8627
-5.89097
-5.92697
-5.95717
-5.98863
-6.01366
-6.03121
-6.03914
-6.03991
-6.03169
-6.01561
-5.98734
-5.95387
-5.91991
-5.8867
-5.86058
-5.85084
-5.85804
-5.88623
-5.92869
-5.98237
-6.04488
-6.10356
-6.15482
-6.18666
-6.19512
-6.1759
-6.13734
-6.08105
-6.01009
-5.92706
-5.84083
-5.75853
-5.6887
-5.6416
-5.62202
-5.62958
-5.65476
-5.69158
-5.73575
-5.78306
-5.83346
-5.88515
-5.93988
-5.99515
-6.04727
-6.09567
-6.13538
-6.16574
-6.18138
-6.18281
-6.16973
-6.14705
-6.11706
-6.08423
-6.05398
-6.03013
-6.01323
-6.00812
-6.01679
-6.03797
-6.06461
-6.08872
-6.1064
-6.10415
-6.08896
-6.06056
-6.02225
-5.98043
-5.93984
-5.90629
-5.88563
-5.87894
-5.88241
-5.88737
-5.89379
-5.90213
-5.90413
-5.90824
-5.91556
-5.92112
-5.93293
-5.94702
-5.96307
-5.97756
-5.98651
-5.98398
-5.96538
-5.93891
-5.90572
-5.87679
-5.85373
-5.84858
-5.85796
-5.87639
-5.89861
-5.91852
-5.9334
-5.94284
-5.9494
-5.95234
-5.95118
-5.94963
-5.95087
-5.95885
-5.97315
-5.98982
-6.00175
-6.00337
-5.99136
-5.96822
-5.93725
-5.90892
-5.89842
-5.90321
-5.92953
-5.97107
-6.01558
-6.04907
-6.06718
-6.06276
-6.04332
-6.01359
-5.98354
-5.96229
-5.94984
-5.95696
-5.97527
-6.00071
-6.02453
-6.04007
-6.0397
-6.0195
-5.98356
-5.94154
-5.89659
-5.85897
-5.85027
-5.86475
-5.89051
-5.9174
-5.93595
-5.94971
-5.95373
-5.95513
-5.95027
-5.94747
-5.9424
-5.93539
-5.93038
-5.92858
-5.92916
-5.92863
-5.92486
-5.91731
-5.90305
-5.8868
-5.87102
-5.86462
-5.86741
-5.88257
-5.9106
-5.94872
-5.99221
-6.03013
-6.06183
-6.08385
-6.09329
-6.09715
-6.09753
-6.10101
-6.1103
-6.12318
-6.13093
-6.12882
-6.11739
-6.08813
-6.04869
-6.00459
-5.95939
-5.923
-5.90041
-5.88918
-5.89018
-5.90201
-5.92248
-5.9451
-5.96518
-5.98104
-5.98464
-5.97813
-5.9612
-5.93771
-5.91612
-5.90912
-5.91506
-5.93012
-5.94668
-5.96029
-5.96402
-5.96213
-5.95249
-5.93031
-5.89763
-5.86317
-5.83609
-5.82442
-5.8277
-5.84992
-5.87898
-5.91563
-5.9538
-5.99287
-6.0215
-6.03826
-6.04211
-6.02399
-5.98682
-5.93116
-5.86713
-5.80045
-5.74273
-5.70258
-5.69569
-5.72558
-5.78784
-5.86609
-5.94649
-6.01342
-6.0559
-6.07493
-6.07785
-6.06595
-6.04019
-6.00335
-5.95381
-5.91113
-5.88258
-5.87721
-5.89714
-5.93573
-5.98219
-6.02774
-6.06388
-6.08321
-6.08774
-6.0787
-6.06497
-6.04899
-6.03147
-6.01233
-5.99145
-5.97173
-5.95291
-5.93983
-5.93389
-5.93801
-5.94875
-5.96927
-5.99432
-6.02508
-6.05329
-6.07695
-6.09139
-6.09585
-6.08849
-6.07499
-6.053
-6.02722
-5.99015
-5.93899
-5.88256
-5.81938
-5.75633
-5.71019
-5.68862
-5.69524
-5.73652
-5.79895
-5.87228
-5.94422
-6.00007
-6.04118
-6.06909
-6.07911
-6.07764
-6.06399
-6.04722
-6.02925
-6.01184
-5.99373
-5.96966
-5.94363
-5.91545
-5.89146
-5.86918
-5.86355
-5.87401
-5.89569
-5.92289
-5.9451
-5.95492
-5.95206
-5.93726
-5.92348
-5.90693
-5.89525
-5.88873
-5.89577
-5.91651
-5.94821
-5.98967
-6.03013
-6.06314
-6.07985
-6.07828
-6.06479
-6.03875
-6.01314
-5.99299
-5.9831
-5.9854
-5.99208
-6.00062
-6.00635
-6.00902
-6.01077
-6.01144
-6.01045
-5.99871
-5.9735
-5.93581
-5.88724
-5.83575
-5.78819
-5.75306
-5.73429
-5.73135
-5.7475
-5.77897
-5.82678
-5.88431
-5.94714
-6.00993
-6.06799
-6.10973
-6.14092
-6.16047
-6.16165
-6.15362
-6.13694
-6.1133
-6.09077
-6.06905
-6.052
-6.04213
-6.03235
-6.0172
-5.99706
-5.97068
-5.93979
-5.90833
-5.8858
-5.87924
-5.90078
-5.93651
-5.97358
-5.99118
-5.97991
-5.93872
-5.87283
-5.79284
-5.71021
-5.64014
-5.5958
-5.58721
-5.61393
-5.67175
-5.74385
-5.82759
-5.91212
-5.99172
-6.06158
-6.12096
-6.16868
-6.19988
-6.21374
-6.21091
-6.19356
-6.16782
-6.13273
-6.08746
-6.03965
-5.98937
-5.93669
-5.89064
-5.85465
-5.83232
-5.82805
-5.84401
-5.87479
-5.91487
-5.95097
-5.9743
-5.98073
-5.96394
-5.92716
-5.87847
-5.82623
-5.77679
-5.7397
-5.72168
-5.73436
-5.7727
-5.83354
-5.90406
-5.97381
-6.037
-6.10123
-6.15788
-6.20867
-6.24783
-6.27033
-6.27151
-6.25628
-6.22638
-6.18136
-6.12274
-6.06055
-6.01011
-5.97814
-5.97716
-6.00048
-6.03531
-6.06638
-6.07721
-6.06
-6.01681
-5.95382
-5.876
-5.79885
-5.74022
-5.71193
-5.71726
-5.74317
-5.78399
-5.82451
-5.85653
-5.87871
-5.89391
-5.90879
-5.93507
-5.97208
-6.02086
-6.07258
-6.11761
-6.15
-6.16006
-6.14352
-6.10534
-6.05612
-6.00939
-5.98061
-5.9781
-5.99609
-6.02315
-6.04413
-6.05145
-6.04135
-6.01275
-5.96862
-5.92272
-5.87972
-5.8452
-5.82521
-5.81316
-5.81275
-5.82442
-5.8471
-5.87923
-5.91999
-5.96661
-6.01857
-6.06389
-6.09223
-6.08579
-6.05104
-5.98467
-5.90714
-5.83552
-5.78621
-5.76692
-5.77661
-5.81874
-5.88256
-5.96401
-6.05378
-6.13919
-6.20354
-6.24284
-6.25508
-6.23753
-6.19984
-6.15521
-6.11204
-6.07028
-6.04275
-6.0242
-6.0115
-6.00004
-5.98628
-5.97368
-5.95634
-5.93477
-5.91062
-5.8923
-5.87256
-5.84757
-5.82461
-5.80747
-5.79473
-5.79007
-5.79224
-5.7987
-5.8085
-5.82175
-5.84754
-5.88546
-5.93341
-5.98447
-6.02777
-6.05132
-6.05804
-6.04994
-6.03269
-6.01431
-6.00226
-6.00214
-6.0188
-6.05002
-6.08468
-6.1092
-6.11985
-6.11189
-6.08831
-6.05559
-6.02179
-5.99665
-5.98548
-5.98658
-5.99515
-6.00054
-5.99974
-5.99119
-5.97504
-5.95137
-5.9221
-5.892
-5.86503
-5.84578
-5.83655
-5.83911
-5.85426
-5.8809
-5.9065
-5.92931
-5.94979
-5.96082
-5.95894
-5.94403
-5.91942
-5.88686
-5.85893
-5.83855
-5.83232
-5.83655
-5.85274
-5.87297
-5.89307
-5.91833
-5.94451
-5.97107
-5.98994
-6.00205
-5.99779
-5.98183
-5.96701
-5.94837
-5.93364
-5.91755
-5.90039
-5.88555
-5.8738
-5.87233
-5.88535
-5.90979
-5.94054
-5.97623
-6.00934
-6.03218
-6.04294
-6.04469
-6.04719
-6.04852
-6.04513
-6.03794
-6.02296
-6.00501
-5.98271
-5.96142
-5.94281
-5.93248
-5.93149
-5.94217
-5.96085
-5.98348
-6.00884
-6.02431
-6.02248
-6.00832
-5.98108
-5.94976
-5.91262
-5.87604
-5.83974
-5.80965
-5.78696
-5.77637
-5.76947
-5.77165
-5.77957
-5.78826
-5.80133
-5.81714
-5.83787
-5.86658
-5.90081
-5.93733
-5.96819
-5.99284
-6.00528
-6.00603
-6.00113
-5.99413
-5.98875
-5.98275
-5.9779
-5.97424
-5.97559
-5.98085
-5.98345
-5.98338
-5.97521
-5.95966
-5.93878
-5.91544
-5.89648
-5.89281
-5.90564
-5.93804
-5.98443
-6.03796
-6.08783
-6.12566
-6.14532
-6.14744
-6.12879
-6.09522
-6.05536
-6.01779
-5.99094
-5.98249
-5.98848
-5.99918
-6.00386
-6.00404
-5.99243
-5.97608
-5.96764
-5.96122
-5.96157
-5.96545
-5.96579
-5.96127
-5.94647
-5.9257
-5.89771
-5.86729
-5.8369
-5.81768
-5.80579
-5.80203
-5.80544
-5.80877
-5.81804
-5.83131
-5.84928
-5.86684
-5.88788
-5.91204
-5.93454
-5.95596
-5.9747
-5.99127
-5.99699
-5.99419
-5.98019
-5.96138
-5.93794
-5.91482
-5.90479
-5.91121
-5.92802
-5.95177
-5.97195
-5.98587
-5.98939
-5.98839
-5.98633
-5.97996
-5.97918
-5.98445
-5.98913
-5.99255
-5.9874
-5.97466
-5.95588
-5.93913
-5.92754
-5.92415
-5.92811
-5.93797
-5.94887
-5.95593
-5.95816
-5.96082
-5.96503
-5.97776
-5.99967
-6.02894
-6.05734
-6.08015
-6.0913
-6.0866
-6.06224
-6.03102
-5.99165
-5.95841
-5.93249
-5.92105
-5.92654
-5.93638
-5.94673
-5.95621
-5.9621
-5.96858
-5.9737
-5.98083
-5.99081
-6.00756
-6.02431
-6.03861
-6.04406
-6.03794
-6.02051
-5.99144
-5.9559
-5.9231
-5.90408
-5.90496
-5.92392
-5.95686
-5.99307
-6.02684
-6.05189
-6.07023
-6.08962
-6.10871
-6.11766
-6.11566
-6.09925
-6.0647
-6.01759
-5.9656
-5.92133
-5.89164
-5.87989
-5.88247
-5.88832
-5.89156
-5.88657
-5.87478
-5.85663
-5.84209
-5.8365
-5.84359
-5.86621
-5.89723
-5.92991
-5.95722
-5.97314
-5.97272
-5.96273
-5.93551
-5.90413
-5.86936
-5.84116
-5.82167
-5.81203
-5.81582
-5.83123
-5.86102
-5.90171
-5.94596
-5.9944
-6.04544
-6.08988
-6.12868
-6.16077
-6.179
-6.18105
-6.16428
-6.12963
-6.08189
-6.0285
-5.97473
-5.92923
-5.89997
-5.88645
-5.88348
-5.87867
-5.87125
-5.85976
-5.85419
-5.85973
-5.88323
-5.92182
-5.96787
-6.01313
-6.05407
-6.08618
-6.10215
-6.09234
-6.05728
-6.00286
-5.9351
-5.87033
-5.82359
-5.79949
-5.80066
-5.82308
-5.85868
-5.90681
-5.95465
-5.99248
-6.01973
-6.02919
-6.02192
-6.00261
-5.97779
-5.95927
-5.94891
-5.95678
-5.97806
-6.01446
-6.05537
-6.09405
-6.11481
-6.11483
-6.0923
-6.0519
-6.00572
-5.96243
-5.93926
-5.93235
-5.94539
-5.96897
-6.00458
-6.04837
-6.09163
-6.13266
-6.15814
-6.17029
-6.16153
-6.13638
-6.09247
-6.03399
-5.97078
-5.90442
-5.83874
-5.77467
-5.72103
-5.68284
-5.66494
-5.67138
-5.7038
-5.75605
-5.82508
-5.90204
-5.97784
-6.04657
-6.10841
-6.15724
-6.19105
-6.2107
-6.20841
-6.18917
-6.1533
-6.10497
-6.05255
-6.00333
-5.96173
-5.9282
-5.91258
-5.90689
-5.91087
-5.92065
-5.93429
-5.94315
-5.94484
-5.94009
-5.92431
-5.89908
-5.87425
-5.85509
-5.83985
-5.83486
-5.83829
-5.84551
-5.85609
-5.86551
-5.8806
-5.89474
-5.91325
-5.93837
-5.96648
-5.99656
-6.0233
-6.04319
-6.05589
-6.06086
-6.06258
-6.05937
-6.05314
-6.04522
-6.03881
-6.03637
-6.03797
-6.03474
-6.02971
-6.01733
-6.00508
-5.99696
-6.00295
-6.0182
-6.0448
-6.07246
-6.08874
-6.08584
-6.06376
-6.02651
-5.98513
-5.94263
-5.9053
-5.88057
-5.86477
-5.87033
-5.88369
-5.90218
-5.92153
-5.9321
-5.92941
-5.9134
-5.89138
-5.87029
-5.85422
-5.84921
-5.85763
-5.87148
-5.88291
-5.89204
-5.8949
-5.90244
-5.91608
-5.9364
-5.95311
-5.96348
-5.97157
-5.97984
-5.99139
-6.0144
-6.04653
-6.08126
-6.10536
-6.11242
-6.09615
-6.05048
-5.98712
-5.91901
-5.86462
-5.83296
-5.82994
-5.85062
-5.88518
-5.92486
-5.96773
-6.00807
-6.0433
-6.07409
-6.10377
-6.1243
-6.13669
-6.1392
-6.13507
-6.11567
-6.08423
-6.04531
-6.00399
-5.96614
-5.93679
-5.91764
-5.91196
-5.93031
-5.9711
-6.0247
-6.08016
-6.12255
-6.14892
-6.15172
-6.13343
-6.09353
-6.03652
-5.96679
-5.89083
-5.81175
-5.74018
-5.68305
-5.64921
-5.64003
-5.65946
-5.69945
-5.75007
-5.80177
-5.8431
-5.86791
-5.86808
-5.84496
-5.80675
-5.77054
-5.74948
-5.75422
-5.77603
-5.80741
-5.84094
-5.8698
-5.88856
-5.89707
-5.90305
-5.91202
-5.926
-5.94296
-5.9604
-5.98165
-5.99404
-6.00662
-6.01996
-6.0322
-6.03546
-6.03007
-6.01289
-5.97973
-5.9376
-5.89107
-5.85888
-5.84835
-5.84798
-5.8521
-5.85394
-5.85334
-5.84974
-5.84828
-5.84414
-5.8419
-5.84681
-5.84933
-5.85577
-5.86755
-5.8869
-5.91481
-5.95309
-6.00016
-6.05
-6.0942
-6.12366
-6.14274
-6.14521
-6.13824
-6.12069
-6.09203
-6.05376
-6.01558
-5.97944
-5.95467
-5.93635
-5.92288
-5.91517
-5.91084
-5.90658
-5.90811
-5.91381
-5.92226
-5.93419
-5.95232
-5.97347
-5.99448
-6.01113
-6.01757
-6.00892
-5.98666
-5.95518
-5.92246
-5.89812
-5.88856
-5.89198
-5.90264
-5.91978
-5.93435
-5.94475
-5.94818
-5.94415
-5.94173
-5.93708
-5.93066
-5.91444
-5.88894
-5.86336
-5.83994
-5.82423
-5.81945
-5.82423
-5.83631
-5.85616
-5.8815
-5.91323
-5.95372
-6.00425
-6.05441
-6.0966
-6.13125
-6.16006
-6.18277
-6.19861
-6.20296
-6.18682
-6.15261
-6.10223
-6.0364
-5.96832
-5.90873
-5.87365
-5.86105
-5.87372
-5.90242
-5.94207
-5.98084
-6.01566
-6.04915
-6.07573
-6.09621
-6.11304
-6.12366
-6.12567
-6.113
-6.07907
-6.02968
-5.95987
-5.88094
-5.80161
-5.73434
-5.68896
-5.67476
-5.68539
-5.72111
-5.77239
-5.82615
-5.87531
-5.92091
-5.95387
-5.98177
-6.00113
-6.01532
-6.02622
-6.03543
-6.04426
-6.05139
-6.0519
-6.04018
-6.02124
-6.00323
-5.98283
-5.96809
-5.94903
-5.93036
-5.90883
-5.89221
-5.87733
-5.87383
-5.87782
-5.88971
-5.90232
-5.91959
-5.93314
-5.95372
-5.97875
-6.00638
-6.03136
-6.04974
-6.06148
-6.06048
-6.05184
-6.03615
-6.0153
-5.99581
-5.97384
-5.95612
-5.93564
-5.91322
-5.89252
-5.87676
-5.86865
-5.87273
-5.8784
-5.88931
-5.90786
-5.93872
-5.97913
-6.03066
-6.08861
-6.14456
-6.18978
-6.21987
-6.23381
-6.22778
-6.20561
-6.17361
-6.13009
-6.07798
-6.0202
-5.95927
-5.90794
-5.86763
-5.84314
-5.83459
-5.83403
-5.83516
-5.83633
-5.83107
-5.82544
-5.81867
-5.81361
-5.81013
-5.81056
-5.81033
-5.818
-5.83569
-5.86501
-5.90763
-5.95705
-6.00046
-6.03197
-6.04979
-6.04999
-6.04229
-6.02625
-6.00869
-5.9963
-5.98591
-5.97947
-5.98267
-5.99268
-6.00118
-6.00608
-6.00751
-6.00182
-5.99222
-5.98045
-5.96505
-5.94782
-5.92797
-5.91281
-5.90652
-5.91113
-5.93224
-5.9572
-5.98013
-6.00088
-6.01504
-6.02533
-6.03486
-6.03304
-6.02219
-6.01094
-6.00858
-6.01643
-6.02465
-6.02558
-6.02176
-6.00994
-5.99546
-5.97448
-5.94797
-5.91163
-5.87342
-5.83576
-5.81233
-5.81207
-5.82938
-5.85901
-5.8943
-5.92602
-5.95404
-5.97865
-6.0028
-6.02541
-6.04389
-6.05762
-6.06047
-6.05108
-6.033
-6.00319
-5.97219
-5.95068
-5.93728
-5.92991
-5.92616
-5.93159
-5.95314
-5.98663
-6.02297
-6.05527
-6.07027
-6.06529
-6.04351
-6.00938
-5.9789
-5.95855
-5.95724
-5.97477
-6.00958
-6.04942
-6.07478
-6.08585
-6.07189
-6.0367
-5.99228
-5.94119
-5.89285
-5.85017
-5.8168
-5.79366
-5.78249
-5.78261
-5.80041
-5.83373
-5.87597
-5.9232
-5.96254
-5.98746
-5.99311
-5.98478
-5.9673
-5.95051
-5.93573
-5.92806
-5.9272
-5.92859
-5.92341
-5.91221
-5.89984
-5.88252
-5.869
-5.85957
-5.85186
-5.84681
-5.84237
-5.83855
-5.83907
-5.84183
-5.84745
-5.86027
-5.87474
-5.89011
-5.91096
-5.93466
-5.96048
-5.99075
-6.02329
-6.0569
-6.09225
-6.12327
-6.1514
-6.16642
-6.17041
-6.16164
-6.14332
-6.12321
-6.10138
-6.0858
-6.07243
-6.06462
-6.06396
-6.06421
-6.05473
-6.03559
-6.00235
-5.9564
-5.90721
-5.86182
-5.82768
-5.80193
-5.78812
-5.7926
-5.81331
-5.8452
-5.88601
-5.92214
-5.95175
-5.97477
-5.98937
-5.99516
-5.99642
-5.99789
-5.99671
-5.99849
-5.99677
-5.98966
-5.97632
-5.95548
-5.93465
-5.90919
-5.88755
-5.86406
-5.84235
-5.82289
-5.81458
-5.8168
-5.82735
-5.85027
-5.88295
-5.9138
-5.94093
-5.96337
-5.98092
-5.99038
-5.99734
-5.99624
-5.98993
-5.97464
-5.95254
-5.92992
-5.9085
-5.89067
-5.88003
-5.87807
-5.88886
-5.90821
-5.92872
-5.9517
-5.96779
-5.97483
-5.9734
-5.96347
-5.95309
-5.94426
-5.94342
-5.95146
-5.95838
-5.96561
-5.97047
-5.96578
-5.95818
-5.94743
-5.93624
-5.9362
-5.94676
-5.95947
-5.97658
-5.99704
-6.01782
-6.03683
-6.05302
-6.07197
-6.0883
-6.10284
-6.10822
-6.0961
-6.07266
-6.03254
-5.98534
-5.93566
-5.89081
-5.85276
-5.83148
-5.82232
-5.82559
-5.84035
-5.86393
-5.89447
-5.92723
-5.96307
-5.99521
-6.02892
-6.05832
-6.08501
-6.10464
-6.11329
-6.1079
-6.08686
-6.0496
-6.00111
-5.94641
-5.89403
-5.85093
-5.81973
-5.80099
-5.79976
-5.81802
-5.85299
-5.90776
-5.96927
-6.03308
-6.08274
-6.11163
-6.11979
-6.10964
-6.0827
-6.03847
-5.98366
-5.92974
-5.88476
-5.849
-5.83334
-5.83533
-5.86311
-5.90458
-5.95359
-5.99853
-6.03745
-6.06326
-6.08198
-6.0906
-6.08586
-6.06352
-6.02566
-5.98009
-5.93944
-5.91839
-5.91889
-5.94581
-5.99368
-6.0477
-6.10653
-6.16057
-6.19958
-6.21955
-6.22178
-6.19806
-6.15435
-6.08848
-6.00714
-5.91909
-5.83504
-5.76965
-5.73316
-5.72434
-5.74851
-5.79004
-5.84101
-5.88681
-5.91869
-5.92648
-5.90615
-5.86333
-5.81164
-5.76588
-5.7391
-5.73724
-5.75324
-5.78172
-5.82134
-5.87268
-5.93598
-5.99966
-6.04907
-6.08001
-6.09062
-6.07734
-6.05238
-6.01956
-5.97896
-5.93911
-5.89785
-5.86536
-5.85149
-5.86098
-5.89475
-5.94327
-5.99662
-6.04158
-6.06963
-6.08419
-6.0814
-6.06721
-6.04385
-6.02176
-6.00816
-6.00755
-6.01941
-6.03917
-6.05991
-6.07373
-6.07501
-6.06033
-6.03213
-5.99087
-5.95069
-5.91405
-5.89022
-5.87333
-5.86353
-5.86836
-5.88754
-5.92144
-5.95849
-6.00194
-6.04555
-6.08511
-6.10475
-6.10633
-6.08743
-6.05534
-6.01446
-5.97869
-5.94432
-5.9116
-5.87691
-5.83942
-5.80618
-5.78278
-5.78085
-5.80275
-5.8407
-5.88904
-5.93735
-5.97682
-6.00287
-6.01569
-6.01454
-6.00502
-5.98784
-5.97085
-5.95094
-5.92681
-5.89927
-5.87711
-5.86327
-5.86289
-5.87949
-5.904
-5.9364
-5.96475
-5.98465
-5.99349
-5.98646
-5.96891
-5.94123
-5.91348
-5.89211
-5.88685
-5.89755
-5.91713
-5.9461
-5.97413
-5.99245
-6.00505
-6.0163
-6.02915
-6.04303
-6.05669
-6.06326
-6.06374
-6.05619
-6.04971
-6.05358
-6.06472
-6.081
-6.09933
-6.11453
-6.12608
-6.13071
-6.12623
-6.11016
-6.08681
-6.05367
-6.02376
-5.99965
-5.98555
-5.97404
-5.96582
-5.96193
-5.969
-5.98532
-6.01027
-6.03168
-6.04308
-6.04194
-6.02412
-5.99387
-5.95395
-5.91348
-5.87907
-5.85601
-5.84209
-5.83364
-5.82933
-5.82893
-5.83016
-5.83164
-5.83665
-5.84194
-5.84924
-5.85874
-5.8742
-5.8948
-5.92073
-5.95413
-5.98778
-6.01555
-6.03279
-6.03337
-6.02244
-5.99951
-5.97497
-5.95059
-5.93001
-5.91083
-5.89538
-5.87727
-5.8611
-5.85706
-5.86215
-5.87809
-5.90404
-5.93909
-5.98116
-6.02057
-6.05509
-6.07704
-6.0858
-6.07948
-6.05918
-6.03204
-6.00616
-5.98495
-5.97053
-5.96912
-5.98154
-5.99829
-6.01806
-6.03328
-6.04795
-6.05763
-6.06637
-6.07754
-6.09843
-6.12174
-6.15074
-6.1763
-6.19304
-6.19222
-6.17294
-6.13045
-6.07173
-5.99583
-5.91244
-5.82261
-5.73569
-5.65777
-5.5956
-5.55547
-5.54237
-5.56139
-5.60374
-5.657
-5.7026
-5.73802
-5.76166
-5.78201
-5.8128
-5.85605
-5.91759
-5.98843
-6.05918
-6.12084
-6.16366
-6.18665
-6.18889
-6.18046
-6.16072
-6.13411
-6.09975
-6.06544
-6.04019
-6.03605
-6.044
-6.0628
-6.08113
-6.09154
-6.09423
-6.08863
-6.07496
-6.05885
-6.04316
-6.02447
-6.00239
-5.96895
-5.92894
-5.88316
-5.83939
-5.80261
-5.77638
-5.76509
-5.76699
-5.78235
-5.80946
-5.84389
-5.88552
-5.91956
-5.94249
-5.95178
-5.94834
-5.94073
-5.93318
-5.92853
-5.93316
-5.93914
-5.94944
-5.95952
-5.96387
-5.96064
-5.94952
-5.9375
-5.93716
-5.94918
-5.97495
-6.01804
-6.07164
-6.12743
-6.17999
-6.21547
-6.22669
-6.21199
-6.16982
-6.10413
-6.02761
-5.9497
-5.87788
-5.82633
-5.79833
-5.79754
-5.81621
-5.84832
-5.89077
-5.93205
-5.96796
-5.99009
-5.99461
-5.98391
-5.95895
-5.92465
-5.88611
-5.84963
-5.8137
-5.78207
-5.76007
-5.75241
-5.77717
-5.83731
-5.92146
-6.01115
-6.08266
-6.13392
-6.1647
-6.17213
-6.16778
-6.15633
-6.14258
-6.13185
-6.12025
-6.10503
-6.07767
-6.03655
-5.99168
-5.94873
-5.9208
-5.92034
-5.94669
-5.98824
-6.03356
-6.06667
-6.08456
-6.08724
-6.07416
-6.04731
-6.00822
-5.96031
-5.90604
-5.85056
-5.80753
-5.78723
-5.8006
-5.84688
-5.91595
-5.99517
-6.06954
-6.12224
-6.15099
-6.15174
-6.12683
-6.08745
-6.04323
-6.00157
-5.96405
-5.93427
-5.91242
-5.89964
-5.89209
-5.89238
-5.89772
-5.90988
-5.92999
-5.95475
-5.97121
-5.9805
-5.97859
-5.96394
-5.93484
-5.89454
-5.85322
-5.82234
-5.81593
-5.83009
-5.86247
-5.90061
-5.9312
-5.95468
-5.95946
-5.94875
-5.92679
-5.89856
-5.86417
-5.82701
-5.79338
-5.76718
-5.7513
-5.74968
-5.7634
-5.78491
-5.809
-5.83429
-5.85954
-5.88553
-5.91337
-5.94066
-5.97058
-5.99499
-6.01715
-6.03461
-6.0469
-6.06239
-6.07819
-6.08803
-6.08778
-6.0766
-6.05345
-6.01456
-5.96605
-5.91497
-5.87089
-5.84742
-5.84626
-5.87193
-5.91151
-5.95685
-5.99678
-6.02527
-6.03946
-6.04081
-6.03427
-6.0212
-6.00338
-5.98434
-5.95526
-5.9154
-5.86311
-5.80905
-5.75931
-5.72672
-5.72445
-5.75896
-5.81636
-5.88234
-5.95296
-6.02167
-6.08632
-6.1468
-6.19838
-6.23966
-6.27681
-6.29726
-6.30193
-6.2869
-6.25031
-6.19234
-6.11252
-6.02216
-5.92157
-5.82708
-5.74452
-5.68777
-5.66315
-5.66895
-5.70083
-5.74535
-5.78991
-5.82482
-5.84886
-5.86153
-5.87073
-5.87701
-5.88409
-5.88578
-5.88147
-5.86921
-5.86325
-5.86987
-5.88745
-5.91123
-5.93416
-5.95192
-5.96749
-5.97531
-5.98153
-5.98104
-5.97773
-5.97669
-5.97801
-5.98398
-5.99534
-6.01033
-6.01979
-6.02098
-6.01266
-5.99781
-5.97737
-5.96168
-5.95143
-5.95756
-5.97175
-5.98599
-6.00298
-6.01643
-6.02505
-6.02885
-6.03219
-6.03648
-6.04369
-6.05359
-6.06137
-6.06661
-6.07237
-6.08075
-6.09396
-6.10264
-6.09905
-6.0785
-6.03714
-5.98037
-5.9192
-5.86083
-5.81499
-5.79076
-5.79593
-5.82899
-5.88113
-5.94754
-6.01599
-6.07282
-6.11105
-6.12551
-6.11828
-6.09369
-6.06219
-6.02538
-5.98858
-5.95877
-5.94222
-5.93772
-5.94539
-5.95535
-5.96766
-5.98026
-5.98898
-5.99326
-5.99896
-6.00814
-6.03382
-6.07268
-6.10891
-6.12182
-6.10865
-6.06919
-6.00934
-5.94731
-5.8904
-5.84744
-5.81844
-5.80486
-5.79618
-5.79154
-5.78707
-5.78317
-5.78074
-5.79067
-5.81591
-5.85379
-5.89696
-5.9446
-5.98437
-6.00941
-6.02265
-6.02114
-6.00705
-5.98883
-5.97427
-5.97175
-5.98101
-6.0012
-6.02903
-6.05963
-6.08379
-6.10311
-6.12187
-6.14488
-6.16524
-6.17846
-6.18134
-6.1708
-6.14714
-6.10407
-6.04249
-5.96925
-5.89943
-5.84502
-5.81078
-5.80248
-5.80851
-5.81964
-5.83125
-5.83182
-5.81967
-5.7949
-5.76363
-5.73371
-5.71615
-5.71449
-5.73221
-5.76681
-5.81894
-5.88195
-5.95388
-6.02919
-6.09755
-6.15193
-6.18563
-6.19809
-6.19729
-6.18653
-6.1695
-6.15201
-6.14004
-6.13156
-6.12671
-6.11561
-6.0946
-6.05232
-6.001
-5.945
-5.89913
-5.87432
-5.87202
-5.89078
-5.9185
-5.9456
-5.96853
-5.98385
-5.98599
-5.97277
-5.9457
-5.90234
-5.85114
-5.80172
-5.76794
-5.74782
-5.74901
-5.75783
-5.76688
-5.77677
-5.79514
-5.8199
-5.85222
-5.89285
-5.94226
-6.00618
-6.07627
-6.13742
-6.18176
-6.1976
-6.1884
-6.16087
-6.12776
-6.09321
-6.05706
-6.02462
-5.99033
-5.9578
-5.92858
-5.90354
-5.88619
-5.87855
-5.87703
-5.88768
-5.8974
-5.90611
-5.89959
-5.87528
-5.82466
-5.75167
-5.67171
-5.60872
-5.58119
-5.5948
-5.6496
-5.72811
-5.82402
-5.92197
-6.0116
-6.08951
-6.14629
-6.17879
-6.18955
-6.17446
-6.14019
-6.09423
-6.04376
-5.99641
-5.96278
-5.94843
-5.95917
-5.98887
-6.03302
-6.08135
-6.12405
-6.15733
-6.17941
-6.18498
-6.1694
-6.13214
-6.07855
-6.01298
-5.95011
-5.89861
-5.86619
-5.85514
-5.86466
-5.89188
-5.92906
-5.96678
-6.00031
-6.02121
-6.02719
-6.0275
-6.028
-6.04362
-6.07352
-6.11283
-6.14389
-6.1515
-6.13806
-6.10529
-6.05627
-6.00049
-5.93586
-5.86687
-5.80079
-5.73979
-5.69324
-5.67044
-5.68157
-5.72274
-5.79186
-5.87496
-5.96083
-6.03869
-6.09138
-6.11867
-6.12205
-6.10549
-6.07546
-6.03481
-5.99902
-5.96745
-5.94471
-5.92759
-5.92266
-5.91998
-5.91688
-5.91054
-5.90375
-5.89743
-5.90041
-5.91885
-5.9457
-5.97783
-6.01105
-6.03705
-6.05628
-6.0711
-6.08004
-6.07716
-6.06575
-6.05401
-6.03961
-6.03406
-6.03169
-6.03706
-6.04165
-6.04743
-6.04624
-6.03657
-6.01889
-5.99414
-5.96623
-5.94338
-5.92703
-5.92003
-5.91979
-5.92374
-5.92962
-5.93482
-5.94067
-5.95441
-5.97747
-6.00691
-6.03764
-6.06422
-6.07943
-6.07858
-6.06541
-6.03971
-6.01451
-5.9899
-5.96694
-5.94541
-5.92437
-5.90791
-5.89703
-5.89069
-5.89084
-5.90122
-5.92047
-5.93803
-5.95256
-5.95713
-5.95251
-5.94548
-5.94923
-5.96604
-5.98717
-6.00241
-6.00942
-6.00773
-6.0114
-6.01833
-6.02765
-6.03234
-6.02409
-6.00298
-5.97283
-5.94132
-5.9167
-5.9049
-5.89652
-5.89259
-5.88697
-5.88383
-5.88484
-5.89032
-5.8975
-5.90146
-5.89982
-5.89428
-5.89992
-5.92159
-5.95166
-5.98817
-6.01953
-6.04501
-6.06108
-6.06977
-6.07343
-6.07269
-6.06758
-6.06113
-6.05648
-6.04645
-6.03438
-6.01747
-5.99786
-5.97608
-5.95642
-5.94311
-5.93752
-5.94222
-5.95101
-5.9679
-5.99257
-6.0197
-6.04377
-6.05718
-6.05824
-6.0416
-6.00572
-5.95946
-5.90694
-5.85403
-5.80891
-5.77406
-5.75772
-5.75969
-5.7789
-5.81281
-5.85198
-5.88954
-5.91519
-5.92135
-5.90827
-5.88524
-5.85862
-5.83107
-5.81524
-5.81224
-5.8268
-5.85853
-5.89477
-5.93218
-5.97088
-6.00856
-6.04363
-6.07313
-6.09013
-6.105
-6.1104
-6.11398
-6.11406
-6.11721
-6.11749
-6.11695
-6.11975
-6.1227
-6.1243
-6.11631
-6.09654
-6.06118
-6.01422
-5.9632
-5.92091
-5.89329
-5.88757
-5.89935
-5.91582
-5.92837
-5.93143
-5.93191
-5.93232
-5.93463
-5.93917
-5.94948
-5.9618
-5.97503
-5.9886
-5.99677
-5.98965
-5.96952
-5.938
-5.90138
-5.8593
-5.8181
-5.77855
-5.74415
-5.72137
-5.7204
-5.73979
-5.78182
-5.8394
-5.90599
-5.96897
-6.01851
-6.05474
-6.07507
-6.08168
-6.07915
-6.06591
-6.04571
-6.0178
-5.9889
-5.96051
-5.93964
-5.92553
-5.91592
-5.91134
-5.9128
-5.92159
-5.94583
-5.9788
-6.01404
-6.04723
-6.0748
-6.10065
-6.12283
-6.13532
-6.13894
-6.13536
-6.12071
-6.09557
-6.05719
-6.01322
-5.96486
-5.91523
-5.87146
-5.83589
-5.80948
-5.79457
-5.78218
-5.77102
-5.75958
-5.74588
-5.73171
-5.71725
-5.7113
-5.72107
-5.74738
-5.79726
-5.86608
-5.94774
-6.02888
-6.09065
-6.13354
-6.14777
-6.13801
-6.11197
-6.07314
-6.0324
-5.9951
-5.96589
-5.95315
-5.96112
-5.9844
-6.01432
-6.03867
-6.05017
-6.05016
-6.03839
-6.01644
-5.99432
-5.98157
-5.97208
-5.96598
-5.9547
-5.93128
-5.90007
-5.86451
-5.83746
-5.82437
-5.82074
-5.82645
-5.84096
-5.85738
-5.88143
-5.90429
-5.93098
-5.95405
-5.97515
-5.99353
-6.00883
-6.02251
-6.02982
-6.03392
-6.03586
-6.02942
-6.0115
-5.98637
-5.95333
-5.922
-5.89422
-5.87374
-5.8596
-5.85463
-5.86165
-5.87939
-5.91071
-5.95397
-5.99863
-6.03969
-6.06157
-6.06031
-6.04072
-6.00117
-5.96138
-5.9312
-5.91739
-5.91674
-5.9229
-5.92474
-5.9184
-5.90436
-5.88395
-5.86419
-5.85354
-5.84876
-5.84861
-5.85294
-5.85602
-5.85941
-5.86151
-5.86437
-5.87238
-5.88394
-5.89904
-5.91441
-5.93055
-5.94264
-5.95358
-5.97106
-5.99612
-6.03019
-6.06358
-6.10634
-6.14492
-6.1742
-6.18504
-6.1699
-6.12498
-6.06146
-5.98991
-5.92231
-5.87117
-5.84404
-5.83152
-5.83237
-5.83659
-5.84041
-5.84927
-5.8626
-5.88018
-5.90267
-5.92513
-5.94693
-5.96317
-5.96772
-5.95876
-5.94362
-5.91939
-5.90054
-5.8885
-5.88582
-5.9008
-5.9304
-5.97077
-6.02094
-6.0673
-6.11121
-6.14566
-6.16982
-6.18622
-6.19098
-6.18652
-6.16883
-6.14068
-6.10292
-6.0654
-6.03608
-6.01925
-6.01539
-6.02245
-6.02597
-6.02095
-6.00222
-5.96575
-5.92576
-5.8895
-5.88049
-5.90646
-5.95505
-6.01174
-6.06009
-6.09036
-6.10031
-6.08956
-6.05773
-6.00922
-5.94718
-5.88485
-5.83689
-5.81386
-5.82081
-5.85252
-5.89061
-5.92236
-5.93719
-5.93415
-5.91579
-5.89147
-5.87106
-5.85892
-5.85759
-5.87738
-5.91006
-5.94626
-5.98204
-6.00398
-6.01156
-6.00349
-5.98862
-5.96854
-5.94114
-5.90862
-5.87007
-5.83623
-5.80993
-5.80383
-5.80868
-5.8281
-5.86206
-5.89895
-5.93601
-5.97267
-6.00297
-6.02483
-6.03638
-6.03728
-6.02546
-6.00665
-5.97968
-5.95306
-5.93156
-5.91476
-5.90915
-5.91683
-5.93445
-5.9655
-5.99859
-6.02978
-6.05591
-6.07146
-6.08145
-6.08583
-6.08767
-6.08259
-6.0719
-6.05006
-6.01732
-5.97864
-5.945
-5.91738
-5.90969
-5.92025
-5.94596
-5.97817
-6.01849
-6.05655
-6.07816
-6.07574
-6.04584
-5.99667
-5.94123
-5.89131
-5.85666
-5.84108
-5.8426
-5.85911
-5.88393
-5.91412
-5.93973
-5.96117
-5.96925
-5.96606
-5.94995
-5.92391
-5.88914
-5.85266
-5.81856
-5.79533
-5.78977
-5.80232
-5.83161
-5.86845
-5.90716
-5.94444
-5.97747
-6.00908
-6.03882
-6.06348
-6.08918
-6.11085
-6.12283
-6.12721
-6.12335
-6.10998
-6.08574
-6.05802
-6.02539
-5.98783
-5.94751
-5.90943
-5.87898
-5.85896
-5.85851
-5.87998
-5.92097
-5.97036
-6.02392
-6.07664
-6.12014
-6.15273
-6.17028
-6.17281
-6.16031
-6.12658
-6.07447
-6.00566
-5.93156
-5.86716
-5.82398
-5.79887
-5.79347
-5.80867
-5.83994
-5.88641
-5.9363
-5.98353
-6.01252
-6.02057
-6.00638
-5.97978
-5.94877
-5.91621
-5.89064
-5.87097
-5.85361
-5.835
-5.81678
-5.7954
-5.78067
-5.7751
-5.78983
-5.83118
-5.89496
-5.96885
-6.03249
-6.0723
-6.08272
-6.07226
-6.0502
-6.0255
-6.00063
-5.97967
-5.96458
-5.95275
-5.94285
-5.93249
-5.92513
-5.91689
-5.90963
-5.90328
-5.91026
-5.9288
-5.95877
-5.99012
-6.02283
-6.05537
-6.08269
-6.10092
-6.10884
-6.10024
-6.08106
-6.05093
-6.00742
-5.95795
-5.91113
-5.87175
-5.84734
-5.83892
-5.84246
-5.85703
-5.87961
-5.90627
-5.93627
-5.96108
-5.97998
-5.98592
-5.98494
-5.97577
-5.96372
-5.94794
-5.93581
-5.92812
-5.92639
-5.92698
-5.92237
-5.91094
-5.89347
-5.87836
-5.87193
-5.88557
-5.92055
-5.96613
-6.00649
-6.02544
-6.02224
-5.99188
-5.94725
-5.90935
-5.88609
-5.8867
-5.90513
-5.93886
-5.97747
-6.01471
-6.04625
-6.06789
-6.08135
-6.07927
-6.06487
-6.0348
-5.9931
-5.94532
-5.90257
-5.86915
-5.8518
-5.85172
-5.86414
-5.88219
-5.90003
-5.91759
-5.93373
-5.94184
-5.94428
-5.93842
-5.93208
-5.9337
-5.95663
-5.99854
-6.04748
-6.09076
-6.11596
-6.12428
-6.1119
-6.08333
-6.04353
-6.00762
-5.98697
-5.97982
-5.98087
-5.97617
-5.96633
-5.94788
-5.92825
-5.91147
-5.90358
-5.90337
-5.91007
-5.92222
-5.93375
-5.94248
-5.9469
-5.94774
-5.94778
-5.94976
-5.95109
-5.95461
-5.96009
-5.96361
-5.96364
-5.9602
-5.95575
-5.9479
-5.94241
-5.93645
-5.93194
-5.92587
-5.92115
-5.92375
-5.92659
-5.93316
-5.94273
-5.95302
-5.96156
-5.96948
-5.97544
-5.9826
-5.99419
-6.01006
-6.02744
-6.04108
-6.05024
-6.04999
-6.04151
-6.02373
-6.00712
-5.99577
-5.99391
-5.99804
-6.00275
-6.01196
-6.02468
-6.03528
-6.04338
-6.04569
-6.03867
-6.02375
-5.99748
-5.95761
-5.90639
-5.84816
-5.79251
-5.75341
-5.741
-5.75691
-5.80138
-5.86433
-5.93104
-5.98275
-6.01611
-6.03284
-6.04093
-6.04931
-6.05862
-6.06312
-6.05391
-6.02576
-5.98781
-5.94576
-5.91121
-5.89262
-5.89332
-5.91386
-5.94325
-5.97518
-6.00785
-6.04105
-6.07709
-6.11313
-6.1411
-6.15016
-6.13426
-6.09539
-6.04925
-6.01433
-5.99737
-5.99435
-5.99772
-5.99698
-5.98684
-5.96426
-5.92599
-5.87521
-5.82228
-5.78643
-5.77608
-5.7942
-5.83086
-5.87182
-5.89934
-5.90782
-5.90123
-5.87975
-5.85269
-5.82944
-5.81882
-5.82036
-5.82636
-5.83848
-5.84745
-5.8495
-5.85177
-5.8548
-5.86459
-5.88356
-5.91075
-5.94669
-5.9867
-6.02255
-6.05258
-6.07021
-6.08304
-6.09256
-6.09923
-6.10363
-6.10574
-6.09841
-6.08212
-6.05556
-6.02161
-5.9876
-5.96184
-5.9421
-5.93358
-5.93384
-5.94004
-5.94307
-5.94596
-5.94619
-5.95138
-5.96102
-5.98428
-6.02345
-6.06773
-6.11102
-6.14482
-6.16418
-6.17239
-6.16998
-6.15659
-6.12569
-6.08153
-6.02729
-5.9725
-5.92163
-5.88721
-5.87438
-5.87698
-5.89395
-5.91418
-5.93363
-5.94653
-5.95129
-5.94683
-5.93963
-5.93175
-5.92668
-5.91626
-5.9026
-5.88026
-5.84885
-5.81716
-5.79473
-5.79657
-5.8229
-5.86147
-5.90095
-5.93379
-5.95496
-5.96816
-5.97523
-5.98499
-5.99797
-6.01992
-6.03647
-6.0493
-6.04437
-6.02877
-6.00498
-5.98471
-5.97193
-5.97397
-5.99111
-6.01511
-6.03589
-6.04077
-6.02482
-5.99051
-5.94512
-5.89804
-5.85685
-5.83058
-5.81331
-5.8039
-5.80141
-5.80784
-5.8263
-5.85712
-5.89606
-5.93603
-5.96497
-5.98257
-5.99915
-6.02114
-6.04885
-6.07062
-6.06716
-6.04117
-5.99414
-5.94611
-5.90712
-5.88922
-5.88931
-5.91498
-5.9595
-6.01864
-6.07988
-6.13878
-6.19106
-6.23282
-6.26221
-6.27963
-6.28592
-6.27643
-6.24882
-6.1991
-6.13692
-6.06435
-5.99158
-5.92159
-5.86184
-5.80771
-5.76184
-5.72819
-5.70624
-5.69893
-5.70796
-5.73019
-5.7574
-5.78612
-5.81299
-5.84077
-5.86654
-5.89127
-5.91468
-5.93113
-5.93839
-5.9378
-5.9343
-5.93313
-5.93991
-5.94816
-5.9533
-5.9541
-5.95284
-5.96258
-5.98109
-6.00909
-6.04048
-6.06014
-6.06995
-6.07296
-6.06181
-6.04597
-6.02514
-6.00413
-5.97759
-5.95175
-5.92138
-5.88837
-5.86487
-5.85431
-5.86156
-5.88713
-5.92718
-5.97171
-6.01516
-6.0502
-6.07712
-6.08672
-6.08269
-6.06433
-6.03116
-5.99073
-5.9451
-5.9061
-5.87734
-5.86698
-5.8754
-5.89699
-5.92173
-5.94734
-5.96593
-5.97772
-5.98419
-5.98715
-5.9871
-5.98102
-5.96834
-5.9506
-5.92849
-5.90838
-5.89176
-5.87867
-5.86036
-5.83976
-5.81718
-5.79779
-5.79349
-5.80454
-5.8333
-5.87011
-5.91127
-5.94999
-5.98404
-6.02043
-6.06416
-6.11374
-6.16142
-6.19555
-6.21255
-6.20293
-6.17024
-6.11563
-6.04301
-5.96839
-5.89878
-5.84425
-5.80717
-5.78859
-5.79167
-5.81614
-5.86126
-5.91279
-5.96358
-6.0034
-6.02977
-6.03383
-6.02553
-6.01144
-5.99996
-6.00143
-6.01779
-6.04712
-6.08696
-6.12224
-6.14661
-6.1555
-6.1517
-6.13275
-6.11107
-6.08991
-6.07338
-6.05324
-6.02986
-6.00445
-5.97453
-5.95101
-5.92637
-5.90256
-5.87032
-5.8346
-5.79479
-5.76108
-5.74112
-5.74243
-5.75983
-5.79195
-5.82895
-5.86819
-5.91318
-5.95543
-6.00549
-6.05371
-6.10086
-6.14147
-6.16324
-6.16443
-6.1423
-6.10163
-6.05761
-6.02252
-6.01251
-6.01626
-6.02533
-6.02694
-6.02275
-6.00986
-5.9993
-5.98767
-5.98055
-5.98017
-5.98096
-5.9794
-5.97555
-5.96095
-5.94118
-5.91109
-5.87569
-5.84472
-5.81957
-5.81232
-5.82129
-5.84619
-5.8835
-5.92194
-5.95254
-5.97233
-5.97487
-5.97315
-5.96993
-5.96559
-5.96427
-5.95731
-5.94083
-5.91234
-5.86799
-5.82163
-5.78414
-5.7593
-5.75479
-5.76828
-5.7907
-5.81715
-5.83806
-5.85419
-5.86727
-5.88252
-5.90288
-5.93027
-5.96178
-5.99242
-6.01396
-6.02925
-6.02922
-6.01635
-5.99457
-5.97861
-5.97242
-5.98411
-6.00809
-6.03799
-6.06127
-6.07793
-6.08671
-6.07939
-6.06215
-6.03713
-6.00828
-5.98544
-5.96912
-5.9596
-5.96083
-5.96875
-5.99478
-6.04015
-6.09428
-6.14444
-6.1896
-6.21977
-6.24162
-6.25183
-6.24907
-6.22909
-6.19656
-6.14538
-6.08687
-6.02691
-5.97032
-5.91658
-5.86552
-5.82669
-5.80491
-5.79921
-5.81032
-5.83149
-5.86002
-5.89093
-5.91529
-5.93267
-5.93727
-5.9338
-5.9199
-5.8999
-5.87988
-5.8647
-5.85996
-5.86382
-5.87448
-5.89394
-5.91761
-5.94329
-5.96424
-5.9822
-5.99557
-6.0057
-6.01677
-6.03556
-6.06185
-6.08808
-6.11126
-6.12095
-6.11267
-6.08117
-6.03308
-5.97526
-5.92871
-5.90311
-5.89366
-5.88459
-5.87847
-5.87577
-5.88783
-5.91757
-5.95127
-5.98146
-6.00202
-6.00375
-5.99345
-5.97163
-5.9482
-5.92956
-5.9183
-5.91379
-5.91137
-5.90616
-5.8995
-5.89009
-5.87605
-5.86011
-5.84552
-5.83322
-5.82639
-5.82555
-5.83052
-5.83856
-5.84623
-5.85464
-5.85974
-5.85798
-5.84899
-5.83933
-5.83181
-5.83519
-5.85497
-5.8963
-5.95513
-6.02483
-6.10154
-6.17814
-6.24677
-6.30125
-6.333
-6.33627
-6.30642
-6.2509
-6.16792
-6.07295
-5.97342
-5.87908
-5.80164
-5.74662
-5.72144
-5.72633
-5.75556
-5.80395
-5.86249
-5.92581
-5.98487
-6.03333
-6.06982
-6.0908
-6.08899
-6.06339
-6.01917
-5.96347
-5.90747
-5.86563
-5.83643
-5.82873
-5.83313
-5.84497
-5.86067
-5.86806
-5.86708
-5.85952
-5.8492
-5.84428
-5.84912
-5.87124
-5.9102
-5.96336
-6.02822
-6.09422
-6.15325
-6.19606
-6.21401
-6.2055
-6.16915
-6.113
-6.04084
-5.96247
-5.89543
-5.83612
-5.7848
-5.73955
-5.70864
-5.70118
-5.73057
-5.79604
-5.88393
-5.97226
-6.04391
-6.09338
-6.11662
-6.11071
-6.08067
-6.03576
-5.99102
-5.96319
-5.96447
-5.99897
-6.04597
-6.08237
-6.1014
-6.09159
-6.06082
-6.01449
-5.96389
-5.91666
-5.88581
-5.87198
-5.87192
-5.87864
-5.89084
-5.89909
-5.9078
-5.91699
-5.92826
-5.93702
-5.94335
-5.94273
-5.93667
-5.93654
-5.94677
-5.96977
-6.00443
-6.04116
-6.07359
-6.10027
-6.10941
-6.1078
-6.08676
-6.05475
-6.01901
-5.98688
-5.96541
-5.95374
-5.94838
-5.94678
-5.94562
-5.94786
-5.94771
-5.9466
-5.94001
-5.93255
-5.92163
-5.91521
-5.91136
-5.90586
-5.90079
-5.90007
-5.90937
-5.92632
-5.95002
-5.96954
-5.97944
-5.97882
-5.97223
-5.95901
-5.94773
-5.93956
-5.93931
-5.95172
-5.97576
-6.01326
-6.05471
-6.09859
-6.13764
-6.15687
-6.15171
-6.12577
-6.08912
-6.04894
-6.01954
-6.00218
-5.99681
-5.98989
-5.97905
-5.9613
-5.93404
-5.90245
-5.86634
-5.83053
-5.81312
-5.81103
-5.83599
-5.87971
-5.92277
-5.95708
-5.97162
-5.96524
-5.9433
-5.91865
-5.88947
-5.86656
-5.85476
-5.85587
-5.86556
-5.88166
-5.90312
-5.92638
-5.95478
-5.98618
-6.02135
-6.05869
-6.09286
-6.11904
-6.13666
-6.14826
-6.15005
-6.15005
-6.14553
-6.12813
-6.10057
-6.06334
-6.02705
-5.99917
-5.98085
-5.96953
-5.95825
-5.94281
-5.91635
-5.87373
-5.8222
-5.77072
-5.72586
-5.69876
-5.68972
-5.6994
-5.72279
-5.75252
-5.79206
-5.83456
-5.88174
-5.92807
-5.96549
-5.98832
-5.99005
-5.97844
-5.95921
-5.94103
-5.92906
-5.93
-5.94252
-5.96661
-5.99938
-6.03664
-6.07288
-6.10534
-6.12563
-6.12672
-6.11453
-6.08586
-6.05026
-6.01229
-5.97778
-5.95569
-5.94748
-5.95284
-5.97097
-5.99709
-6.02601
-6.04854
-6.05927
-6.05025
-6.02502
-5.99226
-5.95851
-5.93213
-5.91391
-5.90651
-5.90328
-5.90344
-5.89875
-5.89123
-5.88625
-5.88868
-5.89917
-5.92432
-5.95613
-5.99271
-6.02412
-6.04197
-6.04562
-6.03276
-6.00406
-5.96502
-5.92833
-5.90506
-5.89658
-5.89719
-5.90201
-5.91106
-5.92444
-5.93827
-5.95543
-5.97257
-5.98405
-5.98399
-5.97461
-5.95726
-5.94545
-5.94437
-5.96363
-6.00263
-6.05397
-6.10481
-6.14826
-6.17773
-6.18259
-6.16112
-6.11752
-6.06098
-5.99041
-5.92248
-5.86882
-5.84592
-5.85821
-5.89854
-5.94978
-5.99914
-6.03635
-6.05557
-6.05943
-6.05696
-6.05098
-6.03843
-6.01894
-5.99249
-5.95931
-5.9201
-5.88369
-5.85161
-5.8304
-5.82793
-5.83746
-5.86401
-5.90079
-5.94013
-5.97257
-5.99497
-5.9968
-5.9793
-5.94594
-5.90419
-5.86253
-5.82952
-5.81621
-5.82612
-5.85797
-5.90585
-5.9539
-6.00183
-6.04095
-6.06863
-6.08623
-6.09563
-6.09401
-6.08711
-6.07453
-6.05205
-6.02182
-5.98468
-5.94214
-5.90065
-5.86976
-5.86237
-5.87975
-5.92076
-5.96619
-6.01148
-6.04154
-6.05595
-6.05793
-6.0449
-6.02257
-5.98953
-5.94695
-5.90276
-5.87028
-5.85116
-5.85006
-5.87113
-5.90518
-5.94951
-6.00552
-6.0601
-6.1153
-6.15519
-6.16906
-6.16216
-6.13207
-6.09096
-6.0406
-5.99689
-5.96213
-5.94536
-5.94579
-5.95945
-5.97114
-5.97619
-5.9613
-5.93131
-5.88797
-5.83781
-5.79265
-5.75662
-5.73249
-5.72252
-5.72682
-5.743
-5.763
-5.78166
-5.79807
-5.80538
-5.80673
-5.80629
-5.81008
-5.81692
-5.83791
-5.87387
-5.92412
-5.98425
-6.04236
-6.09363
-6.13062
-6.14698
-6.1421
-6.12265
-6.09697
-6.07052
-6.04198
-6.00864
-5.96974
-5.9278
-5.88473
-5.85193
-5.8302
-5.82013
-5.82132
-5.83488
-5.85893
-5.89983
-5.96178
-6.03974
-6.12578
-6.20403
-6.26011
-6.28049
-6.26493
-6.22128
-6.15898
-6.08762
-6.0222
-5.96895
-5.93561
-5.91952
-5.91377
-5.91459
-5.91795
-5.92279
-5.93037
-5.94066
-5.94823
-5.95586
-5.96454
-5.97275
-5.97873
-5.98354
-5.97975
-5.97328
-5.96202
-5.95088
-5.93835
-5.92505
-5.90638
-5.88857
-5.87127
-5.85403
-5.84657
-5.8448
-5.85646
-5.88564
-5.92659
-5.97213
-6.00828
-6.03168
-6.03611
-6.02593
-6.00331
-5.97714
-5.95361
-5.93823
-5.93694
-5.94246
-5.95249
-5.95945
-5.95736
-5.94848
-5.93247
-5.91099
-5.89247
-5.88582
-5.88941
-5.89867
-5.90928
-5.91786
-5.93593
-5.97271
-6.01763
-6.06847
-6.1043
-6.12196
-6.12736
-6.12344
-6.11114
-6.08868
-6.05262
-6.00615
-5.95516
-5.91502
-5.89222
-5.88516
-5.89326
-5.91885
-5.95091
-5.98812
-6.01844
-6.03473
-6.03775
-6.028
-6.01148
-5.98943
-5.96539
-5.94272
-5.93128
-5.92748
-5.93406
-5.94034
-5.93693
-5.91257
-5.86679
-5.79996
-5.72921
-5.67438
-5.6586
-5.68602
-5.7506
-5.83487
-5.9259
-6.00427
-6.06906
-6.12038
-6.15596
-6.17607
-6.18065
-6.16643
-6.13681
-6.09927
-6.05652
-6.01794
-5.98756
-5.97488
-5.9725
-5.98518
-6.01207
-6.03888
-6.06692
-6.08999
-6.1026
-6.1108
-6.11429
-6.11928
-6.12438
-6.12387
-6.1158
-6.08962
-6.04615
-5.98997
-5.91696
-5.84281
-5.77583
-5.73074
-5.71038
-5.7101
-5.72739
-5.7509
-5.77366
-5.79767
-5.81724
-5.84061
-5.86501
-5.88797
-5.90471
-5.91374
-5.91566
-5.91994
-5.93103
-5.94861
-5.97335
-5.9934
-6.00819
-6.0201
-6.02536
-6.02486
-6.02456
-6.02396
-6.02197
-6.01718
-6.01272
-6.00608
-6.00053
-5.99231
-5.98055
-5.9564
-5.92658
-5.89711
-5.87561
-5.86992
-5.87556
-5.88397
-5.8919
-5.90039
-5.91146
-5.92525
-5.94353
-5.97949
-6.03178
-6.09563
-6.1601
-6.21931
-6.26483
-6.28819
-6.28306
-6.25557
-6.21367
-6.1734
-6.14447
-6.12701
-6.11624
-6.10473
-6.08611
-6.05605
-6.01939
-5.97096
-5.91935
-5.87224
-5.83562
-5.81561
-5.80947
-5.81099
-5.81416
-5.81499
-5.81066
-5.80096
-5.78829
-5.77909
-5.7732
-5.77738
-5.78856
-5.80868
-5.83055
-5.85328
-5.87029
-5.88317
-5.89345
-5.90604
-5.92178
-5.9438
-5.96662
-5.989
-6.00762
-6.01991
-6.03389
-6.04931
-6.06395
-6.06607
-6.05382
-6.01994
-5.9758
-5.93439
-5.91185
-5.91035
-5.92278
-5.93681
-5.94327
-5.94098
-5.92419
-5.90081
-5.86729
-5.82774
-5.79305
-5.77698
-5.78356
-5.80978
-5.84265
-5.86722
-5.88587
-5.90157
-5.92048
-5.93315
-5.94773
-5.95638
-5.95551
-5.94898
-5.9371
-5.92355
-5.91392
-5.90727
-5.91002
-5.92147
-5.94305
-5.96667
-5.99349
-6.01925
-6.04245
-6.0601
-6.07172
-6.06985
-6.05386
-6.01862
-5.96849
-5.91319
-5.86908
-5.84028
-5.83315
-5.85265
-5.89162
-5.94542
-6.00719
-6.07011
-6.12262
-6.16402
-6.18534
-6.18754
-6.17627
-6.14529
-6.09727
-6.03103
-5.95376
-5.87445
-5.81442
-5.78539
-5.79409
-5.8275
-5.87086
-5.91026
-5.93746
-5.94741
-5.9393
-5.92752
-5.91773
-5.918
-5.9368
-5.97101
-6.01369
-6.05153
-6.07555
-6.08264
-6.07299
-6.04768
-6.01598
-5.99066
-5.9803
-5.98926
-6.01431
-6.04678
-6.07864
-6.09054
-6.08137
-6.04534
-5.993
-5.93517
-5.87792
-5.83564
-5.81493
-5.81004
-5.82042
-5.84089
-5.85967
-5.87393
-5.87469
-5.86405
-5.84323
-5.82009
-5.80424
-5.79888
-5.80996
-5.83934
-5.88432
-5.94193
-5.99784
-6.04452
-6.06656
-6.06742
-6.0499
-6.02411
-5.99646
-5.97776
-5.97054
-5.97466
-5.98808
-6.0091
-6.03851
-6.07542
-6.11507
-6.15446
-6.18533
-6.20917
-6.22317
-6.21762
-6.19991
-6.17068
-6.1302
-6.08504
-6.04056
-6.00557
-5.97995
-5.96478
-5.95003
-5.9357
-5.91613
-5.89771
-5.87526
-5.86166
-5.86003
-5.86885
-5.88894
-5.90835
-5.92095
-5.92311
-5.91997
-5.91043
-5.89838
-5.88316
-5.87526
-5.87135
-5.874
-5.88195
-5.89039
-5.90281
-5.91728
-5.93449
-5.94891
-5.95645
-5.97053
-5.99369
-6.02376
-6.05194
-6.07625
-6.09477
-6.10694
-6.10855
-6.10019
-6.08139
-6.0544
-6.02151
-5.99328
-5.97166
-5.96036
-5.96195
-5.97602
-6.00118
-6.02895
-6.05341
-6.06505
-6.07165
-6.07741
-6.08281
-6.08814
-6.09019
-6.07961
-6.05691
-6.02095
-5.97192
-5.91876
-5.86657
-5.82086
-5.78905
-5.7778
-5.78745
-5.82247
-5.8812
-5.95294
-6.01932
-6.06822
-6.09252
-6.08895
-6.06373
-6.02494
-5.98359
-5.94095
-5.90573
-5.87347
-5.84968
-5.8311
-5.82416
-5.82834
-5.84224
-5.85915
-5.87685
-5.88775
-5.88759
-5.87986
-5.8705
-5.86364
-5.86643
-5.87419
-5.88067
-5.88764
-5.88469
-5.87413
-5.85968
-5.84492
-5.83809
-5.8442
-5.86596
-5.89779
-5.93652
-5.97791
-6.01681
-6.04534
-6.06751
-6.07982
-6.08477
-6.08468
-6.08435
-6.09036
-6.10363
-6.11517
-6.12828
-6.13312
-6.12104
-6.09081
-6.03998
-5.97545
-5.90972
-5.85992
-5.83419
-5.84408
-5.88518
-5.94924
-6.01409
-6.06452
-6.09652
-6.11102
-6.10886
-6.09795
-6.08064
-6.05756
-6.03009
-5.99592
-5.96175
-5.92897
-5.903
-5.8863
-5.88314
-5.89139
-5.91139
-5.93537
-5.95371
-5.96575
-5.96732
-5.96737
-5.97364
-5.98656
-6.00411
-6.02387
-6.04109
-6.05445
-6.05865
-6.05538
-6.04729
-6.03333
-6.01554
-5.99466
-5.96949
-5.94775
-5.92919
-5.91571
-5.90578
-5.90057
-5.89675
-5.89468
-5.89198
-5.89531
-5.90123
-5.90758
-5.91621
-5.92512
-5.92663
-5.92106
-5.90828
-5.88835
-5.86477
-5.83909
-5.81556
-5.80488
-5.80764
-5.83157
-5.87193
-5.92887
-5.98955
-6.04486
-6.08147
-6.10156
-6.09788
-6.08164
-6.0664
-6.05369
-6.05216
-6.0545
-6.05878
-6.06373
-6.05857
-6.04833
-6.03159
-6.00929
-5.98637
-5.96043
-5.93873
-5.91872
-5.89971
-5.8833
-5.87626
-5.87509
-5.8907
-5.92164
-5.96499
-6.01327
-6.05462
-6.07837
-6.07888
-6.06586
-6.04087
-6.01371
-5.99021
-5.97355
-5.95692
-5.94495
-5.93238
-5.92059
-5.91091
-5.89996
-5.8926
-5.89165
-5.89646
-5.91177
-5.93168
-5.95463
-5.97873
-6.00012
-6.00816
-5.99866
-5.9736
-5.93643
-5.89695
-5.86487
-5.84652
-5.84098
-5.85229
-5.87676
-5.90809
-5.94109
-5.97223
-6.0064
-6.04014
-6.07559
-6.10835
-6.12922
-6.13479
-6.12145
-6.08421
-6.03912
-5.99223
-5.95001
-5.92846
-5.9242
-5.92851
-5.93558
-5.93701
-5.92915
-5.91348
-5.90057
-5.89563
-5.89949
-5.92251
-5.95299
-5.97978
-6.0058
-6.02525
-6.04523
-6.06345
-6.08525
-6.09752
-6.09864
-6.08331
-6.05549
-6.02063
-5.98266
-5.94512
-5.91713
-5.90183
-5.89879
-5.90793
-5.92028
-5.9347
-5.94477
-5.94708
-5.94902
-5.9507
-5.95377
-5.95469
-5.94851
-5.93911
-5.92435
-5.91102
-5.89796
-5.89099
-5.88505
-5.87744
-5.8705
-5.86955
-5.87801
-5.89306
-5.91305
-5.93396
-5.95166
-5.96345
-5.9624
-5.95646
-5.94841
-5.93876
-5.93691
-5.94433
-5.96209
-5.98612
-6.01705
-6.04875
-6.076
-6.09944
-6.11826
-6.1285
-6.12722
-6.11472
-6.08747
-6.04941
-6.00445
-5.96289
-5.92599
-5.89644
-5.87959
-5.87327
-5.87594
-5.88608
-5.89649
-5.90714
-5.91494
-5.91945
-5.92453
-5.92918
-5.9345
-5.94125
-5.95264
-5.96679
-5.97981
-5.98838
-5.99457
-5.99309
-5.98697
-5.97779
-5.97
-5.9667
-5.96645
-5.97315
-5.98047
-5.98709
-5.98977
-5.98596
-5.97827
-5.96667
-5.96022
-5.96584
-5.98533
-6.01867
-6.0554
-6.0865
-6.10331
-6.10293
-6.09081
-6.06735
-6.03542
-6.00073
-5.95869
-5.91056
-5.85504
-5.796
-5.74071
-5.69686
-5.67469
-5.67595
-5.69073
-5.71019
-5.72639
-5.73578
-5.74799
-5.76863
-5.8052
-5.8542
-5.91345
-5.97792
-6.04091
-6.09493
-6.13095
-6.15203
-6.15322
-6.14266
-6.12243
-6.10266
-6.08515
-6.0743
-6.06993
-6.06856
-6.06781
-6.06675
-6.06229
-6.0584
-6.05208
-6.04457
-6.0293
-6.00545
-5.97078
-5.92521
-5.87357
-5.82378
-5.78975
-5.77472
-5.78985
-5.83494
-5.8985
-5.9649
-6.02179
-6.05888
-6.07338
-6.06687
-6.05091
-6.02632
-5.99502
-5.96133
-5.92022
-5.87416
-5.82884
-5.79105
-5.76802
-5.76016
-5.76723
-5.79179
-5.82814
-5.88259
-5.94889
-6.02016
-6.08723
-6.13809
-6.15907
-6.1517
-6.11679
-6.06024
-5.99154
-5.92367
-5.86794
-5.83538
-5.82904
-5.84302
-5.87289
-5.90636
-5.93689
-5.96929
-6.00755
-6.05181
-6.10447
-6.15487
-6.19361
-6.22369
-6.23348
-6.22422
-6.19562
-6.1559
-6.1026
-6.03665
-5.97397
-5.92629
-5.89999
-5.8941
-5.90348
-5.92252
-5.94698
-5.97003
-5.98839
-5.99988
-5.99836
-5.98389
-5.95434
-5.92077
-5.89325
-5.88333
-5.88732
-5.88919
-5.88549
-5.87742
-5.86759
-5.86574
-5.87115
-5.88773
-5.90944
-5.93547
-5.95806
-5.97599
-5.98371
-5.98766
-5.98346
-5.97883
-5.97939
-5.98581
-5.99945
-6.0095
-6.01067
-6.00504
-5.984
-5.9591
-5.934
-5.91666
-5.90187
-5.89416
-5.8881
-5.88203
-5.87164
-5.85564
-5.8387
-5.82169
-5.81185
-5.8159
-5.82684
-5.84318
-5.85818
-5.86733
-5.86975
-5.86504
-5.85739
-5.85072
-5.84787
-5.85183
-5.86841
-5.89755
-5.9382
-5.98558
-6.02978
-6.06929
-6.10463
-6.13545
-6.15968
-6.17771
-6.18163
-6.17463
-6.15781
-6.13007
-6.09381
-6.05274
-6.01206
-5.97209
-5.94676
-5.9366
-5.93877
-5.94905
-5.96199
-5.97003
-5.97404
-5.97631
-5.97381
-5.9696
-5.95784
-5.94177
-5.91869
-5.89636
-5.88083
-5.87693
-5.88124
-5.8869
-5.89142
-5.89244
-5.88748
-5.88113
-5.87962
-5.88843
-5.90452
-5.93244
-5.9708
-6.01419
-6.06221
-6.10651
-6.14735
-6.17719
-6.19039
-6.18544
-6.15631
-6.10465
-6.03089
-5.94133
-5.8499
-5.76646
-5.70542
-5.67206
-5.66302
-5.67443
-5.70196
-5.74211
-5.78089
-5.81183
-5.84342
-5.87082
-5.89679
-5.92462
-5.95306
-5.98224
-6.0174
-6.05153
-6.08212
-6.10268
-6.11581
-6.11566
-6.10652
-6.08722
-6.06109
-6.03121
-5.99522
-5.95866
-5.92406
-5.89297
-5.86555
-5.84814
-5.8432
-5.85302
-5.87749
-5.90679
-5.93476
-5.95761
-5.97467
-5.97597
-5.96555
-5.94456
-5.91524
-5.88164
-5.85137
-5.82659
-5.81003
-5.79846
-5.78802
-5.78442
-5.80411
-5.8531
-5.91855
-5.98468
-6.04141
-6.08754
-6.11816
-6.13513
-6.13497
-6.11944
-6.08777
-6.04162
-5.98548
-5.93063
-5.89125
-5.87778
-5.89474
-5.92891
-5.96928
-5.99708
-6.01458
-6.0242
-6.02328
-6.02074
-6.01548
-6.01562
-6.01184
-6.00975
-6.00868
-6.01489
-6.02944
-6.05469
-6.08983
-6.12457
-6.15908
-6.18155
-6.18634
-6.17261
-6.1339
-6.07773
-6.00527
-5.92784
-5.84769
-5.77501
-5.70935
-5.65828
-5.62916
-5.62789
-5.65731
-5.71411
-5.7901
-5.86744
-5.93703
-5.99157
-6.02453
-6.03741
-6.0284
-6.00065
-5.96291
-5.92354
-5.90122
-5.89648
-5.91713
-5.95673
-6.0023
-6.03877
-6.05995
-6.05988
-6.03668
-5.99565
-5.95752
-5.93571
-5.93439
-5.94232
-5.95577
-5.96922
-5.98032
-5.98971
-5.9925
-5.98696
-5.96935
-5.94521
-5.91655
-5.88583
-5.8585
-5.84167
-5.83653
-5.84827
-5.8746
-5.90731
-5.93842
-5.95972
-5.96581
-5.96222
-5.95277
-5.9431
-5.94098
-5.94804
-5.96156
-5.97415
-5.98297
-5.98612
-5.97932
-5.96383
-5.94165
-5.91595
-5.88642
-5.86481
-5.85401
-5.86244
-5.88755
-5.9206
-5.95541
-5.98699
-6.01866
-6.04885
-6.08261
-6.12306
-6.15505
-6.17406
-6.1726
-6.14673
-6.09916
-6.03724
-5.96937
-5.91092
-5.86778
-5.84867
-5.85143
-5.87153
-5.90149
-5.93271
-5.95878
-5.98051
-5.99365
-6.00365
-6.01368
-6.02316
-6.02596
-6.0327
-6.04059
-6.05037
-6.06015
-6.06399
-6.05677
-6.03843
-6.00334
-5.95833
-5.90379
-5.85388
-5.81953
-5.80962
-5.82592
-5.86263
-5.9126
-5.96556
-6.01332
-6.05066
-6.08085
-6.10896
-6.13219
-6.15501
-6.17161
-6.17594
-6.16215
-6.13092
-6.07977
-6.01419
-5.9423
-5.87651
-5.83102
-5.81313
-5.81985
-5.84521
-5.87579
-5.89823
-5.9129
-5.92992
-5.95265
-5.98543
-6.01863
-6.0424
-6.05566
-6.05682
-6.04502
-6.0298
-6.00871
-5.99085
-5.97753
-5.96994
-5.96662
-5.96231
-5.9561
-5.94726
-5.93934
-5.93257
-5.92854
-5.92607
-5.92156
-5.9181
-5.90898
-5.90303
-5.8984
-5.90134
-5.90692
-5.91151
-5.91314
-5.91661
-5.92365
-5.93679
-5.95774
-5.9854
-6.02245
-6.06453
-6.10527
-6.13188
-6.13759
-6.12378
-6.08457
-6.02271
-5.9411
-5.85727
-5.78485
-5.74121
-5.73282
-5.75976
-5.81413
-5.88858
-5.96837
-6.04223
-6.10043
-6.13577
-6.14341
-6.12575
-6.08967
-6.04331
-6.00333
-5.97483
-5.95962
-5.95831
-5.96135
-5.96527
-5.95594
-5.93667
-5.91141
-5.89092
-5.88309
-5.88725
-5.8987
-5.91047
-5.91956
-5.92812
-5.9424
-5.95921
-5.98244
-6.00465
-6.02137
-6.02618
-6.02425
-6.02017
-6.01821
-6.02281
-6.03205
-6.03977
-6.0411
-6.0345
-6.0169
-5.99615
-5.97833
-5.96557
-5.96093
-5.95866
-5.95868
-5.95405
-5.94813
-5.9462
-5.95115
-5.9628
-5.98054
-5.99817
-6.00596
-6.00452
-5.99259
-5.97487
-5.95773
-5.94547
-5.94321
-5.94677
-5.95736
-5.97702
-5.9987
-6.01704
-6.0383
-6.05335
-6.05712
-6.04705
-6.02053
-5.98165
-5.9415
-5.9142
-5.90633
-5.9173
-5.93361
-5.94478
-5.94863
-5.94869
-5.94483
-5.93836
-5.9266
-5.91665
-5.91043
-5.91121
-5.92154
-5.93369
-5.94672
-5.95891
-5.97245
-5.97626
-5.96998
-5.94731
-5.91554
-5.87979
-5.85966
-5.86116
-5.88563
-5.91638
-5.94685
-5.97602
-6.00093
-6.01846
-6.03005
-6.03152
-6.02406
-6.01907
-6.01716
-6.02375
-6.03958
-6.05843
-6.0764
-6.09632
-6.1166
-6.13456
-6.1507
-6.16659
-6.17348
-6.17393
-6.15554
-6.12029
-6.06093
-5.98288
-5.89061
-5.79629
-5.7128
-5.65389
-5.62654
-5.63176
-5.66137
-5.70427
-5.75182
-5.7943
-5.82769
-5.84461
-5.84787
-5.84156
-5.83257
-5.82453
-5.82828
-5.84311
-5.8631
-5.88931
-5.90908
-5.92469
-5.93909
-5.95808
-5.97888
-6.00076
-6.02114
-6.03583
-6.04276
-6.04071
-6.03256
-6.01496
-5.98997
-5.95543
-5.91499
-5.87692
-5.84608
-5.82808
-5.836
-5.86519
-5.91622
-5.97526
-6.03839
-6.09894
-6.1527
-6.19251
-6.21585
-6.21634
-6.19589
-6.1565
-6.10543
-6.05358
-6.00527
-5.96274
-5.92474
-5.89401
-5.87175
-5.86456
-5.87474
-5.90052
-5.93451
-5.96189
-5.9763
-5.97619
-5.96743
-5.95509
-5.94371
-5.93757
-5.94367
-5.95525
-5.97204
-5.9907
-6.00616
-6.02345
-6.04882
-6.08021
-6.11074
-6.1196
-6.10367
-6.06172
-6.01151
-5.96314
-5.9328
-5.93012
-5.94929
-5.98682
-6.0254
-6.05472
-6.07098
-6.06706
-6.04402
-6.0049
-5.95538
-5.90629
-5.86373
-5.83432
-5.81905
-5.81351
-5.8136
-5.81769
-5.81522
-5.8105
-5.80548
-5.81008
-5.8361
-5.8834
-5.93821
-5.98976
-6.02463
-6.03187
-6.01814
-5.9906
-5.9569
-5.9196
-5.88041
-5.84103
-5.81446
-5.80054
-5.80034
-5.81491
-5.8385
-5.86882
-5.90309
-5.93847
-5.97735
-6.01357
-6.05286
-6.09432
-6.13362
-6.17205
-6.20636
-6.23142
-6.24472
-6.24747
-6.24467
-6.24644
-6.24675
-6.24275
-6.22064
-6.17641
-6.11103
-6.02996
-5.94334
-5.85528
-5.78155
-5.72941
-5.69839
-5.69789
-5.72309
-5.77249
-5.83374
-5.89977
-5.95405
-5.98899
-5.99865
-5.98678
-5.95668
-5.92589
-5.89782
-5.88166
-5.87826
-5.88276
-5.89404
-5.90527
-5.91474
-5.92428
-5.93687
-5.95737
-5.97628
-5.9897
-5.99175
-5.9833
-5.97002
-5.96073
-5.95323
-5.95519
-5.96935
-5.99144
-6.01727
-6.04224
-6.06303
-6.06927
-6.06319
-6.04152
-6.01125
-5.97826
-5.95191
-5.9379
-5.9379
-5.95452
-5.98332
-6.01831
-6.04844
-6.06258
-6.06631
-6.05148
-6.02556
-5.99314
-5.95879
-5.92875
-5.90362
-5.88785
-5.87913
-5.88059
-5.89091
-5.9057
-5.92321
-5.94376
-5.95994
-5.97289
-5.98191
-5.98388
-5.98169
-5.97596
-5.96865
-5.96535
-5.96296
-5.96282
-5.96537
-5.9635
-5.95621
-5.95384
-5.96101
-5.98024
-6.01195
-6.04148
-6.06313
-6.07251
-6.06867
-6.04651
-6.00928
-5.96205
-5.90655
-5.85594
-5.81481
-5.79038
-5.7857
-5.8002
-5.82658
-5.85393
-5.87766
-5.88744
-5.88876
-5.88053
-5.86673
-5.85559
-5.85247
-5.8613
-5.8821
-5.91688
-5.95965
-6.00501
-6.0472
-6.07597
-6.09029
-6.09011
-6.08197
-6.06795
-6.05042
-6.03227
-6.01934
-6.00753
-5.99223
-5.97542
-5.95689
-5.94287
-5.93884
-5.94844
-5.96853
-5.99848
-6.02995
-6.0634
-6.08838
-6.09923
-6.08649
-6.05364
-6.0018
-5.93685
-5.86822
-5.80444
-5.76073
-5.74469
-5.75657
-5.78705
-5.83196
-5.87933
-5.92396
-5.95507
-5.97018
-5.96644
-5.95434
-5.9338
-5.91866
-5.9134
-5.91972
-5.93587
-5.95993
-5.98683
-6.01834
-6.05493
-6.08774
-6.11659
-6.1333
-6.13483
-6.12261
-6.10014
-6.06888
-6.03318
-5.99576
-5.96051
-5.92747
-5.9001
-5.87547
-5.86571
-5.87107
-5.89127
-5.92132
-5.95426
-5.97784
-5.98443
-5.97133
-5.94941
-5.92145
-5.89791
-5.88595
-5.88553
-5.89847
-5.92034
-5.94732
-5.97271
-5.99413
-6.00722
-6.0066
-5.99292
-5.97016
-5.94634
-5.93304
-5.93681
-5.9608
-5.99723
-6.03171
-6.05423
-6.05726
-6.04478
-6.02178
-5.99491
-5.96168
-5.92611
-5.88342
-5.84066
-5.80289
-5.77215
-5.75854
-5.76679
-5.79606
-5.84867
-5.92074
-5.99357
-6.05774
-6.0998
-6.11319
-6.09911
-6.06255
-6.01135
-5.95015
-5.89736
-5.86156
-5.85623
-5.87496
-5.91555
-5.97205
-6.03938
-6.10854
-6.16875
-6.21116
-6.22355
-6.21221
-6.17868
-6.12387
-6.05591
-5.98181
-5.91549
-5.8625
-5.82883
-5.82335
-5.83654
-5.87034
-5.91345
-5.9534
-5.97926
-5.98451
-5.97401
-5.95286
-5.93247
-5.93021
-5.93978
-5.95567
-5.96802
-5.96745
-5.95707
-5.94867
-5.94581
-5.95538
-5.9725
-5.99958
-6.02147
-6.03618
-6.0424
-6.03429
-6.0175
-5.98505
-5.94014
-5.89265
-5.84893
-5.80921
-5.77553
-5.74471
-5.71863
-5.70361
-5.70578
-5.73137
-5.77854
-5.83772
-5.90301
-5.96194
-6.01263
-6.05153
-6.08092
-6.10095
-6.11319
-6.11363
-6.10028
-6.07505
-6.04208
-6.00852
-5.97423
-5.9499
-5.93462
-5.92762
-5.93253
-5.94921
-5.97335
-6.00291
-6.02905
-6.05091
-6.05226
-6.03263
-5.99225
-5.94132
-5.89269
-5.85556
-5.8322
-5.82884
-5.84047
-5.86108
-5.88625
-5.90721
-5.92847
-5.93833
-5.93893
-5.93538
-5.92719
-5.91828
-5.90932
-5.89947
-5.88879
-5.87924
-5.87301
-5.87226
-5.86989
-5.87289
-5.87693
-5.88138
-5.89063
-5.90349
-5.91762
-5.93897
-5.96516
-5.99165
-6.01795
-6.04838
-6.07759
-6.10662
-6.13064
-6.14395
-6.1456
-6.13627
-6.11153
-6.07375
-6.0269
-5.97448
-5.93021
-5.89686
-5.87854
-5.86598
-5.86335
-5.86112
-5.86784
-5.88036
-5.90233
-5.93537
-5.9691
-6.00383
-6.03454
-6.06114
-6.07577
-6.08235
-6.07797
-6.06312
-6.04792
-6.03292
-6.02136
-6.01115
-5.99857
-5.98551
-5.97456
-5.96791
-5.98299
-6.00986
-6.05199
-6.09667
-6.13535
-6.16457
-6.17801
-6.1759
-6.1554
-6.11459
-6.05778
-5.98132
-5.88924
-5.79372
-5.70621
-5.63812
-5.59565
-5.58414
-5.59559
-5.62642
-5.6664
-5.71329
-5.76025
-5.80031
-5.82834
-5.84147
-5.84206
-5.84574
-5.85437
-5.87104
-5.89864
-5.94077
-5.98261
-6.01688
-6.03816
-6.03646
-6.01822
-5.98867
-5.9562
-5.93296
-5.92683
-5.93694
-5.96793
-6.00654
-6.04582
-6.07631
-6.08936
-6.08681
-6.07373
-6.06411
-6.05571
-6.05161
-6.04332
-6.03148
-6.01673
-6.00095
-5.98534
-5.97423
-5.96843
-5.96628
-5.96894
-5.97192
-5.96815
-5.95182
-5.92831
-5.89662
-5.86727
-5.84529
-5.83551
-5.84655
-5.87406
-5.90958
-5.93887
-5.96669
-5.98988
-6.01098
-6.02805
-6.04209
-6.05552
-6.0682
-6.08584
-6.10044
-6.11207
-6.11272
-6.10729
-6.08921
-6.07186
-6.05791
-6.04917
-6.04456
-6.04261
-6.03168
-6.01565
-5.99911
-5.98689
-5.97615
-5.97161
-5.96966
-5.97463
-5.98285
-5.99292
-6.00156
-5.9991
-5.98418
-5.95019
-5.90144
-5.84392
-5.78934
-5.74514
-5.72333
-5.72661
-5.74903
-5.78446
-5.81829
-5.84907
-5.86861
-5.87863
-5.8903
-5.9071
-5.9361
-5.97189
-6.00793
-6.04403
-6.07781
-6.11178
-6.13999
-6.16148
-6.1697
-6.16366
-6.14375
-6.10981
-6.06704
-6.02475
-5.98711
-5.96247
-5.9504
-5.94754
-5.94677
-5.94121
-5.93057
-5.91948
-5.91087
-5.90755
-5.91074
-5.92366
-5.9543
-5.99652
-6.04247
-6.08157
-6.104
-6.10804
-6.09446
-6.06652
-6.02623
-5.98515
-5.94154
-5.90659
-5.88032
-5.86788
-5.86918
-5.87869
-5.89199
-5.90188
-5.90266
-5.89553
-5.88652
-5.88304
-5.88814
-5.90615
-5.92511
-5.93524
-5.92989
-5.90965
-5.87619
-5.83737
-5.79877
-5.77655
-5.77352
-5.78825
-5.81721
-5.85577
-5.90075
-5.95461
-6.00818
-6.05953
-6.10681
-6.14851
-6.17659
-6.18812
-6.18451
-6.17034
-6.1415
-6.10634
-6.07218
-6.04485
-6.02467
-6.01443
-6.01552
-6.02093
-6.02928
-6.03655
-6.03864
-6.0285
-6.00287
-5.95983
-5.8968
-5.82391
-5.74847
-5.6826
-5.63563
-5.61419
-5.62066
-5.65191
-5.69602
-5.74342
-5.78892
-5.83099
-5.86731
-5.90329
-5.9446
-5.99019
-6.03178
-6.06976
-6.10267
-6.12576
-6.13954
-6.14412
-6.14039
-6.13819
-6.13437
-6.13251
-6.12965
-6.12652
-6.11755
-6.09951
-6.07462
-6.04283
-6.01148
-5.97834
-5.94909
-5.92242
-5.89354
-5.86444
-5.83267
-5.80542
-5.77709
-5.76317
-5.76656
-5.77758
-5.79654
-5.81291
-5.82772
-5.84066
-5.85575
-5.87838
-5.90691
-5.94231
-5.98567
-6.0293
-6.06893
-6.0988
-6.11108
-6.10198
-6.06969
-6.02182
-5.96978
-5.91607
-5.87044
-5.84024
-5.8279
-5.8258
-5.8389
-5.86385
-5.89575
-5.93767
-5.97573
-6.01137
-6.03341
-6.04175
-6.02966
-6.00364
-5.96384
-5.91199
-5.85106
-5.79737
-5.75467
-5.73342
-5.73015
-5.74849
-5.78238
-5.82344
-5.87071
-5.91643
-5.95925
-5.98775
-6.00181
-6.00376
-6.00464
-6.00571
-6.01858
-6.03404
-6.05025
-6.06133
-6.0603
-6.05461
-6.05054
-6.05168
-6.05814
-6.07093
-6.08849
-6.10886
-6.13161
-6.14389
-6.15049
-6.14528
-6.12672
-6.09866
-6.06255
-6.02561
-5.99114
-5.96409
-5.94309
-5.92567
-5.91519
-5.90664
-5.91048
-5.92178
-5.93755
-5.95284
-5.96509
-5.97582
-5.98671
-6.00689
-6.02984
-6.04887
-6.05624
-6.04901
-6.02163
-5.98669
-5.94384
-5.90564
-5.87416
-5.85116
-5.83609
-5.8239
-5.81332
-5.80313
-5.79802
-5.80383
-5.82453
-5.86074
-5.90997
-5.96441
-6.01039
-6.04695
-6.06477
-6.06649
-6.0541
-6.02935
-6.0008
-5.97386
-5.95003
-5.93246
-5.9178
-5.90806
-5.89892
-5.89169
-5.88519
-5.87516
-5.86132
-5.84509
-5.82788
-5.81391
-5.80993
-5.81734
-5.83574
-5.86092
-5.88781
-5.91624
-5.93718
-5.95067
-5.96195
-5.97069
-5.98686
-6.01668
-6.05653
-6.10519
-6.15519
-6.19826
-6.2294
-6.2399
-6.23479
-6.21236
-6.18059
-6.1416
-6.10031
-6.06207
-6.02303
-5.97819
-5.9298
-5.88102
-5.828
-5.77775
-5.73876
-5.72281
-5.73612
-5.77405
-5.83169
-5.90548
-5.98358
-6.05995
-6.12271
-6.16459
-6.18503
-6.18741
-6.17123
-6.14522
-6.12071
-6.1056
-6.09403
-6.07806
-6.04896
-6.00415
-5.94349
-5.88262
-5.83013
-5.78998
-5.76392
-5.75255
-5.75762
-5.78084
-5.81433
-5.84811
-5.87835
-5.90006
-5.90677
-5.89951
-5.87725
-5.85155
-5.82971
-5.8272
-5.84151
-5.87221
-5.91314
-5.95484
-5.98718
-6.00481
-6.00636
-5.99402
-5.9737
-5.95691
-5.95016
-5.94923
-5.95574
-5.95821
-5.95552
-5.94711
-5.93381
-5.92054
-5.90584
-5.8978
-5.90208
-5.9216
-5.95228
-5.9992
-6.05239
-6.1143
-6.17328
-6.22058
-6.24464
-6.23961
-6.2084
-6.1505
-6.08051
-6.00482
-5.93274
-5.87528
-5.84153
-5.83549
-5.85488
-5.88929
-5.92602
-5.96027
-5.9861
-6.00275
-6.01679
-6.0237
-6.02265
-6.01321
-5.99078
-5.95855
-5.91682
-5.87101
-5.82683
-5.79569
-5.78888
-5.81259
-5.85519
-5.9098
-5.9654
-6.01255
-6.04015
-6.05786
-6.06522
-6.06311
-6.06032
-6.0488
-6.03112
-6.00364
-5.96871
-5.93101
-5.89504
-5.8695
-5.859
-5.87484
-5.90973
-5.95857
-6.01617
-6.06704
-6.1027
-6.11937
-6.11534
-6.09782
-6.06446
-6.02361
-5.98199
-5.94181
-5.90911
-5.8888
-5.87838
-5.8853
-5.91541
-5.97058
-6.03641
-6.09923
-6.14315
-6.15843
-6.14825
-6.11494
-6.06036
-5.99352
-5.92315
-5.85726
-5.80956
-5.7845
-5.78014
-5.78332
-5.79391
-5.81077
-5.83574
-5.8718
-5.91408
-5.96088
-5.99392
-6.01943
-6.03402
-6.04197
-6.04779
-6.05315
-6.06356
-6.07514
-6.08426
-6.08495
-6.07563
-6.06033
-6.04021
-6.02321
-6.00792
-5.99682
-5.98871
-5.98298
-5.97974
-5.97911
-5.97902
-5.98259
-5.98928
-5.99876
-6.01405
-6.03412
-6.04753
-6.04671
-6.02899
-5.99516
-5.9631
-5.92908
-5.89217
-5.85512
-5.81592
-5.78993
-5.78504
-5.80069
-5.83237
-5.87578
-5.92438
-5.97041
-6.01113
-6.04803
-6.08037
-6.10085
-6.10916
-6.10853
-6.08854
-6.05513
-6.00282
-5.94511
-5.88821
-5.84496
-5.82667
-5.84089
-5.88539
-5.93605
-5.96966
-5.98038
-5.96457
-5.93876
-5.91447
-5.90643
-5.91219
-5.93042
-5.95078
-5.9666
-5.97585
-5.97357
-5.95896
-5.9348
-5.90739
-5.87745
-5.84781
-5.81976
-5.80152
-5.79513
-5.80522
-5.82906
-5.85962
-5.89184
-5.92264
-5.94795
-5.96847
-5.98337
-5.98703
-5.97855
-5.95209
-5.90689
-5.86002
-5.81593
-5.78459
-5.77314
-5.78439
-5.80831
-5.84111
-5.8767
-5.91519
-5.95612
-6.00203
-6.04532
-6.07926
-6.1044
-6.11642
-6.1118
-6.09164
-6.06205
-6.03878
-6.01621
-6.01039
-6.02273
-6.04374
-6.07415
-6.10274
-6.12542
-6.13721
-6.13481
-6.11716
-6.08339
-6.04065
-5.99714
-5.96173
-5.93188
-5.90567
-5.87853
-5.85111
-5.82029
-5.79667
-5.7929
-5.81121
-5.85269
-5.90729
-5.96563
-6.01672
-6.05387
-6.06996
-6.0641
-6.04519
-6.01495
-5.98512
-5.95878
-5.94858
-5.94765
-5.95567
-5.96574
-5.97713
-5.98306
-5.98489
-5.98652
-5.98898
-5.99326
-5.98978
-5.98006
-5.96479
-5.93752
-5.90664
-5.87087
-5.83676
-5.80637
-5.78426
-5.77314
-5.77914
-5.80416
-5.84259
-5.88709
-5.93237
-5.97023
-5.99126
-5.99559
-5.98149
-5.95542
-5.92181
-5.88706
-5.86528
-5.85376
-5.85464
-5.86231
-5.87523
-5.88914
-5.90234
-5.91734
-5.93542
-5.95328
-5.97182
-5.9936
-6.02239
-6.05348
-6.08974
-6.12413
-6.14826
-6.16329
-6.16643
-6.16251
-6.14876
-6.13012
-6.10655
-6.07868
-6.05077
-6.02477
-6.00257
-5.98765
-5.97789
-5.97369
-5.98062
-5.99162
-6.00293
-6.00288
-5.98796
-5.96678
-5.93522
-5.90179
-5.87132
-5.84834
-5.83352
-5.82002
-5.81008
-5.80986
-5.81547
-5.83383
-5.86215
-5.89909
-5.9353
-5.95987
-5.96869
-5.96003
-5.93953
-5.91578
-5.89168
-5.87718
-5.87088
-5.87166
-5.87771
-5.88538
-5.89119
-5.8892
-5.87583
-5.85261
-5.83039
-5.81508
-5.80899
-5.80806
-5.81462
-5.82976
-5.84555
-5.86476
-5.88222
-5.89732
-5.91161
-5.92686
-5.94244
-5.95566
-5.95902
-5.95945
-5.95055
-5.93365
-5.91539
-5.90422
-5.90113
-5.9093
-5.9281
-5.95774
-5.99594
-6.03504
-6.06551
-6.0814
-6.09002
-6.08837
-6.08535
-6.0851
-6.08817
-6.09117
-6.09688
-6.10306
-6.11059
-6.11562
-6.11983
-6.11924
-6.11654
-6.10648
-6.09391
-6.07963
-6.06559
-6.05312
-6.0378
-6.02312
-6.01207
-5.99906
-5.98697
-5.97596
-5.96218
-5.94259
-5.91675
-5.88404
-5.85424
-5.83276
-5.82117
-5.82229
-5.83372
-5.84832
-5.86112
-5.87154
-5.87533
-5.8757
-5.87239
-5.86462
-5.8582
-5.85314
-5.85136
-5.85419
-5.85981
-5.86773
-5.87738
-5.88179
-5.88274
-5.87977
-5.87629
-5.87209
-5.86874
-5.87058
-5.87384
-5.88724
-5.92206
-5.97616
-6.03933
-6.10303
-6.15692
-6.18958
-6.19771
-6.18046
-6.14515
-6.09724
-6.04511
-6.00147
-5.96589
-5.94064
-5.9241
-5.91411
-5.90957
-5.91269
-5.91884
-5.93389
-5.95449
-5.98374
-6.01666
-6.05012
-6.07782
-6.09223
-6.09467
-6.08612
-6.06567
-6.04408
-6.02045
-6.00104
-5.98131
-5.96059
-5.94089
-5.92081
-5.90057
-5.88238
-5.87119
-5.86019
-5.84576
-5.82515
-5.80325
-5.78655
-5.78232
-5.80105
-5.84574
-5.90654
-5.9757
-6.04048
-6.09248
-6.13023
-6.15059
-6.14837
-6.12609
-6.085
-6.023
-5.9513
-5.87714
-5.81204
-5.76388
-5.74536
-5.75726
-5.78952
-5.84158
-5.90039
-5.95701
-6.01069
-6.0509
-6.08045
-6.09807
-6.10605
-6.11061
-6.11346
-6.10641
-6.08384
-6.04388
-5.99165
-5.93526
-5.88349
-5.84398
-5.82143
-5.81977
-5.83649
-5.86353
-5.88813
-5.90619
-5.91083
-5.90653
-5.89502
-5.88287
-5.87686
-5.87646
-5.8816
-5.88463
-5.89184
-5.90265
-5.91682
-5.93896
-5.96667
-5.99879
-6.02865
-6.05445
-6.08023
-6.10172
-6.12085
-6.14423
-6.16309
-6.18017
-6.18743
-6.18224
-6.15679
-6.11046
-6.04652
-5.97455
-5.90597
-5.8518
-5.81918
-5.80826
-5.80948
-5.81579
-5.82555
-5.83447
-5.84567
-5.86285
-5.87623
-5.88442
-5.88639
-5.88052
-5.87423
-5.87727
-5.89266
-5.91831
-5.95335
-5.98969
-6.02557
-6.05025
-6.06104
-6.05785
-6.03552
-6.00124
-5.95589
-5.90281
-5.85283
-5.81128
-5.78517
-5.77945
-5.78988
-5.80537
-5.82964
-5.859
-5.89782
-5.94729
-6.00222
-6.05385
-6.09753
-6.1289
-6.14719
-6.14841
-6.13321
-6.10307
-6.05575
-5.99993
-5.94648
-5.911
-5.89864
-5.91593
-5.95004
-5.98038
-6.00256
-6.01015
-6.01013
-6.00501
-6.00237
-6.00253
-6.00262
-6.0077
-6.0168
-6.02729
-6.04289
-6.05848
-6.07404
-6.08228
-6.07781
-6.06084
-6.0319
-5.99429
-5.95626
-5.92353
-5.90623
-5.90455
-5.91292
-5.92431
-5.92164
-5.91008
-5.88004
-5.84442
-5.815
-5.80567
-5.82524
-5.87416
-5.93579
-5.99975
-6.05187
-6.08893
-6.10746
-6.1073
-6.08711
-6.05016
-5.99935
-5.94227
-5.88724
-5.84126
-5.80864
-5.7915
-5.78519
-5.78879
-5.79925
-5.8203
-5.84769
-5.87403
-5.89539
-5.90638
-5.90491
-5.8998
-5.90006
-5.91436
-5.94208
-5.97097
-5.99156
-5.99467
-5.98037
-5.95609
-5.93241
-5.91528
-5.90887
-5.91221
-5.92189
-5.93363
-5.94184
-5.94647
-5.94829
-5.93935
-5.92755
-5.91705
-5.90626
-5.8983
-5.89369
-5.90022
-5.91338
-5.93726
-5.96517
-5.99259
-6.01233
-6.02908
-6.04729
-6.06371
-6.08328
-6.09861
-6.10793
-6.11272
-6.11951
-6.12664
-6.13706
-6.14422
-6.14244
-6.12481
-6.0902
-6.04259
-5.98204
-5.91771
-5.85495
-5.80647
-5.7735
-5.75421
-5.74931
-5.76162
-5.78743
-5.82194
-5.85932
-5.8949
-5.92346
-5.94629
-5.96338
-5.97144
-5.97089
-5.96246
-5.94555
-5.92542
-5.90049
-5.88086
-5.86777
-5.86907
-5.87839
-5.8991
-5.93202
-5.96248
-5.99549
-6.0288
-6.06515
-6.09153
-6.11736
-6.13214
-6.13904
-6.13422
-6.11778
-6.09317
-6.06401
-6.03384
-6.00547
-5.9756
-5.9534
-5.93204
-5.91936
-5.91645
-5.92103
-5.93368
-5.94979
-5.9616
-5.96576
-5.96288
-5.95434
-5.94116
-5.92705
-5.91523
-5.91262
-5.9153
-5.92678
-5.94248
-5.95887
-5.97553
-5.97606
-5.96627
-5.94114
-5.90391
-5.86149
-5.81555
-5.77441
-5.74609
-5.73786
-5.75491
-5.78889
-5.83632
-5.88973
-5.94475
-5.99855
-6.0442
-6.08571
-6.11658
-6.1377
-6.15444
-6.1718
-6.189
-6.206
-6.21814
-6.22403
-6.21548
-6.18581
-6.13565
-6.06729
-5.98811
-5.9098
-5.84809
-5.81238
-5.8023
-5.81323
-5.83266
-5.85327
-5.86763
-5.87779
-5.88358
-5.88581
-5.89128
-5.90414
-5.9246
-5.957
-5.99954
-6.0395
-6.07308
-6.09247
-6.09462
-6.07589
-6.04108
-5.99057
-5.9331
-5.88016
-5.839
-5.80924
-5.7977
-5.7909
-5.7897
-5.79164
-5.79771
-5.80853
-5.82927
-5.85565
-5.89539
-5.9354
-5.97109
-5.99681
-6.0069
-6.00133
-5.98882
-5.97505
-5.96867
-5.96918
-5.97782
-5.98825
-5.99455
-5.99713
-5.99417
-5.99605
-6.00236
-6.02362
-6.05013
-6.07815
-6.10047
-6.11341
-6.11317
-6.09777
-6.06772
-6.02508
-5.96579
-5.89605
-5.82605
-5.7631
-5.71527
-5.68653
-5.67937
-5.69503
-5.72631
-5.76463
-5.80631
-5.84623
-5.87843
-5.90408
-5.92374
-5.93796
-5.94833
-5.95334
-5.95566
-5.95383
-5.95183
-5.95367
-5.96318
-5.97189
-5.98555
-5.99623
-5.9956
-5.98622
-5.96692
-5.94113
-5.91674
-5.90058
-5.896
-5.90857
-5.92728
-5.95918
-5.98792
-6.01856
-6.05037
-6.07536
-6.09498
-6.10314
-6.09989
-6.07831
-6.0392
-5.99511
-5.95715
-5.93388
-5.9271
-5.93135
-5.95046
-5.97119
-5.99242
-6.00308
-5.99721
-5.97886
-5.95022
-5.91222
-5.87158
-5.83447
-5.80949
-5.80414
-5.82001
-5.85554
-5.90094
-5.9511
-5.99847
-6.04568
-6.08245
-6.11026
-6.12567
-6.12765
-6.12074
-6.10485
-6.08607
-6.06178
-6.03701
-6.01059
-5.98635
-5.96528
-5.94771
-5.93476
-5.9227
-5.9142
-5.90705
-5.89775
-5.88577
-5.87478
-5.86832
-5.86989
-5.87946
-5.9007
-5.93216
-5.97243
-6.01783
-6.05867
-6.09175
-6.11689
-6.12561
-6.1231
-6.10527
-6.07338
-6.02752
-5.97468
-5.92059
-5.87495
-5.84213
-5.82797
-5.83204
-5.84562
-5.86554
-5.88129
-5.89069
-5.89346
-5.88462
-5.87235
-5.85871
-5.84887
-5.84438
-5.84859
-5.8608
-5.87355
-5.88964
-5.89488
-5.89442
-5.87431
-5.84266
-5.80153
-5.76055
-5.72349
-5.70729
-5.71188
-5.74154
-5.79049
-5.84782
-5.90419
-5.95421
-5.9949
-6.02217
-6.03792
-6.0429
-6.04148
-6.03154
-6.02069
-6.00713
-5.99436
-5.98452
-5.98387
-5.99237
-6.0154
-6.04629
-6.07614
-6.09662
-6.10054
-6.08563
-6.05959
-6.02774
-5.99281
-5.96442
-5.9476
-5.94119
-5.94384
-5.95951
-5.98818
-6.02827
-6.07399
-6.11768
-6.15353
-6.18289
-6.19475
-6.18893
-6.17089
-6.14176
-6.10311
-6.06043
-6.0149
-5.97037
-5.9241
-5.8808
-5.8469
-5.81662
-5.79706
-5.79223
-5.78945
-5.79629
-5.8099
-5.82498
-5.84145
-5.86322
-5.88691
-5.90564
-5.91626
-5.92342
-5.92632
-5.92926
-5.93733
-5.94599
-5.95458
-5.96513
-5.98383
-6.00469
-6.02838
-6.04862
-6.05502
-6.04477
-6.02202
-5.99118
-5.95426
-5.91918
-5.8821
-5.85756
-5.84632
-5.84645
-5.86308
-5.89382
-5.92936
-5.96664
-5.99806
-6.02216
-6.04077
-6.05319
-6.06054
-6.06677
-6.06863
-6.06637
-6.05369
-6.03433
-6.00467
-5.97118
-5.93781
-5.91375
-5.9037
-5.90466
-5.91456
-5.93283
-5.95497
-5.98149
-6.00714
-6.03328
-6.05335
-6.06943
-6.08333
-6.09069
-6.08697
-6.06504
-6.0199
-5.95142
-5.87038
-5.79325
-5.73761
-5.71308
-5.72298
-5.76245
-5.83059
-5.91268
-6.00139
-6.08405
-6.15035
-6.1916
-6.21236
-6.21069
-6.19065
-6.15455
-6.11217
-6.06756
-6.02167
-5.98474
-5.96132
-5.9462
-5.93908
-5.93429
-5.94194
-5.96383
-5.99146
-6.00959
-6.01264
-6.00055
-5.97639
-5.94485
-5.90641
-5.86368
-5.81309
-5.76496
-5.72657
-5.70969
-5.72192
-5.76876
-5.84036
-5.92349
-6.00882
-6.08072
-6.14002
-6.17533
-6.19201
-6.19075
-6.17199
-6.14439
-6.10681
-6.05755
-6.00111
-5.9423
-5.88816
-5.84503
-5.81532
-5.80731
-5.81968
-5.84691
-5.88726
-5.92881
-5.97027
-6.00331
-6.02357
-6.02593
-6.01026
-5.98038
-5.93823
-5.89541
-5.86216
-5.84436
-5.84461
-5.86467
-5.89884
-5.94166
-5.98606
-6.03383
-6.07094
-6.09238
-6.08995
-6.07104
-6.03123
-5.98214
-5.93556
-5.8979
-5.87227
-5.86965
-5.8797
-5.89485
-5.91362
-5.9296
-5.94673
-5.96575
-5.99047
-6.02195
-6.05283
-6.07025
-6.07255
-6.05754
-6.02721
-5.99154
-5.94953
-5.91491
-5.89027
-5.87669
-5.87564
-5.88251
-5.89134
-5.89836
-5.90943
-5.9248
-5.94165
-5.96015
-5.9721
-5.97896
-5.98599
-5.99188
-5.9842
-5.96918
-5.95022
-5.93473
-5.92427
-5.91874
-5.91214
-5.90221
-5.88615
-5.8666
-5.84802
-5.83182
-5.82477
-5.82577
-5.83431
-5.84677
-5.86465
-5.89288
-5.93569
-5.98588
-6.04589
-6.10905
-6.16664
-6.21198
-6.23039
-6.22031
-6.17879
-6.11992
-6.05478
-6.00009
-5.9571
-5.93478
-5.929
-5.9407
-5.96218
-5.99185
-6.02772
-6.06059
-6.09012
-6.11062
-6.12179
-6.12132
-6.11062
-6.09123
-6.05986
-6.02305
-5.98549
-5.95362
-5.92926
-5.90865
-5.88627
-5.85931
-5.8271
-5.80207
-5.7943
-5.80285
-5.82664
-5.85718
-5.88932
-5.91758
-5.93676
-5.94314
-5.93732
-5.92476
-5.90317
-5.88567
-5.87982
-5.8855
-5.90471
-5.9288
-5.95112
-5.96749
-5.97431
-5.97275
-5.96134
-5.94459
-5.92498
-5.90343
-5.89059
-5.88918
-5.91073
-5.94622
-5.98924
-6.03168
-6.06445
-6.08939
-6.10855
-6.12481
-6.13642
-6.14438
-6.13817
-6.11789
-6.08292
-6.03761
-5.98573
-5.9334
-5.89076
-5.86269
-5.85542
-5.87098
-5.90789
-5.95865
-6.01152
-6.05852
-6.0982
-6.12485
-6.13348
-6.12827
-6.10254
-6.06139
-6.00986
-5.96012
-5.91766
-5.89094
-5.87957
-5.87996
-5.88152
-5.88345
-5.88067
-5.87315
-5.85796
-5.83988
-5.8182
-5.78893
-5.76469
-5.754
-5.76472
-5.7908
-5.81919
-5.8343
-5.83334
-5.82248
-5.81424
-5.81492
-5.84502
-5.90585
-5.98978
-6.07873
-6.16198
-6.22916
-6.26252
-6.26919
-6.24809
-6.20788
-6.15126
-6.08389
-6.02398
-5.978
-5.95204
-5.9519
-5.96777
-5.99986
-6.03723
-6.07158
-6.09424
-6.10064
-6.09532
-6.07087
-6.03092
-5.98871
-5.94874
-5.91793
-5.90099
-5.90039
-5.91232
-5.93539
-5.96458
-5.99112
-6.0177
-6.04359
-6.06477
-6.08103
-6.08987
-6.0865
-6.07081
-6.04428
-6.01708
-5.99363
-5.98046
-5.97417
-5.97594
-5.97506
-5.96927
-5.9517
-5.93048
-5.90972
-5.89953
-5.90605
-5.9213
-5.94598
-5.96654
-5.97185
-5.95699
-5.92374
-5.88071
-5.83256
-5.79279
-5.76774
-5.7605
-5.76881
-5.78027
-5.79059
-5.79538
-5.7914
-5.78386
-5.77944
-5.7808
-5.79699
-5.82787
-5.87233
-5.92191
-5.97711
-6.03252
-6.08516
-6.12818
-6.16184
-6.18134
-6.18804
-6.18273
-6.16931
-6.14759
-6.12201
-6.09995
-6.08077
-6.06739
-6.0666
-6.07484
-6.0967
-6.12262
-6.14651
-6.15792
-6.14573
-6.10498
-6.04243
-5.96493
-5.89008
-5.83932
-5.82009
-5.83141
-5.86073
-5.89571
-5.93003
-5.95812
-5.97699
-5.99273
-6.0012
-6.00735
-6.00557
-5.99818
-5.98828
-5.97316
-5.9567
-5.93949
-5.91972
-5.90325
-5.88684
-5.88224
-5.8926
-5.9116
-5.9381
-5.96106
-5.97179
-5.9707
-5.9601
-5.95057
-5.94426
-5.94374
-5.94903
-5.9526
-5.94903
-5.94051
-5.92671
-5.90724
-5.8868
-5.8747
-5.869
-5.87365
-5.88217
-5.89245
-5.89936
-5.9054
-5.91972
-5.94336
-5.97804
-6.01465
-6.04711
-6.06978
-6.08096
-6.08113
-6.07378
-6.05846
-6.03951
-6.02611
-6.01264
-5.99817
-5.98275
-5.97146
-5.96504
-5.95732
-5.95167
-5.94362
-5.93166
-5.92244
-5.91367
-5.9045
-5.89995
-5.90078
-5.91266
-5.93301
-5.96505
-6.00135
-6.03237
-6.04993
-6.06114
-6.05918
-6.04463
-6.02088
-5.98814
-5.95299
-5.91905
-5.89776
-5.89072
-5.90794
-5.94447
-5.98839
-6.02923
-6.05743
-6.06588
-6.05605
-6.03259
-5.99692
-5.95728
-5.91378
-5.87141
-5.83754
-5.81898
-5.81806
-5.83484
-5.86958
-5.91448
-5.95943
-6.00119
-6.0321
-6.04166
-6.03176
-6.00695
-5.9739
-5.94481
-5.9242
-5.91615
-5.91897
-5.93107
-5.94805
-5.97316
-5.99857
-6.0198
-6.03392
-6.03779
-6.02797
-6.00528
-5.97717
-5.94679
-5.91932
-5.89823
-5.88715
-5.88364
-5.87994
-5.88077
-5.884
-5.89236
-5.90737
-5.93349
-5.96139
-5.99124
-6.0142
-6.02784
-6.02891
-6.02291
-6.00587
-5.98261
-5.95723
-5.94317
-5.94384
-5.96507
-5.99874
-6.03787
-6.07372
-6.0955
-6.09496
-6.08076
-6.05161
-6.01844
-5.98581
-5.95333
-5.92136
-5.89315
-5.87785
-5.88213
-5.90538
-5.93932
-5.9738
-5.99901
-6.01419
-6.02027
-6.0241
-6.02334
-6.02268
-6.01832
-6.00584
-5.98849
-5.96459
-5.93378
-5.90095
-5.87332
-5.86105
-5.87244
-5.90331
-5.94747
-5.99004
-6.02254
-6.03911
-6.03972
-6.02916
-6.00978
-5.99493
-5.98596
-5.98208
-5.98402
-5.98175
-5.97802
-5.97372
-5.98275
-6.00014
-6.02217
-6.03342
-6.02474
-5.99588
-5.95083
-5.90899
-5.88531
-5.88998
-5.9121
-5.94412
-5.97441
-5.99741
-6.0073
-5.99731
-5.97139
-5.93487
-5.89345
-5.8536
-5.82143
-5.80275
-5.8057
-5.83938
-5.90438
-5.98224
-6.06125
-6.12433
-6.1698
-6.1889
-6.1876
-6.16761
-6.13475
-6.09146
-6.04316
-5.99454
-5.94814
-5.90481
-5.85936
-5.8143
-5.77344
-5.74489
-5.73545
-5.74597
-5.77299
-5.80854
-5.84407
-5.87834
-5.90795
-5.93498
-5.96515
-6.00219
-6.0365
-6.07183
-6.10047
-6.11584
-6.10868
-6.0856
-6.04562
-6.00019
-5.95363
-5.91641
-5.89399
-5.89047
-5.91404
-5.95875
-6.0222
-6.09203
-6.15711
-6.20872
-6.23531
-6.23683
-6.21136
-6.16537
-6.11057
-6.05444
-5.99845
-5.95089
-5.90816
-5.87477
-5.85441
-5.84812
-5.85342
-5.86438
-5.88233
-5.89785
-5.91821
-5.93777
-5.95917
-5.97844
-5.99596
-6.01045
-6.01753
-6.01734
-6.00824
-5.99567
-5.97294
-5.94266
-5.90706
-5.86578
-5.82591
-5.78943
-5.76347
-5.75465
-5.76659
-5.79742
-5.8448
-5.89457
-5.94356
-5.97583
-5.99077
-5.99264
-5.98429
-5.97706
-5.97534
-5.96865
-5.96291
-5.95899
-5.95474
-5.95035
-5.95349
-5.96526
-5.97907
-5.99404
-6.00725
-6.01433
-6.01748
-6.01254
-6.00155
-5.98026
-5.9593
-5.94488
-5.93948
-5.94632
-5.96214
-5.97932
-5.99704
-6.01026
-6.02273
-6.0337
-6.0431
-6.05233
-6.05036
-6.04019
-6.02288
-5.99612
-5.96404
-5.93076
-5.90485
-5.89031
-5.8856
-5.88699
-5.88564
-5.87885
-5.86629
-5.85679
-5.84843
-5.84712
-5.84497
-5.83833
-5.82541
-5.80413
-5.77869
-5.75569
-5.73881
-5.73956
-5.75693
-5.79318
-5.83948
-5.88747
-5.92925
-5.95876
-5.97701
-5.98703
-5.98952
-5.9953
-6.00021
-6.01286
-6.0266
-6.03827
-6.04414
-6.04624
-6.03963
-6.03217
-6.02137
-6.00306
-5.98099
-5.95201
-5.9278
-5.92039
-5.92555
-5.94305
-5.96997
-6.00941
-6.06073
-6.11228
-6.15262
-6.16713
-6.14652
-6.09466
-6.02071
-5.93521
-5.85383
-5.79736
-5.77674
-5.78523
-5.8131
-5.84652
-5.87649
-5.90045
-5.91735
-5.93435
-5.94773
-5.95567
-5.95711
-5.95562
-5.95197
-5.94695
-5.94483
-5.94494
-5.95058
-5.95914
-5.9663
-5.9704
-5.96624
-5.95954
-5.95825
-5.96209
-5.97773
-6.0013
-6.03137
-6.06007
-6.08196
-6.09685
-6.10164
-6.09825
-6.08365
-6.06763
-6.04488
-6.01639
-5.98243
-5.94455
-5.90771
-5.86872
-5.84372
-5.83029
-5.8318
-5.84524
-5.85771
-5.86556
-5.86641
-5.86089
-5.85945
-5.86916
-5.88604
-5.90716
-5.93226
-5.95667
-5.98505
-6.0132
-6.03977
-6.06145
-6.07542
-6.07417
-6.06034
-6.03294
-5.99735
-5.95289
-5.91651
-5.88843
-5.87763
-5.87544
-5.88794
-5.90582
-5.93041
-5.95949
-5.98538
-6.00656
-6.02075
-6.0227
-6.02205
-6.01713
-6.01143
-6.00168
-5.98575
-5.96878
-5.95317
-5.9497
-5.95794
-5.97316
-5.98217
-5.98164
-5.96755
-5.94389
-5.91969
-5.90463
-5.90494
-5.91647
-5.93675
-5.96277
-5.99097
-6.02047
-6.04895
-6.07238
-6.09036
-6.10348
-6.10463
-6.09463
-6.07042
-6.03274
-5.98626
-5.93005
-5.87632
-5.82726
-5.79179
-5.76786
-5.76769
-5.78036
-5.81296
-5.85424
-5.89766
-5.93344
-5.95813
-5.96547
-5.96072
-5.945
-5.91094
-5.86603
-5.81917
-5.7844
-5.77696
-5.80316
-5.85894
-5.93065
-5.99902
-6.05097
-6.0891
-6.10812
-6.11215
-6.10974
-6.10185
-6.09283
-6.08393
-6.07928
-6.0823
-6.08835
-6.10333
-6.12368
-6.14206
-6.15213
-6.15139
-6.13656
-6.10642
-6.06545
-6.01736
-5.97461
-5.94004
-5.91595
-5.90436
-5.89777
-5.90154
-5.91133
-5.92462
-5.93396
-5.93777
-5.93392
-5.91977
-5.89609
-5.86311
-5.83048
-5.80417
-5.79261
-5.80546
-5.84896
-5.91002
-5.97628
-6.02699
-6.0591
-6.06004
-6.03799
-6.00435
-5.97086
-5.94738
-5.9372
-5.94029
-5.95107
-5.96563
-5.97837
-5.98246
-5.98658
-5.98642
-5.98563
-5.98231
-5.97945
-5.97531
-5.96589
-5.95339
-5.95017
-5.94924
-5.95316
-5.95132
-5.94312
-5.93017
-5.92054
-5.91685
-5.91859
-5.93319
-5.94982
-5.96421
-5.97019
-5.96317
-5.94085
-5.91099
-5.87426
-5.84129
-5.81488
-5.80457
-5.81361
-5.84085
-5.87925
-5.91697
-5.94635
-5.96371
-5.97215
-5.97751
-5.97978
-5.98582
-5.99638
-6.01331
-6.03751
-6.06189
-6.08137
-6.09414
-6.09539
-6.08338
-6.06389
-6.04082
-6.02094
-6.00604
-6.00266
-6.00635
-6.01707
-6.03039
-6.03506
-6.02666
-6.00023
-5.95846
-5.90827
-5.86499
-5.84093
-5.84078
-5.85919
-5.89055
-5.92327
-5.95436
-5.98241
-6.00314
-6.00606
-5.98931
-5.95372
-5.90721
-5.86488
-5.83865
-5.83755
-5.8591
-5.89936
-5.95194
-6.00407
-6.05023
-6.0847
-6.09906
-6.09097
-6.06297
-6.01856
-5.96157
-5.90224
-5.85056
-5.81218
-5.78961
-5.77961
-5.78127
-5.78965
-5.80112
-5.82024
-5.85417
-5.88878
-5.92679
-5.95388
-5.9741
-5.98931
-5.99398
-5.99083
-5.97722
-5.95534
-5.93012
-5.90311
-5.88275
-5.8719
-5.87103
-5.88011
-5.89817
-5.92156
-5.94826
-5.9709
-5.9856
-5.99318
-5.99433
-5.99316
-5.99826
-6.01871
-6.0548
-6.10468
-6.15254
-6.19147
-6.2059
-6.19877
-6.17433
-6.1475
-6.13296
-6.12972
-6.1279
-6.12221
-6.11033
-6.09982
-6.08916
-6.07884
-6.05962
-6.02907
-5.98191
-5.91818
-5.8519
-5.79183
-5.75447
-5.74406
-5.74932
-5.76047
-5.76717
-5.76336
-5.75233
-5.73748
-5.72624
-5.72234
-5.72988
-5.74686
-5.7702
-5.7995
-5.83192
-5.86221
-5.89446
-5.92924
-5.95757
-5.98066
-5.99558
-6.00601
-6.01314
-6.01818
-6.01627
-6.01076
-5.99541
-5.97077
-5.93732
-5.90167
-5.86985
-5.8428
-5.8283
-5.82521
-5.83219
-5.84749
-5.86489
-5.88792
-5.91236
-5.93814
-5.9659
-5.99514
-6.02884
-6.06883
-6.11041
-6.1485
-6.17558
-6.18663
-6.17961
-6.15888
-6.13086
-6.10356
-6.08758
-6.08775
-6.10119
-6.12051
-6.13863
-6.14933
-6.14556
-6.12925
-6.09814
-6.05675
-6.00535
-5.9445
-5.87953
-5.82231
-5.78024
-5.75428
-5.74604
-5.75451
-5.76922
-5.78629
-5.80025
-5.81239
-5.82254
-5.83102
-5.84493
-5.86895
-5.89846
-5.93463
-5.97869
-6.02413
-6.06875
-6.0979
-6.10743
-6.09975
-6.07574
-6.04918
-6.02892
-6.0206
-6.02285
-6.03115
-6.03222
-6.02556
-6.01382
-5.99493
-5.98206
-5.97748
-5.98169
-6.00185
-6.0289
-6.05805
-6.07747
-6.08354
-6.07698
-6.05998
-6.04547
-6.03259
-6.02354
-6.01006
-5.99885
-5.98311
-5.96476
-5.94406
-5.9283
-5.91728
-5.91664
-5.92535
-5.93771
-5.95126
-5.95666
-5.9466
-5.92366
-5.89164
-5.85393
-5.814
-5.77633
-5.74756
-5.73963
-5.74652
-5.76723
-5.79378
-5.8236
-5.85958
-5.90396
-5.95599
-6.00903
-6.05682
-6.10259
-6.14235
-6.17448
-6.2014
-6.21909
-6.22609
-6.22092
-6.20136
-6.16644
-6.1173
-6.06143
-5.99891
-5.9461
-5.91241
-5.90114
-5.90614
-5.92149
-5.9408
-5.94928
-5.95082
-5.94874
-5.94999
-5.96294
-5.99082
-6.0241
-6.05604
-6.07979
-6.08784
-6.08129
-6.06252
-6.03001
-5.99389
-5.95798
-5.92866
-5.90428
-5.89291
-5.88176
-5.87176
-5.86757
-5.87065
-5.87547
-5.88594
-5.89573
-5.90444
-5.90142
-5.88749
-5.87047
-5.85762
-5.85458
-5.86854
-5.89995
-5.94016
-5.98065
-6.01362
-6.03469
-6.03685
-6.0324
-6.0261
-6.01743
-6.01082
-6.00548
-6.00341
-5.99916
-5.99267
-5.98396
-5.97296
-5.9518
-5.93255
-5.91391
-5.90051
-5.88657
-5.87225
-5.85889
-5.85109
-5.85187
-5.87165
-5.90543
-5.95083
-5.9862
-6.01475
-6.03018
-6.0311
-6.01329
-5.9854
-5.9514
-5.9221
-5.90548
-5.90374
-5.91978
-5.94718
-5.98437
-6.02841
-6.06927
-6.10688
-6.12723
-6.12589
-6.10244
-6.06426
-6.01834
-5.97466
-5.94422
-5.92272
-5.90194
-5.88009
-5.85057
-5.81708
-5.78432
-5.7593
-5.7499
-5.75593
-5.77228
-5.79923
-5.83205
-5.87136
-5.91498
-5.95208
-5.98329
-6.00146
-6.00429
-5.99038
-5.96027
-5.91786
-5.87647
-5.84124
-5.81941
-5.81818
-5.83354
-5.86754
-5.90943
-5.95472
-5.99271
-6.02173
-6.03326
-6.03461
-6.02493
-6.01462
-6.01039
-6.00513
-6.00248
-5.99891
-6.00062
-6.00766
-6.01428
-6.01095
-5.99138
-5.95548
-5.91279
-5.86778
-5.83624
-5.83038
-5.85322
-5.89789
-5.95013
-5.9932
-6.01981
-6.03026
-6.02715
-6.02003
-6.01486
-6.01162
-6.00547
-5.99694
-5.98315
-5.96876
-5.95964
-5.9592
-5.9672
-5.97741
-5.98184
-5.98159
-5.97131
-5.96194
-5.95412
-5.95525
-5.97372
-6.00676
-6.05045
-6.09994
-6.14659
-6.17564
-6.17275
-6.1418
-6.09125
-6.03359
-5.98406
-5.94888
-5.92708
-5.91603
-5.91095
-5.91689
-5.92917
-5.94474
-5.95857
-5.9589
-5.9455
-5.92501
-5.89859
-5.87645
-5.86459
-5.87249
-5.89968
-5.93913
-5.97519
-6.00363
-6.01357
-6.00499
-5.98557
-5.95613
-5.93174
-5.90925
-5.90122
-5.90835
-5.93146
-5.96162
-5.98897
-6.00606
-6.00441
-5.99135
-5.97762
-5.96422
-5.95782
-5.96498
-5.98503
-6.01256
-6.04326
-6.06662
-6.07626
-6.07445
-6.05528
-6.02585
-5.99271
-5.96368
-5.94018
-5.92612
-5.91785
-5.91523
-5.92424
-5.93674
-5.9537
-5.97238
-5.99111
-6.00448
-6.01323
-6.02104
-6.02753
-6.03426
-6.03746
-6.04254
-6.04441
-6.03783
-6.02818
-6.01498
-6.00244
-5.9932
-5.98698
-5.97742
-5.9635
-5.93746
-5.90057
-5.86305
-5.82931
-5.81046
-5.81187
-5.83437
-5.87344
-5.92036
-5.95953
-5.98956
-5.99998
-5.99992
-5.98611
-5.96919
-5.95475
-5.94297
-5.94072
-5.94435
-5.95069
-5.95375
-5.95509
-5.95406
-5.9558
-5.96139
-5.97158
-5.98826
-6.00553
-6.01907
-6.02255
-6.01265
-5.98587
-5.94254
-5.88546
-5.83158
-5.78859
-5.77663
-5.79738
-5.84109
-5.8981
-5.95434
-5.99768
-6.02398
-6.03849
-6.03848
-6.02948
-6.01483
-6.00122
-5.98786
-5.97978
-5.9737
-5.96982
-5.96549
-5.96619
-5.96997
-5.97869
-5.98835
-6.00685
-6.02896
-6.04885
-6.06226
-6.06172
-6.04085
-6.00435
-5.96178
-5.91639
-5.88382
-5.86871
-5.87424
-5.8975
-5.92674
-5.95843
-5.98264
-5.99942
-5.99877
-5.98639
-5.96382
-5.9294
-5.88527
-5.84084
-5.80029
-5.76562
-5.73973
-5.7227
-5.71287
-5.71059
-5.72013
-5.74473
-5.78506
-5.83934
-5.90504
-5.97618
-6.048
-6.10598
-6.14586
-6.16265
-6.15216
-6.12348
-6.0804
-6.03299
-5.99085
-5.95788
-5.93884
-5.93151
-5.92893
-5.93476
-5.94204
-5.94671
-5.94882
-5.95191
-5.96117
-5.9721
-5.98132
-5.98936
-5.98826
-5.98101
-5.96677
-5.95015
-5.93131
-5.90428
-5.86638
-5.82206
-5.76964
-5.719
-5.67769
-5.65292
-5.64968
-5.66021
-5.68588
-5.73077
-5.78744
-5.85318
-5.91733
-5.96772
-6.00039
-6.00638
-5.9887
-5.95503
-5.9201
-5.89058
-5.87909
-5.88764
-5.91425
-5.95535
-5.99918
-6.0464
-6.0931
-6.13539
-6.16531
-6.17948
-6.18573
-6.18316
-6.17394
-6.16169
-6.14461
-6.11758
-6.08262
-6.03788
-5.99289
-5.94616
-5.90812
-5.87963
-5.86283
-5.8615
-5.86949
-5.88457
-5.89902
-5.91159
-5.92027
-5.92455
-5.92587
-5.92575
-5.92586
-5.9238
-5.92173
-5.92203
-5.92184
-5.92015
-5.91975
-5.91933
-5.91977
-5.92152
-5.91848
-5.91249
-5.90072
-5.88464
-5.8727
-5.85921
-5.85226
-5.84919
-5.84525
-5.84142
-5.84943
-5.86412
-5.88747
-5.90797
-5.92779
-5.93986
-5.94385
-5.94398
-5.9472
-5.95181
-5.95745
-5.96441
-5.96421
-5.96173
-5.95829
-5.95
-5.94645
-5.94765
-5.95825
-5.97793
-6.00387
-6.03595
-6.06621
-6.09326
-6.11138
-6.12704
-6.13584
-6.14007
-6.13773
-6.1364
-6.13869
-6.14395
-6.15248
-6.15265
-6.13853
-6.11427
-6.0811
-6.05253
-6.03413
-6.02654
-6.01944
-6.0034
-5.98006
-5.94574
-5.9042
-5.86161
-5.82548
-5.80831
-5.81537
-5.83592
-5.87028
-5.8996
-5.92608
-5.94397
-5.95962
-5.97352
-5.98218
-5.9836
-5.97225
-5.95299
-5.93311
-5.91714
-5.90476
-5.89399
-5.88455
-5.88004
-5.88091
-5.89679
-5.91985
-5.95201
-5.98344
-6.01887
-6.05787
-6.09989
-6.13121
-6.14312
-6.13252
-6.09488
-6.03916
-5.97214
-5.90445
-5.84085
-5.7923
-5.76466
-5.75817
-5.76341
-5.77566
-5.78725
-5.79222
-5.79028
-5.78243
-5.77911
-5.79579
-5.8402
-5.91506
-6.00567
-6.09982
-6.17952
-6.2381
-6.26643
-6.26716
-6.24299
-6.19521
-6.13528
-6.06208
-5.98651
-5.91773
-5.8587
-5.81509
-5.79373
-5.79761
-5.82924
-5.88785
-5.95303
-6.00389
-6.03369
-6.04157
-6.03806
-6.02964
-6.02469
-6.02355
-6.02192
-6.01564
-6.00259
-5.98099
-5.95031
-5.91246
-5.87513
-5.83891
-5.813
-5.80007
-5.80444
-5.82804
-5.86354
-5.90238
-5.93829
-5.96804
-5.98972
-6.0084
-6.02246
-6.03111
-6.04299
-6.05406
-6.05897
-6.05506
-6.04506
-6.02667
-6.00942
-5.9942
-5.99025
-5.98926
-5.99687
-6.00307
-6.01033
-6.02202
-6.03955
-6.05417
-6.06368
-6.06815
-6.06089
-6.03889
-6.00682
-5.96435
-5.92085
-5.88759
-5.86252
-5.85035
-5.8445
-5.84527
-5.84519
-5.84033
-5.83227
-5.82885
-5.82077
-5.81992
-5.83125
-5.86263
-5.9185
-5.97936
-6.03476
-6.07334
-6.08817
-6.07799
-6.04868
-6.00904
-5.97051
-5.93422
-5.91213
-5.90856
-5.92483
-5.95937
-6.00464
-6.04739
-6.08077
-6.0951
-6.0994
-6.09259
-6.08218
-6.07502
-6.06378
-6.05356
-6.03575
-6.00632
-5.97126
-5.9352
-5.90228
-5.87449
-5.85481
-5.84165
-5.83487
-5.83925
-5.84837
-5.86384
-5.88102
-5.89913
-5.91328
-5.91879
-5.91905
-5.91917
-5.91572
-5.91331
-5.91493
-5.92456
-5.94454
-5.97201
-6.00512
-6.03877
-6.0647
-6.07711
-6.08084
-6.07691
-6.07087
-6.06162
-6.05863
-6.05587
-6.05246
-6.04627
-6.03712
-6.02223
-5.99802
-5.96239
-5.91892
-5.87801
-5.84534
-5.82641
-5.82928
-5.84689
-5.87745
-5.91144
-5.94211
-5.96519
-5.97369
-5.96657
-5.94044
-5.90204
-5.86314
-5.83256
-5.82299
-5.83145
-5.85816
-5.89864
-5.9393
-5.97914
-6.00747
-6.02196
-6.02631
-6.02587
-6.02735
-6.03953
-6.05839
-6.0851
-6.12385
-6.16801
-6.20654
-6.23182
-6.23573
-6.21369
-6.16451
-6.09386
-6.00814
-5.91735
-5.83151
-5.76216
-5.71608
-5.70069
-5.71497
-5.75356
-5.80351
-5.85735
-5.90928
-5.95515
-5.98962
-6.01214
-6.02307
-6.0249
-6.01779
-6.00561
-5.99091
-5.97555
-5.96078
-5.94597
-5.9352
-5.92716
-5.92679
-5.92988
-5.93578
-5.9402
-5.9398
-5.94512
-5.96211
-5.98717
-6.0175
-6.04488
-6.06694
-6.07809
-6.07693
-6.06366
-6.0376
-6.00607
-5.97698
-5.95336
-5.93854
-5.92783
-5.91507
-5.90686
-5.89601
-5.88501
-5.87478
-5.86863
-5.86896
-5.87927
-5.90335
-5.93851
-5.97161
-5.99711
-6.01258
-6.0168
-6.01416
-6.01033
-6.00956
-6.01493
-6.02984
-6.05679
-6.08535
-6.11979
-6.14644
-6.15963
-6.15199
-6.1265
-6.08005
-6.0236
-5.96499
-5.91374
-5.87771
-5.85503
-5.85023
-5.84561
-5.833
-5.81032
-5.79185
-5.78922
-5.81531
-5.87146
-5.94265
-6.01801
-6.08308
-6.13166
-6.15686
-6.15214
-6.11596
-6.05524
-5.9783
-5.90383
-5.85365
-5.83199
-5.83099
-5.84578
-5.87374
-5.91614
-5.97242
-6.03566
-6.09018
-6.12157
-6.12378
-6.10221
-6.06097
-6.01107
-5.95397
-5.89633
-5.84133
-5.79886
-5.78
-5.78406
-5.80913
-5.84894
-5.88924
-5.92155
-5.94566
-5.96525
-5.98734
-6.01668
-6.05668
-6.09587
-6.12783
-6.15086
-6.15827
-6.14608
-6.11785
-6.07541
-6.02986
-5.98922
-5.9569
-5.93481
-5.92139
-5.91053
-5.89724
-5.88536
-5.87386
-5.86838
-5.87277
-5.88481
-5.90263
-5.92234
-5.9401
-5.94949
-5.94941
-5.94417
-5.93371
-5.92467
-5.91695
-5.91477
-5.92152
-5.94261
-5.97665
-6.01474
-6.04826
-6.07098
-6.07919
-6.08627
-6.08886
-6.09062
-6.08984
-6.08148
-6.06355
-6.03512
-6.0038
-5.97218
-5.9504
-5.94192
-5.95005
-5.97358
-6.00189
-6.03253
-6.05177
-6.05405
-6.02889
-5.98372
-5.92266
-5.86295
-5.82088
-5.80208
-5.79905
-5.81144
-5.83032
-5.8535
-5.87891
-5.90047
-5.92027
-5.94064
-5.96706
-5.99941
-6.03836
-6.07315
-6.10026
-6.1101
-6.10093
-6.07288
-6.0269
-5.97302
-5.91976
-5.87629
-5.84532
-5.82973
-5.82592
-5.83527
-5.85526
-5.88926
-5.93693
-5.98986
-6.03027
-6.05451
-6.05933
-6.05093
-6.0344
-6.02017
-6.00939
-6.00873
-6.01368
-6.02191
-6.02484
-6.01579
-5.99536
-5.96471
-5.92611
-5.88646
-5.86313
-5.86685
-5.89633
-5.94678
-6.00623
-6.05802
-6.09798
-6.12638
-6.14936
-6.16595
-6.16789
-6.1612
-6.14827
-6.13614
-6.1333
-6.13594
-6.14334
-6.14611
-6.13756
-6.11258
-6.07679
-6.03338
-5.99304
-5.95491
-5.92299
-5.89483
-5.86717
-5.83225
-5.79727
-5.77788
-5.7864
-5.82131
-5.87035
-5.91208
-5.93243
-5.93578
-5.92774
-5.92406
-5.92864
-5.93894
-5.95785
-5.981
-6.00926
-6.03842
-6.05694
-6.05636
-6.0441
-6.01883
-5.99556
-5.98147
-5.97657
-5.97934
-5.98507
-5.99038
-5.98998
-5.98236
-5.97275
-5.96503
-5.96458
-5.97214
-5.99175
-6.01992
-6.04656
-6.06858
-6.07964
-6.07692
-6.06378
-6.03935
-6.00805
-5.97765
-5.94993
-5.93299
-5.92875
-5.9299
-5.93497
-5.9437
-5.95788
-5.97139
-5.98005
-5.98028
-5.96786
-5.95016
-5.93143
-5.91873
-5.91556
-5.91878
-5.9238
-5.92597
-5.91976
-5.91392
-5.90642
-5.90567
-5.90698
-5.90788
-5.9123
-5.91554
-5.92451
-5.93969
-5.95642
-5.9783
-5.9985
-6.01526
-6.02606
-6.03387
-6.03462
-6.02943
-6.01579
-5.98955
-5.94942
-5.90334
-5.85174
-5.80977
-5.78945
-5.79101
-5.81247
-5.84486
-5.87359
-5.89057
-5.89086
-5.87289
-5.84205
-5.80625
-5.77565
-5.7502
-5.73593
-5.73444
-5.74583
-5.7711
-5.80667
-5.85143
-5.90067
-5.95127
-5.99605
-6.03251
-6.05461
-6.06722
-6.0685
-6.06765
-6.06966
-6.07857
-6.09237
-6.10328
-6.1139
-6.11586
-6.11345
-6.10027
-6.07559
-6.04709
-6.02284
-6.00616
-5.99703
-5.99512
-5.99141
-5.98717
-5.97848
-5.96084
-5.93614
-5.90413
-5.87279
-5.85009
-5.8478
-5.86602
-5.89826
-5.93125
-5.95335
-5.96265
-5.95678
-5.94362
-5.93767
-5.95067
-5.98091
-6.01994
-6.04967
-6.06195
-6.05908
-6.04028
-6.00896
-5.97656
-5.94099
-5.90709
-5.87958
-5.85341
-5.83279
-5.82131
-5.81728
-5.82717
-5.84811
-5.8745
-5.90027
-5.92617
-5.93962
-5.94355
-5.93936
-5.92849
-5.91252
-5.89364
-5.87226
-5.84887
-5.82741
-5.80809
-5.79795
-5.79572
-5.80746
-5.83077
-5.86516
-5.90163
-5.92964
-5.95077
-5.95962
-5.95897
-5.95642
-5.95188
-5.95983
-5.97896
-6.00776
-6.03404
-6.05751
-6.06989
-6.07504
-6.07267
-6.06377
-6.04867
-6.02918
-6.0087
-5.98854
-5.97011
-5.95494
-5.9496
-5.95185
-5.95767
-5.96654
-5.97384
-5.98267
-5.98862
-5.98752
-5.98316
-5.97499
-5.96315
-5.9495
-5.93542
-5.92848
-5.92926
-5.94363
-5.96929
-5.9957
-6.01819
-6.02653
-6.01752
-5.99724
-5.96673
-5.93582
-5.90888
-5.88911
-5.87371
-5.86298
-5.85133
-5.83279
-5.81063
-5.78233
-5.75482
-5.7313
-5.72323
-5.73819
-5.77632
-5.82913
-5.89037
-5.9446
-5.99098
-6.03418
-6.06126
-6.07926
-6.08802
-6.08832
-6.08461
-6.08157
-6.0771
-6.07601
-6.07884
-6.0813
-6.08471
-6.08528
-6.07898
-6.06567
-6.04491
-6.01917
-5.99441
-5.97938
-5.97285
-5.97844
-5.99113
-6.0016
-6.0044
-5.99258
-5.97217
-5.94166
-5.90934
-5.88229
-5.8686
-5.86771
-5.87985
-5.89107
-5.90096
-5.90502
-5.90217
-5.89916
-5.89433
-5.8868
-5.87579
-5.86604
-5.85629
-5.84948
-5.84964
-5.85888
-5.87704
-5.89992
-5.92663
-5.95131
-5.97419
-5.98732
-5.98856
-5.98126
-5.96249
-5.93822
-5.91747
-5.90552
-5.90591
-5.92519
-5.94723
-5.96825
-5.97653
-5.97463
-5.96377
-5.95741
-5.95336
-5.95944
-5.97932
-6.01149
-6.05128
-6.08706
-6.11089
-6.12165
