1.85796
1.83507
1.83278
1.85785
1.90758
1.97043
2.03241
2.0828
2.11536
2.12686
2.1158
2.08358
2.03615
1.98357
1.93664
1.9035
1.88871
1.89408
1.91828
1.95558
1.99769
2.03796
2.07298
2.10126
2.12164
2.13291
2.13452
2.12711
2.11228
2.09207
2.06841
2.0428
2.01763
1.99693
1.98578
1.98806
2.00438
2.03107
2.06082
2.08537
2.09846
2.09743
2.0833
2.05935
2.0294
1.99652
1.96302
1.931
1.90327
1.88355
1.87615
1.88556
1.91405
1.95811
2.00757
2.05006
2.0769
2.08569
2.07856
2.05954
2.03442
2.01202
2.00234
2.00981
2.02865
2.04648
2.05167
2.03923
2.01353
1.98596
1.96661
1.9575
1.95508
1.95638
1.96122
1.97078
1.9858
2.00577
2.02953
2.05637
2.08543
2.11287
2.13116
2.13335
2.11773
2.0881
2.05038
2.00961
1.96944
1.93281
1.9035
1.88689
1.88714
1.90362
1.93124
1.96401
1.99744
2.02826
2.05393
2.07245
2.08232
2.08277
2.07357
2.05523
2.02891
1.99674
1.96213
1.9299
1.90572
1.89534
1.90286
1.92943
1.97286
2.02848
2.09001
2.14966
2.19897
2.23016
2.23797
2.22102
2.18149
2.12358
2.05198
1.97122
1.88628
1.80431
1.73514
1.68869
1.66976
1.67602
1.70087
1.73737
1.78024
1.82658
1.87569
1.9277
1.98211
2.03705
2.08982
2.13756
2.17759
2.20731
2.22424
2.22697
2.21616
2.19445
2.16543
2.13293
2.10074
2.07333
2.05547
2.05099
2.06097
2.08246
2.1091
2.13288
2.14666
2.14603
2.13052
2.10244
2.06511
2.02265
1.98109
1.94786
1.92818
1.92213
1.9256
1.93347
1.9415
1.94725
1.95055
1.95305
1.95682
1.96335
1.97354
1.98762
2.00432
2.01978
2.0284
2.02522
2.00856
1.9808
1.94762
1.91675
1.89628
1.89113
1.90018
1.91764
1.93727
1.95524
1.97012
1.9815
1.98902
1.99261
1.99308
1.99282
1.99536
2.00366
2.01796
2.0343
2.04591
2.04655
2.03357
2.00915
1.9798
1.95438
1.94162
1.94771
1.97402
2.01491
2.05876
2.0929
2.10874
2.10432
2.0836
2.05419
2.02479
2.0029
1.99368
1.99952
2.01879
2.04552
2.07062
2.08519
2.0832
2.06268
2.0261
1.9802
1.93526
1.90347
1.89412
1.9073
1.93371
1.96124
1.98206
1.9942
1.99919
1.9993
1.99638
1.99164
1.98592
1.97988
1.97455
1.97113
1.97009
1.96989
1.96709
1.95857
1.94398
1.92677
1.91229
1.90524
1.90868
1.92449
1.95316
1.99225
2.03574
2.07592
2.10697
2.12672
2.13648
2.1397
2.14106
2.14518
2.15415
2.16573
2.17445
2.17429
2.16091
2.13294
2.09286
2.04651
2.00163
1.96524
1.94135
1.93077
1.93242
1.94424
1.96342
1.98603
2.00708
2.02165
2.02589
2.01808
1.99987
1.97703
1.95835
1.95168
1.95891
1.97494
1.99182
2.00381
2.00851
2.00533
1.99342
1.97189
1.9418
1.90832
1.88027
1.86602
1.8693
1.8886
1.91928
1.95625
1.99506
2.03154
2.06114
2.07886
2.08012
2.062
2.02451
1.97079
1.90677
1.84042
1.78205
1.74385
1.73697
1.76686
1.82911
1.90961
1.99
2.05499
2.09714
2.11681
2.11844
2.10589
2.08046
2.04265
1.99667
1.95271
1.92385
1.91912
1.93904
1.97731
2.02441
2.06996
2.1048
2.1238
2.12704
2.11865
2.10428
2.08797
2.07111
2.05325
2.034
2.01428
1.99643
1.98335
1.97741
1.97991
1.99097
2.00987
2.03524
2.06471
2.09454
2.11981
2.13587
2.14033
2.13395
2.11947
2.09878
2.07106
2.03366
1.98477
1.92574
1.86161
1.80083
1.75405
1.73184
1.74104
1.78134
1.84442
1.91709
1.98644
2.04391
2.08598
2.11195
2.12229
2.11889
2.10589
2.08847
2.0705
2.05276
2.03336
2.01026
1.98326
1.95476
1.92883
1.91044
1.90449
1.91366
1.93566
1.96284
1.98537
1.99616
1.99362
1.98142
1.96505
1.94915
1.93715
1.93258
1.93929
1.95971
1.99271
2.03318
2.07332
2.10503
2.12206
2.12178
2.10571
2.08
2.05374
2.03522
2.02791
2.02989
2.03656
2.0438
2.04888
2.05091
2.05104
2.05009
2.04617
2.03476
2.01149
1.97478
1.92718
1.87537
1.82814
1.79302
1.77425
1.77325
1.78972
1.82216
1.86803
1.92394
1.98547
2.04728
2.10373
2.14999
2.1828
2.20074
2.20419
2.19519
2.17688
2.15325
2.12878
2.10739
2.0913
2.08014
2.07067
2.05843
2.03991
2.01418
1.98329
1.95216
1.92899
1.92438
1.94397
1.98001
2.01448
2.03078
2.01983
1.97962
1.91406
1.83246
1.74854
1.67815
1.63543
1.62846
1.65712
1.71429
1.78962
1.87303
1.95691
2.03618
2.10734
2.16736
2.21347
2.24369
2.25723
2.25473
2.23835
2.21099
2.17525
2.13258
2.0838
2.0306
1.97695
1.92864
1.89168
1.87065
1.86833
1.88493
1.91701
1.95708
1.99511
2.02103
2.02745
2.01164
1.97615
1.92747
1.87394
1.82418
1.78677
1.77037
1.78176
1.82138
1.88125
1.94949
2.0173
2.08146
2.14213
2.1991
2.24956
2.2884
2.31057
2.3137
2.29846
2.26694
2.22096
2.16364
2.10243
2.05005
2.0197
2.01807
2.04106
2.07556
2.10533
2.11679
2.10218
2.05995
1.9947
1.91689
1.8417
1.78501
1.75738
1.7601
1.78666
1.8265
1.86799
1.90163
1.92381
1.93869
1.95487
1.97986
2.01687
2.06435
2.11606
2.16238
2.19315
2.20126
2.18473
2.1472
2.09831
2.05256
2.02476
2.0216
2.03828
2.06307
2.08405
2.09234
2.0832
2.05623
2.01567
1.96945
1.92645
1.8929
1.87097
1.86021
1.86013
1.87082
1.89221
1.92338
1.96349
2.0114
2.06303
2.10866
2.13473
2.12991
2.09128
2.02621
1.94966
1.87902
1.82874
1.80751
1.81784
1.85738
1.9212
2.00265
2.09209
2.17684
2.24378
2.2834
2.29274
2.27519
2.2388
2.19353
2.14874
2.11119
2.08366
2.06511
2.05208
2.04094
2.02912
2.0149
1.99724
1.97664
1.95541
1.93514
1.91508
1.89365
1.87134
1.85161
1.83887
1.83519
1.83865
1.84575
1.85524
1.86978
1.89428
1.93188
1.98014
2.03056
2.07255
2.09837
2.10574
2.09732
2.07942
2.06008
2.04771
2.04921
2.06717
2.09773
2.13142
2.15722
2.16722
2.15861
2.13374
2.09908
2.064
2.03822
2.02736
2.02975
2.038
2.04435
2.0442
2.03598
2.01983
1.99681
1.96852
1.93776
1.90886
1.88702
1.87682
1.88035
1.89614
1.91988
1.94612
1.97022
1.98876
1.99882
1.99758
1.98364
1.95871
1.9281
1.89953
1.88012
1.87356
1.87908
1.89301
1.91161
1.93333
1.95827
1.98574
2.0123
2.03246
2.04133
2.03739
2.02371
2.00597
1.98863
1.97261
1.95684
1.94065
1.92517
1.91407
1.91292
1.92595
1.95232
1.98695
2.02329
2.05477
2.07632
2.08675
2.08981
2.09068
2.09104
2.0883
2.07948
2.06419
2.04397
2.02134
1.99941
1.98178
1.97178
1.97176
1.98244
2.00242
2.0273
2.05039
2.06457
2.06499
2.05084
2.0249
1.99164
1.95514
1.91824
1.88324
1.85283
1.82982
1.81599
1.81103
1.81288
1.81918
1.82852
1.84095
1.85773
1.8804
1.90976
1.94463
1.98115
2.01363
2.03666
2.04781
2.04855
2.04333
2.03666
2.03063
2.02496
2.01978
2.01677
2.01779
2.02241
2.02726
2.02784
2.02064
2.00477
1.98227
1.95829
1.93998
1.9347
1.94754
1.97928
2.02567
2.07854
2.12809
2.16591
2.18655
2.18769
2.16969
2.13613
2.09466
2.05612
2.03056
2.02243
2.02842
2.03976
2.04703
2.04494
2.03398
2.01926
2.00725
2.00181
2.00216
2.00474
2.0054
2.00056
1.9877
1.96628
1.93829
1.90787
1.88008
1.85924
1.84768
1.84488
1.84829
1.85519
1.86413
1.87546
1.89018
1.90871
1.93041
1.95392
1.97772
2.00043
2.02046
2.03541
2.04243
2.03962
2.02692
2.00616
1.98144
1.95961
1.94894
1.95438
1.97346
1.99785
2.019
2.03227
2.03709
2.03545
2.03047
2.02572
2.0243
2.0273
2.03262
2.03572
2.03219
2.02075
2.00391
1.98684
1.97493
1.97154
1.97647
1.98601
1.99529
2.00105
2.00328
2.00465
2.00951
2.02192
2.0435
2.0718
2.10084
2.12364
2.13414
2.12879
2.10768
2.07484
2.03709
2.00224
1.97762
1.96779
1.97134
1.9815
1.99185
2.00004
2.00626
2.01112
2.01591
2.02304
2.03464
2.05074
2.06846
2.08275
2.08853
2.0824
2.06368
2.03461
2.00037
1.9692
1.9505
1.95106
1.97131
2.00457
2.04078
2.07228
2.09701
2.11762
2.137
2.15447
2.16536
2.16369
2.14533
2.11013
2.06271
2.01169
1.96742
1.93774
1.92469
1.92467
1.93052
1.93473
1.93201
1.92087
1.90401
1.88786
1.88066
1.8884
1.91101
1.94267
1.97535
2.00201
2.0176
2.01945
2.00688
1.98192
1.94926
1.91513
1.88564
1.86518
1.85619
1.85965
1.87571
1.90356
1.94133
1.98591
2.0337
2.0815
2.12691
2.16733
2.19909
2.21797
2.22034
2.20454
2.17151
2.12474
2.07007
2.01565
1.9708
1.94219
1.92995
1.92697
1.92378
1.91507
1.90326
1.89705
1.90485
1.92933
1.96726
2.01266
2.05921
2.10112
2.13258
2.14725
2.13906
2.10498
2.04829
1.97957
1.91383
1.86516
1.84138
1.84288
1.86529
1.90283
1.94901
1.99621
2.0363
2.06257
2.0717
2.06477
2.04643
2.02356
2.00374
1.99403
1.99964
2.02222
2.05829
2.09951
2.13527
2.15603
2.15572
2.13319
2.09345
2.04696
2.00626
1.98115
1.97554
1.98792
2.01409
2.04938
2.0896
2.13059
2.16773
2.19547
2.20826
2.20209
2.17597
2.13239
2.07618
2.01265
1.94596
1.87932
1.81622
1.76194
1.72311
1.70554
1.7123
1.74343
1.79632
1.86535
1.9423
2.01874
2.08877
2.14932
2.19847
2.2339
2.25257
2.25222
2.23266
2.19647
2.14879
2.09637
2.04619
2.00393
1.97332
1.95575
1.95038
1.95468
1.96511
1.97745
1.98728
1.99026
1.98357
1.96714
1.94418
1.92
1.89987
1.8869
1.88158
1.88306
1.88996
1.90054
1.91288
1.92603
1.94081
1.95933
1.98315
2.01158
2.04133
2.06807
2.08861
2.10196
2.10887
2.11027
2.10641
2.09791
2.08773
2.08036
2.07824
2.07919
2.07822
2.0719
2.06082
2.04922
2.04304
2.04742
2.06396
2.08894
2.11367
2.12801
2.12479
2.10271
2.06644
2.02376
1.98224
1.94717
1.92212
1.90988
1.91188
1.92621
1.94695
1.96598
1.97589
1.97289
1.95785
1.93551
1.91281
1.89707
1.89336
1.90113
1.91432
1.92575
1.93197
1.93515
1.94108
1.95407
1.97277
1.99142
2.00503
2.01344
2.02107
2.03424
2.05725
2.08938
2.1241
2.15111
2.15978
2.14286
2.09914
2.03547
1.96639
1.90974
1.87873
1.87636
1.89671
1.93061
1.9703
2.01122
2.05123
2.08872
2.12179
2.14855
2.16811
2.18018
2.18398
2.17758
2.15915
2.12901
2.09073
2.05006
2.01254
1.98222
1.96275
1.95966
1.97867
2.01945
2.07304
2.12688
2.17023
2.19595
2.20005
2.18144
2.14154
2.08388
2.01351
1.93626
1.85848
1.78691
1.72914
1.69303
1.68418
1.70263
1.74229
1.79322
1.84459
1.88625
1.90944
1.90864
1.88455
1.84603
1.80854
1.78748
1.79027
1.81369
1.84766
1.88151
1.9081
1.92525
1.93506
1.94234
1.95195
1.96625
1.98419
2.00292
2.02029
2.03592
2.05044
2.06378
2.0744
2.07927
2.07453
2.05671
2.02452
1.98141
1.93717
1.90498
1.89218
1.89375
1.89851
1.8997
1.89716
1.89325
1.88984
1.88797
1.888
1.88966
1.89284
1.89863
1.90977
1.92944
1.95962
1.99983
2.04691
2.09512
2.1377
2.1691
2.18721
2.19227
2.18498
2.16581
2.13618
2.09921
2.05973
2.02359
1.99527
1.97598
1.9638
1.95609
1.95111
1.94847
1.94871
1.95278
1.96156
1.97543
1.99421
2.01633
2.03831
2.05495
2.06075
2.0521
2.02951
1.99804
1.96597
1.94197
1.93176
1.93582
1.94971
1.96685
1.98141
1.99019
1.99297
1.99186
1.98912
1.98478
1.9761
1.95988
1.936
1.9088
1.88474
1.86903
1.86393
1.86871
1.88112
1.89935
1.92371
1.95642
1.99853
2.04712
2.09597
2.13946
2.17541
2.20454
2.22758
2.24277
2.24582
2.23195
2.19838
2.14606
2.08088
2.01313
1.95517
1.9175
1.90522
1.91659
1.94463
1.98104
2.01917
2.05463
2.08553
2.11179
2.13422
2.15267
2.1649
2.16691
2.15391
2.12224
2.07091
2.0024
1.92315
1.84383
1.77689
1.73248
1.71569
1.72697
1.76236
1.81299
1.86771
1.91817
1.96085
1.99543
2.02237
2.04238
2.05722
2.06941
2.08056
2.09004
2.0949
2.09217
2.0811
2.06379
2.04383
2.02441
2.00675
1.98995
1.97225
1.95299
1.93411
1.92021
1.91573
1.92101
1.93193
1.94454
1.95825
1.97504
1.99659
2.02259
2.05022
2.0752
2.09325
2.10176
2.10044
2.09082
2.07546
2.05688
2.03707
2.01704
1.99673
1.97559
1.95415
1.93507
1.92191
1.91638
1.91754
1.92354
1.93446
1.95301
1.98257
2.0246
2.0771
2.13473
2.19035
2.23686
2.26824
2.28088
2.27454
2.25205
2.21745
2.17361
2.12182
2.06404
2.00474
1.95082
1.90922
1.88376
1.87359
1.87367
1.87706
1.87791
1.87394
1.86669
1.8596
1.85519
1.85366
1.85376
1.85548
1.86186
1.87826
1.90855
1.95149
1.99993
2.04399
2.0755
2.09104
2.0919
2.08225
2.06686
2.04995
2.0353
2.02589
2.02334
2.02718
2.03492
2.04277
2.04702
2.04586
2.03985
2.03057
2.0188
2.00437
1.98747
1.96988
1.9557
1.95039
1.95791
1.9774
2.00267
2.02625
2.04442
2.05857
2.07048
2.07774
2.07625
2.0667
2.05675
2.05439
2.05997
2.06689
2.0688
2.06367
2.0525
2.03673
2.01639
1.98988
1.95613
1.9176
1.88189
1.8591
1.85625
1.87324
1.90351
1.93815
1.97051
1.99853
2.02379
2.04826
2.07185
2.09195
2.10535
2.10917
2.10075
2.07911
2.04834
2.01735
1.99389
1.9792
1.97053
1.96744
1.97416
1.99539
2.02984
2.06844
2.09912
2.11282
2.10655
2.08316
2.05032
2.01856
1.99854
1.99788
2.01832
2.05409
2.09295
2.12122
2.12937
2.11444
2.07991
2.03322
1.98278
1.93542
1.89501
1.86293
1.83979
1.827
1.82712
1.84265
1.87403
1.91755
1.96478
2.00476
2.02871
2.03404
2.02441
2.00694
1.98885
1.97538
1.96868
1.96749
1.9679
1.96532
1.95703
1.94336
1.92734
1.91285
1.90244
1.89603
1.89195
1.8888
1.8866
1.88648
1.88956
1.89615
1.90605
1.91923
1.9359
1.95609
1.97948
2.00562
2.03427
2.06552
2.09913
2.13383
2.16679
2.19394
2.2109
2.21489
2.20612
2.18813
2.1664
2.14587
2.12931
2.11756
2.11105
2.10909
2.10804
2.10082
2.08038
2.04488
1.99894
1.9504
1.90598
1.86958
1.84383
1.83164
1.8358
1.85683
1.89097
1.93081
1.96856
1.99914
2.02086
2.03385
2.03932
2.03993
2.03914
2.03925
2.04006
2.03931
2.03414
2.02275
2.00515
1.98303
1.95886
1.93431
1.91018
1.88749
1.86867
1.85745
1.85741
1.87023
1.89444
1.9255
1.95732
1.98477
2.00591
2.02152
2.0326
2.03859
2.03781
2.02924
2.01362
1.99315
1.97053
1.94878
1.9316
1.92258
1.92386
1.9353
1.95465
1.97806
2.00039
2.01648
2.02287
2.0195
2.00958
1.99823
1.99037
1.98888
1.99369
2.00222
2.01041
2.0143
2.01156
2.00266
1.99094
1.98138
1.97875
1.98543
2.0004
2.02043
2.04185
2.06198
2.0797
2.09589
2.11257
2.12988
2.14377
2.14785
2.13735
2.11132
2.07249
2.02595
1.97757
1.93304
1.89726
1.87371
1.86391
1.8675
1.88291
1.90778
1.93896
1.97302
2.00724
2.04035
2.07212
2.10217
2.12885
2.14879
2.15777
2.15205
2.12972
2.09181
2.04268
1.98895
1.93754
1.8938
1.86163
1.84386
1.84295
1.86122
1.89942
1.95419
2.01731
2.0782
2.12721
2.15772
2.16653
2.15379
2.12231
2.07711
2.02458
1.97163
1.92504
1.89089
1.87459
1.87982
1.9063
1.94841
1.99676
2.04203
2.07868
2.10579
2.12451
2.1341
2.13066
2.10993
2.0724
2.02619
1.98523
1.96256
1.96467
1.99094
2.03622
2.09283
2.15165
2.20375
2.24211
2.26241
2.26237
2.24092
2.19753
2.13296
2.0513
1.96196
1.87856
1.81415
1.77702
1.76982
1.79074
1.83324
1.88582
1.9342
1.96543
1.97159
1.95159
1.91105
1.86098
1.81555
1.7878
1.78367
1.79934
1.82782
1.86712
1.9191
1.98143
2.04445
2.0958
2.12673
2.13476
2.12278
2.09653
2.06144
2.02116
1.9784
1.93747
1.90563
1.89176
1.90223
1.93664
1.98709
2.04108
2.08669
2.11668
2.12929
2.1265
2.112
2.09091
2.07011
2.05685
2.05591
2.06744
2.08687
2.10697
2.12046
2.12174
2.1077
2.07853
2.03857
1.9958
1.95852
1.93178
1.91618
1.91059
1.91574
1.93363
1.96364
2.00198
2.04414
2.0858
2.12114
2.14273
2.14463
2.12638
2.09364
2.05536
2.01862
1.98522
1.9525
1.91748
1.88064
1.84709
1.82531
1.82339
1.84399
1.88258
1.93027
1.97793
2.01804
2.04539
2.05789
2.05706
2.04722
2.03263
2.01531
1.99476
1.97031
1.94374
1.92029
1.90645
1.90672
1.92138
1.94685
1.97731
2.0063
2.02749
2.036
2.02962
2.01013
1.98278
1.95504
1.93464
1.92777
1.93685
1.95933
1.9883
2.01568
2.03626
2.05016
2.06174
2.07524
2.09073
2.10407
2.11063
2.10885
2.10163
2.09516
2.09547
2.10499
2.12158
2.14056
2.15737
2.16893
2.17323
2.16875
2.1543
2.1303
2.1004
2.07082
2.04704
2.03034
2.01851
2.00997
2.00672
2.01283
2.03012
2.05441
2.07711
2.08981
2.08738
2.06859
2.03607
1.99551
1.95472
1.92129
1.89919
1.88689
1.88006
1.87575
1.8734
1.87334
1.87547
1.8795
1.88512
1.89242
1.90257
1.91739
1.9383
1.96554
1.99764
2.03096
2.05969
2.07758
2.08043
2.06821
2.04528
2.0188
1.99475
1.97482
1.95693
1.9389
1.92111
1.90688
1.90025
1.90405
1.91934
1.94594
1.98196
2.02338
2.0644
2.09892
2.12216
2.13124
2.12557
2.10721
2.08072
2.05258
2.02943
2.01664
2.01653
2.02764
2.04536
2.06416
2.08002
2.09178
2.10082
2.1102
2.12332
2.14226
2.16686
2.19424
2.21916
2.23492
2.23507
2.21514
2.17395
2.11393
2.03966
1.95627
1.86871
1.78211
1.7029
1.63912
1.599
1.58816
1.60717
1.64952
1.7018
1.74933
1.78411
1.80776
1.82877
1.85729
1.90055
1.96014
2.0313
2.10366
2.16531
2.20813
2.23016
2.23402
2.22397
2.20326
2.17406
2.13939
2.10572
2.08275
2.07731
2.08784
2.10631
2.12399
2.13505
2.1371
2.13052
2.11751
2.10107
2.08344
2.06442
2.04104
2.00954
1.96888
1.92279
1.87805
1.84127
1.81666
1.80569
1.80824
1.8236
1.85071
1.88676
1.92579
1.95982
1.98243
1.99172
1.99056
1.98392
1.97669
1.9727
1.97441
1.98233
1.99424
2.00497
2.009
2.00383
1.99238
1.98199
1.98036
1.9927
2.02106
2.06448
2.11873
2.17613
2.22673
2.26092
2.27148
2.25485
2.21138
2.14602
2.06789
1.98869
1.91978
1.86954
1.8425
1.83945
1.85747
1.89087
1.93202
1.97298
2.00694
2.02874
2.03488
2.02418
1.9989
1.96428
1.9267
1.89054
1.85721
1.8272
1.80391
1.79723
1.8207
1.87986
1.96303
2.04946
2.1226
2.17483
2.20496
2.21564
2.21194
2.20049
2.18771
2.17699
2.16668
2.15113
2.12409
2.08395
2.03618
1.99193
1.96433
1.9629
1.98795
2.0295
2.07318
2.10759
2.12678
2.12946
2.1167
2.09051
2.05271
2.00512
1.95086
1.89636
1.85236
1.83174
1.84382
1.88912
1.95851
2.03707
2.10916
2.16251
2.19028
2.19137
2.1697
2.13259
2.0887
2.04574
2.00855
1.97909
1.95756
1.94316
1.93497
1.93299
1.93833
1.95179
1.9719
1.99438
2.01343
2.02369
2.02178
2.00583
1.97608
1.93611
1.8948
1.8649
1.85687
1.87233
1.90437
1.94218
1.97503
1.99495
1.99876
1.98806
1.96642
1.93721
1.90315
1.8673
1.83367
1.80714
1.79224
1.79159
1.80434
1.82617
1.85156
1.87684
1.90145
1.92679
1.95398
1.98257
2.01054
2.0356
2.05647
2.07392
2.09011
2.10624
2.12106
2.1309
2.13161
2.12011
2.09469
2.05581
2.00698
1.95559
1.91215
1.8874
1.88753
1.91157
1.95179
1.99713
2.03737
2.06586
2.08038
2.08238
2.07552
2.06342
2.04787
2.02752
1.99876
1.95858
1.90791
1.85289
1.8038
1.77316
1.77154
1.80184
1.85697
1.92488
1.99518
2.06226
2.12465
2.18222
2.23412
2.27864
2.31319
2.33461
2.33961
2.32522
2.28961
2.2326
2.15602
2.06437
1.9654
1.86931
1.7874
1.73034
1.70506
1.71183
1.74338
1.78757
1.8318
1.86703
1.88978
1.90213
1.90939
1.91632
1.92372
1.928
1.92466
1.91467
1.90709
1.9121
1.93031
1.95377
1.97541
1.99317
2.00744
2.01818
2.02439
2.02553
2.02286
2.01956
2.01958
2.02588
2.03821
2.05287
2.06395
2.06643
2.05844
2.04197
2.02219
2.00553
1.99722
1.99947
2.01075
2.02692
2.04327
2.05606
2.06404
2.06848
2.07247
2.0787
2.08753
2.09711
2.10488
2.11012
2.11556
2.12491
2.13747
2.14582
2.14092
2.11779
2.07675
2.02193
1.96012
1.90111
1.85656
1.8359
1.84269
1.8751
1.92788
1.993
2.05982
2.11697
2.15519
2.16998
2.16275
2.13914
2.10602
2.06889
2.03275
2.00359
1.98703
1.98479
1.99311
2.00565
2.01796
2.02862
2.03669
2.04097
2.04376
2.0536
2.07928
2.1178
2.15305
2.16758
2.15312
2.11204
2.05382
1.99083
1.93424
1.89128
1.8639
1.84935
1.84229
1.83732
1.83123
1.82474
1.82264
1.83193
1.85717
1.89698
1.94468
1.992
2.03176
2.05874
2.07003
2.06626
2.05185
2.03363
2.01875
2.01332
2.02128
2.04244
2.07156
2.10119
2.12632
2.14695
2.16635
2.18677
2.20648
2.22067
2.22453
2.21463
2.1887
2.14466
2.08308
2.0105
1.93972
1.88466
1.85302
1.84374
1.85008
1.86348
1.87508
1.87727
1.86577
1.84133
1.80974
1.77983
1.76033
1.75738
1.7738
1.80938
1.86182
1.92743
2.00096
2.0753
2.14237
2.19479
2.22818
2.24225
2.24049
2.22843
2.21174
2.19554
2.18389
2.17768
2.17314
2.16301
2.14005
2.10102
2.04873
1.99242
1.94558
1.9198
1.91847
1.93594
1.96268
1.9901
2.01238
2.02576
2.02725
2.01435
1.98567
1.94262
1.89143
1.84299
1.80856
1.7933
1.79352
1.80137
1.81139
1.82322
1.83964
1.86311
1.89478
1.93574
1.98742
2.04972
2.11689
2.17706
2.21783
2.23303
2.22448
2.19954
2.16676
2.13221
2.09833
2.06524
2.03257
2.00069
1.97115
1.94643
1.92909
1.9208
1.92154
1.92927
1.93996
1.94705
1.94181
1.91556
1.86364
1.79034
1.71136
1.64936
1.62281
1.63803
1.69056
1.76971
1.86303
1.95935
2.04995
2.12753
2.18561
2.21973
2.22855
2.2141
2.18113
2.13614
2.08665
2.0406
2.00633
1.99133
1.99981
2.02982
2.07332
2.12003
2.16241
2.19633
2.21873
2.22527
2.21163
2.17632
2.12273
2.05912
1.99657
1.94573
1.91363
1.90258
1.91145
1.93705
1.97357
2.01258
2.04514
2.0654
2.07267
2.07169
2.0722
2.08555
2.11642
2.15572
2.18677
2.19696
2.18321
2.14947
2.10175
2.04467
1.98101
1.91364
1.84692
1.78657
1.74003
1.71658
1.7248
1.76694
1.83606
1.91979
2.00501
2.07963
2.13361
2.16122
2.16299
2.1445
2.1135
2.07706
2.04062
2.00873
1.98502
1.97114
1.96555
1.96352
1.95978
1.95182
1.94212
1.93677
1.94169
1.95916
1.98731
2.02106
2.05395
2.08124
2.10112
2.11367
2.11873
2.11585
2.10606
2.09302
2.08154
2.07503
2.07459
2.07931
2.08649
2.09194
2.0914
2.08205
2.06341
2.03768
2.00978
1.98564
1.96962
1.96261
1.96237
1.96567
1.97026
1.97578
1.9839
1.99764
2.01973
2.04981
2.0828
2.11035
2.12491
2.12342
2.10831
2.0852
2.05968
2.03507
2.01243
1.99155
1.97245
1.956
1.94382
1.93781
1.93958
1.94963
1.96629
1.98482
1.99837
2.00165
1.99606
1.99066
1.99538
2.01186
2.03234
2.04725
2.05265
2.05226
2.05399
2.06188
2.07185
2.07556
2.06698
2.04523
2.01476
1.98357
1.95928
1.94489
1.93811
1.93418
1.92986
1.92608
1.92677
1.93353
1.94168
1.94466
1.94174
1.93944
1.94605
1.96545
1.99552
2.03008
2.06241
2.08789
2.10461
2.11297
2.11469
2.11201
2.10691
2.10077
2.09418
2.08642
2.07564
2.06003
2.03977
2.01768
1.99834
1.986
1.98267
1.9877
1.9994
2.01694
2.03999
2.06615
2.08989
2.10427
2.10371
2.08576
2.05151
2.00493
1.9521
1.89984
1.8544
1.82085
1.80288
1.80323
1.82244
1.85667
1.89713
1.93306
1.95612
1.96261
1.95309
1.93104
1.90249
1.87526
1.85749
1.85514
1.87002
1.89916
1.93669
1.97702
2.01668
2.05404
2.08781
2.11602
2.13658
2.14886
2.15459
2.15688
2.15825
2.15946
2.16038
2.16179
2.16491
2.16915
2.17074
2.16372
2.14298
2.10697
2.05937
2.00868
1.96576
1.93943
1.93241
1.9403
1.9545
1.96705
1.97399
1.97577
1.97521
1.97557
1.97946
1.98847
2.00242
2.01856
2.03179
2.0364
2.02863
2.00817
1.97764
1.94068
1.90023
1.85838
1.81786
1.78314
1.76069
1.75746
1.77782
1.82114
1.8813
1.94821
2.01087
2.06105
2.09534
2.11438
2.12066
2.11684
2.10458
2.08501
2.05969
2.03145
2.00435
1.98219
1.96678
1.95749
1.95291
1.95373
1.9635
1.98547
2.01778
2.05399
2.08848
2.11928
2.14611
2.16763
2.18142
2.18569
2.18016
2.16454
2.13811
2.10069
2.05447
2.00384
1.95421
1.91045
1.87584
1.85137
1.83549
1.82472
1.81518
1.80406
1.79036
1.77523
1.76206
1.75612
1.76363
1.79026
1.83917
1.90831
1.98931
2.06915
2.13447
2.17607
2.19095
2.18184
2.1545
2.11601
2.07397
2.0357
2.00779
1.99603
2.00334
2.02629
2.05523
2.07958
2.09238
2.09107
2.07704
2.05542
2.03395
2.01926
2.01236
2.00722
1.99529
1.97188
1.93938
1.90544
1.87839
1.86305
1.85973
1.86609
1.8793
1.89734
1.91912
1.9436
1.96932
1.99433
2.01705
2.0364
2.05202
2.06409
2.07302
2.07841
2.07841
2.07035
2.05275
2.02697
1.99653
1.96552
1.93742
1.915
1.90054
1.89556
1.90162
1.92033
1.95229
1.9949
2.04118
2.08094
2.10411
2.10414
2.081
2.04242
2.00167
1.97149
1.95769
1.95735
1.96222
1.96372
1.95706
1.94238
1.92359
1.90578
1.89318
1.88776
1.88858
1.89258
1.89662
1.89937
1.90179
1.90627
1.91493
1.92811
1.94386
1.95922
1.97245
1.98421
1.99742
2.01523
2.03932
2.06983
2.10613
2.14662
2.18649
2.21673
2.22725
2.21113
2.16783
2.10399
2.03181
1.96518
1.91502
1.88562
1.87407
1.8733
1.8772
1.88328
1.89247
1.90611
1.92434
1.94619
1.96962
1.99109
2.00572
2.00929
2.00065
1.98261
1.96065
1.94083
1.92847
1.92806
1.94272
1.97263
2.01462
2.06285
2.11082
2.15343
2.18788
2.21333
2.22941
2.23546
2.23036
2.21299
2.18387
2.14676
2.10893
2.07897
2.06279
2.06054
2.06662
2.07207
2.06802
2.04864
2.01379
1.97123
1.93659
1.92727
1.95097
1.99954
2.0559
2.10457
2.13647
2.14771
2.13728
2.10578
2.05597
1.99427
1.93162
1.88238
1.85935
1.86662
1.89638
1.93381
1.96426
1.97876
1.97541
1.95834
1.935
1.91362
1.90116
1.90242
1.9193
1.9497
1.9872
2.022
2.04491
2.05151
2.04442
2.02988
2.01109
1.98595
1.95279
1.91489
1.87976
1.85508
1.84575
1.85319
1.87552
1.9085
1.94668
1.98503
2.01975
2.04844
2.06932
2.08087
2.08177
2.07157
2.05179
2.02612
1.99919
1.97541
1.95861
1.95236
1.95907
1.97863
2.00774
2.04083
2.07201
2.09684
2.11338
2.1224
2.12613
2.12635
2.12256
2.11186
2.091
2.05955
2.02185
1.98627
1.96189
1.9542
1.96314
1.98561
2.01847
2.05749
2.09425
2.1165
2.1144
2.08612
2.03858
1.9838
1.93453
1.90053
1.88592
1.88906
1.90525
1.92974
1.95799
1.98489
2.00503
2.01408
2.01024
1.99413
1.96777
1.93397
1.89684
1.86243
1.83856
1.83203
1.84522
1.87451
1.91231
1.95135
1.98766
2.02069
2.05133
2.08009
2.1067
2.13045
2.15018
2.1641
2.16977
2.16526
2.15028
2.12636
2.09638
2.06278
2.02651
1.98814
1.95006
1.918
1.8996
1.90077
1.92289
1.96225
2.01196
2.06487
2.11532
2.15914
2.1927
2.21253
2.21602
2.20158
2.16785
2.11445
2.04531
1.97155
1.9078
1.86365
1.84048
1.8367
1.85158
1.88413
1.93028
1.98146
2.02641
2.0554
2.06378
2.05282
2.02818
1.99717
1.96655
1.94034
1.91905
1.90039
1.88178
1.86226
1.84315
1.8281
1.8235
1.83791
1.87765
1.94012
2.01173
2.07407
2.11323
2.12495
2.11418
2.0905
2.06322
2.03835
2.01836
2.00327
1.99209
1.98348
1.97603
1.96802
1.95849
1.94929
1.94553
1.95284
1.973
2.00264
2.03626
2.06961
2.10021
2.1259
2.14381
2.15076
2.14442
2.12427
2.09155
2.04901
2.00117
1.95435
1.91595
1.89186
1.88344
1.88795
1.90187
1.92315
1.94981
1.97819
2.00332
2.02093
2.02913
2.02815
2.01964
2.00629
1.99181
1.98001
1.97329
1.97123
1.97019
1.96526
1.95351
1.93637
1.92029
1.91516
1.92945
1.9641
2.00935
2.04905
2.06929
2.06382
2.03509
1.99338
1.95387
1.93062
1.93058
1.95159
1.98564
2.02392
2.06018
2.09108
2.11467
2.12844
2.12928
2.11488
2.08546
2.04441
1.99793
1.95389
1.92014
1.90183
1.8998
1.9106
1.92832
1.94746
1.96501
1.97954
1.98894
1.99041
1.98423
1.97693
1.97985
2.00213
2.04305
2.09199
2.13526
2.16273
2.16942
2.1551
2.12395
2.08481
2.04956
2.02794
2.02143
2.02215
2.01971
2.00857
1.99013
1.97018
1.9547
1.94713
1.94789
1.95524
1.96609
1.97697
1.98506
1.98948
1.99128
1.99197
1.99266
1.99431
1.99783
2.00266
2.0065
2.00718
2.00439
1.9993
1.99306
1.98628
1.97968
1.97387
1.9691
1.966
1.96569
1.96918
1.97639
1.98596
1.99593
2.00446
2.01076
2.01575
2.02227
2.03353
2.05005
2.06839
2.08366
2.09217
2.09224
2.08343
2.06728
2.0497
2.03867
2.03682
2.04029
2.04598
2.05455
2.06661
2.07947
2.08854
2.09053
2.08415
2.06858
2.04199
2.00277
1.95187
1.89463
1.8406
1.80151
1.78748
1.80372
1.84786
1.90982
1.97491
2.02921
2.06483
2.08254
2.09031
2.09707
2.10508
2.10828
2.09842
2.07222
2.03362
1.99158
1.95671
1.9378
1.93882
1.95741
1.98647
2.01905
2.05204
2.08654
2.12387
2.16056
2.18723
2.1937
2.17521
2.13634
2.09087
2.05531
2.03833
2.03628
2.03932
2.0389
2.02908
2.00553
1.96662
1.91616
1.86486
1.82772
1.81705
1.83517
1.87214
1.9118
1.94061
1.952
1.94574
1.92589
1.8998
1.87655
1.86367
1.86327
1.87152
1.88202
1.8897
1.89305
1.89435
1.89803
1.90847
1.92841
1.95819
1.99542
2.03511
2.07128
2.09968
2.11926
2.13177
2.13999
2.14602
2.15009
2.15026
2.14325
2.12631
2.09943
2.06613
2.03245
2.00442
1.98598
1.9781
1.97901
1.98423
1.98887
1.99079
1.99168
1.99557
2.00716
2.03075
2.06732
2.1116
2.15424
2.18771
2.20902
2.2182
2.21547
2.19981
2.16988
2.12605
2.07214
2.01605
1.96746
1.93433
1.92021
1.92377
1.93977
1.96097
1.98041
1.99331
1.99774
1.99458
1.98706
1.97886
1.97119
1.96175
1.94646
1.92251
1.89111
1.85942
1.83927
1.8411
1.86613
1.90502
1.94482
1.97636
1.99688
2.00879
2.01716
2.02725
2.04216
2.0612
2.07969
2.09057
2.08855
2.07328
2.05046
2.02955
2.01936
2.024
2.04113
2.06318
2.08039
2.08398
2.06868
2.03469
1.98834
1.94029
1.90039
1.87283
1.85588
1.84647
1.8443
1.85171
1.87081
1.90163
1.94056
1.97923
2.00818
2.02546
2.04043
2.06371
2.09239
2.11155
2.10907
2.08341
2.04156
1.99484
1.95521
1.93278
1.93351
1.95821
2.00305
2.06089
2.12342
2.18329
2.23525
2.27669
2.30673
2.32512
2.33076
2.32094
2.29269
2.24523
2.18176
2.10888
2.03417
1.96385
1.90152
1.84835
1.80443
1.77078
1.74981
1.74379
1.75282
1.77375
1.80096
1.82903
1.85525
1.88012
1.90524
1.93062
1.9537
1.97047
1.97806
1.97747
1.9743
1.97475
1.98056
1.98815
1.99264
1.9928
1.99284
1.99967
2.01785
2.04584
2.07658
2.10142
2.11447
2.11456
2.10439
2.0879
2.06804
2.04574
2.02049
1.99173
1.96007
1.92868
1.9039
1.89334
1.90221
1.93004
1.97106
2.0172
2.06098
2.09666
2.12067
2.13092
2.12656
2.10755
2.07536
2.03364
1.98866
1.94837
1.92058
1.91055
1.91864
1.9399
1.96626
1.99057
2.00915
2.02159
2.02904
2.03265
2.03228
2.0262
2.01287
1.99319
1.97108
1.95129
1.93564
1.92158
1.90489
1.88396
1.86171
1.84427
1.83867
1.85005
1.87848
1.91755
1.95806
1.99483
2.02954
2.06755
2.11257
2.16247
2.2095
2.24396
2.25804
2.24776
2.21314
2.15789
2.08883
2.01487
1.94526
1.88814
1.84944
1.83248
1.83783
1.86327
1.90417
1.95375
2.00357
2.04468
2.07008
2.07706
2.06877
2.05371
2.04288
2.045
2.06297
2.09393
2.13117
2.16644
2.19178
2.20164
2.19525
2.17728
2.15528
2.1351
2.11726
2.09842
2.07536
2.04802
2.01971
1.99393
1.97091
1.94677
1.91646
1.87849
1.8377
1.80335
1.78437
1.78471
1.80275
1.83357
1.87154
1.91273
1.95545
1.99997
2.04712
2.09663
2.14507
2.18535
2.20906
2.20992
2.1865
2.14454
2.09794
2.06416
2.05253
2.05756
2.06663
2.0705
2.06632
2.05569
2.04255
2.03124
2.02477
2.02342
2.02453
2.02393
2.01782
2.00387
1.9815
1.95207
1.91894
1.88733
1.8638
1.85461
1.86325
1.88847
1.92416
1.96098
1.99028
2.00748
2.01326
2.01187
2.00833
2.00593
2.00428
1.99861
1.98212
1.95104
1.90833
1.86229
1.82254
1.79738
1.7919
1.80506
1.82909
1.85425
1.8745
1.88966
1.9034
1.91995
1.94192
1.96964
2.00115
2.03244
2.05785
2.07184
2.07149
2.0583
2.03847
2.02122
2.01536
2.0251
2.04811
2.07736
2.10485
2.12409
2.13126
2.12523
2.10767
2.08265
2.05574
2.03225
2.01529
2.00544
2.00311
2.01201
2.03836
2.08308
2.13688
2.18769
2.22896
2.25978
2.28066
2.29087
2.2881
2.26975
2.23463
2.18507
2.12721
2.06822
2.01196
1.95854
1.9091
1.86898
1.84461
1.83859
1.84872
1.87053
1.89906
1.92899
1.95497
1.97268
1.97954
1.9751
1.9612
1.94218
1.92378
1.91086
1.9058
1.90901
1.91999
1.93784
1.96085
1.98588
2.00877
2.02641
2.0388
2.04926
2.06228
2.08075
2.10477
2.13132
2.15417
2.16516
2.1572
2.12732
2.07891
2.02271
1.97455
1.94571
1.93334
1.92653
1.92009
1.91902
1.93141
1.95919
1.99483
2.02696
2.04688
2.05086
2.03992
2.01907
1.99565
1.97669
1.96575
1.96156
1.95978
1.95586
1.94726
1.93397
1.91767
1.90075
1.88585
1.87517
1.86996
1.87009
1.8744
1.88147
1.8898
1.89755
1.90233
1.90154
1.89417
1.88289
1.87441
1.87714
1.89757
1.93793
1.99579
2.0658
2.14187
2.21781
2.28676
2.34091
2.37234
2.37496
2.34641
2.28861
2.20758
2.11229
2.01342
1.92167
1.84618
1.79375
1.76858
1.77184
1.80075
1.84881
1.90766
1.96937
2.02745
2.07687
2.11304
2.13142
2.12864
2.10401
2.06109
2.00767
1.95426
1.91081
1.88355
1.8739
1.87927
1.8937
1.90907
1.91807
1.91742
1.90889
1.89792
1.8914
1.89559
1.91545
1.95311
2.00692
2.07145
2.13841
2.19776
2.23992
2.25787
2.24839
2.21203
2.1533
2.08049
2.00472
1.93542
1.87611
1.82575
1.78375
1.75382
1.74637
1.77414
1.83895
1.92554
2.01288
2.08582
2.13594
2.15885
2.15359
2.12355
2.07768
2.03134
2.00384
2.00836
2.0422
2.08821
2.12623
2.14298
2.13447
2.10404
2.059
2.00874
1.96312
1.93033
1.91424
1.91288
1.92057
1.93146
1.94231
1.95263
1.96312
1.97374
1.9825
1.98656
1.98497
1.98118
1.98236
1.99453
2.01882
2.05154
2.08697
2.11939
2.14348
2.15457
2.14971
2.12932
2.09796
2.0632
2.03269
2.0109
1.99825
1.99257
1.99096
1.9911
1.99172
1.99189
1.98981
1.98387
1.97512
1.96711
1.9623
1.9591
1.95457
1.94918
1.94815
1.95679
1.97504
1.99679
2.01436
2.02297
2.02202
2.01382
2.0019
1.98998
1.98181
1.98156
1.993
2.01801
2.05518
2.09986
2.14505
2.18182
2.20105
2.19685
2.17059
2.13137
2.09184
2.06211
2.04541
2.03808
2.0331
2.02356
2.00516
1.97758
1.94405
1.90924
1.87829
1.85829
1.85783
1.88116
1.92228
1.96695
2.00093
2.0158
2.0104
1.98976
1.9622
1.93562
1.9153
1.90414
1.90331
1.91203
1.9278
1.94797
1.97123
1.998
2.02908
2.06392
2.09997
2.13317
2.15967
2.17762
2.18792
2.19295
2.19328
2.18649
2.16908
2.14023
2.10397
2.06801
2.03948
2.02117
2.01049
2.00115
1.9857
1.95826
1.91695
1.86542
1.812
1.76682
1.7381
1.72938
1.73906
1.76245
1.79509
1.83431
1.87876
1.92626
1.97226
2.01
2.03282
2.03715
2.0249
2.00373
1.98394
1.97359
1.9755
1.98899
2.01276
2.04521
2.0831
2.12096
2.15212
2.17079
2.1735
2.15969
2.13167
2.09445
2.05487
2.02036
1.99698
1.98812
1.99413
2.01291
2.03999
2.0689
2.09176
2.10119
2.09315
2.06921
2.03581
2.00141
1.97342
1.95584
1.94812
1.94618
1.94505
1.94165
1.93607
1.93141
1.93288
1.94531
1.97014
2.00389
2.03949
2.06928
2.08745
2.09045
2.07694
2.04857
2.01148
1.97577
1.95088
1.94013
1.94009
1.94555
1.95428
1.96669
1.98279
2.00059
2.01643
2.02598
2.02591
2.01621
2.00145
1.98965
1.98987
2.00849
2.04586
2.09591
2.14867
2.19341
2.22094
2.22547
2.20563
2.16365
2.10419
2.03461
1.96636
1.91433
1.89176
1.9034
1.94242
1.99397
2.04268
2.07859
2.09878
2.10556
2.10309
2.09453
2.08068
2.06054
2.03312
1.99897
1.96074
1.92303
1.8916
1.87201
1.86825
1.88134
1.90918
1.9466
1.98626
2.01999
2.04077
2.0439
2.02768
1.99433
1.95032
1.90575
1.87178
1.85749
1.86708
1.89861
1.94486
1.99646
2.04471
2.08383
2.11151
2.12847
2.13657
2.13722
2.13064
2.11644
2.09428
2.06406
2.02627
1.98341
1.94193
1.91201
1.90365
1.92103
1.95912
2.00615
2.0495
2.08053
2.09624
2.09758
2.08616
2.06285
2.02885
1.9879
1.94663
1.91318
1.89471
1.89491
1.91338
1.94743
1.99403
2.04971
2.10881
2.16239
2.20001
2.21452
2.20504
2.17593
2.13385
2.08608
2.04076
2.00632
1.98891
1.98933
2.00169
2.01532
2.01907
2.0058
1.97451
1.93022
1.88103
1.83523
1.79888
1.77539
1.76607
1.77036
1.78525
1.80556
1.82552
1.84063
1.84892
1.85092
1.84951
1.84974
1.85821
1.88049
1.91839
1.96929
2.02747
2.0859
2.13684
2.17286
2.18889
2.18466
2.16554
2.13986
2.11341
2.08585
2.05314
2.01328
1.9694
1.92795
1.89484
1.8731
1.86335
1.8652
1.87843
1.9041
1.94533
2.00566
2.08394
2.1703
2.24854
2.30299
2.32402
2.31008
2.26644
2.20285
2.1315
2.06479
2.01251
1.97918
1.96276
1.957
1.9562
1.95828
1.96376
1.97264
1.98293
1.99244
2.0004
2.00779
2.01567
2.02327
2.02776
2.02655
2.01944
2.0085
1.99639
1.98419
1.97089
1.95513
1.93668
1.91711
1.89955
1.8882
1.88773
1.90198
1.93181
1.9734
2.01829
2.05638
2.07945
2.08388
2.07144
2.04818
2.02201
2.00011
1.98699
1.98376
1.98831
1.99639
2.00269
2.00255
1.99335
1.97604
1.95554
1.93896
1.932
1.93558
1.94548
1.95608
1.96662
1.98469
2.0192
2.06735
2.11495
2.14949
2.16747
2.1719
2.16669
2.15277
2.12836
2.09198
2.04583
1.99744
1.9573
1.93321
1.92679
1.93652
1.9608
1.99546
2.03169
2.06006
2.0757
2.07873
2.07093
2.05408
2.03074
2.00508
1.98274
1.96936
1.96783
1.97536
1.98326
1.97984
1.95547
1.90711
1.84061
1.77085
1.71862
1.70317
1.73219
1.79741
1.88167
1.96849
2.04686
2.11165
2.16167
2.19693
2.21672
2.22
2.20643
2.17811
2.13992
2.0988
2.06151
2.03307
2.01684
2.01511
2.02811
2.05273
2.08277
2.11113
2.13258
2.14551
2.1521
2.15656
2.16187
2.16697
2.1671
2.15644
2.13058
2.08744
2.0277
1.95598
1.88151
1.81617
1.77043
1.7491
1.75011
1.76674
1.79089
1.81592
1.83864
1.85983
1.88223
1.90663
1.9299
1.94697
1.95535
1.95792
1.96156
1.97233
1.99152
2.01561
2.03922
2.0579
2.06949
2.07409
2.0736
2.07071
2.06752
2.06455
2.06106
2.0566
2.05158
2.04636
2.03942
2.02669
2.00416
1.97305
1.94132
1.91951
1.91252
1.91685
1.92558
1.93416
1.94201
1.95113
1.9646
1.98644
2.02176
2.07308
2.1366
2.20333
2.26318
2.30773
2.33044
2.32758
2.30074
2.25886
2.216
2.18416
2.16572
2.15463
2.14311
2.12547
2.09832
2.06036
2.01323
1.96195
1.91419
1.87757
1.85627
1.84948
1.85196
1.85675
1.85822
1.85357
1.84322
1.83023
1.81909
1.81417
1.81803
1.83082
1.85029
1.87249
1.8936
1.91125
1.9251
1.93667
1.94895
1.96502
1.98573
2.00856
2.02931
2.04567
2.05926
2.07389
2.0906
2.10459
2.10768
2.09348
2.06122
2.01741
1.9757
1.95122
1.94971
1.96278
1.9768
1.98294
1.9787
1.96419
1.93951
1.90534
1.8658
1.83079
1.81343
1.82065
1.84654
1.87779
1.90463
1.92522
1.94255
1.95919
1.9751
1.98806
1.99541
1.99583
1.98963
1.9784
1.96517
1.95393
1.94857
1.95165
1.96374
1.9837
2.00894
2.03608
2.06216
2.08536
2.1043
2.11624
2.11632
2.09935
2.06346
2.01302
1.95837
1.91201
1.88385
1.87867
1.89655
1.93486
1.98866
2.05074
2.11237
2.1652
2.20335
2.22435
2.22817
2.21528
2.18494
2.13627
2.07036
1.9931
1.91639
1.85637
1.82734
1.8341
1.86814
1.91279
1.95251
1.97841
1.98836
1.98446
1.97236
1.96161
1.96318
1.98295
2.0178
2.05853
2.09475
2.11812
2.12391
2.112
2.08701
2.05759
2.03422
2.0258
2.03606
2.06208
2.09518
2.12381
2.13699
2.12717
2.09276
2.03913
1.97743
1.92051
1.87856
1.85655
1.85392
1.86591
1.88541
1.90483
1.91779
1.91984
1.90953
1.88936
1.8659
1.84779
1.84243
1.85416
1.88419
1.93078
1.98773
2.04396
2.0874
2.11008
2.11063
2.09343
2.06667
2.03969
2.02033
2.01279
2.01723
2.03194
2.05523
2.08561
2.12122
2.1599
2.19863
2.23275
2.25723
2.26863
2.26535
2.24733
2.21583
2.17406
2.12761
2.08345
2.04748
2.02187
2.00443
1.99065
1.97631
1.95901
1.93897
1.91944
1.90617
1.90454
1.9153
1.93377
1.95285
1.96674
1.97214
1.96835
1.9572
1.94257
1.92897
1.91977
1.91651
1.91883
1.92549
1.93554
1.94862
1.96373
1.97868
1.9918
2.00452
2.02087
2.0437
2.0715
2.09968
2.12399
2.14218
2.15306
2.15499
2.1463
2.12653
2.09792
2.06568
2.03648
2.01519
2.00389
2.0042
2.01793
2.04309
2.07183
2.09499
2.10857
2.11518
2.1203
2.12699
2.13361
2.13501
2.12572
2.1027
2.06577
2.01739
1.96261
1.90849
1.86246
1.83097
1.81875
1.82937
1.86472
1.92247
1.99323
2.06155
2.11173
2.13474
2.13053
2.10532
2.06749
2.02486
1.98319
1.94602
1.91506
1.89127
1.87593
1.87029
1.8748
1.88804
1.90592
1.92232
1.9316
1.93144
1.92403
1.91468
1.90879
1.90931
1.91578
1.92451
1.93019
1.92853
1.91862
1.90353
1.88943
1.88325
1.89
1.91079
1.94262
1.98069
2.02047
2.05775
2.08854
2.11006
2.12205
2.12668
2.12757
2.12886
2.13422
2.14522
2.15999
2.17342
2.17859
2.16845
2.13822
2.08738
2.02189
1.95455
1.90184
1.87741
1.88729
1.92839
1.9892
2.05339
2.10608
2.13938
2.15324
2.15238
2.1418
2.12449
2.10174
2.07394
2.04204
2.00788
1.97477
1.94718
1.92984
1.92603
1.93557
1.9546
1.97663
1.99496
2.00539
2.00858
2.0096
2.01458
2.02653
2.04407
2.0635
2.08073
2.09246
2.09698
2.09436
2.08595
2.07329
2.05679
2.03624
2.01269
1.98933
1.97012
1.95729
1.94995
1.94538
1.94157
1.93853
1.93745
1.93948
1.94476
1.9524
1.9607
1.96702
1.96852
1.96295
1.94985
1.93024
1.90602
1.88034
1.85811
1.84582
1.84955
1.87284
1.91513
1.97142
2.03274
2.08805
2.12724
2.14474
2.14205
2.1271
2.11025
2.09948
2.09731
2.10126
2.10651
2.10855
2.10468
2.09412
2.07737
2.05573
2.03086
2.00525
1.9816
1.96127
1.94356
1.92812
1.91784
1.91862
1.93553
1.96873
2.01271
2.0584
2.09618
2.11863
2.12238
2.10904
2.08471
2.05755
2.03405
2.0161
2.00174
1.9888
1.97655
1.96509
1.95443
1.94511
1.93872
1.93745
1.9429
1.95563
1.97521
1.99977
2.02517
2.04493
2.05232
2.04315
2.01777
1.98125
1.9421
1.90937
1.88973
1.88581
1.89679
1.91964
1.95
1.983
2.01576
2.04832
2.08238
2.11782
2.15058
2.17339
2.17895
2.16367
2.12935
2.08297
2.03512
1.99646
1.97394
1.96805
1.97301
1.97975
1.98053
1.97235
1.95798
1.9441
1.93819
1.94529
1.96572
1.9949
2.0259
2.05289
2.07428
2.09297
2.11248
2.13201
2.14557
2.14637
2.13169
2.10355
2.06707
2.02813
1.99221
1.96422
1.94795
1.94492
1.95308
1.96705
1.98049
1.98926
1.99319
1.99481
1.99649
1.99826
1.99821
1.99397
1.98457
1.97143
1.95779
1.94634
1.93743
1.92955
1.92194
1.91629
1.916
1.9238
1.93982
1.96111
1.98267
1.99939
2.00794
2.00754
1.99999
1.98936
1.981
1.97948
1.98722
2.00433
2.02901
2.05831
2.08872
2.11726
2.142
2.16114
2.17203
2.1714
2.15727
2.13035
2.09392
2.05252
2.01096
1.97374
1.94484
1.92701
1.92069
1.92337
1.93091
1.93971
1.94777
1.95459
1.96007
1.9645
1.96883
1.97448
1.98285
1.99424
2.00742
2.02011
2.02998
2.03519
2.03468
2.02921
2.02166
2.01548
2.01283
2.0142
2.01864
2.02434
2.02901
2.03039
2.02723
2.01987
2.01086
2.00571
2.01101
2.0305
2.06156
2.09603
2.12453
2.14037
2.14129
2.12851
2.10506
2.0741
2.03779
1.99673
1.94989
1.89631
1.83825
1.78296
1.74074
1.71953
1.72014
1.73524
1.75405
1.76896
1.77965
1.79218
1.81444
1.85102
1.90099
1.96023
2.02373
2.08574
2.13943
2.17804
2.1975
2.19804
2.18425
2.16306
2.14135
2.12416
2.11396
2.11023
2.11016
2.11038
2.109
2.10616
2.10259
2.09756
2.08876
2.07349
2.04964
2.01594
1.97264
1.92295
1.87413
1.83719
1.82347
1.83957
1.88368
1.94594
2.01233
2.06921
2.10663
2.12081
2.11462
2.09543
2.06987
2.04018
2.00488
1.96279
1.91609
1.87045
1.83299
1.80931
1.80178
1.81014
1.83374
1.873
1.92809
1.99601
2.06889
2.13531
2.18357
2.20552
2.19815
2.16357
2.10767
2.0393
1.96982
1.91216
1.87734
1.8697
1.88497
1.91354
1.94636
1.97915
2.01285
2.05112
2.09635
2.14706
2.19746
2.23976
2.26725
2.27639
2.26681
2.24015
2.19849
2.1439
2.08054
2.01787
1.96922
1.94292
1.93735
1.94641
1.9648
1.98828
2.0123
2.03195
2.04246
2.03997
2.02292
1.99401
1.96175
1.93812
1.92949
1.93089
1.93243
1.92905
1.92164
1.91407
1.91093
1.91602
1.93098
1.95398
1.98001
2.00324
2.01956
2.0276
2.02831
2.02444
2.02046
2.02134
2.02939
2.04204
2.05274
2.05487
2.04536
2.02562
2.0004
1.9753
1.95505
1.94188
1.93482
1.93038
1.9243
1.91359
1.89792
1.88001
1.86494
1.85802
1.86174
1.87397
1.88967
1.90369
1.91252
1.91462
1.91023
1.90162
1.893
1.88918
1.89412
1.91037
1.93918
1.97919
2.02527
2.07076
2.11157
2.14724
2.17838
2.20391
2.22096
2.2265
2.21918
2.20009
2.1717
2.13642
2.09632
2.055
2.01859
1.99392
1.98408
1.98689
1.99684
2.00817
2.01685
2.02151
2.02281
2.02128
2.01578
2.00434
1.98633
1.96389
1.94189
1.92605
1.9202
1.92386
1.9321
1.93857
1.93926
1.93462
1.92893
1.92742
1.93396
1.95038
1.977
2.0131
2.05648
2.10321
2.14847
2.18738
2.21559
2.22912
2.22384
2.196
2.14369
2.06929
1.98038
1.88896
1.80811
1.74804
1.71371
1.705
1.71802
1.74684
1.7844
1.82349
1.85897
1.88927
1.9157
1.94069
1.96626
1.99373
2.02421
2.05775
2.09187
2.12213
2.14432
2.15615
2.15729
2.14815
2.12951
2.10273
2.07058
2.03621
2.0016
1.96733
1.93461
1.90688
1.88914
1.8855
1.89694
1.92076
1.95135
1.98191
2.00637
2.02051
2.02246
2.01205
1.99041
1.96044
1.92717
1.8969
1.87406
1.85848
1.84658
1.83647
1.83417
1.85322
1.90058
1.96602
2.03247
2.08953
2.13372
2.16401
2.17936
2.17888
2.16237
2.13071
2.08585
2.03198
1.97746
1.9355
1.92009
1.93607
1.97282
2.01254
2.04292
2.06075
2.06811
2.06848
2.06497
2.06004
2.05532
2.05154
2.04913
2.04968
2.05622
2.07173
2.09731
2.13083
2.16719
2.19974
2.22157
2.22668
2.211
2.17359
2.11709
2.04723
1.97078
1.89354
1.8199
1.75424
1.70253
1.67244
1.67117
1.70156
1.75932
1.83402
1.91264
1.98353
2.03807
2.07135
2.08163
2.07004
2.041
2.00261
1.96552
1.94062
1.9362
1.95491
1.99223
2.03747
2.0775
2.10062
2.0999
2.07606
2.0386
2.00275
1.98126
1.97735
1.98559
1.99872
2.01217
2.02424
2.03364
2.03739
2.03184
2.01553
1.99075
1.96177
1.93234
1.90598
1.88754
1.88272
1.89447
1.92014
1.95221
1.98169
2.00169
2.0094
2.00614
1.99669
1.98767
1.98491
1.99068
2.0029
2.01677
2.02721
2.03068
2.02517
2.01034
1.98751
1.95987
1.93228
1.91068
1.90117
1.90766
1.92953
1.9616
1.99673
2.02961
2.05966
2.09049
2.12555
2.16309
2.19571
2.21408
2.21132
2.18513
2.13788
2.07629
2.0107
1.95226
1.91042
1.89098
1.89471
1.91643
1.94735
1.97889
2.00593
2.02668
2.04176
2.05274
2.06082
2.06675
2.07148
2.07661
2.08385
2.09331
2.10244
2.1066
2.10099
2.08201
2.04821
2.00158
1.94867
1.89974
1.86572
1.85451
1.86919
1.90655
1.95715
2.01011
2.05755
2.09618
2.12669
2.15222
2.17577
2.1973
2.21292
2.21692
2.20443
2.17288
2.12237
2.0568
1.98491
1.91946
1.87364
1.85575
1.86473
1.8904
1.91936
1.94277
1.96036
1.97803
2.00174
2.03193
2.06286
2.08695
2.09924
2.09878
2.08763
2.06982
2.05003
2.03249
2.01983
2.01223
2.00762
2.00298
1.99644
1.98825
1.98001
1.97324
1.96856
1.96545
1.96222
1.95715
1.95029
1.94434
1.94263
1.9459
1.95147
1.95606
1.95867
1.96149
1.96788
1.98037
2.00067
2.02995
2.06765
2.10973
2.14884
2.17642
2.18504
2.16993
2.12911
2.06433
1.98273
1.89729
1.82487
1.78092
1.77351
1.80141
1.85707
1.93022
2.00967
2.08385
2.14205
2.17641
2.18374
2.1664
2.13162
2.08948
2.04982
2.02003
2.00418
2.00157
2.00589
2.00722
1.99789
1.97732
1.9524
1.93288
1.92538
1.92954
1.93969
1.95016
1.95926
1.96879
1.9821
2.00117
2.0244
2.04661
2.06203
2.06781
2.06556
2.06051
2.05855
2.06282
2.07174
2.07978
2.08111
2.07289
2.05659
2.03713
2.02029
2.00979
2.00547
2.00385
2.00095
1.99536
1.98911
1.98653
1.99149
2.00476
2.02281
2.03915
2.04758
2.0455
2.03422
2.0178
2.00099
1.98841
1.98356
1.98777
1.99997
2.01801
2.03937
2.06158
2.08187
2.0966
2.10101
2.09062
2.06377
2.02425
1.98313
1.95584
1.9512
1.96346
1.97944
1.99029
1.99447
1.99387
1.98969
1.9816
1.97017
1.9586
1.95173
1.95252
1.96025
1.97208
1.98575
1.99988
2.01213
2.01787
2.01159
1.99022
1.95684
1.92239
1.90226
1.9057
1.92855
1.95961
1.99105
2.02022
2.04545
2.06395
2.07327
2.07345
2.06794
2.0623
2.06169
2.0686
2.08216
2.09939
2.11769
2.1363
2.15529
2.17423
2.19166
2.20561
2.21346
2.21131
2.19422
2.15767
2.0996
2.02188
1.93123
1.83854
1.75668
1.69777
1.67042
1.67596
1.70718
1.75234
1.80021
1.84237
1.87316
1.88976
1.89269
1.88574
1.87514
1.86808
1.87053
1.88471
1.90761
1.93252
1.95358
1.96952
1.9836
2.00033
2.02145
2.04462
2.06565
2.08098
2.08856
2.08748
2.07739
2.05816
2.02994
1.99377
1.9527
1.91237
1.88088
1.86645
1.87436
1.90517
1.95458
2.01524
2.07933
2.14053
2.19396
2.23474
2.25775
2.25922
2.23877
2.20003
2.14993
2.09679
2.04751
2.0053
1.96989
1.94046
1.91917
1.91166
1.92216
1.94794
1.97965
2.00671
2.02209
2.02392
2.01516
2.00153
1.98919
1.98304
1.9859
1.99781
2.01556
2.03389
2.04968
2.06634
2.09106
2.12405
2.15328
2.16343
2.14685
2.10686
2.05503
2.007
1.97731
1.97366
1.99412
2.02938
2.06763
2.09824
2.11352
2.10961
2.08656
2.04777
1.99923
1.94917
1.90662
1.87753
1.86226
1.85736
1.85842
1.86056
1.85938
1.85402
1.84965
1.85588
1.88125
1.9266
1.98238
2.03328
2.06554
2.07278
2.05777
2.02926
1.99491
1.95729
1.91746
1.88003
1.85216
1.83889
1.84063
1.85455
1.87749
1.90717
1.94176
1.97941
2.01828
2.05709
2.09573
2.13525
2.1765
2.21719
2.25214
2.27623
2.28759
2.28905
2.28755
2.289
2.2919
2.28756
2.26674
2.22412
2.15972
2.07866
1.98978
1.90334
1.82897
1.77489
1.74678
1.7466
1.77277
1.82088
1.88309
1.94782
2.00209
2.03573
2.04442
2.03062
2.00215
1.96942
1.942
1.92584
1.92211
1.9279
1.9382
1.94879
1.95826
1.96846
1.98234
2.00089
2.02077
2.03516
2.03818
2.02942
2.01451
2.00102
1.99449
1.99742
2.01061
2.03302
2.06079
2.08738
2.10622
2.11279
2.10508
2.08373
2.0525
2.01822
1.98928
1.97301
1.97334
1.99027
2.02004
2.05535
2.08677
2.10608
2.10916
2.09628
2.07069
2.03763
2.00328
1.97293
1.94941
1.93365
1.92589
1.92639
1.93477
1.94955
1.96803
1.98696
2.00346
2.01576
2.02316
2.02546
2.02295
2.01689
2.00991
2.00499
2.00357
2.00472
2.00534
2.00282
1.99812
1.99641
2.0039
2.02345
2.05224
2.08306
2.10762
2.11894
2.11317
2.09004
2.05216
2.00396
1.95105
1.90013
1.859
1.8349
1.83151
1.84665
1.8727
1.90004
1.92119
1.93226
1.93294
1.92535
1.9135
1.90269
1.8986
1.90581
1.92661
1.9601
2.00221
2.0466
2.0862
2.11529
2.13058
2.13202
2.12259
2.10695
2.08975
2.0742
2.06126
2.04945
2.03576
2.01798
1.99816
1.98351
1.98109
1.99198
2.01304
2.0417
2.07544
2.10888
2.13385
2.14244
2.13002
2.09621
2.04404
1.97943
1.91081
1.84897
1.80527
1.78793
1.79818
1.83028
1.87518
1.92385
1.96782
1.9999
2.01566
2.01484
2.00144
1.98253
1.96641
1.95986
1.96554
1.98168
2.00477
2.03265
2.0648
2.09978
2.13356
2.16046
2.17555
2.17644
2.16356
2.13948
2.1079
2.07285
2.0377
2.00406
1.97232
1.94333
1.92033
1.90862
1.91301
1.93418
1.96649
1.99942
2.02202
2.02765
2.01616
1.99296
1.96597
1.94308
1.93015
1.93006
1.94235
1.96421
1.99119
2.0182
2.03994
2.05173
2.05079
2.03744
2.01565
1.99313
1.97984
1.98427
2.00792
2.04305
2.07655
2.0968
2.09918
2.08638
2.06436
2.03748
2.00652
1.97063
1.93021
1.8881
1.84937
1.82025
1.80663
1.81327
1.84318
1.89644
1.9672
2.04261
2.10678
2.14754
2.15964
2.14394
2.10544
2.05198
1.9937
1.94221
1.90868
1.90043
1.91819
1.95813
2.01496
2.08228
2.15111
2.21066
2.25145
2.26773
2.25769
2.22286
2.16773
2.09945
2.02698
1.95969
1.90605
1.8727
1.86366
1.87911
1.91388
1.95764
1.9979
2.02408
2.03095
2.02013
1.99995
1.98216
1.97666
1.98526
2.00018
2.01058
2.01098
2.00319
1.99416
1.99195
2.0012
2.02058
2.04442
2.06631
2.08133
2.08658
2.08009
2.06039
2.02761
1.98498
1.93846
1.8941
1.85502
1.82101
1.79084
1.76541
1.74975
1.7516
1.77621
1.82176
1.88029
1.94233
2.00029
2.04969
2.08891
2.11831
2.13898
2.15091
2.15231
2.14123
2.11795
2.08627
2.05207
2.02069
1.99571
1.97914
1.97246
1.97673
1.99179
2.0156
2.04419
2.07162
2.09023
2.09222
2.07292
2.03384
1.98324
1.93333
1.89522
1.87478
1.87207
1.88369
1.90495
1.93044
1.95463
1.97298
1.98316
1.98537
1.98151
1.97364
1.96343
1.95221
1.94106
1.93104
1.92311
1.91785
1.91515
1.91472
1.9161
1.91884
1.92298
1.92964
1.94088
1.95792
1.97992
2.00482
2.03099
2.05825
2.08739
2.11822
2.14822
2.17288
2.18781
2.19043
2.1798
2.15571
2.11891
2.07206
2.02126
1.97505
1.94041
1.91918
1.90855
1.90431
1.90434
1.90977
1.92326
1.9462
1.97698
2.01168
2.04608
2.07711
2.10242
2.11931
2.12524
2.11957
2.10537
2.08856
2.07387
2.06232
2.05178
2.03985
2.02614
2.01423
2.01147
2.0246
2.0547
2.09619
2.14053
2.17985
2.2081
2.22154
2.21846
2.19796
2.15909
2.10099
2.02452
1.93408
1.83856
1.75073
1.68298
1.64276
1.63061
1.64206
1.67093
1.71123
1.75716
1.80249
1.84093
1.86767
1.88145
1.8856
1.88702
1.89371
1.91168
1.94251
1.9827
2.02453
2.05879
2.07749
2.07643
2.0569
2.02574
1.99328
1.97004
1.96359
1.97661
2.00662
2.04652
2.08644
2.1166
2.13062
2.1284
2.11695
2.1057
2.0986
2.0932
2.08588
2.07502
2.06091
2.04514
2.03017
2.01874
2.01262
2.01176
2.01377
2.01448
2.00909
1.99471
1.97152
1.94242
1.91211
1.88786
1.87873
1.8901
1.91792
1.95182
1.9837
2.0112
2.03472
2.05451
2.07062
2.08401
2.0968
2.1111
2.12711
2.14236
2.15269
2.15431
2.14598
2.13016
2.11248
2.09919
2.09303
2.09134
2.08776
2.07748
2.06114
2.04363
2.02946
2.02002
2.01483
2.01385
2.01785
2.02704
2.03906
2.04834
2.04781
2.03192
1.99858
1.95016
1.89329
1.83775
1.7942
1.77142
1.77308
1.79614
1.83156
1.86798
1.89681
1.91539
1.92703
1.93838
1.95583
1.98288
2.01835
2.05698
2.09341
2.12588
2.15598
2.18386
2.20566
2.2155
2.20946
2.18761
2.15334
2.11188
2.06926
2.03228
2.00732
1.99621
1.99367
1.9916
1.9854
1.97605
1.96658
1.9583
1.95271
1.95428
1.96883
1.99882
2.04071
2.086
2.12477
2.14882
2.15384
2.13993
2.11103
2.07301
2.03128
1.99026
1.95434
1.92808
1.91499
1.91531
1.92515
1.93779
1.94639
1.94684
1.93972
1.93072
1.92756
1.93492
1.95099
1.96832
1.97812
1.97406
1.95382
1.91972
1.87863
1.84134
1.81879
1.81641
1.83211
1.86074
1.89866
1.94428
1.99588
2.05041
2.10403
2.15292
2.19333
2.22141
2.23424
2.23095
2.21322
2.18471
2.1502
2.11507
2.08515
2.06562
2.05829
2.06035
2.06705
2.07475
2.08073
2.0812
2.07073
2.04413
1.99882
1.93644
1.86323
1.78877
1.72355
1.6769
1.65547
1.66161
1.69156
1.73631
1.78532
1.83115
1.8716
1.9089
1.94682
1.98781
2.03145
2.07499
2.1149
2.14814
2.17252
2.18695
2.19185
2.18974
2.18463
2.18016
2.17766
2.17545
2.17037
2.15945
2.14141
2.11685
2.08765
2.0563
2.0251
1.99585
1.96886
1.94256
1.91444
1.88332
1.85153
1.82483
1.80962
1.80912
1.82111
1.83942
1.85773
1.87287
1.88581
1.90026
1.9203
1.9485
1.98487
2.02726
2.07153
2.11181
2.14103
2.15265
2.14291
2.11256
2.06664
2.01298
1.96025
1.91592
1.88507
1.86982
1.86965
1.88276
1.90705
1.94025
1.97925
2.01957
2.05522
2.07984
2.08851
2.07901
2.05202
2.01027
1.95778
1.9001
1.84511
1.80242
1.77987
1.77952
1.79753
1.82851
1.86892
1.91586
1.96385
2.00504
2.03289
2.04598
2.04826
2.0472
2.05022
2.06082
2.07692
2.09248
2.10162
2.10221
2.09717
2.09213
2.09198
2.09843
2.11122
2.12911
2.1498
2.16964
2.18418
2.18981
2.18427
2.16701
2.13959
2.10575
2.07044
2.03824
2.01151
1.99018
1.97276
1.95872
1.95018
1.95078
1.96175
1.97914
1.99637
2.0096
2.02033
2.03349
2.05237
2.07499
2.09434
2.10235
2.09383
2.06873
2.03184
1.99062
1.95242
1.92191
1.89988
1.88416
1.87165
1.86041
1.85088
1.84609
1.85093
1.87002
1.90493
1.95221
2.00405
2.051
2.0853
2.10279
2.10321
2.08953
2.06674
2.04013
2.01417
1.99163
1.97373
1.96037
1.95063
1.94343
1.93749
1.93099
1.92161
1.90777
1.89025
1.8724
1.85908
1.85478
1.86186
1.87993
1.90608
1.93555
1.96301
1.98395
1.9968
2.00419
2.01229
2.02814
2.05634
2.09716
2.14646
2.19711
2.24081
2.27066
2.28278
2.2767
2.25492
2.22187
2.18287
2.14255
2.10302
2.06365
2.02237
1.97689
1.92617
1.87154
1.81903
1.77973
1.76475
1.77838
1.8176
1.87686
1.95
2.02906
2.10413
2.16559
2.20715
2.22695
2.22674
2.21089
2.1865
2.16231
2.14461
2.13206
2.11609
2.08731
2.04186
1.98379
1.92293
1.86915
1.8277
1.80035
1.7893
1.79664
1.82018
1.85334
1.88874
1.92027
1.9423
1.94998
1.94143
1.92015
1.89477
1.87617
1.87302
1.88863
1.9203
1.9609
2.00162
2.03396
2.05158
2.05217
2.03853
2.01821
2.00046
1.99176
1.99245
1.99766
2.0011
1.99874
1.99
1.9767
1.96181
1.94873
1.94167
1.9453
1.96321
1.99582
2.04113
2.09658
2.15849
2.21908
2.2667
2.29044
2.28476
2.25063
2.19371
2.1221
2.04512
1.97305
1.91657
1.88444
1.87969
1.8981
1.93057
1.96729
2.00089
2.0277
2.04725
2.06065
2.0682
2.06844
2.059
2.03819
2.00597
1.96423
1.91746
1.8736
1.84344
1.83696
1.85808
1.90197
1.95754
2.01249
2.05737
2.08789
2.10463
2.11102
2.11052
2.10482
2.0933
2.07432
2.04685
2.01191
1.97325
1.93695
1.91077
1.90254
1.91709
1.95359
2.00535
2.06163
2.11153
2.14687
2.16354
2.16113
2.14199
2.10993
2.06973
2.02682
1.98665
1.95362
1.93072
1.9203
1.92658
1.95637
2.0112
2.07929
2.14113
2.18213
2.19676
2.18562
2.15166
2.09902
2.03349
1.96344
1.89983
1.8531
1.82804
1.82141
1.82587
1.83647
1.85333
1.87927
1.91533
1.95826
2.00149
2.03841
2.06489
2.08045
2.08777
2.09164
2.097
2.10613
2.11737
2.12617
2.12783
2.12013
2.10451
2.08504
2.06642
2.05178
2.04165
2.03451
2.02878
2.02425
2.02168
2.02159
2.02386
2.02893
2.03873
2.05499
2.07506
2.09008
2.08991
2.07122
2.04031
2.00663
1.97357
1.93828
1.8993
1.86172
1.83541
1.82891
1.84455
1.87785
1.92125
1.96823
2.01459
2.05757
2.0948
2.12422
2.14437
2.15366
2.14978
2.13012
2.09347
2.0418
1.98151
1.92332
1.88008
1.86374
1.88119
1.92568
1.97601
2.0109
2.02033
2.00647
1.98067
1.95768
1.94803
1.95378
1.97039
1.99075
2.00786
2.01614
2.01288
1.99892
1.97736
1.9506
1.91969
1.8868
1.85714
1.83729
1.83187
1.84196
1.86515
1.89636
1.92954
1.96034
1.98695
2.00877
2.02431
2.02991
2.02077
1.99399
1.95171
1.90194
1.85624
1.82522
1.81442
1.82308
1.84634
1.87849
1.91538
1.95517
1.9974
2.04104
2.08303
2.11891
2.14437
2.15606
2.15242
2.13486
2.10851
2.08136
2.06203
2.05654
2.06629
2.08827
2.11673
2.14531
2.16832
2.18075
2.17867
2.16005
2.1266
2.08419
2.04101
2.00366
1.9738
1.94791
1.92077
1.89044
1.86059
1.83925
1.83548
1.85477
1.89591
1.95148
2.01078
2.06316
2.09999
2.11608
2.11087
2.08873
2.05785
2.02737
2.0046
1.9931
1.99249
1.99954
2.0096
2.0184
2.02367
2.02616
2.02811
2.03057
2.03192
2.02909
2.01938
2.00152
1.97586
1.94433
1.91018
1.87705
1.84828
1.82714
1.81765
1.82397
1.84802
1.8871
1.93418
1.9801
2.01634
2.03704
2.03976
2.02566
1.99894
1.96599
1.93448
1.9114
1.90053
1.90173
1.91134
1.92458
1.93817
1.95137
1.96508
1.98024
1.99713
2.016
2.03811
2.06528
2.09766
2.13263
2.16539
2.19114
2.20681
2.2119
2.20734
2.19423
2.17366
2.14749
2.11865
2.09042
2.0654
2.04481
2.02892
2.01852
2.01561
2.02125
2.03191
2.04031
2.03961
2.02663
2.00221
1.97066
1.93788
1.90903
1.88636
1.86928
1.85643
1.84778
1.84529
1.85188
1.86992
1.89953
1.93646
1.97202
1.99659
2.00411
1.99481
1.97431
1.95056
1.93002
1.91617
1.9102
1.91195
1.91961
1.92922
1.93502
1.93174
1.91773
1.89613
1.87359
1.85666
1.84863
1.84964
1.85847
1.87295
1.89003
1.90666
1.92153
1.93566
1.95092
1.9678
1.98434
1.99723
2.00351
2.00134
1.99082
1.97458
1.9573
1.94419
1.9398
1.94732
1.96807
2.00061
2.04011
2.07888
2.10935
2.12751
2.13419
2.13384
2.13147
2.13057
2.13267
2.13762
2.14429
2.15112
2.15703
2.16174
2.16498
2.16535
2.16136
2.15293
2.14132
2.12802
2.11398
2.09957
2.0849
2.0699
2.05495
2.04098
2.02856
2.0169
2.00312
1.98353
1.95639
1.92433
1.89389
1.87176
1.86147
1.86291
1.87337
1.88796
1.90141
1.91053
1.91497
1.91566
1.91333
1.90847
1.90205
1.89603
1.89295
1.89482
1.90172
1.91127
1.91994
1.925
1.92562
1.92297
1.91917
1.91594
1.91389
1.91346
1.91737
1.9324
1.96624
2.02002
2.08545
2.1501
2.20269
2.23504
2.24317
2.22753
2.19255
2.14497
2.09284
2.045
2.00812
1.98352
1.96794
1.95796
1.9531
1.95493
1.96431
1.98098
2.00417
2.0331
2.06569
2.09785
2.12425
2.13996
2.1424
2.13223
2.11308
2.08987
2.06688
2.04619
2.02742
2.00865
1.9883
1.9666
1.94571
1.92817
1.91471
1.90306
1.88927
1.87061
1.84872
1.83072
1.82714
1.84653
1.89024
1.95168
2.01987
2.08399
2.13631
2.17245
2.19021
2.18832
2.16604
2.12365
2.0636
1.99158
1.91678
1.85104
1.8058
1.78793
1.79788
1.83111
1.88057
1.93874
1.99793
2.05097
2.0928
2.1217
2.13933
2.14957
2.15575
2.15731
2.14927
2.12606
2.08611
2.03355
1.97652
1.92411
1.88428
1.8627
1.86169
1.87873
1.90576
1.93229
1.95003
1.95564
1.95069
1.94017
1.92996
1.92395
1.92258
1.92416
1.92751
1.9331
1.94262
1.95776
1.97958
2.00761
2.03908
2.07023
2.09829
2.12279
2.14492
2.16631
2.18775
2.20823
2.22466
2.23192
2.22445
2.19835
2.15267
2.09068
2.02002
1.95209
1.89889
1.86724
1.85534
1.85559
1.86093
1.86842
1.87831
1.89145
1.90669
1.92039
1.92825
1.92828
1.92306
1.91904
1.92273
1.93747
1.96345
1.99816
2.03645
2.07135
2.09635
2.10714
2.10168
2.08001
2.04379
1.99649
1.94374
1.89312
1.85254
1.82805
1.82136
1.82952
1.84727
1.87122
1.90188
1.94167
1.99082
2.04509
2.09769
2.14202
2.17337
2.1894
2.18933
2.17316
2.1414
2.0957
2.04117
1.98838
1.95194
1.94314
1.96139
1.99419
2.02615
2.04768
2.05689
2.0572
2.0537
2.05009
2.04831
2.04905
2.05283
2.06031
2.0721
2.0877
2.1049
2.11949
2.12644
2.12164
2.10338
2.07282
2.03425
1.99493
1.9635
1.94652
1.94517
1.95417
1.96394
1.9645
1.9497
1.92
1.88341
1.85368
1.84532
1.86652
1.91445
1.97705
2.04003
2.09248
2.12856
2.14612
2.14467
2.12448
2.0872
2.03705
1.98094
1.92721
1.88286
1.85154
1.83343
1.82679
1.83007
1.84246
1.86286
1.88863
1.91496
1.93567
1.9457
1.94487
1.93977
1.94101
1.95595
1.98269
2.01126
2.03022
2.03268
2.01839
1.9938
1.96915
1.95268
1.94724
1.95122
1.96089
1.97231
1.98214
1.98806
1.9889
1.9845
1.97562
1.96382
1.95141
1.94118
1.93657
1.94084
1.95562
1.9795
2.00805
2.03579
2.05909
2.07779
2.09438
2.11113
2.12778
2.14181
2.15081
2.15528
2.15884
2.16531
2.17477
2.18256
2.18176
2.16639
2.13372
2.08482
2.02427
1.9593
1.89848
1.84937
1.81607
1.79905
1.79705
1.80904
1.83388
1.86838
1.90673
1.94263
1.97216
1.99435
2.00949
2.01755
2.01765
2.00922
1.99297
1.97121
1.94759
1.92666
1.91357
1.91229
1.92387
1.94619
1.97555
2.00827
2.04194
2.07524
2.10738
2.13701
2.16154
2.17761
2.18257
2.1758
2.15904
2.1354
2.10786
2.07867
2.04966
2.0227
1.9992
1.98043
1.96808
1.96387
1.96845
1.98012
1.99428
2.00545
2.00961
2.00576
1.9956
1.9821
1.96831
1.95747
1.95259
1.9556
1.96674
1.98406
2.00304
2.0171
2.0199
2.00817
1.98272
1.94678
1.90436
1.86005
1.8202
1.79318
1.78658
1.80265
1.83728
1.88373
1.93617
1.98989
2.04078
2.08546
2.12211
2.15104
2.17378
2.19247
2.2095
2.2267
2.24402
2.25843
2.26432
2.25543
2.22706
2.17787
2.11113
2.03454
1.95948
1.89875
1.86207
1.85134
1.86031
1.87909
1.89905
1.9147
1.92421
1.92871
1.93126
1.93577
1.94669
1.96812
2.00117
2.04209
2.08334
2.11692
2.13663
2.13877
2.12199
2.08751
2.03959
1.98537
1.9334
1.89127
1.86281
1.84738
1.84122
1.84002
1.84132
1.84544
1.85496
1.87312
1.90176
1.93924
1.97988
2.0159
2.04032
2.04977
2.04549
2.03298
2.01987
2.01252
2.01367
2.02166
2.03176
2.03903
2.04096
2.03931
2.03958
2.04782
2.06682
2.09398
2.12263
2.1456
2.15789
2.157
2.14193
2.11188
2.06665
2.008
1.94053
1.87119
1.80825
1.75977
1.73168
1.72614
1.74115
1.77177
1.81138
1.85306
1.89136
1.92324
1.94824
1.96725
1.98148
1.99152
1.9975
1.99949
1.99832
1.99632
1.99718
2.00411
2.01702
2.03165
2.042
2.04331
2.03361
2.01399
1.98853
1.96382
1.94702
1.94308
1.95306
1.97436
2.00269
2.03402
2.06531
2.09453
2.12015
2.13978
2.14955
2.14468
2.12213
2.08431
2.04024
2.00164
1.97674
1.96802
1.97421
1.99202
2.01534
2.03592
2.04593
2.04136
2.023
1.99405
1.95799
1.91864
1.88186
1.85624
1.84992
1.86579
1.90002
1.94541
1.99525
2.04456
2.08951
2.12692
2.15408
2.16917
2.17212
2.16457
2.14932
2.12926
2.10626
2.08149
2.05604
2.03148
2.00977
1.99252
1.97989
1.97042
1.96192
1.95282
1.94256
1.93154
1.92121
1.9141
1.9134
1.92232
1.94292
1.97502
2.01562
2.05939
2.10055
2.1346
2.15876
2.17105
2.1695
2.15264
2.12044
2.07523
2.02207
1.96831
1.92202
1.88985
1.87537
1.87782
1.89204
1.91033
1.92575
1.93418
1.93436
1.92714
1.91488
1.90124
1.89043
1.88593
1.8895
1.90042
1.91543
1.92925
1.93611
1.93143
1.91295
1.88129
1.84049
1.7979
1.7631
1.74562
1.75183
1.78213
1.83043
1.88711
1.94347
1.99381
2.0345
2.06307
2.07882
2.08348
2.08012
2.07147
2.05934
2.04545
2.03236
2.02349
2.02252
2.03264
2.05503
2.08623
2.11737
2.13817
2.14241
2.12977
2.10406
2.07092
2.03697
2.00857
1.99046
1.98437
1.98993
2.0069
2.03557
2.07469
2.11975
2.16409
2.20123
2.22638
2.23695
2.23243
2.21406
2.18429
2.14629
2.10328
2.05807
2.01257
1.96792
1.92559
1.88814
1.85916
1.84089
1.83282
1.83263
1.83817
1.84855
1.86395
1.88431
1.90769
1.93041
1.9485
1.96009
1.96628
1.97015
1.97471
1.98115
1.98917
1.99841
2.00994
2.02604
2.04755
2.07123
2.08985
2.09592
2.086
2.06196
2.02917
1.99323
1.95783
1.92592
1.90107
1.88788
1.88995
1.90756
1.93732
1.97351
2.01013
2.04253
2.06825
2.08686
2.0996
2.10857
2.11512
2.11827
2.11504
2.10268
2.08041
2.04978
2.01501
1.98261
1.95888
1.94721
1.94752
1.95774
1.97536
1.99782
2.02272
2.04804
2.07192
2.09296
2.11034
2.12359
2.13095
2.12755
2.10625
2.06176
1.99491
1.91517
1.83903
1.78404
1.76112
1.772
1.81276
1.87798
1.96039
2.04942
2.1324
2.19836
2.24091
2.25877
2.2545
2.23253
2.19773
2.1547
2.10847
2.06518
2.03051
2.00644
1.99035
1.97967
1.97683
1.98707
2.01024
2.03689
2.05502
2.05808
2.04598
2.02183
1.989
1.9499
1.90556
1.85756
1.81041
1.77299
1.75645
1.76932
1.81357
1.88354
1.96764
2.05232
2.12616
2.18222
2.21786
2.23357
2.23166
2.21517
2.18692
2.14869
2.10138
2.04655
1.98807
1.93264
1.88789
1.85981
1.85147
1.86254
1.88976
1.92785
1.97069
2.01214
2.04615
2.06705
2.07071
2.05568
2.02419
1.98237
1.93956
1.90567
1.88819
1.89005
1.90979
1.94331
1.98613
2.03344
2.07925
2.11604
2.1365
2.13601
2.11419
2.07503
2.02595
1.97678
1.93751
1.9148
1.90958
1.91769
1.93284
1.94998
1.96661
1.98342
2.00373
2.03072
2.06317
2.09405
2.11406
2.117
2.10232
2.07362
2.03601
1.99529
1.95808
1.93086
1.91728
1.91622
1.92244
1.93063
1.93894
1.94937
1.96442
1.9832
2.00105
2.01398
2.02278
2.0298
2.03246
2.02575
2.00976
1.99016
1.97338
1.96259
1.95673
1.95175
1.94311
1.92835
1.90847
1.88796
1.87241
1.86536
1.86668
1.87425
1.88735
1.90783
1.93833
1.98017
2.03262
2.09295
2.1561
2.21401
2.25643
2.27418
2.26249
2.22324
2.16502
2.10054
2.04262
2.00027
1.97698
1.97185
1.98192
2.00373
2.03372
2.06829
2.10278
2.13198
2.15216
2.16236
2.16287
2.15346
2.13342
2.10334
2.06654
2.02866
1.9955
1.97017
1.9502
1.92846
1.89988
1.86768
1.84233
1.83359
1.84376
1.8682
1.89971
1.93152
1.95848
1.97701
1.98469
1.98049
1.966
1.94667
1.9308
1.9256
1.93386
1.95307
1.97716
1.99948
2.01519
2.02201
2.01949
2.0084
1.99036
1.96817
1.94662
1.93281
1.93399
1.95392
1.98973
2.03306
2.07452
2.10827
2.13353
2.15302
2.16928
2.18186
2.18723
2.18102
2.16042
2.12577
2.08014
2.02859
1.97756
1.93428
1.9062
1.89926
1.91547
1.95172
2.00053
2.05275
2.10072
2.13943
2.16575
2.17698
2.17047
2.14539
2.10456
2.05466
2.0046
1.96312
1.93575
1.92308
1.9212
1.92405
1.92599
1.92353
1.91569
1.90276
1.885
1.86235
1.83632
1.81274
1.80172
1.81082
1.83625
1.86398
1.88039
1.88039
1.86857
1.85646
1.85877
1.8879
1.94775
2.0307
2.12159
2.20451
2.26747
2.30375
2.31139
2.29223
2.25072
2.19346
2.12934
2.06911
2.02313
1.99815
1.99606
2.0142
2.04628
2.08364
2.11734
2.14
2.14704
2.13687
2.11081
2.07312
2.03059
1.99094
1.96079
1.94449
1.94356
1.95646
1.97921
2.0071
2.03623
2.06411
2.08935
2.11085
2.12678
2.13432
2.13064
2.11494
2.09004
2.0622
2.03842
2.02331
2.01766
2.01845
2.01919
2.01307
1.99744
1.97559
1.95548
1.94594
1.95182
1.97094
1.99497
2.01326
2.01695
2.00177
1.96885
1.92452
1.87832
1.84018
1.81707
1.81048
1.81619
1.82701
1.83603
1.83888
1.83489
1.82703
1.82133
1.82431
1.84049
1.87105
1.91422
1.96638
2.02288
2.07893
2.13027
2.1733
2.205
2.22354
2.22862
2.22201
2.20698
2.18688
2.16422
2.14119
2.12103
2.1083
2.10687
2.11802
2.14021
2.16839
2.19357
2.20465
2.19213
2.15171
2.08657
2.00779
1.93294
1.8809
1.86199
1.87298
1.90261
1.93921
1.97417
2.00258
2.02307
2.03655
2.04437
2.04729
2.0455
2.03908
2.02853
2.01471
1.99858
1.98071
1.96193
1.94416
1.93131
1.92801
1.93708
1.95737
1.98322
2.00649
2.01982
2.02002
2.01008
1.99763
1.99036
1.99048
1.99447
1.99674
1.99317
1.98238
1.96567
1.94621
1.92803
1.91529
1.9112
1.91618
1.92631
1.93561
1.94156
1.94792
1.9616
1.98654
2.02056
2.05717
2.0893
2.11229
2.12412
2.12494
2.11662
2.1026
2.08689
2.07219
2.05872
2.04555
2.03239
2.02014
2.00983
2.00146
1.99419
1.98679
1.97839
1.96885
1.95878
1.94994
1.94507
1.94719
1.95875
1.98103
2.01242
2.04743
2.07844
2.09924
2.10721
2.10299
2.08844
2.06501
2.03422
1.99908
1.96546
1.9419
1.93681
1.95403
1.9899
2.03446
2.07562
2.10349
2.11292
2.10374
2.07931
2.04429
2.00303
1.95954
1.91814
1.8846
1.86539
1.86512
1.88385
1.91728
1.95959
2.00518
2.04725
2.07719
2.08804
2.07847
2.05367
2.02256
1.99379
1.97319
1.96352
1.96473
1.97521
1.99283
2.01535
2.03946
2.06068
2.07415
2.07641
2.06626
2.04519
2.01708
1.98736
1.9615
1.943
1.93225
1.92711
1.92504
1.92457
1.92618
1.9326
1.94729
1.97146
2.00195
2.03245
2.05669
2.07066
2.07302
2.06444
2.04708
2.02447
2.00201
1.98698
1.98669
2.005
2.03931
2.08037
2.11622
2.13702
2.13842
2.12228
2.09476
2.06224
2.02864
1.99551
1.96419
1.93825
1.92393
1.92756
1.95015
1.98441
2.01856
2.04378
2.05798
2.06407
2.06596
2.06552
2.06259
2.05597
2.04446
2.02711
2.00353
1.97467
1.94379
1.91745
1.90518
1.91496
1.94648
1.9903
2.03383
2.06698
2.08419
2.0848
2.07264
2.05455
2.03809
2.02847
2.02588
2.0262
2.02523
2.02214
2.02076
2.0272
2.04394
2.06467
2.07656
2.06852
2.03805
1.99366
1.95215
1.92977
1.93282
1.95623
1.98953
2.02242
2.04639
2.0553
2.04628
2.02037
1.98255
1.93984
1.89902
1.86589
1.84689
1.85049
1.88417
1.94723
2.02702
2.1057
2.16943
2.21166
2.23108
2.22947
2.21013
2.17694
2.13398
2.086
2.03803
1.9926
1.94862
1.90382
1.85876
1.81823
1.78968
1.77992
1.79109
1.81875
1.8543
1.88983
1.9215
1.94983
1.97751
2.00736
2.04084
2.07708
2.11209
2.13943
2.15254
2.14732
2.1236
2.08524
2.03884
1.99228
1.95378
1.93103
1.93011
1.95367
2
2.06313
2.1336
2.19997
2.25125
2.27913
2.27968
2.25421
2.2092
2.15409
2.09764
2.0452
1.99862
1.95848
1.92639
1.90506
1.8965
1.89985
1.91146
1.92713
1.94428
1.96237
1.98161
2.00171
2.02162
2.03946
2.05266
2.0591
2.05793
2.04947
2.03432
2.01256
1.98422
1.94991
1.91123
1.87103
1.83424
1.80731
1.79687
1.80752
1.83931
1.88637
1.93839
1.98446
2.01673
2.03232
2.03355
2.0265
2.01797
2.01204
2.00859
2.00511
2.00022
1.99533
1.99353
1.99732
2.00715
2.02127
2.03657
2.04978
2.05848
2.06098
2.05572
2.04214
2.02247
2.00216
1.98774
1.98364
1.99048
2.00532
2.02347
2.04053
2.05473
2.0672
2.07947
2.09049
2.09712
2.09645
2.08692
2.06832
2.04123
2.00818
1.97491
1.94901
1.93543
1.93266
1.93405
1.9327
1.92526
1.91335
1.90191
1.89517
1.89321
1.89203
1.88669
1.87409
1.8541
1.82931
1.80502
1.78847
1.78695
1.80465
1.84025
1.88686
1.93485
1.97566
2.00485
2.02245
2.0315
2.03594
2.03945
2.045
2.05409
2.06589
2.07723
2.08472
2.08682
2.0841
2.07761
2.06681
2.04947
2.02448
1.99583
1.9726
1.96324
1.96937
1.98687
2.01315
2.05065
2.10066
2.15415
2.19448
2.20834
2.19032
2.1417
2.06873
1.98291
1.90089
1.84151
1.81701
1.82549
1.85367
1.88677
1.91576
1.93875
1.9576
1.97395
1.98733
1.99592
1.99865
1.99651
1.99189
1.98752
1.98573
1.9881
1.99471
2.00359
2.01108
2.01388
2.01134
2.00626
2.00368
2.00849
2.02316
2.04672
2.0755
2.10452
2.12899
2.14518
2.15094
2.14625
2.13295
2.11369
2.09029
2.06278
2.03043
1.99353
1.95442
1.9177
1.88979
1.87636
1.87884
1.89195
1.90603
1.91291
1.91085
1.90533
1.90454
1.91296
1.92919
1.94966
1.9725
1.99788
2.02594
2.05538
2.08324
2.10557
2.11857
2.11926
2.10576
2.07835
2.0405
1.99864
1.96063
1.93321
1.91982
1.92022
1.93175
1.95124
1.97583
2.00264
2.0282
2.04873
2.0613
2.06552
2.0639
2.05963
2.05361
2.04385
2.0289
2.01096
1.99632
1.99221
2.00109
2.01695
2.02886
2.02833
2.01393
1.99092
1.96802
1.95329
1.95101
1.96124
1.9812
2.00721
2.03606
2.06524
2.09274
2.11682
2.13544
2.1463
2.14712
2.13615
2.11227
2.07556
2.02778
1.97352
1.91947
1.87235
1.83689
1.81587
1.81149
1.82513
1.85514
1.89544
1.93756
1.97367
1.99803
2.00763
2.00192
1.98199
1.9489
1.90464
1.85682
1.82077
1.81333
1.8418
1.89918
1.96991
2.03828
2.09346
2.13063
2.14997
2.15497
2.15062
2.14177
2.1321
2.12418
2.12018
2.12191
2.13054
2.14584
2.16522
2.18391
2.19592
2.19583
2.18067
2.15054
2.10892
2.06246
2.01906
1.9845
1.96041
1.9459
1.94028
1.9434
1.95351
1.96648
1.9771
1.98156
1.97772
1.96421
1.94054
1.90853
1.87396
1.84604
1.83513
1.84927
1.89019
1.95091
2.01684
2.07143
2.10224
2.10479
2.0834
2.0488
2.01402
1.98925
1.97907
1.98216
1.99358
2.00749
2.01893
2.02528
2.02682
2.02569
2.02392
2.0219
2.01806
2.01068
2.00029
1.9907
1.98651
1.9885
1.99209
1.99122
1.98367
1.97234
1.96272
1.95968
1.96531
1.97828
1.99426
2.00735
2.01204
2.00469
1.98464
1.95413
1.91773
1.88218
1.85545
1.84482
1.85386
1.88045
1.91722
1.95462
1.98497
2.00492
2.01563
2.02066
2.02391
2.02898
2.03921
2.05615
2.0784
2.10213
2.12258
2.13503
2.13627
2.12588
2.10673
2.08398
2.06345
2.04985
2.04582
2.05113
2.0625
2.07419
2.07918
2.07078
2.04499
2.00323
1.95401
1.91172
1.88928
1.89042
1.90947
1.93792
1.96966
2.00139
2.02976
2.04887
2.05179
2.0344
1.99849
1.95263
1.9103
1.88473
1.88363
1.9068
1.94802
1.99865
2.05014
2.09499
2.12688
2.14091
2.13411
2.10644
2.06138
2.00569
1.94767
1.89566
1.85631
1.8331
1.82503
1.82701
1.83377
1.84492
1.86501
1.89635
1.93355
1.96832
1.99605
2.01628
2.02955
2.03519
2.03172
2.01842
1.99687
1.97101
1.94595
1.92623
1.91507
1.91452
1.92489
1.94424
1.96892
1.99433
2.016
2.03069
2.0373
2.03781
2.03762
2.04466
2.06608
2.10379
2.15237
2.20086
2.2372
2.25227
2.24353
2.21813
2.19163
2.17676
2.17287
2.17073
2.16439
2.15412
2.14297
2.13296
2.12231
2.10535
2.07512
2.02732
1.96391
1.89473
1.83499
1.79796
1.7869
1.79377
1.80556
1.81193
1.80845
1.79645
1.78096
1.76843
1.76421
1.77078
1.78743
1.81142
1.83974
1.87054
1.9031
1.93665
1.96949
1.99911
2.02317
2.04067
2.05241
2.05986
2.06393
2.06364
2.05651
2.04051
2.01555
1.98371
1.94872
1.91528
1.88856
1.87277
1.86935
1.87666
1.89131
1.91032
1.93205
1.95585
1.9813
2.00842
2.03831
2.07266
2.11232
2.15487
2.19393
2.22165
2.23238
2.22504
2.20367
2.17565
2.14965
2.13367
2.13255
2.14566
2.1666
2.186
2.19573
2.19164
2.17371
2.14357
2.10218
2.04981
1.98864
1.92497
1.86808
1.82568
1.8007
1.79245
1.79832
1.81336
1.83107
1.84633
1.85749
1.86635
1.87645
1.89134
1.91342
1.94389
1.98266
2.02769
2.07441
2.11579
2.14396
2.15318
2.14291
2.11891
2.09138
2.07048
2.0615
2.0631
2.06913
2.07214
2.0671
2.05375
2.03648
2.022
2.01644
2.02357
2.04341
2.07142
2.09959
2.11965
2.1267
2.1208
2.10671
2.0909
2.07738
2.06606
2.05485
2.04202
2.02692
2.00987
1.99208
1.976
1.96531
1.96338
1.97111
1.98509
1.99798
2.00208
1.99299
1.9707
1.93803
1.89871
1.85716
1.81982
1.79462
1.78701
1.79649
1.81752
1.84439
1.87518
1.91149
1.95522
2.00531
2.05737
2.10646
2.14964
2.18649
2.21765
2.24295
2.26064
2.26796
2.26246
2.24258
2.20798
2.15981
2.10168
2.04111
1.98896
1.95526
1.94366
1.94996
1.9653
1.98041
1.98888
1.98978
1.98803
1.99154
2.00644
2.03335
2.06695
2.09889
2.12166
2.13101
2.12575
2.10666
2.07642
2.03998
2.00375
1.97346
1.95167
1.93706
1.92656
1.91817
1.91269
1.91253
1.91897
1.93009
1.94116
1.94663
1.94297
1.93067
1.91429
1.90112
1.89874
1.91237
1.94215
1.98236
2.02349
2.05646
2.07623
2.08293
2.0801
2.07252
2.06417
2.05724
2.05222
2.04821
2.04396
2.03779
2.02778
2.0129
1.994
1.97378
1.95483
1.93818
1.92327
1.90895
1.8956
1.88716
1.89085
1.91193
1.94796
1.99012
2.02872
2.05695
2.07108
2.06973
2.05354
2.02598
1.99361
1.96496
1.9477
1.94596
1.96005
1.98777
2.0256
2.06899
2.11212
2.14778
2.16845
2.1684
2.14658
2.10808
2.06314
2.02237
1.99128
1.96848
1.94835
1.92488
1.89503
1.86057
1.82782
1.80442
1.79534
1.80073
1.81772
1.84338
1.87587
1.91355
1.95361
1.99168
2.02257
2.04139
2.04453
2.03062
2.00116
1.96135
1.91931
1.88409
1.86323
1.86071
1.87704
1.90942
1.95195
1.99659
2.03555
2.06327
2.07739
2.07875
2.07166
2.06232
2.05518
2.05057
2.04694
2.045
2.04736
2.05407
2.05972
2.05605
2.03713
2.00253
1.9579
1.91388
1.88331
1.87681
1.8977
1.93977
1.98974
2.03345
2.06168
2.07278
2.07129
2.0645
2.05803
2.0535
2.04864
2.04011
2.02697
2.01259
2.00282
2.00173
2.00844
2.01799
2.02436
2.02346
2.01513
2.0035
1.99568
1.99876
2.0169
2.05026
2.09525
2.14505
2.18975
2.21717
2.21686
2.18625
2.13409
2.07676
2.0282
1.99367
1.97187
1.95984
1.95639
1.962
1.97525
1.99049
2.00043
2.00011
1.98833
1.96687
1.94045
1.91671
1.90485
1.9121
1.93896
1.97808
2.01737
2.04548
2.05607
2.04878
2.02808
2.00058
1.97328
1.95274
1.94439
1.95152
1.97365
2.00445
2.03309
2.04953
2.04982
2.03742
2.02013
2.00609
2.0013
2.00879
2.02851
2.05701
2.0877
2.11236
2.12393
2.11922
2.09973
2.07062
2.03846
2.00878
1.98496
1.96863
1.96036
1.96032
1.96804
1.98216
2.00009
2.01844
2.03425
2.04633
2.05509
2.0616
2.06712
2.07255
2.07834
2.08375
2.08626
2.0826
2.07166
2.05651
2.04236
2.03214
2.02463
2.01572
2.00049
1.97542
1.94081
1.90199
1.86826
1.84941
1.85179
1.87624
1.91757
1.96545
2.00786
2.03626
2.04798
2.04501
2.03185
2.01396
1.99694
1.9858
1.98323
1.98751
1.99384
1.9982
1.99953
1.99948
2.0009
2.00649
2.01765
2.03369
2.05127
2.06513
2.06926
2.05838
2.02966
1.98406
1.92764
1.87214
1.8324
1.82045
1.8399
1.88457
1.94158
1.99716
2.04115
2.06907
2.08132
2.08099
2.07199
2.05832
2.04374
2.03135
2.02262
2.01719
2.01362
2.01092
2.00935
2.01054
2.01667
2.02925
2.04807
2.0705
2.09168
2.10508
2.10454
2.08658
2.05235
2.00817
1.96376
1.92958
1.9135
1.91806
1.93969
1.97055
2.00158
2.02547
2.03836
2.03933
2.02857
2.006
1.9719
1.92907
1.88367
1.84248
1.8091
1.78354
1.76489
1.75344
1.75083
1.76006
1.78434
1.82531
1.88153
1.94885
2.02128
2.09115
2.14978
2.18933
2.20482
2.19563
2.16567
2.12259
2.07583
2.03401
2.00267
1.98362
1.97565
1.97597
1.98115
1.98778
1.99343
1.9978
2.00251
2.0095
2.01914
2.029
2.0351
2.03432
2.0261
2.01219
1.99427
1.97219
1.94387
1.90693
1.861
1.80955
1.75957
1.71924
1.69479
1.68895
1.70143
1.73065
1.7749
1.83157
1.89568
1.95885
2.01054
2.04158
2.04757
2.03022
1.99721
1.96034
1.93212
1.9216
1.93144
1.9587
1.99785
2.04362
2.09149
2.13721
2.17627
2.20489
2.22132
2.2266
2.22371
2.21547
2.20289
2.18484
2.1591
2.12446
2.08199
2.03539
1.98995
1.95063
1.92116
1.90404
1.90012
1.90778
1.92254
1.9386
1.95149
1.95953
1.96349
1.96513
1.96566
1.96545
1.96468
1.96359
1.96259
1.96208
1.96201
1.96225
1.96281
1.96357
1.9637
1.96162
1.95563
1.94516
1.93135
1.91714
1.90559
1.89767
1.89201
1.88774
1.88683
1.8929
1.90759
1.92867
1.95078
1.96833
1.97846
1.98213
1.98323
1.9858
1.99139
1.99831
2.00334
2.00443
2.00162
1.99625
1.99022
1.98635
1.9882
1.9988
2.01881
2.04604
2.07649
2.1061
2.13219
2.15354
2.16953
2.17931
2.18257
2.18153
2.18084
2.18476
2.19325
2.2008
2.19967
2.18491
2.15774
2.12522
2.09666
2.07826
2.06904
2.06193
2.0488
2.02482
1.98954
1.94637
1.90249
1.86766
1.85114
1.8569
1.88101
1.91375
1.94533
1.97052
1.9897
2.00568
2.01925
2.02791
2.02772
2.01669
1.99743
1.97626
1.95867
1.94597
1.93617
1.92802
1.92352
1.92699
1.94124
1.96495
1.99419
2.0266
2.06267
2.10264
2.14207
2.17209
2.184
2.17274
2.1377
2.08262
2.01529
1.94534
1.88239
1.83546
1.80976
1.80295
1.80786
1.81784
1.82781
1.8331
1.83084
1.82332
1.82033
1.83637
1.8824
1.9579
2.05077
2.14426
2.22396
2.2806
2.3099
2.31128
2.28678
2.24031
2.17747
2.10524
2.03129
1.96252
1.90413
1.8602
1.83594
1.83852
1.87209
1.92971
1.99359
2.04542
2.07554
2.08472
2.0809
2.07344
2.0685
2.06703
2.06605
2.06106
2.04801
2.02479
1.99249
1.95497
1.917
1.88304
1.85746
1.84486
1.84891
1.87023
1.90476
1.94489
1.98274
2.01346
2.03612
2.05253
2.0653
2.07687
2.0881
2.09754
2.1018
2.0979
2.08563
2.06789
2.04968
2.03607
2.03019
2.03146
2.0368
2.04397
2.05349
2.0668
2.08304
2.09863
2.10943
2.11228
2.10469
2.08464
2.05193
2.01011
1.96661
1.9298
1.90472
1.89158
1.88702
1.88649
1.88608
1.8835
1.87835
1.87137
1.86426
1.86147
1.87184
1.90387
1.95682
2.01929
2.07598
2.11487
2.13003
2.12148
2.09379
2.05448
2.0124
1.97611
1.95272
1.94786
1.96477
2.00093
2.04651
2.08893
2.1194
2.13535
2.13869
2.1335
2.12438
2.11496
2.10566
2.09382
2.07535
2.04819
2.01411
1.97805
1.94513
1.91831
1.8983
1.88515
1.87933
1.88145
1.89121
1.90668
1.92451
1.941
1.95353
1.96098
1.9635
1.96201
1.95823
1.95518
1.95713
1.96773
1.98803
2.01647
2.0499
2.08322
2.1098
2.12448
2.12691
2.12137
2.11339
2.10673
2.10212
2.09838
2.09432
2.08878
2.07995
2.06473
2.03988
2.00457
1.96208
1.91956
1.8856
1.86731
1.86792
1.88585
1.91575
1.95038
1.98235
2.0051
2.01359
2.00485
1.97938
1.94228
1.90306
1.87313
1.86162
1.8717
1.90002
1.93952
1.98245
2.02131
2.04965
2.06478
2.06946
2.06999
2.07277
2.08204
2.10025
2.12891
2.16733
2.21084
2.25066
2.27658
2.28049
2.25812
2.2096
2.13896
2.05357
1.9631
1.87857
1.81052
1.76703
1.75197
1.7643
1.799
1.84829
1.9031
1.95535
1.9996
2.03342
2.05627
2.06816
2.06967
2.06257
2.05006
2.03537
2.02033
2.00524
1.99042
1.97772
1.97033
1.97028
1.97596
1.98283
1.98724
1.99009
1.99703
2.01338
2.03843
2.06649
2.09225
2.11237
2.12352
2.12236
2.10747
2.08109
2.04924
2.01918
1.99621
1.98107
1.97068
1.96148
1.95197
1.9421
1.93174
1.92086
1.9118
1.90987
1.9205
1.9449
1.97844
2.01283
2.04027
2.05639
2.06126
2.05863
2.05416
2.05339
2.06037
2.07691
2.10224
2.13306
2.16425
2.18961
2.20247
2.19709
2.17063
2.12548
2.06936
2.01205
1.96144
1.92347
1.90274
1.89696
1.8933
1.87907
1.85478
1.83405
1.83305
1.86011
1.91302
1.98226
2.05567
2.12171
2.17092
2.19612
2.19238
2.15782
2.09581
2.01823
1.94507
1.89489
1.87291
1.87287
1.88831
1.91788
1.96255
2.0198
2.08076
2.13269
2.16407
2.16855
2.14699
2.1064
2.05521
1.99908
1.94144
1.88741
1.84527
1.8235
1.82691
1.85327
1.89307
1.93368
1.96599
1.98882
2.00776
2.03018
2.06016
2.0966
2.13482
2.16872
2.19207
2.19948
2.18827
2.15971
2.11923
2.07497
2.03498
2.00428
1.98316
1.96844
1.95596
1.94299
1.9295
1.918
1.9122
1.91497
1.92668
1.94482
1.96485
1.98197
1.99233
1.99419
1.98862
1.97882
1.96848
1.96077
1.95859
1.96599
1.98708
2.02112
2.05952
2.09175
2.11252
2.12332
2.12879
2.133
2.13671
2.13721
2.13015
2.11221
2.08379
2.04956
2.01729
1.99487
1.98736
1.99582
2.0174
2.04636
2.07472
2.09331
2.09364
2.07042
2.02462
1.9655
1.90839
1.86697
1.84655
1.84481
1.85655
1.87672
1.90088
1.92531
1.94752
1.96732
1.9877
2.01315
2.04615
2.08413
2.11988
2.14537
2.15455
2.14441
2.11507
2.07007
2.01652
1.96359
1.91979
1.89012
1.87517
1.87265
1.88071
1.9007
1.936
1.98495
2.03691
2.07829
2.10123
2.10573
2.09701
2.08211
2.06755
2.05806
2.05579
2.06009
2.06702
2.07026
2.06348
2.04338
2.01078
1.97025
1.9306
1.90501
1.90615
1.93724
1.98898
2.04616
2.09697
2.13693
2.16695
2.18864
2.20166
2.20458
2.19789
2.18594
2.17575
2.17324
2.17879
2.18683
2.18928
2.17975
2.15607
2.12061
2.07882
2.03719
2.00035
1.9694
1.94123
1.91066
1.87509
1.84011
1.81976
1.82764
1.86384
1.91287
1.95491
1.97753
1.98056
1.97383
1.96951
1.97343
1.98471
2.00167
2.02482
2.0534
2.08158
2.1001
2.10211
2.08791
2.06459
2.04166
2.02627
2.02072
2.02284
2.02825
2.03225
2.0312
2.02424
2.01431
2.00691
2.00711
2.01726
2.03687
2.06277
2.08941
2.11077
2.12216
2.12106
2.10695
2.08155
2.04961
2.01792
1.9928
1.97747
1.97161
1.97309
1.97977
1.99044
2.00365
2.01652
2.02452
2.02345
2.012
1.99334
1.97397
1.96062
1.95648
1.95937
1.96374
1.96429
1.9597
1.95289
1.94831
1.94788
1.94983
1.95138
1.95224
1.95515
1.96348
1.97833
1.99797
2.0192
2.03907
2.05584
2.0689
2.07768
2.08069
2.0755
2.05992
2.03271
1.99387
1.94586
1.89523
1.85295
1.83004
1.8316
1.8537
1.88576
1.91513
1.93145
1.9298
1.91152
1.8823
1.8491
1.81785
1.79305
1.77813
1.77567
1.78706
1.81201
1.84855
1.89363
1.94351
1.99346
2.03792
2.07244
2.09486
2.10585
2.10876
2.10888
2.11154
2.1198
2.13295
2.14742
2.15868
2.16291
2.15758
2.14213
2.11875
2.0922
2.06827
2.05127
2.04214
2.03861
2.03684
2.03292
2.02357
2.00626
1.98026
1.94826
1.91693
1.89553
1.89194
1.90822
1.9385
1.97149
1.99552
2.00386
1.99734
1.98452
1.97857
1.99028
2.02019
2.05791
2.08958
2.10543
2.10256
2.08343
2.05342
2.01843
1.98319
1.95058
1.92177
1.89722
1.87757
1.86415
1.85979
1.86775
1.88837
1.91702
1.94602
1.96901
1.98277
1.9867
1.98155
1.96906
1.95148
1.93098
1.90928
1.8875
1.86669
1.84867
1.83658
1.83468
1.84643
1.872
1.90704
1.94415
1.97572
1.99652
2.00472
2.00246
1.9957
1.99246
1.99945
2.01857
2.04575
2.07364
2.09581
2.10916
2.11367
2.11065
2.10142
2.08697
2.06845
2.04765
2.02717
2.01003
1.99843
1.99308
1.99371
1.99953
2.00904
2.01958
2.02809
2.03241
2.03197
2.02728
2.01878
2.00662
1.99168
1.97695
1.96742
1.9682
1.98192
2.00597
2.03269
2.05291
2.06028
2.05289
2.03293
2.00535
1.97606
1.95041
1.93128
1.91783
1.90644
1.89317
1.8756
1.85311
1.82644
1.79828
1.77509
1.76638
1.78037
1.81817
1.87228
1.93123
1.98612
2.03314
2.07181
2.10147
2.12077
2.12953
2.13048
2.12775
2.12438
2.12186
2.12077
2.12166
2.12444
2.12752
2.12777
2.12178
2.10751
2.08545
2.05906
2.03431
2.01766
2.01307
2.01963
2.03199
2.04278
2.04525
2.03538
2.01302
1.98219
1.9502
1.92543
1.91367
1.91506
1.9246
1.93581
1.94409
1.94782
1.94757
1.94456
1.9394
1.9322
1.92281
1.91176
1.90104
1.89392
1.89375
1.90234
1.91921
1.94209
1.96782
1.99282
2.01343
2.02624
2.02877
2.0205
2.00303
1.98038
1.95931
1.94769
1.95099
1.968
1.99068
2.00911
2.01707
2.0142
2.00496
1.99569
1.99229
1.99935
2.01987
2.05333
2.09344
2.13018
2.15531
2.16543
