-3.95809
-3.95712
-3.95743
-3.9597
-3.96035
-3.96036
-3.96102
-3.9607
-3.96005
-3.95908
-3.95844
-3.95908
-3.96134
-3.96101
-3.96003
-3.9623
-3.96489
-3.96392
-3.96651
-3.96684
-3.96328
-3.96426
-3.96167
-3.96005
-3.95875
-3.95811
-3.95972
-3.96199
-3.96134
-3.95972
-3.96037
-3.95972
-3.95939
-3.95906
-3.95841
-3.95841
-3.95582
-3.95389
-3.95292
-3.95422
-3.95325
-3.95519
-3.95649
-3.95584
-3.95648
-3.95615
-3.9568
-3.95745
-3.95712
-3.95518
-3.95518
-3.95388
-3.95388
-3.95421
-3.95486
-3.95487
-3.95617
-3.95552
-3.95552
-3.95648
-3.95486
-3.95518
-3.95518
-3.95486
-3.95422
-3.95293
-3.95197
-3.95358
-3.9539
-3.95422
-3.95519
-3.95486
-3.95584
-3.95551
-3.95583
-3.95616
-3.95907
-3.95908
-3.95811
-3.95714
-3.95746
-3.95715
-3.95747
-3.95845
-3.96071
-3.96071
-3.96006
-3.96232
-3.9607
-3.9607
-3.96199
-3.9581
-3.9568
-3.95907
-3.95973
-3.96297
-3.95973
-3.96037
-3.95973
-3.95876
-3.95682
-3.95714
-3.95811
-3.96038
-3.95843
-3.95714
-3.95778
-3.95681
-3.95486
-3.9555
-3.95518
-3.9568
-3.95583
-3.95389
-3.95487
-3.9539
-3.95585
-3.9565
-3.95715
-3.95488
-3.95585
-3.95747
-3.95811
-3.95585
-3.95455
-3.95422
-3.95356
-3.95291
-3.95226
-3.95356
-3.95389
-3.95421
-3.95551
-3.95648
-3.95778
-3.95745
-3.95778
-3.9581
-3.95746
-3.95811
-3.95778
-3.95843
-3.95714
-3.95584
-3.95357
-3.9526
-3.95163
-3.9513
-3.95324
-3.9568
-3.95776
-3.95712
-3.95583
-3.95551
-3.95551
-3.95584
-3.95973
-3.95811
-3.95844
-3.95812
-3.95714
-3.95779
-3.95875
-3.95842
-3.95745
-3.95681
-3.95681
-3.9539
-3.95228
-3.95487
-3.95358
-3.95519
-3.95875
-3.95778
-3.95939
-3.9594
-3.95875
-3.95779
-3.95811
-3.95876
-3.95682
-3.95811
-3.95811
-3.96004
-3.95745
-3.95745
-3.95778
-3.95875
-3.96134
-3.96328
-3.96329
-3.96134
-3.96037
-3.95972
-3.9581
-3.95681
-3.95551
-3.95519
-3.95519
-3.95552
-3.95585
-3.95682
-3.95779
-3.95908
-3.95745
-3.95453
-3.9568
-3.9555
-3.9555
-3.95616
-3.95681
-3.95617
-3.95844
-3.95844
-3.95973
-3.9594
-3.95875
-3.95939
-3.95615
-3.95745
-3.95648
-3.95519
-3.9539
-3.95488
-3.9565
-3.95682
-3.95746
-3.96134
-3.96133
-3.9555
-3.95614
-3.95744
-3.9568
-3.95616
-3.95389
-3.95551
-3.95454
-3.95583
-3.95389
-3.95583
-3.95648
-3.95551
-3.95583
-3.95745
-3.95907
-3.95874
-3.95777
-3.95874
-3.95907
-3.96003
-3.95873
-3.95938
-3.95873
-3.95808
-3.95744
-3.95647
-3.95648
-3.95421
-3.95486
-3.95713
-3.9568
-3.95745
-3.95648
-3.95583
-3.95615
-3.95745
-3.95648
-3.95454
-3.95648
-3.95518
-3.95583
-3.95809
-3.95776
-3.95776
-3.95905
-3.95841
-3.95776
-3.95777
-3.95907
-3.95907
-3.9581
-3.95939
-3.95875
-3.96004
-3.96134
-3.96068
-3.95776
-3.95744
-3.95614
-3.95518
-3.95486
-3.95648
-3.95551
-3.9568
-3.95907
-3.95842
-3.95583
-3.95485
-3.95581
-3.9584
-3.9584
-3.96132
-3.9597
-3.95938
-3.95874
-3.96133
-3.96036
-3.95939
-3.96199
-3.96199
-3.96231
-3.96037
-3.96036
-3.96003
-3.96067
-3.95872
-3.95872
-3.95872
-3.95873
-3.95648
-3.95649
-3.95844
-3.95876
-3.95811
-3.9594
-3.96005
-3.95973
-3.9607
-3.95713
-3.95842
-3.95874
-3.95809
-3.95809
-3.95842
-3.95778
-3.95779
-3.95909
-3.95941
-3.9607
-3.96005
-3.96069
-3.96102
-3.96037
-3.95907
-3.95745
-3.95745
-3.95648
-3.95648
-3.95648
-3.9581
-3.95778
-3.9594
-3.95908
-3.96037
-3.95876
-3.95714
-3.95552
-3.95552
-3.95455
-3.95552
-3.95422
-3.95617
-3.95649
-3.95422
-3.95681
-3.95778
-3.9555
-3.95614
-3.95679
-3.9542
-3.95517
-3.95453
-3.95519
-3.95778
-3.95617
-3.9552
-3.95714
-3.95681
-3.95875
-3.9581
-3.95875
-3.95875
-3.95908
-3.96037
-3.9594
-3.96037
-3.96069
-3.96263
-3.95874
-3.95906
-3.96036
-3.96004
-3.96005
-3.95973
-3.95876
-3.95844
-3.95584
-3.95843
-3.95778
-3.9581
-3.95615
-3.95648
-3.9568
-3.95551
-3.95648
-3.95681
-3.95811
-3.95779
-3.95649
-3.95908
-3.95875
-3.9594
-3.95778
-3.95519
-3.95552
-3.95552
-3.95682
-3.95747
-3.95811
-3.95973
-3.96135
-3.96427
-3.96395
-3.96201
-3.96103
-3.96006
-3.96038
-3.96005
-3.96005
-3.96004
-3.9581
-3.95778
-3.95681
-3.95875
-3.96037
-3.96167
-3.96264
-3.96427
-3.95974
-3.95812
-3.95973
-3.95746
-3.95844
-3.96005
-3.96005
-3.96199
-3.96167
-3.9607
-3.96199
-3.96168
-3.95877
-3.95715
-3.9565
-3.9565
-3.95617
-3.95681
-3.95486
-3.95681
-3.95649
-3.9591
-3.9604
-3.96008
-3.9591
-3.95877
-3.96039
-3.96168
-3.96199
-3.96037
-3.95875
-3.95681
-3.95746
-3.95423
-3.95456
-3.95521
-3.95553
-3.95424
-3.95359
-3.95521
-3.95618
-3.95651
-3.95618
-3.95521
-3.95683
-3.95747
-3.95488
-3.95585
-3.95877
-3.95974
-3.962
-3.96297
-3.96167
-3.95973
-3.95908
-3.95779
-3.95779
-3.95586
-3.95327
-3.95328
-3.9523
-3.951
-3.951
-3.95229
-3.95261
-3.95293
-3.95131
-3.9526
-3.95131
-3.95229
-3.95457
-3.95651
-3.95554
-3.9591
-3.95878
-3.95911
-3.95943
-3.95976
-3.95782
-3.95782
-3.95944
-3.9604
-3.9591
-3.95812
-3.96006
-3.95844
-3.95909
-3.95942
-3.95975
-3.96106
-3.96042
-3.95783
-3.95685
-3.95912
-3.95911
-3.95716
-3.95521
-3.95456
-3.95715
-3.95651
-3.95749
-3.95652
-3.9549
-3.9549
-3.95522
-3.95392
-3.95521
-3.95521
-3.95651
-3.95652
-3.95523
-3.95685
-3.9588
-3.95879
-3.95814
-3.95781
-3.95683
-3.95585
-3.9565
-3.95781
-3.96008
-3.96008
-3.95911
-3.95814
-3.95652
-3.95295
-3.95327
-3.95327
-3.9523
-3.95424
-3.95295
-3.95262
-3.95359
-3.95489
-3.95586
-3.9565
-3.95521
-3.95554
-3.95523
-3.9575
-3.95589
-3.95976
-3.95846
-3.95748
-3.9565
-3.95747
-3.95941
-3.95877
-3.96136
-3.96136
-3.96136
-3.96169
-3.96235
-3.95976
-3.95944
-3.96235
-3.96234
-3.96104
-3.96168
-3.9633
-3.95909
-3.95909
-3.95909
-3.95942
-3.9591
-3.95716
-3.95878
-3.9591
-3.95813
-3.95521
-3.95716
-3.95748
-3.95392
-3.95327
-3.95586
-3.95586
-3.95489
-3.95359
-3.95295
-3.95327
-3.95197
-3.95326
-3.95359
-3.95327
-3.95392
-3.95522
-3.95295
-3.9523
-3.95262
-3.95327
-3.95423
-3.95455
-3.95293
-3.95164
-3.95229
-3.95327
-3.95198
-3.95263
-3.95327
-3.95457
-3.9565
-3.95779
-3.95844
-3.95812
-3.95682
-3.95715
-3.95618
-3.95553
-3.95521
-3.95521
-3.95456
-3.95359
-3.95423
-3.95617
-3.95876
-3.95973
-3.95876
-3.95811
-3.96103
-3.96038
-3.95909
-3.96103
-3.96201
-3.96136
-3.96039
-3.96071
-3.95876
-3.95941
-3.95843
-3.95876
-3.95747
-3.95974
-3.96136
-3.95974
-3.96006
-3.95877
-3.95877
-3.95748
-3.96072
-3.96039
-3.95812
-3.96104
-3.95974
-3.96104
-3.96071
-3.95974
-3.96038
-3.95973
-3.9594
-3.95941
-3.95747
-3.95359
-3.95295
-3.95457
-3.95586
-3.95619
-3.95489
-3.95651
-3.95748
-3.95683
-3.95845
-3.95877
-3.96104
-3.96136
-3.96201
-3.96103
-3.96071
-3.95973
-3.95973
-3.95844
-3.95618
-3.95845
-3.95975
-3.95748
-3.95748
-3.95619
-3.95813
-3.95748
-3.9578
-3.9565
-3.95682
-3.95715
-3.96038
-3.95844
-3.95877
-3.96039
-3.95974
-3.96039
-3.95942
-3.95747
-3.95682
-3.95618
-3.95618
-3.95456
-3.95618
-3.95748
-3.95748
-3.9578
-3.95747
-3.95812
-3.9578
-3.95812
-3.95747
-3.9578
-3.95845
-3.95618
-3.95554
-3.95457
-3.95489
-3.95651
-3.95715
-3.9565
-3.95811
-3.95811
-3.95876
-3.95876
-3.95942
-3.95974
-3.95975
-3.95878
-3.95975
-3.9591
-3.9591
-3.96071
-3.96167
-3.96038
-3.96006
-3.96006
-3.95942
-3.95683
-3.9591
-3.95845
-3.95682
-3.96038
-3.95941
-3.95941
-3.96071
-3.96039
-3.96072
-3.95877
-3.95942
-3.95942
-3.95941
-3.95682
-3.95844
-3.95811
-3.95715
-3.95715
-3.95359
-3.95391
-3.95585
-3.95909
-3.95812
-3.95747
-3.95812
-3.95683
-3.95553
-3.95424
-3.95586
-3.95457
-3.95457
-3.95327
-3.95522
-3.95651
-3.95521
-3.95585
-3.95682
-3.95456
-3.95392
-3.95295
-3.9536
-3.9523
-3.95295
-3.95586
-3.95424
-3.95488
-3.95715
-3.9565
-3.95683
-3.95521
-3.95391
-3.95197
-3.95229
-3.95261
-3.95261
-3.95164
-3.95197
-3.95359
-3.95488
-3.95488
-3.95617
-3.95552
-3.95584
-3.95617
-3.95714
-3.9565
-3.95651
-3.95716
-3.9578
-3.95456
-3.95618
-3.95455
-3.95617
-3.95487
-3.95325
-3.9552
-3.95488
-3.95488
-3.95617
-3.95585
-3.95747
-3.95779
-3.95779
-3.95617
-3.95682
-3.95585
-3.95586
-3.95554
-3.95554
-3.95683
-3.95683
-3.95553
-3.95391
-3.95358
-3.9539
-3.95261
-3.95229
-3.9523
-3.95456
-3.95488
-3.95261
-3.95262
-3.95424
-3.9523
-3.95198
-3.95392
-3.95457
-3.95489
-3.95391
-3.95391
-3.9539
-3.9552
-3.9578
-3.9578
-3.95683
-3.95456
-3.95391
-3.95262
-3.95423
-3.95584
-3.9552
-3.9552
-3.95456
-3.95456
-3.95521
-3.95554
-3.95327
-3.95585
-3.95359
-3.95488
-3.95423
-3.95552
-3.95649
-3.95584
-3.95617
-3.95552
-3.95746
-3.96037
-3.96005
-3.9607
-3.96394
-3.96297
-3.96135
-3.96168
-3.96104
-3.96072
-3.95975
-3.95812
-3.95715
-3.95844
-3.95908
-3.95843
-3.95779
-3.9565
-3.9565
-3.95489
-3.95618
-3.9565
-3.95714
-3.95487
-3.9539
-3.95455
-3.95521
-3.95392
-3.95295
-3.9536
-3.95489
-3.95328
-3.95231
-3.95457
-3.95553
-3.95649
-3.95843
-3.95811
-3.95778
-3.95779
-3.95585
-3.9578
-3.95845
-3.95619
-3.95716
-3.95748
-3.95716
-3.95618
-3.95423
-3.95552
-3.95487
-3.95714
-3.95584
-3.95617
-3.95586
-3.95878
-3.95878
-3.95911
-3.9591
-3.95845
-3.95876
-3.95617
-3.95811
-3.95681
-3.95747
-3.95488
-3.95521
-3.95877
-3.96104
-3.96493
-3.96267
-3.96203
-3.95943
-3.9604
-3.96008
-3.95781
-3.95813
-3.95845
-3.95942
-3.95845
-3.95909
-3.95973
-3.95941
-3.95908
-3.96038
-3.95973
-3.95974
-3.95974
-3.95909
-3.9578
-3.95909
-3.95877
-3.95716
-3.95813
-3.95619
-3.95651
-3.95683
-3.95618
-3.95618
-3.95715
-3.9578
-3.95488
-3.95683
-3.95651
-3.95619
-3.95554
-3.95684
-3.95587
-3.95458
-3.95652
-3.95717
-3.9549
-3.95425
-3.95522
-3.95295
-3.95328
-3.95522
-3.95555
-3.95555
-3.95263
-3.95458
-3.95393
-3.95393
-3.95522
-3.9549
-3.95523
-3.95523
-3.95458
-3.95393
-3.95199
-3.95231
-3.95296
-3.95523
-3.95749
-3.95846
-3.95813
-3.95878
-3.95652
-3.95781
-3.95651
-3.95586
-3.95392
-3.95553
-3.95424
-3.95587
-3.95879
-3.96073
-3.96106
-3.96106
-3.96008
-3.96137
-3.9604
-3.95813
-3.95845
-3.95489
-3.95845
-3.95748
-3.95522
-3.95555
-3.9562
-3.95652
-3.95555
-3.95587
-3.95748
-3.95715
-3.95585
-3.95651
-3.95716
-3.95716
-3.96007
-3.95975
-3.96136
-3.96201
-3.96363
-3.96169
-3.95845
-3.95813
-3.95877
-3.95715
-3.95715
-3.95715
-3.95716
-3.95425
-3.95264
-3.95328
-3.95134
-3.95166
-3.95262
-3.95488
-3.95423
-3.95358
-3.95391
-3.95457
-3.95457
-3.95651
-3.95684
-3.95457
-3.9523
-3.95522
-3.95619
-3.95651
-3.95522
-3.95749
-3.95652
-3.95522
-3.95457
-3.95392
-3.95359
-3.95457
-3.95489
-3.95229
-3.95165
-3.95165
-3.95166
-3.95328
-3.95232
-3.95297
-3.95167
-3.952
-3.95199
-3.95263
-3.95328
-3.95457
-3.95327
-3.95327
-3.95391
-3.95618
-3.95585
-3.95683
-3.95716
-3.95684
-3.95717
-3.95685
-3.95847
-3.95944
-3.96041
-3.96072
-3.96201
-3.962
-3.96395
-3.96234
-3.95975
-3.95943
-3.9617
-3.96331
-3.96202
-3.96072
-3.96007
-3.95975
-3.95877
-3.95748
-3.96136
-3.95812
-3.95618
-3.95618
-3.9578
-3.95618
-3.95554
-3.95619
-3.95521
-3.95618
-3.95391
-3.9539
-3.95617
-3.95423
-3.95359
-3.95423
-3.95618
-3.9565
-3.95844
-3.95617
-3.9539
-3.95714
-3.9565
-3.95714
-3.95779
-3.95746
-3.95519
-3.95325
-3.95326
-3.95488
-3.9565
-3.95456
-3.95553
-3.95294
-3.95326
-3.95488
-3.95585
-3.95455
-3.95585
-3.95584
-3.9594
-3.96037
-3.95908
-3.95908
-3.95973
-3.95811
-3.9594
-3.96102
-3.9607
-3.95876
-3.95811
-3.95714
-3.95617
-3.95618
-3.95682
-3.95683
-3.95715
-3.95714
-3.95649
-3.95616
-3.9568
-3.95616
-3.95293
-3.95293
-3.95293
-3.95455
-3.9552
-3.95229
-3.95261
-3.95229
-3.95456
-3.95456
-3.95294
-3.95456
-3.9552
-3.9552
-3.95552
-3.95552
-3.95519
-3.95681
-3.95778
-3.95681
-3.95519
-3.95714
-3.95843
-3.95714
-3.95584
-3.95552
-3.95519
-3.95584
-3.95714
-3.95488
-3.95423
-3.95617
-3.95552
-3.95519
-3.95356
-3.95615
-3.95583
-3.95713
-3.95778
-3.96102
-3.96167
-3.96103
-3.96362
-3.96394
-3.96199
-3.96038
-3.95876
-3.95876
-3.95909
-3.95683
-3.95877
-3.95747
-3.95779
-3.95778
-3.95745
-3.95648
-3.95907
-3.95842
-3.95875
-3.9594
-3.95844
-3.95714
-3.96005
-3.95843
-3.9594
-3.95875
-3.95811
-3.95681
-3.95487
-3.95422
-3.95649
-3.95973
-3.95908
-3.95746
-3.9594
-3.95843
-3.96134
-3.95908
-3.95811
-3.95584
-3.9581
-3.95713
-3.9581
-3.95681
-3.95778
-3.95778
-3.96134
-3.9581
-3.95713
-3.95615
-3.95616
-3.95616
-3.95649
-3.95972
-3.96004
-3.96101
-3.96069
-3.95842
-3.95874
-3.9568
-3.95939
-3.96004
-3.95907
-3.95745
-3.95486
-3.95227
-3.95518
-3.95486
-3.95486
-3.95485
-3.95615
-3.95453
-3.95356
-3.95388
-3.95421
-3.95292
-3.95163
-3.95292
-3.95324
-3.95357
-3.95615
-3.95648
-3.95616
-3.95615
-3.95453
-3.95712
-3.95841
-3.95938
-3.96101
-3.96036
-3.9581
-3.95842
-3.95713
-3.95874
-3.95906
-3.95842
-3.95647
-3.9568
-3.95485
-3.95614
-3.95743
-3.95646
-3.95614
-3.95712
-3.95648
-3.95648
-3.95874
-3.95809
-3.96003
-3.95938
-3.95873
-3.96099
-3.96002
-3.95614
-3.95549
-3.95776
-3.95841
-3.95906
-3.96165
-3.96197
-3.96165
-3.96165
-3.96068
-3.96035
-3.95808
-3.95711
-3.95613
-3.95322
-3.95484
-3.95452
-3.95388
-3.95647
-3.95647
-3.95485
-3.95712
-3.95679
-3.95549
-3.95419
-3.95419
-3.95646
-3.95776
-3.95679
-3.95808
-3.95743
-3.95873
-3.95808
-3.95809
-3.9555
-3.95582
-3.95387
-3.95322
-3.95581
-3.95614
-3.9555
-3.95615
-3.95551
-3.95551
-3.95486
-3.95453
-3.95356
-3.95195
-3.95227
-3.9513
-3.95033
-3.95389
-3.95485
-3.95484
-3.95678
-3.95808
-3.95938
-3.95872
-3.95743
-3.95775
-3.95679
-3.95453
-3.95615
-3.95745
-3.95874
-3.96035
-3.95905
-3.96034
-3.96001
-3.95936
-3.95645
-3.95549
-3.95647
-3.95356
-3.95648
-3.95745
-3.9568
-3.95906
-3.95841
-3.95743
-3.95517
-3.95387
-3.95387
-3.95549
-3.95549
-3.95776
-3.9597
-3.95841
-3.95842
-3.95778
-3.95875
-3.95908
-3.96037
-3.96036
-3.96165
-3.96036
-3.95938
-3.95971
-3.96068
-3.95809
-3.95518
-3.95647
-3.95518
-3.95615
-3.95712
-3.95583
-3.95486
-3.95357
-3.95195
-3.95259
-3.95227
-3.9513
-3.95421
-3.95551
-3.95421
-3.95486
-3.95518
-3.95486
-3.95648
-3.95777
-3.95777
-3.95842
-3.95648
-3.95746
-3.95552
-3.95552
-3.95552
-3.95519
-3.95681
-3.95551
-3.95648
-3.95487
-3.95357
-3.95487
-3.95617
-3.95391
-3.95521
-3.95747
-3.95746
-3.95681
-3.95584
-3.95811
-3.9581
-3.95648
-3.9568
-3.95648
-3.95422
-3.9552
-3.95358
-3.95261
-3.9539
-3.95552
-3.95584
-3.95649
-3.95875
-3.95746
-3.95843
-3.95746
-3.95551
-3.95357
-3.95033
-3.95162
-3.95033
-3.95324
-3.95389
-3.95486
-3.95421
-3.95712
-3.95939
-3.95712
-3.95583
-3.95745
-3.95649
-3.95616
-3.95746
-3.9594
-3.95778
-3.95875
-3.95843
-3.9607
-3.96102
-3.9594
-3.95939
-3.95972
-3.95907
-3.95745
-3.95421
-3.95356
-3.95356
-3.95065
-3.95131
-3.95131
-3.95196
-3.9539
-3.95389
-3.95486
-3.95389
-3.95454
-3.95778
-3.95616
-3.95519
-3.95617
-3.95422
-3.95551
-3.95648
-3.95486
-3.95745
-3.96134
-3.95907
-3.95616
-3.95519
-3.95584
-3.95713
-3.95713
-3.95939
-3.95842
-3.95907
-3.96037
-3.95875
-3.96134
-3.96004
-3.95939
-3.95809
-3.95777
-3.9555
-3.95777
-3.95841
-3.95809
-3.95745
-3.95615
-3.95551
-3.95421
-3.95583
-3.95486
-3.9568
-3.95616
-3.95616
-3.95584
-3.95552
-3.95585
-3.95714
-3.95779
-3.95844
-3.95746
-3.95649
-3.95713
-3.9581
-3.95713
-3.9568
-3.9568
-3.95357
-3.95357
-3.95196
-3.95488
-3.95553
-3.95391
-3.95327
-3.95586
-3.96039
-3.96135
-3.95908
-3.95811
-3.95973
-3.9581
-3.95875
-3.95551
-3.95681
-3.95617
-3.95682
-3.9565
-3.95877
-3.95747
-3.95747
-3.9565
-3.95521
-3.95359
-3.95326
-3.9539
-3.95422
-3.95583
-3.95421
-3.95487
-3.95746
-3.95487
-3.95488
-3.95682
-3.95747
-3.95714
-3.95941
-3.95714
-3.95682
-3.95552
-3.95584
-3.95713
-3.95647
-3.9555
-3.95614
-3.95452
-3.95777
-3.9568
-3.95519
-3.95261
-3.95326
-3.95488
-3.95456
-3.95228
-3.95066
-3.95033
-3.9513
-3.95357
-3.9539
-3.9539
-3.95422
-3.95357
-3.95455
-3.95521
-3.95327
-3.95327
-3.95586
-3.95456
-3.95585
-3.95812
-3.9578
-3.96071
-3.96038
-3.95973
-3.95973
-3.95875
-3.95811
-3.95618
-3.95554
-3.95489
-3.95295
-3.95489
-3.95489
-3.95521
-3.95294
-3.95164
-3.95132
-3.95164
-3.95196
-3.95229
-3.95294
-3.95327
-3.95328
-3.95263
-3.9536
-3.9523
-3.95489
-3.95553
-3.95845
-3.95715
-3.95294
-3.95262
-3.95391
-3.9578
-3.95651
-3.9578
-3.95975
-3.96396
-3.96203
-3.9617
-3.96105
-3.96169
-3.9591
-3.96007
-3.9591
-3.95911
-3.95943
-3.95878
-3.95909
-3.95747
-3.95747
-3.95876
-3.95812
-3.95877
-3.95942
-3.95878
-3.95748
-3.95781
-3.95748
-3.9578
-3.95521
-3.95553
-3.95618
-3.95651
-3.95553
-3.95682
-3.95682
-3.95617
-3.95812
-3.95715
-3.95909
-3.95845
-3.95716
-3.95749
-3.95684
-3.95878
-3.95845
-3.95844
-3.95746
-3.95908
-3.9607
-3.9578
-3.9578
-3.95845
-3.95618
-3.95489
-3.95456
-3.95391
-3.9523
-3.95262
-3.95262
-3.95489
-3.95456
-3.95455
-3.95811
-3.95973
-3.95941
-3.95877
-3.95715
-3.95716
-3.95748
-3.95748
-3.95586
-3.95651
-3.95327
-3.95294
-3.95261
-3.95521
-3.95553
-3.95585
-3.9552
-3.95617
-3.9552
-3.95586
-3.95457
-3.95327
-3.95457
-3.95554
-3.9578
-3.95844
-3.95876
-3.95779
-3.95681
-3.9552
-3.95358
-3.95358
-3.95552
-3.95682
-3.95617
-3.95715
-3.95682
-3.95682
-3.95617
-3.95682
-3.95649
-3.9552
-3.9565
-3.95682
-3.95585
-3.95521
-3.95294
-3.95423
-3.95423
-3.95616
-3.95584
-3.95519
-3.9539
-3.95649
-3.95616
-3.95422
-3.95681
-3.9581
-3.95875
-3.9581
-3.95713
-3.95778
-3.95617
-3.95617
-3.95488
-3.95456
-3.95391
-3.95197
-3.95131
-3.95358
-3.95551
-3.95389
-3.9526
-3.9539
-3.95293
-3.9539
-3.95326
-3.95617
-3.95682
-3.95617
-3.95422
-3.95617
-3.95487
-3.9565
-3.95715
-3.95813
-3.95716
-3.95781
-3.95651
-3.9578
-3.95618
-3.95617
-3.9539
-3.95357
-3.95486
-3.95648
-3.95648
-3.95421
-3.95421
-3.95422
-3.9552
-3.95326
-3.95391
-3.9539
-3.95325
-3.95551
-3.95551
-3.95745
-3.95713
-3.95552
-3.95553
-3.95553
-3.95649
-3.95487
-3.95648
-3.95745
-3.96004
-3.96036
-3.95971
-3.95744
-3.95874
-3.95616
-3.95649
-3.95714
-3.95649
-3.95714
-3.95811
-3.95746
-3.95778
-3.95972
-3.96005
-3.96135
-3.95941
-3.96006
-3.96037
-3.96134
-3.96134
-3.95972
-3.9594
-3.95875
-3.95875
-3.95875
-3.95714
-3.95973
-3.95974
-3.96006
-3.96006
-3.95779
-3.95681
-3.95649
-3.95583
-3.95875
-3.95681
-3.95519
-3.95455
-3.95487
-3.95681
-3.95713
-3.95551
-3.9568
-3.95647
-3.95388
-3.95356
-3.95292
-3.9513
-3.95326
-3.95455
-3.95521
-3.95715
-3.95844
-3.95811
-3.95972
-3.96101
-3.95809
-3.95679
-3.95582
-3.95809
-3.95874
-3.95745
-3.95875
-3.95908
-3.96102
-3.96135
-3.95974
-3.95974
-3.96006
-3.96038
-3.95941
-3.95908
-3.95649
-3.95487
-3.95616
-3.95518
-3.95647
-3.95745
-3.95843
-3.96168
-3.96007
-3.95909
-3.95974
-3.9565
-3.95584
-3.95584
-3.95486
-3.95486
-3.95357
-3.9539
-3.95358
-3.9526
-3.95551
-3.9568
-3.95647
-3.95744
-3.95874
-3.95875
-3.96037
-3.95908
-3.95778
-3.95778
-3.95746
-3.95681
-3.95551
-3.95519
-3.95518
-3.95421
-3.95517
-3.95549
-3.95678
-3.95776
-3.95744
-3.9581
-3.96038
-3.95973
-3.9607
-3.96038
-3.95713
-3.95486
-3.95453
-3.95583
-3.9555
-3.95518
-3.95485
-3.95648
-3.95713
-3.95939
-3.95939
-3.95809
-3.95809
-3.96037
-3.95778
-3.95681
-3.95681
-3.95811
-3.95875
-3.95842
-3.95842
-3.95744
-3.95906
-3.95777
-3.9581
-3.95843
-3.95617
-3.95973
-3.9607
-3.9607
-3.96037
-3.96134
-3.96102
-3.95972
-3.95971
-3.96003
-3.95906
-3.95809
-3.95906
-3.95874
-3.95745
-3.95745
-3.95809
-3.95874
-3.95939
-3.95809
-3.96004
-3.95939
-3.96069
-3.96069
-3.9568
-3.95615
-3.95713
-3.95713
-3.95616
-3.95649
-3.95875
-3.95875
-3.95907
-3.95939
-3.95873
-3.96002
-3.95873
-3.96036
-3.95972
-3.95972
-3.9594
-3.95941
-3.95908
-3.95843
-3.95875
-3.95778
-3.95552
-3.95681
-3.95649
-3.95682
-3.9552
-3.95616
-3.95551
-3.95356
-3.95291
-3.95712
-3.95939
-3.95746
-3.95779
-3.95941
-3.96167
-3.96458
-3.96426
-3.96102
-3.96361
-3.96265
-3.96232
-3.96168
-3.96071
-3.95974
-3.9565
-3.95779
-3.95616
-3.95777
-3.95712
-3.95744
-3.95809
-3.95712
-3.95745
-3.95778
-3.95811
-3.95779
-3.95908
-3.9594
-3.96134
-3.96069
-3.96037
-3.95778
-3.95681
-3.95454
-3.95615
-3.95777
-3.95713
-3.95746
-3.95875
-3.95875
-3.96005
-3.95713
-3.95713
-3.95551
-3.95486
-3.95713
-3.95842
-3.9581
-3.95713
-3.95746
-3.95584
-3.95455
-3.95422
-3.95584
-3.95518
-3.95615
-3.95421
-3.95809
-3.96101
-3.95907
-3.95972
-3.96037
-3.96102
-3.96037
-3.95972
-3.95778
-3.95616
-3.95649
-3.95649
-3.95649
-3.95681
-3.95584
-3.95649
-3.95682
-3.95812
-3.96071
-3.96039
-3.95844
-3.95908
-3.95972
-3.95842
-3.95486
-3.95324
-3.95389
-3.95324
-3.95455
-3.95617
-3.95585
-3.95586
-3.95553
-3.95553
-3.95455
-3.95617
-3.95649
-3.95584
-3.95519
-3.95519
-3.95292
-3.95228
-3.94969
-3.9497
-3.95164
-3.95229
-3.95229
-3.95519
-3.95454
-3.95454
-3.95488
-3.95586
-3.95424
-3.95553
-3.95715
-3.95552
-3.95648
-3.95616
-3.95616
-3.95454
-3.95551
-3.9539
-3.95422
-3.95584
-3.95843
-3.9581
-3.95874
-3.95874
-3.95681
-3.95228
-3.95261
-3.95261
-3.95067
-3.95261
-3.95488
-3.9552
-3.95519
-3.95552
-3.95843
-3.95972
-3.95876
-3.95747
-3.95844
-3.95747
-3.95617
-3.95552
-3.95811
-3.95875
-3.95778
-3.95682
-3.95617
-3.95844
-3.95941
-3.95941
-3.95875
-3.95971
-3.96035
-3.95776
-3.95874
-3.95842
-3.95616
-3.95616
-3.95454
-3.9539
-3.95357
-3.95389
-3.95388
-3.95582
-3.95711
-3.95841
-3.95743
-3.95711
-3.95453
-3.95291
-3.95389
-3.95519
-3.95713
-3.95746
-3.95584
-3.9568
-3.95809
-3.95777
-3.95647
-3.95614
-3.95388
-3.95356
-3.9526
-3.95454
-3.9513
-3.95227
-3.95258
-3.95355
-3.95452
-3.95355
-3.95485
-3.95582
-3.9555
-3.95615
-3.95809
-3.95874
-3.95842
-3.96004
-3.95971
-3.95971
-3.95873
-3.95937
-3.95452
-3.9555
-3.95647
-3.9555
-3.95355
-3.9555
-3.95679
-3.95744
-3.95711
-3.95484
-3.95647
-3.95939
-3.96036
-3.96393
-3.96457
-3.96392
-3.96132
-3.96099
-3.96099
-3.95873
-3.95938
-3.95776
-3.95711
-3.95743
-3.9571
-3.9571
-3.95775
-3.95549
-3.9584
-3.95744
-3.95906
-3.95777
-3.95972
-3.96101
-3.96133
-3.96035
-3.95936
-3.95839
-3.95677
-3.95904
-3.9584
-3.961
-3.96262
-3.96165
-3.96198
-3.96068
-3.95906
-3.961
-3.96035
-3.95906
-3.95808
-3.95711
-3.95581
-3.95645
-3.9571
-3.95936
-3.95904
-3.9597
-3.96132
-3.96165
-3.961
-3.96068
-3.95971
-3.95777
-3.95582
-3.95582
-3.95387
-3.95354
-3.95288
-3.95256
-3.95256
-3.95321
-3.95483
-3.95548
-3.95419
-3.95517
-3.95582
-3.95452
-3.95581
-3.9558
-3.95807
-3.9571
-3.95711
-3.95712
-3.95453
-3.95485
-3.95582
-3.95452
-3.95582
-3.95484
-3.95322
-3.95387
-3.95322
-3.95321
-3.95386
-3.95677
-3.9558
-3.95581
-3.95517
-3.95582
-3.95906
-3.95777
-3.95745
-3.95906
-3.961
-3.96197
-3.95775
-3.9584
-3.95872
-3.95969
-3.95645
-3.9571
-3.95646
-3.95711
-3.95872
-3.96164
-3.96066
-3.95872
-3.95969
-3.95839
-3.95678
-3.9571
-3.95581
-3.95516
-3.95743
-3.96131
-3.96131
-3.95969
-3.96099
-3.95807
-3.95904
-3.9571
-3.95775
-3.95516
-3.95549
-3.95484
-3.95452
-3.95549
-3.95646
-3.95645
-3.95774
-3.95742
-3.95742
-3.95742
-3.95807
-3.95936
-3.95904
-3.95677
-3.95677
-3.95774
-3.9571
-3.95483
-3.95387
-3.95451
-3.95516
-3.9571
-3.95451
-3.95483
-3.95483
-3.95451
-3.95386
-3.95192
-3.95191
-3.95321
-3.95288
-3.95126
-3.95159
-3.95418
-3.95322
-3.95419
-3.95548
-3.95645
-3.95482
-3.95385
-3.95418
-3.95483
-3.95516
-3.95678
-3.95548
-3.95741
-3.95645
-3.9558
-3.95678
-3.95711
-3.95775
-3.95807
-3.95775
-3.95742
-3.96002
-3.9584
-3.95841
-3.95711
-3.95775
-3.95808
-3.95679
-3.95582
-3.95679
-3.95808
-3.95484
-3.95387
-3.95614
-3.95614
-3.95809
-3.95712
-3.95712
-3.95647
-3.95679
-3.95873
-3.96068
-3.96067
-3.96035
-3.9623
-3.96003
-3.95874
-3.95744
-3.95809
-3.95841
-3.95808
-3.95711
-3.95484
-3.95452
-3.95161
-3.95096
-3.95258
-3.95356
-3.95388
-3.95291
-3.95454
-3.95583
-3.95421
-3.95453
-3.95484
-3.95419
-3.95451
-3.95322
-3.95484
-3.95645
-3.95645
-3.95614
-3.95485
-3.95647
-3.95907
-3.95874
-3.95517
-3.9542
-3.95614
-3.95581
-3.95775
-3.9571
-3.95678
-3.95937
-3.95808
-3.95516
-3.9542
-3.95452
-3.95582
-3.95711
-3.95355
-3.95614
-3.95581
-3.9571
-3.95581
-3.95775
-3.95711
-3.95516
-3.95484
-3.95355
-3.95356
-3.95259
-3.95356
-3.95421
-3.95485
-3.95452
-3.95516
-3.95386
-3.95516
-3.95905
-3.96132
-3.96133
-3.95744
-3.95614
-3.95711
-3.95906
-3.9597
-3.961
-3.95938
-3.95647
-3.9568
-3.96037
-3.96102
-3.96134
-3.96037
-3.96069
-3.95907
-3.95972
-3.96069
-3.96101
-3.96068
-3.96295
-3.96198
-3.96068
-3.9581
-3.95778
-3.95811
-3.95746
-3.9594
-3.96069
-3.96102
-3.96231
-3.96134
-3.96069
-3.9581
-3.95745
-3.95616
-3.95745
-3.95875
-3.95842
-3.95843
-3.95907
-3.9581
-3.96037
-3.96102
-3.96005
-3.95875
-3.95551
-3.95454
-3.95519
-3.9539
-3.95325
-3.9552
-3.95617
-3.95747
-3.95649
-3.95876
-3.96102
-3.96102
-3.96102
-3.96005
-3.9581
-3.95908
-3.95746
-3.95584
-3.95552
-3.95552
-3.95649
-3.95519
-3.95518
-3.95744
-3.95712
-3.95809
-3.95777
-3.95843
-3.95973
-3.95618
-3.95747
-3.95682
-3.95617
-3.95746
-3.95714
-3.95843
-3.9594
-3.9581
-3.95713
-3.95778
-3.95811
-3.95909
-3.95909
-3.95779
-3.95909
-3.96135
-3.96102
-3.96037
-3.96231
-3.95972
-3.95876
-3.95941
-3.9594
-3.96069
-3.95907
-3.95906
-3.96133
-3.96101
-3.96036
-3.96166
-3.96004
-3.96231
-3.96069
-3.96166
-3.95972
-3.9581
-3.95713
-3.9568
-3.95842
-3.9568
-3.95551
-3.95745
-3.95907
-3.95875
-3.95939
-3.9568
-3.95648
-3.9568
-3.95874
-3.95906
-3.95906
-3.96003
-3.95906
-3.95841
-3.95906
-3.95745
-3.95875
-3.95746
-3.95617
-3.95972
-3.95874
-3.95971
-3.9597
-3.9597
-3.95939
-3.96069
-3.96101
-3.96134
-3.96198
-3.96036
-3.95841
-3.96036
-3.961
-3.96004
-3.96036
-3.95939
-3.96004
-3.95972
-3.9581
-3.95745
-3.95583
-3.95519
-3.95519
-3.9581
-3.95842
-3.95616
-3.95583
-3.9568
-3.96036
-3.95745
-3.95972
-3.95843
-3.95747
-3.95779
-3.95876
-3.95714
-3.95746
-3.9581
-3.95713
-3.95615
-3.95842
-3.95745
-3.95907
-3.95939
-3.95713
-3.95681
-3.95648
-3.95584
-3.95648
-3.95552
-3.95584
-3.95746
-3.95843
-3.9581
-3.96102
-3.95874
-3.95971
-3.96003
-3.95776
-3.95809
-3.95777
-3.95615
-3.9581
-3.95648
-3.95778
-3.95778
-3.95649
-3.95681
-3.95552
-3.95616
-3.95584
-3.95681
-3.95616
-3.95647
-3.95712
-3.95647
-3.95485
-3.95583
-3.9539
-3.95293
-3.95358
-3.95196
-3.95453
-3.9529
-3.95322
-3.9555
-3.95551
-3.95584
-3.95552
-3.9539
-3.9526
-3.95228
-3.95195
-3.95325
-3.95291
-3.95323
-3.95451
-3.95451
-3.95419
-3.95614
-3.9568
-3.9581
-3.95843
-3.95875
-3.95745
-3.95647
-3.95744
-3.95776
-3.95517
-3.95808
-3.96035
-3.95907
-3.96004
-3.95908
-3.96005
-3.95907
-3.95875
-3.95745
-3.95519
-3.95583
-3.95518
-3.95647
-3.95484
-3.95808
-3.95549
-3.95258
-3.95356
-3.95226
-3.95097
-3.95291
-3.95453
-3.95551
-3.95551
-3.95551
-3.95389
-3.95486
-3.95356
-3.95388
-3.95614
-3.95614
-3.95679
-3.95776
-3.95582
-3.95776
-3.95777
-3.95777
-3.95906
-3.95809
-3.95906
-3.9597
-3.96132
-3.96003
-3.96003
-3.95906
-3.95777
-3.95679
-3.95873
-3.95549
-3.95549
-3.95711
-3.96035
-3.9597
-3.961
-3.9623
-3.96166
-3.96134
-3.95972
-3.95809
-3.95743
-3.95678
-3.95613
-3.95516
-3.95354
-3.95386
-3.95419
-3.95613
-3.95484
-3.95614
-3.95517
-3.95582
-3.95582
-3.95614
-3.95517
-3.95581
-3.95613
-3.95677
-3.95774
-3.9571
-3.9571
-3.95614
-3.95581
-3.95678
-3.95678
-3.95775
-3.95873
-3.95679
-3.95873
-3.96067
-3.95873
-3.95744
-3.95809
-3.9597
-3.95938
-3.96164
-3.96262
-3.96132
-3.95938
-3.95937
-3.96099
-3.95936
-3.95774
-3.95709
-3.95872
-3.9584
-3.95905
-3.96132
-3.96099
-3.96003
-3.95776
-3.95679
-3.95873
-3.95873
-3.96003
-3.96035
-3.96001
-3.95936
-3.96033
-3.95839
-3.95677
-3.9571
-3.95581
-3.95613
-3.95484
-3.95712
-3.95712
-3.95679
-3.95355
-3.9516
-3.9516
-3.94966
-3.9503
-3.95192
-3.95322
-3.95322
-3.95452
-3.95225
-3.95257
-3.95159
-3.95192
-3.95354
-3.95484
-3.95712
-3.95842
-3.95907
-3.95777
-3.95809
-3.9597
-3.96229
-3.96228
-3.96131
-3.96131
-3.96067
-3.95937
-3.95646
-3.95711
-3.9584
-3.96034
-3.95775
-3.95742
-3.9558
-3.95613
-3.95387
-3.95322
-3.95516
-3.95678
-3.95711
-3.95808
-3.95582
-3.95679
-3.95938
-3.95841
-3.95678
-3.95678
-3.9558
-3.95548
-3.95548
-3.95451
-3.95516
-3.95646
-3.95646
-3.95808
-3.95776
-3.95905
-3.95679
-3.95678
-3.95613
-3.95742
-3.95613
-3.9558
-3.95483
-3.95516
-3.95678
-3.95711
-3.95743
-3.9571
-3.95807
-3.95677
-3.95612
-3.95645
-3.95678
-3.95744
-3.95615
-3.95842
-3.95679
-3.95387
-3.95548
-3.95547
-3.95612
-3.95354
-3.95322
-3.95355
-3.95452
-3.95517
-3.95323
-3.9529
-3.94999
-3.94999
-3.94934
-3.94869
-3.94739
-3.94868
-3.949
-3.94997
-3.95192
-3.95354
-3.95387
-3.95257
-3.95258
-3.95419
-3.9529
-3.95387
-3.95419
-3.95516
-3.95385
-3.9545
-3.95548
-3.95549
-3.9555
-3.95323
-3.95485
-3.95679
-3.95938
-3.95872
-3.95807
-3.95903
-3.95839
-3.95872
-3.95646
-3.95775
-3.95775
-3.95807
-3.95677
-3.95645
-3.95548
-3.95483
-3.95613
-3.95678
-3.95742
-3.95743
-3.95646
-3.95581
-3.9571
-3.95678
-3.95678
-3.95743
-3.95711
-3.95646
-3.95581
-3.95646
-3.95484
-3.95613
-3.95678
-3.95807
-3.95677
-3.95515
-3.95806
-3.95741
-3.95677
-3.95677
-3.95709
-3.9571
-3.95872
-3.95969
-3.96033
-3.96065
-3.96001
-3.95904
-3.95742
-3.95807
-3.95775
-3.95807
-3.95645
-3.95742
-3.95709
-3.95709
-3.95775
-3.95677
-3.95742
-3.95807
-3.95581
-3.95484
-3.95516
-3.95451
-3.95516
-3.95549
-3.95484
-3.95451
-3.95353
-3.95191
-3.9519
-3.95352
-3.95319
-3.95352
-3.9545
-3.95613
-3.95355
-3.95128
-3.9503
-3.95062
-3.95224
-3.95354
-3.95484
-3.95549
-3.95355
-3.95419
-3.95418
-3.9545
-3.95482
-3.9545
-3.95645
-3.95678
-3.95613
-3.95581
-3.95451
-3.95321
-3.95257
-3.95387
-3.95646
-3.95905
-3.95904
-3.95839
-3.95903
-3.95903
-3.95807
-3.9584
-3.95808
-3.95776
-3.95873
-3.95938
-3.95905
-3.95742
-3.95871
-3.95903
-3.95903
-3.95872
-3.96002
-3.95873
-3.95581
-3.95549
-3.95386
-3.95289
-3.95288
-3.95515
-3.9571
-3.95483
-3.95645
-3.95775
-3.95645
-3.95742
-3.95677
-3.95612
-3.95515
-3.95256
-3.95127
-3.95159
-3.95127
-3.95289
-3.95095
-3.95127
-3.95256
-3.95321
-3.95353
-3.95548
-3.95516
-3.95581
-3.95613
-3.95548
-3.95515
-3.95742
-3.95612
-3.95548
-3.95484
-3.95581
-3.95419
-3.95516
-3.95451
-3.95581
-3.95386
-3.95353
-3.95613
-3.95613
-3.95678
-3.9571
-3.95516
-3.95419
-3.95451
-3.95678
-3.95581
-3.95548
-3.95515
-3.95644
-3.95417
-3.95287
-3.95417
-3.9532
-3.95418
-3.95322
-3.95322
-3.95322
-3.95354
-3.95225
-3.95257
-3.95289
-3.95548
-3.95451
-3.95613
-3.95775
-3.95775
-3.95774
-3.95547
-3.95547
-3.95677
-3.95645
-3.95614
-3.95743
-3.95808
-3.95937
-3.95807
-3.95775
-3.9558
-3.95872
-3.95678
-3.95873
-3.95582
-3.95549
-3.95451
-3.95515
-3.95256
-3.94998
-3.94998
-3.95193
-3.95549
-3.9568
-3.95615
-3.95582
-3.95679
-3.95775
-3.95645
-3.95775
-3.95743
-3.95743
-3.95711
-3.95613
-3.95549
-3.95549
-3.9555
-3.9568
-3.95679
-3.95711
-3.95872
-3.95743
-3.95647
-3.95906
-3.95809
-3.95777
-3.95258
-3.95127
-3.95191
-3.95644
-3.95579
-3.95677
-3.95645
-3.95775
-3.95645
-3.95548
-3.95581
-3.95613
-3.95548
-3.95451
-3.95516
-3.95548
-3.95613
-3.95386
-3.95516
-3.95547
-3.95741
-3.95774
-3.96032
-3.95935
-3.95741
-3.95741
-3.95643
-3.95514
-3.95514
-3.95644
-3.95644
-3.95709
-3.95774
-3.96065
-3.9613
-3.96065
-3.96098
-3.96066
-3.96034
-3.96033
-3.96
-3.95838
-3.95936
-3.96001
-3.96066
-3.9613
-3.96
-3.96292
-3.96324
-3.96325
-3.9639
-3.95872
-3.95549
-3.9584
-3.95742
-3.95807
-3.9571
-3.95839
-3.9571
-3.96001
-3.96131
-3.95969
-3.96097
-3.96097
-3.95935
-3.95709
-3.95612
-3.95451
-3.95418
-3.95354
-3.95645
-3.9558
-3.95613
-3.95677
-3.9558
-3.95709
-3.95644
-3.95773
-3.95676
-3.95643
-3.95676
-3.95709
-3.95547
-3.95677
-3.95677
-3.95612
-3.95515
-3.9545
-3.95482
-3.95482
-3.95547
-3.95741
-3.95741
-3.95709
-3.95612
-3.95709
-3.95547
-3.9558
-3.95547
-3.95352
-3.95482
-3.95449
-3.95482
-3.95256
-3.95321
-3.95515
-3.9545
-3.95288
-3.95158
-3.95126
-3.95192
-3.9516
-3.95451
-3.95516
-3.9571
-3.95775
-3.95418
-3.95353
-3.95352
-3.95611
-3.95773
-3.95611
-3.95384
-3.95287
-3.95709
-3.95903
-3.96001
-3.95872
-3.95969
-3.95677
-3.95677
-3.95773
-3.95708
-3.95643
-3.95481
-3.9532
-3.95579
-3.9558
-3.95483
-3.95386
-3.95645
-3.95547
-3.95579
-3.95482
-3.95611
-3.95482
-3.9545
-3.95644
-3.95482
-3.95708
-3.95547
-3.95579
-3.95385
-3.95612
-3.95708
-3.95772
-3.95675
-3.95772
-3.95708
-3.95838
-3.95741
-3.95546
-3.95773
-3.95546
-3.95838
-3.95708
-3.95579
-3.95612
-3.95418
-3.95451
-3.9558
-3.95709
-3.95967
-3.95836
-3.95998
-3.9587
-3.9587
-3.95644
-3.95644
-3.95417
-3.95676
-3.95643
-3.95578
-3.95675
-3.95643
-3.95546
-3.95773
-3.95708
-3.95967
-3.95902
-3.95675
-3.95739
-3.95577
-3.95771
-3.95804
-3.95772
-3.95934
-3.96096
-3.96226
-3.96485
-3.96161
-3.96128
-3.96161
-3.95966
-3.95999
-3.9587
-3.9587
-3.96129
-3.95967
-3.95934
-3.9616
-3.96192
-3.96289
-3.96322
-3.96161
-3.9629
-3.96355
-3.96452
-3.96387
-3.96257
-3.96095
-3.96063
-3.96063
-3.95999
-3.95611
-3.9574
-3.95773
-3.95805
-3.9561
-3.95739
-3.95706
-3.959
-3.95998
-3.96063
-3.95642
-3.95384
-3.95546
-3.95416
-3.95448
-3.95448
-3.95254
-3.95319
-3.95383
-3.95416
-3.95772
-3.95674
-3.95642
-3.95707
-3.9574
-3.95675
-3.96064
-3.95999
-3.96096
-3.96096
-3.96096
-3.95935
-3.96193
-3.96031
-3.95966
-3.95869
-3.95836
-3.95804
-3.95642
-3.95771
-3.9603
-3.96063
-3.9616
-3.96095
-3.96096
-3.96194
-3.96032
-3.96
-3.95773
-3.9587
-3.9587
-3.95772
-3.9561
-3.95384
-3.95416
-3.95481
-3.95449
-3.95611
-3.95676
-3.95741
-3.95547
-3.95579
-3.95676
-3.95644
-3.95449
-3.95481
-3.95708
-3.95676
-3.95708
-3.95579
-3.95547
-3.95385
-3.95417
-3.95255
-3.95416
-3.9574
-3.96032
-3.95806
-3.95838
-3.95675
-3.95643
-3.95837
-3.95644
-3.9545
-3.95515
-3.95288
-3.95353
-3.95255
-3.95255
-3.95287
-3.95255
-3.95223
-3.95158
-3.95029
-3.95223
-3.95612
-3.95838
-3.95935
-3.95968
-3.95805
-3.95644
-3.95546
-3.95611
-3.95708
-3.95644
-3.95709
-3.95742
-3.95645
-3.95482
-3.95644
-3.9574
-3.95805
-3.9574
-3.95837
-3.95935
-3.95903
-3.95968
-3.96033
-3.96001
-3.96034
-3.96067
-3.96131
-3.96002
-3.96228
-3.96034
-3.96065
-3.96
-3.95741
-3.95546
-3.95287
-3.95287
-3.95449
-3.95482
-3.95514
-3.95482
-3.95645
-3.95742
-3.95646
-3.95678
-3.95938
-3.96035
-3.95938
-3.95808
-3.9558
-3.95321
-3.95482
-3.95288
-3.95483
-3.95386
-3.95127
-3.9516
-3.94999
-3.94966
-3.95063
-3.95127
-3.95288
-3.95353
-3.95579
-3.95709
-3.95645
-3.95678
-3.95581
-3.95549
-3.95614
-3.95615
-3.95712
-3.95712
-3.9597
-3.96035
-3.95775
-3.96001
-3.96001
-3.95904
-3.9558
-3.95482
-3.95482
-3.95643
-3.95709
-3.9584
-3.95938
-3.95809
-3.95744
-3.95777
-3.95712
-3.95711
-3.95808
-3.95968
-3.95935
-3.95611
-3.95677
-3.95775
-3.95614
-3.95841
-3.95712
-3.95679
-3.95549
-3.95516
-3.95353
-3.95547
-3.95774
-3.95904
-3.95808
-3.95938
-3.95679
-3.95517
-3.95387
-3.95452
-3.95452
-3.95679
-3.95776
-3.95549
-3.95419
-3.95224
-3.95095
-3.95289
-3.95419
-3.95419
-3.95679
-3.95485
-3.95809
-3.95744
-3.95679
-3.95581
-3.95419
-3.95451
-3.95548
-3.95581
-3.95581
-3.95452
-3.95614
-3.95582
-3.95679
-3.95614
-3.95744
-3.95452
-3.9529
-3.95226
-3.95129
-3.95161
-3.95193
-3.95258
-3.95129
-3.95323
-3.95518
-3.95647
-3.95679
-3.95841
-3.95711
-3.95776
-3.95776
-3.95775
-3.95872
-3.95775
-3.95808
-3.95484
-3.95355
-3.95582
-3.95583
-3.95485
-3.95517
-3.95776
-3.9571
-3.95742
-3.95678
-3.95873
-3.95679
-3.95549
-3.95614
-3.95646
-3.9584
-3.9571
-3.95224
-3.95483
-3.95321
-3.95483
-3.95743
-3.95581
-3.95614
-3.95582
-3.95484
-3.95354
-3.95645
-3.95386
-3.95127
-3.95062
-3.95256
-3.95353
-3.95386
-3.95515
-3.95515
-3.95677
-3.9571
-3.95742
-3.95872
-3.95969
-3.95937
-3.95904
-3.96033
-3.9571
-3.95678
-3.95905
-3.95905
-3.96034
-3.95936
-3.95904
-3.95968
-3.95969
-3.95904
-3.9571
-3.95711
-3.95808
-3.95678
-3.95678
-3.95872
-3.95904
-3.96065
-3.96033
-3.96033
-3.96034
-3.95742
-3.95775
-3.95581
-3.95548
-3.95581
-3.95549
-3.95549
-3.9529
-3.95354
-3.95548
-3.95709
-3.95547
-3.9545
-3.95353
-3.95385
-3.95418
-3.95353
-3.95192
-3.95322
-3.95484
-3.95322
-3.95484
-3.95419
-3.9558
-3.95742
-3.95742
-3.95871
-3.95936
-3.95871
-3.95807
-3.9571
-3.9571
-3.95678
-3.95808
-3.95711
-3.95581
-3.95645
-3.9571
-3.95871
-3.95807
-3.95839
-3.9571
-3.9584
-3.9571
-3.95516
-3.95483
-3.9558
-3.95386
-3.95418
-3.95225
-3.95322
-3.95484
-3.95452
-3.95517
-3.95582
-3.95549
-3.95354
-3.95256
-3.95418
-3.95645
-3.9571
-3.95645
-3.95678
-3.95775
-3.95548
-3.95484
-3.95613
-3.95808
-3.95808
-3.9584
-3.95581
-3.9558
-3.9545
-3.95514
-3.95677
-3.95807
-3.95614
-3.95485
-3.95679
-3.95712
-3.9555
-3.95387
-3.95679
-3.95581
-3.95612
-3.95449
-3.95416
-3.95482
-3.95612
-3.95581
-3.95646
-3.95776
-3.95678
-3.95387
-3.95386
-3.95645
-3.95775
-3.9584
-3.95937
-3.96034
-3.95937
-3.96066
-3.96001
-3.95839
-3.95968
-3.95612
-3.95483
-3.95419
-3.95387
-3.95258
-3.9542
-3.95291
-3.95161
-3.95161
-3.95387
-3.95678
-3.95774
-3.95871
-3.95904
-3.95937
-3.96099
-3.95743
-3.95712
-3.95712
-3.95712
-3.95776
-3.95905
-3.95679
-3.95646
-3.95809
-3.95776
-3.95776
-3.95841
-3.95873
-3.95873
-3.95775
-3.95872
-3.95872
-3.96164
-3.96003
-3.96198
-3.96101
-3.95971
-3.96036
-3.95874
-3.95971
-3.96068
-3.95905
-3.95613
-3.9571
-3.95645
-3.95515
-3.95775
-3.95775
-3.95549
-3.95581
-3.95129
-3.95291
-3.95518
-3.95454
-3.95712
-3.95614
-3.95711
-3.95452
-3.95613
-3.95581
-3.95645
-3.95646
-3.95776
-3.95582
-3.95712
-3.9555
-3.95679
-3.95776
-3.95678
-3.95742
-3.95775
-3.9571
-3.95645
-3.95645
-3.95775
-3.95743
-3.95614
-3.95744
-3.95646
-3.95581
-3.95678
-3.96034
-3.95872
-3.95742
-3.95548
-3.95483
-3.95678
-3.95646
-3.95679
-3.95776
-3.95809
-3.95744
-3.95711
-3.95711
-3.95711
-3.95614
-3.95549
-3.95646
-3.9584
-3.95677
-3.9571
-3.9571
-3.95677
-3.95613
-3.95645
-3.95483
-3.9545
-3.95612
-3.9558
-3.95548
-3.95549
-3.95712
-3.95647
-3.95485
-3.95484
-3.95613
-3.95612
-3.95741
-3.95644
-3.95644
-3.95676
-3.95676
-3.95838
-3.95967
-3.95903
-3.95773
-3.95773
-3.95578
-3.95546
-3.95675
-3.95708
-3.95546
-3.95578
-3.95319
-3.95384
-3.95351
-3.95448
-3.95416
-3.95416
-3.95125
-3.95189
-3.95416
-3.95448
-3.95836
-3.95706
-3.95447
-3.95383
-3.95319
-3.95384
-3.9519
-3.95223
-3.95222
-3.95449
-3.95513
-3.95513
-3.95351
-3.95124
-3.95318
-3.95416
-3.9561
-3.95676
-3.95481
-3.95513
-3.95643
-3.95545
-3.9535
-3.95383
-3.95383
-3.95319
-3.95319
-3.95124
-3.95124
-3.9535
-3.95027
-3.95352
-3.95482
-3.95449
-3.95546
-3.95675
-3.95837
-3.96032
-3.96064
-3.96031
-3.95772
-3.95771
-3.95901
-3.95836
-3.95675
-3.95804
-3.95546
-3.95644
-3.95838
-3.95903
-3.95902
-3.95708
-3.9574
-3.95869
-3.96031
-3.95998
-3.96192
-3.95966
-3.95869
-3.95708
-3.95709
-3.95709
-3.95968
-3.95935
-3.95837
-3.95576
-3.95544
-3.95382
-3.95319
-3.9532
-3.95741
-3.95741
-3.95741
-3.95871
-3.95903
-3.95935
-3.96065
-3.96
-3.9587
-3.95934
-3.95772
-3.95643
-3.95448
-3.95804
-3.95739
-3.95707
-3.95934
-3.95611
-3.95579
-3.95741
-3.95708
-3.9587
-3.95773
-3.95741
-3.95741
-3.95677
-3.95936
-3.95904
-3.95872
-3.96228
-3.96098
-3.96129
-3.95967
-3.96031
-3.96128
-3.95999
-3.96065
-3.96
-3.95774
-3.95903
-3.95742
-3.95838
-3.95839
-3.95807
-3.95774
-3.95839
-3.95774
-3.95838
-3.95871
-3.95709
-3.95774
-3.95418
-3.95029
-3.95062
-3.95126
-3.95126
-3.95385
-3.95644
-3.95741
-3.95612
-3.95612
-3.9545
-3.95417
-3.95288
-3.95386
-3.95224
-3.95353
-3.95579
-3.95611
-3.9574
-3.95871
-3.95839
-3.95774
-3.95839
-3.96033
-3.96065
-3.95708
-3.95773
-3.9587
-3.95903
-3.95677
-3.95613
-3.9571
-3.95775
-3.95548
-3.95483
-3.95482
-3.9574
-3.96031
-3.96128
-3.96161
-3.96162
-3.96065
-3.95774
-3.95903
-3.95773
-3.95741
-3.95805
-3.95805
-3.95935
-3.95999
-3.95903
-3.95741
-3.95677
-3.95709
-3.95774
-3.95806
-3.96
-3.95903
-3.95935
-3.95773
-3.95839
-3.95807
-3.95969
-3.95904
-3.95807
-3.95677
-3.95709
-3.95676
-3.95806
-3.95806
-3.95968
-3.96195
-3.96065
-3.96
-3.95871
-3.95936
-3.95839
-3.96034
-3.95872
-3.95838
-3.9587
-3.96063
-3.96064
-3.96
-3.96001
-3.96033
-3.96227
-3.96001
-3.9613
-3.96195
-3.96194
-3.96226
-3.96355
-3.9629
-3.96324
-3.96486
-3.96259
-3.96065
-3.95902
-3.96129
-3.95805
-3.95968
-3.96097
-3.95968
-3.95935
-3.9587
-3.95838
-3.95999
-3.9587
-3.95838
-3.95773
-3.95935
-3.95773
-3.95741
-3.95709
-3.95709
-3.9558
-3.95548
-3.95354
-3.95451
-3.95515
-3.95547
-3.95482
-3.95707
-3.95642
-3.95448
-3.9561
-3.95675
-3.95676
-3.95644
-3.95774
-3.95742
-3.96066
-3.96099
-3.95937
-3.96099
-3.96035
-3.961
-3.96067
-3.96066
-3.95806
-3.95805
-3.95805
-3.96
-3.95936
-3.95807
-3.95776
-3.95905
-3.95905
-3.95484
-3.95516
-3.95612
-3.95482
-3.95385
-3.95321
-3.95516
-3.95678
-3.95743
-3.95873
-3.96099
-3.96066
-3.95839
-3.95644
-3.95449
-3.9532
-3.95223
-3.95159
-3.95484
-3.95355
-3.9542
-3.95258
-3.95386
-3.95774
-3.95741
-3.95709
-3.95838
-3.95612
-3.95451
-3.95548
-3.95484
-3.95614
-3.95485
-3.95452
-3.95387
-3.95419
-3.95645
-3.95645
-3.9558
-3.95516
-3.95354
-3.9542
-3.95388
-3.95712
-3.95647
-3.95679
-3.95647
-3.95743
-3.95678
-3.95743
-3.95775
-3.95743
-3.95614
-3.95387
-3.9529
-3.9542
-3.95517
-3.95582
-3.95259
-3.95194
-3.95453
-3.95227
-3.95259
-3.95485
-3.95614
-3.95744
-3.95711
-3.95808
-3.95808
-3.96035
-3.95938
-3.95939
-3.95712
-3.95873
-3.95582
-3.95549
-3.95549
-3.95355
-3.95518
-3.9555
-3.95421
-3.95097
-3.95161
-3.95323
-3.95582
-3.9542
-3.95549
-3.95484
-3.95517
-3.95646
-3.95484
-3.95419
-3.95355
-3.95582
-3.95711
-3.95193
-3.94966
-3.94999
-3.95226
-3.95226
-3.95226
-3.95259
-3.95389
-3.95356
-3.95389
-3.95486
-3.95648
-3.95583
-3.95679
-3.95647
-3.95647
-3.95776
-3.95808
-3.95809
-3.95712
-3.95842
-3.95647
-3.95647
-3.95711
-3.95582
-3.95453
-3.95518
-3.95389
-3.95421
-3.95518
-3.95453
-3.95615
-3.95809
-3.95841
-3.95808
-3.95905
-3.95808
-3.95775
-3.95873
-3.95971
-3.95778
-3.95649
-3.95778
-3.95842
-3.95842
-3.95744
-3.95873
-3.95776
-3.9597
-3.95841
-3.95841
-3.95517
-3.95387
-3.95355
-3.9542
-3.95323
-3.95453
-3.95615
-3.95615
-3.95582
-3.95582
-3.95485
-3.95712
-3.95842
-3.95616
-3.95745
-3.95616
-3.95551
-3.95615
-3.9555
-3.95485
-3.9542
-3.95517
-3.95517
-3.95582
-3.95744
-3.95906
-3.9568
-3.95745
-3.95777
-3.95809
-3.95712
-3.95549
-3.95614
-3.95841
-3.95517
-3.95486
-3.95454
-3.9526
-3.9526
-3.9526
-3.95356
-3.95517
-3.95808
-3.95678
-3.95678
-3.95679
-3.96004
-3.96069
-3.95843
-3.95714
-3.95778
-3.95648
-3.95615
-3.95615
-3.95582
-3.95615
-3.95388
-3.95388
-3.9542
-3.95582
-3.95646
-3.95711
-3.95582
-3.95679
-3.95874
-3.95875
-3.96036
-3.95874
-3.95777
-3.95906
-3.96003
-3.96004
-3.96036
-3.96037
-3.96199
-3.96166
-3.96102
-3.96134
-3.96004
-3.95875
-3.95842
-3.9568
-3.95842
-3.95907
-3.95842
-3.95583
-3.95518
-3.95518
-3.95615
-3.95453
-3.95583
-3.95648
-3.95518
-3.95551
-3.9581
-3.95811
-3.95811
-3.95843
-3.95811
-3.95875
-3.95875
-3.95745
-3.95906
-3.95809
-3.95874
-3.9568
-3.95745
-3.95681
-3.95681
-3.95422
-3.95681
-3.95584
-3.95453
-3.95615
-3.9542
-3.95485
-3.95324
-3.95227
-3.95518
-3.95389
-3.95421
-3.95421
-3.95356
-3.9555
-3.95518
-3.95712
-3.95745
-3.95615
-3.95518
-3.95842
-3.95647
-3.95518
-3.95291
-3.95227
-3.95487
-3.95844
-3.95973
-3.95649
-3.95681
-3.95616
-3.95615
-3.95615
-3.95745
-3.95518
-3.95615
-3.95583
-3.9555
-3.95647
-3.95485
-3.95388
-3.9542
-3.95356
-3.95615
-3.95647
-3.95486
-3.95357
-3.95519
-3.95584
-3.95551
-3.95584
-3.95518
-3.95485
-3.95549
-3.95679
-3.95517
-3.95549
-3.95712
-3.95809
-3.95809
-3.95647
-3.95809
-3.95777
-3.95777
-3.95777
-3.95584
-3.95584
-3.95778
-3.95486
-3.95615
-3.95711
-3.95355
-3.95452
-3.95614
-3.9555
-3.95583
-3.95648
-3.9568
-3.9555
-3.95647
-3.95743
-3.9542
-3.95679
-3.95809
-3.95389
-3.95292
-3.95097
-3.95226
-3.95097
-3.95324
-3.95195
-3.95227
-3.95162
-3.95194
-3.95356
-3.95453
-3.95291
-3.9529
-3.95388
-3.95388
-3.95485
-3.95324
-3.95421
-3.95551
-3.95389
-3.95421
-3.95421
-3.95551
-3.95648
-3.95454
-3.95454
-3.95292
-3.95324
-3.95162
-3.95356
-3.9555
-3.9555
-3.95421
-3.95356
-3.9542
-3.95323
-3.95194
-3.95129
-3.95227
-3.9555
-3.95486
-3.95647
-3.95906
-3.95776
-3.95743
-3.95711
-3.95776
-3.95711
-3.95873
-3.96003
-3.95874
-3.95744
-3.95712
-3.95647
-3.95582
-3.95744
-3.95712
-3.9555
-3.95193
-3.95193
-3.95225
-3.9516
-3.95257
-3.95258
-3.95258
-3.95517
-3.95679
-3.95938
-3.96035
-3.95938
-3.96003
-3.96035
-3.96002
-3.9584
-3.9584
-3.95937
-3.9597
-3.95841
-3.95938
-3.95841
-3.95776
-3.95613
-3.95451
-3.95387
-3.95225
-3.95451
-3.95613
-3.95808
-3.95938
-3.95873
-3.9584
-3.95581
-3.95451
-3.95483
-3.95483
-3.9571
-3.95937
-3.96197
-3.96294
-3.96165
-3.96229
-3.96229
-3.96132
-3.96294
-3.96197
-3.96067
-3.95873
-3.95775
-3.95775
-3.95612
-3.95515
-3.95581
-3.95549
-3.95614
-3.95743
-3.95613
-3.9558
-3.95418
-3.95418
-3.95321
-3.95322
-3.95419
-3.95517
-3.9555
-3.95291
-3.95453
-3.95517
-3.95841
-3.95937
-3.96131
-3.96099
-3.96034
-3.95969
-3.9584
-3.95743
-3.95775
-3.95613
-3.95581
-3.95451
-3.95581
-3.95581
-3.95581
-3.95484
-3.95257
-3.95062
-3.94965
-3.95256
-3.95126
-3.95028
-3.95126
-3.95256
-3.95257
-3.95257
-3.95225
-3.95257
-3.95225
-3.95548
-3.95645
-3.95484
-3.95646
-3.95743
-3.95807
-3.95839
-3.95806
-3.95871
-3.95838
-3.95708
-3.95805
-3.95514
-3.9545
-3.95288
-3.95127
-3.95192
-3.95452
-3.95355
-3.95355
-3.95322
-3.95256
-3.95223
-3.95385
-3.95578
-3.95804
-3.95934
-3.95805
-3.95935
-3.96
-3.95773
-3.95644
-3.95643
-3.95546
-3.9574
-3.95741
-3.95385
-3.95644
-3.95709
-3.95741
-3.95547
-3.95741
-3.95871
-3.95611
-3.9561
-3.95707
-3.95707
-3.95675
-3.95708
-3.95773
-3.9587
-3.95773
-3.95644
-3.95742
-3.95839
-3.96098
-3.96032
-3.95902
-3.95513
-3.95384
-3.95643
-3.95676
-3.95644
-3.95579
-3.95352
-3.95481
-3.95513
-3.95675
-3.95546
-3.95546
-3.95482
-3.95644
-3.95611
-3.95935
-3.95902
-3.95837
-3.95805
-3.95643
-3.9574
-3.95676
-3.95579
-3.95968
-3.95838
-3.9587
-3.95869
-3.96161
-3.95999
-3.95934
-3.95772
-3.95773
-3.95805
-3.95773
-3.9587
-3.95675
-3.95383
-3.95416
-3.95286
-3.95351
-3.95448
-3.95481
-3.95513
-3.95481
-3.95578
-3.95772
-3.95869
-3.95772
-3.95804
-3.95837
-3.95901
-3.96031
-3.95902
-3.95772
-3.95739
-3.95707
-3.95577
-3.95675
-3.95513
-3.95545
-3.95772
-3.95836
-3.95739
-3.95642
-3.95706
-3.9535
-3.95285
-3.95252
-3.95188
-3.95221
-3.95383
-3.95318
-3.95253
-3.95351
-3.95253
-3.95383
-3.9535
-3.95544
-3.95479
-3.95446
-3.95478
-3.95673
-3.95738
-3.9548
-3.95286
-3.95318
-3.95285
-3.9522
-3.9522
-3.95446
-3.95414
-3.95544
-3.9577
-3.9577
-3.959
-3.95803
-3.95998
-3.9616
-3.96128
-3.96161
-3.96031
-3.96096
-3.9616
-3.96095
-3.96094
-3.95835
-3.95737
-3.95835
-3.95802
-3.95641
-3.95512
-3.95771
-3.95739
-3.95286
-3.95415
-3.95512
-3.95609
-3.95836
-3.95933
-3.95803
-3.95965
-3.95966
-3.95998
-3.95837
-3.95966
-3.95837
-3.95836
-3.95772
-3.95836
-3.96062
-3.959
-3.95706
-3.95674
-3.95835
-3.95867
-3.95899
-3.9577
-3.95608
-3.95673
-3.95544
-3.95286
-3.95124
-3.95416
-3.95351
-3.95351
-3.95415
-3.9548
-3.95447
-3.95447
-3.95252
-3.95156
-3.95188
-3.95156
-3.95025
-3.95089
-3.95252
-3.95252
-3.9522
-3.95188
-3.95382
-3.95415
-3.95577
-3.95609
-3.95706
-3.95706
-3.95577
-3.9535
-3.95317
-3.95575
-3.95769
-3.95867
-3.95609
-3.95674
-3.95416
-3.95383
-3.95609
-3.95479
-3.95576
-3.95544
-3.96029
-3.9603
-3.96062
-3.959
-3.95868
-3.95771
-3.95738
-3.959
-3.95739
-3.95933
-3.95998
-3.95966
-3.96161
-3.96031
-3.96063
-3.95804
-3.95706
-3.95415
-3.95512
-3.95511
-3.95575
-3.95672
-3.95672
-3.95575
-3.95478
-3.95609
-3.9548
-3.95351
-3.95351
-3.95318
-3.95577
-3.95836
-3.95965
-3.96029
-3.95802
-3.96061
-3.96028
-3.96223
-3.9645
-3.96483
-3.96127
-3.95933
-3.95998
-3.96062
-3.95705
-3.95477
-3.95445
-3.95705
-3.95673
-3.95705
-3.95705
-3.95608
-3.95608
-3.95511
-3.95511
-3.95382
-3.95446
-3.95479
-3.95349
-3.95251
-3.95413
-3.9538
-3.9538
-3.95446
-3.95511
-3.95673
-3.95803
-3.95641
-3.95608
-3.95608
-3.95543
-3.95607
-3.95737
-3.95867
-3.95738
-3.95576
-3.95544
-3.95415
-3.9535
-3.95414
-3.95608
-3.95414
-3.95413
-3.95284
-3.95478
-3.95802
-3.959
-3.95868
-3.95739
-3.959
-3.95835
-3.95706
-3.95998
-3.95933
-3.95999
-3.96128
-3.9616
-3.96127
-3.96094
-3.95867
-3.95867
-3.95736
-3.95769
-3.95672
-3.95511
-3.95414
-3.95382
-3.95285
-3.95382
-3.95188
-3.95091
-3.95285
-3.95641
-3.95447
-3.95609
-3.95674
-3.95706
-3.95771
-3.95739
-3.95578
-3.95643
-3.95513
-3.95674
-3.95512
-3.95414
-3.95381
-3.95511
-3.95673
-3.95609
-3.95544
-3.95545
-3.95578
-3.95448
-3.95415
-3.95674
-3.95642
-3.95771
-3.95869
-3.95902
-3.95773
-3.95805
-3.9574
-3.95739
-3.95739
-3.95706
-3.95738
-3.95738
-3.95512
-3.9548
-3.95643
-3.95545
-3.95254
-3.95188
-3.95091
-3.9535
-3.95577
-3.95545
-3.95642
-3.95804
-3.95739
-3.95997
-3.95868
-3.95835
-3.9577
-3.95771
-3.95901
-3.95933
-3.95966
-3.95901
-3.95933
-3.95933
-3.95998
-3.96063
-3.95933
-3.96095
-3.95869
-3.95868
-3.95577
-3.95545
-3.95545
-3.95545
-3.95448
-3.95512
-3.95577
-3.95642
-3.95707
-3.95545
-3.9548
-3.9548
-3.95643
-3.95546
-3.95255
-3.95385
-3.95546
-3.95838
-3.95837
-3.95998
-3.95997
-3.96029
-3.95932
-3.95835
-3.95706
-3.95836
-3.95869
-3.95838
-3.95838
-3.95935
-3.95968
-3.95935
-3.95805
-3.95383
-3.9535
-3.9548
-3.95544
-3.95674
-3.95546
-3.95805
-3.95805
-3.95934
-3.95901
-3.95803
-3.95771
-3.95771
-3.95901
-3.96031
-3.96031
-3.95933
-3.9603
-3.95804
-3.95804
-3.95805
-3.95934
-3.95837
-3.95869
-3.95966
-3.95966
-3.95998
-3.96031
-3.95999
-3.95999
-3.96161
-3.96031
-3.95901
-3.95804
-3.95577
-3.95545
-3.95481
-3.95773
-3.95869
-3.95902
-3.95966
-3.95966
-3.95805
-3.95773
-3.95903
-3.95838
-3.95902
-3.95837
-3.95707
-3.95674
-3.95707
-3.95966
-3.95901
-3.95739
-3.95901
-3.95934
-3.95546
-3.95643
-3.95675
-3.95611
-3.95644
-3.95676
-3.9574
-3.95837
-3.95836
-3.95513
-3.95384
-3.95417
-3.95449
-3.95417
-3.95482
-3.95514
-3.95676
-3.95643
-3.95805
-3.95869
-3.9587
-3.96129
-3.96162
-3.96097
-3.95903
-3.96033
-3.95839
-3.95839
-3.95709
-3.95871
-3.9574
-3.9574
-3.95546
-3.95709
-3.95677
-3.9558
-3.9558
-3.95548
-3.95451
-3.95678
-3.95807
-3.95612
-3.95677
-3.95547
-3.95515
-3.95742
-3.95904
-3.95871
-3.96001
-3.9613
-3.96033
-3.95904
-3.96099
-3.96002
-3.96261
-3.96132
-3.96262
-3.96133
-3.961
-3.95938
-3.95775
-3.95612
-3.95612
-3.95612
-3.9558
-3.95419
-3.95193
-3.95161
-3.95193
-3.95453
-3.95485
-3.95517
-3.95581
-3.95743
-3.95645
-3.95774
-3.9584
-3.95549
-3.95679
-3.95549
-3.95517
-3.95549
-3.95775
-3.95743
-3.95614
-3.95549
-3.95485
-3.9542
-3.95323
-3.95517
-3.95679
-3.96003
-3.96165
-3.96229
-3.96456
-3.9652
-3.96164
-3.96163
-3.96002
-3.96164
-3.96003
-3.95906
-3.95841
-3.95874
-3.95777
-3.9581
-3.95713
-3.95712
-3.95647
-3.9555
-3.95679
-3.95776
-3.95744
-3.95485
-3.95355
-3.95258
-3.9529
-3.95258
-3.95258
-3.95486
-3.95518
-3.95421
-3.95227
-3.95227
-3.95356
-3.95453
-3.95453
-3.95776
-3.95745
-3.95648
-3.9568
-3.95648
-3.95712
-3.95776
-3.95616
-3.95746
-3.95617
-3.95681
-3.95486
-3.95647
-3.95614
-3.95549
-3.95646
-3.95517
-3.95745
-3.95777
-3.95648
-3.95745
-3.95746
-3.95745
-3.95713
-3.95615
-3.95712
-3.95712
-3.95679
-3.95679
-3.95615
-3.95518
-3.95713
-3.95583
-3.95648
-3.95582
-3.9542
-3.95484
-3.95679
-3.95583
-3.95649
-3.95908
-3.95908
-3.96037
-3.96134
-3.96198
-3.96231
-3.96295
-3.961
-3.9623
-3.96165
-3.95971
-3.96036
-3.96101
-3.96165
-3.96133
-3.95907
-3.95907
-3.95648
-3.95712
-3.95907
-3.95712
-3.95486
-3.95422
-3.95519
-3.95713
-3.95842
-3.95712
-3.95744
-3.95486
-3.95519
-3.9539
-3.95228
-3.95131
-3.9513
-3.95356
-3.95194
-3.95258
-3.95452
-3.95161
-3.95128
-3.95031
-3.95161
-3.95065
-3.95195
-3.95196
-3.95326
-3.95423
-3.95616
-3.95454
-3.95647
-3.95582
-3.95582
-3.95615
-3.95486
-3.95583
-3.95648
-3.95648
-3.95583
-3.95453
-3.95648
-3.95551
-3.95454
-3.95357
-3.95389
-3.95551
-3.95971
-3.95874
-3.95777
-3.95874
-3.95842
-3.95648
-3.95486
-3.95681
-3.95649
-3.95811
-3.95778
-3.95875
-3.96004
-3.96263
-3.96489
-3.96457
-3.96425
-3.96328
-3.96296
-3.96167
-3.9565
-3.95714
-3.9552
-3.95487
-3.95551
-3.9555
-3.95583
-3.95421
-3.95421
-3.95323
-3.9542
-3.95615
-3.95615
-3.95518
-3.9568
-3.95648
-3.95713
-3.95875
-3.95843
-3.95875
-3.95907
-3.95874
-3.96036
-3.95939
-3.9581
-3.96004
-3.96068
-3.95809
-3.95744
-3.95711
-3.95679
-3.95971
-3.95842
-3.95551
-3.95357
-3.95551
-3.95648
-3.95712
-3.95809
-3.95549
-3.95581
-3.95581
-3.95548
-3.95419
-3.95354
-3.95387
-3.95388
-3.95648
-3.95518
-3.95583
-3.95518
-3.95323
-3.9529
-3.95387
-3.95549
-3.95549
-3.95678
-3.95743
-3.95841
-3.961
-3.96068
-3.95971
-3.95809
-3.95938
-3.96099
-3.96067
-3.95808
-3.95808
-3.95808
-3.95646
-3.95743
-3.95873
-3.95937
-3.95775
-3.95646
-3.95549
-3.95678
-3.95452
-3.95452
-3.95453
-3.95679
-3.95647
-3.95743
-3.95775
-3.95742
-3.95742
-3.95547
-3.95547
-3.95676
-3.95838
-3.95677
-3.95678
-3.95549
-3.95614
-3.95517
-3.95452
-3.9516
-3.9529
-3.95127
-3.95224
-3.95353
-3.95418
-3.95418
-3.95516
-3.95418
-3.95354
-3.95516
-3.95419
-3.95613
-3.95775
-3.9584
-3.95904
-3.96066
-3.96098
-3.96033
-3.95806
-3.95645
-3.95515
-3.95677
-3.95515
-3.95708
-3.95806
-3.95709
-3.95483
-3.95484
-3.95582
-3.95679
-3.95516
-3.95645
-3.95548
-3.95482
-3.95579
-3.95547
-3.95612
-3.95612
-3.95613
-3.95451
-3.95419
-3.95549
-3.95581
-3.95548
-3.95451
-3.9532
-3.9532
-3.95255
-3.95288
-3.95418
-3.95516
-3.95743
-3.95808
-3.9584
-3.95742
-3.95742
-3.95516
-3.95548
-3.95321
-3.95256
-3.95353
-3.95191
-3.9519
-3.95352
-3.95287
-3.95223
-3.95353
-3.95095
-3.95096
-3.95226
-3.95355
-3.95517
-3.95711
-3.95937
-3.95645
-3.95515
-3.95288
-3.95579
-3.95677
-3.95742
-3.9571
-3.9571
-3.95743
-3.95809
-3.95971
-3.95582
-3.95453
-3.95582
-3.95614
-3.95646
-3.95484
-3.95581
-3.95645
-3.95612
-3.95968
-3.95742
-3.95646
-3.95582
-3.9555
-3.95518
-3.95356
-3.95388
-3.9529
-3.95031
-3.95354
-3.95452
-3.95549
-3.95744
-3.95647
-3.95387
-3.95452
-3.95386
-3.95419
-3.95192
-3.95516
-3.95517
-3.95485
-3.95582
-3.9542
-3.95711
-3.95743
-3.95516
-3.95419
-3.95483
-3.95419
-3.95451
-3.95387
-3.95322
-3.95386
-3.95418
-3.95515
-3.95678
-3.95743
-3.96067
-3.96165
-3.96294
-3.96262
-3.96262
-3.96197
-3.96229
-3.96132
-3.95905
-3.95711
-3.95581
-3.95645
-3.95354
-3.95419
-3.95548
-3.95516
-3.95581
-3.95743
-3.95775
-3.95873
-3.95743
-3.96068
-3.96004
-3.95971
-3.95841
-3.95808
-3.95937
-3.96033
-3.95742
-3.95677
-3.95678
-3.95613
-3.95581
-3.95258
-3.95549
-3.95517
-3.95355
-3.95387
-3.95355
-3.95485
-3.95711
-3.9584
-3.95775
-3.95613
-3.95516
-3.95711
-3.95517
-3.95679
-3.95808
-3.95841
-3.96099
-3.96261
-3.95969
-3.95905
-3.96034
-3.96066
-3.95969
-3.96099
-3.95937
-3.9584
-3.95776
-3.95614
-3.95517
-3.95647
-3.95582
-3.95485
-3.95484
-3.95322
-3.95516
-3.95645
-3.95937
-3.95743
-3.95905
-3.95678
-3.95807
-3.9571
-3.95613
-3.95839
-3.95742
-3.95775
-3.95743
-3.95872
-3.95646
-3.95711
-3.9584
-3.95775
-3.95936
-3.95904
-3.95904
-3.95937
-3.95872
-3.95937
-3.96034
-3.95645
-3.95839
-3.95516
-3.95581
-3.95614
-3.95549
-3.95647
-3.95647
-3.95744
-3.95744
-3.9555
-3.95679
-3.95679
-3.95517
-3.95516
-3.95548
-3.95515
-3.95288
-3.95353
-3.95354
-3.95548
-3.95516
-3.95614
-3.95776
-3.95938
-3.96068
-3.96002
-3.95646
-3.95872
-3.96066
-3.95936
-3.95613
-3.95807
-3.95808
-3.95808
-3.96067
-3.96003
-3.96132
-3.96293
-3.96293
-3.96292
-3.96324
-3.96033
-3.96131
-3.96002
-3.95938
-3.9597
-3.95874
-3.95841
-3.95679
-3.9584
-3.95711
-3.95841
-3.95744
-3.95647
-3.95582
-3.95581
-3.95517
-3.95549
-3.95581
-3.95452
-3.95517
-3.95744
-3.95906
-3.95712
-3.95679
-3.9542
-3.95516
-3.95742
-3.95677
-3.95645
-3.95614
-3.95776
-3.95517
-3.95549
-3.95517
-3.95646
-3.95743
-3.95808
-3.95872
-3.9571
-3.95872
-3.95808
-3.95937
-3.9584
-3.96132
-3.95905
-3.95937
-3.95872
-3.95614
-3.95323
-3.95485
-3.9542
-3.95452
-3.95549
-3.95743
-3.95613
-3.95678
-3.95581
-3.95678
-3.95581
-3.95387
-3.95323
-3.95129
-3.95226
-3.95161
-3.95128
-3.95063
-3.9516
-3.95094
-3.95191
-3.95353
-3.95289
-3.9529
-3.95031
-3.95226
-3.95322
-3.9516
-3.95192
-3.95127
-3.95321
-3.95354
-3.95095
-3.95063
-3.95192
-3.95581
-3.95613
-3.95582
-3.9542
-3.9542
-3.95614
-3.95646
-3.95516
-3.95549
-3.95483
-3.95516
-3.95419
-3.95387
-3.95517
-3.95581
-3.95452
-3.9529
-3.95257
-3.95484
-3.95645
-3.95483
-3.95548
-3.95581
-3.95646
-3.95679
-3.95518
-3.9542
-3.95453
-3.9555
-3.95322
-3.95387
-3.95127
-3.95224
-3.95224
-3.95289
-3.95386
-3.95354
-3.9542
-3.95549
-3.95582
-3.95581
-3.95581
-3.95548
-3.95322
-3.95516
-3.95679
-3.95712
-3.95583
-3.95583
-3.95647
-3.95873
-3.95743
-3.95775
-3.95711
-3.95614
-3.95647
-3.95711
-3.95647
-3.95873
-3.95776
-3.9555
-3.95388
-3.95518
-3.95518
-3.95388
-3.95356
-3.95712
-3.95679
-3.95614
-3.95711
-3.9597
-3.95905
-3.95614
-3.95517
-3.95388
-3.95453
-3.95583
-3.95745
-3.95777
-3.95874
-3.96101
-3.96036
-3.96068
-3.9597
-3.95905
-3.95872
-3.95872
-3.95905
-3.96035
-3.95971
-3.9581
-3.95777
-3.95939
-3.95841
-3.95647
-3.95679
-3.95874
-3.9568
-3.95486
-3.95453
-3.95324
-3.95259
-3.95227
-3.95065
-3.95356
-3.9542
-3.95485
-3.95421
-3.95615
-3.9581
-3.9581
-3.95777
-3.95518
-3.95518
-3.95324
-3.95324
-3.95356
-3.95098
-3.95
-3.94935
-3.95388
-3.95226
-3.95355
-3.95744
-3.95647
-3.95712
-3.95518
-3.95486
-3.95485
-3.95549
-3.95808
-3.95841
-3.95744
-3.95841
-3.95777
-3.95712
-3.95778
-3.95843
-3.95908
-3.95713
-3.95518
-3.9568
-3.95582
-3.95452
-3.95517
-3.95808
-3.95614
-3.95614
-3.95679
-3.9555
-3.95842
-3.95615
-3.95615
-3.95357
-3.95325
-3.95066
-3.95162
-3.95356
-3.95421
-3.95097
-3.95226
-3.95225
-3.95355
-3.95063
-3.95096
-3.95388
-3.95452
-3.95485
-3.95259
-3.95421
-3.95486
-3.95583
-3.9555
-3.95744
-3.95549
-3.95776
-3.95712
-3.95777
-3.95971
-3.95809
-3.95744
-3.95841
-3.9597
-3.95971
-3.95971
-3.95939
-3.95906
-3.96198
-3.95971
-3.96069
-3.96101
-3.95971
-3.95906
-3.95679
-3.95517
-3.9529
-3.95258
-3.95291
-3.95291
-3.95647
-3.95646
-3.9597
-3.96003
-3.95841
-3.95647
-3.9555
-3.95549
-3.95322
-3.95452
-3.95485
-3.95453
-3.95389
-3.95518
-3.95291
-3.95485
-3.95322
-3.95322
-3.95225
-3.95128
-3.95193
-3.95226
-3.9529
-3.95226
-3.95193
-3.9529
-3.95451
-3.95581
-3.95776
-3.96035
-3.95939
-3.96166
-3.96198
-3.96327
-3.96457
-3.96262
-3.96067
-3.9597
-3.9584
-3.95873
-3.95743
-3.95743
-3.95549
-3.95419
-3.9542
-3.95355
-3.95355
-3.95484
-3.95549
-3.95483
-3.95516
-3.95548
-3.95581
-3.95484
-3.95225
-3.95323
-3.95323
-3.95388
-3.95776
-3.9584
-3.95872
-3.96034
-3.95937
-3.95873
-3.95809
-3.95744
-3.95874
-3.95712
-3.95809
-3.95744
-3.95873
-3.95873
-3.95776
-3.95905
-3.95938
-3.95582
-3.95291
-3.95485
-3.95646
-3.95872
-3.95904
-3.95806
-3.95774
-3.95645
-3.95483
-3.95548
-3.95452
-3.95582
-3.95712
-3.95744
-3.95809
-3.96068
-3.96035
-3.95872
-3.9584
-3.96099
-3.96197
-3.96197
-3.96165
-3.96229
-3.9597
-3.95969
-3.96099
-3.96228
-3.96357
-3.96325
-3.96098
-3.96066
-3.96099
-3.95938
-3.95808
-3.95776
-3.95679
-3.95808
-3.9571
-3.95677
-3.95353
-3.95418
-3.95288
-3.95192
-3.95225
-3.95322
-3.95323
-3.95323
-3.9542
-3.95549
-3.95548
-3.95645
-3.95839
-3.95678
-3.95808
-3.95711
-3.95679
-3.95711
-3.95711
-3.95873
-3.95711
-3.95613
-3.95678
-3.9584
-3.95646
-3.95808
-3.95581
-3.95581
-3.9542
-3.95388
-3.95421
-3.95486
-3.95777
-3.95679
-3.9584
-3.95969
-3.95969
-3.95871
-3.95709
-3.9558
-3.95678
-3.95873
-3.95873
-3.95938
-3.95841
-3.95549
-3.95614
-3.9555
-3.9542
-3.95421
-3.95259
-3.95259
-3.95259
-3.95355
-3.95323
-3.95225
-3.95192
-3.95451
-3.95322
-3.95226
-3.95291
-3.95518
-3.95227
-3.95324
-3.9542
-3.95258
-3.9555
-3.9555
-3.95679
-3.9568
-3.95679
-3.95776
-3.95808
-3.95872
-3.95645
-3.95775
-3.95613
-3.95323
-3.95453
-3.95551
-3.95583
-3.95583
-3.95421
-3.95583
-3.95453
-3.95388
-3.95517
-3.95517
-3.95549
-3.95808
-3.95808
-3.95872
-3.95904
-3.95937
-3.95712
-3.9581
-3.96102
-3.96167
-3.96264
-3.96328
-3.96134
-3.96003
-3.95971
-3.95744
-3.95646
-3.95646
-3.95874
-3.95744
-3.95744
-3.95744
-3.95647
-3.95647
-3.95583
-3.95939
-3.95551
-3.95454
-3.95356
-3.95421
-3.95615
-3.95614
-3.95744
-3.95776
-3.95809
-3.95712
-3.9555
-3.95582
-3.95517
-3.95679
-3.95614
-3.95517
-3.9542
-3.9542
-3.95549
-3.95744
-3.95744
-3.95873
-3.96035
-3.96003
-3.95906
-3.95906
-3.95745
-3.9568
-3.95777
-3.95485
-3.95647
-3.9555
-3.95388
-3.95583
-3.9542
-3.95452
-3.95614
-3.95614
-3.95452
-3.95453
-3.95615
-3.95583
-3.95356
-3.95324
-3.95615
-3.95648
-3.95551
-3.95875
-3.95843
-3.96166
-3.96101
-3.9636
-3.96489
-3.96488
-3.96293
-3.9597
-3.95971
-3.96005
-3.95876
-3.96005
-3.9581
-3.95809
-3.95678
-3.9584
-3.95841
-3.96003
-3.96004
-3.95875
-3.95972
-3.96069
-3.96004
-3.95745
-3.9568
-3.95777
-3.961
-3.96262
-3.96423
-3.96326
-3.96326
-3.96391
-3.96327
-3.9623
-3.9623
-3.961
-3.95971
-3.95906
-3.95712
-3.95777
-3.9581
-3.95518
-3.95808
-3.95969
-3.95937
-3.95872
-3.96131
-3.96197
-3.96261
-3.96132
-3.96002
-3.95873
-3.96099
-3.96229
-3.96035
-3.96003
-3.96035
-3.95938
-3.95678
-3.95354
-3.95742
-3.95418
-3.95385
-3.95644
-3.95548
-3.95742
-3.95743
-3.95711
-3.95646
-3.95614
-3.95711
-3.95679
-3.95646
-3.95613
-3.95807
-3.95807
-3.95775
-3.95776
-3.96067
-3.95969
-3.95742
-3.95742
-3.95645
-3.95678
-3.95581
-3.95484
-3.95356
-3.95388
-3.95388
-3.95323
-3.95646
-3.95711
-3.95775
-3.95419
-3.95548
-3.95516
-3.95614
-3.95614
-3.95873
-3.95938
-3.95873
-3.95841
-3.95841
-3.96133
-3.96069
-3.96069
-3.96328
-3.96166
-3.96231
-3.96069
-3.95971
-3.95809
-3.95711
-3.95549
-3.95517
-3.95614
-3.9555
-3.95291
-3.95227
-3.95389
-3.95422
-3.95584
-3.95583
-3.95648
-3.95582
-3.95258
-3.95387
-3.95323
-3.9529
-3.95096
-3.95064
-3.95097
-3.95097
-3.95226
-3.95518
-3.95614
-3.95582
-3.95549
-3.95711
-3.95582
-3.95711
-3.95874
-3.95712
-3.95647
-3.95453
-3.95517
-3.95453
-3.95647
-3.95905
-3.96002
-3.96034
-3.95937
-3.95776
-3.95873
-3.95937
-3.95808
-3.95938
-3.95971
-3.96262
-3.96327
-3.96133
-3.96457
-3.96456
-3.96391
-3.96229
-3.96197
-3.96424
-3.96359
-3.9623
-3.96457
-3.96359
-3.96392
-3.96262
-3.96263
-3.96328
-3.96329
-3.96458
-3.96522
-3.96522
-3.96522
-3.96165
-3.96101
-3.96068
-3.95971
-3.9581
-3.95616
-3.95616
-3.95746
-3.9581
-3.95648
-3.9568
-3.95842
-3.96036
-3.95842
-3.95616
-3.95681
-3.95551
-3.9581
-3.96069
-3.96166
-3.96069
-3.95907
-3.9581
-3.95843
-3.95552
-3.95811
-3.95972
-3.95907
-3.95809
-3.96003
-3.96133
-3.96197
-3.96003
-3.95712
-3.95583
-3.95616
-3.95616
-3.95389
-3.95583
-3.95453
-3.95388
-3.95453
-3.9555
-3.95356
-3.95259
-3.95194
-3.95356
-3.95388
-3.95485
-3.95389
-3.95518
-3.95356
-3.95258
-3.95161
-3.95161
-3.95355
-3.95291
-3.95323
-3.95711
-3.95808
-3.95841
-3.95906
-3.95906
-3.95906
-3.96036
-3.95971
-3.96035
-3.961
-3.9597
-3.95938
-3.96035
-3.96036
-3.95971
-3.96101
-3.96036
-3.96003
-3.95906
-3.95615
-3.95614
-3.95711
-3.95841
-3.95938
-3.95808
-3.95647
-3.95744
-3.95679
-3.95712
-3.9568
-3.95712
-3.95615
-3.95486
-3.95712
-3.95647
-3.95484
-3.95581
-3.95614
-3.95389
-3.95292
-3.95422
-3.95455
-3.95455
-3.95293
-3.9526
-3.95227
-3.95227
-3.95647
-3.95777
-3.95712
-3.95615
-3.95615
-3.95647
-3.95777
-3.95453
-3.95291
-3.95032
-3.95064
-3.95097
-3.95227
-3.95357
-3.95228
-3.95228
-3.95389
-3.9526
-3.95421
-3.95356
-3.95486
-3.95389
-3.95194
-3.95259
-3.95421
-3.95486
-3.95421
-3.95648
-3.95713
-3.95648
-3.95454
-3.95454
-3.95583
-3.95517
-3.95452
-3.9555
-3.95486
-3.95583
-3.95649
-3.95617
-3.95779
-3.96038
-3.96005
-3.96005
-3.96135
-3.9594
-3.95972
-3.96036
-3.961
-3.95808
-3.95743
-3.95938
-3.95841
-3.96101
-3.96166
-3.95907
-3.95972
-3.9581
-3.95875
-3.95874
-3.95648
-3.95486
-3.95616
-3.95714
-3.95778
-3.95778
-3.9581
-3.95874
-3.95938
-3.9597
-3.95873
-3.95808
-3.95777
-3.95777
-3.95583
-3.95616
-3.95519
-3.95583
-3.95486
-3.95291
-3.95291
-3.95388
-3.95744
-3.95712
-3.95874
-3.96003
-3.95906
-3.95938
-3.95906
-3.95971
-3.95842
-3.95615
-3.95745
-3.9568
-3.95453
-3.95648
-3.95486
-3.95551
-3.95551
-3.95778
-3.95843
-3.95778
-3.95584
-3.95454
-3.95388
-3.95291
-3.95194
-3.95292
-3.95389
-3.95486
-3.95713
-3.95616
-3.95421
-3.95616
-3.95584
-3.95617
-3.95811
-3.95746
-3.95519
-3.95454
-3.95518
-3.95486
-3.95519
-3.95325
-3.95422
-3.9539
-3.9539
-3.95617
-3.95552
-3.95746
-3.9594
-3.95907
-3.95971
-3.95874
-3.95712
-3.95809
-3.96036
-3.95809
-3.95842
-3.95712
-3.95615
-3.95648
-3.95713
-3.95616
-3.95552
-3.95552
-3.95779
-3.95908
-3.96006
-3.96168
-3.96005
-3.95875
-3.9581
-3.95906
-3.9555
-3.95454
-3.95584
-3.95423
-3.95488
-3.95326
-3.95293
-3.95131
-3.95228
-3.95422
-3.95357
-3.95487
-3.95648
-3.95519
-3.95519
-3.95357
-3.95455
-3.95584
-3.95617
-3.95746
-3.95908
-3.96004
-3.96133
-3.96003
-3.95971
-3.95938
-3.95874
-3.96037
-3.95714
-3.96037
-3.96004
-3.96101
-3.96132
-3.96034
-3.95872
-3.9597
-3.95874
-3.95972
-3.9594
-3.96037
-3.96134
-3.96264
-3.96264
-3.96295
-3.9623
-3.96132
-3.96002
-3.9584
-3.95711
-3.95808
-3.9584
-3.95873
-3.95679
-3.95744
-3.95906
-3.95906
-3.95971
-3.96069
-3.96003
-3.96003
-3.95905
-3.9584
-3.95938
-3.95971
-3.96134
-3.96198
-3.96198
-3.9623
-3.96326
-3.96261
-3.96164
-3.96099
-3.961
-3.96132
-3.9597
-3.95841
-3.95938
-3.95485
-3.95193
-3.95323
-3.95485
-3.95711
-3.95711
-3.95938
-3.95776
-3.95776
-3.95712
-3.95679
-3.95323
-3.95129
-3.9529
-3.95258
-3.9555
-3.9568
-3.95712
-3.95744
-3.96067
-3.96132
-3.9623
-3.96165
-3.96069
-3.95842
-3.95648
-3.95777
-3.95777
-3.95841
-3.95647
-3.95711
-3.95743
-3.95517
-3.95225
-3.95258
-3.95355
-3.95355
-3.95259
-3.95227
-3.9513
-3.95194
-3.95388
-3.95389
-3.95324
-3.95324
-3.95259
-3.9542
-3.9529
-3.9542
-3.95419
-3.95678
-3.95452
-3.9529
-3.95647
-3.9542
-3.95355
-3.95356
-3.95776
-3.95453
-3.95582
-3.95453
-3.95647
-3.95841
-3.95874
-3.95776
-3.95615
-3.95517
-3.95582
-3.95291
-3.9542
-3.95161
-3.95128
-3.95258
-3.95258
-3.95356
-3.9555
-3.95616
-3.95615
-3.95712
-3.95874
-3.95906
-3.95874
-3.95776
-3.96003
-3.95971
-3.96003
-3.95842
-3.95583
-3.95842
-3.95616
-3.9581
-3.95843
-3.95713
-3.95713
-3.9555
-3.95421
-3.95291
-3.95129
-3.95226
-3.95162
-3.95259
-3.95356
-3.95486
-3.95777
-3.95874
-3.9636
-3.96554
-3.96392
-3.96198
-3.9623
-3.9623
-3.96198
-3.95971
-3.95972
-3.96005
-3.95875
-3.95778
-3.95616
-3.95356
-3.95032
-3.94934
-3.95031
-3.95096
-3.95291
-3.95357
-3.95422
-3.95293
-3.95358
-3.95487
-3.95454
-3.95551
-3.95745
-3.95648
-3.95583
-3.95745
-3.95616
-3.95616
-3.95584
-3.95584
-3.9539
-3.95357
-3.95098
-3.94774
-3.94676
-3.94773
-3.94643
-3.95032
-3.94968
-3.94968
-3.95033
-3.95227
-3.95356
-3.95615
-3.95388
-3.95615
-3.95551
-3.95519
-3.95649
-3.95714
-3.95584
-3.95583
-3.95518
-3.95615
-3.95551
-3.95616
-3.95649
-3.95552
-3.95616
-3.95486
-3.95648
-3.95453
-3.9568
-3.95615
-3.95551
-3.95487
-3.95552
-3.95617
-3.95584
-3.95584
-3.95843
-3.95778
-3.95551
-3.95486
-3.95485
-3.9555
-3.95485
-3.95324
-3.95389
-3.95454
-3.95325
-3.95325
-3.95487
-3.95519
-3.95584
-3.95649
-3.95649
-3.95681
-3.95584
-3.95617
-3.95552
-3.95552
-3.95649
-3.95908
-3.95487
-3.9539
-3.95423
-3.95229
-3.95261
-3.95293
-3.9526
-3.95292
-3.95356
-3.95291
-3.95551
-3.95292
-3.95649
-3.9539
-3.95325
-3.95585
-3.9552
-3.9552
-3.95359
-3.95521
-3.95618
-3.95488
-3.95487
-3.95552
-3.95713
-3.95908
-3.95714
-3.95844
-3.95585
-3.95651
-3.95716
-3.95586
-3.95586
-3.95618
-3.95423
-3.95293
-3.9526
-3.95325
-3.95422
-3.95422
-3.95552
-3.95552
-3.95585
-3.95391
-3.95618
-3.95553
-3.95618
-3.9565
-3.95553
-3.95617
-3.95552
-3.95682
-3.95552
-3.95552
-3.95455
-3.95487
-3.95552
-3.95519
-3.95487
-3.95228
-3.95228
-3.95422
-3.9552
-3.95422
-3.95358
-3.95422
-3.95649
-3.95713
-3.95778
-3.95714
-3.95682
-3.95844
-3.95812
-3.95715
-3.95812
-3.95456
-3.95359
-3.95262
-3.95294
-3.95229
-3.95261
-3.95228
-3.95293
-3.95228
-3.9526
-3.95422
-3.95358
-3.95521
-3.95553
-3.9565
-3.95909
-3.95747
-3.95747
-3.95747
-3.95844
-3.95844
-3.95909
-3.96038
-3.95812
-3.96039
-3.95877
-3.96299
-3.96137
-3.96137
-3.96104
-3.96266
-3.96038
-3.96167
-3.96005
-3.95941
-3.96006
-3.96071
-3.96072
-3.9604
-3.9604
-3.9591
-3.9591
-3.95942
-3.96136
-3.96007
-3.96136
-3.96168
-3.962
-3.96103
-3.96135
-3.95973
-3.96038
-3.96006
-3.95877
-3.95845
-3.95812
-3.95586
-3.95553
-3.95682
-3.95585
-3.95585
-3.95714
-3.95682
-3.9539
-3.95261
-3.95261
-3.95358
-3.95423
-3.95359
-3.9523
-3.95651
-3.9578
-3.95651
-3.95683
-3.95747
-3.95682
-3.95715
-3.95683
-3.9578
-3.95618
-3.95521
-3.95876
-3.95747
-3.95617
-3.95941
-3.95682
-3.95811
-3.96135
-3.96103
-3.95714
-3.95553
-3.9565
-3.95715
-3.95617
-3.95714
-3.95617
-3.95455
-3.95617
-3.95682
-3.95617
-3.9552
-3.95779
-3.95714
-3.95714
-3.95877
-3.9591
-3.95877
-3.96006
-3.96201
-3.96103
-3.96135
-3.95617
-3.9565
-3.95844
-3.95649
-3.95553
-3.9565
-3.95585
-3.9565
-3.95553
-3.95392
-3.95391
-3.95359
-3.95197
-3.95165
-3.95036
-3.95133
-3.95101
-3.95392
-3.95489
-3.95618
-3.9552
-3.95487
-3.95649
-3.95714
-3.95682
-3.95747
-3.95715
-3.95877
-3.95909
-3.96136
-3.96039
-3.95909
-3.95974
-3.95974
-3.95943
-3.95878
-3.95814
-3.95651
-3.95521
-3.95422
-3.95357
-3.95195
-3.95098
-3.94969
-3.95261
-3.95229
-3.95197
-3.95165
-3.95198
-3.95069
-3.95359
-3.95618
-3.95812
-3.95683
-3.95747
-3.95909
-3.95649
-3.95423
-3.95488
-3.95585
-3.95941
-3.95747
-3.95487
-3.95359
-3.95456
-3.95457
-3.95457
-3.95456
-3.95456
-3.95586
-3.9565
-3.95812
-3.95553
-3.95455
-3.95357
-3.95324
-3.95259
-3.95519
-3.95682
-3.95585
-3.9565
-3.95456
-3.9578
-3.95747
-3.95844
-3.95909
-3.95682
-3.95747
-3.95812
-3.95617
-3.95455
-3.95423
-3.95552
-3.95713
-3.95551
-3.95584
-3.95714
-3.95714
-3.95941
-3.95812
-3.95813
-3.95716
-3.95651
-3.95522
-3.95458
-3.95619
-3.95586
-3.95585
-3.95649
-3.95617
-3.95455
-3.95488
-3.95553
-3.95554
-3.95262
-3.95457
-3.9549
-3.95588
-3.95394
-3.95685
-3.9562
-3.95619
-3.95877
-3.96039
-3.95747
-3.96007
-3.96201
-3.96202
-3.96364
-3.96299
-3.96331
-3.96201
-3.95975
-3.95878
-3.95878
-3.9562
-3.95555
-3.95522
-3.9536
-3.95554
-3.95424
-3.95682
-3.95941
-3.95941
-3.95941
-3.96007
-3.96071
-3.95941
-3.96006
-3.96038
-3.95844
-3.9591
-3.95813
-3.95618
-3.95618
-3.95943
-3.95845
-3.95942
-3.96006
-3.96135
-3.96168
-3.96201
-3.96039
-3.9591
-3.95781
-3.95813
-3.96007
-3.95941
-3.95941
-3.95909
-3.96006
-3.95941
-3.95682
-3.95455
-3.95553
-3.95326
-3.95294
-3.95294
-3.95263
-3.95555
-3.9562
-3.95782
-3.95555
-3.9549
-3.95424
-3.95747
-3.95682
-3.9578
-3.95715
-3.95877
-3.95845
-3.95813
-3.95943
-3.95781
-3.95814
-3.95846
-3.95943
-3.95846
-3.95717
-3.95781
-3.95651
-3.95651
-3.95683
-3.95812
-3.95909
-3.95845
-3.95781
-3.95943
-3.95942
-3.95974
-3.96071
-3.95909
-3.95844
-3.95748
-3.9578
-3.9591
-3.95974
-3.95845
-3.95683
-3.95877
-3.9565
-3.95487
-3.95422
-3.95164
-3.95164
-3.95164
-3.95165
-3.95229
-3.95229
-3.95326
-3.95294
-3.95423
-3.95682
-3.95681
-3.95778
-3.95519
-3.95681
-3.9565
-3.95618
-3.95715
-3.95618
-3.95586
-3.95553
-3.95553
-3.95456
-3.95715
-3.95715
-3.95747
-3.95715
-3.95747
-3.95715
-3.95585
-3.95649
-3.95648
-3.95616
-3.95552
-3.95617
-3.95812
-3.95877
-3.9578
-3.95877
-3.9591
-3.95651
-3.9578
-3.95715
-3.95682
-3.9552
-3.95552
-3.95454
-3.95519
-3.95649
-3.95875
-3.95746
-3.95747
-3.95714
-3.95747
-3.9552
-3.95488
-3.95585
-3.95261
-3.95196
-3.95228
-3.9539
-3.95455
-3.95521
-3.95392
-3.95294
-3.95391
-3.95778
-3.95615
-3.95712
-3.9581
-3.95908
-3.95714
-3.95747
-3.96169
-3.95877
-3.9578
-3.95586
-3.95715
-3.9578
-3.95455
-3.95487
-3.95487
-3.95389
-3.95584
-3.95357
-3.95358
-3.95358
-3.95424
-3.95424
-3.9536
-3.95845
-3.96007
-3.9578
-3.95812
-3.95779
-3.95714
-3.9565
-3.95682
-3.95585
-3.95618
-3.95748
-3.95489
-3.95359
-3.95424
-3.95392
-3.95424
-3.95554
-3.95587
-3.95586
-3.95424
-3.95489
-3.95521
-3.95715
-3.95651
-3.95749
-3.95587
-3.9562
-3.95425
-3.9549
-3.95424
-3.95359
-3.95424
-3.95035
-3.95101
-3.95328
-3.9549
-3.95522
-3.9549
-3.95618
-3.95424
-3.95261
-3.95067
-3.95002
-3.95262
-3.95327
-3.95456
-3.95651
-3.9565
-3.95682
-3.95811
-3.95649
-3.95649
-3.95682
-3.95812
-3.95553
-3.95423
-3.95359
-3.95489
-3.95489
-3.95683
-3.95781
-3.95942
-3.96072
-3.96233
-3.96071
-3.9578
-3.95877
-3.95974
-3.95909
-3.95973
-3.95682
-3.95649
-3.95423
-3.95295
-3.95328
-3.9536
-3.95328
-3.95586
-3.95715
-3.95714
-3.95842
-3.9581
-3.95843
-3.95812
-3.95651
-3.95586
-3.95554
-3.95392
-3.95618
-3.95683
-3.96007
-3.96007
-3.9591
-3.95974
-3.95845
-3.95812
-3.95877
-3.9578
-3.95909
-3.95553
-3.95423
-3.95552
-3.95423
-3.95488
-3.95456
-3.95198
-3.95068
-3.95003
-3.95293
-3.95391
-3.95326
-3.95456
-3.95586
-3.95586
-3.95813
-3.96104
-3.96104
-3.95877
-3.95941
-3.95779
-3.95747
-3.95586
-3.95683
-3.9578
-3.95747
-3.95812
-3.95682
-3.95747
-3.95748
-3.95781
-3.95748
-3.95684
-3.95619
-3.95716
-3.95586
-3.95262
-3.95392
-3.95392
-3.95262
-3.95036
-3.95133
-3.95521
-3.95586
-3.95748
-3.95683
-3.95327
-3.95359
-3.95489
-3.95456
-3.95488
-3.95359
-3.95391
-3.95197
-3.95262
-3.95392
-3.95392
-3.95069
-3.95392
-3.95619
-3.95619
-3.95587
-3.95392
-3.95392
-3.95359
-3.95585
-3.95391
-3.95391
-3.95457
-3.95393
-3.95361
-3.95393
-3.95296
-3.95231
-3.95328
-3.95263
-3.95425
-3.95424
-3.95327
-3.95294
-3.95359
-3.95294
-3.951
-3.9523
-3.95489
-3.95425
-3.95393
-3.95491
-3.95362
-3.95329
-3.95328
-3.95134
-3.95101
-3.95101
-3.95263
-3.95425
-3.95587
-3.95522
-3.95781
-3.95911
-3.95912
-3.95977
-3.96139
-3.96171
-3.96009
-3.96008
-3.95943
-3.95781
-3.95522
-3.9549
-3.95652
-3.9549
-3.9562
-3.95782
-3.95976
-3.96008
-3.96202
-3.95944
-3.95879
-3.9575
-3.95718
-3.95588
-3.95847
-3.95879
-3.95814
-3.95522
-3.95619
-3.95716
-3.96007
-3.95943
-3.9575
-3.9575
-3.95848
-3.95653
-3.95847
-3.95685
-3.9562
-3.95717
-3.95782
-3.95717
-3.9549
-3.95392
-3.95457
-3.95522
-3.95491
-3.95524
-3.95524
-3.9562
-3.9562
-3.95814
-3.95782
-3.96008
-3.96235
-3.96138
-3.96138
-3.96106
-3.95912
-3.95717
-3.95587
-3.95586
-3.95748
-3.95684
-3.95717
-3.95621
-3.95556
-3.95492
-3.95491
-3.95653
-3.95523
-3.95684
-3.95749
-3.9562
-3.95782
-3.95653
-3.95588
-3.95296
-3.95555
-3.9562
-3.9575
-3.95686
-3.95622
-3.95783
-3.95718
-3.95684
-3.95554
-3.95716
-3.95587
-3.95458
-3.95199
-3.95103
-3.952
-3.95103
-3.95102
-3.95231
-3.95361
-3.95457
-3.95554
-3.95586
-3.95521
-3.9552
-3.95715
-3.95522
-3.95555
-3.9549
-3.95814
-3.95781
-3.95813
-3.95748
-3.95781
-3.95748
-3.95715
-3.95651
-3.95554
-3.95619
-3.95554
-3.95554
-3.95521
-3.9552
-3.95553
-3.95488
-3.95424
-3.95424
-3.95424
-3.95683
-3.95812
-3.95747
-3.95779
-3.96136
-3.95942
-3.95974
-3.96104
-3.96331
-3.96136
-3.96201
-3.96039
-3.96135
-3.96135
-3.96264
-3.96296
-3.96036
-3.96036
-3.95875
-3.95908
-3.95844
-3.95715
-3.95748
-3.95618
-3.95715
-3.95715
-3.95617
-3.95648
-3.9568
-3.95324
-3.95227
-3.94968
-3.94838
-3.94935
-3.95162
-3.95357
-3.95293
-3.95519
-3.95358
-3.95584
-3.95617
-3.95746
-3.95682
-3.95649
-3.95779
-3.95844
-3.95941
-3.95876
-3.96135
-3.96038
-3.95844
-3.95714
-3.95455
-3.95487
-3.95519
-3.95616
-3.95778
-3.95907
-3.9581
-3.95843
-3.95618
-3.9591
-3.9591
-3.95845
-3.95909
-3.95779
-3.95909
-3.9633
-3.96006
-3.95779
-3.95876
-3.95941
-3.95682
-3.95617
-3.95811
-3.95779
-3.95747
-3.95747
-3.95585
-3.9565
-3.95682
-3.95941
-3.95779
-3.95714
-3.95714
-3.95584
-3.95584
-3.95682
-3.95585
-3.9565
-3.95553
-3.95553
-3.95423
-3.95262
-3.95521
-3.95391
-3.95327
-3.95456
-3.95489
-3.95585
-3.95585
-3.95585
-3.95488
-3.95294
-3.95294
-3.95295
-3.95359
-3.95294
-3.95488
-3.95326
-3.95391
-3.95294
-3.95165
-3.95132
-3.95003
-3.94938
-3.95067
-3.95034
-3.9526
-3.95228
-3.95293
-3.95261
-3.95262
-3.95359
-3.95391
-3.95456
-3.95553
-3.95359
-3.95585
-3.9552
-3.95876
-3.96071
-3.96104
-3.95942
-3.95942
-3.95553
-3.95456
-3.95456
-3.95359
-3.95651
-3.95618
-3.9552
-3.95714
-3.95618
-3.95618
-3.95683
-3.95876
-3.96007
-3.95813
-3.95814
-3.95879
-3.9562
-3.95296
-3.95198
-3.9523
-3.95294
-3.95584
-3.95973
-3.95974
-3.95942
-3.95975
-3.96073
-3.9617
-3.95975
-3.9604
-3.9604
-3.95975
-3.95846
-3.95911
-3.96008
-3.95943
-3.9591
-3.95684
-3.95587
-3.95555
-3.95523
-3.95652
-3.9549
-3.95328
-3.95457
-3.9536
-3.95457
-3.95458
-3.95587
-3.95556
-3.95297
-3.95168
-3.95071
-3.952
-3.9507
-3.95394
-3.95459
-3.95362
-3.952
-3.95102
-3.95329
-3.95102
-3.95393
-3.95393
-3.95296
-3.95329
-3.95168
-3.95265
-3.95556
-3.95556
-3.95491
-3.9562
-3.95685
-3.9575
-3.95976
-3.95879
-3.95911
-3.95782
-3.95653
-3.95588
-3.95685
-3.95491
-3.95459
-3.95459
-3.95685
-3.95425
-3.95587
-3.95522
-3.95781
-3.95522
-3.95619
-3.95458
-3.95458
-3.95685
-3.95718
-3.95783
-3.95945
-3.95718
-3.95815
-3.9575
-3.95782
-3.95783
-3.95685
-3.95782
-3.95685
-3.95749
-3.95685
-3.95621
-3.9533
-3.9533
-3.95362
-3.95297
-3.95167
-3.95134
-3.95393
-3.95523
-3.95556
-3.95556
-3.95491
-3.95523
-3.95621
-3.95556
-3.95492
-3.95718
-3.95751
-3.95848
-3.95815
-3.95719
-3.95848
-3.95653
-3.95685
-3.95491
-3.9549
-3.95199
-3.9562
-3.95523
-3.95782
-3.9588
-3.9601
-3.95978
-3.9601
-3.95784
-3.95881
-3.96302
-3.96204
-3.96139
-3.96235
-3.96363
-3.96363
-3.96136
-3.95976
-3.96074
-3.96074
-3.95751
-3.95848
-3.95815
-3.95717
-3.95911
-3.96008
-3.96073
-3.95975
-3.9591
-3.9604
-3.95781
-3.95749
-3.95846
-3.95815
-3.95621
-3.95556
-3.95589
-3.95588
-3.95653
-3.9549
-3.95554
-3.95554
-3.95555
-3.95846
-3.95749
-3.95814
-3.95782
-3.95815
-3.95685
-3.9562
-3.95621
-3.95556
-3.95556
-3.95458
-3.95652
-3.95813
-3.95748
-3.95618
-3.95878
-3.95911
-3.95944
-3.95557
-3.95687
-3.95524
-3.95459
-3.95555
-3.95684
-3.95813
-3.95813
-3.95814
-3.95749
-3.95814
-3.95944
-3.95718
-3.95976
-3.96073
-3.96171
-3.96042
-3.96139
-3.96463
-3.9656
-3.96268
-3.96365
-3.96074
-3.96107
-3.9601
-3.95945
-3.95783
-3.95782
-3.95717
-3.95329
-3.95491
-3.95556
-3.95686
-3.95815
-3.95848
-3.95621
-3.95686
-3.95653
-3.95911
-3.95943
-3.95975
-3.95975
-3.9604
-3.96203
-3.96236
-3.96138
-3.95879
-3.95652
-3.95685
-3.95587
-3.95684
-3.95716
-3.95716
-3.95911
-3.95976
-3.95879
-3.95911
-3.95911
-3.95749
-3.95717
-3.95684
-3.95748
-3.95619
-3.95684
-3.95522
-3.95458
-3.9562
-3.95588
-3.95589
-3.95524
-3.95524
-3.95425
-3.95327
-3.95165
-3.95036
-3.94972
-3.95264
-3.95361
-3.95297
-3.95264
-3.95427
-3.95427
-3.95492
-3.95524
-3.95458
-3.95457
-3.95392
-3.95392
-3.9523
-3.95134
-3.95328
-3.95394
-3.95523
-3.95783
-3.95815
-3.95685
-3.95653
-3.95718
-3.95588
-3.95458
-3.9549
-3.95587
-3.95652
-3.95458
-3.95426
-3.95588
-3.9562
-3.95523
-3.95782
-3.95523
-3.95847
-3.95782
-3.95782
-3.95976
-3.95879
-3.95912
-3.95879
-3.95847
-3.95911
-3.95716
-3.95651
-3.95684
-3.95651
-3.95522
-3.95393
-3.95263
-3.95393
-3.9549
-3.9549
-3.95588
-3.95652
-3.95555
-3.9536
-3.95263
-3.95101
-3.95231
-3.95167
-3.95427
-3.95362
-3.95524
-3.9562
-3.95587
-3.95619
-3.95685
-3.95718
-3.95782
-3.9562
-3.95685
-3.9562
-3.95653
-3.95427
-3.95395
-3.95459
-3.95426
-3.95717
-3.95683
-3.95651
-3.95716
-3.95555
-3.95491
-3.95524
-3.95491
-3.95588
-3.95652
-3.95781
-3.95813
-3.9591
-3.95943
-3.95878
-3.95976
-3.96138
-3.95911
-3.95782
-3.95976
-3.95846
-3.95749
-3.9549
-3.9536
-3.95328
-3.95425
-3.95264
-3.95426
-3.9549
-3.95522
-3.9536
-3.95295
-3.95457
-3.95424
-3.95553
-3.95586
-3.95554
-3.95618
-3.95457
-3.95586
-3.95651
-3.95683
-3.95748
-3.95683
-3.95618
-3.9565
-3.95554
-3.95457
-3.95392
-3.95425
-3.95457
-3.95522
-3.95521
-3.95391
-3.95391
-3.9552
-3.95553
-3.95392
-3.95263
-3.9536
-3.95392
-3.95554
-3.95457
-3.95457
-3.95554
-3.95586
-3.95456
-3.95423
-3.95456
-3.95359
-3.95359
-3.95618
-3.95586
-3.95522
-3.95392
-3.95489
-3.95619
-3.95456
-3.95359
-3.95553
-3.95456
-3.95197
-3.951
-3.94972
-3.95296
-3.95393
-3.95426
-3.95684
-3.95684
-3.9578
-3.95845
-3.95909
-3.95974
-3.96201
-3.96008
-3.95846
-3.96007
-3.95845
-3.96007
-3.96104
-3.95812
-3.95845
-3.95748
-3.95846
-3.95781
-3.95684
-3.95619
-3.95327
-3.95456
-3.95521
-3.95748
-3.95522
-3.95684
-3.95619
-3.95489
-3.95197
-3.9523
-3.95197
-3.95327
-3.95424
-3.95263
-3.95328
-3.95458
-3.95361
-3.95296
-3.95361
-3.95522
-3.95684
-3.95651
-3.95294
-3.95262
-3.95003
-3.94971
-3.94939
-3.94842
-3.94809
-3.94874
-3.95068
-3.95166
-3.95036
-3.95295
-3.95586
-3.95683
-3.95845
-3.95845
-3.95813
-3.95846
-3.95878
-3.95846
-3.95749
-3.95975
-3.9578
-3.95715
-3.95715
-3.95747
-3.95618
-3.95619
-3.9604
-3.9604
-3.96104
-3.96071
-3.95844
-3.9565
-3.95747
-3.95715
-3.95716
-3.95813
-3.95684
-3.95554
-3.95586
-3.95359
-3.95391
-3.95423
-3.9552
-3.95261
-3.95585
-3.9552
-3.95358
-3.95488
-3.95811
-3.9565
-3.95585
-3.95456
-3.9578
-3.95845
-3.95683
-3.95617
-3.95649
-3.95584
-3.95617
-3.9578
-3.9578
-3.95716
-3.95716
-3.95846
-3.95392
-3.95229
-3.95358
-3.95326
-3.95358
-3.95326
-3.9552
-3.95521
-3.95488
-3.95618
-3.96007
-3.9578
-3.95877
-3.95909
-3.96232
-3.9633
-3.96329
-3.96329
-3.96394
-3.96102
-3.95973
-3.95747
-3.96071
-3.95748
-3.95781
-3.9591
-3.96137
-3.95975
-3.95942
-3.95779
-3.95714
-3.95778
-3.95779
-3.95973
-3.95941
-3.95877
-3.95942
-3.95715
-3.9591
-3.95878
-3.95749
-3.95586
-3.95618
-3.9552
-3.95229
-3.95294
-3.95424
-3.95359
-3.95521
-3.95554
-3.95651
-3.9565
-3.95488
-3.95456
-3.95521
-3.95456
-3.95585
-3.95618
-3.9578
-3.96137
-3.9604
-3.96073
-3.96008
-3.95976
-3.95976
-3.95911
-3.95652
-3.95716
-3.95715
-3.95618
-3.95747
-3.9565
-3.95812
-3.95748
-3.95813
-3.95716
-3.95846
-3.95587
-3.95586
-3.95327
-3.95229
-3.95521
-3.95456
-3.95553
-3.95391
-3.95326
-3.95359
-3.95457
-3.9549
-3.95425
-3.95295
-3.95489
-3.95391
-3.95293
-3.95357
-3.95552
-3.95812
-3.96039
-3.95975
-3.95813
-3.95748
-3.95586
-3.95553
-3.95683
-3.95812
-3.95683
-3.95683
-3.95618
-3.95618
-3.95682
-3.95747
-3.95877
-3.95942
-3.95748
-3.95813
-3.95618
-3.95845
-3.95844
-3.9565
-3.95682
-3.9565
-3.95521
-3.95489
-3.95684
-3.95847
-3.95588
-3.95555
-3.95716
-3.95683
-3.95586
-3.95521
-3.95521
-3.95618
-3.95457
-3.95489
-3.95392
-3.95425
-3.95814
-3.95879
-3.95717
-3.95814
-3.95813
-3.95975
-3.95974
-3.96039
-3.96072
-3.96105
-3.95782
-3.95815
-3.9575
-3.9562
-3.95749
-3.95555
-3.95846
-3.95651
-3.95683
-3.95683
-3.95781
-3.95717
-3.95588
-3.95653
-3.95459
-3.95394
-3.95749
-3.95813
-3.95651
-3.95619
-3.95651
-3.95555
-3.95555
-3.95426
-3.95232
-3.95523
-3.95555
-3.95523
-3.95425
-3.9549
-3.95522
-3.95749
-3.95749
-3.9549
-3.9562
-3.95458
-3.95361
-3.95394
-3.95685
-3.95815
-3.95815
-3.95944
-3.96041
-3.9617
-3.95911
-3.95879
-3.95815
-3.95523
-3.95653
-3.95847
-3.96008
-3.96105
-3.96235
-3.96171
-3.96301
-3.96204
-3.95977
-3.96106
-3.96105
-3.96104
-3.96007
-3.95813
-3.95587
-3.95491
-3.95167
-3.95329
-3.952
-3.95491
-3.95426
-3.95523
-3.95781
-3.95716
-3.95749
-3.95684
-3.95685
-3.95555
-3.95555
-3.95458
-3.9549
-3.9549
-3.95393
-3.95458
-3.95426
-3.95394
-3.9533
-3.95427
-3.95621
-3.95848
-3.95782
-3.95943
-3.95618
-3.95618
-3.95748
-3.95652
-3.95652
-3.95717
-3.95653
-3.95491
-3.95717
-3.95749
-3.95749
-3.95652
-3.95748
-3.95651
-3.95716
-3.95651
-3.95619
-3.95457
-3.95684
-3.95943
-3.96202
-3.9591
-3.95878
-3.95846
-3.95717
-3.95717
-3.95718
-3.95427
-3.95199
-3.95361
-3.95263
-3.95424
-3.95521
-3.95619
-3.95781
-3.95619
-3.95684
-3.95717
-3.96106
-3.95944
-3.95782
-3.95782
-3.9575
-3.9562
-3.95717
-3.95781
-3.95652
-3.95619
-3.95781
-3.95943
-3.95975
-3.96007
-3.96039
-3.95975
-3.95781
-3.95619
-3.9549
-3.95685
-3.95621
-3.95653
-3.95783
-3.95653
-3.95782
-3.95781
-3.95716
-3.95683
-3.95521
-3.95522
-3.95587
-3.95296
-3.95361
-3.95426
-3.95329
-3.95102
-3.9494
-3.95167
-3.95296
-3.95232
-3.95426
-3.95394
-3.95491
-3.95458
-3.95588
-3.95912
-3.96042
-3.95945
-3.96106
-3.96009
-3.95943
-3.95846
-3.95813
-3.96072
-3.95878
-3.95522
-3.95587
-3.95588
-3.9575
-3.95848
-3.95719
-3.95881
-3.95881
-3.95848
-3.95782
-3.95976
-3.95846
-3.95749
-3.95619
-3.95555
-3.9575
-3.95556
-3.95491
-3.95589
-3.95913
-3.96042
-3.95816
-3.95913
-3.95945
-3.95848
-3.9588
-3.95977
-3.95848
-3.95816
-3.95589
-3.9575
-3.95621
-3.9575
-3.95847
-3.95879
-3.96138
-3.96171
-3.96204
-3.96042
-3.9601
-3.96074
-3.96107
-3.96074
-3.96009
-3.96041
-3.95912
-3.95815
-3.95944
-3.95977
-3.95815
-3.9575
-3.95653
-3.9562
-3.95783
-3.95686
-3.95686
-3.95556
-3.9533
-3.95556
-3.95362
-3.95459
-3.95718
-3.95751
-3.95459
-3.95653
-3.95653
-3.9588
-3.95719
-3.95946
-3.9614
-3.96172
-3.96075
-3.9614
-3.96043
-3.95913
-3.96108
-3.95978
-3.96011
-3.96205
-3.95978
-3.9601
-3.95945
-3.95945
-3.95912
-3.95783
-3.95945
-3.9601
-3.96107
-3.95783
-3.95751
-3.95654
-3.9575
-3.95621
-3.95556
-3.95393
-3.9507
-3.95168
-3.95297
-3.95362
-3.95653
-3.95588
-3.95588
-3.95588
-3.9575
-3.95751
-3.9546
-3.95524
-3.95621
-3.95783
-3.95912
-3.95782
-3.95717
-3.95846
-3.95491
-3.95653
-3.95427
-3.95556
-3.95427
-3.95394
-3.95426
-3.95427
-3.95589
-3.95556
-3.95556
-3.95685
-3.95846
-3.95879
-3.95782
-3.95652
-3.95652
-3.95393
-3.95555
-3.9549
-3.95782
-3.95685
-3.9562
-3.95523
-3.95783
-3.95913
-3.95913
-3.95978
-3.95718
-3.95653
-3.95685
-3.95911
-3.95846
-3.95683
-3.9549
-3.95522
-3.95555
-3.95782
-3.95944
-3.95912
-3.95944
-3.95911
-3.95878
-3.95942
-3.9578
-3.95716
-3.9549
-3.95556
-3.95556
-3.9575
-3.95653
-3.95588
-3.9562
-3.9549
-3.95782
-3.95684
-3.95521
-3.95521
-3.95456
-3.95489
-3.9578
-3.95909
-3.95715
-3.95813
-3.95944
-3.95847
-3.95815
-3.95685
-3.95717
-3.95619
-3.95619
-3.95652
-3.95587
-3.95458
-3.95458
-3.9562
-3.95782
-3.95749
-3.95813
-3.95587
-3.95554
-3.95521
-3.95554
-3.9578
-3.95878
-3.95749
-3.95555
-3.95458
-3.9536
-3.95587
-3.95716
-3.95424
-3.95489
-3.95651
-3.95717
-3.95717
-3.95943
-3.95878
-3.95974
-3.95812
-3.96007
-3.95781
-3.96007
-3.9591
-3.95684
-3.95522
-3.95651
-3.95554
-3.95425
-3.95587
-3.95619
-3.95425
-3.9549
-3.95424
-3.95424
-3.9578
-3.9578
-3.95877
-3.95748
-3.95878
-3.9591
-3.95684
-3.95392
-3.95748
-3.95651
-3.95845
-3.95941
-3.95876
-3.96168
-3.96007
-3.95878
-3.95846
-3.95814
-3.95651
-3.95489
-3.95456
-3.95812
-3.95811
-3.95941
-3.9607
-3.96005
-3.95844
-3.95813
-3.95845
-3.96137
-3.95975
-3.96072
-3.95909
-3.9578
-3.96006
-3.95812
-3.95974
-3.96039
-3.95813
-3.95715
-3.95715
-3.95715
-3.95618
-3.95651
-3.9565
-3.95553
-3.9578
-3.95715
-3.95716
-3.95651
-3.95813
-3.95975
-3.95781
-3.95555
-3.95716
-3.95749
-3.95813
-3.9578
-3.95683
-3.95651
-3.95554
-3.95522
-3.95555
-3.9549
-3.95263
-3.95393
-3.95554
-3.95748
-3.95489
-3.95651
-3.95748
-3.95813
-3.95749
-3.95717
-3.95749
-3.95814
-3.95782
-3.95684
-3.95845
-3.95974
-3.95909
-3.96136
-3.96104
-3.96169
-3.96105
-3.95976
-3.96009
-3.96009
-3.96172
-3.96107
-3.95977
-3.96008
-3.95943
-3.96137
-3.95975
-3.95814
-3.95911
-3.95685
-3.95783
-3.95783
-3.95718
-3.95685
-3.95587
-3.95458
-3.95749
-3.95813
-3.95619
-3.95652
-3.95717
-3.95588
-3.95523
-3.95524
-3.95556
-3.95491
-3.95491
-3.95458
-3.95425
-3.95295
-3.95164
-3.94905
-3.94873
-3.95067
-3.95456
-3.95521
-3.95425
-3.95393
-3.95555
-3.9562
-3.95588
-3.9549
-3.95523
-3.95522
-3.95554
-3.95554
-3.95522
-3.95555
-3.95554
-3.95748
-3.95684
-3.95651
-3.95392
-3.95295
-3.95295
-3.94971
-3.94809
-3.94873
-3.94874
-3.95101
-3.95263
-3.95457
-3.95457
-3.95457
-3.95619
-3.95651
-3.95683
-3.9578
-3.95715
-3.95748
-3.95716
-3.95359
-3.95489
-3.95392
-3.95327
-3.95392
-3.95683
-3.95909
-3.95877
-3.95845
-3.96007
-3.95878
-3.95684
-3.95619
-3.95554
-3.95553
-3.95618
-3.95618
-3.95456
-3.95294
-3.95456
-3.95229
-3.95554
-3.95684
-3.95716
-3.9549
-3.95587
-3.95457
-3.95424
-3.95294
-3.95229
-3.95423
-3.95229
-3.95327
-3.95231
-3.95393
-3.95554
-3.95779
-3.95617
-3.9552
-3.95844
-3.96039
-3.96234
-3.96138
-3.96073
-3.96073
-3.95976
-3.95814
-3.95943
-3.96007
-3.95876
-3.95876
-3.95909
-3.95812
-3.95747
-3.95585
-3.95359
-3.95262
-3.95489
-3.95749
-3.9575
-3.95523
-3.95523
-3.95458
-3.95587
-3.95489
-3.95489
-3.95392
-3.95359
-3.9565
-3.95715
-3.95586
-3.95587
-3.95555
-3.95555
-3.95685
-3.95749
-3.95716
-3.95651
-3.96008
-3.96105
-3.95911
-3.95879
-3.95879
-3.95782
-3.95814
-3.95619
-3.95489
-3.95423
-3.95261
-3.95165
-3.95295
-3.95457
-3.95424
-3.95586
-3.95586
-3.95618
-3.9578
-3.95813
-3.95781
-3.95749
-3.95813
-3.95716
-3.95522
-3.95554
-3.9549
-3.95619
-3.95619
-3.95618
-3.95553
-3.95553
-3.95553
-3.95522
-3.95651
-3.95846
-3.95586
-3.95748
-3.95586
-3.95392
-3.95262
-3.95133
-3.95133
-3.95133
-3.95424
-3.95488
-3.95553
-3.95455
-3.95423
-3.95617
-3.95553
-3.95781
-3.95846
-3.96041
-3.95847
-3.95911
-3.95716
-3.95456
-3.9539
-3.95552
-3.95424
-3.95489
-3.9536
-3.95263
-3.9536
-3.95295
-3.95295
-3.95294
-3.95391
-3.95326
-3.95424
-3.95327
-3.95489
-3.95554
-3.95651
-3.95781
-3.95683
-3.9565
-3.95617
-3.9565
-3.9552
-3.95456
-3.95327
-3.95456
-3.95456
-3.95326
-3.95197
-3.95295
-3.95199
-3.95328
-3.9536
-3.95392
-3.9523
-3.95262
-3.95132
-3.95294
-3.95359
-3.95489
-3.95457
-3.95231
-3.95199
-3.95393
-3.95586
-3.95586
-3.95811
-3.9607
-3.95909
-3.9578
-3.96008
-3.96105
-3.96105
-3.95943
-3.96073
-3.96429
-3.96331
-3.96331
-3.96233
-3.96038
-3.96006
-3.95715
-3.95651
-3.95684
-3.95781
-3.95651
-3.95618
-3.95456
-3.95585
-3.95456
-3.95359
-3.9536
-3.95651
-3.95716
-3.95715
-3.95811
-3.95876
-3.95748
-3.95749
-3.95717
-3.9549
-3.95522
-3.95391
-3.95456
-3.95521
-3.95424
-3.95618
-3.95618
-3.95586
-3.95684
-3.95684
-3.95425
-3.95618
-3.95424
-3.95391
-3.9552
-3.95585
-3.9565
-3.95683
-3.95813
-3.95877
-3.95812
-3.95844
-3.95811
-3.95747
-3.95488
-3.95488
-3.95715
-3.95715
-3.9578
-3.95748
-3.95586
-3.95683
-3.9578
-3.95844
-3.95973
-3.95714
-3.95552
-3.95714
-3.95681
-3.9552
-3.95325
-3.95423
-3.95488
-3.95553
-3.95683
-3.95585
-3.95682
-3.95746
-3.95811
-3.95908
-3.95941
-3.96006
-3.96168
-3.96006
-3.96103
-3.95811
-3.95779
-3.95714
-3.9565
-3.96006
-3.96038
-3.96103
-3.96136
-3.95845
-3.9591
-3.95942
-3.95942
-3.95716
-3.95619
-3.95392
-3.95393
-3.95587
-3.95684
-3.95554
-3.95748
-3.95651
-3.95682
-3.95941
-3.95941
-3.95877
-3.9591
-3.95846
-3.95911
-3.96105
-3.96137
-3.95975
-3.95716
-3.9578
-3.95715
-3.9578
-3.95877
-3.95877
-3.95909
-3.95812
-3.9578
-3.95716
-3.95781
-3.95813
-3.96008
-3.95975
-3.96137
-3.95975
-3.95877
-3.95812
-3.95877
-3.95942
-3.95586
-3.95522
-3.95296
-3.95587
-3.95814
-3.95684
-3.95489
-3.95456
-3.95489
-3.95489
-3.95651
-3.95457
-3.95425
-3.9549
-3.95458
-3.95587
-3.95587
-3.95586
-3.95456
-3.95586
-3.95781
-3.95976
-3.95976
-3.95783
-3.9588
-3.95944
-3.9591
-3.9591
-3.96039
-3.96072
-3.96203
-3.96009
-3.95653
-3.95652
-3.95684
-3.95554
-3.95813
-3.95781
-3.95651
-3.95781
-3.95619
-3.95522
-3.95716
-3.95748
-3.95942
-3.95975
-3.95748
-3.95425
-3.95717
-3.95684
-3.95684
-3.95781
-3.95943
-3.96105
-3.96266
-3.96298
-3.96137
-3.96072
-3.95942
-3.96136
-3.96104
-3.96103
-3.95877
-3.95813
-3.95749
-3.95393
-3.95425
-3.9549
-3.95651
-3.96072
-3.95942
-3.96038
-3.96039
-3.96201
-3.9604
-3.9617
-3.96073
-3.96138
-3.96202
-3.96235
-3.9617
-3.96073
-3.96105
-3.96137
-3.96008
-3.95652
-3.95652
-3.95814
-3.95814
-3.9575
-3.95426
-3.95459
-3.95621
-3.95556
-3.95588
-3.95621
-3.95653
-3.95783
-3.95847
-3.96106
-3.96106
-3.96171
-3.96333
-3.96301
-3.96528
-3.96625
-3.96463
-3.9643
-3.96139
-3.95977
-3.95847
-3.95783
-3.95589
-3.95654
-3.95816
-3.95719
-3.95751
-3.95589
-3.95653
-3.95621
-3.95685
-3.95782
-3.95815
-3.95686
-3.95913
-3.95849
-3.95784
-3.96237
-3.95978
-3.95849
-3.95849
-3.95784
-3.95687
-3.95719
-3.95524
-3.95524
-3.95719
-3.95687
-3.95719
-3.95752
-3.9572
-3.95817
-3.95946
-3.96011
-3.9601
-3.96172
-3.95978
-3.95881
-3.95914
-3.95882
-3.95915
-3.9572
-3.95914
-3.95946
-3.95914
-3.95686
-3.95492
-3.95266
-3.95525
-3.95525
-3.95687
-3.9572
-3.9546
-3.9546
-3.95492
-3.9546
-3.95298
-3.95428
-3.95525
-3.95557
-3.95589
-3.95654
-3.95783
-3.95783
-3.95881
-3.95849
-3.96076
-3.96108
-3.95979
-3.96076
-3.95946
-3.95784
-3.95816
-3.95783
-3.95492
-3.95719
-3.95655
-3.95914
-3.95947
-3.96043
-3.95881
-3.96172
-3.96107
-3.9601
-3.95945
-3.95816
-3.95784
-3.95687
-3.95558
-3.95623
