-0.491371   -0.494798   -0.485956
-0.306338   -0.336683   -0.477803
0.492314   -0.311613   -0.322986
-0.347768   0.493865   -0.344656
-0.163443   0.496117   0.479516
0.0045845   -0.334446   0.494113
-0.157561   -0.347443   -0.331987
0.00867056   -0.496432   -0.332572
0.158202   -0.489361   -0.488701
0.33046   -0.331738   0.469414
0.158119   -0.334692   -0.332306
0.339492   -0.47161   -0.316188
-0.489785   -0.171312   -0.49429
-0.34113   -0.00118908   -0.495384
0.484761   -0.0210615   -0.349764
-0.340783   -0.162816   -0.316017
-0.178663   -0.147011   0.498652
0.00576668   0.00093104   0.458734
-0.185637   0.00774934   -0.339781
0.00458104   -0.149518   -0.357025
0.163808   -0.184794   -0.494002
0.306572   -0.0141657   -0.483065
0.155098   -0.00275603   -0.317529
0.312972   -0.18851   -0.314033
0.464389   0.170681   0.496335
-0.34442   0.333401   -0.499803
0.474322   0.320745   -0.341854
-0.385559   0.147804   -0.354557
-0.17628   0.132918   0.487657
-0.0168605   0.315201   0.489699
-0.165334   0.371388   -0.329837
-0.0154433   0.174019   -0.323897
0.154817   0.159728   0.486675
0.330827   0.37826   -0.496025
0.148835   0.331141   -0.32645
0.304881   0.171706   -0.352552
-0.49747   0.496547   -0.181373
-0.316225   -0.326945   -0.174489
-0.458331   -0.371111   -0.0118408
-0.330199   0.466827   0.00566045
-0.171307   0.497741   -0.137727
-0.0016752   -0.321647   -0.162312
-0.209803   -0.332907   -0.000959355
-0.013155   0.499252   0.0159454
0.175195   -0.470423   -0.14204
0.349487   -0.336093   -0.130839
0.186713   -0.324853   0.00783502
0.342577   0.480156   -0.00157254
0.490176   -0.180229   -0.16087
-0.326675   0.0162172   -0.186154
0.480735   -0.0259402   -0.00910665
-0.335141   -0.139577   -0.0137798
-0.155916   -0.164654   -0.193621
0.00589768   0.0124282   -0.157802
-0.147348   -0.0193716   -0.00515371
-0.00418068   -0.195714   0.00635067
0.166967   -0.158391   -0.163446
0.332712   -0.00762998   -0.165383
0.143568   -0.0248323   -0.00414548
0.328459   -0.177197   0.0195024
-0.491374   0.16567   -0.17402
-0.323767   0.341904   -0.17462
0.48715   0.317012   -0.0108088
-0.340303   0.183864   -0.0226957
-0.15701   0.189785   -0.165055
0.0261921   0.313292   -0.13967
-0.164936   0.328178   0.00782921
0.00861364   0.144338   0.0292348
0.173578   0.15817   -0.169809
0.338907   0.321591   -0.181383
0.172785   0.311313   0.0177083
0.354549   0.154589   -0.0179441
-0.477682   -0.480024   0.162028
-0.337402   -0.329017   0.186953
-0.492849   -0.344341   0.355837
-0.330055   -0.498299   0.336986
-0.186646   0.49707   0.163083
0.000717829   -0.348949   0.188869
-0.145642   -0.347872   0.335363
0.0130666   0.479937   0.328981
0.170454   0.49279   0.152704
0.337027   -0.346219   0.162821
0.181612   -0.303912   0.326014
0.34913   -0.491827   0.313682
0.488207   -0.191956   0.167879
-0.338253   -0.0086188   0.167588
-0.495877   0.00773299   0.355485
-0.345354   -0.169118   0.329389
-0.150389   -0.196616   0.150671
-0.0178768   0.010677   0.183737
-0.172089   0.00205787   0.324115
0.000379842   -0.173781   0.328
0.142831   -0.143197   0.161984
0.333274   -0.00805413   0.175204
0.163521   0.00268133   0.337452
0.347835   -0.16918   0.351148
-0.485904   0.155232   0.155647
-0.333598   0.327483   0.180577
-0.495635   0.332239   0.345099
-0.345711   0.161395   0.344529
-0.198357   0.167658   0.174109
0.00820679   0.347825   0.177213
-0.173602   0.315919   0.331126
0.0307967   0.177021   0.318724
0.18892   0.144122   0.149696
0.329396   0.302737   0.159662
0.187616   0.348419   0.311769
0.327351   0.155227   0.343077
