-0.491439   -0.494666   -0.486034
-0.306366   -0.336521   -0.477867
0.492367   -0.311479   -0.322977
-0.347786   0.493874   -0.344578
-0.16355   0.496119   0.479562
0.00458085   -0.334394   0.494169
-0.157621   -0.347479   -0.332086
0.00852755   -0.496301   -0.332448
0.158236   -0.489385   -0.488852
0.330712   -0.331742   0.469457
0.158069   -0.334836   -0.332324
0.339481   -0.471688   -0.316265
-0.4899   -0.171353   -0.494381
-0.341018   -0.0013214   -0.495245
0.484636   -0.0209562   -0.349776
-0.340833   -0.162917   -0.315823
-0.17855   -0.146942   0.498478
0.00579226   0.00093113   0.45875
-0.185959   0.00767524   -0.339749
0.00438712   -0.14957   -0.357008
0.163735   -0.18499   -0.493898
0.306692   -0.0140615   -0.483027
0.155002   -0.00266198   -0.317526
0.312663   -0.188661   -0.313944
0.464407   0.170794   0.49615
-0.344477   0.333581   -0.499821
0.474213   0.320713   -0.341913
-0.385572   0.147679   -0.354795
-0.176082   0.132781   0.487825
-0.0167323   0.315291   0.489681
-0.165479   0.371155   -0.329861
-0.0155793   0.174084   -0.323944
0.15452   0.159802   0.486567
0.330877   0.378237   -0.49601
0.148867   0.331102   -0.326492
0.304778   0.171553   -0.352515
-0.497523   0.496468   -0.181314
-0.316263   -0.326926   -0.174439
-0.458408   -0.371128   -0.0118551
-0.330127   0.466576   0.0055192
-0.17137   0.497811   -0.137643
-0.00153999   -0.321645   -0.162315
-0.209768   -0.333016   -0.000827728
-0.0132682   0.499471   0.0157538
0.175078   -0.470397   -0.142117
0.349329   -0.336108   -0.130987
0.186691   -0.324708   0.00787278
0.342435   0.480124   -0.00165061
0.490255   -0.180177   -0.160727
-0.326668   0.0163231   -0.185957
0.480637   -0.026094   -0.00921607
-0.335044   -0.139606   -0.0137463
-0.155679   -0.164501   -0.193538
0.00592405   0.0124495   -0.157915
-0.147246   -0.0192321   -0.00502868
-0.00388719   -0.195724   0.00620862
0.166755   -0.158327   -0.163405
0.332542   -0.00760388   -0.165253
0.143482   -0.0248237   -0.00423894
0.328376   -0.177325   0.0195303
-0.491394   0.165751   -0.174223
-0.323805   0.342121   -0.174684
0.487084   0.316959   -0.0105482
-0.340148   0.183805   -0.0225829
-0.157059   0.189784   -0.164918
0.0262409   0.313063   -0.139725
-0.164909   0.327921   0.00780459
0.00861291   0.144423   0.0291732
0.173838   0.158361   -0.169851
0.338664   0.321595   -0.181323
0.173005   0.31115   0.017902
0.354698   0.154674   -0.0177518
-0.477599   -0.480045   0.1621
-0.337241   -0.329088   0.187074
-0.492806   -0.344335   0.355995
-0.330132   -0.498372   0.337013
-0.186429   0.497012   0.163051
0.00076019   -0.348953   0.188624
-0.145522   -0.347541   0.335506
0.0132335   0.47981   0.328974
0.1704   0.492777   0.152617
0.337065   -0.346127   0.162898
0.181751   -0.303912   0.325949
0.349303   -0.49174   0.313601
0.488236   -0.191768   0.167796
-0.338045   -0.00865273   0.167616
-0.495879   0.00755877   0.355652
-0.345331   -0.169204   0.329014
-0.150426   -0.196817   0.150788
-0.0179916   0.0107364   0.183794
-0.172331   0.00197148   0.32396
0.000346025   -0.173771   0.328124
0.142593   -0.143118   0.161821
0.333465   -0.00798305   0.175128
0.163623   0.00263911   0.33741
0.348212   -0.169287   0.350956
-0.485756   0.155272   0.155635
-0.33356   0.327683   0.180573
-0.495643   0.332464   0.345138
-0.345607   0.161434   0.34461
-0.198414   0.167491   0.174017
0.00811164   0.347723   0.17739
-0.17369   0.315724   0.331003
0.0310032   0.176984   0.318907
0.188918   0.144248   0.149578
0.329113   0.302917   0.159796
0.187571   0.348401   0.311835
0.327527   0.155247   0.343007
