2.08235
2.02247
1.92275
1.78602
1.61744
1.42555
1.22276
1.02513
0.850444
0.714541
0.627497
0.591114
0.599118
0.639761
0.699234
0.764588
0.825514
0.875002
0.909251
0.927193
0.929874
0.919883
0.900779
0.876566
0.851309
0.828693
0.811897
0.803597
0.805938
0.820433
0.847713
0.887174
0.936645
0.992417
1.04975
1.10371
1.15003
1.18569
1.20919
1.22063
1.22163
1.21488
1.20355
1.19078
1.17894
1.16928
1.16193
1.15617
1.15094
1.14526
1.13846
1.13015
1.12016
1.10862
1.09591
1.08268
1.07004
1.05944
1.05257
1.05086
1.05511
1.06496
1.07886
1.09461
1.11014
1.1242
1.13653
1.14748
1.1574
1.16609
1.17298
1.1773
1.17863
1.17695
1.17271
1.16643
1.15863
1.14942
1.1386
1.12604
1.11226
1.09857
1.08689
1.07912
1.07594
1.07627
1.07764
1.07712
1.07231
1.06191
1.04594
1.02574
1.00372
0.982839
0.965872
0.954871
0.95094
0.95422
0.964086
0.979356
0.998263
1.0185
1.03723
1.05151
1.05878
1.0574
1.04707
1.02894
1.00549
0.980197
0.957084
0.94025
0.933191
0.938122
0.95579
0.985229
1.02408
1.06892
1.11587
1.16099
1.20075
1.23251
1.25463
1.2667
1.26949
1.26469
1.25463
1.24191
1.22872
1.2162
1.20417
1.19143
1.17669
1.15938
1.14015
1.12043
1.10151
1.08397
1.06777
1.05283
1.03918
1.02695
1.01615
1.00675
0.998741
0.992628
0.989349
0.990114
0.995824
1.00666
1.02192
1.04031
1.06038
1.08086
1.10081
1.11932
1.13545
1.14781
1.15463
1.15412
1.14507
1.12782
1.10468
1.07973
1.05766
1.04186
1.0329
1.02876
1.02668
1.02518
1.02466
1.02662
1.03252
1.04272
1.05632
1.07159
1.08689
1.10093
1.11291
1.12215
1.12815
1.13079
1.13044
1.12802
1.12504
1.12306
1.12334
1.12625
1.13125
1.13698
1.14181
1.14448
1.14433
1.14153
1.13669
1.13028
1.12269
1.11434
1.10593
1.09831
1.09234
1.08847
1.08681
1.08702
1.08837
1.08984
1.09061
1.0902
1.08866
1.08643
1.08421
1.08297
1.08342
1.0858
1.08987
1.09488
1.0998
1.10382
1.10659
1.10824
1.1094
1.11064
1.11181
1.11191
1.10927
1.10247
1.09112
1.07606
1.05951
1.04437
1.03348
1.0287
1.03043
1.03751
1.04763
1.058
1.06589
1.06933
1.06728
1.05975
1.04762
1.03249
1.01657
1.0024
0.992836
0.9905
0.997172
1.01321
1.03722
1.06645
1.09746
1.12699
1.15254
1.1726
1.18641
1.19398
1.19576
1.19242
1.18477
1.1738
1.16048
1.14592
1.13105
1.11672
1.10331
1.09083
1.07915
1.0684
1.05943
1.05396
1.05403
1.06104
1.07466
1.09239
1.11021
1.1239
1.1305
1.12925
1.12168
1.11108
1.10118
1.09477
1.093
1.09504
1.09885
1.10212
1.10315
1.10138
1.09743
1.09256
1.08798
1.08418
1.08082
1.07714
1.0726
1.06746
1.0629
1.06072
1.0625
1.06868
1.07792
1.08762
1.09508
1.0983
1.09642
1.0897
1.07926
1.06654
1.05289
1.03935
1.02668
1.01553
1.00656
1.0005
0.998066
0.999961
1.00659
1.01778
1.03285
1.05079
1.07045
1.09068
1.11006
1.12701
1.13966
1.1463
1.14599
1.13912
1.12772
1.11469
1.10281
1.09397
1.08881
1.08722
1.08873
1.09273
1.09858
1.10565
1.11326
1.12058
1.12669
1.13042
1.13051
1.12573
1.11556
1.10038
1.08171
1.06198
1.04395
1.03001
1.02167
1.01925
1.02193
1.02801
1.03535
1.04196
1.04667
1.04949
1.05113
1.05243
1.05385
1.05545
1.05738
1.06025
1.06509
1.07273
1.08335
1.09613
1.1093
1.12076
1.12881
1.13246
1.1315
1.1262
1.11711
1.10511
1.09195
1.08057
1.07427
1.07479
1.08127
1.09105
1.10147
1.11104
1.11941
1.12697
1.13431
1.14198
1.14993
1.15735
1.16293
1.16524
1.16331
1.15675
1.14535
1.1291
1.10835
1.08417
1.05865
1.03469
1.01535
1.00304
0.998906
1.00293
1.0143
1.03147
1.05254
1.07506
1.09612
1.1129
1.12356
1.12779
1.12679
1.12235
1.11582
1.10771
1.09814
1.08748
1.07649
1.06616
1.0575
1.05132
1.0482
1.04855
1.05242
1.0593
1.06811
1.07735
1.08541
1.09095
1.09331
1.09245
1.08893
1.08378
1.07805
1.07231
1.06684
1.06153
1.05629
1.05119
1.04654
1.04279
1.04034
1.03949
1.04027
1.04258
1.0463
1.0513
1.05753
1.06504
1.07392
1.08417
1.09555
1.10723
1.1178
1.12541
1.12816
1.12446
1.11353
1.09582
1.07304
1.04821
1.02508
1.00752
0.998733
1.00062
1.01323
1.03476
1.06218
1.09187
1.12068
1.14654
1.16869
1.18728
1.2026
1.21454
1.22252
1.22566
1.22343
1.21589
1.20354
1.18717
1.16778
1.14636
1.12393
1.1014
1.07971
1.05967
1.04194
1.02733
1.01692
1.0123
1.01516
1.02623
1.0443
1.06585
1.08609
1.10044
1.106
1.10206
1.08989
1.07211
1.05208
1.03333
1.01901
1.01165
1.01292
1.0232
1.04128
1.06429
1.08823
1.10875
1.12204
1.12578
1.11974
1.10642
1.09062
1.07786
1.0717
1.0722
1.07721
1.08456
1.09293
1.10173
1.11039
1.11813
1.12412
1.12788
1.12895
1.12672
1.12032
1.1092
1.09416
1.07767
1.06369
1.0561
1.05731
1.06736
1.08391
1.10309
1.12087
1.13377
1.13953
1.13715
1.12681
1.10993
1.08914
1.06809
1.05091
1.04124
1.04108
1.05
1.06546
1.08406
1.10265
1.11904
1.13206
1.14144
1.14758
1.15134
1.15366
1.15521
1.15601
1.15559
1.15329
1.14854
1.14108
1.13081
1.11768
1.10155
1.08246
1.06119
1.03977
1.02145
1.00986
1.00743
1.01411
1.02737
1.04313
1.0572
1.06613
1.06774
1.06124
1.04747
1.02902
1.00998
0.995004
0.987913
0.990712
1.00327
1.02398
1.05073
1.08136
1.11373
1.14559
1.1745
1.19799
1.21404
1.22141
1.21995
1.2108
1.19598
1.17792
1.15892
1.1408
1.12468
1.11105
1.09946
1.08881
1.07762
1.06446
1.04873
1.0309
1.01263
0.996295
0.984348
0.978541
0.97958
0.987216
1.00059
1.01888
1.04123
1.0666
1.09339
1.11912
1.14081
1.15548
1.16082
1.1557
1.14048
1.11708
1.08854
1.05848
1.03057
1.00797
0.993007
0.986925
0.989826
1.00089
1.01844
1.04059
1.06557
1.09182
1.11803
1.14303
1.16549
1.18402
1.19745
1.20507
1.20694
1.2039
1.19741
1.1891
1.18048
1.17253
1.16518
1.15723
1.14683
1.13206
1.11159
1.08523
1.05415
1.0209
0.989184
0.963129
0.946249
0.940358
0.945085
0.958272
0.97694
0.998237
1.01995
1.04086
1.06068
1.07983
1.09888
1.11802
1.13649
1.15268
1.16461
1.17066
1.17027
1.16408
1.1537
1.14132
1.12898
1.11825
1.11032
1.10603
1.10589
1.11018
1.11866
1.13012
1.14221
1.15187
1.15625
1.15364
1.14366
1.12736
1.10708
1.08584
1.06684
1.05259
1.04458
1.04311
1.04741
1.05592
1.06666
1.07751
1.08664
1.09258
1.09428
1.09114
1.08294
1.07006
1.05367
1.03609
1.02076
1.01111
1.00912
1.01471
1.02643
1.0422
1.05975
1.07671
1.09104
1.10142
1.10732
1.10893
1.10691
1.10218
1.09591
1.08921
1.08301
1.07814
1.07538
1.07544
1.07861
1.0846
1.09235
1.10018
1.10626
1.10917
1.10828
1.10391
1.09722
1.08991
1.08386
1.08055
1.08097
1.08526
1.0927
1.10183
1.11063
1.11694
1.11911
1.11631
1.10869
1.09722
1.08325
1.06839
1.05466
1.04458
1.041
1.0463
1.06157
1.086
1.11696
1.15045
1.18203
1.20769
1.22404
1.22867
1.22013
1.19832
1.16474
1.12248
1.07578
1.02948
0.988051
0.955365
0.934578
0.927681
0.934973
0.954703
0.983412
1.01682
1.05057
1.08079
1.10454
1.12002
1.1267
1.12533
1.11761
1.10598
1.09347
1.0832
1.07784
1.07875
1.0857
1.09727
1.11164
1.12739
1.14348
1.15943
1.17488
1.18936
1.20203
1.21153
1.21631
1.21493
1.20655
1.19125
1.17003
1.14453
1.11687
1.0893
1.06399
1.04265
1.0259
1.01331
1.00404
0.997734
0.995081
0.99751
1.00635
1.02177
1.04219
1.06454
1.08504
1.10033
1.10839
1.10901
1.10329
1.09304
1.08004
1.06565
1.05071
1.03598
1.02228
1.01069
1.00252
0.999143
1.00157
1.01
1.02373
1.04125
1.06047
1.07931
1.09631
1.11081
1.12297
1.13316
1.14156
1.14792
1.15167
1.15239
1.15012
1.14551
1.13986
1.13454
1.13043
1.12745
1.12444
1.1195
1.11084
1.09755
1.08004
1.06014
1.04072
1.02483
1.01481
1.01167
1.01526
1.02478
1.03946
1.05859
1.08148
1.10712
1.13379
1.15899
1.17966
1.19291
1.19671
1.19079
1.17695
1.15865
1.1399
1.12398
1.11254
1.10592
1.10382
1.1059
1.11192
1.12149
1.13342
1.14542
1.15475
1.15897
1.15649
1.1469
1.13058
1.10841
1.08203
1.05386
1.02711
1.00507
0.990361
0.984287
0.986756
0.996685
1.01243
1.03214
1.05393
1.07587
1.09616
1.11308
1.12493
1.13005
1.12735
1.11696
1.10031
1.07996
1.05911
1.04089
1.02762
1.0207
1.02084
1.02806
1.04175
1.06049
1.08209
1.10389
1.12341
1.13876
1.14902
1.15445
1.1562
1.15558
1.15348
1.15017
1.14568
1.14008
1.13371
1.12689
1.11983
1.11229
1.10399
1.09472
1.08467
1.07453
1.06524
1.05777
1.05278
1.05044
1.05029
1.05129
1.05195
1.0507
1.04648
1.03909
1.02948
1.0194
1.01081
1.00507
1.00258
1.00285
1.00517
1.00907
1.01442
1.02129
1.02953
1.03859
1.04758
1.05552
1.06175
1.06639
1.07054
1.07603
1.0845
1.09688
1.11287
1.131
1.14916
1.16501
1.17658
1.18234
1.18135
1.17333
1.15878
1.13905
1.11654
1.09444
1.0763
1.06529
1.06344
1.07123
1.08728
1.10847
1.13054
3.88123
3.78949
3.60387
3.33371
3.00934
2.6832
2.41081
2.22449
2.12804
2.10799
2.14511
2.22306
2.32957
2.45099
2.56917
2.66612
2.7309
2.76056
2.75656
2.72137
2.65907
2.57794
2.49071
2.4113
2.35033
2.312
2.29403
2.2909
2.29783
2.31185
2.3294
2.34576
2.35741
2.36383
2.36766
2.37438
2.39035
2.41844
2.45543
2.49401
2.52745
2.55258
2.57032
2.58346
2.59263
2.59434
2.58493
2.5663
2.54604
2.53242
2.52898
2.53268
2.53635
2.53375
2.52372
2.5099
2.49721
2.4888
2.48513
2.48518
2.48824
2.49426
2.50355
2.51657
2.53432
2.557
2.58081
2.59926
2.60877
2.60962
2.60142
2.58275
2.55624
2.52904
2.50854
2.49778
2.49328
2.48829
2.47986
2.47282
2.47622
2.49625
2.53178
2.57565
2.61887
2.65393
2.67633
2.68519
2.68219
2.67058
2.6542
2.63664
2.61998
2.60366
2.5841
2.55718
2.52191
2.48196
2.44122
2.39966
2.358
2.32394
2.31038
2.3265
2.36921
2.424
2.47382
2.50852
2.53136
2.55871
2.60277
2.65278
2.68797
2.70081
2.69966
2.70002
2.71579
2.75139
2.7977
2.83757
2.85727
2.85361
2.83141
2.79737
2.75685
2.7156
2.68123
2.66057
2.65722
2.67108
2.69597
2.72002
2.73419
2.73722
2.73019
2.71093
2.67536
2.61949
2.54292
2.45436
2.37104
2.31214
2.29175
2.3129
2.3644
2.42602
2.47824
2.50822
2.5107
2.48698
2.44356
2.39028
2.34047
2.31328
2.32886
2.39215
2.48507
2.58008
2.65618
2.70383
2.72239
2.71743
2.69862
2.67706
2.66049
2.65059
2.64467
2.63924
2.63216
2.62339
2.61514
2.61113
2.61346
2.62007
2.62507
2.62162
2.60367
2.56783
2.51925
2.47887
2.47033
2.49032
2.51367
2.52521
2.52754
2.52787
2.52953
2.53531
2.55172
2.58519
2.63468
2.68949
2.73452
2.75682
2.74869
2.70863
2.64116
2.55727
2.47708
2.42912
2.43442
2.48524
2.54861
2.59355
2.60923
2.60317
2.58792
2.56885
2.54302
2.50789
2.47203
2.45809
2.48764
2.55718
2.64146
2.71874
2.78019
2.82266
2.84258
2.83673
2.80588
2.75754
2.70603
2.6683
2.65615
2.67003
2.69885
2.7257
2.73534
2.72057
2.68464
2.63859
2.59489
2.56122
2.53642
2.51154
2.47619
2.42819
2.37915
2.34834
2.34772
2.3728
2.40726
2.43364
2.44084
2.42796
2.4048
2.38584
2.37971
2.38344
2.38861
2.39081
2.39412
2.40871
2.44368
2.50025
2.57039
2.64076
2.6987
2.73692
2.75531
2.75945
2.75702
2.75197
2.74208
2.72356
2.69689
2.6661
2.63426
2.60202
2.57075
2.54342
2.52288
2.51148
2.51404
2.53586
2.57398
2.61505
2.64473
2.65547
2.64697
2.62415
2.59449
2.56466
2.53757
2.51208
2.48627
2.46106
2.44246
2.4399
2.45997
2.5009
2.55391
2.60881
2.65742
2.69384
2.71501
2.72169
2.71812
2.71096
2.70736
2.70999
2.71378
2.71105
2.6969
2.66958
2.62891
2.5751
2.5093
2.43731
2.37274
2.33134
2.31966
2.33338
2.36513
2.40648
2.44705
2.48035
2.5053
2.52138
2.5266
2.51911
2.49949
2.47004
2.43288
2.39064
2.35058
2.32545
2.32851
2.36622
2.43412
2.51856
2.6022
2.66976
2.71204
2.72728
2.71961
2.69571
2.66275
2.62845
2.60183
2.59199
2.60343
2.63242
2.66887
2.70062
2.71592
2.70617
2.67111
2.62073
2.57059
2.53491
2.52025
2.52479
2.5426
2.56876
2.60061
2.63516
2.66648
2.68678
2.68991
2.67224
2.63193
2.56937
2.48867
2.39872
2.31402
2.25409
2.23702
2.26898
2.33881
2.42405
2.5022
2.55925
2.59288
2.61039
2.62239
2.63561
2.64873
2.65465
2.64682
2.62443
2.59385
2.56575
2.55055
2.55459
2.57817
2.61554
2.65781
2.69692
2.7282
2.74945
2.75955
2.75786
2.74468
2.72149
2.69048
2.65319
2.61039
2.56749
2.54153
2.54927
2.58001
2.60459
2.60686
2.5889
2.55966
2.52699
2.49717
2.4802
2.49081
2.53171
2.58297
2.62034
2.63245
2.62004
2.5906
2.55591
2.52942
2.52033
2.53014
2.55711
2.59941
2.6513
2.69922
2.72754
2.72762
2.69995
2.6525
2.59812
2.551
2.52172
2.51283
2.51724
2.52201
2.51531
2.49329
2.46288
2.43886
2.43606
2.45996
2.50394
2.55705
2.6153
2.68429
2.76802
2.85604
2.92662
2.96062
2.94991
2.89632
2.80972
2.70956
2.61881
2.54972
2.49978
2.46401
2.44545
2.45342
2.49192
2.54754
2.59572
2.62095
2.62387
2.61335
2.59815
2.58545
2.58141
2.58941
2.60762
2.62932
2.64628
2.65175
2.64301
2.6223
2.59528
2.56761
2.54183
2.51691
2.49094
2.46467
2.44281
2.43101
2.43127
2.44101
2.45745
2.48019
2.50993
2.54475
2.57748
2.59526
2.58405
2.54026
2.48226
2.44042
2.42895
2.43985
2.45609
2.468
2.4795
2.49861
2.52729
2.56206
2.59938
2.63617
2.66696
2.68346
2.6796
2.65619
2.62073
2.58402
2.55693
2.54929
2.5687
2.61667
2.68406
2.75276
2.80492
2.8315
2.83252
2.81182
2.77321
2.7207
2.65879
2.5911
2.5211
2.45908
2.42907
2.45487
2.52334
2.58754
2.61174
2.59361
2.55796
2.53888
2.55488
2.59931
2.65522
2.709
2.75186
2.77844
2.78584
2.77327
2.74185
2.69448
2.63673
2.57936
2.5383
2.52743
2.54924
2.59243
2.63893
2.67306
2.68618
2.67573
2.64286
2.59052
2.52375
2.45084
2.38302
2.33255
2.30931
2.31526
2.34078
2.37102
2.39696
2.41975
2.44656
2.48434
2.53482
2.59235
2.64609
2.68478
2.70116
2.69192
2.65688
2.60023
2.53201
2.46756
2.42286
2.40815
2.42437
2.4649
2.52106
2.58632
2.65639
2.72653
2.78915
2.83376
2.84959
2.82884
2.77041
2.68359
2.58857
2.50906
2.45909
2.43579
2.42532
2.41908
2.42399
2.45648
2.52353
2.61181
2.69479
2.74754
2.75704
2.72379
2.65836
2.57601
2.49383
2.42928
2.39586
2.39852
2.43493
2.49885
2.57793
2.6548
2.71513
2.75182
2.76345
2.75305
2.72724
2.69469
2.66322
2.63671
2.61428
2.59175
2.56451
2.53088
2.49405
2.46187
2.44351
2.44387
2.45946
2.47923
2.49032
2.48446
2.46161
2.42889
2.39569
2.36708
2.34221
2.31971
2.30296
2.29808
2.3064
2.32218
2.33915
2.35734
2.38231
2.41886
2.46685
2.52245
2.58089
2.63714
2.68563
2.72147
2.7431
2.75395
2.76144
2.77234
2.78678
2.79777
2.79693
2.78048
2.75155
2.71841
2.69062
2.67425
2.66931
2.67109
2.67391
2.67392
2.66937
2.65887
2.64037
2.61166
2.57286
2.52866
2.48723
2.45544
2.43311
2.41356
2.3905
2.36334
2.33648
2.3157
2.30476
2.30521
2.31916
2.35003
2.3982
2.4581
2.52168
2.58267
2.63575
2.67379
2.68853
2.67496
2.63591
2.58206
2.52741
2.48284
2.45307
2.43861
2.43957
2.45651
2.48709
2.52315
2.55297
2.56656
2.56051
2.54012
2.51798
2.50821
2.51931
2.55048
2.59468
2.64485
2.69629
2.74452
2.78402
2.81047
2.82362
2.82634
2.82094
2.80642
2.77895
2.73512
2.67566
2.60777
2.54336
2.49315
2.46002
2.43773
2.41743
2.3949
2.3737
2.36342
2.37389
2.40883
2.46312
2.52528
2.58092
2.61581
2.61998
2.59263
2.54453
2.49502
2.46271
2.45208
2.44953
2.43618
2.40167
2.34758
2.28518
2.23227
2.20723
2.21942
2.26421
2.32871
2.39954
2.46609
2.52023
2.55604
2.57099
2.56725
2.55231
2.53608
2.52557
2.52105
2.5198
2.52305
2.53838
2.57435
2.63044
2.69359
2.74448
2.76782
2.75874
2.72364
2.67731
2.63783
2.62055
2.63242
2.66975
2.72133
2.77381
2.81566
2.83718
2.83029
2.78948
2.7144
2.61194
2.49709
2.3908
2.31339
2.2751
2.27159
2.28863
2.31089
2.3285
2.342
2.36639
2.42298
2.51337
2.61059
2.68211
2.70926
2.69005
2.63711
2.5732
2.52156
2.49457
2.48981
2.49754
2.51007
2.52485
2.5425
2.56489
2.5912
2.61485
2.62784
2.62875
2.62421
2.6234
2.63225
2.65059
2.67194
2.6869
2.68789
2.67121
2.63606
2.58488
2.52535
2.47098
2.43647
2.43097
2.45383
2.49567
2.54249
2.58123
2.60429
2.61057
2.60309
2.58597
2.56391
2.54272
2.52905
2.5273
2.53514
2.5442
2.54742
2.54516
2.54299
2.54438
2.54606
2.53984
2.5183
2.47902
2.42485
2.36272
2.30105
2.24698
2.20497
2.17909
2.18169
2.23536
2.34394
2.47279
2.5834
2.66111
2.70783
2.72931
2.72941
2.70985
2.67306
2.62563
2.5793
2.54799
2.54221
2.56311
2.6018
2.64544
2.68304
2.70818
2.71894
2.71658
2.70388
2.68422
2.66049
2.6341
2.60399
2.56768
2.52647
2.48839
2.46323
2.45467
2.45936
2.47104
2.48251
2.48682
2.48189
2.47417
2.4752
2.49207
2.52199
2.55565
2.58409
2.60186
2.60714
2.601
2.58661
2.5678
2.54858
2.53321
2.52478
2.52307
2.52459
2.52585
2.52464
2.52017
2.51271
2.50356
2.49444
2.48714
2.48369
2.48702
2.50123
2.52965
2.57173
2.62184
2.67252
2.71742
2.75143
2.76983
2.76924
2.75012
2.71728
2.67811
2.63813
2.5981
2.55607
2.51296
2.47542
2.45239
2.44824
2.46011
2.48064
2.50255
2.52118
2.53295
2.53246
2.51264
2.46877
2.40429
2.33184
2.26942
2.2347
2.23905
2.28385
2.36072
2.45593
2.55526
2.64718
2.72344
2.77812
2.80663
2.80628
2.77837
2.7302
2.67358
2.61881
2.56853
2.51742
2.45889
2.39307
2.33165
2.2947
2.29778
2.34044
2.41139
2.49969
2.59285
2.67338
2.72599
2.74754
2.74721
2.73703
2.72298
2.70345
2.67421
2.63394
2.58658
2.53971
2.50121
2.47703
2.47008
2.47911
2.49786
1.78748
1.84061
1.9157
2.00558
2.09974
2.18637
2.25577
2.30249
2.32555
2.32677
2.31007
2.28177
2.25044
2.22513
2.21212
2.21313
2.2258
2.24506
2.26476
2.27974
2.28763
2.28949
2.2892
2.29175
2.3008
2.31671
2.33592
2.35228
2.35948
2.3531
2.3311
2.29346
2.24183
2.1802
2.11456
2.05176
1.99723
1.95344
1.92102
1.90264
1.9056
1.9384
2.0023
2.08541
2.16659
2.22592
2.25205
2.24449
2.21177
2.1686
2.13013
2.10631
2.10028
2.11032
2.13177
2.15835
2.18329
2.20079
2.20745
2.20392
2.19517
2.18789
2.18667
2.1915
2.19828
2.20138
2.196
2.17967
2.1529
2.11973
2.08708
2.06217
2.05031
2.05468
2.07647
2.11481
2.16532
2.22018
2.27027
2.30758
2.32793
2.33156
2.32183
2.30246
2.27625
2.24609
2.21655
2.19296
2.1787
2.17444
2.1795
2.19274
2.21177
2.23331
2.25437
2.27233
2.284
2.28559
2.27395
2.24801
2.20903
2.1599
2.10441
2.04792
1.99852
1.9655
1.95572
1.97015
2.003
2.04367
2.08017
2.10369
2.11419
2.12169
2.1384
2.16817
2.20592
2.24364
2.27437
2.29301
2.29749
2.2895
2.27342
2.25369
2.23273
2.21082
2.18712
2.16156
2.13716
2.12053
2.11876
2.13467
2.16485
2.20079
2.23204
2.25005
2.25039
2.23309
2.20112
2.15919
2.11328
2.0708
2.04091
2.0324
2.04758
2.07815
2.10983
2.13108
2.13754
2.13081
2.11471
2.09271
2.06786
2.0437
2.02492
2.01576
2.0169
2.02349
2.02699
2.02096
2.00589
1.98941
1.98102
1.9854
1.9999
2.01861
2.03822
2.0602
2.08917
2.12936
2.18138
2.24104
2.30022
2.3494
2.38026
2.38791
2.37201
2.33695
2.29081
2.24378
2.20649
2.18755
2.19069
2.2125
2.24339
2.2721
2.29106
2.29838
2.29553
2.28321
2.25932
2.21973
2.1624
2.09364
2.03192
2.00067
2.00884
2.04154
2.07491
2.09397
2.09796
2.09421
2.08821
2.07958
2.06638
2.052
2.04659
2.06129
2.09933
2.15545
2.22083
2.28688
2.34578
2.39143
2.42034
2.43199
2.42844
2.41194
2.38229
2.33715
2.27754
2.21172
2.1532
2.11442
2.10082
2.10948
2.13092
2.15322
2.16668
2.16773
2.15997
2.15209
2.15324
2.16732
2.19001
2.212
2.22363
2.21805
2.1921
2.14675
2.08799
2.02705
1.97802
1.95327
1.95879
1.99157
2.04097
2.09323
2.13675
2.165
2.17686
2.17502
2.16383
2.14718
2.12749
2.10684
2.08806
2.07414
2.06731
2.06904
2.08047
2.101
2.12596
2.14753
2.15976
2.16267
2.16048
2.15635
2.14962
2.13707
2.11625
2.08886
2.06277
2.04964
2.05774
2.08549
2.12326
2.16142
2.19618
2.22936
2.26441
2.30178
2.33724
2.3639
2.37596
2.37254
2.36063
2.35394
2.36294
2.38413
2.40358
2.40863
2.3931
2.35615
2.30062
2.23217
2.15798
2.08523
2.02135
1.97668
1.96417
1.99015
2.04521
2.10946
2.1651
2.20195
2.21658
2.21202
2.19736
2.18378
2.17748
2.17635
2.17379
2.16447
2.14623
2.11966
2.08832
2.05785
2.03333
2.01656
2.00579
1.99786
1.99276
1.99704
2.01766
2.04728
2.06657
2.06464
2.04821
2.03478
2.04106
2.0739
2.12723
2.18619
2.23521
2.26432
2.27081
2.25826
2.23492
2.21156
2.19729
2.19433
2.19645
2.19392
2.18163
2.16385
2.15172
2.15647
2.18348
2.23009
2.28658
2.33913
2.37399
2.38121
2.3575
2.30634
2.23676
2.16103
2.09322
2.0466
2.0297
2.04314
2.07927
2.12507
2.16697
2.19477
2.20418
2.197
2.17934
2.15919
2.14351
2.13585
2.13564
2.13923
2.14134
2.13649
2.12193
2.10083
2.08182
2.07431
2.0834
2.10883
2.14696
2.19312
2.24122
2.28339
2.31124
2.3183
2.30145
2.26127
2.20301
2.13953
2.09149
2.07894
2.10785
2.16595
2.23184
2.28639
2.31824
2.32401
2.30584
2.26901
2.22062
2.16946
2.12726
2.10613
2.11007
2.13053
2.153
2.16562
2.16269
2.14515
2.11998
2.09805
2.08996
2.10023
2.1236
2.14831
2.16268
2.16037
2.14161
2.11233
2.08206
2.06094
2.05604
2.06814
2.09207
2.12027
2.14765
2.1736
2.1992
2.22377
2.24381
2.25436
2.25074
2.23008
2.1924
2.14133
2.08349
2.02703
1.98028
1.95084
1.9441
1.96115
1.99881
2.05199
2.11623
2.18612
2.2514
2.29763
2.31332
2.29661
2.25711
2.2123
2.17901
2.16522
2.16953
2.18714
2.21382
2.24622
2.28067
2.31316
2.34031
2.36125
2.37883
2.3979
2.42084
2.44401
2.45891
2.45582
2.4272
2.37047
2.2895
2.19416
2.09748
2.01211
1.94746
1.90846
1.89536
1.90358
1.92593
1.95727
1.99683
2.04414
2.09406
2.1377
2.16694
2.17862
2.17624
2.16908
2.16823
2.18164
2.21084
2.25211
2.29944
2.34609
2.38484
2.40895
2.41303
2.39466
2.35634
2.30574
2.25238
2.2023
2.15619
2.11296
2.07368
2.04288
2.02602
2.02611
2.04112
2.06385
2.08487
2.09669
2.09655
2.08611
2.06955
2.05155
2.03671
2.02963
2.03464
2.05498
2.09143
2.14111
2.19712
2.25078
2.29467
2.32386
2.33543
2.32817
2.30353
2.26657
2.22405
2.18111
2.13985
2.10131
2.06894
2.05023
2.05326
2.08058
2.12613
2.17754
2.2217
2.24894
2.25476
2.24059
2.21326
2.18302
2.15999
2.15121
2.15902
2.18081
2.21054
2.24109
2.2659
2.2803
2.28225
2.27204
2.25101
2.22117
2.18616
2.15211
2.12651
2.11514
2.11991
2.13847
2.16599
2.19804
2.23224
2.26737
2.30037
2.32539
2.33615
2.32986
2.30953
2.28148
2.25095
2.21915
2.18471
2.14713
2.1085
2.07307
2.04569
2.0301
2.02619
2.02953
2.0351
2.04117
2.04944
2.06196
2.07815
2.09363
2.1014
2.09481
2.07034
2.0291
1.97624
1.91864
1.8633
1.81859
1.79516
1.80196
1.83919
1.89711
1.96362
2.0319
2.10046
2.16755
2.22769
2.27471
2.30552
2.31999
2.31884
2.30314
2.27525
2.24013
2.20508
2.17785
2.1642
2.16623
2.18312
2.2127
2.25199
2.29665
2.34075
2.378
2.40286
2.41134
2.402
2.37569
2.33353
2.27597
2.20499
2.12698
2.05264
1.99419
1.96195
1.96176
1.99355
2.0508
2.12065
2.18728
2.23659
2.25987
2.25486
2.22498
2.17832
2.12542
2.0767
2.03996
2.01915
2.01437
2.02393
2.0457
2.07752
2.11566
2.1541
2.18546
2.20331
2.20343
2.18557
2.15402
2.11592
2.07829
2.04647
2.02438
2.01597
2.02542
2.05527
2.10317
2.16011
2.21263
2.24919
2.26551
2.26533
2.2569
2.24762
2.24015
2.23199
2.21829
2.19579
2.16468
2.12945
2.09829
2.08051
2.08079
2.09582
2.11654
2.13441
2.1456
2.15097
2.15311
2.15345
2.15225
2.14918
2.14358
2.135
2.12464
2.11579
2.11214
2.11523
2.1236
2.13392
2.1437
2.15417
2.17056
2.19708
2.231
2.26201
2.27812
2.27181
2.24288
2.19721
2.14473
2.09821
2.06962
2.0641
2.07795
2.10318
2.13249
2.16017
2.1803
2.187
2.17736
2.15438
2.12569
2.10023
2.08479
2.08246
2.09265
2.11218
2.1368
2.16248
2.18643
2.20738
2.22564
2.24194
2.25596
2.26612
2.2719
2.27594
2.28283
2.29589
2.31439
2.33397
2.34871
2.3529
2.3424
2.31547
2.27267
2.21611
2.14908
2.07604
2.00363
1.94051
1.89549
1.8754
1.88378
1.91909
1.97256
2.03086
2.08307
2.1257
2.16084
2.19122
2.21656
2.23356
2.23787
2.22628
2.19851
2.15904
2.11794
2.08825
2.07876
2.08863
2.10921
2.13021
2.14508
2.15324
2.15901
2.16744
2.17984
2.19255
2.20034
2.2
2.1911
2.17447
2.15193
2.12845
2.11264
2.113
2.1326
2.16694
2.20688
2.24328
2.26995
2.2848
2.2895
2.288
2.28448
2.28162
2.27995
2.27926
2.28048
2.28654
2.3001
2.32131
2.34716
2.37364
2.39745
2.41571
2.42411
2.41658
2.38824
2.33854
2.27266
2.19979
2.12993
2.07064
2.02507
1.99233
1.96939
1.95383
1.9451
1.94477
1.95492
1.97552
2.00392
2.03687
2.07122
2.10286
2.12663
2.13765
2.13287
2.11236
2.08059
2.04626
2.01989
2.00949
2.01713
2.03847
2.06554
2.09109
2.11202
2.13011
2.15043
2.17799
2.21403
2.25399
2.28867
2.30873
2.30919
2.29101
2.25937
2.22175
2.18722
2.16498
2.15892
2.1637
2.17014
2.17552
2.18703
2.21272
2.24941
2.28236
2.29653
2.28677
2.26107
2.23549
2.22268
2.22372
2.23125
2.23805
2.24112
2.24076
2.23788
2.23285
2.2258
2.21625
2.20184
2.17868
2.14585
2.10994
2.08242
2.07004
2.06948
2.07323
2.07701
2.08128
2.08879
2.10098
2.11621
2.12977
2.13637
2.13392
2.1252
2.11577
2.10998
2.10822
2.1073
2.10344
2.0955
2.08601
2.07964
2.08033
2.08932
2.10454
2.1211
2.133
2.13609
2.13032
2.11943
2.10843
2.10098
2.09849
2.10021
2.10381
2.10721
2.11043
2.11503
2.12165
2.1284
2.1322
2.13131
2.12664
2.12142
2.11955
2.12346
2.13261
2.1431
2.14915
2.14528
2.12926
2.10341
2.0747
2.05327
2.04922
2.06771
2.10596
2.15522
2.20477
2.24596
2.27561
2.29669
2.3145
2.33146
2.34504
2.34986
2.34202
2.32161
2.29212
2.25753
2.22061
2.1831
2.14711
2.11571
2.09225
2.07825
2.07229
2.07076
2.07055
2.07183
2.07907
2.09739
2.12706
2.16205
2.19406
2.21713
2.22872
2.22901
2.22033
2.20668
2.19281
2.18281
2.17891
2.18071
2.18516
2.18798
2.1861
2.18002
2.17397
2.17278
2.1781
2.18709
2.19448
2.19569
2.18834
2.17262
2.151
2.12799
2.10897
2.09799
2.09557
2.09884
2.10423
2.11087
2.12177
2.14136
2.17018
2.20296
2.0218
2.0488
2.07396
2.09593
2.11345
2.12623
2.1354
2.14322
2.15162
2.16042
2.16652
2.16533
2.15337
2.12991
2.09669
2.05706
2.01508
1.97495
1.94073
1.91584
1.90259
1.90123
1.90908
1.92089
1.93074
1.93404
1.9289
1.91897
1.91423
1.92512
1.95431
1.99682
2.04537
2.09303
2.13337
2.161
2.17297
2.1698
2.15507
2.13396
2.11142
2.09083
2.07365
2.06078
2.05449
2.05926
2.07949
2.11441
2.15552
2.19146
2.2171
2.23652
2.2566
2.27968
2.30154
2.31484
2.31459
2.30089
2.27764
2.2483
2.21269
2.16889
2.11711
2.0615
2.00887
1.96651
1.94048
1.93275
1.93889
1.94937
1.95432
1.94796
1.9305
1.90718
1.88497
1.86874
1.85895
1.85191
1.84309
1.83229
1.8259
1.83182
1.85161
1.87963
1.90916
1.9375
1.96589
1.99592
2.02617
2.05194
2.06812
2.07341
2.07201
2.07119
2.07705
2.0916
2.11254
2.13472
2.1521
2.1605
2.15937
2.15181
2.1422
2.13284
2.1228
2.11059
2.09848
2.09181
2.09296
2.09785
2.09973
2.09466
2.083
2.06794
2.05304
2.04
2.02792
2.01452
1.99857
1.98224
1.97128
1.97191
1.98555
2.00573
2.02133
2.02382
2.01228
1.99362
1.97827
1.9747
1.98555
2.00817
2.03789
2.07127
2.107
2.14524
2.18571
2.22574
2.25992
2.28172
2.28569
2.26891
2.23116
2.17461
2.10366
2.02495
1.94637
1.87487
1.81452
1.76671
1.73308
1.71732
1.72389
1.7542
1.80343
1.86131
1.9171
1.96498
2.00564
2.04382
2.08397
2.12677
2.16877
2.20374
2.22533
2.22914
2.2145
2.1854
2.15029
2.11989
2.10332
2.10499
2.12364
2.15362
2.18661
2.21339
2.22592
2.22012
2.19734
2.16248
2.11984
2.072
2.02232
1.97641
1.94108
1.92207
1.92119
1.93428
1.95342
1.97078
1.98182
1.98627
1.98666
1.98583
1.9858
1.98868
1.99815
2.01972
2.05722
2.10735
2.15905
2.19938
2.21931
2.21649
2.19568
2.16767
2.14449
2.132
2.12604
2.11661
2.09661
2.06636
2.03204
2.00126
1.97926
1.96658
1.95906
1.95001
1.93357
1.90839
1.87805
1.84844
1.82477
1.81227
1.82053
1.86065
1.93108
2.01359
2.08756
2.14035
2.16699
2.16737
2.14523
2.10781
2.06528
2.0295
2.01132
2.01595
2.03966
2.07159
2.10013
2.1179
2.12269
2.11614
2.10188
2.08397
2.06602
2.05101
2.04158
2.03941
2.04319
2.04861
2.05062
2.04646
2.03699
2.02517
2.01375
2.00404
1.99644
1.99253
1.99608
2.01086
2.03622
2.06647
2.09411
2.11327
2.12076
2.11611
2.10251
2.08621
2.07501
2.0756
2.09113
2.12015
2.15688
2.19364
2.22353
2.24234
2.24843
2.24167
2.22327
2.19594
2.16261
2.1244
2.08055
2.0303
1.97456
1.91643
1.86194
1.82045
1.80188
1.81002
1.83889
1.87525
1.90509
1.91973
1.91839
1.90654
1.8921
1.88103
1.87491
1.87185
1.86999
1.87062
1.87866
1.89953
1.93505
1.98114
2.02929
2.07041
2.09824
2.11182
2.11619
2.11999
2.13068
2.15008
2.17388
2.1955
2.2101
2.21596
2.21371
2.20486
2.19051
2.17146
2.14887
2.12469
2.10136
2.08128
2.06666
2.05969
2.06167
2.07063
2.08061
2.08432
2.0773
2.05999
2.03726
2.01602
2.00032
1.9882
1.97454
1.95696
1.93866
1.92649
1.92672
1.94121
1.96644
1.99583
2.02297
2.04399
2.05763
2.06404
2.06368
2.05667
2.04336
2.02575
2.00972
2.00576
2.02649
2.07983
2.16263
2.26012
2.35098
2.41412
2.43366
2.40192
2.32164
2.20738
2.08401
1.97862
1.9072
1.86929
1.85727
1.86623
1.89316
1.93301
1.97873
2.0241
2.06518
2.09832
2.11779
2.11704
2.09295
2.04926
1.99655
1.94952
1.92191
1.92055
1.94338
1.98333
2.03325
2.08747
2.14082
2.18767
2.22242
2.24098
2.24152
2.22487
2.19445
2.15547
2.11324
2.0723
2.03624
2.00772
1.98808
1.9771
1.97366
1.97729
1.98931
2.01135
2.04219
2.07586
2.10358
2.11746
2.11304
2.08975
2.0506
2.00156
1.95107
1.90839
1.88115
1.87327
1.88434
1.91021
1.94417
1.97829
2.00565
2.02287
2.03137
2.03615
2.04203
2.04942
2.05318
2.04534
2.0201
1.97905
1.93558
1.91257
1.92624
1.96856
2.01615
2.05195
2.07136
2.07709
2.07404
2.06792
2.0653
2.07316
2.09557
2.13094
2.17298
2.213
2.24163
2.25082
2.23642
2.20024
2.15061
2.10013
2.0616
2.04414
2.05037
2.07595
2.11139
2.14618
2.17234
2.18607
2.18767
2.1799
2.16584
2.14724
2.12458
2.09892
2.07405
2.05613
2.0503
2.05717
2.07295
2.09252
2.11196
2.12976
2.14566
2.15903
2.16688
2.16413
2.14561
2.10911
2.05835
2.00385
1.95872
1.93046
1.91776
1.91601
1.92147
1.92984
1.93479
1.92997
1.91287
1.88731
1.86138
1.84218
1.8321
1.83046
1.83673
1.85151
1.87527
1.90739
1.94656
1.99069
2.03587
2.07645
2.10707
2.12488
2.12947
2.12162
2.10243
2.07404
2.04125
2.01135
1.99208
1.98804
1.99822
2.01718
2.03879
2.05922
2.07706
2.0922
2.1044
2.11374
2.12086
2.12735
2.13515
2.14558
2.15801
2.16968
2.17637
2.17406
2.16049
2.13522
2.09902
2.05448
2.00781
1.96928
1.9504
1.95928
1.9962
2.05304
2.11635
2.17217
2.21032
2.22625
2.22039
2.19656
2.15991
2.11517
2.06537
2.01175
1.95603
1.90356
1.86392
1.84682
1.85571
1.88489
1.9225
1.95576
1.9753
1.97849
1.97195
1.96946
1.98213
2.01142
2.05274
2.1012
2.15157
2.19638
2.22658
2.23449
2.21647
2.17332
2.10976
2.03306
1.95143
1.87315
1.80699
1.76335
1.75321
1.78415
1.85582
1.95794
2.07308
2.18223
2.26934
2.32376
2.34113
2.32415
2.28177
2.22682
2.17267
2.1312
2.11134
2.11379
2.12744
2.13464
2.12132
2.08383
2.0305
1.97994
1.95285
1.95889
1.99138
2.03585
2.08014
2.11636
2.13881
2.14265
2.12388
2.08016
2.01227
1.92655
1.83763
1.76708
1.73513
1.75019
1.80471
1.88096
1.96042
2.02943
2.08061
2.11155
2.12402
2.12398
2.11979
2.11833
2.12185
2.12757
2.13013
2.12443
2.10773
2.08097
2.049
2.02013
2.00441
2.01068
2.04241
2.09427
2.15343
2.20623
2.24417
2.26529
2.27101
2.26225
2.23803
2.19715
2.14179
2.08226
2.0376
2.02311
2.03489
2.05374
2.06193
2.05182
2.02553
1.9921
1.96284
1.94617
1.94443
1.95439
1.97076
1.98999
2.01137
2.03412
2.05307
2.05885
2.04342
2.00642
1.9588
1.92126
1.91416
1.94362
1.99985
2.06806
2.13569
2.19255
2.2302
2.24324
2.23098
2.19827
2.1543
2.10931
2.0709
2.04185
2.02143
2.00735
1.99675
1.98653
1.97449
1.96126
1.95098
1.95024
1.96564
2.0009
2.05408
2.11663
2.1757
2.21822
2.23463
2.22083
2.17901
2.11726
2.0471
1.97906
1.91973
1.87219
1.83914
1.82426
1.82987
1.85341
1.88722
1.92213
1.95127
1.97121
1.98119
1.98188
1.97451
1.96121
1.94562
1.93359
1.93245
1.94816
1.98136
2.02485
2.06555
2.09013
2.09121
2.07096
2.04011
2.01287
2.00031
2.00616
2.02678
2.05406
2.07893
2.09445
2.09754
2.08903
2.07196
2.04988
2.0254
2.00007
1.97547
1.95495
1.94394
1.94642
1.96095
1.98179
2.00356
2.02467
2.04687
2.07262
2.10273
2.13638
2.17249
2.20978
2.24449
2.26961
2.27797
2.26598
2.235
2.19045
2.13959
2.08926
2.04366
2.00383
1.96981
1.94551
1.94095
1.96387
2.00748
2.05487
2.09324
2.11876
2.13304
2.1392
2.1399
2.13624
2.12792
2.11479
2.09807
2.07953
2.05952
2.03736
2.01329
1.98967
1.97028
1.95874
1.95732
1.96612
1.98347
2.00611
2.02935
2.04729
2.05482
2.04985
2.03357
2.00863
1.97784
1.94398
1.91067
1.88295
1.86633
1.86513
1.88108
1.91332
1.95895
2.01391
2.07345
2.13225
2.18394
2.22145
2.23841
2.23095
2.199
2.14746
2.08645
2.02933
1.98767
1.96716
1.96736
1.98411
2.01118
2.04079
2.06465
2.07616
2.07134
2.04896
2.01098
1.96388
1.91925
1.8906
1.88823
1.91526
1.96725
2.03467
2.10557
2.16862
2.21621
2.24578
2.25873
2.25762
2.2447
2.22261
2.19468
2.16403
2.13319
2.10671
2.09228
2.09527
2.11196
2.13141
2.14375
2.14573
2.13993
2.13034
2.11946
2.10951
2.10458
2.10906
2.12389
2.1442
2.16084
2.16462
2.14953
2.11417
2.06197
2.00125
1.94453
1.90577
1.89521
1.91581
1.96316
2.02769
2.09617
2.15328
2.18514
2.18265
2.14384
2.0746
1.98813
1.9016
1.83148
1.78904
1.77826
1.79582
1.83272
1.87774
1.92148
1.95925
1.99081
2.01842
2.04451
2.07012
2.09439
2.11437
2.12621
2.12715
2.11677
2.09742
2.07401
2.05357
2.04356
2.04793
2.06462
2.08687
2.10726
2.12056
2.12443
2.11927
2.10789
2.09501
2.08488
2.07942
2.07839
2.08095
2.0852
2.08669
2.07966
2.06112
2.0334
2.00381
1.98138
1.97247
1.97793
1.99384
2.01415
2.03323
2.04689
2.05197
2.04586
2.02716
1.99658
1.95797
1.91906
1.89051
1.88221
1.89818
1.93439
1.98179
2.03181
2.07883
2.12036
2.15647
2.1888
2.21985
2.25103
2.28
2.30022
2.30496
2.29126
2.26036
2.21619
2.16389
2.10908
2.05712
2.01215
1.977
1.95374
1.94428
1.95014
1.97151
2.00604
2.04809
2.08943
2.12185
2.13996
2.14158
2.12649
2.09622
2.05376
2.00322
1.95018
1.90304
1.87253
1.86758
1.89031
1.93412
1.98656
2.03511
2.07112
2.09121
2.09671
2.09292
2.08698
2.0852
2.09005
2.09935
2.10821
2.11194
2.10874
2.10049
2.09178
2.08725
2.11019
2.11215
2.11372
2.11081
2.10229
2.09022
2.07815
2.06819
2.05999
2.05172
2.04115
2.02584
2.00427
1.97819
1.9542
1.94095
1.94299
1.9578
1.97907
2.00171
2.02413
2.04791
2.07648
2.11238
2.15445
2.19723
2.23327
2.25637
2.26332
2.25447
2.23355
2.2068
2.18056
2.15866
2.14091
2.12405
2.10402
2.07806
2.04588
2.01127
1.9822
1.96753
1.97098
1.98852
2.01124
2.03141
2.04557
2.05369
2.05686
2.0558
2.05095
2.04276
2.03197
2.01909
2.00359
1.98438
1.96078
1.93338
1.90466
1.87927
1.8632
1.86167
1.87656
1.90458
1.93725
1.96323
1.97449
1.97454
1.98012
2.00682
2.05198
2.10075
2.14239
2.17486
2.20056
2.22119
2.23543
2.23987
2.23273
2.21664
2.19856
2.18679
2.18657
2.19742
2.21363
2.22703
2.23027
2.21982
2.19783
2.17146
2.14898
2.13526
2.13129
2.13527
2.14237
2.14517
2.1373
2.11796
2.09173
2.06369
2.03557
2.0069
1.9796
1.95928
1.95197
1.95957
1.97862
2.00216
2.02324
2.03732
2.04264
2.03901
2.0266
2.00637
1.98131
1.95756
1.94332
1.94546
1.96563
1.999
2.03658
2.06975
2.09363
2.10932
2.12307
2.14277
2.17237
2.20856
2.24256
2.2648
2.2694
2.25644
2.23166
2.20323
2.17692
2.15355
2.13005
2.10353
2.07397
2.04483
2.02137
2.00784
2.00457
2.00695
2.00777
2.00147
1.98759
1.97094
1.95883
1.95727
1.96831
1.98943
2.01544
2.04148
2.06467
2.08373
2.09758
2.10525
2.10697
2.10549
2.10573
2.11147
2.12212
2.133
2.13949
2.14057
2.139
2.13853
2.14044
2.14218
2.13952
2.13084
2.12004
2.11524
2.1215
2.13514
2.14647
2.14658
2.13155
2.10217
2.06206
2.01605
1.9694
1.92719
1.89432
1.8753
1.87352
1.8904
1.92472
1.97254
2.02771
2.08259
2.12893
2.15911
2.16773
2.15318
2.11838
2.07002
2.01674
1.96682
1.92632
1.89833
1.88384
1.88338
1.89761
1.92613
1.96658
2.01575
2.07052
2.12753
2.1821
2.22899
2.2645
2.28653
2.29338
2.28299
2.25426
2.20865
2.15116
2.08933
2.03021
1.97833
1.93613
1.90551
1.88846
1.88585
1.89542
1.91137
1.92826
1.94541
1.96606
1.99037
2.01288
2.02772
2.03413
2.03619
2.03873
2.04422
2.05263
2.06265
2.07276
2.0815
2.08721
2.08905
2.08845
2.08826
2.08948
2.08908
2.08173
2.06426
2.03819
2.00703
1.97338
1.93983
1.91195
1.89788
1.90353
1.92887
1.96882
2.01735
2.0702
2.12443
2.17588
2.21733
2.2395
2.23513
2.20264
2.14796
2.0838
2.0264
1.99013
1.9822
2.00047
2.03622
2.07911
2.12014
2.15274
2.17391
2.18546
2.1921
2.19824
2.20693
2.21852
2.22798
2.22578
2.20436
2.16311
2.10904
2.05504
2.01554
2.00026
2.01127
2.04344
2.08632
2.12718
2.15518
2.16437
2.15394
2.12716
2.08998
2.0497
2.01369
1.98771
1.97434
1.97219
1.97677
1.98382
1.9927
2.00625
2.02756
2.05614
2.08667
2.11112
2.12247
2.11695
2.09398
2.05586
2.00792
1.95818
1.9153
1.88644
1.87611
1.88554
1.9122
1.94972
1.98936
2.02249
2.04379
2.0528
2.0529
2.0486
2.04305
2.03778
2.03346
2.03065
2.02989
2.03218
2.03936
2.05453
2.08027
2.11548
2.15406
2.1876
2.20875
2.21284
2.1979
2.16435
2.11517
2.05627
1.99662
1.94703
1.91653
1.90943
1.9255
1.962
2.01452
2.07605
2.13753
2.19084
2.23068
2.25368
2.25772
2.24342
2.21494
2.17797
2.1369
2.09322
2.04688
1.998
1.94843
1.90197
1.86517
1.84822
1.86053
1.90301
1.96621
2.03596
2.0985
2.14323
2.16473
2.16263
2.13996
2.10192
2.05561
2.01097
1.98034
1.97475
1.99851
2.0471
2.11093
2.18129
2.25172
2.31579
2.36531
2.39234
2.39256
2.36668
2.31979
2.25894
2.19036
2.11828
2.04538
1.97491
1.91291
1.86781
1.84638
1.84969
1.87235
1.90675
1.94724
1.99111
2.03609
2.07795
2.11066
2.12892
2.13044
2.11731
2.0958
2.07449
2.06083
2.05763
2.06203
2.06805
2.07019
2.06552
2.05391
2.03826
2.02374
2.0154
2.01547
2.0222
2.03064
2.03447
2.02762
2.00545
1.96587
1.91099
1.84918
1.79532
1.76644
1.77361
1.81562
1.88037
1.95207
2.0176
2.0695
2.10555
2.12747
2.13974
2.14747
2.15359
2.15829
2.16072
2.16111
2.16151
2.16431
2.16982
2.17542
2.17819
2.17823
2.17958
2.18784
2.20615
2.23224
2.25829
2.27383
2.27047
2.2446
2.1986
2.13931
2.07526
2.01424
1.96122
1.91864
1.88753
1.86795
1.85954
1.86199
1.87483
1.89716
1.92753
1.96326
2.00016
2.03272
2.05509
2.06332
2.05699
2.04058
2.02409
2.02041
2.03917
2.08015
2.13256
2.18116
2.21497
2.23324
2.24454
2.25631
2.26474
2.2591
2.23293
2.18807
2.13182
2.07304
2.01939
1.97603
1.94544
1.92832
1.92463
1.93435
1.95682
1.99
2.03017
2.07225
2.11008
2.13769
2.15132
2.1502
2.13665
2.11516
2.09149
2.0708
2.05576
2.04621
2.04102
2.04061
2.04514
2.05049
2.04957
2.03893
2.02204
2.00594
1.99641
1.99583
2.00448
2.02095
2.04181
2.06293
2.08147
2.0968
2.10948
2.11953
2.12638
2.12985
2.13046
2.12912
2.12668
2.12401
2.12201
2.12178
2.12391
2.12727
2.12836
2.12241
2.10564
2.07732
2.04019
2.00105
1.97051
1.9599
1.97527
2.01218
2.05784
2.0988
2.12675
2.13923
2.13702
2.12232
2.09897
2.07323
2.05217
2.04044
2.03798
2.04068
2.04307
2.04179
2.03667
2.02882
2.01847
2.00413
1.98444
1.96044
1.93643
1.91861
1.91269
1.92261
1.9498
1.9918
2.04196
2.09135
2.13174
2.15756
2.16628
2.15795
2.13484
2.10142
2.06452
2.03243
2.01274
2.00933
2.02082
2.043
2.07155
2.10282
2.13352
2.16156
2.18592
2.20527
2.21729
2.21931
2.20943
2.1877
2.15671
2.1203
2.08143
2.04135
2.0022
1.97055
1.95712
1.97112
2.01401
2.07717
2.14505
2.20106
2.23194
2.22978
2.19254
2.12448
2.03613
1.94294
1.86114
1.80297
1.77433
1.77554
1.80299
1.85077
1.91208
1.97943
2.04447
2.09943
2.13981
2.16514
2.17641
2.17405
2.15831
2.13102
2.09669
2.06153
2.03142
2.01055
2.0016
2.00645
2.02605
2.05929
2.10156
2.14481
2.18019
2.20103
2.20392
2.18807
2.15541
2.11073
2.06161
2.0171
1.98449
1.96719
1.96403
1.97116
1.98442
2.00095
2.01992
2.04177
2.06577
2.08836
2.1042
2.10923
2.10297
2.08829
2.06989
2.0523
2.03914
2.03327
2.03714
2.05203
2.07678
2.10665
2.1343
2.1529
2.15923
2.15429
2.14137
2.12356
2.10288
2.08179
2.06423
2.05442
2.05381
2.06005
2.06909
2.07821
2.08699
2.09632
2.10649
2.11561
2.11965
2.1142
2.09648
2.06608
2.02456
1.97518
1.92257
1.87279
1.83312
1.81112
1.81245
1.83797
1.88163
1.93213
1.97777
2.01105
2.03039
2.03919
2.04358
2.0499
2.0621
2.07946
2.09685
2.10754
2.10722
2.09629
2.07877
2.0593
2.04125
2.02829
2.02607
2.03973
2.06831
2.10271
2.13056
2.14312
2.13844
2.12028
2.09561
2.07172
2.05325
2.04171
2.03837
2.04679
2.06941
2.10185
2.1339
2.15647
2.16545
2.16146
2.1484
2.132
2.11806
2.11035
2.10967
2.1147
2.12308
2.13239
2.14055
2.14557
2.14619
2.1421
2.13393
2.12233
2.10729
2.08992
2.07526
2.07093
2.08009
2.09788
2.11612
2.12922
2.13519
2.13369
2.1244
2.10664
2.08021
2.04691
2.01156
1.98128
1.96309
1.96119
1.97489
1.99761
2.01885
2.0279
2.01862
1.99299
1.96138
1.93721
1.93035
1.94369
1.97346
2.01109
2.04576
2.06789
2.07215
2.05884
2.03273
2.00087
1.97071
1.94922
1.94099
1.9466
1.96398
1.9908
2.02498
2.06382
2.10338
2.13943
2.16927
2.1932
2.21423
2.23554
2.25758
2.27643
2.28518
2.27716
2.24954
2.20441
2.14711
2.08322
2.01756
1.95584
1.90758
1.8853
1.89774
1.94187
2.00216
2.05945
2.10048
2.12146
2.12557
2.11909
2.10886
2.10114
2.10101
2.11101
2.12995
2.1539
2.17884
2.20243
2.22333
2.23963
2.24819
2.24577
2.23085
2.20563
2.17653
2.15125
2.13382
2.12248
2.11189
2.09611
2.07032
2.03172
1.98092
1.92259
1.86422
1.81337
1.77563
1.75435
1.75066
1.76296
1.7877
1.82109
1.86006
1.90181
1.94403
1.98521
2.02455
2.06132
2.09457
2.12339
2.14669
2.16315
2.17163
2.17211
2.16637
2.1569
2.14525
2.13148
2.11635
2.10348
2.09849
2.1055
2.12421
2.15051
2.1789
2.20483
2.22543
2.23881
2.24295
2.23548
2.2155
2.18519
2.14902
2.11054
2.07113
2.03348
2.00478
1.9929
1.99932
2.01791
2.03925
2.05611
2.06589
2.0697
2.06904
2.06339
2.05135
2.03358
2.01394
1.99784
1.98931
1.98944
1.99685
2.00922
2.02392
2.03807
2.04773
2.04835
2.03599
2.00988
1.97502
1.94238
1.92554
1.93436
1.9698
2.0242
2.08738
2.15182
2.21312
2.26747
2.30976
2.33473
2.33972
2.32687
2.30231
2.27261
2.24117
2.20762
2.17058
2.1297
2.08652
2.04379
2.00443
1.97123
1.94599
1.9287
1.91646
1.90436
1.88915
1.87207
1.85703
1.8476
1.84684
1.85783
1.88141
1.91347
1.94603
1.97112
1.98445
1.98617
1.98028
1.97287
1.97088
1.98035
2.00417
2.04039
2.08329
2.12588
2.16182
2.18631
2.19681
2.19345
2.17841
2.1545
2.12518
2.09466
2.06738
2.04608
2.03092
2.01981
2.01019
2.00046
1.98989
1.9779
1.9639
1.94909
1.93723
1.93237
1.93452
1.93915
1.94117
1.93915
2.26114
2.2427
2.22549
2.21518
2.21436
2.22302
2.24019
2.26539
2.29805
2.33632
2.37647
2.41297
2.44029
2.45546
2.45891
2.45323
2.44219
2.42943
2.41671
2.40305
2.38647
2.36675
2.34509
2.32134
2.29349
2.26082
2.22605
2.19361
2.16603
2.14269
2.12248
2.1069
2.10062
2.10878
2.13357
2.17226
2.21897
2.26703
2.30964
2.34032
2.35478
2.35282
2.33954
2.32371
2.31305
2.30906
2.30657
2.29724
2.27492
2.2392
2.19766
2.16582
2.15735
2.17023
2.19097
2.21151
2.23137
2.25074
2.26882
2.28375
2.29242
2.29151
2.2804
2.26232
2.24319
2.22799
2.21797
2.21107
2.20408
2.19458
2.18255
2.17143
2.16796
2.18064
2.21598
2.27436
2.34782
2.42193
2.48114
2.51374
2.51481
2.48592
2.43329
2.36599
2.29483
2.23049
2.18144
2.1519
2.14087
2.14301
2.15169
2.16212
2.17243
2.18226
2.19112
2.19827
2.20352
2.20741
2.21138
2.21774
2.22861
2.2438
2.25935
2.26831
2.26353
2.24123
2.20342
2.15742
2.11298
2.08103
2.07385
2.10073
2.15863
2.23188
2.30211
2.35594
2.38695
2.39402
2.37998
2.35163
2.31918
2.29386
2.28306
2.28558
2.29224
2.29434
2.29212
2.29322
2.30228
2.31609
2.32974
2.34144
2.35048
2.35539
2.35546
2.35234
2.35015
2.35365
2.36612
2.38851
2.41868
2.45061
2.47546
2.48465
2.47301
2.4399
2.38914
2.32975
2.27444
2.23136
2.19596
2.15631
2.10717
2.05621
2.01919
2.01024
2.03325
2.07994
2.136
2.18915
2.23228
2.26057
2.26922
2.25435
2.21707
2.16635
2.11629
2.07879
2.05831
2.05348
2.06028
2.07426
2.09186
2.11113
2.13122
2.15175
2.1732
2.19675
2.22314
2.25189
2.28208
2.31386
2.34828
2.38517
2.42168
2.45354
2.4776
2.49174
2.49356
2.48041
2.45116
2.40665
2.34903
2.28138
2.20904
2.14097
2.08909
2.06253
2.05987
2.06915
2.07934
2.09143
2.11589
2.15839
2.21242
2.26646
2.31267
2.34739
2.36788
2.37113
2.3546
2.31786
2.26447
2.20295
2.14535
2.10381
2.08673
2.09653
2.12842
2.17198
2.21521
2.2491
2.27023
2.28108
2.28875
2.30159
2.32448
2.35478
2.38308
2.39865
2.39525
2.37304
2.33751
2.29706
2.25992
2.23171
2.21458
2.20841
2.21175
2.22143
2.23234
2.23941
2.24147
2.24315
2.25238
2.27423
2.30677
2.34258
2.37374
2.39537
2.40551
2.40356
2.3891
2.36238
2.326
2.28554
2.24826
2.22036
2.20524
2.2035
2.21383
2.23272
2.25418
2.27077
2.27548
2.26502
2.24178
2.21327
2.18779
2.17012
2.16088
2.15878
2.16164
2.16542
2.16341
2.1488
2.11883
2.0778
2.03611
2.00483
1.99017
1.99187
2.00578
2.02592
2.04552
2.05981
2.06946
2.07999
2.09726
2.12289
2.15247
2.17884
2.19781
2.21148
2.22629
2.24906
2.28334
2.32751
2.37482
2.4157
2.44127
2.44693
2.43443
2.41046
2.38262
2.35587
2.3314
2.30744
2.28084
2.24998
2.21861
2.1954
2.18557
2.18532
2.18782
2.18974
2.19033
2.1898
2.19002
2.1941
2.20415
2.21975
2.23842
2.25687
2.2719
2.2804
2.27946
2.26796
2.24956
2.23376
2.23339
2.2578
2.30624
2.36645
2.42076
2.45402
2.45791
2.43167
2.38086
2.31618
2.25171
2.20067
2.16957
2.156
2.15292
2.15486
2.1594
2.16444
2.16785
2.16987
2.17226
2.17437
2.17349
2.16704
2.15388
2.13653
2.12366
2.12596
2.14735
2.18184
2.21958
2.25401
2.2828
2.30491
2.31839
2.32137
2.31417
2.30067
2.28814
2.28548
2.29948
2.33154
2.37623
2.42355
2.46254
2.48412
2.48167
2.45129
2.39386
2.31955
2.24977
2.20732
2.1982
2.20968
2.22685
2.24427
2.2637
2.28571
2.30406
2.30878
2.2939
2.26202
2.22273
2.18726
2.16198
2.14443
2.12656
2.10294
2.07585
2.05345
2.04448
2.05437
2.08401
2.13033
2.18727
2.24668
2.30093
2.34618
2.3836
2.41685
2.44785
2.47468
2.49318
2.50042
2.49643
2.48295
2.46133
2.43183
2.39474
2.35179
2.30631
2.26145
2.21816
2.1743
2.12618
2.07366
2.02505
1.99434
1.98948
2.00391
2.02219
2.03235
2.0313
2.02408
2.0215
2.036
2.07502
2.13538
2.20496
2.27045
2.32328
2.36068
2.38357
2.39414
2.3942
2.38457
2.36555
2.33758
2.30238
2.26365
2.22771
2.2027
2.19545
2.20736
2.23359
2.26678
2.30117
2.33411
2.36384
2.38679
2.39779
2.39268
2.371
2.3373
2.30081
2.27301
2.26182
2.26744
2.28395
2.30365
2.31927
2.32356
2.31006
2.27598
2.22537
2.16905
2.1205
2.09089
2.08616
2.10653
2.14713
2.19919
2.25163
2.29308
2.31364
2.3067
2.27107
2.21266
2.14414
2.08108
2.0363
2.01728
2.02654
2.06309
2.1227
2.19731
2.27543
2.34427
2.39372
2.41908
2.42042
2.40012
2.36113
2.30716
2.24387
2.17841
2.11783
2.06825
2.03528
2.0231
2.03283
2.06183
2.10397
2.15106
2.19577
2.23464
2.2689
2.30228
2.33749
2.37347
2.40504
2.42454
2.42473
2.40183
2.3585
2.3051
2.25616
2.22268
2.20863
2.21305
2.23219
2.25926
2.28549
2.30287
2.30725
2.29997
2.28779
2.28079
2.28802
2.31221
2.34819
2.38679
2.42008
2.44302
2.45177
2.44288
2.41482
2.37066
2.31739
2.26154
2.206
2.15301
2.1088
2.08248
2.07825
2.09125
2.11102
2.12755
2.13622
2.13931
2.14226
2.14638
2.14618
2.13591
2.11716
2.0991
2.0917
2.1005
2.12645
2.16765
2.21945
2.27492
2.32624
2.36675
2.39175
2.39921
2.39045
2.37107
2.3501
2.33598
2.3323
2.33706
2.34548
2.35283
2.35589
2.35235
2.3404
2.32037
2.29665
2.27705
2.26819
2.27068
2.27791
2.28036
2.27161
2.25333
2.23566
2.23086
2.24332
2.26668
2.29053
2.3064
2.30883
2.29526
2.26652
2.22736
2.18559
2.14939
2.1243
2.11161
2.10935
2.11406
2.122
2.12886
2.13051
2.12544
2.11778
2.11744
2.13454
2.17183
2.22265
2.27593
2.3218
2.35366
2.36663
2.35623
2.31993
2.2602
2.18739
2.11726
2.06377
2.03412
2.02942
2.04805
2.08666
2.13885
2.19417
2.2403
2.26872
2.27801
2.27412
2.26847
2.27311
2.29353
2.32552
2.35915
2.38495
2.397
2.39356
2.37663
2.35074
2.32161
2.29487
2.27441
2.2606
2.2507
2.24242
2.23729
2.24065
2.25823
2.29206
2.33781
2.38613
2.42679
2.45038
2.44793
2.41352
2.34866
2.2637
2.17347
2.0906
2.02222
1.97285
1.94674
1.94629
1.96938
2.00897
2.0551
2.09786
2.13063
2.15139
2.16262
2.16939
2.17729
2.19062
2.2108
2.2363
2.26353
2.28882
2.30941
2.32313
2.32778
2.32187
2.30671
2.28751
2.27225
2.26846
2.27981
2.3039
2.33315
2.35817
2.37216
2.37374
2.36643
2.35613
2.34833
2.34592
2.34784
2.34881
2.34058
2.31522
2.2696
2.20891
2.14485
2.08868
2.04522
2.01463
1.99723
1.99458
2.00794
2.03722
2.08075
2.1354
2.19623
2.25727
2.31387
2.36444
2.40832
2.44227
2.46104
2.46174
2.44672
2.42285
2.39836
2.37835
2.36246
2.34565
2.3217
2.28701
2.24324
2.19716
2.15758
2.13061
2.11728
2.1149
2.11992
2.12983
2.14407
2.16325
2.18696
2.21211
2.23385
2.24901
2.25865
2.26753
2.28112
2.303
2.33323
2.36666
2.39403
2.40538
2.39472
2.36521
2.33444
2.32636
2.34585
2.37259
2.3876
2.38902
2.38448
2.38029
2.37711
2.37151
2.35912
2.33737
2.30645
2.26877
2.22768
2.18642
2.14783
2.11532
2.09353
2.08801
2.10235
2.13499
2.1784
2.22154
2.25395
2.26814
2.26034
2.23098
2.18496
2.13069
2.07861
2.03939
2.02137
2.02624
2.04743
2.07393
2.0964
2.11094
2.11917
2.12656
2.13967
2.16327
2.19828
2.24165
2.2886
2.3354
2.38061
2.42321
2.46072
2.48974
2.50789
2.5154
2.51415
2.50573
2.48975
2.4645
2.42952
2.38827
2.34846
2.31875
2.30366
2.30028
2.29982
2.29305
2.27592
2.25042
2.22037
2.18832
2.15751
2.13349
2.12214
2.12743
2.14994
2.18619
2.22919
2.27105
2.30648
2.33349
2.35134
2.35817
2.35173
2.33101
2.297
2.25274
2.20373
2.15795
2.12382
2.10681
2.10709
2.11986
2.13713
2.15092
2.15697
2.15713
2.15734
2.16246
2.17205
2.18141
2.1877
2.19432
2.20795
2.23213
2.2639
2.29493
2.31527
2.31828
2.30505
2.28385
2.26394
2.25019
2.24296
2.24065
2.24155
2.24481
2.2503
2.25747
2.26519
2.27238
2.27888
2.28584
2.29457
2.30392
2.30904
2.30424
2.28813
2.26423
2.23668
2.20663
2.17504
2.14615
2.12633
2.11941
2.12268
2.12762
2.1253
2.11276
2.09538
2.08287
2.08197
2.09307
2.11196
2.13347
2.15365
2.16974
2.1797
2.18255
2.17892
2.1714
2.16475
2.16466
2.17472
2.19353
2.21557
2.23602
2.25307
2.2657
2.27199
2.27158
2.26755
2.2645
2.26474
2.26649
2.2651
2.25612
2.23989
2.22649
2.23089
2.25372
2.27699
2.2842
2.27294
2.25121
2.23149
2.22553
2.2385
2.26568
2.2963
2.32144
2.33982
2.35627
2.37601
2.40081
2.42926
2.45832
2.48412
2.50206
2.50726
2.49565
2.46566
2.41912
2.36067
2.29669
2.23365
2.17678
2.12946
2.09371
2.07122
2.06356
2.07128
2.0929
2.12427
2.15847
2.18828
2.21004
2.22512
2.23629
2.243
2.24158
2.22981
2.21023
2.18935
2.17421
2.16948
2.1758
2.19024
2.20833
2.22612
2.24132
2.2534
2.26237
2.26726
2.26598
2.2568
2.2404
2.22136
2.20723
2.20531
2.21863
2.24459
2.277
2.30956
2.33774
2.35929
2.37271
2.37578
2.36561
2.34009
1.85796
1.83507
1.83278
1.85785
1.90758
1.97043
2.03241
2.0828
2.11536
2.12686
2.1158
2.08358
2.03615
1.98357
1.93664
1.9035
1.88871
1.89408
1.91828
1.95558
1.99769
2.03796
2.07298
2.10126
2.12164
2.13291
2.13452
2.12711
2.11228
2.09207
2.06841
2.0428
2.01763
1.99693
1.98578
1.98806
2.00438
2.03107
2.06082
2.08537
2.09846
2.09743
2.0833
2.05935
2.0294
1.99652
1.96302
1.931
1.90327
1.88355
1.87615
1.88556
1.91405
1.95811
2.00757
2.05006
2.0769
2.08569
2.07856
2.05954
2.03442
2.01202
2.00234
2.00981
2.02865
2.04648
2.05167
2.03923
2.01353
1.98596
1.96661
1.9575
1.95508
1.95638
1.96122
1.97078
1.9858
2.00577
2.02953
2.05637
2.08543
2.11287
2.13116
2.13335
2.11773
2.0881
2.05038
2.00961
1.96944
1.93281
1.9035
1.88689
1.88714
1.90362
1.93124
1.96401
1.99744
2.02826
2.05393
2.07245
2.08232
2.08277
2.07357
2.05523
2.02891
1.99674
1.96213
1.9299
1.90572
1.89534
1.90286
1.92943
1.97286
2.02848
2.09001
2.14966
2.19897
2.23016
2.23797
2.22102
2.18149
2.12358
2.05198
1.97122
1.88628
1.80431
1.73514
1.68869
1.66976
1.67602
1.70087
1.73737
1.78024
1.82658
1.87569
1.9277
1.98211
2.03705
2.08982
2.13756
2.17759
2.20731
2.22424
2.22697
2.21616
2.19445
2.16543
2.13293
2.10074
2.07333
2.05547
2.05099
2.06097
2.08246
2.1091
2.13288
2.14666
2.14603
2.13052
2.10244
2.06511
2.02265
1.98109
1.94786
1.92818
1.92213
1.9256
1.93347
1.9415
1.94725
1.95055
1.95305
1.95682
1.96335
1.97354
1.98762
2.00432
2.01978
2.0284
2.02522
2.00856
1.9808
1.94762
1.91675
1.89628
1.89113
1.90018
1.91764
1.93727
1.95524
1.97012
1.9815
1.98902
1.99261
1.99308
1.99282
1.99536
2.00366
2.01796
2.0343
2.04591
2.04655
2.03357
2.00915
1.9798
1.95438
1.94162
1.94771
1.97402
2.01491
2.05876
2.0929
2.10874
2.10432
2.0836
2.05419
2.02479
2.0029
1.99368
1.99952
2.01879
2.04552
2.07062
2.08519
2.0832
2.06268
2.0261
1.9802
1.93526
1.90347
1.89412
1.9073
1.93371
1.96124
1.98206
1.9942
1.99919
1.9993
1.99638
1.99164
1.98592
1.97988
1.97455
1.97113
1.97009
1.96989
1.96709
1.95857
1.94398
1.92677
1.91229
1.90524
1.90868
1.92449
1.95316
1.99225
2.03574
2.07592
2.10697
2.12672
2.13648
2.1397
2.14106
2.14518
2.15415
2.16573
2.17445
2.17429
2.16091
2.13294
2.09286
2.04651
2.00163
1.96524
1.94135
1.93077
1.93242
1.94424
1.96342
1.98603
2.00708
2.02165
2.02589
2.01808
1.99987
1.97703
1.95835
1.95168
1.95891
1.97494
1.99182
2.00381
2.00851
2.00533
1.99342
1.97189
1.9418
1.90832
1.88027
1.86602
1.8693
1.8886
1.91928
1.95625
1.99506
2.03154
2.06114
2.07886
2.08012
2.062
2.02451
1.97079
1.90677
1.84042
1.78205
1.74385
1.73697
1.76686
1.82911
1.90961
1.99
2.05499
2.09714
2.11681
2.11844
2.10589
2.08046
2.04265
1.99667
1.95271
1.92385
1.91912
1.93904
1.97731
2.02441
2.06996
2.1048
2.1238
2.12704
2.11865
2.10428
2.08797
2.07111
2.05325
2.034
2.01428
1.99643
1.98335
1.97741
1.97991
1.99097
2.00987
2.03524
2.06471
2.09454
2.11981
2.13587
2.14033
2.13395
2.11947
2.09878
2.07106
2.03366
1.98477
1.92574
1.86161
1.80083
1.75405
1.73184
1.74104
1.78134
1.84442
1.91709
1.98644
2.04391
2.08598
2.11195
2.12229
2.11889
2.10589
2.08847
2.0705
2.05276
2.03336
2.01026
1.98326
1.95476
1.92883
1.91044
1.90449
1.91366
1.93566
1.96284
1.98537
1.99616
1.99362
1.98142
1.96505
1.94915
1.93715
1.93258
1.93929
1.95971
1.99271
2.03318
2.07332
2.10503
2.12206
2.12178
2.10571
2.08
2.05374
2.03522
2.02791
2.02989
2.03656
2.0438
2.04888
2.05091
2.05104
2.05009
2.04617
2.03476
2.01149
1.97478
1.92718
1.87537
1.82814
1.79302
1.77425
1.77325
1.78972
1.82216
1.86803
1.92394
1.98547
2.04728
2.10373
2.14999
2.1828
2.20074
2.20419
2.19519
2.17688
2.15325
2.12878
2.10739
2.0913
2.08014
2.07067
2.05843
2.03991
2.01418
1.98329
1.95216
1.92899
1.92438
1.94397
1.98001
2.01448
2.03078
2.01983
1.97962
1.91406
1.83246
1.74854
1.67815
1.63543
1.62846
1.65712
1.71429
1.78962
1.87303
1.95691
2.03618
2.10734
2.16736
2.21347
2.24369
2.25723
2.25473
2.23835
2.21099
2.17525
2.13258
2.0838
2.0306
1.97695
1.92864
1.89168
1.87065
1.86833
1.88493
1.91701
1.95708
1.99511
2.02103
2.02745
2.01164
1.97615
1.92747
1.87394
1.82418
1.78677
1.77037
1.78176
1.82138
1.88125
1.94949
2.0173
2.08146
2.14213
2.1991
2.24956
2.2884
2.31057
2.3137
2.29846
2.26694
2.22096
2.16364
2.10243
2.05005
2.0197
2.01807
2.04106
2.07556
2.10533
2.11679
2.10218
2.05995
1.9947
1.91689
1.8417
1.78501
1.75738
1.7601
1.78666
1.8265
1.86799
1.90163
1.92381
1.93869
1.95487
1.97986
2.01687
2.06435
2.11606
2.16238
2.19315
2.20126
2.18473
2.1472
2.09831
2.05256
2.02476
2.0216
2.03828
2.06307
2.08405
2.09234
2.0832
2.05623
2.01567
1.96945
1.92645
1.8929
1.87097
1.86021
1.86013
1.87082
1.89221
1.92338
1.96349
2.0114
2.06303
2.10866
2.13473
2.12991
2.09128
2.02621
1.94966
1.87902
1.82874
1.80751
1.81784
1.85738
1.9212
2.00265
2.09209
2.17684
2.24378
2.2834
2.29274
2.27519
2.2388
2.19353
2.14874
2.11119
2.08366
2.06511
2.05208
2.04094
2.02912
2.0149
1.99724
1.97664
1.95541
1.93514
1.91508
1.89365
1.87134
1.85161
1.83887
1.83519
1.83865
1.84575
1.85524
1.86978
1.89428
1.93188
1.98014
2.03056
2.07255
2.09837
2.10574
2.09732
2.07942
2.06008
2.04771
2.04921
2.06717
2.09773
2.13142
2.15722
2.16722
2.15861
2.13374
2.09908
2.064
2.03822
2.02736
2.02975
2.038
2.04435
2.0442
2.03598
2.01983
1.99681
1.96852
1.93776
1.90886
1.88702
1.87682
1.88035
1.89614
1.91988
1.94612
1.97022
1.98876
1.99882
1.99758
1.98364
1.95871
1.9281
1.89953
1.88012
1.87356
1.87908
1.89301
1.91161
1.93333
1.95827
1.98574
2.0123
2.03246
2.04133
2.03739
2.02371
2.00597
1.98863
1.97261
1.95684
1.94065
1.92517
1.91407
1.91292
1.92595
1.95232
1.98695
2.02329
2.05477
2.07632
2.08675
2.08981
2.09068
2.09104
2.0883
2.07948
2.06419
2.04397
2.02134
1.99941
1.98178
1.97178
1.97176
1.98244
2.00242
2.0273
2.05039
2.06457
2.06499
2.05084
2.0249
1.99164
1.95514
1.91824
1.88324
1.85283
1.82982
1.81599
1.81103
1.81288
1.81918
1.82852
1.84095
1.85773
1.8804
1.90976
1.94463
1.98115
2.01363
2.03666
2.04781
2.04855
2.04333
2.03666
2.03063
2.02496
2.01978
2.01677
2.01779
2.02241
2.02726
2.02784
2.02064
2.00477
1.98227
1.95829
1.93998
1.9347
1.94754
1.97928
2.02567
2.07854
2.12809
2.16591
2.18655
2.18769
2.16969
2.13613
2.09466
2.05612
2.03056
2.02243
2.02842
2.03976
2.04703
2.04494
2.03398
2.01926
2.00725
2.00181
2.00216
2.00474
2.0054
2.00056
1.9877
1.96628
1.93829
1.90787
1.88008
1.85924
1.84768
1.84488
1.84829
1.85519
1.86413
1.87546
1.89018
1.90871
1.93041
1.95392
1.97772
2.00043
2.02046
2.03541
2.04243
2.03962
2.02692
2.00616
1.98144
1.95961
1.94894
1.95438
1.97346
1.99785
2.019
2.03227
2.03709
2.03545
2.03047
2.02572
2.0243
2.0273
2.03262
2.03572
2.03219
2.02075
2.00391
1.98684
1.97493
1.97154
1.97647
1.98601
1.99529
2.00105
2.00328
2.00465
2.00951
2.02192
2.0435
2.0718
2.10084
2.12364
2.13414
2.12879
2.10768
2.07484
2.03709
2.00224
1.97762
1.96779
1.97134
1.9815
1.99185
2.00004
2.00626
2.01112
2.01591
2.02304
2.03464
2.05074
2.06846
2.08275
2.08853
2.0824
2.06368
2.03461
2.00037
1.9692
1.9505
1.95106
1.97131
2.00457
2.04078
2.07228
2.09701
2.11762
2.137
2.15447
2.16536
2.16369
2.14533
2.11013
2.06271
2.01169
1.96742
1.93774
1.92469
1.92467
1.93052
1.93473
1.93201
1.92087
1.90401
1.88786
1.88066
1.8884
1.91101
1.94267
1.97535
2.00201
2.0176
2.01945
2.00688
1.98192
1.94926
1.91513
1.88564
1.86518
1.85619
1.85965
1.87571
1.90356
1.94133
1.98591
2.0337
2.0815
2.12691
2.16733
2.19909
2.21797
2.22034
2.20454
2.17151
2.12474
2.07007
2.01565
1.9708
1.94219
1.92995
1.92697
1.92378
1.91507
1.90326
1.89705
1.90485
1.92933
1.96726
2.01266
2.05921
2.10112
2.13258
2.14725
2.13906
2.10498
2.04829
1.97957
1.91383
1.86516
1.84138
1.84288
1.86529
1.90283
1.94901
1.99621
2.0363
2.06257
2.0717
2.06477
2.04643
2.02356
2.00374
1.99403
1.99964
2.02222
2.05829
2.09951
2.13527
2.15603
2.15572
2.13319
2.09345
2.04696
2.00626
1.98115
1.97554
1.98792
2.01409
2.04938
2.0896
2.13059
2.16773
2.19547
2.20826
2.20209
2.17597
2.13239
2.07618
2.01265
1.94596
1.87932
1.81622
1.76194
1.72311
1.70554
1.7123
1.74343
1.79632
1.86535
1.9423
2.01874
2.08877
2.14932
2.19847
2.2339
2.25257
2.25222
2.23266
1.94746
1.90823
1.87064
1.83985
1.81927
1.81024
1.81218
1.82283
1.83901
1.85716
1.87366
1.88511
1.88853
1.88212
1.86618
1.84356
1.81903
1.79752
1.78237
1.77458
1.77357
1.77828
1.78732
1.79913
1.81252
1.82741
1.84478
1.86571
1.88981
1.91472
1.93695
1.95388
1.96459
1.96983
1.97053
1.96691
1.9592
1.94934
1.94091
1.93629
1.93417
1.93059
1.92276
1.91156
1.90111
1.89661
1.90206
1.91864
1.94361
1.97058
1.99128
1.99867
1.98966
1.96598
1.93303
1.89726
1.86382
1.83587
1.8155
1.80436
1.80271
1.80833
1.81645
1.82142
1.81916
1.80892
1.79349
1.77804
1.76835
1.76851
1.77861
1.79431
1.80915
1.81823
1.82092
1.82043
1.82135
1.82577
1.83188
1.83625
1.83805
1.84029
1.84856
1.86759
1.89801
1.93488
1.96923
1.99135
1.99376
1.97339
1.93298
1.88123
1.83074
1.79337
1.77555
1.77731
1.79466
1.82273
1.85735
1.89501
1.93236
1.96595
1.99317
2.01282
2.02469
2.02878
2.02476
2.01204
1.99081
1.96261
1.93005
1.89593
1.86308
1.83566
1.82041
1.82543
1.85451
1.90259
1.95804
2.00903
2.047
2.0664
2.06438
2.04062
1.99746
1.93947
1.8725
1.80244
1.73446
1.6731
1.62337
1.59077
1.57962
1.59028
1.61789
1.65395
1.68879
1.71333
1.7209
1.71001
1.68649
1.66203
1.64843
1.65127
1.66908
1.69625
1.72634
1.75397
1.77597
1.7924
1.80587
1.81973
1.83606
1.85487
1.87501
1.89494
1.91347
1.93009
1.94504
1.959
1.97231
1.98396
1.9912
1.99008
1.9767
1.94957
1.91114
1.86715
1.82374
1.78491
1.75225
1.72585
1.70461
1.68711
1.67284
1.6628
1.6595
1.66587
1.68434
1.71554
1.75784
1.80832
1.86375
1.92094
1.97587
2.02287
2.0556
2.06928
2.0635
2.04311
2.01581
1.98747
1.95976
1.93183
1.90286
1.87282
1.84208
1.81154
1.78389
1.76455
1.76041
1.77636
1.81212
1.86197
1.91732
1.96974
2.01263
2.04177
2.05485
2.05056
2.02784
1.98655
1.92871
1.85947
1.787
1.72123
1.6714
1.64337
1.63775
1.65043
1.67497
1.70532
1.73692
1.76697
1.79417
1.81862
1.84071
1.85938
1.87225
1.87719
1.87377
1.86301
1.84685
1.828
1.80977
1.79604
1.79034
1.79504
1.8104
1.83443
1.86376
1.89437
1.92231
1.94416
1.95868
1.96701
1.97135
1.97239
1.9675
1.95207
1.92265
1.87978
1.82885
1.77867
1.73839
1.71388
1.7055
1.70886
1.71797
1.72919
1.74333
1.7645
1.79622
1.83788
1.88401
1.92696
1.96009
1.97957
1.98422
1.97476
1.95349
1.92445
1.89354
1.86752
1.85165
1.84749
1.85301
1.86421
1.87629
1.88429
1.88438
1.87653
1.86513
1.85682
1.85634
1.86387
1.87537
1.88542
1.88978
1.88708
1.87889
1.86856
1.85955
1.8541
1.85309
1.85638
1.86329
1.87229
1.88077
1.88564
1.88457
1.87735
1.86667
1.85708
1.85282
1.85624
1.86761
1.88576
1.90823
1.93107
1.9495
1.95958
1.95957
1.95087
1.93767
1.92463
1.91385
1.90292
1.88583
1.8561
1.81106
1.75551
1.7022
1.66752
1.66365
1.69262
1.74659
1.81274
1.87823
1.93286
1.96944
1.98417
1.97703
1.95207
1.91741
1.88408
1.86293
1.86077
1.87865
1.91237
1.95441
1.99576
2.02832
2.04707
2.05088
2.04237
2.02662
2.00915
1.9931
1.97765
1.95995
1.93808
1.91321
1.8888
1.86719
1.84741
1.82615
1.80041
1.77017
1.74014
1.71877
1.71421
1.72976
1.76189
1.802
1.84016
1.8687
1.88374
1.88494
1.87473
1.85793
1.84111
1.83052
1.82981
1.83958
1.85896
1.88688
1.92173
1.96092
2.00084
2.0369
2.06362
2.0761
2.0713
2.04882
2.01125
1.96344
1.91073
1.85804
1.80958
1.7692
1.74009
1.72295
1.71452
1.70953
1.70434
1.69845
1.6935
1.69107
1.69201
1.69644
1.70397
1.71386
1.72547
1.7391
1.75692
1.78212
1.81562
1.85411
1.89192
1.92422
1.9482
1.96197
1.96369
1.95184
1.92636
1.88983
1.8477
1.8076
1.77782
1.76522
1.77311
1.79983
1.83908
1.88212
1.92105
1.95098
1.97058
1.98086
1.98391
1.98199
1.97703
1.97038
1.96261
1.95355
1.94285
1.93074
1.91814
1.90603
1.8948
1.8842
1.87378
1.8635
1.85349
1.84327
1.83185
1.81894
1.80608
1.79607
1.79088
1.79012
1.79133
1.79193
1.79099
1.78931
1.78885
1.7921
1.80044
1.8115
1.81863
1.81421
1.7941
1.75973
1.71814
1.68027
1.65787
1.65893
1.68443
1.72839
1.7811
1.83268
1.87578
1.90616
1.92182
1.92179
1.90598
1.87625
1.83689
1.79442
1.7561
1.72823
1.71539
1.72004
1.74255
1.7809
1.83059
1.88525
1.9372
1.97885
2.0041
2.01015
1.99847
1.97417
1.94484
1.91833
1.90027
1.89194
1.89133
1.89592
1.90354
1.91238
1.92081
1.9277
1.93226
1.93379
1.93189
1.92716
1.92156
1.9175
1.91685
1.91975
1.92443
1.92764
1.92551
1.91518
1.8962
1.8707
1.84179
1.81222
1.78522
1.76584
1.75934
1.7672
1.78644
1.81142
1.83673
1.85986
1.88167
1.90332
1.9242
1.94449
1.96646
1.99224
2.02089
2.04802
2.068
2.07693
2.07443
2.06403
2.05126
2.04025
2.03096
2.01992
2.00437
1.98488
1.96354
1.94064
1.91417
1.88281
1.84922
1.8204
1.80409
1.8032
1.81267
1.822
1.82147
1.8069
1.78084
1.75121
1.72775
1.71786
1.7238
1.74337
1.77281
1.80842
1.8466
1.88356
1.91537
1.93829
1.94971
1.94912
1.93834
1.92105
1.90125
1.88206
1.86545
1.85196
1.84046
1.82898
1.81625
1.80287
1.79102
1.78245
1.7768
1.77219
1.76748
1.76324
1.76098
1.76166
1.76473
1.76855
1.77178
1.77483
1.77982
1.78943
1.8051
1.82647
1.85193
1.87932
1.90657
1.93207
1.95437
1.97233
1.98506
1.9916
1.99027
1.97887
1.95619
1.92306
1.88264
1.8395
1.79867
1.76486
1.74197
1.73212
1.73518
1.74875
1.76849
1.7893
1.80676
1.81894
1.82748
1.837
1.85211
1.87372
1.89756
1.91661
1.925
1.92078
1.90604
1.8852
1.86251
1.84017
1.81878
1.79984
1.7871
1.78526
1.79652
1.81843
1.84483
1.86914
1.8865
1.89431
1.89162
1.87859
1.85683
1.83024
1.80477
1.78667
1.78032
1.78727
1.80746
1.83971
1.88081
1.92464
1.96384
1.99299
2.01084
2.01973
2.02323
2.02288
2.0164
1.9995
1.96935
1.92808
1.88381
1.84815
1.83021
1.83046
1.84073
1.85088
1.85508
1.85254
1.84521
1.83567
1.82667
1.82143
1.82285
1.8323
1.84812
1.86714
1.88744
1.90963
1.93516
1.96388
1.9937
2.02096
2.04093
2.0488
2.04224
2.02305
1.99719
1.97207
1.95328
1.94169
1.93291
1.91877
1.89104
1.84513
1.78292
1.71405
1.65347
1.61566
1.60898
1.63466
1.68917
1.76597
1.85627
1.94956
2.03487
2.10263
2.14595
2.16139
2.14971
2.11584
2.06828
2.01746
1.97289
1.94051
1.92184
1.91564
1.91928
1.92924
1.94084
1.94834
1.94621
1.93072
1.90123
1.8606
1.81495
1.77179
1.73652
1.71022
1.69086
1.67699
1.67016
1.67473
1.69557
1.73449
1.78793
1.84783
1.90437
1.94831
1.97319
1.97653
1.95934
1.92501
1.87909
1.83094
1.79301
1.77678
1.78774
1.8242
1.879
1.94164
2.00071
2.04605
2.07088
2.07239
2.05129
2.01052
1.95393
1.88589
1.81222
1.7414
1.68395
1.64957
1.64342
1.66412
1.70473
1.75534
1.80596
1.84946
1.88372
1.91138
1.93717
1.96418
1.99141
2.01434
2.02829
2.03226
2.03029
2.028
2.02805
2.02884
2.02749
2.02248
2.01426
2.00408
1.99264
1.98
1.96765
1.95968
1.9598
1.96599
1.97152
1.97063
1.96101
1.94227
1.91555
1.88367
1.85089
1.8217
1.79884
1.78163
1.766
1.74741
1.72467
1.70227
1.6889
1.69254
1.71598
1.75597
1.80568
1.85772
1.9053
1.94216
1.96277
1.96388
1.94557
1.91168
1.86852
1.82278
1.78051
1.74824
1.73362
1.74366
1.78097
1.84072
1.9107
1.97575
2.02414
2.05099
2.05773
2.04966
2.03391
2.01742
2.00518
1.99879
1.99646
1.99475
1.99058
1.98184
1.96658
1.94278
1.90988
1.86969
1.82626
1.78505
1.75199
1.73188
1.72581
1.72956
1.73549
1.7373
1.73384
1.73029
1.7356
1.75738
1.79686
1.84764
1.8986
1.93879
1.9608
1.9621
1.94468
1.91436
1.87894
1.84628
1.8225
1.81108
1.81252
1.82426
1.84205
1.86231
1.88327
1.9044
1.92439
1.93988
1.94571
1.93732
1.91381
1.88005
1.8462
1.82387
1.82016
1.83414
1.85836
1.88377
1.90467
1.92044
1.93408
1.949
1.96631
1.98402
1.9983
2.00504
2.00091
1.98386
1.95456
1.91746
1.88104
1.85539
1.84805
1.86051
1.88795
1.92271
1.95795
1.98894
2.01239
2.02557
2.02684
2.01652
1.9966
1.96962
1.93792
1.90432
1.87196
1.84329
1.82008
1.80339
1.79305
1.78644
1.77961
1.76983
1.75675
1.74095
1.72252
1.70164
1.67992
1.66013
1.64453
1.63414
1.62938
1.63145
1.64279
1.6662
1.70236
1.7481
1.7974
1.84395
1.88282
1.91139
1.92929
1.93769
1.93814
1.93174
1.9189
1.90049
1.87898
1.85935
1.84793
1.84982
1.86614
1.89284
1.9219
1.94414
1.95233
1.94295
1.91717
1.88078
1.84319
1.8153
1.80586
1.81817
1.84847
1.88766
1.92465
1.94995
1.95801
1.94771
1.9219
1.88643
1.84894
1.81711
1.79667
1.79014
1.79762
1.81855
1.85227
1.89628
1.94489
1.99066
2.02672
2.04812
2.05231
2.03923
2.01127
1.97287
1.92999
1.88956
1.85796
1.83928
1.83359
1.83781
1.84816
1.86225
1.87895
1.89632
1.91032
2.30004
2.26799
2.2091
2.13034
2.04608
1.9742
1.92768
1.9101
1.91682
1.93876
1.9659
1.98992
2.00548
2.01036
2.00557
1.99491
1.98382
1.97735
1.97867
1.98782
2.0012
2.01429
2.02628
2.0419
2.06808
2.10692
2.15188
2.19089
2.21231
2.20839
2.17571
2.11533
2.03388
1.94468
1.8666
1.81709
1.80481
1.83025
1.89001
1.97453
2.0667
2.14973
2.21527
2.26301
2.29587
2.31638
2.32582
2.32462
2.31288
2.29194
2.26638
2.24481
2.23587
2.24102
2.25298
2.26212
2.26304
2.25555
2.2419
2.22445
2.20517
2.18622
2.17002
2.15812
2.14933
2.13944
2.12262
2.0942
2.05266
2.00016
1.94267
1.89026
1.85544
1.84782
1.86753
1.90446
1.9446
1.97696
1.99743
2.00941
2.02129
2.0411
2.07105
2.10636
2.13927
2.16411
2.17881
2.18327
2.17772
2.16313
2.14266
2.12166
2.10542
2.09651
2.0945
2.09794
2.10536
2.11546
2.12705
2.13908
2.15041
2.15934
2.16358
2.16109
2.15037
2.12969
2.09698
2.05162
1.99846
1.94886
1.91594
1.90779
1.92523
1.96452
2.01828
2.0752
2.12301
2.15372
2.16621
2.1648
2.1552
2.14129
2.12442
2.1051
2.08521
2.06874
2.06004
2.06121
2.07036
2.08271
2.09307
2.09742
2.09344
2.08029
2.05804
2.02855
1.99837
1.97888
1.97727
1.98707
1.9952
1.99458
1.98681
1.97852
1.97662
1.98497
2.00209
2.02179
2.0368
2.04258
2.03973
2.03339
2.03081
2.0382
2.0578
2.08641
2.11632
2.13863
2.1467
2.13877
2.11931
2.09778
2.08481
2.08721
2.10471
2.13069
2.15536
2.17005
2.17288
2.17262
2.18304
2.20829
2.23876
2.26151
2.2692
2.26043
2.23677
2.20071
2.15621
2.11184
2.08085
2.07338
2.08675
2.1076
2.12313
2.12704
2.11877
2.10083
2.07687
2.05036
2.02389
1.9991
1.97674
1.95721
1.94122
1.93042
1.92657
1.93052
1.94146
1.95766
1.97776
2.001
2.02629
2.05135
2.07253
2.08632
2.09134
2.08887
2.082
2.07396
2.06729
2.06444
2.06843
2.08295
2.11072
2.15168
2.20108
2.25
2.28862
2.31013
2.31203
2.2946
2.25842
2.20371
2.13282
2.05433
1.98476
1.94335
1.94152
1.97731
2.03862
2.11051
2.18091
2.24237
2.29026
2.32039
2.32863
2.31293
2.27494
2.22051
2.15827
2.09684
2.04196
1.99412
1.94933
1.90355
1.85867
1.82439
1.81269
1.82968
1.87326
1.9359
2.00882
2.08333
2.15006
2.1987
2.21996
2.20938
2.1704
2.11346
2.05157
1.99504
1.94976
1.92131
1.9178
1.94506
2.0001
2.07148
2.14618
2.21458
2.27116
2.31373
2.34245
2.35882
2.36457
2.35992
2.34244
2.30796
2.25329
2.17901
2.09167
2.00361
1.92972
1.88162
1.86332
1.87083
1.89509
1.92601
1.95611
1.98205
2.00346
2.02018
2.03126
2.03575
2.03562
2.03649
2.04544
2.06622
2.0969
2.13115
2.16248
2.18678
2.20211
2.20768
2.20343
2.19073
2.17262
2.15208
2.13023
2.10646
2.08031
2.05336
2.02929
2.01288
2.00834
2.01807
2.04172
2.07585
2.11463
2.15251
2.1865
2.21684
2.24432
2.26629
2.27553
2.2646
2.23269
2.18802
2.1432
2.10799
2.08558
2.07443
2.07109
2.07142
2.07031
2.06263
2.04485
2.01696
1.98289
1.94923
1.92214
1.9055
1.90133
1.91092
1.93419
1.96829
2.00755
2.04669
2.08349
2.11836
2.15128
2.17955
2.19842
2.20383
2.1938
2.16872
2.13201
2.09287
2.06492
2.05563
2.06043
2.0716
2.08579
2.10166
2.11599
2.12411
2.12254
2.11077
2.09108
2.06822
2.04754
2.03314
2.02626
2.02522
2.0273
2.03161
2.04054
2.05849
2.08821
2.12793
2.17142
2.21083
2.24006
2.25574
2.25543
2.23679
2.1989
2.14455
2.08069
2.01671
1.96149
1.92164
1.90124
1.90247
1.92526
1.9667
2.02093
2.07999
2.13509
2.17841
2.20523
2.21576
2.21515
2.20971
2.20184
2.18901
2.16772
2.13756
2.10134
2.06293
2.02482
1.9884
1.95775
1.94234
1.95268
1.99157
2.05149
2.11939
2.18151
2.22683
2.25059
2.25542
2.24878
2.2373
2.22313
2.20472
2.18046
2.15148
2.1219
2.09691
2.07941
2.0673
2.05485
2.03682
2.01258
1.98718
1.96948
1.96895
1.99204
2.03851
2.09975
2.16051
2.20397
2.21813
2.20044
2.15853
2.10662
2.06013
2.03017
2.01976
2.02314
2.02983
2.031
2.02418
2.01391
2.00899
2.01719
2.04052
2.07426
2.11043
2.1422
2.16612
2.18172
2.19009
2.19281
2.19121
2.18554
2.17431
2.15525
2.12751
2.09252
2.05362
2.01458
1.97949
1.9534
1.94251
1.95136
1.9791
2.0187
2.06074
2.09833
2.12888
2.15294
2.17097
2.18194
2.18405
2.17658
2.16105
2.1406
2.11904
2.10071
2.08944
2.08664
2.09021
2.09514
2.09677
2.094
2.08914
2.0853
2.08442
2.08766
2.09622
2.11053
2.1293
2.15012
2.17134
2.19312
2.21616
2.23959
2.2593
2.26822
2.25772
2.2195
2.15114
2.06973
2.01508
2.00804
2.02374
2.03576
2.04142
2.04657
2.0523
2.05335
2.04255
2.01692
1.98118
1.94645
1.92507
1.92477
1.94681
1.98613
2.0331
2.07621
2.10584
2.11691
2.10973
2.08963
2.06563
2.04777
2.04285
2.05255
2.074
2.10224
2.13178
2.15716
2.1734
2.1776
2.17049
2.15678
2.14412
2.1396
2.14435
2.15138
2.14974
2.13158
2.09748
2.05851
2.03377
2.04025
2.08088
2.14206
2.20334
2.24842
2.2696
2.26711
2.24648
2.21566
2.18198
2.14953
2.11868
2.0881
2.05736
2.02834
2.00384
1.98501
1.96956
1.9531
1.93261
1.91071
1.89639
1.89966
1.92444
1.96579
2.0133
2.05623
2.08678
2.10114
2.10018
2.08958
2.07775
2.07192
2.07464
2.08427
2.0984
2.11632
2.13968
2.17001
2.20572
2.2421
2.27373
2.29649
2.30734
2.3036
2.28305
2.24534
2.19287
2.13066
2.06544
2.0046
1.95586
1.92655
1.92189
1.943
1.98521
2.03849
2.09048
2.13029
2.15131
2.15188
2.1356
2.11034
2.08524
2.06605
2.05258
2.04158
2.03136
2.02326
2.01978
2.02264
2.03354
2.05419
2.08461
2.12092
2.15633
2.18417
2.2009
2.20712
2.2059
2.19937
2.18657
2.16453
2.13185
2.09079
2.04675
2.00603
1.97262
1.94772
1.93133
1.92446
1.92917
1.94672
1.97569
2.01119
2.04682
2.07778
2.10247
2.12225
2.13985
2.15673
2.17123
2.17857
2.17338
2.15311
2.12024
2.08169
2.04542
2.01649
1.99585
1.98234
1.97571
1.97696
1.98578
1.99871
2.01036
2.01714
2.01926
2.02072
2.02667
2.03923
2.05506
2.06939
2.08219
2.09693
2.1136
2.12743
2.13439
2.13569
2.13691
2.14423
2.16093
2.18613
2.21562
2.24365
2.2646
2.27456
2.27272
2.26105
2.2424
2.21809
2.18679
2.14614
2.09774
2.05357
2.0318
2.03962
2.0668
2.09903
2.12726
2.14623
2.15167
2.1404
2.11286
2.07448
2.0344
2.00221
1.98445
1.9828
1.99437
2.01426
2.03768
2.06008
2.0764
2.08191
2.07365
2.05173
2.01974
1.9842
1.95265
1.93055
1.91968
1.91903
1.92689
1.94159
1.96059
1.97936
1.9924
1.99635
1.99395
1.99323
1.99996
2.01114
2.01883
2.01758
2.00772
1.99474
1.98666
1.98961
2.00467
2.02854
2.05659
2.08591
2.11663
2.1506
2.18874
2.22938
2.26893
2.30436
2.33526
2.36328
2.38924
2.41034
2.42041
2.41296
2.38473
2.3382
2.28222
2.22697
2.17607
2.12656
2.07625
2.02721
1.98283
1.94443
1.91125
1.88204
1.85595
1.83292
1.81476
1.8068
1.81807
1.85699
1.92405
2.0084
2.09311
2.16292
2.20876
2.22927
2.2295
2.21668
2.19621
2.1702
2.13968
2.10765
2.08018
2.06434
2.06447
2.07944
2.10267
2.12464
2.13658
2.13282
2.1124
2.07936
2.04178
2.00934
1.99
1.98714
1.99884
2.01951
2.04185
2.0592
2.06779
2.06792
2.0638
2.061
2.06229
2.06565
2.06644
2.06124
2.04869
2.02885
2.00419
1.98045
1.96518
1.96413
1.97894
2.00746
2.04526
2.08596
2.1221
2.14716
2.15779
2.15442
2.14023
2.11866
2.09314
2.06839
2.04993
2.04098
2.04073
2.04551
2.0519
2.05869
2.06668
2.07653
2.08689
2.09471
2.09741
2.09485
2.08756
2.07418
2.0535
2.02825
2.00491
1.99048
1.98946
2.00178
2.02348
2.04936
2.07575
2.10197
2.12932
2.15892
2.18957
2.21683
2.23458
2.23897
2.23156
2.21815
2.2046
2.19405
2.18735
2.18438
2.1843
2.18481
2.1827
2.17452
2.15704
2.1272
2.08323
2.02653
1.96364
1.90552
1.86403
1.84727
1.85663
1.88818
1.93667
1.99784
2.06686
2.13573
2.19374
2.23178
2.246
2.23801
2.21348
2.18026
2.14685
2.11964
2.09977
2.08264
2.06135
2.0312
1.99236
1.95046
1.91511
1.89708
1.90396
1.93742
1.99314
2.06225
2.13335
2.19525
2.239
2.25868
2.25146
2.21804
2.16425
2.10278
2.05135
2.02328
2.02055
2.03695
2.06375
2.0909
2.10816
2.10802
2.08824
2.05237
2.00845
1.96623
1.93417
1.91693
1.91521
1.92757
1.95161
1.98413
2.02139
2.05983
2.09738
2.13393
2.17024
2.20619
2.23952
2.26647
2.28342
2.28789
2.27911
2.2578
2.22596
2.18607
2.14066
2.0924
2.04479
2.00204
1.96779
1.94452
1.93396
1.93736
1.95503
1.986
2.02795
2.07613
2.12285
2.15901
2.1769
2.17203
2.14371
2.0954
2.03521
1.97441
1.92403
1.89117
1.87659
1.8754
1.88075
1.88789
1.89603
1.90775
1.92608
1.9523
1.98483
2.02006
2.05441
2.08574
2.11352
2.13836
2.16173
2.18515
2.20988
2.23649
2.26442
2.29197
2.31639
2.3348
2.34471
2.34426
2.33218
2.30771
2.271
1.90723
1.86478
1.8276
1.79874
1.78022
1.77352
1.77991
1.79865
1.8248
1.84926
1.8622
1.85886
1.84409
1.83187
1.83567
1.85689
1.88682
1.91764
1.9471
1.97568
2.0031
2.02698
2.04303
2.04595
2.03128
1.99733
1.94605
1.88294
1.81652
1.75856
1.7224
1.71481
1.72944
1.75225
1.77206
1.78481
1.79128
1.79389
1.79516
1.79706
1.80057
1.80573
1.81151
1.81722
1.82391
1.83491
1.85419
1.88361
1.92169
1.96487
2.00965
2.0529
2.09117
2.11993
2.13395
2.12879
2.10257
2.05773
2.00204
1.94737
1.90659
1.88894
1.89639
1.92351
1.96082
1.99959
2.03413
2.06178
2.08193
2.0948
2.10041
2.09822
2.08801
2.07048
2.04694
2.01787
1.98212
1.93806
1.88681
1.83412
1.78916
1.75922
1.74577
1.74501
1.75165
1.76162
1.77282
1.78429
1.79532
1.80488
1.81225
1.81796
1.82448
1.83572
1.85531
1.88422
1.91952
1.95481
1.98231
1.99597
1.99457
1.98287
1.97017
1.96584
1.97465
1.9948
2.01952
2.04023
2.04949
2.04298
2.02055
1.98554
1.94283
1.89664
1.85004
1.80648
1.77128
1.75058
1.74796
1.76218
1.78821
1.81953
1.8505
1.87775
1.90008
1.9173
1.9292
1.93548
1.93635
1.93329
1.92887
1.92573
1.92482
1.92537
1.92745
1.93386
1.94762
1.96676
1.98307
1.98694
1.97364
1.94663
1.91621
1.89472
1.89039
1.90345
1.92726
1.95285
1.97331
1.98561
1.98971
1.98695
1.97919
1.96896
1.96019
1.95744
1.96363
1.97796
1.99551
2.00927
2.01302
2.0035
1.98151
1.95132
1.91922
1.89128
1.87155
1.861
1.85724
1.85562
1.85115
1.84081
1.82443
1.80425
1.78382
1.76707
1.75807
1.76
1.77377
1.79716
1.82622
1.85725
1.88827
1.91859
1.94707
1.97096
1.98677
1.99285
1.99086
1.98448
1.97618
1.96498
1.9473
1.92023
1.88442
1.84542
1.81189
1.7923
1.79128
1.80812
1.8379
1.87334
1.90644
1.92959
1.9377
1.93038
1.91307
1.89673
1.89251
1.90443
1.92779
1.9555
1.98313
2.00864
2.02974
2.0432
2.0457
2.03577
2.01486
1.98745
1.95968
1.93759
1.92563
1.92528
1.9348
1.94963
1.96432
1.97541
1.9825
1.98792
1.99491
2.00583
2.02053
2.03593
2.04716
2.04965
2.04111
2.0226
1.99851
1.97477
1.95632
1.94496
1.93904
1.93541
1.93159
1.92646
1.91938
1.90987
1.89863
1.88819
1.88231
1.88433
1.89533
1.91364
1.9353
1.95431
1.96363
1.95679
1.93019
1.88579
1.83193
1.78122
1.74675
1.73753
1.75498
1.79237
1.83758
1.87857
1.90772
1.92312
1.92723
1.92437
1.91888
1.91386
1.91082
1.90964
1.90929
1.90889
1.9087
1.91016
1.91464
1.9223
1.93145
1.93934
1.94377
1.94394
1.94
1.93189
1.91902
1.90196
1.88413
1.87209
1.87253
1.88799
1.91474
1.94471
1.969
1.98068
1.97568
1.95346
1.91744
1.87471
1.83448
1.80579
1.79543
1.8064
1.83636
1.87703
1.91712
1.94778
1.96638
1.97654
1.98483
1.99634
2.01118
2.02427
2.02911
2.02165
2.00165
1.97156
1.93505
1.89634
1.86054
1.83287
1.81686
1.81229
1.81561
1.82223
1.82914
1.83585
1.84413
1.85755
1.88027
1.91439
1.9573
2.00227
2.04201
2.0724
2.09302
2.10446
2.10525
2.0922
2.06318
2.01949
1.96567
1.90774
1.85133
1.80052
1.75804
1.72621
1.70749
1.70328
1.7127
1.73275
1.75949
1.78963
1.82129
1.85424
1.88917
1.9265
1.96531
2.00322
2.0369
2.06298
2.07879
2.08244
2.07304
2.05122
2.0201
1.98521
1.95331
1.9295
1.91417
1.90249
1.88728
1.86221
1.82441
1.77603
1.72564
1.68829
1.68035
1.70886
1.76556
1.83343
1.89696
1.94702
1.98071
1.99962
2.00719
2.00717
2.00349
2.00076
2.00354
2.01502
2.03504
2.05972
2.08315
2.09969
2.10537
2.09846
2.07925
2.0494
2.01162
1.96942
1.92662
1.88693
1.85327
1.82763
1.81115
1.80366
1.80328
1.80611
1.80766
1.80448
1.79527
1.78122
1.76581
1.75399
1.75102
1.76022
1.78064
1.80684
1.83115
1.84726
1.85234
1.84828
1.84085
1.83667
1.83914
1.84668
1.8556
1.8642
1.87406
1.88869
1.91055
1.93859
1.96864
1.99567
2.01505
2.02285
2.01646
1.99571
1.96342
1.92496
1.88698
1.85511
1.83268
1.82034
1.81745
1.82288
1.83501
1.85203
1.87304
1.89895
1.93094
1.96785
2.00436
2.03222
2.04351
2.03402
2.00541
1.96486
1.92233
1.88636
1.86097
1.84512
1.83426
1.82282
1.80725
1.78882
1.77383
1.77035
1.78347
1.81278
1.8536
1.90013
1.94675
1.98752
2.01671
2.03093
2.03107
2.0223
2.01208
2.00655
2.00773
2.01229
2.01322
2.00402
1.98318
1.95596
1.93232
1.9223
1.93068
1.95519
1.98853
2.02238
2.05007
2.06676
2.0683
2.05101
2.01434
1.96377
1.91079
1.86858
1.84541
1.84016
1.84403
1.84685
1.84286
1.83318
1.82382
1.82126
1.82811
1.84248
1.86022
1.87795
1.89501
1.91374
1.93652
1.96115
1.98057
1.98821
1.98312
1.97094
1.96233
1.96799
1.99183
2.02737
2.06138
2.08102
2.07857
2.0529
2.00914
1.95667
1.90559
1.86305
1.8318
1.81122
1.79999
1.79726
1.80188
1.81122
1.82173
1.83077
1.83846
1.84743
1.86105
1.88079
1.90497
1.93006
1.95258
1.97037
1.98257
1.98926
1.99143
1.99084
1.98953
1.98944
1.99223
1.99805
2.00437
2.00598
1.99764
1.97762
1.94884
1.91682
1.88721
1.86431
1.85091
1.84807
1.85497
1.86916
1.88744
1.90607
1.92069
1.92731
1.92464
1.91558
1.90582
1.90058
1.90197
1.90765
1.91081
1.90248
1.87627
1.83401
1.78696
1.7505
1.73584
1.74648
1.78016
1.83112
1.89115
1.95087
2.00159
2.03721
2.05525
2.057
2.04704
2.03202
2.01898
2.01271
2.01392
2.01909
2.02198
2.01618
1.99793
1.96839
1.93401
1.9043
1.88615
1.87952
1.88109
1.89268
1.92061
1.96354
2.0079
2.03778
2.04369
2.02383
1.9818
1.92522
1.86557
1.81719
1.79299
1.79771
1.82485
1.8615
1.8959
1.92162
1.93754
1.94595
1.95019
1.95297
1.9555
1.95792
1.95992
1.96086
1.95972
1.95582
1.94996
1.94408
1.9397
1.93685
1.93401
1.92992
1.9249
1.92085
1.91953
1.92055
1.92113
1.91713
1.90489
1.88353
1.85644
1.83027
1.81188
1.80481
1.8081
1.81743
1.82806
1.83731
1.84493
1.85191
1.85891
1.8657
1.87129
1.87412
1.87249
1.86584
1.85733
1.85574
1.87272
1.91215
1.96266
2.00641
2.03111
2.03331
2.01507
1.9807
1.93496
1.88304
1.83156
1.78945
1.76633
1.76716
1.78746
1.81591
1.84203
1.86054
1.87082
1.87451
1.87379
1.87084
1.86806
1.86814
1.87345
1.88575
1.90598
1.9336
1.96649
2.00166
2.03606
2.06673
2.09024
2.10282
2.10152
2.08577
2.0585
2.02563
1.99525
1.97545
1.97145
1.98251
2.001
2.0158
2.01717
2.0002
1.9656
1.91835
1.86572
1.81518
1.77281
1.74259
1.72652
1.72409
1.73266
1.74831
1.76766
1.78929
1.81394
1.8427
1.87494
1.90802
1.93949
1.97
2.0027
2.03919
2.07637
2.10757
2.12592
2.12656
2.1078
2.07242
2.02869
1.98951
1.96707
1.96511
1.97631
1.98867
1.99259
1.9829
1.95801
1.91989
1.8752
1.83375
1.80335
1.78668
1.78318
1.79072
1.80598
1.82458
1.84256
1.85783
1.87007
1.88
1.88918
1.90018
1.91562
1.93631
1.96028
1.98371
2.00198
2.01049
2.00657
1.99213
1.97472
1.96437
1.96634
1.97758
1.99108
2.00175
2.00799
2.01009
2.00886
2.0046
1.99673
1.98423
1.96692
1.94662
1.92706
1.91175
1.90144
1.89409
1.88688
1.87813
1.86793
1.85765
1.84922
1.84443
1.84432
1.84945
1.8603
1.87648
1.8946
1.90846
1.91321
1.90905
1.90094
1.89584
1.90051
1.92053
1.95903
2.01411
2.07707
2.13465
2.17409
2.18784
2.17554
2.14387
2.10373
2.06561
2.03471
2.00901
1.98177
1.94642
1.90038
1.84567
1.78701
1.72998
1.68084
1.64608
1.63079
1.63608
1.6583
1.69057
1.72652
1.76242
1.7971
1.82985
1.85905
1.88211
1.89605
1.89859
1.88912
1.86991
1.84591
1.8232
1.80753
1.80368
1.81542
1.84454
1.88976
1.94636
2.00724
2.06411
2.10922
2.13678
2.14398
2.13115
2.1016
2.06178
2.01936
1.97909
1.93982
1.89777
1.85334
1.81419
1.79185
1.79558
1.82801
1.88425
1.95372
2.02361
2.08245
2.12281
2.14225
2.14204
2.12499
2.09433
2.05365
2.00778
1.96298
1.92605
1.90276
1.8965
1.90701
1.93044
1.95975
1.98582
1.99932
1.99336
1.96564
1.91981
1.86431
1.80905
1.76152
1.72441
1.69653
1.67543
1.66003
1.65136
1.65245
1.66733
1.69926
1.74811
1.80964
1.87674
1.94158
1.99695
2.03714
2.05898
2.06199
2.04764
2.01826
1.97625
1.92459
1.8684
1.81659
1.7811
1.77208
1.7917
1.83119
1.87508
1.90945
1.9273
1.92893
1.91908
1.90349
1.8866
1.87143
1.86123
1.86065
1.87414
1.90224
1.9397
1.97827
2.011
2.03514
2.05254
2.067
2.08011
2.08916
2.08852
2.07293
2.04031
1.9929
1.93719
1.88262
1.83948
1.81567
1.81444
1.83398
1.8684
1.9096
1.94956
1.98241
2.00574
2.02026
2.02815
2.0306
2.02647
2.01298
1.9882
1.95321
1.91285
1.87372
1.84161
1.82061
1.81297
1.81969
1.84086
1.87504
1.91791
1.96225
1.99964
2.02255
2.02696
2.0136
1.98786
1.95787
1.93191
1.9158
1.91179
1.91823
1.93073
1.94424
1.95447
1.95876
1.95551
1.94358
1.92288
1.89586
1.86762
1.84428
1.8301
1.82508
1.82526
1.8256
1.82325
2.40184
2.36619
2.32429
2.29036
2.27842
2.29629
2.33954
2.39293
2.43866
2.46395
2.4634
2.43749
2.39059
2.32933
2.26143
2.1948
2.13628
2.0907
2.06002
2.04338
2.03809
2.04192
2.05545
2.08178
2.1213
2.16668
2.20698
2.23673
2.25835
2.27734
2.29668
2.31473
2.3264
2.32541
2.30729
2.27155
2.22375
2.1749
2.13633
2.11246
2.09996
2.09435
2.09538
2.10518
2.1231
2.14331
2.15763
2.16035
2.15165
2.13731
2.12406
2.1153
2.11065
2.10839
2.10711
2.1062
2.10757
2.1171
2.14237
2.18692
2.24697
2.31396
2.37866
2.43397
2.47548
2.50099
2.50956
2.50026
2.47216
2.42656
2.37044
2.31576
2.27353
2.24743
2.23339
2.22398
2.21429
2.2053
2.20087
2.20197
2.20603
2.21231
2.22377
2.24138
2.25868
2.26735
2.26649
2.26202
2.25937
2.26005
2.26325
2.26789
2.27188
2.27122
2.26196
2.24609
2.23476
2.24005
2.26124
2.28531
2.29886
2.29618
2.28
2.25957
2.2461
2.24622
2.25767
2.27101
2.27615
2.26818
2.24849
2.22166
2.19147
2.15913
2.12514
2.09282
2.06999
2.06651
2.08907
2.13781
2.20646
2.28368
2.35551
2.40883
2.43543
2.43474
2.41352
2.38227
2.34994
2.32018
2.29171
2.2618
2.2293
2.19515
2.16162
2.13084
2.104
2.08171
2.0652
2.05652
2.05693
2.06518
2.0778
2.09265
2.11159
2.13783
2.16985
2.20227
2.23183
2.26
2.29009
2.32188
2.34842
2.35873
2.34455
2.30609
2.25235
2.19576
2.14452
2.10076
2.06504
2.0392
2.02506
2.02318
2.03323
2.05413
2.08273
2.11492
2.14827
2.18339
2.22239
2.26621
2.31294
2.3587
2.3997
2.43355
2.45917
2.47589
2.48283
2.4795
2.46569
2.44105
2.40519
2.35872
2.30505
2.25113
2.20561
2.17477
2.15947
2.15682
2.16404
2.18025
2.20482
2.23405
2.26065
2.27589
2.27284
2.24971
2.21248
2.17338
2.14393
2.12715
2.1171
2.10568
2.08951
2.07182
2.06023
2.06349
2.08872
2.1391
2.21171
2.29681
2.37983
2.44523
2.48079
2.48079
2.4487
2.3987
2.35188
2.32477
2.32121
2.33528
2.35798
2.3804
2.39527
2.39844
2.38878
2.36644
2.33161
2.28579
2.23371
2.18325
2.14209
2.11413
2.10047
2.10371
2.12864
2.17749
2.24529
2.31992
2.38611
2.43066
2.4459
2.43086
2.39054
2.33414
2.2731
2.21847
2.17786
2.15319
2.14096
2.13469
2.1285
2.12031
2.11182
2.104
2.09577
2.08976
2.09505
2.12003
2.16359
2.21414
2.25682
2.28157
2.28627
2.27518
2.25524
2.23362
2.21577
2.20392
2.19571
2.18581
2.16973
2.14669
2.12023
2.09719
2.08519
2.08999
2.11413
2.15561
2.20684
2.25689
2.29648
2.3217
2.33367
2.33588
2.33273
2.32973
2.33337
2.34877
2.37632
2.40998
2.43956
2.45602
2.45631
2.44459
2.42798
2.41007
2.38896
2.36178
2.32918
2.29457
2.25884
2.21746
2.16554
2.10707
2.05734
2.03375
2.04449
2.08533
2.14353
2.20351
2.25144
2.2785
2.28309
2.27034
2.25003
2.2318
2.22185
2.22298
2.23583
2.25799
2.28328
2.30352
2.31058
2.29764
2.2616
2.20642
2.14467
2.09437
2.07158
2.08352
2.12631
2.18853
2.25598
2.31569
2.35805
2.37794
2.37441
2.35024
2.3117
2.2681
2.22993
2.20575
2.19916
2.20736
2.22304
2.23836
2.24857
2.25368
2.25759
2.26493
2.27815
2.29637
2.31608
2.33368
2.34843
2.36223
2.37598
2.38661
2.38813
2.37639
2.35242
2.32208
2.29178
2.26394
2.23675
2.20782
2.17715
2.14762
2.12304
2.10608
2.09774
2.09847
2.1086
2.12726
2.15277
2.18419
2.22224
2.26672
2.31129
2.34315
2.35052
2.3315
2.29562
2.25642
2.22141
2.18989
2.16131
2.14286
2.14677
2.18002
2.23888
2.31305
2.39182
2.46594
2.52683
2.56605
2.576
2.55136
2.4911
2.40107
2.29538
2.19313
2.11149
2.05974
2.03962
2.04923
2.08489
2.13907
2.19901
2.25117
2.28709
2.30517
2.30876
2.30417
2.29862
2.29801
2.30316
2.30901
2.3088
2.29889
2.2803
2.25634
2.22993
2.20261
2.17505
2.14789
2.12229
2.10039
2.08512
2.07844
2.08017
2.0895
2.10738
2.1357
2.17409
2.219
2.26565
2.31018
2.35009
2.38375
2.4104
2.42951
2.43968
2.43815
2.42306
2.39602
2.3623
2.32814
2.29846
2.27697
2.26613
2.26552
2.27205
2.28206
2.29279
2.30305
2.31315
2.32365
2.33329
2.33785
2.33166
2.30974
2.26886
2.20919
2.13753
2.07003
2.02901
2.03077
2.07332
2.13729
2.19878
2.24084
2.25742
2.25113
2.22837
2.1965
2.16296
2.13476
2.11755
2.11559
2.13158
2.16503
2.21051
2.25889
2.30092
2.32887
2.33725
2.32449
2.29453
2.2562
2.22044
2.19635
2.18842
2.19651
2.21709
2.24491
2.27385
2.2972
2.30845
2.30397
2.2857
2.26219
2.24412
2.23714
2.2382
2.23956
2.23527
2.22448
2.21041
2.19728
2.18807
2.185
2.19147
2.21224
2.24945
2.29771
2.34522
2.38071
2.39791
2.39477
2.37161
2.33146
2.27991
2.22451
2.17551
2.14439
2.13978
2.1641
2.21326
2.27688
2.34029
2.38981
2.41762
2.42328
2.41206
2.39208
2.37088
2.35267
2.33735
2.32187
2.30239
2.27567
2.24028
2.19879
2.15929
2.1316
2.1195
2.11911
2.12579
2.13911
2.16068
2.18931
2.22026
2.25037
2.28341
2.32683
2.38108
2.43668
2.48254
2.50976
2.51053
2.48007
2.42
2.33833
2.24604
2.15378
2.07031
2.00293
1.95682
1.93328
1.92881
1.93737
1.95388
1.97524
1.99892
2.02222
2.04362
2.06437
2.08735
2.11308
2.13866
2.16214
2.18641
2.21751
2.25981
2.31243
2.36923
2.42092
2.45767
2.4712
2.4563
2.41232
2.34433
2.26285
2.18036
2.10717
2.04998
2.0139
2.00433
2.02566
2.07571
2.14172
2.20432
2.24778
2.26726
2.26945
2.26741
2.27322
2.29169
2.31938
2.3488
2.37349
2.39072
2.40133
2.40774
2.41119
2.41036
2.4018
2.38165
2.34871
2.30715
2.266
2.23286
2.20688
2.18063
2.15015
2.12156
2.10715
2.11477
2.14185
2.18038
2.22526
2.27519
2.32774
2.37633
2.41286
2.43155
2.43127
2.41424
2.38428
2.34564
2.30354
2.26521
2.23906
2.23127
2.24223
2.26654
2.29602
2.32293
2.34191
2.35012
2.34558
2.32649
2.29226
2.24577
2.19281
2.13837
2.08396
2.03046
1.98448
1.95975
1.96893
2.01357
2.08226
2.15764
2.22462
2.27495
2.30743
2.32603
2.33736
2.34852
2.36428
2.38364
2.39888
2.39924
2.37563
2.3242
2.24856
2.16125
2.08246
2.03307
2.02427
2.05245
2.10429
2.16665
2.23054
2.28881
2.33448
2.36186
2.36955
2.36133
2.34485
2.32782
2.31375
2.30008
2.28094
2.25292
2.21908
2.18846
2.17023
2.16719
2.17422
2.18379
2.19165
2.19861
2.20831
2.22333
2.24241
2.26063
2.27221
2.27307
2.26137
2.23728
2.20275
2.16196
2.12063
2.08513
2.06158
2.05466
2.06508
2.08829
2.11634
2.14168
2.16022
2.17176
2.17826
2.18218
2.18674
2.19663
2.21616
2.24532
2.27763
2.30419
2.31956
2.32483
2.32575
2.32832
2.33636
2.35292
2.38043
2.41741
2.45776
2.4937
2.51822
2.52539
2.51019
2.47095
2.41158
2.34254
2.27699
2.22448
2.18881
2.17146
2.17405
2.19592
2.23047
2.26587
2.29082
2.29992
2.29351
2.27383
2.24317
2.20589
2.1692
2.14037
2.12376
2.12069
2.13073
2.15234
2.18223
2.21541
2.24674
2.27202
2.28765
2.29114
2.2824
2.26517
2.2463
2.23277
2.22873
2.23426
2.24607
2.25846
2.26649
2.27168
2.2824
2.30249
2.32336
2.33352
2.32952
2.31622
2.30228
2.29514
2.2967
2.30197
2.30254
2.29265
2.27356
2.25353
2.24234
2.24402
2.25477
2.26706
2.27498
2.27772
2.27998
2.28863
2.30667
2.329
2.34452
2.34335
2.32362
2.29194
2.25636
2.21984
2.18186
2.1433
2.10862
2.08444
2.07643
2.08722
2.11578
2.1569
2.2014
2.2389
2.261
2.26268
2.24299
2.20557
2.15899
2.11595
2.09065
2.09389
2.12788
2.18471
2.24978
2.3074
2.34603
2.36176
2.35834
2.34426
2.32748
2.31197
2.29819
2.28691
2.28049
2.27882
2.27534
2.26033
2.22872
2.18344
2.13247
2.08409
2.04485
2.02094
2.01936
2.04513
2.09576
2.16084
2.2286
2.29108
2.34364
2.38203
2.40186
2.40011
2.37649
2.3349
2.28372
2.23381
2.19456
2.1706
2.1615
2.16513
2.18073
2.20955
2.25224
2.30545
2.361
2.40786
2.43635
2.44132
2.42361
2.3906
2.35388
2.32468
2.30755
2.29771
2.28469
2.25902
2.21652
2.15843
2.08992
2.01957
1.95974
1.92498
1.92605
1.96352
2.02651
2.09795
2.16166
2.20687
2.23002
2.23414
2.22641
2.21462
2.20299
2.19048
2.17352
2.1517
2.13082
2.11979
2.12368
2.13862
2.15328
2.15428
2.13206
2.08518
2.02212
1.95981
1.91727
1.90882
1.9403
2.00816
2.10013
2.19838
2.28519
2.34844
2.38448
2.39745
2.39655
2.39304
2.39823
2.42043
2.45984
2.50533
2.53965
2.54903
2.5275
2.47533
2.39787
2.30609
2.21636
2.14606
2.10511
2.09168
2.09631
2.10901
2.12357
2.14125
2.17291
2.2272
2.29263
2.34579
2.37391
2.37963
2.3717
2.35636
2.33671
2.31684
2.30404
2.30589
2.32577
2.36111
2.40408
2.4433
2.46654
2.46444
2.43376
2.3794
2.31383
2.25302
2.20927
2.18628
2.18069
2.18674
2.19878
2.21163
2.21984
2.21814
2.20324
2.17487
2.13465
2.08548
2.0331
1.98838
1.96548
1.97442
2.0135
2.06941
2.12579
2.1726
2.20834
2.23509
2.25347
2.26095
2.2534
2.2279
2.18488
1.9749
1.92139
1.88212
1.86683
1.87739
1.90674
1.94504
1.98644
2.03031
2.07859
2.1316
2.18484
2.22986
2.2587
2.26816
2.26102
2.2444
2.22748
2.2197
2.22892
2.25754
2.30059
2.34905
2.3941
2.4275
2.44092
2.42794
2.38822
2.32992
2.26764
2.21522
2.18011
2.16503
2.17083
2.19527
2.23148
2.26923
2.29883
2.31531
2.32085
2.3221
2.32201
2.31494
2.29249
2.25202
2.19874
2.14247
2.09299
2.05554
2.029
2.0082
1.98881
1.96941
1.95033
1.93238
1.91713
1.90696
1.90431
1.91107
1.92861
1.95693
1.99276
2.02975
2.06221
2.08811
2.10872
2.1271
2.14669
2.16972
2.19543
2.22022
2.24065
2.25602
2.26861
2.2807
2.29191
2.2986
2.29658
2.2853
2.27096
2.26491
2.27584
2.30282
2.33756
2.37223
2.40246
2.42455
2.43268
2.42086
2.38669
2.33403
2.27254
2.21408
2.16803
2.13808
2.12276
2.11849
2.12197
2.13071
2.14283
2.15708
2.17335
2.19238
2.21446
2.23663
2.25103
2.24879
2.22623
2.18712
2.14013
2.09414
2.05536
2.02596
2.00385
1.98307
1.95589
1.91717
1.86975
1.82559
1.79946
1.79965
1.82424
1.8644
1.90997
1.95355
1.99201
2.02627
2.05992
2.09575
2.13165
2.16025
2.17374
2.16927
2.1509
2.12829
2.11279
2.11399
2.13726
2.18296
2.24626
2.31888
2.39123
2.45463
2.50256
2.53083
2.53859
2.52954
2.51182
2.49337
2.4757
2.45322
2.41967
2.37348
2.31894
2.26442
2.21869
2.18732
2.17083
2.16517
2.16366
2.15943
2.14781
2.12727
2.09903
2.06655
2.035
2.01113
2.00196
2.01265
2.04331
2.08742
2.13485
2.17685
2.2067
2.2175
2.20391
2.16848
2.12422
2.08905
2.0755
2.08432
2.10706
2.13197
2.14747
2.1438
2.11513
2.06302
1.9977
1.93505
1.89065
1.87444
1.88853
1.92772
1.98108
2.03591
2.08246
2.11728
2.14267
2.16276
2.17959
2.19182
2.19608
2.18922
2.17072
2.14409
2.11618
2.09497
2.0866
2.09319
2.11244
2.13891
2.16581
2.18694
2.19818
2.19804
2.1869
2.1663
2.13889
2.10833
2.07831
2.05106
2.0267
2.00442
1.98434
1.9687
1.96193
1.96937
1.9947
2.03697
2.08968
2.143
2.18814
2.22045
2.24035
2.25143
2.25701
2.25734
2.24942
2.22892
2.19306
2.14297
2.08484
2.02897
1.98688
1.9676
1.97477
2.00687
2.05924
2.12475
2.19402
2.25693
2.30519
2.33412
2.34306
2.33478
2.31431
2.28701
2.25652
2.22394
2.18899
2.15334
2.12233
2.10325
2.10191
2.12105
2.16095
2.21959
2.29054
2.36236
2.4204
2.45132
2.44758
2.41005
2.34678
2.26939
2.18909
2.11424
2.05012
2.00061
1.97041
1.96471
1.98288
2.01473
2.04677
2.07067
2.08483
2.09146
2.09402
2.09581
2.09905
2.10402
2.10993
2.11613
2.12246
2.12828
2.13153
2.12914
2.11981
2.10617
2.09355
2.08631
2.0851
2.08766
2.0915
2.09448
2.09337
2.08271
2.05802
2.02161
1.98518
1.96557
1.97579
2.01878
2.08764
2.16988
2.25229
2.32419
2.37801
2.40879
2.41387
2.39337
2.35084
2.29399
2.23475
2.18724
2.16343
2.16748
2.1934
2.22905
2.26254
2.28485
2.28956
2.27473
2.24566
2.21301
2.18677
2.17142
2.16536
2.16367
2.16101
2.15387
2.14132
2.12642
2.11666
2.12063
2.13869
2.15821
2.1629
2.145
2.10793
2.06193
2.01889
1.98902
1.97879
1.99011
2.02073
2.06517
2.11629
2.16695
2.21235
2.25127
2.28543
2.31684
2.34521
2.3682
2.38293
2.38667
2.37665
2.35051
2.308
2.25217
2.18879
2.12531
2.06912
2.02609
1.99933
1.98947
1.99627
2.01874
2.05472
2.09978
2.1472
2.1893
2.22018
2.23795
2.24466
2.24348
2.23593
2.22193
2.20154
2.17491
2.14165
2.10065
2.05356
2.00779
1.97514
1.96416
1.97396
1.99546
2.01813
2.03559
2.04751
2.05748
2.06825
2.07808
2.08207
2.0765
2.06174
2.04237
2.02466
2.01393
2.01317
2.02367
2.04601
2.07898
2.11807
2.15559
2.18356
2.19678
2.19517
2.18312
2.16662
2.14992
2.13372
2.11647
2.09736
2.07833
2.06357
2.05811
2.06599
2.0883
2.12234
2.16275
2.20372
2.24057
2.26976
2.28788
2.29129
2.27724
2.24576
2.20163
2.15487
2.11797
2.10095
2.10715
2.13291
2.17
2.2088
2.24152
2.26385
2.27506
2.27709
2.27265
2.26369
2.25045
2.23139
2.20394
2.16629
2.11981
2.06999
2.02488
1.99156
1.97462
1.97657
1.99709
2.03166
2.07246
2.112
2.14482
2.16608
2.17142
2.158
2.12616
2.08125
2.03474
2.00342
2.00316
2.03982
2.10505
2.18208
2.25433
2.31007
2.34355
2.35559
2.35331
2.34712
2.34451
2.34607
2.34732
2.34333
2.33063
2.30721
2.27289
2.2307
2.1874
2.15133
2.12821
2.11875
2.11902
2.12292
2.12538
2.12489
2.12466
2.13038
2.14598
2.17004
2.19577
2.21419
2.21843
2.20655
2.18146
2.14892
2.11496
2.08347
2.05584
2.03209
2.01353
2.00419
2.00933
2.03152
2.06845
2.11396
2.16059
2.20155
2.23185
2.24887
2.25263
2.24604
2.23496
2.22629
2.22277
2.22042
2.21349
2.20147
2.18944
2.18278
2.18198
2.1824
2.17912
2.17142
2.16324
2.16081
2.16931
2.19012
2.22014
2.25289
2.2802
2.29532
2.29418
2.2756
2.24127
2.19674
2.15025
2.10886
2.07538
2.04973
2.03236
2.02495
2.02818
2.04009
2.05744
2.07871
2.10493
2.13836
2.18005
2.2286
2.2804
2.32994
2.37042
2.39495
2.39838
2.37934
2.33922
2.28072
2.20732
2.12586
2.04833
1.98885
1.9574
1.95598
1.97851
2.01448
2.05283
2.08513
2.10696
2.11764
2.11928
2.11496
2.10718
2.09622
2.08005
2.05672
2.02944
2.01022
2.01198
2.03398
2.06376
2.09138
2.11339
2.12841
2.135
2.13226
2.12003
2.09884
2.06989
2.03563
2.00077
1.97301
1.96177
1.97418
2.01024
2.06193
2.11709
2.16488
2.19936
2.22036
2.23134
2.23646
2.2384
2.23811
2.23512
2.22857
2.21777
2.20281
2.18481
2.16538
2.14653
2.13098
2.12138
2.11827
2.11803
2.11252
2.09263
2.05425
2.00183
1.9471
1.904
1.88247
1.88647
1.91648
1.9707
2.04317
2.12358
2.2012
2.26855
2.32088
2.35457
2.36855
2.37022
2.37724
2.40078
2.42953
2.44454
2.43847
2.41466
2.37896
2.33575
2.28805
2.23948
2.19454
2.15721
2.12987
2.11393
2.10994
2.11599
2.12784
2.14175
2.15709
2.17555
2.19682
2.21615
2.22715
2.22651
2.21564
2.1991
2.18193
2.16712
2.15472
2.14225
2.12683
2.107
2.08368
2.05974
2.03852
2.02247
2.01247
2.00824
2.00915
2.01469
2.02429
2.03661
2.04852
2.0557
2.05453
2.04381
2.02557
2.00564
1.99338
1.99972
2.03232
2.09002
2.16206
2.23352
2.29221
2.33221
2.35355
2.36048
2.35966
2.35889
2.36594
2.38469
2.4106
2.43187
2.4367
2.41922
2.38012
2.32472
2.2601
2.19332
2.13114
2.08002
2.045
2.02781
2.02589
2.0329
2.04175
2.04841
2.0532
2.05757
2.05979
2.05502
2.03939
2.01458
1.98968
1.97804
1.98942
2.0228
2.06728
2.10926
2.13924
2.15461
2.15917
2.15978
2.16218
2.16964
2.18382
2.20461
2.22875
2.24975
2.26029
2.25545
2.23468
2.20144
2.16139
2.12086
2.08604
2.062
2.05137
2.05392
2.06624
2.08265
2.09795
2.11049
2.12316
2.14063
2.1638
2.18729
2.20424
2.21234
2.2153
2.22005
2.2324
2.25312
2.27725
2.29695
2.30622
2.30376
2.29296
2.27927
2.26714
2.25736
2.24691
2.23142
2.20806
2.17685
2.14075
2.1046
2.07379
2.05279
2.04454
2.04956
2.06555
2.0881
2.11204
2.13369
2.15222
2.16897
2.18502
2.19924
2.20832
2.20862
2.19816
2.17741
2.14935
2.11896
2.09171
2.07162
2.06074
2.06004
2.06958
2.08768
2.11091
2.13569
2.16014
2.18394
2.20746
2.22989
2.24824
2.25798
2.25516
2.23893
2.21326
2.18641
2.16728
2.16086
2.16712
2.18249
2.20194
2.22028
2.23285
2.23612
2.2286
2.21102
2.18603
2.1573
2.12875
2.10383
2.08539
2.07631
2.07897
2.09352
2.1164
2.1407
2.1586
2.16491
2.15957
2.14728
2.13482
2.128
2.12982
2.14005
2.15574
2.17173
2.18228
2.18318
2.17293
2.15255
2.12467
2.09264
2.06043
2.03289
2.01507
2.01002
2.01641
2.02879
2.04088
2.0503
2.06225
2.08761
2.13283
2.19072
2.24457
2.27946
2.28814
2.27154
2.23744
2.19759
2.16296
2.14009
2.1305
2.13299
2.14631
2.16896
2.19713
2.22397
2.24202
2.24634
2.23643
2.21556
2.18868
2.15993
2.13176
2.10554
2.08257
2.06394
2.04996
2.04095
2.0384
2.04574
2.06683
2.10237
2.14809
2.19605
2.23875
2.27301
2.3013
2.32915
2.36075
2.39525
2.42685
2.448
2.452
2.43388
2.39096
2.32446
2.24048
2.14943
2.06375
1.99556
1.95462
1.94731
1.97298
2.0213
2.07717
2.12878
2.17115
2.20379
2.22646
2.23761
2.23609
2.22298
2.20169
2.17656
2.15194
2.13189
2.1198
2.11714
2.12223
2.12991
2.13377
2.12993
2.11919
2.10579
2.0953
2.09458
2.10985
2.14143
2.18215
2.22215
2.25338
2.27034
2.26898
2.24699
2.20593
2.15301
2.10018
2.05914
2.03581
2.02836
2.03052
2.03766
2.05084
2.07587
2.11827
2.17807
2.24807
2.31687
2.37277
2.40634
2.41254
2.39239
2.35358
2.30791
2.26612
2.23326
2.2085
2.18808
2.16846
2.14737
2.12455
2.10305
2.08899
2.08953
2.10933
2.14719
2.19502
2.24048
2.27215
2.28392
2.27552
2.24961
2.20899
2.1562
2.0953
2.03325
1.97915
1.9413
1.92384
1.92521
1.93955
