-7.82869
-7.74755
-7.62584
-7.47463
-7.29065
-7.09055
-6.88426
-6.68359
-6.50888
-6.37591
-6.29108
-6.26019
-6.27173
-6.31392
-6.37454
-6.43922
-6.49926
-6.54735
-6.57933
-6.59437
-6.595
-6.58457
-6.56574
-6.54124
-6.51674
-6.49554
-6.47915
-6.47215
-6.47533
-6.49141
-6.51932
-6.55926
-6.61149
-6.667
-6.72421
-6.77791
-6.82425
-6.85776
-6.88164
-6.89324
-6.89462
-6.88694
-6.87436
-6.86256
-6.85219
-6.84213
-6.83498
-6.82804
-6.82345
-6.81898
-6.81107
-6.80226
-6.7918
-6.78141
-6.76699
-6.75182
-6.73898
-6.72804
-6.71936
-6.71822
-6.7221
-6.73439
-6.74987
-6.7673
-6.78401
-6.79693
-6.81072
-6.82221
-6.83396
-6.84056
-6.8469
-6.85288
-6.85714
-6.85453
-6.84876
-6.84102
-6.83405
-6.8234
-6.81208
-6.79872
-6.78423
-6.77064
-6.75927
-6.75228
-6.74759
-6.75009
-6.75076
-6.7499
-6.74295
-6.73424
-6.71874
-6.69759
-6.67716
-6.65623
-6.63978
-6.62848
-6.62528
-6.62958
-6.63876
-6.65416
-6.67169
-6.69192
-6.70969
-6.72304
-6.72789
-6.72625
-6.71345
-6.6953
-6.66955
-6.64591
-6.62356
-6.60692
-6.60098
-6.60847
-6.62739
-6.65822
-6.69751
-6.74405
-6.79358
-6.83895
-6.879
-6.9134
-6.93711
-6.94723
-6.94787
-6.94081
-6.93198
-6.91881
-6.90662
-6.89418
-6.88247
-6.86959
-6.8546
-6.8351
-6.81447
-6.7938
-6.77501
-6.75534
-6.73992
-6.72445
-6.71029
-6.69724
-6.68852
-6.6799
-6.67205
-6.6652
-6.66357
-6.66188
-6.66811
-6.67814
-6.6941
-6.71208
-6.73321
-6.75304
-6.77385
-6.79347
-6.80799
-6.82086
-6.82767
-6.82601
-6.81675
-6.7965
-6.77071
-6.74811
-6.72654
-6.71145
-6.70342
-6.70122
-6.69988
-6.69941
-6.69905
-6.69876
-6.70834
-6.71894
-6.7344
-6.74878
-6.76432
-6.78111
-6.79154
-6.7995
-6.80355
-6.80683
-6.80655
-6.80335
-6.79878
-6.79828
-6.7972
-6.80295
-6.80907
-6.81834
-6.82139
-6.8199
-6.81947
-6.81644
-6.81109
-6.80424
-6.79622
-6.78686
-6.77816
-6.77229
-6.76619
-6.76092
-6.76076
-6.76308
-6.7648
-6.7643
-6.76432
-6.76281
-6.75989
-6.75698
-6.75707
-6.75598
-6.75597
-6.75983
-6.76728
-6.77167
-6.77784
-6.77915
-6.78147
-6.78271
-6.78451
-6.78705
-6.78786
-6.78679
-6.78152
-6.77426
-6.76183
-6.74554
-6.72801
-6.71448
-6.70478
-6.70228
-6.70332
-6.71147
-6.72046
-6.72972
-6.73756
-6.74081
-6.7382
-6.73242
-6.71926
-6.70362
-6.6871
-6.67229
-6.66464
-6.66541
-6.67173
-6.68898
-6.71657
-6.74776
-6.77585
-6.8054
-6.83207
-6.84926
-6.86244
-6.86811
-6.87
-6.86683
-6.86042
-6.84917
-6.83633
-6.82137
-6.80814
-6.79389
-6.77993
-6.76688
-6.75269
-6.74045
-6.73011
-6.72641
-6.72907
-6.7355
-6.75193
-6.77182
-6.78844
-6.80022
-6.80572
-6.80372
-6.79796
-6.78694
-6.77728
-6.77002
-6.76999
-6.77134
-6.77585
-6.77831
-6.77744
-6.778
-6.77423
-6.77063
-6.76255
-6.75624
-6.75386
-6.75075
-6.74774
-6.74226
-6.73657
-6.73666
-6.74083
-6.74773
-6.75714
-6.76771
-6.7732
-6.77334
-6.77127
-6.76283
-6.75144
-6.73824
-6.72424
-6.71335
-6.7008
-6.68692
-6.67724
-6.66988
-6.66818
-6.66989
-6.67796
-6.68958
-6.70499
-6.7251
-6.74875
-6.76961
-6.78883
-6.8051
-6.81723
-6.82352
-6.82154
-6.81346
-6.80337
-6.78969
-6.77644
-6.76828
-6.76381
-6.76223
-6.76369
-6.76919
-6.77552
-6.78106
-6.78771
-6.79431
-6.80121
-6.80269
-6.80169
-6.79671
-6.78503
-6.76974
-6.75246
-6.73148
-6.71246
-6.69774
-6.68999
-6.69235
-6.69482
-6.70209
-6.70944
-6.71525
-6.71975
-6.72435
-6.72722
-6.72917
-6.72899
-6.73061
-6.73162
-6.73464
-6.74167
-6.74864
-6.75954
-6.77245
-6.78619
-6.79867
-6.80632
-6.80918
-6.80614
-6.79947
-6.78809
-6.77685
-6.7621
-6.74914
-6.74413
-6.74403
-6.74936
-6.75963
-6.76936
-6.78206
-6.79161
-6.80139
-6.80842
-6.81872
-6.82569
-6.83267
-6.84058
-6.84217
-6.83785
-6.82887
-6.81536
-6.79831
-6.77522
-6.7495
-6.72528
-6.70133
-6.68228
-6.6714
-6.66648
-6.67129
-6.68267
-6.7013
-6.72587
-6.7487
-6.77139
-6.7886
-6.79666
-6.80191
-6.79919
-6.79709
-6.78876
-6.77986
-6.77274
-6.76331
-6.75266
-6.74245
-6.73498
-6.72778
-6.72111
-6.72214
-6.72667
-6.73348
-6.74337
-6.75192
-6.75946
-6.76535
-6.76673
-6.76686
-6.7628
-6.75723
-6.74954
-6.74414
-6.73837
-6.73404
-6.72881
-6.72179
-6.71624
-6.71228
-6.7129
-6.7122
-6.71314
-6.71625
-6.72043
-6.72846
-6.7345
-6.74311
-6.75051
-6.76219
-6.77042
-6.78303
-6.79242
-6.80059
-6.80244
-6.79836
-6.78736
-6.76873
-6.74461
-6.7188
-6.69637
-6.68053
-6.67211
-6.67542
-6.68935
-6.71195
-6.73911
-6.76982
-6.79841
-6.82261
-6.84569
-6.86265
-6.87829
-6.89019
-6.8987
-6.901
-6.90049
-6.88985
-6.87836
-6.86066
-6.83941
-6.81589
-6.79212
-6.77028
-6.7484
-6.72856
-6.71272
-6.6975
-6.68726
-6.68332
-6.68765
-6.69886
-6.71876
-6.74138
-6.75993
-6.77253
-6.77908
-6.77261
-6.75975
-6.74287
-6.72249
-6.70566
-6.69065
-6.68344
-6.68756
-6.70161
-6.71743
-6.7404
-6.76452
-6.78415
-6.79624
-6.79865
-6.79173
-6.77823
-6.76216
-6.7519
-6.74614
-6.74719
-6.75382
-6.75937
-6.76943
-6.7776
-6.78491
-6.79283
-6.79894
-6.80084
-6.80387
-6.8003
-6.79376
-6.78283
-6.7675
-6.75398
-6.73951
-6.73078
-6.73356
-6.74343
-6.76141
-6.78063
-6.79807
-6.80936
-6.81531
-6.81307
-6.80198
-6.78231
-6.76002
-6.73918
-6.72356
-6.71446
-6.71593
-6.72629
-6.74254
-6.7616
-6.78037
-6.79614
-6.80847
-6.8175
-6.82466
-6.82693
-6.82884
-6.82902
-6.8294
-6.82851
-6.82598
-6.82162
-6.81291
-6.80332
-6.79055
-6.77411
-6.75151
-6.72979
-6.70981
-6.69136
-6.67997
-6.6772
-6.68502
-6.69807
-6.71514
-6.72819
-6.73615
-6.73663
-6.73063
-6.71527
-6.69558
-6.67836
-6.66337
-6.65722
-6.66265
-6.67741
-6.6985
-6.72541
-6.75696
-6.79068
-6.823
-6.85116
-6.87301
-6.88985
-6.89795
-6.89533
-6.88907
-6.87219
-6.852
-6.83366
-6.81441
-6.7982
-6.78545
-6.77467
-6.76307
-6.75173
-6.738
-6.7217
-6.70568
-6.68619
-6.67084
-6.65815
-6.65301
-6.65247
-6.66137
-6.673
-6.69271
-6.71509
-6.73842
-6.76556
-6.7907
-6.81246
-6.82823
-6.83482
-6.82768
-6.8125
-6.79005
-6.76119
-6.73248
-6.70302
-6.67818
-6.66602
-6.65922
-6.65943
-6.6722
-6.68771
-6.70925
-6.73571
-6.76298
-6.79075
-6.81653
-6.83931
-6.85932
-6.87219
-6.8818
-6.88313
-6.87871
-6.87487
-6.86646
-6.85853
-6.85067
-6.84268
-6.83393
-6.82123
-6.8069
-6.78324
-6.75762
-6.72619
-6.69226
-6.66125
-6.63597
-6.62014
-6.6144
-6.61944
-6.63364
-6.65302
-6.6738
-6.69547
-6.71724
-6.73826
-6.75673
-6.77483
-6.79556
-6.81195
-6.82943
-6.8405
-6.84494
-6.8449
-6.8382
-6.82784
-6.81603
-6.80055
-6.79038
-6.7818
-6.77597
-6.77756
-6.78229
-6.78888
-6.80052
-6.81155
-6.82209
-6.83036
-6.8283
-6.81729
-6.8008
-6.7793
-6.75944
-6.74049
-6.72649
-6.7172
-6.71636
-6.71954
-6.72933
-6.74148
-6.75385
-6.76175
-6.76698
-6.76563
-6.76199
-6.75265
-6.73999
-6.72465
-6.70842
-6.69319
-6.68458
-6.68241
-6.68869
-6.70156
-6.71633
-6.73424
-6.74974
-6.76371
-6.77592
-6.78105
-6.78291
-6.78187
-6.77758
-6.77349
-6.76518
-6.75842
-6.75341
-6.75057
-6.7532
-6.75571
-6.76258
-6.76946
-6.77525
-6.7801
-6.78231
-6.78008
-6.77639
-6.77084
-6.76293
-6.75515
-6.75219
-6.75364
-6.75764
-6.76727
-6.77647
-6.78414
-6.79075
-6.79374
-6.78881
-6.77979
-6.77027
-6.75419
-6.73999
-6.72585
-6.71629
-6.71318
-6.72108
-6.73603
-6.76126
-6.7917
-6.82553
-6.85734
-6.88253
-6.89684
-6.90051
-6.88966
-6.86755
-6.8352
-6.79293
-6.74347
-6.69681
-6.6548
-6.62253
-6.60274
-6.59598
-6.60398
-6.62609
-6.65611
-6.68684
-6.72201
-6.75041
-6.77405
-6.78962
-6.79544
-6.79237
-6.78478
-6.77325
-6.76277
-6.75256
-6.74876
-6.75031
-6.75974
-6.77265
-6.78722
-6.80141
-6.81881
-6.83472
-6.85042
-6.86801
-6.87816
-6.88758
-6.89018
-6.88749
-6.88033
-6.86601
-6.84362
-6.81586
-6.78714
-6.76034
-6.73699
-6.71481
-6.70077
-6.68499
-6.67731
-6.67197
-6.66975
-6.67148
-6.681
-6.69604
-6.71844
-6.74369
-6.76445
-6.77876
-6.78444
-6.78403
-6.77777
-6.76717
-6.75333
-6.74047
-6.72552
-6.70988
-6.69407
-6.68406
-6.67534
-6.67282
-6.6765
-6.68389
-6.69743
-6.71425
-6.7332
-6.75256
-6.7677
-6.78001
-6.79584
-6.80715
-6.81374
-6.82246
-6.82786
-6.82632
-6.82411
-6.81836
-6.81333
-6.80745
-6.80574
-6.80121
-6.7968
-6.79253
-6.78311
-6.76936
-6.75053
-6.72924
-6.71133
-6.69659
-6.68627
-6.68349
-6.68934
-6.69908
-6.71392
-6.73443
-6.75894
-6.78802
-6.81467
-6.83923
-6.85896
-6.87133
-6.87349
-6.86538
-6.84994
-6.83012
-6.8112
-6.79471
-6.78408
-6.77793
-6.77852
-6.77907
-6.78612
-6.7947
-6.80708
-6.81926
-6.82754
-6.83211
-6.82827
-6.81961
-6.802
-6.77933
-6.75263
-6.72284
-6.69447
-6.67338
-6.66113
-6.65593
-6.66212
-6.67303
-6.68958
-6.71153
-6.73309
-6.75399
-6.77304
-6.78953
-6.80111
-6.80709
-6.8023
-6.79119
-6.7734
-6.75187
-6.7318
-6.71496
-6.7013
-6.6954
-6.69625
-6.70351
-6.7194
-6.73854
-6.76028
-6.77937
-6.79985
-6.81244
-6.82025
-6.8259
-6.82994
-6.83141
-6.82692
-6.82575
-6.81888
-6.81188
-6.80642
-6.80055
-6.7941
-6.78747
-6.78038
-6.76939
-6.75865
-6.74693
-6.73713
-6.72859
-6.72614
-6.72599
-6.72828
-6.7277
-6.72856
-6.72349
-6.71958
-6.7132
-6.70119
-6.68989
-6.68088
-6.67547
-6.67329
-6.67541
-6.67596
-6.67903
-6.68519
-6.69447
-6.7012
-6.71095
-6.72021
-6.728
-6.73566
-6.74018
-6.74697
-6.7543
-6.76477
-6.77819
-6.79544
-6.81174
-6.82977
-6.84528
-6.85406
-6.8595
-6.85684
-6.84748
-6.83363
-6.81479
-6.79347
-6.77322
-6.75275
-6.7416
-6.73943
-6.74653
-6.76196
-6.78247
-6.80374
-7.82869
-7.74755
-7.62584
-7.47463
-7.29065
-7.09055
-6.88426
-6.68359
-6.50888
-6.37591
-6.29108
-6.26019
-6.27173
-6.31392
-6.37454
-6.43922
-6.49926
-6.54735
-6.57933
-6.59437
-6.595
-6.58457
-6.56574
-6.54124
-6.51674
-6.49554
-6.47915
-6.47215
-6.47533
-6.49141
-6.51932
-6.55926
-6.61149
-6.667
-6.72421
-6.77791
-6.82425
-6.85776
-6.88164
-6.89324
-6.89462
-6.88694
-6.87436
-6.86256
-6.85219
-6.84213
-6.83498
-6.82804
-6.82345
-6.81898
-6.81107
-6.80226
-6.7918
-6.78141
-6.76699
-6.75182
-6.73898
-6.72804
-6.71936
-6.71822
-6.7221
-6.73439
-6.74987
-6.7673
-6.78401
-6.79693
-6.81072
-6.82221
-6.83396
-6.84056
-6.8469
-6.85288
-6.85714
-6.85453
-6.84876
-6.84102
-6.83405
-6.8234
-6.81208
-6.79872
-6.78423
-6.77064
-6.75927
-6.75228
-6.74759
-6.75009
-6.75076
-6.7499
-6.74295
-6.73424
-6.71874
-6.69759
-6.67716
-6.65623
-6.63978
-6.62848
-6.62528
-6.62958
-6.63876
-6.65416
-6.67169
-6.69192
-6.70969
-6.72304
-6.72789
-6.72625
-6.71345
-6.6953
-6.66955
-6.64591
-6.62356
-6.60692
-6.60098
-6.60847
-6.62739
-6.65822
-6.69751
-6.74405
-6.79358
-6.83895
-6.879
-6.9134
-6.93711
-6.94723
-6.94787
-6.94081
-6.93198
-6.91881
-6.90662
-6.89418
-6.88247
-6.86959
-6.8546
-6.8351
-6.81447
-6.7938
-6.77501
-6.75534
-6.73992
-6.72445
-6.71029
-6.69724
-6.68852
-6.6799
-6.67205
-6.6652
-6.66357
-6.66188
-6.66811
-6.67814
-6.6941
-6.71208
-6.73321
-6.75304
-6.77385
-6.79347
-6.80799
-6.82086
-6.82767
-6.82601
-6.81675
-6.7965
-6.77071
-6.74811
-6.72654
-6.71145
-6.70342
-6.70122
-6.69988
-6.69941
-6.69905
-6.69876
-6.70834
-6.71894
-6.7344
-6.74878
-6.76432
-6.78111
-6.79154
-6.7995
-6.80355
-6.80683
-6.80655
-6.80335
-6.79878
-6.79828
-6.7972
-6.80295
-6.80907
-6.81834
-6.82139
-6.8199
-6.81947
-6.81644
-6.81109
-6.80424
-6.79622
-6.78686
-6.77816
-6.77229
-6.76619
-6.76092
-6.76076
-6.76308
-6.7648
-6.7643
-6.76432
-6.76281
-6.75989
-6.75698
-6.75707
-6.75598
-6.75597
-6.75983
-6.76728
-6.77167
-6.77784
-6.77915
-6.78147
-6.78271
-6.78451
-6.78705
-6.78786
-6.78679
-6.78152
-6.77426
-6.76183
-6.74554
-6.72801
-6.71448
-6.70478
-6.70228
-6.70332
-6.71147
-6.72046
-6.72972
-6.73756
-6.74081
-6.7382
-6.73242
-6.71926
-6.70362
-6.6871
-6.67229
-6.66464
-6.66541
-6.67173
-6.68898
-6.71657
-6.74776
-6.77585
-6.8054
-6.83207
-6.84926
-6.86244
-6.86811
-6.87
-6.86683
-6.86042
-6.84917
-6.83633
-6.82137
-6.80814
-6.79389
-6.77993
-6.76688
-6.75269
-6.74045
-6.73011
-6.72641
-6.72907
-6.7355
-6.75193
-6.77182
-6.78844
-6.80022
-6.80572
-6.80372
-6.79796
-6.78694
-6.77728
-6.77002
-6.76999
-6.77134
-6.77585
-6.77831
-6.77744
-6.778
-6.77423
-6.77063
-6.76255
-6.75624
-6.75386
-6.75075
-6.74774
-6.74226
-6.73657
-6.73666
-6.74083
-6.74773
-6.75714
-6.76771
-6.7732
-6.77334
-6.77127
-6.76283
-6.75144
-6.73824
-6.72424
-6.71335
-6.7008
-6.68692
-6.67724
-6.66988
-6.66818
-6.66989
-6.67796
-6.68958
-6.70499
-6.7251
-6.74875
-6.76961
-6.78883
-6.8051
-6.81723
-6.82352
-6.82154
-6.81346
-6.80337
-6.78969
-6.77644
-6.76828
-6.76381
-6.76223
-6.76369
-6.76919
-6.77552
-6.78106
-6.78771
-6.79431
-6.80121
-6.80269
-6.80169
-6.79671
-6.78503
-6.76974
-6.75246
-6.73148
-6.71246
-6.69774
-6.68999
-6.69235
-6.69482
-6.70209
-6.70944
-6.71525
-6.71975
-6.72435
-6.72722
-6.72917
-6.72899
-6.73061
-6.73162
-6.73464
-6.74167
-6.74864
-6.75954
-6.77245
-6.78619
-6.79867
-6.80632
-6.80918
-6.80614
-6.79947
-6.78809
-6.77685
-6.7621
-6.74914
-6.74413
-6.74403
-6.74936
-6.75963
-6.76936
-6.78206
-6.79161
-6.80139
-6.80842
-6.81872
-6.82569
-6.83267
-6.84058
-6.84217
-6.83785
-6.82887
-6.81536
-6.79831
-6.77522
-6.7495
-6.72528
-6.70133
-6.68228
-6.6714
-6.66648
-6.67129
-6.68267
-6.7013
-6.72587
-6.7487
-6.77139
-6.7886
-6.79666
-6.80191
-6.79919
-6.79709
-6.78876
-6.77986
-6.77274
-6.76331
-6.75266
-6.74245
-6.73498
-6.72778
-6.72111
-6.72214
-6.72667
-6.73348
-6.74337
-6.75192
-6.75946
-6.76535
-6.76673
-6.76686
-6.7628
-6.75723
-6.74954
-6.74414
-6.73837
-6.73404
-6.72881
-6.72179
-6.71624
-6.71228
-6.7129
-6.7122
-6.71314
-6.71625
-6.72043
-6.72846
-6.7345
-6.74311
-6.75051
-6.76219
-6.77042
-6.78303
-6.79242
-6.80059
-6.80244
-6.79836
-6.78736
-6.76873
-6.74461
-6.7188
-6.69637
-6.68053
-6.67211
-6.67542
-6.68935
-6.71195
-6.73911
-6.76982
-6.79841
-6.82261
-6.84569
-6.86265
-6.87829
-6.89019
-6.8987
-6.901
-6.90049
-6.88985
-6.87836
-6.86066
-6.83941
-6.81589
-6.79212
-6.77028
-6.7484
-6.72856
-6.71272
-6.6975
-6.68726
-6.68332
-6.68765
-6.69886
-6.71876
-6.74138
-6.75993
-6.77253
-6.77908
-6.77261
-6.75975
-6.74287
-6.72249
-6.70566
-6.69065
-6.68344
-6.68756
-6.70161
-6.71743
-6.7404
-6.76452
-6.78415
-6.79624
-6.79865
-6.79173
-6.77823
-6.76216
-6.7519
-6.74614
-6.74719
-6.75382
-6.75937
-6.76943
-6.7776
-6.78491
-6.79283
-6.79894
-6.80084
-6.80387
-6.8003
-6.79376
-6.78283
-6.7675
-6.75398
-6.73951
-6.73078
-6.73356
-6.74343
-6.76141
-6.78063
-6.79807
-6.80936
-6.81531
-6.81307
-6.80198
-6.78231
-6.76002
-6.73918
-6.72356
-6.71446
-6.71593
-6.72629
-6.74254
-6.7616
-6.78037
-6.79614
-6.80847
-6.8175
-6.82466
-6.82693
-6.82884
-6.82902
-6.8294
-6.82851
-6.82598
-6.82162
-6.81291
-6.80332
-6.79055
-6.77411
-6.75151
-6.72979
-6.70981
-6.69136
-6.67997
-6.6772
-6.68502
-6.69807
-6.71514
-6.72819
-6.73615
-6.73663
-6.73063
-6.71527
-6.69558
-6.67836
-6.66337
-6.65722
-6.66265
-6.67741
-6.6985
-6.72541
-6.75696
-6.79068
-6.823
-6.85116
-6.87301
-6.88985
-6.89795
-6.89533
-6.88907
-6.87219
-6.852
-6.83366
-6.81441
-6.7982
-6.78545
-6.77467
-6.76307
-6.75173
-6.738
-6.7217
-6.70568
-6.68619
-6.67084
-6.65815
-6.65301
-6.65247
-6.66137
-6.673
-6.69271
-6.71509
-6.73842
-6.76556
-6.7907
-6.81246
-6.82823
-6.83482
-6.82768
-6.8125
-6.79005
-6.76119
-6.73248
-6.70302
-6.67818
-6.66602
-6.65922
-6.65943
-6.6722
-6.68771
-6.70925
-6.73571
-6.76298
-6.79075
-6.81653
-6.83931
-6.85932
-6.87219
-6.8818
-6.88313
-6.87871
-6.87487
-6.86646
-6.85853
-6.85067
-6.84268
-6.83393
-6.82123
-6.8069
-6.78324
-6.75762
-6.72619
-6.69226
-6.66125
-6.63597
-6.62014
-6.6144
-6.61944
-6.63364
-6.65302
-6.6738
-6.69547
-6.71724
-6.73826
-6.75673
-6.77483
-6.79556
-6.81195
-6.82943
-6.8405
-6.84494
-6.8449
-6.8382
-6.82784
-6.81603
-6.80055
-6.79038
-6.7818
-6.77597
-6.77756
-6.78229
-6.78888
-6.80052
-6.81155
-6.82209
-6.83036
-6.8283
-6.81729
-6.8008
-6.7793
-6.75944
-6.74049
-6.72649
-6.7172
-6.71636
-6.71954
-6.72933
-6.74148
-6.75385
-6.76175
-6.76698
-6.76563
-6.76199
-6.75265
-6.73999
-6.72465
-6.70842
-6.69319
-6.68458
-6.68241
-6.68869
-6.70156
-6.71633
-6.73424
-6.74974
-6.76371
-6.77592
-6.78105
-6.78291
-6.78187
-6.77758
-6.77349
-6.76518
-6.75842
-6.75341
-6.75057
-6.7532
-6.75571
-6.76258
-6.76946
-6.77525
-6.7801
-6.78231
-6.78008
-6.77639
-6.77084
-6.76293
-6.75515
-6.75219
-6.75364
-6.75764
-6.76727
-6.77647
-6.78414
-6.79075
-6.79374
-6.78881
-6.77979
-6.77027
-6.75419
-6.73999
-6.72585
-6.71629
-6.71318
-6.72108
-6.73603
-6.76126
-6.7917
-6.82553
-6.85734
-6.88253
-6.89684
-6.90051
-6.88966
-6.86755
-6.8352
-6.79293
-6.74347
-6.69681
-6.6548
-6.62253
-6.60274
-6.59598
-6.60398
-6.62609
-6.65611
-6.68684
-6.72201
-6.75041
-6.77405
-6.78962
-6.79544
-6.79237
-6.78478
-6.77325
-6.76277
-6.75256
-6.74876
-6.75031
-6.75974
-6.77265
-6.78722
-6.80141
-6.81881
-6.83472
-6.85042
-6.86801
-6.87816
-6.88758
-6.89018
-6.88749
-6.88033
-6.86601
-6.84362
-6.81586
-6.78714
-6.76034
-6.73699
-6.71481
-6.70077
-6.68499
-6.67731
-6.67197
-6.66975
-6.67148
-6.681
-6.69604
-6.71844
-6.74369
-6.76445
-6.77876
-6.78444
-6.78403
-6.77777
-6.76717
-6.75333
-6.74047
-6.72552
-6.70988
-6.69407
-6.68406
-6.67534
-6.67282
-6.6765
-6.68389
-6.69743
-6.71425
-6.7332
-6.75256
-6.7677
-6.78001
-6.79584
-6.80715
-6.81374
-6.82246
-6.82786
-6.82632
-6.82411
-6.81836
-6.81333
-6.80745
-6.80574
-6.80121
-6.7968
-6.79253
-6.78311
-6.76936
-6.75053
-6.72924
-6.71133
-6.69659
-6.68627
-6.68349
-6.68934
-6.69908
-6.71392
-6.73443
-6.75894
-6.78802
-6.81467
-6.83923
-6.85896
-6.87133
-6.87349
-6.86538
-6.84994
-6.83012
-6.8112
-6.79471
-6.78408
-6.77793
-6.77852
-6.77907
-6.78612
-6.7947
-6.80708
-6.81926
-6.82754
-6.83211
-6.82827
-6.81961
-6.802
-6.77933
-6.75263
-6.72284
-6.69447
-6.67338
-6.66113
-6.65593
-6.66212
-6.67303
-6.68958
-6.71153
-6.73309
-6.75399
-6.77304
-6.78953
-6.80111
-6.80709
-6.8023
-6.79119
-6.7734
-6.75187
-6.7318
-6.71496
-6.7013
-6.6954
-6.69625
-6.70351
-6.7194
-6.73854
-6.76028
-6.77937
-6.79985
-6.81244
-6.82025
-6.8259
-6.82994
-6.83141
-6.82692
-6.82575
-6.81888
-6.81188
-6.80642
-6.80055
-6.7941
-6.78747
-6.78038
-6.76939
-6.75865
-6.74693
-6.73713
-6.72859
-6.72614
-6.72599
-6.72828
-6.7277
-6.72856
-6.72349
-6.71958
-6.7132
-6.70119
-6.68989
-6.68088
-6.67547
-6.67329
-6.67541
-6.67596
-6.67903
-6.68519
-6.69447
-6.7012
-6.71095
-6.72021
-6.728
-6.73566
-6.74018
-6.74697
-6.7543
-6.76477
-6.77819
-6.79544
-6.81174
-6.82977
-6.84528
-6.85406
-6.8595
-6.85684
-6.84748
-6.83363
-6.81479
-6.79347
-6.77322
-6.75275
-6.7416
-6.73943
-6.74653
-6.76196
-6.78247
-6.80374
-7.82869
-7.74755
-7.62584
-7.47463
-7.29065
-7.09055
-6.88426
-6.68359
-6.50888
-6.37591
-6.29108
-6.26019
-6.27173
-6.31392
-6.37454
-6.43922
-6.49926
-6.54735
-6.57933
-6.59437
-6.595
-6.58457
-6.56574
-6.54124
-6.51674
-6.49554
-6.47915
-6.47215
-6.47533
-6.49141
-6.51932
-6.55926
-6.61149
-6.667
-6.72421
-6.77791
-6.82425
-6.85776
-6.88164
-6.89324
-6.89462
-6.88694
-6.87436
-6.86256
-6.85219
-6.84213
-6.83498
-6.82804
-6.82345
-6.81898
-6.81107
-6.80226
-6.7918
-6.78141
-6.76699
-6.75182
-6.73898
-6.72804
-6.71936
-6.71822
-6.7221
-6.73439
-6.74987
-6.7673
-6.78401
-6.79693
-6.81072
-6.82221
-6.83396
-6.84056
-6.8469
-6.85288
-6.85714
-6.85453
-6.84876
-6.84102
-6.83405
-6.8234
-6.81208
-6.79872
-6.78423
-6.77064
-6.75927
-6.75228
-6.74759
-6.75009
-6.75076
-6.7499
-6.74295
-6.73424
-6.71874
-6.69759
-6.67716
-6.65623
-6.63978
-6.62848
-6.62528
-6.62958
-6.63876
-6.65416
-6.67169
-6.69192
-6.70969
-6.72304
-6.72789
-6.72625
-6.71345
-6.6953
-6.66955
-6.64591
-6.62356
-6.60692
-6.60098
-6.60847
-6.62739
-6.65822
-6.69751
-6.74405
-6.79358
-6.83895
-6.879
-6.9134
-6.93711
-6.94723
-6.94787
-6.94081
-6.93198
-6.91881
-6.90662
-6.89418
-6.88247
-6.86959
-6.8546
-6.8351
-6.81447
-6.7938
-6.77501
-6.75534
-6.73992
-6.72445
-6.71029
-6.69724
-6.68852
-6.6799
-6.67205
-6.6652
-6.66357
-6.66188
-6.66811
-6.67814
-6.6941
-6.71208
-6.73321
-6.75304
-6.77385
-6.79347
-6.80799
-6.82086
-6.82767
-6.82601
-6.81675
-6.7965
-6.77071
-6.74811
-6.72654
-6.71145
-6.70342
-6.70122
-6.69988
-6.69941
-6.69905
-6.69876
-6.70834
-6.71894
-6.7344
-6.74878
-6.76432
-6.78111
-6.79154
-6.7995
-6.80355
-6.80683
-6.80655
-6.80335
-6.79878
-6.79828
-6.7972
-6.80295
-6.80907
-6.81834
-6.82139
-6.8199
-6.81947
-6.81644
-6.81109
-6.80424
-6.79622
-6.78686
-6.77816
-6.77229
-6.76619
-6.76092
-6.76076
-6.76308
-6.7648
-6.7643
-6.76432
-6.76281
-6.75989
-6.75698
-6.75707
-6.75598
-6.75597
-6.75983
-6.76728
-6.77167
-6.77784
-6.77915
-6.78147
-6.78271
-6.78451
-6.78705
-6.78786
-6.78679
-6.78152
-6.77426
-6.76183
-6.74554
-6.72801
-6.71448
-6.70478
-6.70228
-6.70332
-6.71147
-6.72046
-6.72972
-6.73756
-6.74081
-6.7382
-6.73242
-6.71926
-6.70362
-6.6871
-6.67229
-6.66464
-6.66541
-6.67173
-6.68898
-6.71657
-6.74776
-6.77585
-6.8054
-6.83207
-6.84926
-6.86244
-6.86811
-6.87
-6.86683
-6.86042
-6.84917
-6.83633
-6.82137
-6.80814
-6.79389
-6.77993
-6.76688
-6.75269
-6.74045
-6.73011
-6.72641
-6.72907
-6.7355
-6.75193
-6.77182
-6.78844
-6.80022
-6.80572
-6.80372
-6.79796
-6.78694
-6.77728
-6.77002
-6.76999
-6.77134
-6.77585
-6.77831
-6.77744
-6.778
-6.77423
-6.77063
-6.76255
-6.75624
-6.75386
-6.75075
-6.74774
-6.74226
-6.73657
-6.73666
-6.74083
-6.74773
-6.75714
-6.76771
-6.7732
-6.77334
-6.77127
-6.76283
-6.75144
-6.73824
-6.72424
-6.71335
-6.7008
-6.68692
-6.67724
-6.66988
-6.66818
-6.66989
-6.67796
-6.68958
-6.70499
-6.7251
-6.74875
-6.76961
-6.78883
-6.8051
-6.81723
-6.82352
-6.82154
-6.81346
-6.80337
-6.78969
-6.77644
-6.76828
-6.76381
-6.76223
-6.76369
-6.76919
-6.77552
-6.78106
-6.78771
-6.79431
-6.80121
-6.80269
-6.80169
-6.79671
-6.78503
-6.76974
-6.75246
-6.73148
-6.71246
-6.69774
-6.68999
-6.69235
-6.69482
-6.70209
-6.70944
-6.71525
-6.71975
-6.72435
-6.72722
-6.72917
-6.72899
-6.73061
-6.73162
-6.73464
-6.74167
-6.74864
-6.75954
-6.77245
-6.78619
-6.79867
-6.80632
-6.80918
-6.80614
-6.79947
-6.78809
-6.77685
-6.7621
-6.74914
-6.74413
-6.74403
-6.74936
-6.75963
-6.76936
-6.78206
-6.79161
-6.80139
-6.80842
-6.81872
-6.82569
-6.83267
-6.84058
-6.84217
-6.83785
-6.82887
-6.81536
-6.79831
-6.77522
-6.7495
-6.72528
-6.70133
-6.68228
-6.6714
-6.66648
-6.67129
-6.68267
-6.7013
-6.72587
-6.7487
-6.77139
-6.7886
-6.79666
-6.80191
-6.79919
-6.79709
-6.78876
-6.77986
-6.77274
-6.76331
-6.75266
-6.74245
-6.73498
-6.72778
-6.72111
-6.72214
-6.72667
-6.73348
-6.74337
-6.75192
-6.75946
-6.76535
-6.76673
-6.76686
-6.7628
-6.75723
-6.74954
-6.74414
-6.73837
-6.73404
-6.72881
-6.72179
-6.71624
-6.71228
-6.7129
-6.7122
-6.71314
-6.71625
-6.72043
-6.72846
-6.7345
-6.74311
-6.75051
-6.76219
-6.77042
-6.78303
-6.79242
-6.80059
-6.80244
-6.79836
-6.78736
-6.76873
-6.74461
-6.7188
-6.69637
-6.68053
-6.67211
-6.67542
-6.68935
-6.71195
-6.73911
-6.76982
-6.79841
-6.82261
-6.84569
-6.86265
-6.87829
-6.89019
-6.8987
-6.901
-6.90049
-6.88985
-6.87836
-6.86066
-6.83941
-6.81589
-6.79212
-6.77028
-6.7484
-6.72856
-6.71272
-6.6975
-6.68726
-6.68332
-6.68765
-6.69886
-6.71876
-6.74138
-6.75993
-6.77253
-6.77908
-6.77261
-6.75975
-6.74287
-6.72249
-6.70566
-6.69065
-6.68344
-6.68756
-6.70161
-6.71743
-6.7404
-6.76452
-6.78415
-6.79624
-6.79865
-6.79173
-6.77823
-6.76216
-6.7519
-6.74614
-6.74719
-6.75382
-6.75937
-6.76943
-6.7776
-6.78491
-6.79283
-6.79894
-6.80084
-6.80387
-6.8003
-6.79376
-6.78283
-6.7675
-6.75398
-6.73951
-6.73078
-6.73356
-6.74343
-6.76141
-6.78063
-6.79807
-6.80936
-6.81531
-6.81307
-6.80198
-6.78231
-6.76002
-6.73918
-6.72356
-6.71446
-6.71593
-6.72629
-6.74254
-6.7616
-6.78037
-6.79614
-6.80847
-6.8175
-6.82466
-6.82693
-6.82884
-6.82902
-6.8294
-6.82851
-6.82598
-6.82162
-6.81291
-6.80332
-6.79055
-6.77411
-6.75151
-6.72979
-6.70981
-6.69136
-6.67997
-6.6772
-6.68502
-6.69807
-6.71514
-6.72819
-6.73615
-6.73663
-6.73063
-6.71527
-6.69558
-6.67836
-6.66337
-6.65722
-6.66265
-6.67741
-6.6985
-6.72541
-6.75696
-6.79068
-6.823
-6.85116
-6.87301
-6.88985
-6.89795
-6.89533
-6.88907
-6.87219
-6.852
-6.83366
-6.81441
-6.7982
-6.78545
-6.77467
-6.76307
-6.75173
-6.738
-6.7217
-6.70568
-6.68619
-6.67084
-6.65815
-6.65301
-6.65247
-6.66137
-6.673
-6.69271
-6.71509
-6.73842
-6.76556
-6.7907
-6.81246
-6.82823
-6.83482
-6.82768
-6.8125
-6.79005
-6.76119
-6.73248
-6.70302
-6.67818
-6.66602
-6.65922
-6.65943
-6.6722
-6.68771
-6.70925
-6.73571
-6.76298
-6.79075
-6.81653
-6.83931
-6.85932
-6.87219
-6.8818
-6.88313
-6.87871
-6.87487
-6.86646
-6.85853
-6.85067
-6.84268
-6.83393
-6.82123
-6.8069
-6.78324
-6.75762
-6.72619
-6.69226
-6.66125
-6.63597
-6.62014
-6.6144
-6.61944
-6.63364
-6.65302
-6.6738
-6.69547
-6.71724
-6.73826
-6.75673
-6.77483
-6.79556
-6.81195
-6.82943
-6.8405
-6.84494
-6.8449
-6.8382
-6.82784
-6.81603
-6.80055
-6.79038
-6.7818
-6.77597
-6.77756
-6.78229
-6.78888
-6.80052
-6.81155
-6.82209
-6.83036
-6.8283
-6.81729
-6.8008
-6.7793
-6.75944
-6.74049
-6.72649
-6.7172
-6.71636
-6.71954
-6.72933
-6.74148
-6.75385
-6.76175
-6.76698
-6.76563
-6.76199
-6.75265
-6.73999
-6.72465
-6.70842
-6.69319
-6.68458
-6.68241
-6.68869
-6.70156
-6.71633
-6.73424
-6.74974
-6.76371
-6.77592
-6.78105
-6.78291
-6.78187
-6.77758
-6.77349
-6.76518
-6.75842
-6.75341
-6.75057
-6.7532
-6.75571
-6.76258
-6.76946
-6.77525
-6.7801
-6.78231
-6.78008
-6.77639
-6.77084
-6.76293
-6.75515
-6.75219
-6.75364
-6.75764
-6.76727
-6.77647
-6.78414
-6.79075
-6.79374
-6.78881
-6.77979
-6.77027
-6.75419
-6.73999
-6.72585
-6.71629
-6.71318
-6.72108
-6.73603
-6.76126
-6.7917
-6.82553
-6.85734
-6.88253
-6.89684
-6.90051
-6.88966
-6.86755
-6.8352
-6.79293
-6.74347
-6.69681
-6.6548
-6.62253
-6.60274
-6.59598
-6.60398
-6.62609
-6.65611
-6.68684
-6.72201
-6.75041
-6.77405
-6.78962
-6.79544
-6.79237
-6.78478
-6.77325
-6.76277
-6.75256
-6.74876
-6.75031
-6.75974
-6.77265
-6.78722
-6.80141
-6.81881
-6.83472
-6.85042
-6.86801
-6.87816
-6.88758
-6.89018
-6.88749
-6.88033
-6.86601
-6.84362
-6.81586
-6.78714
-6.76034
-6.73699
-6.71481
-6.70077
-6.68499
-6.67731
-6.67197
-6.66975
-6.67148
-6.681
-6.69604
-6.71844
-6.74369
-6.76445
-6.77876
-6.78444
-6.78403
-6.77777
-6.76717
-6.75333
-6.74047
-6.72552
-6.70988
-6.69407
-6.68406
-6.67534
-6.67282
-6.6765
-6.68389
-6.69743
-6.71425
-6.7332
-6.75256
-6.7677
-6.78001
-6.79584
-6.80715
-6.81374
-6.82246
-6.82786
-6.82632
-6.82411
-6.81836
-6.81333
-6.80745
-6.80574
-6.80121
-6.7968
-6.79253
-6.78311
-6.76936
-6.75053
-6.72924
-6.71133
-6.69659
-6.68627
-6.68349
-6.68934
-6.69908
-6.71392
-6.73443
-6.75894
-6.78802
-6.81467
-6.83923
-6.85896
-6.87133
-6.87349
-6.86538
-6.84994
-6.83012
-6.8112
-6.79471
-6.78408
-6.77793
-6.77852
-6.77907
-6.78612
-6.7947
-6.80708
-6.81926
-6.82754
-6.83211
-6.82827
-6.81961
-6.802
-6.77933
-6.75263
-6.72284
-6.69447
-6.67338
-6.66113
-6.65593
-6.66212
-6.67303
-6.68958
-6.71153
-6.73309
-6.75399
-6.77304
-6.78953
-6.80111
-6.80709
-6.8023
-6.79119
-6.7734
-6.75187
-6.7318
-6.71496
-6.7013
-6.6954
-6.69625
-6.70351
-6.7194
-6.73854
-6.76028
-6.77937
-6.79985
-6.81244
-6.82025
-6.8259
-6.82994
-6.83141
-6.82692
-6.82575
-6.81888
-6.81188
-6.80642
-6.80055
-6.7941
-6.78747
-6.78038
-6.76939
-6.75865
-6.74693
-6.73713
-6.72859
-6.72614
-6.72599
-6.72828
-6.7277
-6.72856
-6.72349
-6.71958
-6.7132
-6.70119
-6.68989
-6.68088
-6.67547
-6.67329
-6.67541
-6.67596
-6.67903
-6.68519
-6.69447
-6.7012
-6.71095
-6.72021
-6.728
-6.73566
-6.74018
-6.74697
-6.7543
-6.76477
-6.77819
-6.79544
-6.81174
-6.82977
-6.84528
-6.85406
-6.8595
-6.85684
-6.84748
-6.83363
-6.81479
-6.79347
-6.77322
-6.75275
-6.7416
-6.73943
-6.74653
-6.76196
-6.78247
-6.80374
-7.82869
-7.74755
-7.62584
-7.47463
-7.29065
-7.09055
-6.88426
-6.68359
-6.50888
-6.37591
-6.29108
-6.26019
-6.27173
-6.31392
-6.37454
-6.43922
-6.49926
-6.54735
-6.57933
-6.59437
-6.595
-6.58457
-6.56574
-6.54124
-6.51674
-6.49554
-6.47915
-6.47215
-6.47533
-6.49141
-6.51932
-6.55926
-6.61149
-6.667
-6.72421
-6.77791
-6.82425
-6.85776
-6.88164
-6.89324
-6.89462
-6.88694
-6.87436
-6.86256
-6.85219
-6.84213
-6.83498
-6.82804
-6.82345
-6.81898
-6.81107
-6.80226
-6.7918
-6.78141
-6.76699
-6.75182
-6.73898
-6.72804
-6.71936
-6.71822
-6.7221
-6.73439
-6.74987
-6.7673
-6.78401
-6.79693
-6.81072
-6.82221
-6.83396
-6.84056
-6.8469
-6.85288
-6.85714
-6.85453
-6.84876
-6.84102
-6.83405
-6.8234
-6.81208
-6.79872
-6.78423
-6.77064
-6.75927
-6.75228
-6.74759
-6.75009
-6.75076
-6.7499
-6.74295
-6.73424
-6.71874
-6.69759
-6.67716
-6.65623
-6.63978
-6.62848
-6.62528
-6.62958
-6.63876
-6.65416
-6.67169
-6.69192
-6.70969
-6.72304
-6.72789
-6.72625
-6.71345
-6.6953
-6.66955
-6.64591
-6.62356
-6.60692
-6.60098
-6.60847
-6.62739
-6.65822
-6.69751
-6.74405
-6.79358
-6.83895
-6.879
-6.9134
-6.93711
-6.94723
-6.94787
-6.94081
-6.93198
-6.91881
-6.90662
-6.89418
-6.88247
-6.86959
-6.8546
-6.8351
-6.81447
-6.7938
-6.77501
-6.75534
-6.73992
-6.72445
-6.71029
-6.69724
-6.68852
-6.6799
-6.67205
-6.6652
-6.66357
-6.66188
-6.66811
-6.67814
-6.6941
-6.71208
-6.73321
-6.75304
-6.77385
-6.79347
-6.80799
-6.82086
-6.82767
-6.82601
-6.81675
-6.7965
-6.77071
-6.74811
-6.72654
-6.71145
-6.70342
-6.70122
-6.69988
-6.69941
-6.69905
-6.69876
-6.70834
-6.71894
-6.7344
-6.74878
-6.76432
-6.78111
-6.79154
-6.7995
-6.80355
-6.80683
-6.80655
-6.80335
-6.79878
-6.79828
-6.7972
-6.80295
-6.80907
-6.81834
-6.82139
-6.8199
-6.81947
-6.81644
-6.81109
-6.80424
-6.79622
-6.78686
-6.77816
-6.77229
-6.76619
-6.76092
-6.76076
-6.76308
-6.7648
-6.7643
-6.76432
-6.76281
-6.75989
-6.75698
-6.75707
-6.75598
-6.75597
-6.75983
-6.76728
-6.77167
-6.77784
-6.77915
-6.78147
-6.78271
-6.78451
-6.78705
-6.78786
-6.78679
-6.78152
-6.77426
-6.76183
-6.74554
-6.72801
-6.71448
-6.70478
-6.70228
-6.70332
-6.71147
-6.72046
-6.72972
-6.73756
-6.74081
-6.7382
-6.73242
-6.71926
-6.70362
-6.6871
-6.67229
-6.66464
-6.66541
-6.67173
-6.68898
-6.71657
-6.74776
-6.77585
-6.8054
-6.83207
-6.84926
-6.86244
-6.86811
-6.87
-6.86683
-6.86042
-6.84917
-6.83633
-6.82137
-6.80814
-6.79389
-6.77993
-6.76688
-6.75269
-6.74045
-6.73011
-6.72641
-6.72907
-6.7355
-6.75193
-6.77182
-6.78844
-6.80022
-6.80572
-6.80372
-6.79796
-6.78694
-6.77728
-6.77002
-6.76999
-6.77134
-6.77585
-6.77831
-6.77744
-6.778
-6.77423
-6.77063
-6.76255
-6.75624
-6.75386
-6.75075
-6.74774
-6.74226
-6.73657
-6.73666
-6.74083
-6.74773
-6.75714
-6.76771
-6.7732
-6.77334
-6.77127
-6.76283
-6.75144
-6.73824
-6.72424
-6.71335
-6.7008
-6.68692
-6.67724
-6.66988
-6.66818
-6.66989
-6.67796
-6.68958
-6.70499
-6.7251
-6.74875
-6.76961
-6.78883
-6.8051
-6.81723
-6.82352
-6.82154
-6.81346
-6.80337
-6.78969
-6.77644
-6.76828
-6.76381
-6.76223
-6.76369
-6.76919
-6.77552
-6.78106
-6.78771
-6.79431
-6.80121
-6.80269
-6.80169
-6.79671
-6.78503
-6.76974
-6.75246
-6.73148
-6.71246
-6.69774
-6.68999
-6.69235
-6.69482
-6.70209
-6.70944
-6.71525
-6.71975
-6.72435
-6.72722
-6.72917
-6.72899
-6.73061
-6.73162
-6.73464
-6.74167
-6.74864
-6.75954
-6.77245
-6.78619
-6.79867
-6.80632
-6.80918
-6.80614
-6.79947
-6.78809
-6.77685
-6.7621
-6.74914
-6.74413
-6.74403
-6.74936
-6.75963
-6.76936
-6.78206
-6.79161
-6.80139
-6.80842
-6.81872
-6.82569
-6.83267
-6.84058
-6.84217
-6.83785
-6.82887
-6.81536
-6.79831
-6.77522
-6.7495
-6.72528
-6.70133
-6.68228
-6.6714
-6.66648
-6.67129
-6.68267
-6.7013
-6.72587
-6.7487
-6.77139
-6.7886
-6.79666
-6.80191
-6.79919
-6.79709
-6.78876
-6.77986
-6.77274
-6.76331
-6.75266
-6.74245
-6.73498
-6.72778
-6.72111
-6.72214
-6.72667
-6.73348
-6.74337
-6.75192
-6.75946
-6.76535
-6.76673
-6.76686
-6.7628
-6.75723
-6.74954
-6.74414
-6.73837
-6.73404
-6.72881
-6.72179
-6.71624
-6.71228
-6.7129
-6.7122
-6.71314
-6.71625
-6.72043
-6.72846
-6.7345
-6.74311
-6.75051
-6.76219
-6.77042
-6.78303
-6.79242
-6.80059
-6.80244
-6.79836
-6.78736
-6.76873
-6.74461
-6.7188
-6.69637
-6.68053
-6.67211
-6.67542
-6.68935
-6.71195
-6.73911
-6.76982
-6.79841
-6.82261
-6.84569
-6.86265
-6.87829
-6.89019
-6.8987
-6.901
-6.90049
-6.88985
-6.87836
-6.86066
-6.83941
-6.81589
-6.79212
-6.77028
-6.7484
-6.72856
-6.71272
-6.6975
-6.68726
-6.68332
-6.68765
-6.69886
-6.71876
-6.74138
-6.75993
-6.77253
-6.77908
-6.77261
-6.75975
-6.74287
-6.72249
-6.70566
-6.69065
-6.68344
-6.68756
-6.70161
-6.71743
-6.7404
-6.76452
-6.78415
-6.79624
-6.79865
-6.79173
-6.77823
-6.76216
-6.7519
-6.74614
-6.74719
-6.75382
-6.75937
-6.76943
-6.7776
-6.78491
-6.79283
-6.79894
-6.80084
-6.80387
-6.8003
-6.79376
-6.78283
-6.7675
-6.75398
-6.73951
-6.73078
-6.73356
-6.74343
-6.76141
-6.78063
-6.79807
-6.80936
-6.81531
-6.81307
-6.80198
-6.78231
-6.76002
-6.73918
-6.72356
-6.71446
-6.71593
-6.72629
-6.74254
-6.7616
-6.78037
-6.79614
-6.80847
-6.8175
-6.82466
-6.82693
-6.82884
-6.82902
-6.8294
-6.82851
-6.82598
-6.82162
-6.81291
-6.80332
-6.79055
-6.77411
-6.75151
-6.72979
-6.70981
-6.69136
-6.67997
-6.6772
-6.68502
-6.69807
-6.71514
-6.72819
-6.73615
-6.73663
-6.73063
-6.71527
-6.69558
-6.67836
-6.66337
-6.65722
-6.66265
-6.67741
-6.6985
-6.72541
-6.75696
-6.79068
-6.823
-6.85116
-6.87301
-6.88985
-6.89795
-6.89533
-6.88907
-6.87219
-6.852
-6.83366
-6.81441
-6.7982
-6.78545
-6.77467
-6.76307
-6.75173
-6.738
-6.7217
-6.70568
-6.68619
-6.67084
-6.65815
-6.65301
-6.65247
-6.66137
-6.673
-6.69271
-6.71509
-6.73842
-6.76556
-6.7907
-6.81246
-6.82823
-6.83482
-6.82768
-6.8125
-6.79005
-6.76119
-6.73248
-6.70302
-6.67818
-6.66602
-6.65922
-6.65943
-6.6722
-6.68771
-6.70925
-6.73571
-6.76298
-6.79075
-6.81653
-6.83931
-6.85932
-6.87219
-6.8818
-6.88313
-6.87871
-6.87487
-6.86646
-6.85853
-6.85067
-6.84268
-6.83393
-6.82123
-6.8069
-6.78324
-6.75762
-6.72619
-6.69226
-6.66125
-6.63597
-6.62014
-6.6144
-6.61944
-6.63364
-6.65302
-6.6738
-6.69547
-6.71724
-6.73826
-6.75673
-6.77483
-6.79556
-6.81195
-6.82943
-6.8405
-6.84494
-6.8449
-6.8382
-6.82784
-6.81603
-6.80055
-6.79038
-6.7818
-6.77597
-6.77756
-6.78229
-6.78888
-6.80052
-6.81155
-6.82209
-6.83036
-6.8283
-6.81729
-6.8008
-6.7793
-6.75944
-6.74049
-6.72649
-6.7172
-6.71636
-6.71954
-6.72933
-6.74148
-6.75385
-6.76175
-6.76698
-6.76563
-6.76199
-6.75265
-6.73999
-6.72465
-6.70842
-6.69319
-6.68458
-6.68241
-6.68869
-6.70156
-6.71633
-6.73424
-6.74974
-6.76371
-6.77592
-6.78105
-6.78291
-6.78187
-6.77758
-6.77349
-6.76518
-6.75842
-6.75341
-6.75057
-6.7532
-6.75571
-6.76258
-6.76946
-6.77525
-6.7801
-6.78231
-6.78008
-6.77639
-6.77084
-6.76293
-6.75515
-6.75219
-6.75364
-6.75764
-6.76727
-6.77647
-6.78414
-6.79075
-6.79374
-6.78881
-6.77979
-6.77027
-6.75419
-6.73999
-6.72585
-6.71629
-6.71318
-6.72108
-6.73603
-6.76126
-6.7917
-6.82553
-6.85734
-6.88253
-6.89684
-6.90051
-6.88966
-6.86755
-6.8352
-6.79293
-6.74347
-6.69681
-6.6548
-6.62253
-6.60274
-6.59598
-6.60398
-6.62609
-6.65611
-6.68684
-6.72201
-6.75041
-6.77405
-6.78962
-6.79544
-6.79237
-6.78478
-6.77325
-6.76277
-6.75256
-6.74876
-6.75031
-6.75974
-6.77265
-6.78722
-6.80141
-6.81881
-6.83472
-6.85042
-6.86801
-6.87816
-6.88758
-6.89018
-6.88749
-6.88033
-6.86601
-6.84362
-6.81586
-6.78714
-6.76034
-6.73699
-6.71481
-6.70077
-6.68499
-6.67731
-6.67197
-6.66975
-6.67148
-6.681
-6.69604
-6.71844
-6.74369
-6.76445
-6.77876
-6.78444
-6.78403
-6.77777
-6.76717
-6.75333
-6.74047
-6.72552
-6.70988
-6.69407
-6.68406
-6.67534
-6.67282
-6.6765
-6.68389
-6.69743
-6.71425
-6.7332
-6.75256
-6.7677
-6.78001
-6.79584
-6.80715
-6.81374
-6.82246
-6.82786
-6.82632
-6.82411
-6.81836
-6.81333
-6.80745
-6.80574
-6.80121
-6.7968
-6.79253
-6.78311
-6.76936
-6.75053
-6.72924
-6.71133
-6.69659
-6.68627
-6.68349
-6.68934
-6.69908
-6.71392
-6.73443
-6.75894
-6.78802
-6.81467
-6.83923
-6.85896
-6.87133
-6.87349
-6.86538
-6.84994
-6.83012
-6.8112
-6.79471
-6.78408
-6.77793
-6.77852
-6.77907
-6.78612
-6.7947
-6.80708
-6.81926
-6.82754
-6.83211
-6.82827
-6.81961
-6.802
-6.77933
-6.75263
-6.72284
-6.69447
-6.67338
-6.66113
-6.65593
-6.66212
-6.67303
-6.68958
-6.71153
-6.73309
-6.75399
-6.77304
-6.78953
-6.80111
-6.80709
-6.8023
-6.79119
-6.7734
-6.75187
-6.7318
-6.71496
-6.7013
-6.6954
-6.69625
-6.70351
-6.7194
-6.73854
-6.76028
-6.77937
-6.79985
-6.81244
-6.82025
-6.8259
-6.82994
-6.83141
-6.82692
-6.82575
-6.81888
-6.81188
-6.80642
-6.80055
-6.7941
-6.78747
-6.78038
-6.76939
-6.75865
-6.74693
-6.73713
-6.72859
-6.72614
-6.72599
-6.72828
-6.7277
-6.72856
-6.72349
-6.71958
-6.7132
-6.70119
-6.68989
-6.68088
-6.67547
-6.67329
-6.67541
-6.67596
-6.67903
-6.68519
-6.69447
-6.7012
-6.71095
-6.72021
-6.728
-6.73566
-6.74018
-6.74697
-6.7543
-6.76477
-6.77819
-6.79544
-6.81174
-6.82977
-6.84528
-6.85406
-6.8595
-6.85684
-6.84748
-6.83363
-6.81479
-6.79347
-6.77322
-6.75275
-6.7416
-6.73943
-6.74653
-6.76196
-6.78247
-6.80374
248515
377.148
7.05553
2.7947e+08
456745
459.559
19971.5
3359.17
198263
6283.97
64.0766
2.39104e+07
252.836
13.3283
490.462
25019.8
333.366
404908
8493.11
12.9465
155.273
4230.28
854.781
78571.3
94568.3
6.32844
432220
134.686
21.2797
774365
19901.6
53.3812
3.38363
157.986
2057.38
47.8516
39.9049
83613.7
281187
98.8384
246.96
1329.5
45.7084
463.363
384038
189.793
90.4148
48519.7
190.118
308.883
41098.6
50768.5
147.586
303540
4402.36
35.9123
6113.98
206069
829662
379806
188.141
428.779
11.8244
4.77066e+07
1.94645e+10
179.625
3.33668e+06
5273.45
1.90937e+07
1955.81
2750.92
3524.65
10.6696
441.953
15489.3
108.312
132407
159.958
315.104
4697.32
1.53598e+09
2679.89
136.724
3.58754e+07
1.85251e+08
4914.68
2.41409e+06
357035
240.636
256.701
851.072
32128.3
9.58507
134.446
1.58287
10.4352
1132.48
4825.46
34.4712
20.1813
235.165
7852.46
3.00357e+06
412.099
18784.7
5346.62
173.055
192.244
3101.16
4144.56
21911.5
2803.22
212.045
81.1768
39068.1
83.1906
7.97042
21103.2
936.415
441.245
1.26115e+08
21935.5
1671.08
329.182
66.606
18493.6
8770.1
720679
113.474
277.618
1.32018e+07
5919.73
45.2812
65107.1
11.6374
402.514
311098
21518.6
51.0463
9588.14
7.7468
1.01795e+06
173.259
49397.4
8.74862
408.649
1891.27
1148.67
2.73769e+07
363.171
112.059
8.61427e+09
2.81033e+07
15938.4
192.786
8014.03
5115.06
8249.54
89.4893
1896.12
87.785
45.7644
24620.3
16769.1
3916.5
1.20247e+06
70544.3
1.01951e+07
455152
24.6424
293.74
233.881
27.8436
630.473
11376.5
4.96589e+06
1.24024e+10
530.825
164.828
9960.4
94.5859
2024.15
6.8867
31.39
2191.78
14.8215
6.19221e+07
1.81972e+07
220.634
6480.94
1.24909
1.95278e+09
640.692
149.282
226.895
364215
414.788
199.316
6725.21
265.715
641.123
72.89
45.8099
17.1632
2773.6
16.1165
1508.93
161489
85.4971
6447.89
7067.24
4.34535e+07
19354.1
1968.28
26.5356
1380.03
396883
97.4301
38.791
4.17684e+07
886.565
2.07353e+07
2.08611e+06
553.79
425.858
73.7058
622044
136.614
363.948
411265
5279.64
137.493
44871.1
16.4108
33.6525
298775
365.264
845248
28.6261
4735.07
36223.3
19.9746
2838.66
54.6721
1.29818e+07
182.861
267.724
4.2167e+08
28527
173.846
5.26726
52.1241
68.3505
9650.82
6051.23
93.5055
11.4338
9.94361
635.518
6644.77
9873.89
5550.64
23.3783
210.992
1175.4
463545
2368.92
55.7095
2061.17
2417.7
169.502
18639.6
178.348
392679
405.412
11.3763
1377.15
9219.06
9677.67
7.60115
41.9667
3.81604
1898.44
97024.1
63.7341
373724
5.05399e+07
4.55759
75746.8
273582
306288
16610.3
15.8662
215.894
35.1918
612.786
546.639
843.976
493.888
177.064
6839.55
3694.56
100.307
664828
8.59951
209.433
846903
1.97698e+07
2891.41
122305
484.699
95419
18.1529
19.5477
1875.15
111641
1.67099e+07
139518
92.7515
31.7972
450.031
141483
851.584
391756
77.8313
79.2159
19736.1
47.5477
113.935
169.762
96.3954
100.237
652226
3.94267e+07
28998.1
135.393
560.868
1407.03
382.284
2855.54
370.904
2687.42
1.28449e+06
32.9128
474058
3073.89
5.99795e+06
10.5787
15945.7
205.585
605.079
31.433
6124.09
826.143
175.907
52.4258
35184.7
425.009
12294.6
1839.56
18953.5
337109
95342.6
6.09893e+06
22419.2
121.483
1.40908
318.975
1945.44
7973.59
27.1674
14441.8
1134.27
562.43
8373.65
4407.01
3919.08
351.755
147.845
523.553
289.267
3.6987e+06
6143.14
793.718
25662.1
99.0124
755.473
1459.86
10.0418
5018.28
1.80191e+07
116.912
403.877
41.6959
247474
152.268
198235
5009.97
707.626
6350.03
13958.5
125904
6126.01
18234.3
108.762
2650.84
5.00608
205266
6.13115
864.677
206.881
228068
2707.34
29.157
26605
1563.59
537.867
3.06254
43994.1
337.844
8.34727e+07
15.7841
1.32059e+07
820.893
1227.17
1992.62
5.1314
3.67395e+06
5.94361e+08
16.0489
5.09246
13.6903
27216.6
48.657
111.539
1348.78
1362.14
18.1144
0.630902
248518
0.702358
613510
22564.3
914.776
3.33803e+06
27422.8
55360
74.9058
74.9518
35339.2
929.788
340.615
696610
42.0723
234.376
15.1917
3758.59
1381.7
636.282
79.3499
1.11325e+06
25144.1
135992
1732.62
23866
11969.4
1.38357e+06
1.86833e+08
1.43926e+06
1.01607e+06
1168.11
14.5082
419.123
76.7835
1807.96
191.794
42.4187
396.189
3320.93
397.181
25881.9
34.9353
9679.06
5.21314
24.8017
309.253
1.01239e+06
7.79881
2174.17
3149.95
7403.94
273.461
185.964
2875.28
1333.94
173.745
178.721
1.7616e+06
707.77
150.216
2643.07
153.357
25111.6
1289.17
4.27635e+06
248.467
625.157
1982.53
71553.2
8650.17
794.757
6.80354
215.481
23.5476
71.4936
28.0435
260495
2867.52
2.1742
11.9095
671757
71869.7
139717
3161.05
4666.1
856975
168.125
142565
2.9279e+07
24158.1
187162
95.8659
9677.2
234.73
54.8601
1398.8
3.3768e+06
4359.75
81387.2
479195
4.41236
446.304
1.56553e+06
44.6134
146.851
16.9507
56.6552
3.48099
622.511
2886.71
4.70366
5292.13
366044
6741.77
9.94799e+07
139586
109.787
71.9564
2170.89
81.2014
3.28504e+09
3496.78
81043.2
1.58244
9274.2
32.6488
64.7136
918.158
4338.71
3.09963
144420
116.749
7902.48
115.696
1.72371e+07
135.803
274.081
1748.81
1015.94
8.74862e+07
295547
15.3561
18.0345
40670.8
5.80686
1.73756
5782.11
108.487
0.121445
6133.01
2.29343e+08
1987.35
432.861
3718.74
158.856
42195.8
181.989
116.374
1388.38
397.849
52.2858
25.8996
136091
8718.68
59.4182
15637.2
1238.69
19.0331
7.39827
2.29388e+11
14602.1
150001
1.34168e+06
1.92537e+07
16205.7
486.151
108.083
603.392
39485.8
136835
2099.31
954.953
4398.32
158157
447.498
5.9084
9.77744
254.498
285.524
115433
246.82
1.51937e+06
139.069
3505.28
17033.4
278.645
1989.8
191.526
159968
1225.19
36.5539
1560.63
555414
349.081
22.9931
25332.2
2.58316
3550.08
5.31035e+06
8827.47
14577.7
15893.9
3.25074
24889.4
200960
2298.16
5611.91
88.7402
1290.21
3465.97
1.6168e+06
179.772
238.983
1.55439
463348
499604
130396
2.54932e+07
90.8203
29.7796
6.1117
51.3838
405731
2611.94
144.872
14037.5
30.7827
1931.27
53274
1.4937e+07
29197.3
5.03341e+08
85.8141
145.252
345.774
4069.48
15965.9
18.1204
1055.01
15.2296
74.4245
197.37
18251.9
7.21153
128712
29888.5
1527.42
3255.11
6166.33
86.4207
6241.71
29.3067
491011
31.0836
7.93976e+07
1.29196e+06
152.42
5.57852e+06
13355.2
3.49736e+06
2691.51
206278
9768.48
11.3467
1.10487e+06
64414.3
453.753
13092.6
85.0435
1.88377e+06
982099
48474.8
20212.3
88.1116
3949.16
6.26323e+06
16.8418
103.191
112499
18.6521
66.8526
88897.3
4.90622e+06
210.341
9.13419e+08
1.95953e+06
72765.1
29874.1
352.681
223359
1527.23
28.0291
0.0943802
31746.7
1340.31
15589.2
159.087
641.509
1249.37
273.107
541643
579.498
35.4666
49125.6
44200.8
4.09699e+06
2235.92
59.1657
4467.47
285560
70.1949
45.5495
169.753
420.532
1131.89
5.61434e+08
11769.6
1.71414e+06
7336.39
815.939
439.089
1.14815e+07
24.456
23.1379
1.04202e+06
2.49557
56.613
3354.42
23.7127
97.406
24421.1
8.29515e+09
33.2169
12.6558
1.06559e+06
81.6753
0.551576
2.63163
6087.48
3292.31
6.91388
126.714
3901.22
2352.2
1274.76
584.847
448.999
2.54126
22364.9
4433.74
1.15901e+08
193.604
21.7643
5.92927
116819
12.6563
2808.8
1.34814e+09
1676.26
82.4786
903.056
9.58889e+06
2.05243e+06
222.852
451322
2190.34
82.4133
714.705
1.31976e+07
121.077
22.2414
3357.74
384.932
1179.65
2669.04
3669.31
21064.5
12.7749
6.46004
41.5992
13702.7
5.11566
500026
6759.58
349625
704.778
4463.84
341.22
257.246
402.597
99059.5
699.511
3651.44
226.129
57.1115
182515
43.5554
73.3059
74.1867
12745.1
4536.82
25.8392
7244.23
684540
691.757
73.5431
20311.6
9.97338e+06
2542.08
1.10651e+06
8678.63
583.261
31.5576
442.017
75.7549
217.986
34296.2
1.30166e+08
11864.1
5950.19
200.229
49.3044
1.24967e+06
63.4466
209.234
60.1312
0.430458
40.4221
193.327
2227.41
196.317
34.6961
426.886
31.2594
703.609
1.5635e+07
93523.5
15070.4
6927.37
1.62311e+08
72.8386
329.239
17.3514
13.7357
380.503
57.4837
433.895
1442.11
276.409
8.28284
58.9971
22448
6.77676
95.9583
94494.6
188754
1.29964
22.489
14406.1
3664.47
36.9055
1.27656e+06
126.586
649.353
1747.64
14.389
1.99386e+06
1340.52
138.817
104.583
30.0753
3.4657
68.1931
5011.44
1501.6
346201
239.838
27096.9
14302.4
17.4683
1.72908
4.77843e+09
4.5737e+07
12544.5
281057
47782.4
155.066
4594.99
365288
1.16766
72.0306
15.9379
41.1456
154192
20.4727
299.883
469032
646252
1.74821e+06
1.64449e+06
2952.23
94.4273
1844.47
101.145
5.3217
1676.27
28.9917
16400.9
112989
0.466601
843239
0.357147
86.144
52190.8
2739.89
1035.99
13301.9
18886
24.2196
6194.75
44.093
592.095
3209.1
58.8825
39.7911
7.14498
5.47071e+07
3353.85
325.671
12373.3
152.988
112.617
7.47255
89964
242.971
1793.58
904.799
6478.28
2.35213
3165.28
572.361
256538
25.8517
2.33997e+07
881.821
20932.3
13.5037
5629.79
6139.85
243.745
248515
377.148
7.05553
2.7947e+08
456745
459.559
19971.5
3359.17
198263
6283.97
64.0766
2.39104e+07
252.836
13.3283
490.462
25019.8
333.366
404908
8493.11
12.9465
155.273
4230.28
854.781
78571.3
94568.3
6.32844
432220
134.686
21.2797
774365
19901.6
53.3812
3.38363
157.986
2057.38
47.8516
39.9049
83613.7
281187
98.8384
246.96
1329.5
45.7084
463.363
384038
189.793
90.4148
48519.7
190.118
308.883
41098.6
50768.5
147.586
303540
4402.36
35.9123
6113.98
206069
829662
379806
188.141
428.779
11.8244
4.77066e+07
1.94645e+10
179.625
3.33668e+06
5273.45
1.90937e+07
1955.81
2750.92
3524.65
10.6696
441.953
15489.3
108.312
132407
159.958
315.104
4697.32
1.53598e+09
2679.89
136.724
3.58754e+07
1.85251e+08
4914.68
2.41409e+06
357035
240.636
256.701
851.072
32128.3
9.58507
134.446
1.58287
10.4352
1132.48
4825.46
34.4712
20.1813
235.165
7852.46
3.00357e+06
412.099
18784.7
5346.62
173.055
192.244
3101.16
4144.56
21911.5
2803.22
212.045
81.1768
39068.1
83.1906
7.97042
21103.2
936.415
441.245
1.26115e+08
21935.5
1671.08
329.182
66.606
18493.6
8770.1
720679
113.474
277.618
1.32018e+07
5919.73
45.2812
65107.1
11.6374
402.514
311098
21518.6
51.0463
9588.14
7.7468
1.01795e+06
173.259
49397.4
8.74862
408.649
1891.27
1148.67
2.73769e+07
363.171
112.059
8.61427e+09
2.81033e+07
15938.4
192.786
8014.03
5115.06
8249.54
89.4893
1896.12
87.785
45.7644
24620.3
16769.1
3916.5
1.20247e+06
70544.3
1.01951e+07
455152
24.6424
293.74
233.881
27.8436
630.473
11376.5
4.96589e+06
1.24024e+10
530.825
164.828
9960.4
94.5859
2024.15
6.8867
31.39
2191.78
14.8215
6.19221e+07
1.81972e+07
220.634
6480.94
1.24909
1.95278e+09
640.692
149.282
226.895
364215
414.788
199.316
6725.21
265.715
641.123
72.89
45.8099
17.1632
2773.6
16.1165
1508.93
161489
85.4971
6447.89
7067.24
4.34535e+07
19354.1
1968.28
26.5356
1380.03
396883
97.4301
38.791
4.17684e+07
886.565
2.07353e+07
2.08611e+06
553.79
425.858
73.7058
622044
136.614
363.948
411265
5279.64
137.493
44871.1
16.4108
33.6525
298775
365.264
845248
28.6261
4735.07
36223.3
19.9746
2838.66
54.6721
1.29818e+07
182.861
267.724
4.2167e+08
28527
173.846
5.26726
52.1241
68.3505
9650.82
6051.23
93.5055
11.4338
9.94361
635.518
6644.77
9873.89
5550.64
23.3783
210.992
1175.4
463545
2368.92
55.7095
2061.17
2417.7
169.502
18639.6
178.348
392679
405.412
11.3763
1377.15
9219.06
9677.67
7.60115
41.9667
3.81604
1898.44
97024.1
63.7341
373724
5.05399e+07
4.55759
75746.8
273582
306288
16610.3
15.8662
215.894
35.1918
612.786
546.639
843.976
493.888
177.064
6839.55
3694.56
100.307
664828
8.59951
209.433
846903
1.97698e+07
2891.41
122305
484.699
95419
18.1529
19.5477
1875.15
111641
1.67099e+07
139518
92.7515
31.7972
450.031
141483
851.584
391756
77.8313
79.2159
19736.1
47.5477
113.935
169.762
96.3954
100.237
652226
3.94267e+07
28998.1
135.393
560.868
1407.03
382.284
2855.54
370.904
2687.42
1.28449e+06
32.9128
474058
3073.89
5.99795e+06
10.5787
15945.7
205.585
605.079
31.433
6124.09
826.143
175.907
52.4258
35184.7
425.009
12294.6
1839.56
18953.5
337109
95342.6
6.09893e+06
22419.2
121.483
1.40908
318.975
1945.44
7973.59
27.1674
14441.8
1134.27
562.43
8373.65
4407.01
3919.08
351.755
147.845
523.553
289.267
3.6987e+06
6143.14
793.718
25662.1
99.0124
755.473
1459.86
10.0418
5018.28
1.80191e+07
116.912
403.877
41.6959
247474
152.268
198235
5009.97
707.626
6350.03
13958.5
125904
6126.01
18234.3
108.762
2650.84
5.00608
205266
6.13115
864.677
206.881
228068
2707.34
29.157
26605
1563.59
537.867
3.06254
43994.1
337.844
8.34727e+07
15.7841
1.32059e+07
820.893
1227.17
1992.62
5.1314
3.67395e+06
5.94361e+08
16.0489
5.09246
13.6903
27216.6
48.657
111.539
1348.78
1362.14
18.1144
0.630902
248518
0.702358
613510
22564.3
914.776
3.33803e+06
27422.8
55360
74.9058
74.9518
35339.2
929.788
340.615
696610
42.0723
234.376
15.1917
3758.59
1381.7
636.282
79.3499
1.11325e+06
25144.1
135992
1732.62
23866
11969.4
1.38357e+06
1.86833e+08
1.43926e+06
1.01607e+06
1168.11
14.5082
419.123
76.7835
1807.96
191.794
42.4187
396.189
3320.93
397.181
25881.9
34.9353
9679.06
5.21314
24.8017
309.253
1.01239e+06
7.79881
2174.17
3149.95
7403.94
273.461
185.964
2875.28
1333.94
173.745
178.721
1.7616e+06
707.77
150.216
2643.07
153.357
25111.6
1289.17
4.27635e+06
248.467
625.157
1982.53
71553.2
8650.17
794.757
6.80354
215.481
23.5476
71.4936
28.0435
260495
2867.52
2.1742
11.9095
671757
71869.7
139717
3161.05
4666.1
856975
168.125
142565
2.9279e+07
24158.1
187162
95.8659
9677.2
234.73
54.8601
1398.8
3.3768e+06
4359.75
81387.2
479195
4.41236
446.304
1.56553e+06
44.6134
146.851
16.9507
56.6552
3.48099
622.511
2886.71
4.70366
5292.13
366044
6741.77
9.94799e+07
139586
109.787
71.9564
2170.89
81.2014
3.28504e+09
3496.78
81043.2
1.58244
9274.2
32.6488
64.7136
918.158
4338.71
3.09963
144420
116.749
7902.48
115.696
1.72371e+07
135.803
274.081
1748.81
1015.94
8.74862e+07
295547
15.3561
18.0345
40670.8
5.80686
1.73756
5782.11
108.487
0.121445
6133.01
2.29343e+08
1987.35
432.861
3718.74
158.856
42195.8
181.989
116.374
1388.38
397.849
52.2858
25.8996
136091
8718.68
59.4182
15637.2
1238.69
19.0331
7.39827
2.29388e+11
14602.1
150001
1.34168e+06
1.92537e+07
16205.7
486.151
108.083
603.392
39485.8
136835
2099.31
954.953
4398.32
158157
447.498
5.9084
9.77744
254.498
285.524
115433
246.82
1.51937e+06
139.069
3505.28
17033.4
278.645
1989.8
191.526
159968
1225.19
36.5539
1560.63
555414
349.081
22.9931
25332.2
2.58316
3550.08
5.31035e+06
8827.47
14577.7
15893.9
3.25074
24889.4
200960
2298.16
5611.91
88.7402
1290.21
3465.97
1.6168e+06
179.772
238.983
1.55439
463348
499604
130396
2.54932e+07
90.8203
29.7796
6.1117
51.3838
405731
2611.94
144.872
14037.5
30.7827
1931.27
53274
1.4937e+07
29197.3
5.03341e+08
85.8141
145.252
345.774
4069.48
15965.9
18.1204
1055.01
15.2296
74.4245
197.37
18251.9
7.21153
128712
29888.5
1527.42
3255.11
6166.33
86.4207
6241.71
29.3067
491011
31.0836
7.93976e+07
1.29196e+06
152.42
5.57852e+06
13355.2
3.49736e+06
2691.51
206278
9768.48
11.3467
1.10487e+06
64414.3
453.753
13092.6
85.0435
1.88377e+06
982099
48474.8
20212.3
88.1116
3949.16
6.26323e+06
16.8418
103.191
112499
18.6521
66.8526
88897.3
4.90622e+06
210.341
9.13419e+08
1.95953e+06
72765.1
29874.1
352.681
223359
1527.23
28.0291
0.0943802
31746.7
1340.31
15589.2
159.087
641.509
1249.37
273.107
541643
579.498
35.4666
49125.6
44200.8
4.09699e+06
2235.92
59.1657
4467.47
285560
70.1949
45.5495
169.753
420.532
1131.89
5.61434e+08
11769.6
1.71414e+06
7336.39
815.939
439.089
1.14815e+07
24.456
23.1379
1.04202e+06
2.49557
56.613
3354.42
23.7127
97.406
24421.1
8.29515e+09
33.2169
12.6558
1.06559e+06
81.6753
0.551576
2.63163
6087.48
3292.31
6.91388
126.714
3901.22
2352.2
1274.76
584.847
448.999
2.54126
22364.9
4433.74
1.15901e+08
193.604
21.7643
5.92927
116819
12.6563
2808.8
1.34814e+09
1676.26
82.4786
903.056
9.58889e+06
2.05243e+06
222.852
451322
2190.34
82.4133
714.705
1.31976e+07
121.077
22.2414
3357.74
384.932
1179.65
2669.04
3669.31
21064.5
12.7749
6.46004
41.5992
13702.7
5.11566
500026
6759.58
349625
704.778
4463.84
341.22
257.246
402.597
99059.5
699.511
3651.44
226.129
57.1115
182515
43.5554
73.3059
74.1867
12745.1
4536.82
25.8392
7244.23
684540
691.757
73.5431
20311.6
9.97338e+06
2542.08
1.10651e+06
8678.63
583.261
31.5576
442.017
75.7549
217.986
34296.2
1.30166e+08
11864.1
5950.19
200.229
49.3044
1.24967e+06
63.4466
209.234
60.1312
0.430458
40.4221
193.327
2227.41
196.317
34.6961
426.886
31.2594
703.609
1.5635e+07
93523.5
15070.4
6927.37
1.62311e+08
72.8386
329.239
17.3514
13.7357
380.503
57.4837
433.895
1442.11
276.409
8.28284
58.9971
22448
6.77676
95.9583
94494.6
188754
1.29964
22.489
14406.1
3664.47
36.9055
1.27656e+06
126.586
649.353
1747.64
14.389
1.99386e+06
1340.52
138.817
104.583
30.0753
3.4657
68.1931
5011.44
1501.6
346201
239.838
27096.9
14302.4
17.4683
1.72908
4.77843e+09
4.5737e+07
12544.5
281057
47782.4
155.066
4594.99
365288
1.16766
72.0306
15.9379
41.1456
154192
20.4727
299.883
469032
646252
1.74821e+06
1.64449e+06
2952.23
94.4273
1844.47
101.145
5.3217
1676.27
28.9917
16400.9
112989
0.466601
843239
0.357147
86.144
52190.8
2739.89
1035.99
13301.9
18886
24.2196
6194.75
44.093
592.095
3209.1
58.8825
39.7911
7.14498
5.47071e+07
3353.85
325.671
12373.3
152.988
112.617
7.47255
89964
242.971
1793.58
904.799
6478.28
2.35213
3165.28
572.361
256538
25.8517
2.33997e+07
881.821
20932.3
13.5037
5629.79
6139.85
243.745
0
0
0
0
0
0
0
0
0
0
0
0
0
0
0
0
0
0
0
0
0
0
0
0
0
0
0
0
0
0
0
0
0
0
0
0
0
0
0
0
0
0
0
0
0
0
0
0
0
0
0
0
0
0
0
0
0
0
0
0
0
0
0
0
0
0
0
0
0
0
0
0
0
0
0
0
0
0
0
0
0
0
0
0
0
0
0
0
0
0
0
0
0
0
0
0
0
0
0
0
0
0
0
0
0
0
0
0
0
0
0
0
0
0
0
0
0
0
0
0
0
0
0
0
0
0
0
0
0
0
0
0
0
0
0
0
0
0
0
0
0
0
0
0
0
0
0
0
0
0
0
0
0
0
0
0
0
0
0
0
0
0
0
0
0
0
0
0
0
0
0
0
0
0
0
0
0
0
0
0
0
0
0
0
0
0
0
0
0
0
0
0
0
0
0
0
0
0
0
0
0
0
0
0
0
0
0
0
0
0
0
0
0
0
0
0
0
0
0
0
0
0
0
0
0
0
0
0
0
0
0
0
0
0
0
0
0
0
0
0
0
0
0
0
0
0
0
0
0
0
0
0
0
0
0
0
0
0
0
0
0
0
0
0
0
0
0
0
0
0
0
0
0
0
0
0
0
0
0
0
0
0
0
0
0
0
0
0
0
0
0
0
0
0
0
0
0
0
0
0
0
0
0
0
0
0
0
0
0
0
0
0
0
0
0
0
0
0
0
0
0
0
0
0
0
0
0
0
0
0
0
0
0
0
0
0
0
0
0
0
0
0
0
0
0
0
0
0
0
0
0
0
0
0
0
0
0
0
0
0
0
0
0
0
0
0
0
0
0
0
0
0
0
0
0
0
0
0
0
0
0
0
0
0
0
0
0
0
0
0
0
0
0
0
0
0
0
0
0
0
0
0
0
0
0
0
0
0
0
0
0
0
0
0
0
0
0
0
0
0
0
0
0
0
0
0
0
0
0
0
0
0
0
0
0
0
0
0
0
0
0
0
0
0
0
0
0
0
0
0
0
0
0
0
0
0
0
0
0
0
0
0
0
0
0
0
0
0
0
0
0
0
0
0
0
0
0
0
0
0
0
0
0
0
0
0
0
0
0
0
0
0
0
0
0
0
0
0
0
0
0
0
0
0
0
0
0
0
0
0
0
0
0
0
0
0
0
0
0
0
0
0
0
0
0
0
0
0
0
0
0
0
0
0
0
0
0
0
0
0
0
0
0
0
0
0
0
0
0
0
0
0
0
0
0
0
0
0
0
0
0
0
0
0
0
0
0
0
0
0
0
0
0
0
0
0
0
0
0
0
0
0
0
0
0
0
0
0
0
0
0
0
0
0
0
0
0
0
0
0
0
0
0
0
0
0
0
0
0
0
0
0
0
0
0
0
0
0
0
0
0
0
0
0
0
0
0
0
0
0
0
0
0
0
0
0
0
0
0
0
0
0
0
0
0
0
0
0
0
0
0
0
0
0
0
0
0
0
0
0
0
0
0
0
0
0
0
0
0
0
0
0
0
0
0
0
0
0
0
0
0
0
0
0
0
0
0
0
0
0
0
0
0
0
0
0
0
0
0
0
0
0
0
0
0
0
0
0
0
0
0
0
0
0
0
0
0
0
0
0
0
0
0
0
0
0
0
0
0
0
0
0
0
0
0
0
0
0
0
0
0
0
0
0
0
0
0
0
0
0
0
0
0
0
0
0
0
0
0
0
0
0
0
0
0
0
0
0
0
0
0
0
0
0
0
0
0
0
0
0
0
0
0
0
0
0
0
0
0
0
0
0
0
0
0
0
0
0
0
0
0
0
0
0
0
0
0
0
0
0
0
0
0
0
0
0
0
0
0
0
0
0
0
0
0
0
0
0
0
0
0
0
0
0
0
0
0
0
0
0
0
0
0
0
0
0
0
0
0
0
0
0
0
0
0
0
0
0
0
0
0
0
0
0
0
0
0
0
0
0
0
0
0
0
0
0
0
0
0
0
0
0
0
0
0
0
0
0
0
0
0
0
0
0
0
0
0
0
0
0
0
0
0
0
0
0
0
0
0
0
0
0
0
0
0
0
0
0
0
0
0
0
0
0
0
0
0
0
0
0
0
0
0
0
0
0
0
0
0
0
0
0
0
0
0
0
0
0
0
0
0
0
0
0
0
0
0
0
0
0
0
0
0
0
0
0
0
0
0
0
0
0
0
0
0
0
0
0
0
0
0
0
0
0
0
0
0
0
0
0
0
0
0
0
0
0
0
0
0
0
0
0
0
0
0
0
0
0
0
0
0
0
0
0
0
0
0
0
0
0
0
0
0
0
0
0
0
0
0
0
0
0
0
0
0
0
0
0
0
0
0
0
0
0
0
0
0
0
0
0
0
0
0
0
0
0
0
0
0
0
0
0
0
0
0
0
0
0
0
0
0
0
0
0
0
0
0
0
0
0
0
0
0
0
0
0
0
0
0
0
0
0
0
0
0
0
0
0
0
0
0
0
0
0
0
0
0
0
0
0
0
0
0
0
0
0
0
0
0
0
0
0
0
0
0
0
0
0
0
0
0
0
0
0
0
0
0
0
0
0
0
0
0
0
0
0
0
0
0
0
0
0
0
0
0
0
0
0
0
0
0
0
0
0
0
0
0
0
0
0
0
0
0
0
0
0
0
0
0
0
0
0
0
0
0
0
0
0
0
0
0
0
0
0
0
0
0
0
0
0
0
0
0
0
0
0
0
0
0
0
0
0
0
0
0
0
0
0
0
0
0
0
0
0
0
0
0
0
0
0
0
0
0
0
0
0
0
0
0
0
0
0
0
0
0
0
0
0
0
0
0
0
0
0
0
0
0
0
0
0
0
0
0
0
0
0
0
0
0
0
0
0
0
0
0
0
0
0
0
0
0
0
0
0
0
0
0
0
0
0
0
0
0
0
0
0
0
0
0
0
0
0
0
0
0
0
0
0
0
0
0
0
0
0
0
0
0
0
0
0
0
0
0
0
0
0
0
0
0
0
0
0
0
0
0
0
0
0
0
0
0
0
0
0
0
0
0
0
0
0
0
0
0
0
0
0
0
0
0
0
0
0
0
0
0
0
0
0
0
0
0
0
0
0
0
0
0
0
0
0
0
0
0
0
0
0
0
0
0
0
0
0
0
0
0
0
0
0
0
0
0
0
0
0
0
0
0
0
0
0
0
0
0
0
0
0
0
0
0
0
0
0
0
0
0
0
0
0
0
0
0
0
0
0
0
0
0
0
0
0
0
0
0
0
0
0
0
0
0
0
0
0
0
0
0
0
0
0
0
0
0
0
0
0
0
0
0
0
0
0
0
0
0
0
0
0
0
0
0
0
0
0
0
0
0
0
0
0
0
0
0
0
0
0
0
0
0
0
0
0
0
0
0
0
0
0
0
0
0
0
0
0
0
0
0
0
0
0
0
0
0
0
0
0
0
0
0
0
0
0
0
0
0
0
0
0
0
0
0
0
0
0
0
0
0
0
0
0
0
0
0
0
0
0
0
0
0
0
0
0
0
0
0
0
0
0
0
0
0
0
0
0
0
0
0
0
0
0
0
0
0
0
0
0
0
0
0
0
0
0
0
0
0
0
0
0
0
0
0
0
0
0
0
0
0
0
0
0
0
0
0
0
0
0
0
0
0
0
0
0
0
0
0
0
0
0
0
0
0
0
0
0
0
0
0
0
0
0
0
0
0
0
0
0
0
0
0
0
0
0
0
0
0
0
0
0
0
0
0
0
0
0
0
0
0
0
0
0
0
0
0
0
0
0
0
0
0
0
0
0
0
0
0
0
0
0
0
0
0
0
0
0
0
0
0
0
0
0
0
0
0
0
0
0
0
0
0
0
0
0
0
0
0
0
0
0
0
0
0
0
0
0
0
0
0
0
0
0
0
0
0
0
0
0
0
0
0
0
0
0
0
0
0
0
0
0
0
0
0
0
0
0
0
0
0
0
0
0
0
0
0
0
0
0
0
0
0
0
0
0
0
0
0
0
0
0
0
0
0
0
0
0
0
0
0
0
0
0
0
0
0
0
0
0
0
0
0
0
0
0
0
0
0
0
0
0
0
0
0
0
0
0
0
0
0
0
0
0
0
0
0
0
0
0
0
0
0
0
0
0
0
0
0
0
0
0
0
0
0
0
0
0
0
0
0
0
0
0
0
0
0
0
0
0
0
0
0
0
0
0
0
0
0
0
0
0
0
0
0
0
0
0
0
0
0
0
0
0
0
0
0
0
0
0
0
0
0
0
0
0
0
0
0
0
0
0
0
0
0
0
0
0
0
0
0
0
0
0
0
0
0
0
0
0
0
0
0
0
0
0
0
0
0
0
0
0
0
0
0
0
0
0
0
0
0
0
0
0
0
0
0
0
0
0
0
0
0
0
0
0
0
0
0
0
0
0
0
0
0
0
0
0
0
0
0
0
0
0
0
0
0
0
0
0
0
0
0
0
0
0
0
0
0
0
0
0
0
0
0
0
0
0
0
0
0
0
0
0
0
0
-7.82869
-7.74755
-7.62584
-7.47463
-7.29065
-7.09055
-6.88426
-6.68359
-6.50888
-6.37591
-6.29108
-6.26019
-6.27173
-6.31392
-6.37454
-6.43922
-6.49926
-6.54735
-6.57933
-6.59437
-6.595
-6.58457
-6.56574
-6.54124
-6.51674
-6.49554
-6.47915
-6.47215
-6.47533
-6.49141
-6.51932
-6.55926
-6.61149
-6.667
-6.72421
-6.77791
-6.82425
-6.85776
-6.88164
-6.89324
-6.89462
-6.88694
-6.87436
-6.86256
-6.85219
-6.84213
-6.83498
-6.82804
-6.82345
-6.81898
-6.81107
-6.80226
-6.7918
-6.78141
-6.76699
-6.75182
-6.73898
-6.72804
-6.71936
-6.71822
-6.7221
-6.73439
-6.74987
-6.7673
-6.78401
-6.79693
-6.81072
-6.82221
-6.83396
-6.84056
-6.8469
-6.85288
-6.85714
-6.85453
-6.84876
-6.84102
-6.83405
-6.8234
-6.81208
-6.79872
-6.78423
-6.77064
-6.75927
-6.75228
-6.74759
-6.75009
-6.75076
-6.7499
-6.74295
-6.73424
-6.71874
-6.69759
-6.67716
-6.65623
-6.63978
-6.62848
-6.62528
-6.62958
-6.63876
-6.65416
-6.67169
-6.69192
-6.70969
-6.72304
-6.72789
-6.72625
-6.71345
-6.6953
-6.66955
-6.64591
-6.62356
-6.60692
-6.60098
-6.60847
-6.62739
-6.65822
-6.69751
-6.74405
-6.79358
-6.83895
-6.879
-6.9134
-6.93711
-6.94723
-6.94787
-6.94081
-6.93198
-6.91881
-6.90662
-6.89418
-6.88247
-6.86959
-6.8546
-6.8351
-6.81447
-6.7938
-6.77501
-6.75534
-6.73992
-6.72445
-6.71029
-6.69724
-6.68852
-6.6799
-6.67205
-6.6652
-6.66357
-6.66188
-6.66811
-6.67814
-6.6941
-6.71208
-6.73321
-6.75304
-6.77385
-6.79347
-6.80799
-6.82086
-6.82767
-6.82601
-6.81675
-6.7965
-6.77071
-6.74811
-6.72654
-6.71145
-6.70342
-6.70122
-6.69988
-6.69941
-6.69905
-6.69876
-6.70834
-6.71894
-6.7344
-6.74878
-6.76432
-6.78111
-6.79154
-6.7995
-6.80355
-6.80683
-6.80655
-6.80335
-6.79878
-6.79828
-6.7972
-6.80295
-6.80907
-6.81834
-6.82139
-6.8199
-6.81947
-6.81644
-6.81109
-6.80424
-6.79622
-6.78686
-6.77816
-6.77229
-6.76619
-6.76092
-6.76076
-6.76308
-6.7648
-6.7643
-6.76432
-6.76281
-6.75989
-6.75698
-6.75707
-6.75598
-6.75597
-6.75983
-6.76728
-6.77167
-6.77784
-6.77915
-6.78147
-6.78271
-6.78451
-6.78705
-6.78786
-6.78679
-6.78152
-6.77426
-6.76183
-6.74554
-6.72801
-6.71448
-6.70478
-6.70228
-6.70332
-6.71147
-6.72046
-6.72972
-6.73756
-6.74081
-6.7382
-6.73242
-6.71926
-6.70362
-6.6871
-6.67229
-6.66464
-6.66541
-6.67173
-6.68898
-6.71657
-6.74776
-6.77585
-6.8054
-6.83207
-6.84926
-6.86244
-6.86811
-6.87
-6.86683
-6.86042
-6.84917
-6.83633
-6.82137
-6.80814
-6.79389
-6.77993
-6.76688
-6.75269
-6.74045
-6.73011
-6.72641
-6.72907
-6.7355
-6.75193
-6.77182
-6.78844
-6.80022
-6.80572
-6.80372
-6.79796
-6.78694
-6.77728
-6.77002
-6.76999
-6.77134
-6.77585
-6.77831
-6.77744
-6.778
-6.77423
-6.77063
-6.76255
-6.75624
-6.75386
-6.75075
-6.74774
-6.74226
-6.73657
-6.73666
-6.74083
-6.74773
-6.75714
-6.76771
-6.7732
-6.77334
-6.77127
-6.76283
-6.75144
-6.73824
-6.72424
-6.71335
-6.7008
-6.68692
-6.67724
-6.66988
-6.66818
-6.66989
-6.67796
-6.68958
-6.70499
-6.7251
-6.74875
-6.76961
-6.78883
-6.8051
-6.81723
-6.82352
-6.82154
-6.81346
-6.80337
-6.78969
-6.77644
-6.76828
-6.76381
-6.76223
-6.76369
-6.76919
-6.77552
-6.78106
-6.78771
-6.79431
-6.80121
-6.80269
-6.80169
-6.79671
-6.78503
-6.76974
-6.75246
-6.73148
-6.71246
-6.69774
-6.68999
-6.69235
-6.69482
-6.70209
-6.70944
-6.71525
-6.71975
-6.72435
-6.72722
-6.72917
-6.72899
-6.73061
-6.73162
-6.73464
-6.74167
-6.74864
-6.75954
-6.77245
-6.78619
-6.79867
-6.80632
-6.80918
-6.80614
-6.79947
-6.78809
-6.77685
-6.7621
-6.74914
-6.74413
-6.74403
-6.74936
-6.75963
-6.76936
-6.78206
-6.79161
-6.80139
-6.80842
-6.81872
-6.82569
-6.83267
-6.84058
-6.84217
-6.83785
-6.82887
-6.81536
-6.79831
-6.77522
-6.7495
-6.72528
-6.70133
-6.68228
-6.6714
-6.66648
-6.67129
-6.68267
-6.7013
-6.72587
-6.7487
-6.77139
-6.7886
-6.79666
-6.80191
-6.79919
-6.79709
-6.78876
-6.77986
-6.77274
-6.76331
-6.75266
-6.74245
-6.73498
-6.72778
-6.72111
-6.72214
-6.72667
-6.73348
-6.74337
-6.75192
-6.75946
-6.76535
-6.76673
-6.76686
-6.7628
-6.75723
-6.74954
-6.74414
-6.73837
-6.73404
-6.72881
-6.72179
-6.71624
-6.71228
-6.7129
-6.7122
-6.71314
-6.71625
-6.72043
-6.72846
-6.7345
-6.74311
-6.75051
-6.76219
-6.77042
-6.78303
-6.79242
-6.80059
-6.80244
-6.79836
-6.78736
-6.76873
-6.74461
-6.7188
-6.69637
-6.68053
-6.67211
-6.67542
-6.68935
-6.71195
-6.73911
-6.76982
-6.79841
-6.82261
-6.84569
-6.86265
-6.87829
-6.89019
-6.8987
-6.901
-6.90049
-6.88985
-6.87836
-6.86066
-6.83941
-6.81589
-6.79212
-6.77028
-6.7484
-6.72856
-6.71272
-6.6975
-6.68726
-6.68332
-6.68765
-6.69886
-6.71876
-6.74138
-6.75993
-6.77253
-6.77908
-6.77261
-6.75975
-6.74287
-6.72249
-6.70566
-6.69065
-6.68344
-6.68756
-6.70161
-6.71743
-6.7404
-6.76452
-6.78415
-6.79624
-6.79865
-6.79173
-6.77823
-6.76216
-6.7519
-6.74614
-6.74719
-6.75382
-6.75937
-6.76943
-6.7776
-6.78491
-6.79283
-6.79894
-6.80084
-6.80387
-6.8003
-6.79376
-6.78283
-6.7675
-6.75398
-6.73951
-6.73078
-6.73356
-6.74343
-6.76141
-6.78063
-6.79807
-6.80936
-6.81531
-6.81307
-6.80198
-6.78231
-6.76002
-6.73918
-6.72356
-6.71446
-6.71593
-6.72629
-6.74254
-6.7616
-6.78037
-6.79614
-6.80847
-6.8175
-6.82466
-6.82693
-6.82884
-6.82902
-6.8294
-6.82851
-6.82598
-6.82162
-6.81291
-6.80332
-6.79055
-6.77411
-6.75151
-6.72979
-6.70981
-6.69136
-6.67997
-6.6772
-6.68502
-6.69807
-6.71514
-6.72819
-6.73615
-6.73663
-6.73063
-6.71527
-6.69558
-6.67836
-6.66337
-6.65722
-6.66265
-6.67741
-6.6985
-6.72541
-6.75696
-6.79068
-6.823
-6.85116
-6.87301
-6.88985
-6.89795
-6.89533
-6.88907
-6.87219
-6.852
-6.83366
-6.81441
-6.7982
-6.78545
-6.77467
-6.76307
-6.75173
-6.738
-6.7217
-6.70568
-6.68619
-6.67084
-6.65815
-6.65301
-6.65247
-6.66137
-6.673
-6.69271
-6.71509
-6.73842
-6.76556
-6.7907
-6.81246
-6.82823
-6.83482
-6.82768
-6.8125
-6.79005
-6.76119
-6.73248
-6.70302
-6.67818
-6.66602
-6.65922
-6.65943
-6.6722
-6.68771
-6.70925
-6.73571
-6.76298
-6.79075
-6.81653
-6.83931
-6.85932
-6.87219
-6.8818
-6.88313
-6.87871
-6.87487
-6.86646
-6.85853
-6.85067
-6.84268
-6.83393
-6.82123
-6.8069
-6.78324
-6.75762
-6.72619
-6.69226
-6.66125
-6.63597
-6.62014
-6.6144
-6.61944
-6.63364
-6.65302
-6.6738
-6.69547
-6.71724
-6.73826
-6.75673
-6.77483
-6.79556
-6.81195
-6.82943
-6.8405
-6.84494
-6.8449
-6.8382
-6.82784
-6.81603
-6.80055
-6.79038
-6.7818
-6.77597
-6.77756
-6.78229
-6.78888
-6.80052
-6.81155
-6.82209
-6.83036
-6.8283
-6.81729
-6.8008
-6.7793
-6.75944
-6.74049
-6.72649
-6.7172
-6.71636
-6.71954
-6.72933
-6.74148
-6.75385
-6.76175
-6.76698
-6.76563
-6.76199
-6.75265
-6.73999
-6.72465
-6.70842
-6.69319
-6.68458
-6.68241
-6.68869
-6.70156
-6.71633
-6.73424
-6.74974
-6.76371
-6.77592
-6.78105
-6.78291
-6.78187
-6.77758
-6.77349
-6.76518
-6.75842
-6.75341
-6.75057
-6.7532
-6.75571
-6.76258
-6.76946
-6.77525
-6.7801
-6.78231
-6.78008
-6.77639
-6.77084
-6.76293
-6.75515
-6.75219
-6.75364
-6.75764
-6.76727
-6.77647
-6.78414
-6.79075
-6.79374
-6.78881
-6.77979
-6.77027
-6.75419
-6.73999
-6.72585
-6.71629
-6.71318
-6.72108
-6.73603
-6.76126
-6.7917
-6.82553
-6.85734
-6.88253
-6.89684
-6.90051
-6.88966
-6.86755
-6.8352
-6.79293
-6.74347
-6.69681
-6.6548
-6.62253
-6.60274
-6.59598
-6.60398
-6.62609
-6.65611
-6.68684
-6.72201
-6.75041
-6.77405
-6.78962
-6.79544
-6.79237
-6.78478
-6.77325
-6.76277
-6.75256
-6.74876
-6.75031
-6.75974
-6.77265
-6.78722
-6.80141
-6.81881
-6.83472
-6.85042
-6.86801
-6.87816
-6.88758
-6.89018
-6.88749
-6.88033
-6.86601
-6.84362
-6.81586
-6.78714
-6.76034
-6.73699
-6.71481
-6.70077
-6.68499
-6.67731
-6.67197
-6.66975
-6.67148
-6.681
-6.69604
-6.71844
-6.74369
-6.76445
-6.77876
-6.78444
-6.78403
-6.77777
-6.76717
-6.75333
-6.74047
-6.72552
-6.70988
-6.69407
-6.68406
-6.67534
-6.67282
-6.6765
-6.68389
-6.69743
-6.71425
-6.7332
-6.75256
-6.7677
-6.78001
-6.79584
-6.80715
-6.81374
-6.82246
-6.82786
-6.82632
-6.82411
-6.81836
-6.81333
-6.80745
-6.80574
-6.80121
-6.7968
-6.79253
-6.78311
-6.76936
-6.75053
-6.72924
-6.71133
-6.69659
-6.68627
-6.68349
-6.68934
-6.69908
-6.71392
-6.73443
-6.75894
-6.78802
-6.81467
-6.83923
-6.85896
-6.87133
-6.87349
-6.86538
-6.84994
-6.83012
-6.8112
-6.79471
-6.78408
-6.77793
-6.77852
-6.77907
-6.78612
-6.7947
-6.80708
-6.81926
-6.82754
-6.83211
-6.82827
-6.81961
-6.802
-6.77933
-6.75263
-6.72284
-6.69447
-6.67338
-6.66113
-6.65593
-6.66212
-6.67303
-6.68958
-6.71153
-6.73309
-6.75399
-6.77304
-6.78953
-6.80111
-6.80709
-6.8023
-6.79119
-6.7734
-6.75187
-6.7318
-6.71496
-6.7013
-6.6954
-6.69625
-6.70351
-6.7194
-6.73854
-6.76028
-6.77937
-6.79985
-6.81244
-6.82025
-6.8259
-6.82994
-6.83141
-6.82692
-6.82575
-6.81888
-6.81188
-6.80642
-6.80055
-6.7941
-6.78747
-6.78038
-6.76939
-6.75865
-6.74693
-6.73713
-6.72859
-6.72614
-6.72599
-6.72828
-6.7277
-6.72856
-6.72349
-6.71958
-6.7132
-6.70119
-6.68989
-6.68088
-6.67547
-6.67329
-6.67541
-6.67596
-6.67903
-6.68519
-6.69447
-6.7012
-6.71095
-6.72021
-6.728
-6.73566
-6.74018
-6.74697
-6.7543
-6.76477
-6.77819
-6.79544
-6.81174
-6.82977
-6.84528
-6.85406
-6.8595
-6.85684
-6.84748
-6.83363
-6.81479
-6.79347
-6.77322
-6.75275
-6.7416
-6.73943
-6.74653
-6.76196
-6.78247
-6.80374
2.06354e+08
1.26718e+09
5.52813e+09
8.35382e+08
5.48961e+09
3.42441e+11
1.06289e+16
2.9374e+06
5.01205e+07
1.90271e+10
1.39608e+08
5.99346e+11
7.92116e+09
5.41479e+09
1.94035e+12
2.99029e+07
6.0823e+07
1.20899e+07
1.51323e+12
2.90482e+07
9.71644e+07
1.35188e+11
1.71425e+11
7.9145e+07
2.28083e+14
1.55659e+06
4.21026e+07
4.03611e+06
2.14569e+09
7.1009e+06
2.45977e+08
6.57048e+10
1.80389e+07
6.73755e+07
8.3232e+10
3.26149e+08
2.45948e+09
1.35135e+07
2.96288e+10
6.17897e+06
1.16605e+09
6.52988e+08
9.91152e+08
6.27103e+08
9.2503e+08
8.19206e+09
7.15702e+12
3.20422e+07
2.29725e+07
2.89791e+08
5.10435e+07
3.53839e+07
3.39433e+07
283782
269016
9.1743e+08
1.34112e+09
3.33007e+10
3.18663e+11
4.97258e+13
8.42806e+09
2.97242e+10
7.14592e+07
1.09831e+09
1.00789e+11
9.15419e+08
3.14225e+09
7.46409e+09
2.20036e+14
1.02409e+07
2.62469e+06
7.15646e+13
5.28336e+07
8.56984e+11
5.85186e+07
1.26993e+07
1.33776e+08
6.20575e+10
1.29499e+07
2.39697e+07
6.30217e+10
1.45187e+08
6.56178e+07
2.80258e+13
1.37415e+06
7.09581e+07
6.41476e+08
2.0613e+08
4.4336e+10
1.07266e+09
872351
6.41038e+06
9.13729e+08
3.19101e+10
1.36618e+09
3.18808e+13
4.74224e+11
6.4084e+06
5.03156e+10
2.11059e+07
2.91634e+11
2.15982e+07
5.32227e+09
5.71022e+10
1.5404e+11
5.8691e+06
3.27392e+07
226603
9.81496e+06
1.59875e+08
1.01506e+08
3.07941e+09
3.0337e+08
4.56398e+11
2.10895e+08
7.60159e+08
8.27085e+08
4.55098e+06
4.41143e+07
1.50827e+13
2.13844e+11
4.29433e+11
1.63926e+06
1.01555e+09
3.06462e+08
4.99306e+06
5.43163e+10
1.03651e+08
2.48335e+10
2.14386e+06
2.95308e+11
2.61633e+08
1.98848e+16
1.52522e+09
2.59951e+07
1.47763e+08
5.58544e+08
3.64575e+07
1.76741e+07
4.90114e+08
1.48429e+10
6.62415e+09
1.68892e+08
7.81329e+06
391373
3.72279e+08
8.51224e+07
6.70257e+08
1.25823e+10
3.40392e+12
2.11932e+07
1.48885e+09
4.53452e+07
1.16562e+09
2.80512e+08
6.5478e+06
1.6925e+06
1.03185e+09
8.59961e+07
2.41414e+07
5.90685e+10
6.40774e+11
606406
1.2208e+11
2.95235e+07
1.07179e+08
7.11021e+10
1.35705e+07
1.11259e+08
6.95992e+07
3.02297e+10
9.01011e+19
1.03511e+14
2.77002e+07
1.25767e+08
1.39902e+09
3.5109e+08
2.77657e+07
1.2451e+09
8.68477e+06
5.30462e+06
5.57812e+09
1.02511e+09
8.93443e+08
1.00051e+07
4.45621e+12
1.56972e+08
1.36902e+08
1.38247e+09
4.88046e+07
2.86925e+08
1.30415e+09
5.08719e+07
8.1194e+08
2.82511e+12
3.07566e+11
1.96155e+08
1.41621e+09
561761
3.6302e+15
7.01479e+08
8.40169e+07
4.5255e+08
6.44668e+08
7.52574e+07
1.45154e+07
5.28643e+08
5.71231e+09
1.05847e+10
542942
2.35984e+10
7.90554e+08
1.02925e+13
2.82019e+10
4.39007e+09
4.39048e+07
1.14328e+11
6.83727e+10
1.63733e+09
1.06183e+08
7.62576e+08
2.2662e+07
8.79066e+06
2.68149e+07
526367
1.05105e+08
7.66054e+06
1.30775e+13
2.37745e+06
2.34391e+06
3.30659e+15
2.82001e+09
1.05656e+09
1.43867e+10
2.68079e+08
6.32416e+07
1.3239e+09
2.32755e+09
7.82456e+06
1.38896e+13
3.51975e+11
2.24733e+09
9.43666e+10
4.05942e+06
1.17756e+08
1.02859e+12
3.48674e+11
4.39052e+07
2.53649e+06
7.93589e+06
6.41065e+09
4.95816e+13
1.06904e+11
4.84873e+07
4.38781e+09
5.8254e+08
9.31993e+08
1.6384e+07
1.04244e+10
5.60171e+08
1.3032e+09
1.63681e+10
2.07177e+07
2.92216e+11
1.25103e+09
9.24945e+06
1.5707e+15
5.24678e+08
1.10707e+07
6.50465e+06
4.45839e+07
3.79907e+06
6.99571e+09
6.17399e+08
8.74443e+08
1.04264e+09
4.27559e+09
1.9064e+06
1.25286e+08
3.92199e+07
1.95318e+06
4.012e+06
1.39069e+14
1.54625e+09
1.04416e+08
2.0674e+08
3.49639e+08
2.25104e+06
2.68492e+07
1.28494e+10
4.83855e+14
9.1193e+14
1.42804e+06
1.34979e+07
2.83082e+10
5.22913e+06
4.34712e+07
2.26149e+08
4.42396e+09
5.8223e+08
7.69187e+07
2.5387e+07
5.09838e+07
6.41221e+12
3.86066e+06
2.88242e+07
5.23115e+07
3.15828e+07
7.03817e+14
1.79645e+08
1.0147e+07
1.82297e+09
2.97222e+08
4.61449e+11
9.26963e+07
1.93861e+10
1.0114e+06
3.21472e+07
1.57379e+07
2.66137e+10
2.52833e+06
3.41716e+06
999675
5.60136e+08
2.62633e+07
1.85321e+08
4.8973e+07
5.1099e+10
1.25166e+08
2.85376e+07
5.88478e+08
6.65538e+08
5.30601e+09
6.4315e+07
6.75123e+09
3.62283e+06
1.84787e+07
4.7852e+08
8.26207e+07
1.84894e+07
1.51656e+08
1.61092e+12
1.42972e+06
1.23325e+07
1.22731e+07
9.61603e+07
3.77932e+09
7.04234e+09
1.68777e+07
2.02244e+07
718336
2.69972e+06
262828
4.71345e+06
3.15272e+09
9.81024e+07
9.21805e+06
4.56433e+06
2.93947e+06
1.3045e+08
2.90211e+07
2.7131e+06
4.81778e+10
1.48328e+14
3.20021e+06
1.5594e+07
5.26115e+16
5.17961e+09
6.70196e+12
3.39099e+06
8.87132e+07
8.49284e+10
1.73334e+06
5.66543e+07
2.34374e+09
3.5558e+13
5.5452e+07
2.92493e+07
2.70806e+08
4.35396e+06
2.35578e+06
1.56321e+06
1.10145e+09
690071
4.32533e+06
6.56512e+08
4.05401e+07
7.69116e+09
571814
2.67305e+08
1.5804e+08
734951
3.89165e+11
2.68089e+07
3.65272e+07
2.61971e+08
2.19804e+07
9.65819e+07
3.08523e+11
1.3818e+09
4.77239e+07
6.05733e+09
2.12543e+06
5.8514e+08
6.40258e+14
8.63319e+06
1.98611e+10
9.06374e+07
1.54193e+09
6.00864e+13
5.24238e+06
3.82859e+11
4.03349e+08
2.6112e+08
6.09305e+08
1.79644e+08
1.91635e+08
1.26149e+08
1.52245e+10
1.86015e+08
1.31203e+14
2.74359e+07
2.20233e+06
1.02341e+13
1.98912e+08
3.5224e+06
7.8553e+06
2.01012e+06
3.71985e+08
2.5326e+07
1.06777e+07
90314.7
4.10886e+09
2.84844e+07
1.69141e+09
4.67082e+08
3.40277e+08
9.15956e+10
4.52876e+11
4.52026e+06
2.71381e+09
2.75954e+07
1.08983e+10
4.91805e+11
3.42357e+06
2.37581e+07
8.07911e+07
2.25917e+09
8.98788e+06
5.86141e+09
4.49511e+08
6.22301e+06
5.13911e+08
4.45806e+09
1.23714e+12
4.7198e+10
9.29904e+09
1.13702e+06
1.22983e+13
3.39194e+09
6.9031e+07
1.28515e+07
1.29281e+10
7.356e+06
1.47529e+07
2.07018e+11
4.1494e+08
9.45089e+07
8.35848e+10
2.43158e+16
1.45315e+11
2.46627e+06
3.86409e+07
1.46629e+10
2.80323e+06
3.01613e+07
3.08766e+08
1.57202e+06
1.55498e+09
1.81403e+06
1.02817e+06
2.54021e+14
1.13965e+08
1.14776e+09
1.73174e+07
6.30597e+07
3.36663e+09
4.1801e+06
3.42521e+06
5.07273e+08
3.13743e+07
5.81422e+10
1.25202e+08
2.43623e+07
1.86759e+08
1.95426e+06
1.70337e+06
9.5497e+09
2.00694e+07
2.32223e+07
2.47363e+08
2.87654e+07
9.74478e+09
2.06916e+12
3.56446e+08
1.65701e+08
5.81618e+07
9.30037e+11
8.50241e+13
2.41971e+09
3.33849e+06
2.44879e+08
7.62135e+07
5.58349e+06
3.04352e+06
5.87158e+09
3.14865e+14
6.91893e+10
6.09428e+07
1.17186e+08
4.19323e+07
2.13013e+07
1.02819e+08
2.18644e+07
1.53531e+09
2.74006e+08
7.36946e+07
5.00392e+09
179696
1.47581e+09
3.45841e+08
7.52184e+09
2.04953e+09
2.73154e+14
5.3872e+08
4.5635e+07
1.68545e+09
2.59966e+12
1.09538e+09
1.64849e+09
3.78048e+09
2.10766e+06
2.40158e+08
4.90609e+08
5.93794e+07
6.87845e+08
1.97335e+07
2.7864e+11
1.57156e+08
9.96914e+07
3.52474e+09
1.32659e+07
2.57673e+07
1.07319e+09
1.92549e+07
4.78458e+08
3.25762e+09
377810
1.77216e+06
3.29011e+10
2.15923e+07
1.32141e+16
2.23678e+13
2.4516e+07
3.52176e+06
1.72964e+07
8.0321e+08
6.51249e+06
350072
9.19048e+08
4.21099e+08
7.79107e+11
3.21879e+07
1.28591e+08
1.06716e+14
1.96838e+07
2.97215e+07
1.30843e+08
5.31493e+08
7.36526e+07
9.70536e+06
4.43734e+13
2.05218e+06
9.73342e+09
3.17447e+12
4.98455e+10
4.37446e+10
1.97554e+09
3.57292e+08
3.63466e+09
8.58196e+10
6.54457e+14
1.48879e+07
9.0216e+09
3.35254e+10
3.79733e+10
4.0646e+09
4.59934e+08
4.84667e+09
4.19146e+09
1.45331e+09
5.73635e+06
2.82915e+14
1.03579e+08
9.77447e+06
5.63391e+10
2.25845e+08
1.21617e+08
1.2303e+07
2.63533e+09
3.68675e+06
3.30117e+06
1.08992e+07
1.14154e+15
1.78702e+08
1.28541e+08
3.97491e+09
2.94827e+07
180471
5.40649e+07
4.13046e+06
2.15515e+09
9.7441e+06
2.3408e+08
1.81518e+14
6.93805e+11
1.54661e+13
8.05788e+11
5.64046e+07
1.20524e+07
1.66596e+08
8.05831e+08
1.5689e+11
1.28437e+10
4.67842e+09
2.4197e+08
9.05521e+07
7.58073e+13
3.20208e+08
2.33012e+11
8.07597e+08
1.65475e+08
2.14717e+08
5.09486e+06
9.81178e+07
1.86428e+12
3.41586e+09
3.8393e+08
2.39255e+09
4.20966e+10
7.90391e+10
239920
9.14799e+07
1.21867e+07
4.0347e+08
2.05283e+06
2.47854e+10
2.46528e+10
5.16821e+12
1.92347e+08
1.16546e+08
2.6523e+08
1.78865e+10
7.13447e+09
1.11154e+07
1.60857e+08
4.77584e+08
7.16625e+08
2.89503e+09
5.83216e+08
3.81884e+10
1.10181e+11
5.52799e+10
6.00449e+07
4.14623e+08
2.28798e+08
3.7971e+06
1.86004e+07
1.33176e+10
1.79699e+07
6.66578e+10
5.40538e+07
1.53012e+06
1.35726e+09
9.63778e+07
3.55157e+07
1.07305e+10
1.89695e+07
1.4455e+09
1.53381e+07
1.30792e+06
4.47745e+11
2.38767e+07
3.12156e+07
1.34954e+11
8.62321e+07
998774
2.55884e+10
7.97443e+08
1.71842e+11
1.42357e+09
2.71537e+10
7.77611e+09
2.79244e+13
909778
1.08493e+08
5.19574e+09
3.56467e+13
3.77099e+06
8.10888e+06
5.89657e+09
4.43925e+10
7.78284e+09
5.69984e+07
3.97964e+09
5.96038e+06
650924
1.07494e+06
2.09668e+09
2.35979e+07
4.09279e+06
3.01944e+07
8.13935e+07
1.28396e+06
2.36886e+07
2.78103e+07
1.35718e+08
3.84045e+08
1.9778e+07
1.94221e+07
6.3492e+11
2.47268e+12
7.13565e+06
4.71871e+07
9.48079e+07
4.92338e+08
1.32753e+07
1.78454e+09
6.49479e+06
5.74238e+07
5.4699e+08
1.1759e+06
3.38377e+06
7.01315e+11
1.3985e+08
2.25726e+12
3.03873e+07
1.53003e+08
2.77185e+06
3.10159e+06
7.39352e+06
5.33511e+11
2.62711e+07
2.08585e+07
9.68334e+08
5.31549e+08
3.85188e+07
231580
1.22281e+08
2.91308e+11
5.10735e+09
1.58915e+07
1.55828e+08
9.1258e+07
8.08053e+08
5.99712e+12
5.81396e+06
4.48498e+08
5.22074e+07
108773
2.21657e+07
2.24275e+06
6.59629e+07
1.98933e+08
2.14626e+08
2.89024e+19
1.29375e+10
7.02081e+09
1.11519e+13
6.38867e+08
2.05135e+08
9.89264e+06
3.77623e+06
5.90977e+07
4.55055e+10
8.7461e+10
1.78588e+10
1.5127e+10
2.21447e+08
1.44961e+08
7.40281e+06
565915
9.82716e+11
2.34568e+06
1.0223e+10
6.59777e+08
5.74923e+09
6.22616e+08
6.68722e+08
292274
1.40792e+08
4.74594e+18
8.59258e+09
6.79841e+08
4.87979e+08
4.62528e+11
1.39429e+08
3.70604e+08
1.18742e+09
8.75325e+08
4.19586e+06
3.25185e+07
1.58563e+06
2.23695e+06
1.55668e+08
5.66408e+08
1.7114e+09
1.8262e+07
5.00738e+06
2.3353e+07
1.96027e+07
2.66546e+08
1.20743e+10
9.65498e+09
3.44532e+07
1.50113e+09
5.20612e+06
8.72826e+06
1.00625e+07
3.84069e+07
1.80031e+07
6.77717e+08
1.27348e+07
4.20655e+07
-nan
6.31194e+11
1.55458e+07
4.77393e+06
4.53268e+11
1.48013e+09
183256
2.74032e+06
2.89394e+07
3.44945e+09
2.82675e+08
6.55149e+07
2.21258e+09
6.40679e+07
3.97509e+06
2.3183e+07
2.982e+07
2.08243e+07
2.05515e+11
1.42912e+08
1.23867e+08
1.18914e+07
2.71081e+08
1.32606e+10
1.45471e+06
450956
1.17095e+07
1.09038e+07
8.6379e+06
8.27732e+07
1.1151e+07
2.44371e+06
1.72194e+11
6.13099e+07
5.79714e+06
8.39759e+09
3.44638e+06
2.89047e+06
3.81103e+06
1.03704e+11
416750
1.08131e+08
3.61073e+08
9.00262e+12
1.16868e+06
1.01631e+08
6.33207e+06
2.21762e+11
2.31539e+07
2.52786e+07
591667
3.03431e+09
3.08035e+08
8.27428e+09
2.20756e+12
6.26319e+09
1.42257e+08
1.11669e+10
208327
8.08577e+06
1.61928e+06
2.00192e+06
5.31644e+06
1.14209e+09
6.32121e+06
1.6448e+06
652278
1.47196e+08
4.83856e+10
2.82968e+11
8.94698e+08
4.53291e+06
7.67756e+07
1.26013e+09
5.76514e+07
2.23377e+08
1.12067e+08
4.48875e+07
3.37201e+06
4.80065e+09
4.87091e+07
4.66324e+07
4.02357e+08
3.85536e+13
292871
9.572e+07
1.27298e+08
5.20096e+07
3.10725e+07
2.69451e+06
5.17617e+06
1.00968e+07
1.3958e+08
6.14014e+11
9.64886e+07
3.78704e+09
2.91807e+08
1.86096e+07
1.16746e+09
1.75983e+07
2.35822e+08
6.77696e+07
1.42463e+08
3.68054e+07
3.14337e+09
3.44447e+06
2.75821e+08
1.46716e+08
1.87901e+13
2.59749e+08
1.27724e+11
1.6374e+06
7.56288e+08
1.15634e+09
5.00845e+08
1.50955e+17
1.2771e+06
5.10225e+06
2.70038e+06
1.7108e+08
8.2883e+06
2.57391e+06
6.36363e+09
1.6708e+08
1.65645e+07
4.58397e+06
2.64449e+08
2.04201e+07
1.1551e+06
4.33116e+06
1.81403e+09
2.61488e+06
2.86082e+07
2.00657e+09
1.15865e+09
1.00694e+07
1.13731e+07
1.85031e+06
4.2181e+10
525154
2.4438e+09
745848
475259
1.02188e+09
4.22348e+13
3.71895e+11
1.11846e+07
1.1877e+09
3.85164e+06
3.71306e+06
271555
6.72092e+06
2.7136e+10
1.13615e+07
4.1652e+10
4.18898e+08
1.2413e+10
2.35844e+08
2.04623e+08
1.52363e+07
838981
1.05148e+09
1.92491e+10
1.73198e+09
902431
1.44597e+07
