0.0230664 0 0
0.0461329 0 0
0.0691993 0 0
0.0922657 0 0
0.115332 0 0
0.138399 0 0
0.161465 0 0
0.184531 0 0
0.207598 0 0
0.230664 0 0
0.253731 0 0
0.276797 0 0
0.299864 0 0
0.32293 0 0
0.345996 0 0
0.369063 0 0
0.392129 0 0
0.415196 0 0
0.438262 0 0
0.461329 0 0
0.484395 0 0
0.507461 0 0
0.530528 0 0
0.553594 0 0
0.576661 0 0
0.599727 0 0
0.622794 0 0
0.64586 0 0
0.668926 0 0
0.691993 0 0
0.715059 0 0
0.738126 0 0
0.761192 0 0
0.784259 0 0
0.807325 0 0
0.830391 0 0
0.853458 0 0
0.876524 0 0
0.899591 1.10739e-05 0
0.922657 0.000136325 8.13477e-13
0.945724 0.000808337 4.60172e-12
0.96879 0.00283982 0
0.991856 0.00655722 4.50875e-11
1.01492 0.0109039 5.20625e-11
1.03799 0.0105705 6.37633e-11
1.06106 0.0135021 5.20625e-11
1.08412 0.0146786 1.27527e-10
1.10719 0.0137477 9.01749e-11
1.13026 0.0111869 5.20625e-11
1.15332 0.00832859 3.68138e-11
1.17639 0.005743 2.60313e-11
1.19945 0.00361193 1.30156e-11
1.22252 0.00202723 1.59408e-11
1.24559 0.00111322 4.60172e-12
1.26865 0.000563257 3.25391e-12
1.29172 0.000261148 1.9926e-12
1.31479 0.00015998 8.13477e-13
1.33785 0.000144147 9.96302e-13
1.36092 0.000204859 8.13477e-13
1.38399 0.000355298 1.62695e-12
1.40705 0.000638492 2.30086e-12
1.43012 0.000992551 7.97041e-12
1.45319 0.00161127 6.50781e-12
1.47625 0.00219677 1.59408e-11
1.49932 0.00286994 1.84069e-11
1.52238 0.00333893 1.30156e-11
1.54545 0.003572 1.84069e-11
1.56852 0.00340509 1.84069e-11
1.59158 0.00299658 0
1.61465 0.00237487 1.30156e-11
1.63772 0.00171426 6.50781e-12
1.66078 0.00117104 4.60172e-12
1.68385 0.000815853 0
1.70692 0.000699841 5.63593e-12
1.72998 0.000949225 5.63593e-12
1.75305 0.00163159 6.50781e-12
1.77612 0.00286013 0
1.79918 0.00459547 1.84069e-11
1.82225 0.00677699 3.68138e-11
1.84531 0.00880609 3.68138e-11
1.86838 0.0103581 0
1.89145 0.01084 0
1.91451 0.010217 6.37633e-11
1.93758 0.00875956 0
1.96065 0.00676287 3.68138e-11
1.98371 0.00478753 2.60313e-11
2.00678 0.00319989 1.30156e-11
2.02985 0.00217553 1.30156e-11
2.05291 0.00175109 1.30156e-11
2.07598 0.00184649 9.20344e-12
2.09905 0.00240418 1.84069e-11
2.12211 0.0031623 1.30156e-11
2.14518 0.00382468 1.30156e-11
2.16824 0.00426212 0
2.19131 0.00431229 3.68138e-11
2.21438 0.00386267 1.30156e-11
2.23744 0.00327377 1.84069e-11
2.26051 0.00273988 0
2.28358 0.00237535 1.59408e-11
2.30664 0.00241619 9.20344e-12
