0.0256496 0 0
0.0512993 0 0
0.0769489 0 0
0.102599 0 0
0.128248 0 0
0.153898 0 0
0.179547 0 0
0.205197 0 0
0.230847 0 0
0.256496 0 0
0.282146 0 0
0.307796 0 0
0.333445 0 0
0.359095 0 0
0.384745 0 0
0.410394 0 0
0.436044 0 0
0.461694 0 0
0.487343 0 0
0.512993 0 0
0.538642 0 0
0.564292 0 0
0.589942 0 0
0.615591 0 0
0.641241 0 0
0.666891 0 0
0.69254 0 0
0.71819 0 0
0.74384 0 0
0.769489 0 0
0.795139 0 0
0.820788 0 0
0.846438 0 0
0.872088 0 0
0.897737 2.46668e-06 8.98773e-15
0.923387 6.85015e-05 4.98151e-13
0.949037 0.000419313 1.62695e-12
0.974686 0.00149873 6.50781e-12
1.00034 0.00325358 1.30156e-11
1.02599 0.00507236 2.60313e-11
1.05164 0.00641694 0
1.07728 0.00707654 2.60313e-11
1.10293 0.00722351 2.60313e-11
1.12858 0.00695165 5.20625e-11
1.15423 0.00642674 0
1.17988 0.00586262 2.60313e-11
1.20553 0.00516589 1.84069e-11
1.23118 0.0046573 2.60313e-11
1.25683 0.00419078 3.68138e-11
1.28248 0.00377711 1.30156e-11
1.30813 0.00345824 1.30156e-11
1.33378 0.00314023 0
1.35943 0.00293778 1.84069e-11
1.38508 0.00276922 0
1.41073 0.0026006 1.30156e-11
1.43638 0.00250433 1.59408e-11
1.46203 0.00246429 1.59408e-11
1.48768 0.00239055 1.59408e-11
1.51333 0.00233934 1.59408e-11
1.53898 0.00230579 1.84069e-11
1.56463 0.00231929 1.59408e-11
1.59028 0.00229621 0
1.61593 0.00236656 9.20344e-12
1.64158 0.00243564 1.59408e-11
1.66723 0.00250927 1.30156e-11
1.69288 0.00262227 0
1.71853 0.00275435 1.59408e-11
1.74418 0.00288441 1.30156e-11
1.76983 0.00301002 0
1.79547 0.00322575 1.84069e-11
1.82112 0.00341019 1.84069e-11
1.84677 0.00361269 2.60313e-11
1.87242 0.00381009 1.30156e-11
1.89807 0.00394001 1.84069e-11
1.92372 0.00410895 1.84069e-11
1.94937 0.00428187 1.84069e-11
1.97502 0.00443937 3.18816e-11
2.00067 0.00454479 1.84069e-11
2.02632 0.00464123 2.60313e-11
2.05197 0.00481012 1.84069e-11
2.07762 0.00483831 1.84069e-11
2.10327 0.00484592 1.84069e-11
2.12892 0.00487935 3.18816e-11
2.15457 0.00478603 1.84069e-11
2.18022 0.00466292 1.84069e-11
2.20587 0.00458327 0
2.23152 0.00441445 1.84069e-11
2.25717 0.00434688 3.68138e-11
2.28282 0.00426905 3.18816e-11
2.30847 0.00410738 0
2.33412 0.0040178 2.60313e-11
2.35977 0.00396533 2.60313e-11
2.38542 0.00389897 1.84069e-11
2.41107 0.00387718 0
2.43672 0.00387546 1.30156e-11
2.46237 0.00386368 2.25437e-11
2.48802 0.00384526 0
2.51366 0.00386546 1.84069e-11
2.53931 0.00386292 1.30156e-11
