0.0256496 0 0
0.0512993 0 0
0.0769489 0 0
0.102599 0 0
0.128248 0 0
0.153898 0 0
0.179547 0 0
0.205197 0 0
0.230847 0 0
0.256496 0 0
0.282146 0 0
0.307796 0 0
0.333445 0 0
0.359095 0 0
0.384745 0 0
0.410394 0 0
0.436044 0 0
0.461694 0 0
0.487343 0 0
0.512993 0 0
0.538642 0 0
0.564292 0 0
0.589942 0 0
0.615591 0 0
0.641241 0 0
0.666891 0 0
0.69254 0 0
0.71819 0 0
0.74384 0 0
0.769489 0 0
0.795139 0 0
0.820788 0 0
0.846438 0 0
0.872088 0 0
0.897737 3.58789e-06 1.27106e-14
0.923387 6.18026e-05 2.87607e-13
0.949037 0.000428899 2.81797e-12
0.974686 0.00144302 6.50781e-12
1.00034 0.0031205 1.84069e-11
1.02599 0.00497209 3.68138e-11
1.05164 0.00643546 3.68138e-11
1.07728 0.00710114 3.68138e-11
1.10293 0.00713791 4.50875e-11
1.12858 0.00686129 0
1.15423 0.0063831 4.50875e-11
1.17988 0.00576447 0
1.20553 0.00529167 3.68138e-11
1.23118 0.00474743 1.84069e-11
1.25683 0.00425449 0
1.28248 0.00385874 1.30156e-11
1.30813 0.00352017 0
1.33378 0.00314897 0
1.35943 0.00297811 1.84069e-11
1.38508 0.00284442 1.30156e-11
1.41073 0.00270423 1.84069e-11
1.43638 0.00254941 1.30156e-11
1.46203 0.00250423 9.20344e-12
1.48768 0.00243003 9.20344e-12
1.51333 0.00237372 1.30156e-11
1.53898 0.00231912 1.30156e-11
1.56463 0.00237616 1.30156e-11
1.59028 0.00231263 0
1.61593 0.00237689 9.20344e-12
1.64158 0.00241106 0
1.66723 0.00247007 9.20344e-12
1.69288 0.00254311 1.84069e-11
1.71853 0.00271513 9.20344e-12
1.74418 0.00280809 1.30156e-11
1.76983 0.00302551 1.84069e-11
1.79547 0.00313947 2.60313e-11
1.82112 0.00332169 1.84069e-11
1.84677 0.00344152 1.30156e-11
1.87242 0.00368396 0
1.89807 0.0038517 1.84069e-11
1.92372 0.00402399 1.84069e-11
1.94937 0.0042022 2.60313e-11
1.97502 0.00436552 3.18816e-11
2.00067 0.00453463 2.60313e-11
2.02632 0.00464144 2.60313e-11
2.05197 0.00471212 1.84069e-11
2.07762 0.00485166 1.84069e-11
2.10327 0.00479676 2.60313e-11
2.12892 0.00482629 3.68138e-11
2.15457 0.00484277 3.18816e-11
2.18022 0.00475443 2.60313e-11
2.20587 0.0046481 1.84069e-11
2.23152 0.00458354 3.18816e-11
2.25717 0.00447335 0
2.28282 0.00440126 2.60313e-11
2.30847 0.00420547 3.18816e-11
2.33412 0.00417221 2.60313e-11
2.35977 0.00410106 2.60313e-11
2.38542 0.00405036 2.60313e-11
2.41107 0.0039504 1.84069e-11
2.43672 0.00391421 1.84069e-11
2.46237 0.00386122 2.25437e-11
2.48802 0.00381777 1.84069e-11
2.51366 0.00376294 1.30156e-11
2.53931 0.0038159 2.25437e-11
