0.0256496 0
0.0512993 0
0.0769489 0
0.102599 0
0.128248 0
0.153898 0
0.179547 0
0.205197 0
0.230847 0
0.256496 0
0.282146 0
0.307796 0
0.333445 0
0.359095 0
0.384745 0
0.410394 0
0.436044 0
0.461694 0
0.487343 0
0.512993 0
0.538642 0
0.564292 0
0.589942 0
0.615591 0
0.641241 0
0.666891 0
0.69254 0
0.71819 0
0.74384 0
0.769489 0
0.795139 0
0.820788 0
0.846438 0
0.872088 0
0.897737 5.83033e-06
0.923387 6.02899e-05
0.949037 0.000405141
0.974686 0.00140379
1.00034 0.00311564
1.02599 0.00500833
1.05164 0.00630779
1.07728 0.00708146
1.10293 0.00719526
1.12858 0.00687877
1.15423 0.00643233
1.17988 0.00586386
1.20553 0.00523585
1.23118 0.00476554
1.25683 0.00431834
1.28248 0.00390479
1.30813 0.00358049
1.33378 0.00319721
1.35943 0.00303342
1.38508 0.00283244
1.41073 0.00270075
1.43638 0.00254309
1.46203 0.00242983
1.48768 0.0023663
1.51333 0.00235474
1.53898 0.0023591
1.56463 0.00233746
1.59028 0.0023652
1.61593 0.00234228
1.64158 0.00240722
1.66723 0.00248555
1.69288 0.00256217
1.71853 0.00265209
1.74418 0.00288266
1.76983 0.00299487
1.79547 0.00313302
1.82112 0.00330376
1.84677 0.00350664
1.87242 0.0037034
1.89807 0.00387096
1.92372 0.00400746
1.94937 0.00421059
1.97502 0.00434556
2.00067 0.00451748
2.02632 0.00459261
2.05197 0.00471002
2.07762 0.00480736
2.10327 0.00479116
2.12892 0.00481447
2.15457 0.00479656
2.18022 0.00479215
2.20587 0.00465798
2.23152 0.00466282
2.25717 0.00454071
2.28282 0.00441618
2.30847 0.00425969
2.33412 0.00420574
2.35977 0.00412665
2.38542 0.00401914
2.41107 0.00397228
2.43672 0.00392697
2.46237 0.00389181
2.48802 0.00379998
2.51366 0.00381863
2.53931 0.00383451
0.0256496 0
0.0512993 0
0.0769489 0
0.102599 0
0.128248 0
0.153898 0
0.179547 0
0.205197 0
0.230847 0
0.256496 0
0.282146 0
0.307796 0
0.333445 0
0.359095 0
0.384745 0
0.410394 0
0.436044 0
0.461694 0
0.487343 0
0.512993 0
0.538642 0
0.564292 0
0.589942 0
0.615591 0
0.641241 0
0.666891 0
0.69254 0
0.71819 0
0.74384 0
0.769489 0
0.795139 0
0.820788 0
0.846438 0
0.872088 0
0.897737 3.58789e-06
0.923387 6.18026e-05
0.949037 0.000428899
0.974686 0.00144302
1.00034 0.0031205
1.02599 0.00497209
1.05164 0.00643546
1.07728 0.00710114
1.10293 0.00713791
1.12858 0.00686129
1.15423 0.0063831
1.17988 0.00576447
1.20553 0.00529167
1.23118 0.00474743
1.25683 0.00425449
1.28248 0.00385874
1.30813 0.00352017
1.33378 0.00314897
1.35943 0.00297811
1.38508 0.00284442
1.41073 0.00270423
1.43638 0.00254941
1.46203 0.00250423
1.48768 0.00243003
1.51333 0.00237372
1.53898 0.00231912
1.56463 0.00237616
1.59028 0.00231263
1.61593 0.00237689
1.64158 0.00241106
1.66723 0.00247007
1.69288 0.00254311
1.71853 0.00271513
1.74418 0.00280809
1.76983 0.00302551
1.79547 0.00313947
1.82112 0.00332169
1.84677 0.00344152
1.87242 0.00368396
1.89807 0.0038517
1.92372 0.00402399
1.94937 0.0042022
1.97502 0.00436552
2.00067 0.00453463
2.02632 0.00464144
2.05197 0.00471212
2.07762 0.00485166
2.10327 0.00479676
2.12892 0.00482629
2.15457 0.00484277
2.18022 0.00475443
2.20587 0.0046481
2.23152 0.00458354
2.25717 0.00447335
2.28282 0.00440126
2.30847 0.00420547
2.33412 0.00417221
2.35977 0.00410106
2.38542 0.00405036
2.41107 0.0039504
2.43672 0.00391421
2.46237 0.00386122
2.48802 0.00381777
2.51366 0.00376294
2.53931 0.0038159
0.0256496 0
0.0512993 0
0.0769489 0
0.102599 0
0.128248 0
0.153898 0
0.179547 0
0.205197 0
0.230847 0
0.256496 0
0.282146 0
0.307796 0
0.333445 0
0.359095 0
0.384745 0
0.410394 0
0.436044 0
0.461694 0
0.487343 0
0.512993 0
0.538642 0
0.564292 0
0.589942 0
0.615591 0
0.641241 0
0.666891 0
0.69254 0
0.71819 0
0.74384 0
0.769489 0
0.795139 0
0.820788 0
0.846438 0
0.872088 0
0.897737 4.26062e-06
0.923387 5.76968e-05
0.949037 0.000403682
0.974686 0.00143497
1.00034 0.00320054
1.02599 0.00501885
1.05164 0.00644745
1.07728 0.0070732
1.10293 0.0071716
1.12858 0.00691257
1.15423 0.00633658
1.17988 0.00575254
1.20553 0.00517161
1.23118 0.00465701
1.25683 0.00422398
1.28248 0.00383516
1.30813 0.00352969
1.33378 0.00328261
1.35943 0.00298573
1.38508 0.00284985
1.41073 0.0027082
1.43638 0.00255035
1.46203 0.00243645
1.48768 0.0024099
1.51333 0.00234129
1.53898 0.00232811
1.56463 0.00234097
1.59028 0.00232784
1.61593 0.00239586
1.64158 0.00244716
1.66723 0.00254322
1.69288 0.00260936
1.71853 0.00271101
1.74418 0.00287155
1.76983 0.00301558
1.79547 0.00317344
1.82112 0.00334781
1.84677 0.00351737
1.87242 0.00367542
1.89807 0.0039008
1.92372 0.00403353
1.94937 0.00423096
1.97502 0.00434405
2.00067 0.00448706
2.02632 0.00461025
2.05197 0.00466245
2.07762 0.0047863
2.10327 0.00475163
2.12892 0.00479851
2.15457 0.00476856
2.18022 0.00470917
2.20587 0.00466238
2.23152 0.00456314
2.25717 0.00445769
2.28282 0.00434848
2.30847 0.00428646
2.33412 0.00414626
2.35977 0.0041072
2.38542 0.00401115
2.41107 0.00399245
2.43672 0.00389639
2.46237 0.00384923
2.48802 0.00386562
2.51366 0.00383151
2.53931 0.0038475
0.0256496 0
0.0512993 0
0.0769489 0
0.102599 0
0.128248 0
0.153898 0
0.179547 0
0.205197 0
0.230847 0
0.256496 0
0.282146 0
0.307796 0
0.333445 0
0.359095 0
0.384745 0
0.410394 0
0.436044 0
0.461694 0
0.487343 0
0.512993 0
0.538642 0
0.564292 0
0.589942 0
0.615591 0
0.641241 0
0.666891 0
0.69254 0
0.71819 0
0.74384 0
0.769489 0
0.795139 0
0.820788 0
0.846438 0
0.872088 0
0.897737 1.79395e-06
0.923387 5.48876e-05
0.949037 0.000439111
0.974686 0.00147922
1.00034 0.00325805
1.02599 0.00503462
1.05164 0.00648304
1.07728 0.00700254
1.10293 0.00719526
1.12858 0.00689064
1.15423 0.00639892
1.17988 0.00581502
1.20553 0.0052524
1.23118 0.00456834
1.25683 0.00414083
1.28248 0.00377904
1.30813 0.00347848
1.33378 0.00319525
1.35943 0.00295947
1.38508 0.00275811
1.41073 0.00266143
1.43638 0.00255328
1.46203 0.00247433
1.48768 0.00241212
1.51333 0.00240398
1.53898 0.00234715
1.56463 0.00237966
1.59028 0.00238605
1.61593 0.00238869
1.64158 0.00247116
1.66723 0.00253018
1.69288 0.00267477
1.71853 0.00281031
1.74418 0.00285579
1.76983 0.00303714
1.79547 0.00320223
1.82112 0.00336295
1.84677 0.00347949
1.87242 0.00367495
1.89807 0.00386252
1.92372 0.00396585
1.94937 0.00417704
1.97502 0.00436047
2.00067 0.00450245
2.02632 0.00460679
2.05197 0.00477081
2.07762 0.0047477
2.10327 0.00473508
2.12892 0.00480093
2.15457 0.00478729
2.18022 0.00476954
2.20587 0.00463533
2.23152 0.00452081
2.25717 0.00445317
2.28282 0.0043261
2.30847 0.00417082
2.33412 0.00409984
2.35977 0.00400359
2.38542 0.00398019
2.41107 0.00392707
2.43672 0.00393172
2.46237 0.00388725
2.48802 0.00386409
2.51366 0.0038486
2.53931 0.00385978
0.0256496 0
0.0512993 0
0.0769489 0
0.102599 0
0.128248 0
0.153898 0
0.179547 0
0.205197 0
0.230847 0
0.256496 0
0.282146 0
0.307796 0
0.333445 0
0.359095 0
0.384745 0
0.410394 0
0.436044 0
0.461694 0
0.487343 0
0.512993 0
0.538642 0
0.564292 0
0.589942 0
0.615591 0
0.641241 0
0.666891 0
0.69254 0
0.71819 0
0.74384 0
0.769489 0
0.795139 0
0.820788 0
0.846438 0
0.872088 0
0.897737 4.26062e-06
0.923387 6.2883e-05
0.949037 0.000440779
0.974686 0.00147057
1.00034 0.00325572
1.02599 0.00507555
1.05164 0.00641439
1.07728 0.00713366
1.10293 0.00707613
1.12858 0.00682106
1.15423 0.00634953
1.17988 0.00575409
1.20553 0.00515761
1.23118 0.00464897
1.25683 0.00419645
1.28248 0.00383709
1.30813 0.00346454
1.33378 0.00317896
1.35943 0.00296556
1.38508 0.00281071
1.41073 0.00268548
1.43638 0.00254684
1.46203 0.00243565
1.48768 0.00243604
1.51333 0.00241504
1.53898 0.00238152
1.56463 0.00236594
1.59028 0.00241224
1.61593 0.002394
1.64158 0.00246924
1.66723 0.0025631
1.69288 0.00266213
1.71853 0.0027855
1.74418 0.0029238
1.76983 0.00306264
1.79547 0.00322182
1.82112 0.0033537
1.84677 0.00348101
1.87242 0.00366295
1.89807 0.00384625
1.92372 0.00402609
1.94937 0.00416954
1.97502 0.00430147
2.00067 0.00446751
2.02632 0.00462021
2.05197 0.00464754
2.07762 0.00470519
2.10327 0.00478217
2.12892 0.00476454
2.15457 0.00472166
2.18022 0.00467907
2.20587 0.00459953
2.23152 0.00451513
2.25717 0.00443675
2.28282 0.00437513
2.30847 0.00426131
2.33412 0.00416486
2.35977 0.0040552
2.38542 0.00409417
2.41107 0.0040056
2.43672 0.0039891
2.46237 0.00392336
2.48802 0.00388065
2.51366 0.00386788
2.53931 0.00387786
0.0256496 0
0.0512993 0
0.0769489 0
0.102599 0
0.128248 0
0.153898 0
0.179547 0
0.205197 0
0.230847 0
0.256496 0
0.282146 0
0.307796 0
0.333445 0
0.359095 0
0.384745 0
0.410394 0
0.436044 0
0.461694 0
0.487343 0
0.512993 0
0.538642 0
0.564292 0
0.589942 0
0.615591 0
0.641241 0
0.666891 0
0.69254 0
0.71819 0
0.74384 0
0.769489 0
0.795139 0
0.820788 0
0.846438 0
0.872088 6.98695e-07
0.897737 2.46668e-06
0.923387 6.33152e-05
0.949037 0.000402849
0.974686 0.00152006
1.00034 0.00330565
1.02599 0.00515442
1.05164 0.00640804
1.07728 0.00711503
1.10293 0.00712361
1.12858 0.00679269
1.15423 0.00632539
1.17988 0.00578479
1.20553 0.00520651
1.23118 0.00467556
1.25683 0.00418496
1.28248 0.00384192
1.30813 0.00352687
1.33378 0.00320712
1.35943 0.00303139
1.38508 0.00277996
1.41073 0.00263931
1.43638 0.00250995
1.46203 0.00240278
1.48768 0.00238176
1.51333 0.00230583
1.53898 0.00227945
1.56463 0.00226057
1.59028 0.00230407
1.61593 0.00235899
1.64158 0.00245782
1.66723 0.00253515
1.69288 0.00267651
1.71853 0.00273295
1.74418 0.00292817
1.76983 0.00306966
1.79547 0.00321788
1.82112 0.00343606
1.84677 0.00356335
1.87242 0.00379919
1.89807 0.00394976
1.92372 0.00414884
1.94937 0.00427525
1.97502 0.00444045
2.00067 0.00456364
2.02632 0.00465022
2.05197 0.00470331
2.07762 0.00472173
2.10327 0.00474674
2.12892 0.00471562
2.15457 0.00468647
2.18022 0.0046486
2.20587 0.00456115
2.23152 0.00445247
2.25717 0.00440263
2.28282 0.00428106
2.30847 0.00420782
2.33412 0.0041124
2.35977 0.00406113
2.38542 0.00397078
2.41107 0.0039253
2.43672 0.00389889
2.46237 0.0038701
2.48802 0.00383142
2.51366 0.00381819
2.53931 0.00379886
0.0256496 0
0.0512993 0
0.0769489 0
0.102599 0
0.128248 0
0.153898 0
0.179547 0
0.205197 0
0.230847 0
0.256496 0
0.282146 0
0.307796 0
0.333445 0
0.359095 0
0.384745 0
0.410394 0
0.436044 0
0.461694 0
0.487343 0
0.512993 0
0.538642 0
0.564292 0
0.589942 0
0.615591 0
0.641241 0
0.666891 0
0.69254 0
0.71819 0
0.74384 0
0.769489 0
0.795139 0
0.820788 0
0.846438 0
0.872088 0
0.897737 3.58789e-06
0.923387 5.44554e-05
0.949037 0.000390344
0.974686 0.00141164
1.00034 0.00312108
1.02599 0.00501209
1.05164 0.00640931
1.07728 0.00710044
1.10293 0.00723968
1.12858 0.00695462
1.15423 0.00645823
1.17988 0.005802
1.20553 0.00517762
1.23118 0.00476788
1.25683 0.00421007
1.28248 0.00379586
1.30813 0.00350663
1.33378 0.00321155
1.35943 0.00302137
1.38508 0.00284429
1.41073 0.00269377
1.43638 0.00258841
1.46203 0.00249658
1.48768 0.00242758
1.51333 0.00234379
1.53898 0.00234048
1.56463 0.00234654
1.59028 0.00230588
1.61593 0.00236224
1.64158 0.00239666
1.66723 0.00243481
1.69288 0.00253203
1.71853 0.00267081
1.74418 0.00281326
1.76983 0.00294934
1.79547 0.00313478
1.82112 0.00328625
1.84677 0.00352683
1.87242 0.00367706
1.89807 0.00391968
1.92372 0.00407072
1.94937 0.00419874
1.97502 0.00446401
2.00067 0.00452136
2.02632 0.00463445
2.05197 0.00477637
2.07762 0.00480012
2.10327 0.00491776
2.12892 0.00487513
2.15457 0.00479956
2.18022 0.00472759
2.20587 0.00463334
2.23152 0.0045538
2.25717 0.00448902
2.28282 0.00435007
2.30847 0.00424739
2.33412 0.00412008
2.35977 0.0040725
2.38542 0.0039785
2.41107 0.0039359
2.43672 0.00389195
2.46237 0.00387421
2.48802 0.00382935
2.51366 0.00378473
2.53931 0.00382427
0.0256496 0
0.0512993 0
0.0769489 0
0.102599 0
0.128248 0
0.153898 0
0.179547 0
0.205197 0
0.230847 0
0.256496 0
0.282146 0
0.307796 0
0.333445 0
0.359095 0
0.384745 0
0.410394 0
0.436044 0
0.461694 0
0.487343 0
0.512993 0
0.538642 0
0.564292 0
0.589942 0
0.615591 0
0.641241 0
0.666891 0
0.69254 0
0.71819 0
0.74384 0
0.769489 0
0.795139 0
0.820788 0
0.846438 0
0.872088 0
0.897737 3.81214e-06
0.923387 7.41199e-05
0.949037 0.000433068
0.974686 0.0014567
1.00034 0.00320151
1.02599 0.00491576
1.05164 0.00629072
1.07728 0.00716969
1.10293 0.00714778
1.12858 0.00684711
1.15423 0.00641587
1.17988 0.00579905
1.20553 0.00518364
1.23118 0.00463509
1.25683 0.0042508
1.28248 0.00387129
1.30813 0.00354336
1.33378 0.00327361
1.35943 0.00301541
1.38508 0.00283886
1.41073 0.00268608
1.43638 0.00251815
1.46203 0.00249133
1.48768 0.00238877
1.51333 0.00240886
1.53898 0.00235709
1.56463 0.00232796
1.59028 0.00236994
1.61593 0.00237817
1.64158 0.00245129
1.66723 0.00251668
1.69288 0.00259854
1.71853 0.00269722
1.74418 0.00282358
1.76983 0.00293223
1.79547 0.00309812
1.82112 0.00333766
1.84677 0.00354437
1.87242 0.00363003
1.89807 0.00386489
1.92372 0.00399492
1.94937 0.00417866
1.97502 0.00439153
2.00067 0.00454409
2.02632 0.00467477
2.05197 0.0047637
2.07762 0.00481433
2.10327 0.00484521
2.12892 0.00482788
2.15457 0.0048015
2.18022 0.00475941
2.20587 0.00468395
2.23152 0.00457964
2.25717 0.00445636
2.28282 0.00433396
2.30847 0.00427752
2.33412 0.00418588
2.35977 0.00400186
2.38542 0.00395543
2.41107 0.00396927
2.43672 0.00387337
2.46237 0.00382987
2.48802 0.00381037
2.51366 0.00379645
2.53931 0.0037813
0.0256496 0
0.0512993 0
0.0769489 0
0.102599 0
0.128248 0
0.153898 0
0.179547 0
0.205197 0
0.230847 0
0.256496 0
0.282146 0
0.307796 0
0.333445 0
0.359095 0
0.384745 0
0.410394 0
0.436044 0
0.461694 0
0.487343 0
0.512993 0
0.538642 0
0.564292 0
0.589942 0
0.615591 0
0.641241 0
0.666891 0
0.69254 0
0.71819 0
0.74384 0
0.769489 0
0.795139 0
0.820788 0
0.846438 0
0.872088 0
0.897737 2.46668e-06
0.923387 6.18026e-05
0.949037 0.000450782
0.974686 0.00146957
1.00034 0.00319724
1.02599 0.00511968
1.05164 0.00646306
1.07728 0.00715984
1.10293 0.00723117
1.12858 0.00688075
1.15423 0.00636376
1.17988 0.00569765
1.20553 0.00515596
1.23118 0.00466884
1.25683 0.0041895
1.28248 0.00382427
1.30813 0.00350368
1.33378 0.00323045
1.35943 0.00295198
1.38508 0.00275403
1.41073 0.00263198
1.43638 0.00253852
1.46203 0.00242446
1.48768 0.00242803
1.51333 0.00236645
1.53898 0.00235064
1.56463 0.00237543
1.59028 0.00236883
1.61593 0.00241926
1.64158 0.00248124
1.66723 0.00251762
1.69288 0.00265049
1.71853 0.00271871
1.74418 0.00283496
1.76983 0.00298451
1.79547 0.00317428
1.82112 0.00331334
1.84677 0.00351769
1.87242 0.00366648
1.89807 0.00385484
1.92372 0.00403248
1.94937 0.00421015
1.97502 0.00438094
2.00067 0.00457077
2.02632 0.00467477
2.05197 0.00478803
2.07762 0.00479128
2.10327 0.00483557
2.12892 0.0047577
2.15457 0.00476193
2.18022 0.00468632
2.20587 0.00463575
2.23152 0.00454393
2.25717 0.00440635
2.28282 0.00434649
2.30847 0.00421308
2.33412 0.00413748
2.35977 0.00408365
2.38542 0.00394786
2.41107 0.00394297
2.43672 0.00388792
2.46237 0.00386629
2.48802 0.00382511
2.51366 0.00382444
2.53931 0.00384598
0.0256496 0
0.0512993 0
0.0769489 0
0.102599 0
0.128248 0
0.153898 0
0.179547 0
0.205197 0
0.230847 0
0.256496 0
0.282146 0
0.307796 0
0.333445 0
0.359095 0
0.384745 0
0.410394 0
0.436044 0
0.461694 0
0.487343 0
0.512993 0
0.538642 0
0.564292 0
0.589942 0
0.615591 0
0.641241 0
0.666891 0
0.69254 0
0.71819 0
0.74384 0
0.769489 0
0.795139 0
0.820788 0
0.846438 0
0.872088 0
0.897737 2.46668e-06
0.923387 5.83451e-05
0.949037 0.00044578
0.974686 0.00141023
1.00034 0.00311079
1.02599 0.00495444
1.05164 0.00637498
1.07728 0.00708515
1.10293 0.00723423
1.12858 0.00696567
1.15423 0.0063369
1.17988 0.0058451
1.20553 0.00526053
1.23118 0.00465204
1.25683 0.0042735
1.28248 0.00386922
1.30813 0.00348934
1.33378 0.00321611
1.35943 0.00300564
1.38508 0.00283441
1.41073 0.00267514
1.43638 0.00254461
1.46203 0.00243439
1.48768 0.00240701
1.51333 0.00236927
1.53898 0.00230547
1.56463 0.00229019
1.59028 0.00227607
1.61593 0.00235663
1.64158 0.00241605
1.66723 0.00247748
1.69288 0.00260752
1.71853 0.00277181
1.74418 0.00290463
1.76983 0.00301934
1.79547 0.00318039
1.82112 0.00333635
1.84677 0.00356431
1.87242 0.00372394
1.89807 0.00389075
1.92372 0.00406741
1.94937 0.00422633
1.97502 0.00434088
2.00067 0.0045148
2.02632 0.0045682
2.05197 0.00468047
2.07762 0.00477746
2.10327 0.00478315
2.12892 0.00485042
2.15457 0.00478929
2.18022 0.00472096
2.20587 0.00464232
2.23152 0.00457928
2.25717 0.00440617
2.28282 0.00435161
2.30847 0.00423884
2.33412 0.00417013
2.35977 0.00411108
2.38542 0.00405089
2.41107 0.00395378
2.43672 0.00390139
2.46237 0.0038862
2.48802 0.0038291
2.51366 0.0037993
2.53931 0.00381318
