0.0256496 0
0.0512993 0
0.0769489 0
0.102599 0
0.128248 0
0.153898 0
0.179547 0
0.205197 0
0.230847 0
0.256496 0
0.282146 0
0.307796 0
0.333445 0
0.359095 0
0.384745 0
0.410394 0
0.436044 0
0.461694 0
0.487343 0
0.512993 0
0.538642 0
0.564292 0
0.589942 0
0.615591 0
0.641241 0
0.666891 0
0.69254 0
0.71819 0
0.74384 0
0.769489 0
0.795139 0
0.820788 0
0.846438 0
0.872088 0
0.897737 2.69092e-06
0.923387 6.80693e-05
0.949037 0.000419521
0.974686 0.00145871
1.00034 0.00315916
1.02599 0.00487088
1.05164 0.00627964
1.07728 0.007121
1.10293 0.00719356
1.12858 0.00702338
1.15423 0.00649963
1.17988 0.00579316
1.20553 0.00527949
1.23118 0.00466007
1.25683 0.00429748
1.28248 0.00391086
1.30813 0.00348264
1.33378 0.00326605
1.35943 0.00300437
1.38508 0.00281836
1.41073 0.00261094
1.43638 0.00249988
1.46203 0.00241283
1.48768 0.00234261
1.51333 0.0022977
1.53898 0.00235571
1.56463 0.00233157
1.59028 0.00230699
1.61593 0.00241543
1.64158 0.00249507
1.66723 0.0025736
1.69288 0.00267633
1.71853 0.00277995
1.74418 0.00286463
1.76983 0.00307454
1.79547 0.00320508
1.82112 0.00338702
1.84677 0.00351946
1.87242 0.00367792
1.89807 0.00380098
1.92372 0.00399777
1.94937 0.00418374
1.97502 0.00435032
2.00067 0.00447203
2.02632 0.00458853
2.05197 0.00475347
2.07762 0.00478112
2.10327 0.00483765
2.12892 0.0048586
2.15457 0.0048315
2.18022 0.004822
2.20587 0.00467949
2.23152 0.00452465
2.25717 0.00443002
2.28282 0.00431762
2.30847 0.0042503
2.33412 0.004131
2.35977 0.00403683
2.38542 0.00395257
2.41107 0.00394063
2.43672 0.00386305
2.46237 0.00382807
2.48802 0.0038392
2.51366 0.00385345
2.53931 0.00385035
0.0256496 0
0.0512993 0
0.0769489 0
0.102599 0
0.128248 0
0.153898 0
0.179547 0
0.205197 0
0.230847 0
0.256496 0
0.282146 0
0.307796 0
0.333445 0
0.359095 0
0.384745 0
0.410394 0
0.436044 0
0.461694 0
0.487343 0
0.512993 0
0.538642 0
0.564292 0
0.589942 0
0.615591 0
0.641241 0
0.666891 0
0.69254 0
0.71819 0
0.74384 0
0.769489 0
0.795139 0
0.820788 0
0.846438 0
0.872088 0
0.897737 2.46668e-06
0.923387 6.85015e-05
0.949037 0.000419313
0.974686 0.00149873
1.00034 0.00325358
1.02599 0.00507236
1.05164 0.00641694
1.07728 0.00707654
1.10293 0.00722351
1.12858 0.00695165
1.15423 0.00642674
1.17988 0.00586262
1.20553 0.00516589
1.23118 0.0046573
1.25683 0.00419078
1.28248 0.00377711
1.30813 0.00345824
1.33378 0.00314023
1.35943 0.00293778
1.38508 0.00276922
1.41073 0.0026006
1.43638 0.00250433
1.46203 0.00246429
1.48768 0.00239055
1.51333 0.00233934
1.53898 0.00230579
1.56463 0.00231929
1.59028 0.00229621
1.61593 0.00236656
1.64158 0.00243564
1.66723 0.00250927
1.69288 0.00262227
1.71853 0.00275435
1.74418 0.00288441
1.76983 0.00301002
1.79547 0.00322575
1.82112 0.00341019
1.84677 0.00361269
1.87242 0.00381009
1.89807 0.00394001
1.92372 0.00410895
1.94937 0.00428187
1.97502 0.00443937
2.00067 0.00454479
2.02632 0.00464123
2.05197 0.00481012
2.07762 0.00483831
2.10327 0.00484592
2.12892 0.00487935
2.15457 0.00478603
2.18022 0.00466292
2.20587 0.00458327
2.23152 0.00441445
2.25717 0.00434688
2.28282 0.00426905
2.30847 0.00410738
2.33412 0.0040178
2.35977 0.00396533
2.38542 0.00389897
2.41107 0.00387718
2.43672 0.00387546
2.46237 0.00386368
2.48802 0.00384526
2.51366 0.00386546
2.53931 0.00386292
0.0256496 0
0.0512993 0
0.0769489 0
0.102599 0
0.128248 0
0.153898 0
0.179547 0
0.205197 0
0.230847 0
0.256496 0
0.282146 0
0.307796 0
0.333445 0
0.359095 0
0.384745 0
0.410394 0
0.436044 0
0.461694 0
0.487343 0
0.512993 0
0.538642 0
0.564292 0
0.589942 0
0.615591 0
0.641241 0
0.666891 0
0.69254 0
0.71819 0
0.74384 0
0.769489 0
0.795139 0
0.820788 0
0.846438 0
0.872088 0
0.897737 3.13941e-06
0.923387 5.72646e-05
0.949037 0.000426607
0.974686 0.00146937
1.00034 0.00321842
1.02599 0.00492139
1.05164 0.00633376
1.07728 0.00712118
1.10293 0.00718216
1.12858 0.00688306
1.15423 0.00639189
1.17988 0.00577362
1.20553 0.00522532
1.23118 0.00465525
1.25683 0.00427776
1.28248 0.00383847
1.30813 0.00353693
1.33378 0.00323541
1.35943 0.00299765
1.38508 0.00279404
1.41073 0.00267766
1.43638 0.00254836
1.46203 0.00247889
1.48768 0.00238954
1.51333 0.00232481
1.53898 0.00231922
1.56463 0.00232125
1.59028 0.00237477
1.61593 0.00238003
1.64158 0.00245397
1.66723 0.00253572
1.69288 0.00257866
1.71853 0.00273957
1.74418 0.00291942
1.76983 0.00298931
1.79547 0.00317612
1.82112 0.00335207
1.84677 0.00354981
1.87242 0.00369407
1.89807 0.00389044
1.92372 0.00402715
1.94937 0.00425178
1.97502 0.00437359
2.00067 0.00450386
2.02632 0.00463079
2.05197 0.0047372
2.07762 0.00480051
2.10327 0.00480906
2.12892 0.00479998
2.15457 0.00483212
2.18022 0.00470272
2.20587 0.00463876
2.23152 0.00445294
2.25717 0.00434346
2.28282 0.00429467
2.30847 0.00421229
2.33412 0.00407942
2.35977 0.00401905
2.38542 0.00403787
2.41107 0.00391891
2.43672 0.00391809
2.46237 0.00388529
2.48802 0.00388828
2.51366 0.00385146
2.53931 0.00394397
0.0256496 0
0.0512993 0
0.0769489 0
0.102599 0
0.128248 0
0.153898 0
0.179547 0
0.205197 0
0.230847 0
0.256496 0
0.282146 0
0.307796 0
0.333445 0
0.359095 0
0.384745 0
0.410394 0
0.436044 0
0.461694 0
0.487343 0
0.512993 0
0.538642 0
0.564292 0
0.589942 0
0.615591 0
0.641241 0
0.666891 0
0.69254 0
0.71819 0
0.74384 0
0.769489 0
0.795139 0
0.820788 0
0.846438 0
0.872088 2.32898e-07
0.897737 3.36365e-06
0.923387 6.87175e-05
0.949037 0.000408892
0.974686 0.00149552
1.00034 0.00322619
1.02599 0.00501885
1.05164 0.00641784
1.07728 0.0070862
1.10293 0.00723253
1.12858 0.00697474
1.15423 0.00637095
1.17988 0.00593813
1.20553 0.00518966
1.23118 0.00471047
1.25683 0.00419801
1.28248 0.00376112
1.30813 0.00341012
1.33378 0.00315562
1.35943 0.00292433
1.38508 0.00277836
1.41073 0.0026012
1.43638 0.00248758
1.46203 0.00240027
1.48768 0.00236018
1.51333 0.0023183
1.53898 0.00230896
1.56463 0.00232033
1.59028 0.00235674
1.61593 0.00239636
1.64158 0.00243746
1.66723 0.00253253
1.69288 0.00260294
1.71853 0.00273447
1.74418 0.00287636
1.76983 0.00305503
1.79547 0.00319638
1.82112 0.00337335
1.84677 0.0035704
1.87242 0.00374024
1.89807 0.00388062
1.92372 0.00412608
1.94937 0.00429445
1.97502 0.00444787
2.00067 0.00458608
2.02632 0.00471903
2.05197 0.00476465
2.07762 0.00488016
2.10327 0.00489828
2.12892 0.00487609
2.15457 0.00483882
2.18022 0.00471543
2.20587 0.00465208
2.23152 0.00436976
2.25717 0.00431004
2.28282 0.00421962
2.30847 0.00415875
2.33412 0.00405336
2.35977 0.00392287
2.38542 0.00388585
2.41107 0.00387333
2.43672 0.0038045
2.46237 0.00381377
2.48802 0.003798
2.51366 0.00382933
2.53931 0.00387782
0.0256496 0
0.0512993 0
0.0769489 0
0.102599 0
0.128248 0
0.153898 0
0.179547 0
0.205197 0
0.230847 0
0.256496 0
0.282146 0
0.307796 0
0.333445 0
0.359095 0
0.384745 0
0.410394 0
0.436044 0
0.461694 0
0.487343 0
0.512993 0
0.538642 0
0.564292 0
0.589942 0
0.615591 0
0.641241 0
0.666891 0
0.69254 0
0.71819 0
0.74384 0
0.769489 0
0.795139 0
0.820788 0
0.846438 0
0.872088 0
0.897737 4.26062e-06
0.923387 6.67727e-05
0.949037 0.000416187
0.974686 0.00146695
1.00034 0.00323784
1.02599 0.00508081
1.05164 0.00638752
1.07728 0.00715809
1.10293 0.00718913
1.12858 0.00690845
1.15423 0.00629294
1.17988 0.00581765
1.20553 0.00513023
1.23118 0.00469353
1.25683 0.00420057
1.28248 0.00382799
1.30813 0.00345596
1.33378 0.00323671
1.35943 0.00295427
1.38508 0.00284343
1.41073 0.00268836
1.43638 0.00257108
1.46203 0.00244729
1.48768 0.00241746
1.51333 0.00234205
1.53898 0.00232525
1.56463 0.00233436
1.59028 0.00233368
1.61593 0.00238888
1.64158 0.00245618
1.66723 0.00252596
1.69288 0.00259616
1.71853 0.00273214
1.74418 0.00284975
1.76983 0.00304322
1.79547 0.00314022
1.82112 0.00332243
1.84677 0.00349783
1.87242 0.00363904
1.89807 0.00385991
1.92372 0.00406944
1.94937 0.00421868
1.97502 0.0043532
2.00067 0.00461234
2.02632 0.00470043
2.05197 0.0047902
2.07762 0.0047954
2.10327 0.00484768
2.12892 0.00486032
2.15457 0.00483469
2.18022 0.004783
2.20587 0.00464292
2.23152 0.00443917
2.25717 0.0043872
2.28282 0.00424781
2.30847 0.00422375
2.33412 0.0041011
2.35977 0.00401776
2.38542 0.00398115
2.41107 0.00392213
2.43672 0.00389532
2.46237 0.00388885
2.48802 0.00385561
2.51366 0.0038578
2.53931 0.00382589
0.0256496 0
0.0512993 0
0.0769489 0
0.102599 0
0.128248 0
0.153898 0
0.179547 0
0.205197 0
0.230847 0
0.256496 0
0.282146 0
0.307796 0
0.333445 0
0.359095 0
0.384745 0
0.410394 0
0.436044 0
0.461694 0
0.487343 0
0.512993 0
0.538642 0
0.564292 0
0.589942 0
0.615591 0
0.641241 0
0.666891 0
0.69254 0
0.71819 0
0.74384 0
0.769489 0
0.795139 0
0.820788 0
0.846438 0
0.872088 6.98695e-07
0.897737 5.38184e-06
0.923387 6.2883e-05
0.949037 0.000449115
0.974686 0.00148868
1.00034 0.003212
1.02599 0.00508194
1.05164 0.00638752
1.07728 0.00719236
1.10293 0.00720836
1.12858 0.00690383
1.15423 0.00630845
1.17988 0.00578556
1.20553 0.00521735
1.23118 0.00465774
1.25683 0.00414438
1.28248 0.00380648
1.30813 0.00353076
1.33378 0.00321546
1.35943 0.00303913
1.38508 0.00282688
1.41073 0.0026654
1.43638 0.00251428
1.46203 0.00242834
1.48768 0.00232882
1.51333 0.00232568
1.53898 0.00229997
1.56463 0.0023066
1.59028 0.00236772
1.61593 0.00243136
1.64158 0.00248508
1.66723 0.00254078
1.69288 0.00261082
1.71853 0.00277378
1.74418 0.00289351
1.76983 0.00300129
1.79547 0.00314742
1.82112 0.0033334
1.84677 0.00351065
1.87242 0.00371955
1.89807 0.00391569
1.92372 0.00397328
1.94937 0.00415269
1.97502 0.00437697
2.00067 0.00451797
2.02632 0.00468307
2.05197 0.00477732
2.07762 0.0048882
2.10327 0.0049554
2.12892 0.00490087
2.15457 0.00489343
2.18022 0.00481082
2.20587 0.00464882
2.23152 0.00443036
2.25717 0.00437235
2.28282 0.00425436
2.30847 0.0041559
2.33412 0.00407706
2.35977 0.00398559
2.38542 0.00392289
2.41107 0.00389412
2.43672 0.0038651
2.46237 0.0038067
2.48802 0.00381323
2.51366 0.00381277
2.53931 0.00379376
0.0256496 0
0.0512993 0
0.0769489 0
0.102599 0
0.128248 0
0.153898 0
0.179547 0
0.205197 0
0.230847 0
0.256496 0
0.282146 0
0.307796 0
0.333445 0
0.359095 0
0.384745 0
0.410394 0
0.436044 0
0.461694 0
0.487343 0
0.512993 0
0.538642 0
0.564292 0
0.589942 0
0.615591 0
0.641241 0
0.666891 0
0.69254 0
0.71819 0
0.74384 0
0.769489 0
0.795139 0
0.820788 0
0.846438 0
0.872088 0
0.897737 3.36365e-06
0.923387 5.70485e-05
0.949037 0.000415353
0.974686 0.00142331
1.00034 0.00311389
1.02599 0.00493172
1.05164 0.00630688
1.07728 0.00705896
1.10293 0.00725006
1.12858 0.00705109
1.15423 0.00643553
1.17988 0.00593022
1.20553 0.00526549
1.23118 0.0046833
1.25683 0.00421816
1.28248 0.00387639
1.30813 0.00350274
1.33378 0.00326031
1.35943 0.00301148
1.38508 0.00283194
1.41073 0.00265831
1.43638 0.00250187
1.46203 0.00239788
1.48768 0.00235429
1.51333 0.00230301
1.53898 0.00237507
1.56463 0.00229164
1.59028 0.00230276
1.61593 0.0023643
1.64158 0.00243631
1.66723 0.00250168
1.69288 0.00257207
1.71853 0.00268988
1.74418 0.00283697
1.76983 0.002949
1.79547 0.00316014
1.82112 0.00335116
1.84677 0.00349238
1.87242 0.00372409
1.89807 0.00394392
1.92372 0.00403105
1.94937 0.00417925
1.97502 0.00439801
2.00067 0.00453329
2.02632 0.00469074
2.05197 0.00475204
2.07762 0.00484356
2.10327 0.00488832
2.12892 0.00488982
2.15457 0.00488504
2.18022 0.00478852
2.20587 0.00469793
2.23152 0.00447115
2.25717 0.00441441
2.28282 0.00431927
2.30847 0.00423208
2.33412 0.00413616
2.35977 0.00399567
2.38542 0.00394638
2.41107 0.00388123
2.43672 0.00384922
2.46237 0.00385214
2.48802 0.00383437
2.51366 0.003827
2.53931 0.00380276
0.0256496 0
0.0512993 0
0.0769489 0
0.102599 0
0.128248 0
0.153898 0
0.179547 0
0.205197 0
0.230847 0
0.256496 0
0.282146 0
0.307796 0
0.333445 0
0.359095 0
0.384745 0
0.410394 0
0.436044 0
0.461694 0
0.487343 0
0.512993 0
0.538642 0
0.564292 0
0.589942 0
0.615591 0
0.641241 0
0.666891 0
0.69254 0
0.71819 0
0.74384 0
0.769489 0
0.795139 0
0.820788 0
0.846438 0
0.872088 0
0.897737 1.34546e-06
0.923387 4.55956e-05
0.949037 0.00043932
0.974686 0.00150658
1.00034 0.00321958
1.02599 0.00507349
1.05164 0.00640077
1.07728 0.00718287
1.10293 0.00716054
1.12858 0.00680028
1.15423 0.00632747
1.17988 0.0057713
1.20553 0.0051212
1.23118 0.00462341
1.25683 0.00415658
1.28248 0.00387832
1.30813 0.00354524
1.33378 0.00318313
1.35943 0.00302822
1.38508 0.00280688
1.41073 0.00270063
1.43638 0.00252189
1.46203 0.00247193
1.48768 0.00237008
1.51333 0.00232155
1.53898 0.00233636
1.56463 0.00232518
1.59028 0.00237497
1.61593 0.00238711
1.64158 0.0024268
1.66723 0.00252718
1.69288 0.0026242
1.71853 0.00274217
1.74418 0.00290542
1.76983 0.00300925
1.79547 0.00317001
1.82112 0.00332816
1.84677 0.00350616
1.87242 0.00372143
1.89807 0.00391623
1.92372 0.00405284
1.94937 0.00422096
1.97502 0.00442798
2.00067 0.00457402
2.02632 0.0047283
2.05197 0.0047637
2.07762 0.0048688
2.10327 0.00488617
2.12892 0.004816
2.15457 0.00477395
2.18022 0.00472956
2.20587 0.00463376
2.23152 0.00438099
2.25717 0.00432135
2.28282 0.00421957
2.30847 0.00419536
2.33412 0.00408036
2.35977 0.0040031
2.38542 0.00397205
2.41107 0.00392156
2.43672 0.0038823
2.46237 0.00385229
2.48802 0.00383841
2.51366 0.00382831
2.53931 0.00382851
0.0256496 0
0.0512993 0
0.0769489 0
0.102599 0
0.128248 0
0.153898 0
0.179547 0
0.205197 0
0.230847 0
0.256496 0
0.282146 0
0.307796 0
0.333445 0
0.359095 0
0.384745 0
0.410394 0
0.436044 0
0.461694 0
0.487343 0
0.512993 0
0.538642 0
0.564292 0
0.589942 0
0.615591 0
0.641241 0
0.666891 0
0.69254 0
0.71819 0
0.74384 0
0.769489 0
0.795139 0
0.820788 0
0.846438 0
0.872088 0
0.897737 2.69092e-06
0.923387 5.76968e-05
0.949037 0.00041973
0.974686 0.00146675
1.00034 0.00316499
1.02599 0.00505584
1.05164 0.00637517
1.07728 0.00716283
1.10293 0.00732392
1.12858 0.00694737
1.15423 0.0064002
1.17988 0.0057899
1.20553 0.0052336
1.23118 0.00470594
1.25683 0.00416538
1.28248 0.00376815
1.30813 0.00349041
1.33378 0.0031581
1.35943 0.00296162
1.38508 0.00277651
1.41073 0.00264424
1.43638 0.00256206
1.46203 0.00248814
1.48768 0.00242414
1.51333 0.00238814
1.53898 0.00231298
1.56463 0.00224561
1.59028 0.00233237
1.61593 0.00233805
1.64158 0.00244332
1.66723 0.00249914
1.69288 0.00263941
1.71853 0.00276464
1.74418 0.00282577
1.76983 0.00297639
1.79547 0.00314465
1.82112 0.00335419
1.84677 0.00346955
1.87242 0.00367495
1.89807 0.0038916
1.92372 0.00404345
1.94937 0.00425737
1.97502 0.00441149
2.00067 0.0045256
2.02632 0.00467926
2.05197 0.00477752
2.07762 0.00482104
2.10327 0.00490779
2.12892 0.00486255
2.15457 0.00486519
2.18022 0.00481432
2.20587 0.00470896
2.23152 0.00450804
2.25717 0.00433951
2.28282 0.00430201
2.30847 0.0041958
2.33412 0.00410291
2.35977 0.00402568
2.38542 0.00393543
2.41107 0.00390841
2.43672 0.00384565
2.46237 0.00383148
2.48802 0.00378125
2.51366 0.00380763
2.53931 0.00380662
0.0256496 0
0.0512993 0
0.0769489 0
0.102599 0
0.128248 0
0.153898 0
0.179547 0
0.205197 0
0.230847 0
0.256496 0
0.282146 0
0.307796 0
0.333445 0
0.359095 0
0.384745 0
0.410394 0
0.436044 0
0.461694 0
0.487343 0
0.512993 0
0.538642 0
0.564292 0
0.589942 0
0.615591 0
0.641241 0
0.666891 0
0.69254 0
0.71819 0
0.74384 0
0.769489 0
0.795139 0
0.820788 0
0.846438 0
0.872088 0
0.897737 3.58789e-06
0.923387 5.38071e-05
0.949037 0.000389302
0.974686 0.00148365
1.00034 0.00316926
1.02599 0.00501434
1.05164 0.00649121
1.07728 0.00712311
1.10293 0.00714608
1.12858 0.00690911
1.15423 0.0064659
1.17988 0.00581393
1.20553 0.00524142
1.23118 0.0046348
1.25683 0.00421192
1.28248 0.00377504
1.30813 0.00346534
1.33378 0.00319943
1.35943 0.00299486
1.38508 0.00285158
1.41073 0.00265302
1.43638 0.00254567
1.46203 0.00243211
1.48768 0.00241479
1.51333 0.00238445
1.53898 0.00232557
1.56463 0.00234633
1.59028 0.00234919
1.61593 0.00239881
1.64158 0.00242229
1.66723 0.00248489
1.69288 0.00259094
1.71853 0.00273868
1.74418 0.0028073
1.76983 0.00299051
1.79547 0.003166
1.82112 0.00335035
1.84677 0.00352442
1.87242 0.00376501
1.89807 0.00385837
1.92372 0.00410662
1.94937 0.00421463
1.97502 0.00442561
2.00067 0.00449412
2.02632 0.00468404
2.05197 0.0047208
2.07762 0.00480589
2.10327 0.00477592
2.12892 0.00482858
2.15457 0.00482618
2.18022 0.00469301
2.20587 0.00460243
2.23152 0.00444721
2.25717 0.00437624
2.28282 0.004281
2.30847 0.00422252
2.33412 0.00412173
2.35977 0.00403532
2.38542 0.00399009
2.41107 0.00395737
2.43672 0.00391354
2.46237 0.00387707
2.48802 0.00389104
2.51366 0.00389335
2.53931 0.00390671
