0.0230664 0
0.0461329 0
0.0691993 0
0.0922657 0
0.115332 0
0.138399 0
0.161465 0
0.184531 0
0.207598 0
0.230664 0
0.253731 0
0.276797 0
0.299864 0
0.32293 0
0.345996 0
0.369063 0
0.392129 0
0.415196 0
0.438262 0
0.461329 0
0.484395 0
0.507461 0
0.530528 0
0.553594 0
0.576661 0
0.599727 0
0.622794 0
0.64586 0
0.668926 0
0.691993 0
0.715059 0
0.738126 0
0.761192 0
0.784259 0
0.807325 0
0.830391 0
0.853458 0
0.876524 0
0.899591 6.21691e-06
0.922657 0.000147028
0.945724 0.000907858
0.96879 0.00297182
0.991856 0.00668673
1.01492 0.0109034
1.03799 0.01057
1.06106 0.0135022
1.08412 0.0145075
1.10719 0.0134172
1.13026 0.0111171
1.15332 0.00836872
1.17639 0.00572182
1.19945 0.00359446
1.22252 0.00213493
1.24559 0.00117891
1.26865 0.000633468
1.29172 0.00031853
1.31479 0.000183829
1.33785 0.000164723
1.36092 0.000236634
1.38399 0.00036926
1.40705 0.000652527
1.43012 0.00106215
1.45319 0.00162484
1.47625 0.00220579
1.49932 0.0028449
1.52238 0.00326252
1.54545 0.00346402
1.56852 0.00332885
1.59158 0.00294849
1.61465 0.00238626
1.63772 0.00176445
1.66078 0.00123889
1.68385 0.000854106
1.70692 0.000772503
1.72998 0.00102532
1.75305 0.00173723
1.77612 0.00295249
1.79918 0.00469478
1.82225 0.00675493
1.84531 0.00871182
1.86838 0.0102072
1.89145 0.0106821
1.91451 0.0100194
1.93758 0.0086196
1.96065 0.00678056
1.98371 0.00483796
2.00678 0.00328508
2.02985 0.00232834
2.05291 0.00181292
2.07598 0.00193056
2.09905 0.00246087
2.12211 0.00315567
2.14518 0.00379939
2.16824 0.0042207
2.19131 0.004276
2.21438 0.00386112
2.23744 0.00330659
2.26051 0.00277605
2.28358 0.00245926
2.30664 0.00246442
0.0230664 0
0.0461329 0
0.0691993 0
0.0922657 0
0.115332 0
0.138399 0
0.161465 0
0.184531 0
0.207598 0
0.230664 0
0.253731 0
0.276797 0
0.299864 0
0.32293 0
0.345996 0
0.369063 0
0.392129 0
0.415196 0
0.438262 0
0.461329 0
0.484395 0
0.507461 0
0.530528 0
0.553594 0
0.576661 0
0.599727 0
0.622794 0
0.64586 0
0.668926 0
0.691993 0
0.715059 0
0.738126 0
0.761192 0
0.784259 0
0.807325 0
0.830391 0
0.853458 0
0.876524 0
0.899591 1.10739e-05
0.922657 0.000136325
0.945724 0.000808337
0.96879 0.00283982
0.991856 0.00655722
1.01492 0.0109039
1.03799 0.0105705
1.06106 0.0135021
1.08412 0.0146786
1.10719 0.0137477
1.13026 0.0111869
1.15332 0.00832859
1.17639 0.005743
1.19945 0.00361193
1.22252 0.00202723
1.24559 0.00111322
1.26865 0.000563257
1.29172 0.000261148
1.31479 0.00015998
1.33785 0.000144147
1.36092 0.000204859
1.38399 0.000355298
1.40705 0.000638492
1.43012 0.000992551
1.45319 0.00161127
1.47625 0.00219677
1.49932 0.00286994
1.52238 0.00333893
1.54545 0.003572
1.56852 0.00340509
1.59158 0.00299658
1.61465 0.00237487
1.63772 0.00171426
1.66078 0.00117104
1.68385 0.000815853
1.70692 0.000699841
1.72998 0.000949225
1.75305 0.00163159
1.77612 0.00286013
1.79918 0.00459547
1.82225 0.00677699
1.84531 0.00880609
1.86838 0.0103581
1.89145 0.01084
1.91451 0.010217
1.93758 0.00875956
1.96065 0.00676287
1.98371 0.00478753
2.00678 0.00319989
2.02985 0.00217553
2.05291 0.00175109
2.07598 0.00184649
2.09905 0.00240418
2.12211 0.0031623
2.14518 0.00382468
2.16824 0.00426212
2.19131 0.00431229
2.21438 0.00386267
2.23744 0.00327377
2.26051 0.00273988
2.28358 0.00237535
2.30664 0.00241619
0.0230664 0
0.0461329 0
0.0691993 0
0.0922657 0
0.115332 0
0.138399 0
0.161465 0
0.184531 0
0.207598 0
0.230664 0
0.253731 0
0.276797 0
0.299864 0
0.32293 0
0.345996 0
0.369063 0
0.392129 0
0.415196 0
0.438262 0
0.461329 0
0.484395 0
0.507461 0
0.530528 0
0.553594 0
0.576661 0
0.599727 0
0.622794 0
0.64586 0
0.668926 0
0.691993 0
0.715059 0
0.738126 0
0.761192 0
0.784259 0
0.807325 0
0.830391 0
0.853458 0
0.876524 0
0.899591 9.9082e-06
0.922657 0.000141958
0.945724 0.000830312
0.96879 0.00294703
0.991856 0.00678613
1.01492 0.0108288
1.03799 0.0104977
1.06106 0.0135627
1.08412 0.0145334
1.10719 0.0133908
1.13026 0.0111406
1.15332 0.00837244
1.17639 0.00573643
1.19945 0.00359629
1.22252 0.00211729
1.24559 0.001161
1.26865 0.000576602
1.29172 0.000284101
1.31479 0.000171847
1.33785 0.000145037
1.36092 0.000214836
1.38399 0.000354558
1.40705 0.000648605
1.43012 0.0010564
1.45319 0.00159308
1.47625 0.00220752
1.49932 0.00283955
1.52238 0.00330815
1.54545 0.00354013
1.56852 0.00339117
1.59158 0.00297724
1.61465 0.00238944
1.63772 0.00172605
1.66078 0.00118482
1.68385 0.000852774
1.70692 0.000750942
1.72998 0.000989039
1.75305 0.00168831
1.77612 0.00287814
1.79918 0.00464777
1.82225 0.00667429
1.84531 0.00869481
1.86838 0.0102514
1.89145 0.0108174
1.91451 0.0102064
1.93758 0.00873451
1.96065 0.00680685
1.98371 0.00480995
2.00678 0.00324517
2.02985 0.00220947
2.05291 0.00176344
2.07598 0.00191798
2.09905 0.00240918
2.12211 0.00313967
2.14518 0.00379733
2.16824 0.00422106
2.19131 0.00430693
2.21438 0.00381503
2.23744 0.00326396
2.26051 0.00274855
2.28358 0.0024663
2.30664 0.00243079
0.0230664 0
0.0461329 0
0.0691993 0
0.0922657 0
0.115332 0
0.138399 0
0.161465 0
0.184531 0
0.207598 0
0.230664 0
0.253731 0
0.276797 0
0.299864 0
0.32293 0
0.345996 0
0.369063 0
0.392129 0
0.415196 0
0.438262 0
0.461329 0
0.484395 0
0.507461 0
0.530528 0
0.553594 0
0.576661 0
0.599727 0
0.622794 0
0.64586 0
0.668926 0
0.691993 0
0.715059 0
0.738126 0
0.761192 0
0.784259 0
0.807325 0
0.830391 0
0.853458 0
0.876524 0
0.899591 8.15969e-06
0.922657 0.000126185
0.945724 0.000817054
0.96879 0.00297586
0.991856 0.006603
1.01492 0.0108244
1.03799 0.0104934
1.06106 0.0135842
1.08412 0.0145704
1.10719 0.0135304
1.13026 0.0112307
1.15332 0.00835755
1.17639 0.00569313
1.19945 0.00356539
1.22252 0.00207594
1.24559 0.00114569
1.26865 0.000607379
1.29172 0.000306468
1.31479 0.000164545
1.33785 0.000154268
1.36092 0.000214402
1.38399 0.000386608
1.40705 0.000657274
1.43012 0.00104079
1.45319 0.00159052
1.47625 0.0022633
1.49932 0.00286131
1.52238 0.00328039
1.54545 0.00348452
1.56852 0.00335196
1.59158 0.00294293
1.61465 0.00232123
1.63772 0.00171918
1.66078 0.00121077
1.68385 0.000862023
1.70692 0.00076905
1.72998 0.00100714
1.75305 0.00172171
1.77612 0.00290105
1.79918 0.00461178
1.82225 0.00675382
1.84531 0.00877288
1.86838 0.010218
1.89145 0.0107505
1.91451 0.0101313
1.93758 0.00870576
1.96065 0.0067837
1.98371 0.00484375
2.00678 0.00323619
2.02985 0.00220465
2.05291 0.00178428
2.07598 0.00194257
2.09905 0.00242805
2.12211 0.00314021
2.14518 0.00381558
2.16824 0.0042208
2.19131 0.0042662
2.21438 0.00387602
2.23744 0.00330772
2.26051 0.00274496
2.28358 0.00245921
2.30664 0.00246447
0.0230664 0
0.0461329 0
0.0691993 0
0.0922657 0
0.115332 0
0.138399 0
0.161465 0
0.184531 0
0.207598 0
0.230664 0
0.253731 0
0.276797 0
0.299864 0
0.32293 0
0.345996 0
0.369063 0
0.392129 0
0.415196 0
0.438262 0
0.461329 0
0.484395 0
0.507461 0
0.530528 0
0.553594 0
0.576661 0
0.599727 0
0.622794 0
0.64586 0
0.668926 0
0.691993 0
0.715059 0
0.738126 0
0.761192 0
0.784259 0
0.807325 0
0.830391 0
0.853458 0
0.876524 6.03436e-07
0.899591 1.16567e-05
0.922657 0.000138766
0.945724 0.000830675
0.96879 0.00289202
0.991856 0.00656403
1.01492 0.010826
1.03799 0.010495
1.06106 0.0134205
1.08412 0.0147001
1.10719 0.013693
1.13026 0.0113322
1.15332 0.00840567
1.17639 0.00568911
1.19945 0.00354831
1.22252 0.00203624
1.24559 0.00111668
1.26865 0.000551114
1.29172 0.000273093
1.31479 0.000156557
1.33785 0.000129688
1.36092 0.000191628
1.38399 0.000377722
1.40705 0.000632816
1.43012 0.00104512
1.45319 0.0015921
1.47625 0.00223498
1.49932 0.00285456
1.52238 0.00331502
1.54545 0.00356403
1.56852 0.00341804
1.59158 0.00297476
1.61465 0.00238416
1.63772 0.00170288
1.66078 0.00117433
1.68385 0.000804566
1.70692 0.000721785
1.72998 0.000942164
1.75305 0.00162387
1.77612 0.0028517
1.79918 0.00459074
1.82225 0.00672692
1.84531 0.00881734
1.86838 0.0103027
1.89145 0.0108464
1.91451 0.010278
1.93758 0.00885687
1.96065 0.00680741
1.98371 0.00478675
2.00678 0.00318357
2.02985 0.00216219
2.05291 0.00170673
2.07598 0.00184068
2.09905 0.00236336
2.12211 0.00312296
2.14518 0.00381664
2.16824 0.00427693
2.19131 0.00433961
2.21438 0.00391087
2.23744 0.00327382
2.26051 0.00273058
2.28358 0.00238316
2.30664 0.00241432
0.0230664 0
0.0461329 0
0.0691993 0
0.0922657 0
0.115332 0
0.138399 0
0.161465 0
0.184531 0
0.207598 0
0.230664 0
0.253731 0
0.276797 0
0.299864 0
0.32293 0
0.345996 0
0.369063 0
0.392129 0
0.415196 0
0.438262 0
0.461329 0
0.484395 0
0.507461 0
0.530528 0
0.553594 0
0.576661 0
0.599727 0
0.622794 0
0.64586 0
0.668926 0
0.691993 0
0.715059 0
0.738126 0
0.761192 0
0.784259 0
0.807325 0
0.830391 0
0.853458 0
0.876524 0
0.899591 1.06853e-05
0.922657 0.000139141
0.945724 0.00083685
0.96879 0.00287972
0.991856 0.00659041
1.01492 0.0107279
1.03799 0.0103999
1.06106 0.0136632
1.08412 0.0146737
1.10719 0.0136412
1.13026 0.0111849
1.15332 0.00835741
1.17639 0.00570761
1.19945 0.00361454
1.22252 0.0020493
1.24559 0.00110902
1.26865 0.000571793
1.29172 0.000276021
1.31479 0.000159181
1.33785 0.00012813
1.36092 0.000188917
1.38399 0.000326633
1.40705 0.000617543
1.43012 0.00105872
1.45319 0.00162415
1.47625 0.00225265
1.49932 0.0028674
1.52238 0.003313
1.54545 0.00352759
1.56852 0.00338189
1.59158 0.00298434
1.61465 0.00241538
1.63772 0.00177182
1.66078 0.00115358
1.68385 0.000824946
1.70692 0.000683651
1.72998 0.000947422
1.75305 0.00160945
1.77612 0.00286006
1.79918 0.00458481
1.82225 0.0067413
1.84531 0.00883449
1.86838 0.0103584
1.89145 0.0108823
1.91451 0.0101995
1.93758 0.00874127
1.96065 0.00680845
1.98371 0.00484983
2.00678 0.00316897
2.02985 0.0021717
2.05291 0.00172159
2.07598 0.00183548
2.09905 0.00237312
2.12211 0.00310217
2.14518 0.00382008
2.16824 0.00429241
2.19131 0.00432164
2.21438 0.00388228
2.23744 0.0032995
2.26051 0.00275983
2.28358 0.00234889
2.30664 0.00240515
0.0230664 0
0.0461329 0
0.0691993 0
0.0922657 0
0.115332 0
0.138399 0
0.161465 0
0.184531 0
0.207598 0
0.230664 0
0.253731 0
0.276797 0
0.299864 0
0.32293 0
0.345996 0
0.369063 0
0.392129 0
0.415196 0
0.438262 0
0.461329 0
0.484395 0
0.507461 0
0.530528 0
0.553594 0
0.576661 0
0.599727 0
0.622794 0
0.64586 0
0.668926 0
0.691993 0
0.715059 0
0.738126 0
0.761192 0
0.784259 0
0.807325 0
0.830391 0
0.853458 0
0.876524 2.01145e-07
0.899591 1.43766e-05
0.922657 0.000122993
0.945724 0.000850833
0.96879 0.00290362
0.991856 0.00654752
1.01492 0.0108067
1.03799 0.0104763
1.06106 0.013487
1.08412 0.0147029
1.10719 0.0136599
1.13026 0.0112777
1.15332 0.00837354
1.17639 0.00571914
1.19945 0.00353892
1.22252 0.0020781
1.24559 0.00109939
1.26865 0.000579367
1.29172 0.000257284
1.31479 0.000167169
1.33785 0.000137807
1.36092 0.000193689
1.38399 0.000341759
1.40705 0.000619194
1.43012 0.0010419
1.45319 0.00157912
1.47625 0.00226081
1.49932 0.00291185
1.52238 0.00334415
1.54545 0.00355445
1.56852 0.00337568
1.59158 0.00295859
1.61465 0.00232499
1.63772 0.00173301
1.66078 0.00120565
1.68385 0.000820008
1.70692 0.000728768
1.72998 0.000955761
1.75305 0.00165072
1.77612 0.00286812
1.79918 0.00465314
1.82225 0.00665417
1.84531 0.00884872
1.86838 0.0102908
1.89145 0.0108255
1.91451 0.0102657
1.93758 0.00869468
1.96065 0.00675213
1.98371 0.00483784
2.00678 0.00322868
2.02985 0.00214873
2.05291 0.00174163
2.07598 0.00185885
2.09905 0.00240056
2.12211 0.00315373
2.14518 0.00384146
2.16824 0.00425203
2.19131 0.00432664
2.21438 0.00386734
2.23744 0.00328718
2.26051 0.00274918
2.28358 0.00238806
2.30664 0.00240178
0.0230664 0
0.0461329 0
0.0691993 0
0.0922657 0
0.115332 0
0.138399 0
0.161465 0
0.184531 0
0.207598 0
0.230664 0
0.253731 0
0.276797 0
0.299864 0
0.32293 0
0.345996 0
0.369063 0
0.392129 0
0.415196 0
0.438262 0
0.461329 0
0.484395 0
0.507461 0
0.530528 0
0.553594 0
0.576661 0
0.599727 0
0.622794 0
0.64586 0
0.668926 0
0.691993 0
0.715059 0
0.738126 0
0.761192 0
0.784259 0
0.807325 0
0.830391 0
0.853458 0
0.876524 0
0.899591 7.38258e-06
0.922657 0.000125246
0.945724 0.000775648
0.96879 0.00286214
0.991856 0.00654582
1.01492 0.0109497
1.03799 0.0106149
1.06106 0.0136201
1.08412 0.01458
1.10719 0.013686
1.13026 0.0112593
1.15332 0.00836872
1.17639 0.00566874
1.19945 0.00357804
1.22252 0.00209928
1.24559 0.0010926
1.26865 0.000562535
1.29172 0.0002704
1.31479 0.000145488
1.33785 0.000118454
1.36092 0.000178181
1.38399 0.000346836
1.40705 0.000620123
1.43012 0.00103183
1.45319 0.00156457
1.47625 0.00225543
1.49932 0.00287153
1.52238 0.00340966
1.54545 0.00355454
1.56852 0.00341489
1.59158 0.00298392
1.61465 0.00235613
1.63772 0.0017236
1.66078 0.00118578
1.68385 0.000768037
1.70692 0.000709893
1.72998 0.00091805
1.75305 0.00161541
1.77612 0.00285602
1.79918 0.00462335
1.82225 0.00675576
1.84531 0.00876685
1.86838 0.0102834
1.89145 0.010911
1.91451 0.0102727
1.93758 0.008793
1.96065 0.0068278
1.98371 0.00483272
2.00678 0.00324712
2.02985 0.00212395
2.05291 0.00172541
2.07598 0.00183565
2.09905 0.00239123
2.12211 0.00309721
2.14518 0.00380553
2.16824 0.00424414
2.19131 0.004332
2.21438 0.00386644
2.23744 0.00326367
2.26051 0.00272462
2.28358 0.00238592
2.30664 0.00237975
0.0230664 0
0.0461329 0
0.0691993 0
0.0922657 0
0.115332 0
0.138399 0
0.161465 0
0.184531 0
0.207598 0
0.230664 0
0.253731 0
0.276797 0
0.299864 0
0.32293 0
0.345996 0
0.369063 0
0.392129 0
0.415196 0
0.438262 0
0.461329 0
0.484395 0
0.507461 0
0.530528 0
0.553594 0
0.576661 0
0.599727 0
0.622794 0
0.64586 0
0.668926 0
0.691993 0
0.715059 0
0.738126 0
0.761192 0
0.784259 0
0.807325 0
0.830391 0
0.853458 0
0.876524 6.03436e-07
0.899591 1.08796e-05
0.922657 0.000150971
0.945724 0.000874987
0.96879 0.00295916
0.991856 0.00665746
1.01492 0.0108979
1.03799 0.0105647
1.06106 0.0134872
1.08412 0.0145019
1.10719 0.0135033
1.13026 0.0110364
1.15332 0.00837065
1.17639 0.00570614
1.19945 0.00363553
1.22252 0.00211006
1.24559 0.00116384
1.26865 0.000629862
1.29172 0.000317594
1.31479 0.000179265
1.33785 0.000155269
1.36092 0.000223946
1.38399 0.000409878
1.40705 0.000678636
1.43012 0.00108964
1.45319 0.00158344
1.47625 0.00222
1.49932 0.00279829
1.52238 0.00329504
1.54545 0.00340618
1.56852 0.00331966
1.59158 0.00292863
1.61465 0.00239931
1.63772 0.00175233
1.66078 0.00121942
1.68385 0.00086704
1.70692 0.000780943
1.72998 0.00106176
1.75305 0.00170229
1.77612 0.0029445
1.79918 0.00469189
1.82225 0.0067357
1.84531 0.00868667
1.86838 0.010125
1.89145 0.0106783
1.91451 0.0100633
1.93758 0.00870877
1.96065 0.00680071
1.98371 0.00488478
2.00678 0.0032849
2.02985 0.00227578
2.05291 0.00183877
2.07598 0.00192256
2.09905 0.00243074
2.12211 0.00311187
2.14518 0.0038023
2.16824 0.00419799
2.19131 0.00424695
2.21438 0.00381889
2.23744 0.00331255
2.26051 0.00279431
2.28358 0.00250143
2.30664 0.00252767
0.0230664 0
0.0461329 0
0.0691993 0
0.0922657 0
0.115332 0
0.138399 0
0.161465 0
0.184531 0
0.207598 0
0.230664 0
0.253731 0
0.276797 0
0.299864 0
0.32293 0
0.345996 0
0.369063 0
0.392129 0
0.415196 0
0.438262 0
0.461329 0
0.484395 0
0.507461 0
0.530528 0
0.553594 0
0.576661 0
0.599727 0
0.622794 0
0.64586 0
0.668926 0
0.691993 0
0.715059 0
0.738126 0
0.761192 0
0.784259 0
0.807325 0
0.830391 0
0.853458 0
0.876524 6.03436e-07
0.899591 1.1851e-05
0.922657 0.000122617
0.945724 0.000808882
0.96879 0.0028451
0.991856 0.00650208
1.01492 0.0106712
1.03799 0.0103449
1.06106 0.0136297
1.08412 0.0148355
1.10719 0.0137541
1.13026 0.0113013
1.15332 0.00838237
1.17639 0.0056442
1.19945 0.00359564
1.22252 0.00203865
1.24559 0.00108223
1.26865 0.000539813
1.29172 0.000263842
1.31479 0.000139098
1.33785 0.00012991
1.36092 0.000184254
1.38399 0.000325258
1.40705 0.000623735
1.43012 0.00100998
1.45319 0.00157774
1.47625 0.00223767
1.49932 0.00287069
1.52238 0.00340591
1.54545 0.0036174
1.56852 0.0034134
1.59158 0.00302782
1.61465 0.0023686
1.63772 0.00169535
1.66078 0.00115967
1.68385 0.000794532
1.70692 0.000664239
1.72998 0.000902801
1.75305 0.00156877
1.77612 0.00282857
1.79918 0.00458573
1.82225 0.0067375
1.84531 0.0088172
1.86838 0.0104004
1.89145 0.0109364
1.91451 0.0103517
1.93758 0.00881936
1.96065 0.0068141
1.98371 0.00480579
2.00678 0.00317588
2.02985 0.002104
2.05291 0.00168583
2.07598 0.00182022
2.09905 0.00234936
2.12211 0.00312641
2.14518 0.00384315
2.16824 0.00425754
2.19131 0.00433083
2.21438 0.00389427
2.23744 0.00328925
2.26051 0.002687
2.28358 0.00234618
2.30664 0.00233656
