-0.444563   -0.200392   0.00338238
0.315816   0.378828   0.0518753
0.346277   0.475014   0.205592
-0.37163   0.289425   0.170759
-0.311736   -0.0749527   -0.274298
-0.382262   0.396484   -0.315404
0.322967   0.0710592   -0.192525
0.495761   0.456024   0.0147197
0.00624478   0.260841   0.244292
0.207565   0.197125   -0.420354
0.251852   -0.115635   -0.427154
0.248153   0.241001   -0.479939
0.18798   0.462655   -0.436243
0.452927   0.00840841   0.162908
-0.352854   0.43114   0.256675
0.354734   -0.109246   -0.402278
0.450604   -0.0265524   -0.0542978
-0.130863   -0.0965016   0.292573
0.412171   0.403059   0.223194
0.224553   -0.359929   0.495212
-0.404665   0.243062   -0.0870562
-0.381902   0.498665   0.396226
-0.442646   0.287152   0.0254056
-0.000894906   0.342217   0.174338
0.391024   0.482561   0.11483
-0.44615   -0.0538855   -0.355655
-0.258293   0.206213   0.149003
-0.338181   0.303694   0.399275
-0.390857   0.1318   -0.0790356
0.0363975   -0.0529859   -0.379193
0.389208   -0.297995   0.100128
-0.142193   -0.215503   -0.131831
-0.328014   0.452103   0.353174
-0.241903   -0.10058   -0.038117
0.348946   0.265413   0.310327
-0.0799066   0.123758   0.485375
-0.0608805   0.0179127   -0.492367
-0.24307   -0.157196   -0.121938
-0.124823   -0.419565   0.296549
-0.032979   -0.0537351   -0.443093
0.333635   -0.105323   -0.32052
-0.470646   -0.320001   -0.0603139
-0.401355   -0.243905   0.162224
0.416624   -0.119785   0.294149
-0.213534   0.114315   0.308089
-0.366886   0.00679518   -0.249654
-0.401475   0.355328   -0.41742
-0.123277   0.478163   0.113744
-0.320832   -0.375353   -0.31263
0.00561516   0.261746   -0.0765349
0.363352   0.467577   -0.287565
-0.148753   -0.137215   -0.307641
-0.436926   -0.383822   -0.340497
-0.451535   -0.347772   0.273818
0.367512   0.184136   -0.0649602
0.164237   -0.111986   0.260833
0.266661   0.232256   -0.257921
0.19591   -0.356342   0.429448
-0.123406   0.312961   0.393388
0.491685   -0.133272   -0.245032
0.485527   -0.462467   0.158297
-0.139413   -0.00820001   0.0221359
0.339519   0.0259302   0.00765325
-0.26316   -0.471044   -0.112681
0.0210318   0.143007   -0.401603
0.493339   -0.117575   -0.15619
0.165696   0.400589   0.0349898
-0.198523   -0.4438   -0.289749
0.0879603   -0.333323   0.0507405
0.376058   -0.35453   0.0144419
-0.367304   0.328584   0.481525
0.00683091   -0.275909   0.0246881
-0.0685188   -0.485645   -0.0719312
-0.356943   -0.395037   0.439716
-0.435167   -0.388078   0.366009
0.459879   -0.0166829   -0.147934
0.327377   -0.32938   -0.141038
0.41262   0.397542   0.0161246
0.492814   0.102853   -0.107867
0.278784   -0.356046   -0.315498
-0.142535   0.308855   -0.452132
0.498789   -0.228521   0.449272
-0.200409   0.202256   -0.212339
0.308884   -0.474553   0.272949
-0.220519   -0.277853   -0.367605
0.354896   0.128353   -0.452294
0.203996   -0.0101106   -0.37348
-0.308723   0.0383037   0.469823
-0.0647155   0.142572   -0.270038
0.432005   -0.268998   0.405658
-0.275496   -0.367871   0.130411
0.160633   0.00192528   0.368036
0.192748   0.371304   0.135291
0.371353   -0.18757   -0.399803
0.0674153   0.249388   -0.400137
-0.0122207   -0.325278   -0.150632
0.449026   0.337764   -0.0845002
0.131327   0.179692   0.495177
0.0452745   -0.131882   0.0689555
0.0296353   0.155585   -0.325832
-0.237584   0.205271   -0.41458
0.337617   -0.168004   -0.04678
-0.375983   0.462221   0.114028
0.0587766   -0.211028   -0.365778
0.158883   -0.203761   -0.30831
-0.432536   0.063136   -0.0271305
0.0289252   0.403652   -0.0819338
0.0214891   0.481826   -0.101603
