-0.44454   -0.200412   0.00332248
0.315721   0.378809   0.0519078
0.346197   0.475067   0.205593
-0.371665   0.28936   0.170779
-0.311723   -0.0749204   -0.274305
-0.382259   0.396495   -0.315395
0.322962   0.0710468   -0.192576
0.495736   0.456039   0.0147703
0.00623953   0.260857   0.244207
0.207615   0.197117   -0.420344
0.251844   -0.115568   -0.427172
0.248209   0.241065   -0.479958
0.188   0.462608   -0.436196
0.452979   0.00846602   0.162852
-0.352839   0.431104   0.25665
0.354773   -0.109241   -0.402255
0.450613   -0.0265922   -0.0542397
-0.130829   -0.0965589   0.292561
0.412226   0.403043   0.223202
0.224628   -0.359866   0.4952
-0.40466   0.243016   -0.0870747
-0.381955   0.498676   0.3963
-0.442633   0.287138   0.0252805
-0.000900496   0.342188   0.174353
0.390998   0.48258   0.114788
-0.44618   -0.0538641   -0.355608
-0.258303   0.20622   0.148987
-0.338203   0.303764   0.399243
-0.39083   0.131831   -0.0790326
0.03642   -0.05297   -0.37922
0.38926   -0.297966   0.100153
-0.142178   -0.215525   -0.131856
-0.328066   0.452134   0.353224
-0.241851   -0.100536   -0.0380802
0.348974   0.265309   0.310323
-0.0798799   0.123709   0.485384
-0.060947   0.0178819   -0.492352
-0.243072   -0.157199   -0.121889
-0.124885   -0.419616   0.296509
-0.0330005   -0.0537855   -0.443152
0.333595   -0.105283   -0.320526
-0.470562   -0.320044   -0.060392
-0.401365   -0.243903   0.162218
0.416597   -0.119872   0.294164
-0.213567   0.114381   0.308054
-0.366899   0.00682825   -0.249677
-0.401484   0.355383   -0.417364
-0.123275   0.478223   0.113797
-0.320738   -0.375316   -0.312617
0.00557416   0.261715   -0.076554
0.363389   0.467563   -0.287679
-0.148771   -0.137244   -0.307664
-0.436938   -0.383755   -0.340516
-0.451532   -0.347865   0.273693
0.367544   0.184151   -0.0649374
0.164237   -0.111992   0.260839
0.266715   0.232206   -0.257842
0.195891   -0.356396   0.429433
-0.123363   0.31298   0.393384
0.491652   -0.133268   -0.244982
0.485562   -0.462481   0.158321
-0.139397   -0.00817573   0.0221444
0.339466   0.0258806   0.00763738
-0.263106   -0.471023   -0.112684
0.0209564   0.142918   -0.401602
0.493288   -0.11752   -0.156233
0.165679   0.400578   0.0349959
-0.1985   -0.443795   -0.289665
0.0879588   -0.333288   0.0507216
0.376127   -0.35458   0.0144303
-0.367366   0.328516   0.481461
0.00687048   -0.275871   0.0247864
-0.0684592   -0.485594   -0.0719583
-0.356951   -0.394957   0.439791
-0.435141   -0.388053   0.365991
0.459864   -0.0166609   -0.147967
0.327379   -0.329339   -0.141055
0.412605   0.397567   0.0161359
0.492795   0.10287   -0.107816
0.278759   -0.356069   -0.315528
-0.142549   0.308867   -0.452124
0.498814   -0.228571   0.449291
-0.200424   0.202318   -0.212338
0.308846   -0.474603   0.272898
-0.220487   -0.277873   -0.367629
0.354894   0.128307   -0.452281
0.203975   -0.0101074   -0.373394
-0.308732   0.0382731   0.469798
-0.0647603   0.142533   -0.27006
0.431975   -0.269016   0.405726
-0.275583   -0.367922   0.13042
0.160681   0.00189545   0.368022
0.19273   0.371309   0.135282
0.371378   -0.187591   -0.399795
0.0673354   0.249305   -0.400119
-0.0122312   -0.325269   -0.150618
0.449066   0.337817   -0.0845761
0.131303   0.179723   0.495224
0.0452762   -0.131771   0.0690271
0.029589   0.155555   -0.325869
-0.237522   0.205292   -0.414538
0.337615   -0.167952   -0.046799
-0.375969   0.462201   0.114045
0.0587969   -0.211028   -0.36571
0.158848   -0.203708   -0.308262
-0.432509   0.0631476   -0.0271632
0.0288796   0.403596   -0.0819258
0.0215729   0.481886   -0.10159
