-0.488638
-0.490543
-0.491672
-0.492095
-0.491885
-0.491104
-0.489832
-0.488153
-0.486153
-0.483916
-0.481552
-0.47917
-0.476856
-0.474647
-0.47253
-0.47044
-0.468316
-0.466048
-0.463565
-0.46084
-0.457921
-0.45492
-0.45203
-0.449472
-0.447461
-0.446197
-0.445792
-0.446284
-0.447584
-0.449546
-0.451943
-0.454535
-0.457091
-0.459375
-0.46122
-0.462483
-0.463102
-0.463024
-0.462245
-0.460755
-0.458589
-0.455828
-0.452635
-0.449303
-0.446292
-0.444188
-0.443577
-0.444909
-0.44824
-0.453232
-0.459259
-0.465605
-0.471644
-0.476946
-0.481282
-0.484611
-0.487017
-0.488686
-0.489839
-0.490721
-0.491582
-0.492587
-0.493854
-0.495427
-0.497273
-0.499273
-0.501327
-0.503235
-0.504805
-0.505873
-0.506197
-0.505569
-0.503743
-0.500466
-0.495512
-0.488737
-0.480193
-0.470269
-0.459881
-0.450426
-0.443476
-0.440202
-0.440884
-0.444807
-0.450739
-0.457396
-0.463792
-0.469277
-0.473469
-0.476155
-0.477264
-0.476927
-0.475499
-0.473497
-0.471578
-0.47044
-0.470713
-0.472932
-0.477378
-0.483919
-0.491921
-0.500381
-0.508238
-0.514619
-0.519108
-0.521731
-0.52287
-0.523105
-0.523032
-0.523118
-0.523564
-0.52428
-0.524942
-0.525176
-0.524636
-0.523074
-0.520426
-0.516781
-0.512377
-0.507557
-0.502768
-0.498472
-0.495079
-0.492898
-0.492029
-0.492434
-0.493967
-0.496426
-0.499629
-0.503453
-0.507781
-0.512494
-0.517412
-0.522316
-0.526915
-0.530913
-0.534039
-0.536042
-0.536718
-0.535939
-0.533622
-0.529839
-0.524795
-0.518909
-0.512778
-0.507074
-0.50243
-0.499215
-0.497354
-0.49638
-0.495541
-0.49404
-0.491299
-0.487108
-0.481806
-0.476291
-0.471759
-0.469228
-0.469106
-0.471036
-0.474269
-0.478076
-0.482015
-0.486
-0.490142
-0.494552
-0.499245
-0.504086
-0.508838
-0.513249
-0.517076
-0.520155
-0.52242
-0.523857
-0.524488
-0.524372
-0.523557
-0.52211
-0.520085
-0.517486
-0.514331
-0.510634
-0.506404
-0.501659
-0.496422
-0.490757
-0.484733
-0.478535
-0.472358
-0.466568
-0.461603
-0.457928
-0.455873
-0.455543
-0.456751
-0.459071
-0.462007
-0.465116
-0.468097
-0.470812
-0.473202
-0.475283
-0.477061
-0.478512
-0.479593
-0.480261
-0.48048
-0.480231
-0.479552
-0.478505
-0.477191
-0.47571
-0.474115
-0.472433
-0.470604
-0.468577
-0.466346
-0.463961
-0.461625
-0.459592
-0.458135
-0.457483
-0.457701
-0.458705
-0.460253
-0.462052
-0.46378
-0.465162
-0.46601
-0.466217
-0.465746
-0.464598
-0.462882
-0.460687
-0.458181
-0.455549
-0.452993
-0.450695
-0.448853
-0.447583
-0.446944
-0.446932
-0.447445
-0.448328
-0.44935
-0.450299
-0.450982
-0.451284
-0.451159
-0.450615
-0.449763
-0.448706
-0.447573
-0.446476
-0.445507
-0.444719
-0.4441
-0.443596
-0.443141
-0.442617
-0.441947
-0.441047
-0.439871
-0.438399
-0.436665
-0.43471
-0.43264
-0.430569
-0.428621
-0.42697
-0.425812
-0.425332
-0.425721
-0.427122
-0.429558
-0.432926
-0.436968
-0.44128
-0.445432
-0.448941
-0.451367
-0.452311
-0.451408
-0.448396
-0.443175
-0.435959
-0.427454
-0.418978
-0.412181
-0.408527
-0.408559
-0.411675
-0.416557
-0.421834
-0.426612
-0.430514
-0.433584
-0.436037
-0.438117
-0.440011
-0.441835
-0.443613
-0.445325
-0.446914
-0.448339
-0.449557
-0.450552
-0.451329
-0.451896
-0.452256
-0.452407
-0.452308
-0.451883
-0.451025
-0.449642
-0.44763
-0.444985
-0.441768
-0.438224
-0.434693
-0.431655
-0.429607
-0.42896
-0.429953
-0.432553
-0.436443
-0.44115
-0.446114
-0.450822
-0.454883
-0.458051
-0.460229
-0.46143
-0.461736
-0.461223
-0.460016
-0.45821
-0.455887
-0.453136
-0.450066
-0.446779
-0.443398
-0.44009
-0.437026
-0.434328
-0.43213
-0.430526
-0.429608
-0.429419
-0.430033
-0.431472
-0.43373
-0.436738
-0.440365
-0.444394
-0.448612
-0.452788
-0.456713
-0.460247
-0.463276
-0.465729
-0.46756
-0.468792
-0.469443
-0.469571
-0.469247
-0.468566
-0.467647
-0.466597
-0.465512
-0.464456
-0.4635
-0.462652
-0.461936
-0.461355
-0.460915
-0.460658
-0.460642
-0.46092
-0.46149
-0.462315
-0.463228
-0.463952
-0.464107
-0.463289
-0.461094
-0.45728
-0.451988
-0.445922
-0.440389
-0.437029
-0.437074
-0.440634
-0.446536
-0.452919
-0.458035
-0.460788
-0.460812
-0.458422
-0.454331
-0.449513
-0.444936
-0.441419
-0.439407
-0.438843
-0.439252
-0.439969
-0.440318
-0.439836
-0.438362
-0.43607
-0.433381
-0.43085
-0.429074
-0.428602
-0.429762
-0.432652
-0.43713
-0.442817
-0.449192
-0.455713
-0.4619
-0.467419
-0.472051
-0.475719
-0.478425
-0.480242
-0.481263
-0.481604
-0.481371
-0.480664
-0.479545
-0.478102
-0.476394
-0.474497
-0.472482
-0.470418
-0.468385
-0.466459
-0.464694
-0.463073
-0.461542
-0.460031
-0.45841
-0.456565
-0.454407
-0.451897
-0.449043
-0.445928
-0.442729
-0.439641
-0.436939
-0.434881
-0.433676
-0.433461
-0.434261
-0.436007
-0.438546
-0.441656
-0.445116
-0.448713
-0.452293
-0.455704
-0.458864
-0.461717
-0.46424
-0.466407
-0.468221
-0.469699
-0.470853
-0.471725
-0.472294
-0.472592
-0.472585
-0.472307
-0.471726
-0.470839
-0.469635
-0.468105
-0.466279
-0.464183
-0.461876
-0.459433
-0.456946
-0.454489
-0.452118
-0.449887
-0.447789
-0.44582
-0.443995
-0.44232
-0.44084
-0.439623
-0.438772
-0.438405
-0.438626
-0.439497
-0.441068
-0.443291
-0.446088
-0.449301
-0.452729
-0.456086
-0.459072
-0.461337
-0.462516
-0.462267
-0.46034
-0.456714
-0.451713
-0.446134
-0.441164
-0.438072
-0.437636
-0.439812
-0.443787
-0.44846
-0.452927
-0.456738
-0.459848
-0.462418
-0.464645
-0.466669
-0.468489
-0.47004
-0.47122
-0.471958
-0.472223
-0.472065
-0.471566
-0.470865
-0.470085
-0.469344
-0.468683
-0.468102
-0.467529
-0.466832
-0.465901
-0.464596
-0.462835
-0.460622
-0.45803
-0.455189
-0.452278
-0.449439
-0.446748
-0.444195
-0.441676
-0.438984
-0.435822
-0.431888
-0.426895
-0.420737
-0.413542
-0.405798
-0.398353
-0.392244
-0.388511
-0.387787
-0.390136
-0.395081
-0.401865
-0.409752
-0.418118
-0.426462
-0.43428
-0.441049
-0.446192
-0.449288
-0.450234
-0.449465
-0.448005
-0.44732
-0.448765
-0.45298
-0.459584
-0.467446
-0.475296
-0.482153
-0.487529
-0.491321
-0.493656
-0.494793
-0.495014
-0.494608
-0.493831
-0.49292
-0.492078
-0.491456
-0.491099
-0.491
-0.491074
-0.491156
-0.491066
-0.490617
-0.48962
-0.487931
-0.48547
-0.482245
-0.47834
-0.473942
-0.469331
-0.464844
-0.460837
-0.457638
-0.455482
-0.454493
-0.454654
-0.455824
-0.457772
-0.460198
-0.462807
-0.46535
-0.467636
-0.469547
-0.471026
-0.472084
-0.47273
-0.472963
-0.472779
-0.472159
-0.471086
-0.469554
-0.467627
-0.465474
-0.463301
-0.461399
-0.460046
-0.459453
-0.459709
-0.460751
-0.462401
-0.464431
-0.466573
-0.468588
-0.470322
-0.471612
-0.472369
-0.472511
-0.471968
-0.470729
-0.468881
-0.466629
-0.464374
-0.462676
-0.462178
-0.46338
-0.466492
-0.471278
-0.477128
-0.483282
-0.489018
-0.493818
-0.497362
-0.49954
-0.50037
-0.500007
-0.49866
-0.496528
-0.493832
-0.490766
-0.487479
-0.484058
-0.480582
-0.477127
-0.473839
-0.470903
-0.468558
-0.467046
-0.466565
-0.467194
-0.468909
-0.471539
-0.474815
-0.478412
-0.481998
-0.485218
-0.487771
-0.489458
-0.490226
-0.49018
-0.489622
-0.48895
-0.488557
-0.488677
-0.489285
-0.490121
-0.490813
-0.490969
-0.490321
-0.488748
-0.486293
-0.483141
-0.479581
-0.475966
-0.472669
-0.469998
-0.46811
-0.466996
-0.466444
-0.466075
-0.465526
-0.464587
-0.463277
-0.461877
-0.460866
-0.460688
-0.461547
-0.463291
-0.465546
-0.467881
-0.46992
-0.471441
-0.472373
-0.472753
-0.472673
-0.472277
-0.471755
-0.47133
-0.471177
-0.471405
-0.471941
-0.472665
-0.473352
-0.473764
-0.473687
-0.472978
-0.471535
-0.469336
-0.466381
-0.462736
-0.458487
-0.453814
-0.448905
-0.444029
-0.439466
-0.435486
-0.43233
-0.43013
-0.428916
-0.428571
-0.42895
-0.429836
-0.431017
-0.432285
-0.433488
-0.434515
-0.435255
-0.435645
-0.435646
-0.435211
-0.434314
-0.432949
-0.43108
-0.428684
-0.425727
-0.422153
-0.417901
-0.41294
-0.407326
-0.401309
-0.395413
-0.390459
-0.387372
-0.386824
-0.388876
-0.392884
-0.397649
-0.401824
-0.404185
-0.403779
-0.399921
-0.392348
-0.381534
-0.369191
-0.358258
-0.352083
-0.352428
-0.358334
-0.366906
-0.375233
-0.381629
-0.385702
-0.387842
-0.388669
-0.388737
-0.38841
-0.387875
-0.387229
-0.386472
-0.385619
-0.38471
-0.383783
-0.382978
-0.38243
-0.382306
-0.382789
-0.383917
-0.385643
-0.387718
-0.389869
-0.391757
-0.393105
-0.39373
-0.393566
-0.392611
-0.390984
-0.388903
-0.386584
-0.384336
-0.382377
-0.380919
-0.380073
-0.379846
-0.380134
-0.380764
-0.38156
-0.382369
-0.383077
-0.383615
-0.383963
-0.384135
-0.384169
-0.384104
-0.383985
-0.383847
-0.383727
-0.383644
-0.383601
-0.383589
-0.383579
-0.383536
-0.38339
-0.383025
-0.382305
-0.381059
-0.379142
-0.376485
-0.3732
-0.369705
-0.366727
-0.365205
-0.365987
-0.369441
-0.375281
-0.382633
-0.390424
-0.397724
-0.403934
-0.408745
-0.41202
-0.41376
-0.413973
-0.412661
-0.40988
-0.405796
-0.400821
-0.395655
-0.391278
-0.388714
-0.388636
-0.391088
-0.395463
-0.400783
-0.406141
-0.410861
-0.41465
-0.417465
-0.419423
-0.420721
-0.421501
-0.421918
-0.422028
-0.421891
-0.421477
-0.420756
-0.41972
-0.418379
-0.416833
-0.415217
-0.413709
-0.412514
-0.41175
-0.411494
-0.411704
-0.412283
-0.413117
-0.414186
-0.415521
-0.417207
-0.419395
-0.422104
-0.42531
-0.428889
-0.432671
-0.436453
-0.440073
-0.443397
-0.446336
-0.448832
-0.450863
-0.452423
-0.453518
-0.454176
-0.454391
-0.454173
-0.453546
-0.452488
-0.451032
-0.449197
-0.446999
-0.444494
-0.441758
-0.438889
-0.436003
-0.433219
-0.430638
-0.428345
-0.426385
-0.424749
-0.423383
-0.422199
-0.421115
-0.420075
-0.419062
-0.418103
-0.417339
-0.416941
-0.417086
-0.417912
-0.419503
-0.421822
-0.424759
-0.428153
-0.431826
-0.435626
-0.439434
-0.443178
-0.446793
-0.450214
-0.453387
-0.45623
-0.45862
-0.460433
-0.461492
-0.461644
-0.460708
-0.45861
-0.455415
-0.45141
-0.447198
-0.443584
-0.441397
-0.441133
-0.442695
-0.445387
-0.448189
-0.450135
-0.450577
-0.449283
-0.446505
-0.442869
-0.43932
-0.436856
-0.436269
-0.4379
-0.441547
-0.446614
-0.452343
-0.458035
-0.463156
-0.467371
-0.470502
-0.47246
-0.473226
-0.472853
-0.471435
-0.469082
-0.465932
-0.462173
-0.457954
-0.453437
-0.448735
-0.443933
-0.439092
-0.434261
-0.429526
-0.425037
-0.420981
-0.417553
-0.414981
-0.413436
-0.413102
-0.414105
-0.416507
-0.420199
-0.424894
-0.430156
-0.435458
-0.440338
-0.444437
-0.447569
-0.449686
-0.450864
-0.451252
-0.451001
-0.450294
-0.449265
-0.448033
-0.446691
-0.445321
-0.443978
-0.442692
-0.44151
-0.440446
-0.439498
-0.438673
-0.437958
-0.437332
-0.436791
-0.436293
-0.43582
-0.43533
-0.434816
-0.434216
-0.43351
-0.432659
-0.431605
-0.430329
-0.428792
-0.427003
-0.424979
-0.422755
-0.420416
-0.418065
-0.415834
-0.413844
-0.412206
-0.410951
-0.410052
-0.409423
-0.408919
-0.408335
-0.407436
-0.406044
-0.40396
-0.401085
-0.397402
-0.393061
-0.388374
-0.383827
-0.380014
-0.377526
-0.376714
-0.377616
-0.379924
-0.383143
-0.386722
-0.390226
-0.393346
-0.395945
-0.397963
-0.399433
-0.400383
-0.400881
-0.400989
-0.400803
-0.400415
-0.399907
-0.399373
-0.398927
-0.398644
-0.398582
-0.398758
-0.399153
-0.3997
-0.400315
-0.400898
-0.401353
-0.401595
-0.401566
-0.401221
-0.400548
-0.399569
-0.398309
-0.396806
-0.395121
-0.393314
-0.391369
-0.389271
-0.386974
-0.384361
-0.381348
-0.377836
-0.373824
-0.369473
-0.365109
-0.361267
-0.358611
-0.357793
-0.359234
-0.362967
-0.36861
-0.375449
-0.382749
-0.389861
-0.396385
-0.40215
-0.407119
-0.41135
-0.414917
-0.417904
-0.420347
-0.422285
-0.423725
-0.424653
-0.425025
-0.424814
-0.423953
-0.422389
-0.420134
-0.41723
-0.413821
-0.410119
-0.406404
-0.403004
-0.400153
-0.398017
-0.396678
-0.396101
-0.396217
-0.396946
-0.398172
-0.399791
-0.401677
-0.403744
-0.405978
-0.408478
-0.411392
-0.414941
-0.419299
-0.424454
-0.430226
-0.436247
-0.442063
-0.447226
-0.451363
-0.454218
-0.455671
-0.45571
-0.4544
-0.45189
-0.448366
-0.444025
-0.43907
-0.433641
-0.427829
-0.421658
-0.415061
-0.407878
-0.400005
-0.391607
-0.383449
-0.376936
-0.373615
-0.374358
-0.378856
-0.386029
-0.394759
-0.404342
-0.414441
-0.42472
-0.434727
-0.443858
-0.451577
-0.457528
-0.461528
-0.463591
-0.463896
-0.462752
-0.460584
-0.457899
-0.455254
-0.453129
-0.451844
-0.451449
-0.451768
-0.452405
-0.452948
-0.453037
-0.45243
-0.451045
-0.448964
-0.446402
-0.443636
-0.440949
-0.438545
-0.436515
-0.434842
-0.433497
-0.432574
-0.432264
-0.432848
-0.434494
-0.437162
-0.440527
-0.444119
-0.447456
-0.45018
-0.452103
-0.453206
-0.453582
-0.45338
-0.452751
-0.451847
-0.450792
-0.449684
-0.448585
-0.44755
-0.446594
-0.445726
-0.444905
-0.44409
-0.443201
-0.442126
-0.440783
-0.439086
-0.437031
-0.434695
-0.432273
-0.430053
-0.428399
-0.427629
-0.427995
-0.429537
-0.432111
-0.435415
-0.439081
-0.442703
-0.445981
-0.448676
-0.450675
-0.45194
-0.452526
-0.452539
-0.452153
-0.45157
-0.451019
-0.450675
-0.450681
-0.451055
-0.451721
-0.45245
-0.452994
-0.453078
-0.452499
-0.451153
-0.449067
-0.44641
-0.443451
-0.440535
-0.437961
-0.435933
-0.434513
-0.43362
-0.433084
-0.432709
-0.432334
-0.431878
-0.431339
-0.430792
-0.430361
-0.430159
-0.430311
-0.430896
-0.431958
-0.433496
-0.43548
-0.43782
-0.440445
-0.44325
-0.44613
-0.448989
-0.451754
-0.454335
-0.456663
-0.458684
-0.460362
-0.461656
-0.462519
-0.462936
-0.462899
-0.462387
-0.461399
-0.459941
-0.458033
-0.455716
-0.453017
-0.45002
-0.446829
-0.443569
-0.440399
-0.437472
-0.434969
-0.433027
-0.431789
-0.431316
-0.431624
-0.432662
-0.434339
-0.436513
-0.439018
-0.441697
-0.444385
-0.44693
-0.44923
-0.451213
-0.452837
-0.454077
-0.454936
-0.455461
-0.455721
-0.455776
-0.455724
-0.455629
-0.455536
-0.455455
-0.455346
-0.455142
-0.454756
-0.454086
-0.45304
-0.451538
-0.449548
-0.447083
-0.444213
-0.441103
-0.437966
-0.43508
-0.432765
-0.431322
-0.431005
-0.431943
-0.434128
-0.437427
-0.441586
-0.446301
-0.451221
-0.456081
-0.460627
-0.464685
-0.46814
-0.470881
-0.472884
-0.474133
-0.474623
-0.474367
-0.473374
-0.471674
-0.469297
-0.466283
-0.462694
-0.458593
-0.454048
-0.449144
-0.443944
-0.438522
-0.432913
-0.427198
-0.421455
-0.415789
-0.410351
-0.405335
-0.400927
-0.397336
-0.39474
-0.39322
-0.392804
-0.39342
-0.39495
-0.397208
-0.399995
-0.403086
-0.406226
-0.40921
-0.4118
-0.413764
-0.414867
-0.414898
-0.413724
-0.41137
-0.408201
-0.404959
-0.402708
-0.402465
-0.40475
-0.409384
-0.41554
-0.42216
-0.428333
-0.433483
-0.437415
-0.440134
-0.44179
-0.44256
-0.442662
-0.442254
-0.441491
-0.440468
-0.439283
-0.437968
-0.436607
-0.435197
-0.433746
-0.432223
-0.430604
-0.428808
-0.426727
-0.424218
-0.421108
-0.417217
-0.412335
-0.406374
-0.399427
-0.391939
-0.384746
-0.378994
-0.375736
-0.375503
-0.377937
-0.381985
-0.386376
-0.390112
-0.392673
-0.394075
-0.394602
-0.394695
-0.394714
-0.394835
-0.395
-0.394993
-0.394578
-0.393586
-0.392019
-0.389996
-0.38772
-0.385275
-0.382486
-0.378851
-0.373606
-0.366022
-0.356098
-0.345328
-0.337129
-0.335639
-0.343027
-0.357644
-0.375317
-0.392038
-0.405595
-0.415433
-0.421875
-0.425524
-0.42693
-0.426546
-0.424765
-0.42194
-0.418488
-0.41487
-0.411552
-0.408905
-0.407094
-0.40605
-0.405467
-0.404948
-0.404097
-0.402625
-0.400381
-0.397361
-0.393627
-0.38939
-0.384932
-0.380667
-0.377101
-0.374762
-0.374102
-0.375323
-0.37834
-0.38273
-0.387893
-0.393147
-0.397912
-0.401737
-0.40435
-0.405646
-0.40566
-0.40448
-0.402332
-0.399448
-0.396134
-0.392721
-0.38952
-0.386835
-0.384895
-0.38383
-0.383672
-0.384308
-0.385581
-0.387275
-0.38917
-0.39104
-0.392715
-0.39409
-0.39511
-0.39576
-0.39609
-0.396168
-0.396084
-0.395924
-0.395768
-0.395669
-0.395699
-0.395854
-0.396145
-0.396508
-0.396915
-0.397297
-0.397589
-0.397729
-0.397685
-0.397424
-0.396952
-0.396307
-0.395536
-0.394713
-0.393929
-0.393262
-0.392787
-0.392568
-0.392655
-0.393072
-0.393815
-0.394833
-0.396067
-0.397405
-0.398775
-0.400064
-0.401224
-0.402207
-0.403008
-0.403651
-0.404192
-0.404696
-0.405226
-0.405834
-0.40658
-0.407475
-0.408519
-0.409692
-0.410967
-0.412286
-0.413608
-0.414894
-0.416128
-0.417278
-0.418326
-0.419257
-0.420057
-0.420719
-0.421195
-0.421463
-0.421464
-0.421136
-0.420393
-0.419153
-0.417352
-0.414938
-0.411934
-0.408465
-0.404796
-0.401335
-0.398577
-0.39704
-0.397071
-0.398779
-0.401953
-0.406221
-0.411137
-0.416255
-0.421266
-0.425948
-0.43017
-0.433894
-0.437104
-0.439787
-0.441926
-0.443542
-0.444657
-0.445279
-0.445457
-0.445273
-0.444832
-0.444272
-0.443746
-0.443395
-0.443335
-0.443615
-0.444194
-0.444966
-0.445736
-0.446278
-0.446362
-0.445764
-0.444401
-0.442283
-0.439556
-0.436509
-0.433483
-0.430743
-0.428412
-0.426443
-0.424555
-0.422333
-0.419301
-0.415063
-0.409531
-0.403133
-0.396971
-0.392748
-0.392143
-0.395961
-0.403591
-0.413451
-0.423748
-0.43313
-0.440888
-0.44673
-0.45064
-0.452713
-0.45318
-0.452367
-0.450827
-0.449224
-0.448236
-0.448331
-0.449692
-0.452083
-0.455049
-0.458079
-0.460759
-0.462864
-0.46435
-0.465302
-0.465861
-0.466165
-0.466351
-0.466513
-0.466691
-0.466941
-0.467269
-0.467662
-0.468074
-0.468449
-0.4687
-0.46878
-0.468654
-0.468327
-0.467854
-0.467345
-0.466944
-0.46676
-0.466879
-0.467274
-0.467845
-0.468425
-0.468829
-0.468892
-0.468499
-0.467625
-0.466304
-0.464595
-0.462565
-0.460222
-0.457539
-0.454448
-0.450923
-0.447069
-0.443201
-0.439847
-0.437615
-0.436998
-0.438167
-0.440858
-0.44447
-0.448312
-0.451763
-0.454453
-0.456217
-0.45707
-0.457146
-0.456647
-0.455772
-0.454721
-0.453641
-0.452616
-0.45175
-0.451147
-0.450949
-0.451326
-0.452471
-0.454438
-0.457157
-0.460342
-0.463588
-0.466407
-0.468352
-0.469052
-0.468261
-0.465848
-0.461786
-0.456178
-0.4493
-0.441634
-0.433854
-0.426843
-0.421493
-0.418461
-0.41795
-0.419652
-0.422921
-0.42698
-0.431168
-0.435013
-0.438211
-0.440658
-0.442305
-0.443168
-0.443291
-0.442751
-0.441657
-0.440149
-0.438376
-0.436526
-0.434791
-0.43334
-0.432297
-0.431718
-0.431582
-0.431811
-0.432234
-0.432691
-0.433033
-0.433096
-0.432785
-0.432047
-0.430866
-0.429296
-0.427393
-0.425264
-0.423051
-0.420878
-0.418905
-0.417206
-0.41588
-0.414973
-0.414431
-0.414193
-0.414157
-0.414196
-0.414186
-0.414027
-0.413641
-0.412987
-0.412055
-0.41089
-0.409527
-0.40803
-0.406429
-0.404754
-0.402978
-0.401087
-0.399015
-0.396717
-0.394244
-0.391719
-0.389389
-0.387577
-0.386599
-0.38663
-0.387654
-0.389431
-0.391599
-0.393784
-0.395652
-0.396987
-0.397706
-0.39783
-0.397463
-0.3968
-0.396026
-0.39533
-0.394868
-0.394736
-0.394942
-0.395465
-0.396162
-0.396877
-0.397425
-0.397655
-0.397427
-0.396659
-0.395385
-0.393744
-0.391991
-0.390469
-0.389557
-0.389548
-0.390575
-0.39257
-0.395282
-0.398346
-0.401419
-0.404225
-0.406575
-0.408367
-0.409576
-0.41023
-0.41036
-0.410025
-0.409279
-0.408167
-0.406726
-0.405024
-0.403129
-0.40112
-0.399127
-0.39728
-0.395686
-0.394425
-0.393489
-0.392739
-0.391903
-0.390603
-0.388379
-0.384802
-0.379565
-0.372802
-0.365236
-0.358354
-0.354007
-0.353706
-0.357783
-0.365237
-0.374345
-0.383487
-0.391617
-0.398285
-0.40348
-0.407328
-0.409999
-0.411596
-0.412129
-0.411525
-0.409569
-0.405982
-0.400481
-0.392839
-0.383086
-0.371765
-0.360133
-0.350104
-0.34371
-0.342271
-0.345776
-0.352987
-0.362092
-0.371465
-0.379952
-0.386923
-0.392098
-0.395477
-0.397259
-0.397764
-0.397421
-0.396739
-0.396187
-0.396124
-0.396761
-0.398118
-0.400075
-0.402415
-0.404921
-0.407366
-0.409582
-0.411448
-0.412878
-0.413837
-0.414323
-0.414328
-0.413892
-0.413062
-0.411889
-0.410453
-0.408844
-0.407181
-0.405556
-0.404103
-0.402897
-0.402038
-0.401519
-0.401348
-0.401456
-0.401739
-0.402094
-0.402382
-0.40249
-0.402302
-0.401738
-0.400735
-0.399297
-0.397486
-0.395452
-0.393405
-0.391633
-0.390432
-0.390072
-0.390728
-0.392388
-0.394922
-0.398069
-0.401498
-0.404939
-0.408136
-0.410928
-0.413189
-0.414887
-0.415989
-0.416493
-0.41639
-0.415705
-0.414434
-0.412586
-0.41021
-0.407373
-0.404224
-0.400972
-0.39788
-0.39527
-0.393455
-0.392704
-0.393155
-0.394807
-0.397479
-0.400889
-0.40468
-0.408504
-0.412063
-0.415107
-0.417473
-0.41907
-0.419859
-0.419876
-0.419145
-0.417766
-0.415833
-0.413479
-0.410851
-0.408103
-0.405382
-0.402815
-0.40053
-0.398611
-0.397097
-0.395998
-0.395334
-0.39505
-0.395092
-0.395385
-0.395838
-0.396316
-0.396712
-0.396907
-0.396778
-0.396228
-0.395223
-0.393784
-0.391998
-0.390015
-0.387979
-0.386072
-0.384405
-0.383007
-0.381833
-0.380813
-0.379874
-0.378975
-0.37814
-0.377434
-0.376997
-0.377013
-0.377644
-0.379049
-0.381249
-0.384116
-0.387388
-0.39067
-0.393603
-0.395895
-0.397405
-0.398105
-0.39809
-0.397508
-0.39654
-0.395381
-0.394186
-0.393043
-0.392017
-0.391089
-0.390222
-0.389308
-0.388285
-0.387047
-0.3855
-0.383619
-0.381384
-0.378852
-0.376117
-0.373335
-0.370673
-0.36835
-0.366519
-0.365344
-0.364909
-0.365256
-0.366322
-0.368006
-0.370139
-0.37257
-0.375113
-0.377621
-0.379985
-0.38211
-0.383937
-0.385439
-0.386611
-0.387465
-0.388015
-0.388298
-0.388347
-0.388172
-0.38779
-0.387204
-0.386414
-0.385395
-0.384153
-0.382674
-0.380961
-0.37907
-0.377054
-0.375035
-0.373154
-0.371598
-0.370528
-0.37011
-0.370386
-0.371383
-0.373008
-0.375108
-0.377482
-0.379923
-0.382243
-0.38426
-0.385859
-0.386911
-0.387332
-0.387036
-0.385966
-0.38405
-0.381257
-0.377595
-0.373092
-0.367876
-0.362118
-0.356038
-0.349891
-0.343908
-0.338307
-0.333241
-0.328916
-0.325642
-0.32393
-0.324344
-0.327234
-0.332501
-0.339507
-0.347274
-0.354838
-0.361514
-0.366942
-0.37105
-0.37394
-0.375794
-0.376812
-0.377211
-0.377147
-0.37675
-0.376147
-0.375399
-0.374549
-0.373614
-0.372566
-0.371356
-0.369892
-0.368053
-0.365727
-0.362776
-0.359143
-0.354843
-0.350028
-0.345016
-0.340265
-0.3363
-0.333592
-0.332374
-0.332641
-0.334132
-0.336501
-0.339363
-0.34241
-0.345363
-0.348047
-0.350295
-0.351975
-0.35302
-0.353382
-0.353065
-0.352129
-0.350678
-0.34884
-0.346794
-0.344745
-0.342891
-0.341409
-0.340465
-0.340104
-0.34033
-0.341043
-0.342095
-0.343274
-0.344373
-0.34517
-0.345463
-0.345064
-0.343838
-0.341689
-0.338566
-0.334553
-0.329878
-0.32498
-0.320473
-0.31712
-0.315546
-0.316062
-0.318525
-0.322383
-0.326884
-0.331288
-0.335062
-0.337877
-0.339565
-0.340076
-0.339432
-0.337691
-0.334913
-0.331219
-0.326785
-0.321873
-0.316833
-0.312104
-0.308163
-0.305363
-0.303918
-0.303767
-0.304694
-0.30632
-0.308258
-0.310204
-0.311961
-0.313402
-0.31449
-0.31523
-0.315686
-0.315901
-0.315942
-0.315847
-0.315652
-0.315385
-0.315069
-0.314697
-0.314287
-0.313837
-0.313334
-0.312807
-0.312227
-0.311615
-0.310969
-0.310309
-0.309654
-0.309032
-0.308451
-0.307965
-0.307608
-0.307389
-0.307359
-0.307515
-0.307877
-0.308462
-0.309259
-0.310262
-0.311451
-0.312808
-0.314298
-0.315889
-0.317565
-0.319271
-0.320988
-0.322687
-0.324329
-0.325909
-0.327398
-0.328789
-0.330048
-0.331184
-0.332166
-0.333004
-0.333678
-0.334166
-0.334467
-0.334569
-0.334456
-0.334086
-0.333463
-0.332549
-0.331304
-0.329702
-0.327769
-0.325537
-0.323175
-0.320918
-0.319127
-0.318179
-0.318379
-0.319914
-0.322731
-0.326546
-0.33098
-0.335612
-0.340075
-0.344138
-0.347623
-0.350461
-0.352612
-0.354026
-0.354663
-0.354462
-0.353397
-0.351412
-0.348534
-0.34481
-0.340348
-0.335331
-0.330059
-0.324985
-0.320799
-0.318428
-0.318752
-0.322166
-0.328278
-0.336028
-0.344097
-0.351356
-0.357139
-0.361178
-0.363487
-0.364214
-0.363467
-0.361331
-0.357878
-0.353233
-0.347688
-0.341796
-0.336359
-0.332376
-0.33074
-0.331928
-0.335769
-0.341528
-0.348124
-0.354497
-0.359792
-0.36347
-0.365274
-0.365161
-0.363232
-0.359735
-0.355033
-0.34965
-0.344197
-0.339399
-0.335985
-0.33452
-0.335306
-0.338347
-0.343281
-0.349595
-0.356638
-0.363802
-0.370593
-0.376658
-0.381779
-0.385874
-0.388921
-0.390947
-0.392031
-0.392247
-0.39166
-0.390341
-0.388379
-0.385849
-0.382801
-0.379321
-0.375497
-0.371389
-0.367102
-0.362741
-0.358424
-0.354317
-0.350661
-0.347754
-0.345899
-0.345354
-0.346202
-0.34835
-0.351532
-0.35536
-0.359498
-0.363645
-0.36762
-0.371311
-0.374661
-0.377678
-0.380354
-0.382708
-0.38475
-0.386499
-0.38795
-0.389104
-0.389959
-0.390495
-0.390708
-0.390613
-0.390192
-0.389492
-0.388532
-0.387379
-0.386112
-0.384827
-0.38362
-0.382564
-0.381721
-0.381091
-0.380642
-0.380306
-0.379996
-0.379615
-0.379125
-0.378453
-0.377584
-0.376492
-0.375148
-0.373478
-0.37147
-0.369145
-0.36664
-0.364231
-0.362257
-0.361087
-0.36099
-0.362059
-0.364158
-0.367051
-0.370406
-0.373893
-0.37728
-0.380404
-0.383176
-0.385603
-0.387736
-0.389642
-0.391369
-0.392973
-0.394447
-0.395752
-0.396824
-0.397552
-0.397808
-0.397455
-0.396355
-0.394412
-0.391622
-0.388096
-0.384132
-0.380256
-0.377114
-0.37533
-0.375309
-0.377093
-0.380355
-0.384556
-0.389144
-0.393693
-0.397934
-0.401738
-0.405047
-0.407816
-0.409981
-0.411408
-0.411918
-0.411252
-0.409085
-0.405043
-0.398806
-0.390191
-0.379391
-0.367273
-0.355641
-0.347013
-0.343804
-0.34704
-0.355815
-0.367908
-0.380953
-0.393297
-0.404118
-0.413229
-0.420749
-0.426952
-0.432119
-0.436507
-0.440333
-0.443736
-0.446851
-0.449751
-0.452489
-0.455083
-0.457549
-0.459864
-0.462
-0.463941
-0.465633
-0.467016
-0.46803
-0.468597
-0.468619
-0.467992
-0.466647
-0.464496
-0.461493
-0.457648
-0.453035
-0.447815
-0.442199
-0.436411
-0.430581
-0.424713
-0.418628
-0.412079
-0.404948
-0.397537
-0.390734
-0.385892
-0.384309
-0.386631
-0.392466
-0.400774
-0.410348
-0.420204
-0.429622
-0.438076
-0.445177
-0.450672
-0.454457
-0.456597
-0.457268
-0.45672
-0.455217
-0.45306
-0.450494
-0.44779
-0.44516
-0.442787
-0.440804
-0.439301
-0.43834
-0.437908
-0.437965
-0.438402
-0.439111
-0.439933
-0.440721
-0.441354
-0.441665
-0.441557
-0.440939
-0.439733
-0.437914
-0.43549
-0.432549
-0.429259
-0.425815
-0.422518
-0.419673
-0.417505
-0.416194
-0.41574
-0.415989
-0.416722
-0.417646
-0.418518
-0.419147
-0.419392
-0.41921
-0.418575
-0.417483
-0.416004
-0.414192
-0.412136
-0.409916
-0.407646
-0.405428
-0.403367
-0.40155
-0.40004
-0.398856
-0.397989
-0.397398
-0.39704
-0.396883
-0.3969
-0.397145
-0.397706
-0.398696
-0.400209
-0.402277
-0.404817
-0.407695
-0.410684
-0.413551
-0.416069
-0.418095
-0.41952
-0.420303
-0.420433
-0.419948
-0.418944
-0.41752
-0.415822
-0.413992
-0.412121
-0.410233
-0.408243
-0.405986
-0.403254
-0.399946
-0.396133
-0.392105
-0.388309
-0.385196
-0.383097
-0.382226
-0.382755
-0.384841
-0.388607
-0.394006
-0.400749
-0.408317
-0.416082
-0.423444
-0.42987
-0.434912
-0.438295
-0.439815
-0.439356
-0.436942
-0.432706
-0.426881
-0.419835
-0.412048
-0.404148
-0.396774
-0.390556
-0.386004
-0.383452
-0.383059
-0.384797
-0.388481
-0.393855
-0.400567
-0.408198
-0.416267
-0.424279
-0.431766
-0.438286
-0.443488
-0.447117
-0.448998
-0.449156
-0.447761
-0.445165
-0.441912
-0.438619
-0.43583
-0.433913
-0.432915
-0.432626
-0.432722
-0.432837
-0.432684
-0.432042
-0.430777
-0.42887
-0.426443
-0.423837
-0.421568
-0.420163
-0.420054
-0.421391
-0.424008
-0.427474
-0.431292
-0.435011
-0.438315
-0.441021
-0.443066
-0.444472
-0.4453
-0.445634
-0.445572
-0.445189
-0.44458
-0.443814
-0.442942
-0.442018
-0.441055
-0.440073
-0.439078
-0.438046
-0.436943
-0.435721
-0.434292
-0.432564
-0.430427
-0.427763
-0.424462
-0.420457
-0.415739
-0.410439
-0.404766
-0.399078
-0.393872
-0.389712
-0.387244
-0.387059
-0.38953
-0.394648
-0.401953
-0.410614
-0.419704
-0.428386
-0.436097
-0.442534
-0.447586
-0.451319
-0.453844
-0.455306
-0.455867
-0.455667
-0.454845
-0.453546
-0.451885
-0.449994
-0.447962
-0.445876
-0.443822
-0.441872
-0.440118
-0.438664
-0.43763
-0.437153
-0.437332
-0.438202
-0.439695
-0.441652
-0.443823
-0.445949
-0.447764
-0.449089
-0.449779
-0.449745
-0.448925
-0.447288
-0.444789
-0.441425
-0.437296
-0.432688
-0.428054
-0.424044
-0.421261
-0.42009
-0.420567
-0.42246
-0.425416
-0.429199
-0.433732
-0.438984
-0.444904
-0.451272
-0.457719
-0.46383
-0.469191
-0.473518
-0.47665
-0.47855
-0.479247
-0.478821
-0.477334
-0.474814
-0.471233
-0.466515
-0.460579
-0.453461
-0.445371
-0.436932
-0.42913
-0.423289
-0.42063
-0.421789
-0.426474
-0.433655
-0.441892
-0.449923
-0.456852
-0.462183
-0.465818
-0.467836
-0.468417
-0.467788
-0.466106
-0.463547
-0.460239
-0.456328
-0.452009
-0.447511
-0.443101
-0.439095
-0.435788
-0.433386
-0.432059
-0.431837
-0.432647
-0.434337
-0.436737
-0.439642
-0.442856
-0.446228
-0.449633
-0.452943
-0.456071
-0.458921
-0.461463
-0.463661
-0.465525
-0.467056
-0.468286
-0.469236
-0.469946
-0.470404
-0.470623
-0.470566
-0.470213
-0.469549
-0.468536
-0.467112
-0.465212
-0.462744
-0.459621
-0.455761
-0.451179
-0.445951
-0.440356
-0.43478
-0.429711
-0.425624
-0.422892
-0.421602
-0.421568
-0.422358
-0.423422
-0.424259
-0.424507
-0.423992
-0.42277
-0.421023
-0.419027
-0.417034
-0.415286
-0.413952
-0.413147
-0.412944
-0.413396
-0.414539
-0.416398
-0.418919
-0.422067
-0.425683
-0.429594
-0.433621
-0.437534
-0.441194
-0.444422
-0.447152
-0.44933
-0.450963
-0.452073
-0.45269
-0.452872
-0.452683
-0.452181
-0.451427
-0.450481
-0.449406
-0.448228
-0.447018
-0.44581
-0.444654
-0.44357
-0.442595
-0.441731
-0.440975
-0.440303
-0.439667
-0.439036
-0.438331
-0.437478
-0.436424
-0.435132
-0.433548
-0.431679
-0.429542
-0.427154
-0.424555
-0.421755
-0.418743
-0.415495
-0.411978
-0.408226
-0.40437
-0.400675
-0.397498
-0.395204
-0.394104
-0.394286
-0.39564
-0.397861
-0.400542
-0.4033
-0.405847
-0.408082
-0.410055
-0.411989
-0.41416
-0.416822
-0.420088
-0.423936
-0.428159
-0.432495
-0.436646
-0.440378
-0.443512
-0.445977
-0.447748
-0.448872
-0.449408
-0.449468
-0.449157
-0.448612
-0.447926
-0.447218
-0.446611
-0.446206
-0.446076
-0.446268
-0.446821
-0.447727
-0.448949
-0.450426
-0.452072
-0.45377
-0.455382
-0.456734
-0.457639
-0.457871
-0.457175
-0.455268
-0.451889
-0.446937
-0.440586
-0.433508
-0.426967
-0.42256
-0.421648
-0.424598
-0.43061
-0.438147
-0.445658
-0.452088
-0.45696
-0.460222
-0.462055
-0.462753
-0.462605
-0.461904
-0.460932
-0.459929
-0.459107
-0.458632
-0.458554
-0.45884
-0.459388
-0.460025
-0.460596
-0.460961
-0.46102
-0.460732
-0.460114
-0.459189
-0.45802
-0.456677
-0.455242
-0.453811
-0.452533
-0.451545
-0.450962
-0.450821
-0.451163
-0.451909
-0.452984
-0.454258
-0.45561
-0.456914
-0.458093
-0.459116
-0.460009
-0.460831
-0.461714
-0.462802
-0.464269
-0.466242
-0.468804
-0.471942
-0.475563
-0.479506
-0.483581
-0.487579
-0.491326
-0.494697
-0.497567
-0.499873
-0.501536
-0.502503
-0.502733
-0.502166
-0.50078
-0.498596
-0.495709
-0.492339
-0.488836
-0.485652
-0.483252
-0.481996
-0.481991
-0.483096
-0.484955
-0.4871
-0.489114
-0.490669
-0.491601
-0.49186
-0.491471
-0.490546
-0.489202
-0.48756
-0.48574
-0.483796
-0.481756
-0.479593
-0.47723
-0.474607
-0.471665
-0.468358
-0.464683
-0.460744
-0.456678
-0.452702
-0.449062
-0.446012
-0.443776
-0.442495
-0.442218
-0.442915
-0.44445
-0.446652
-0.449254
-0.452043
-0.454809
-0.457422
-0.459838
-0.462105
-0.464338
-0.466631
-0.469069
-0.471625
-0.47421
-0.47668
-0.478912
-0.480799
-0.482312
-0.483489
-0.484382
-0.485061
-0.485593
-0.48601
-0.4863
-0.486402
-0.486181
-0.485471
-0.484073
-0.481753
-0.478303
-0.473599
-0.467641
-0.460688
-0.453202
-0.445822
-0.439236
-0.433962
-0.430345
-0.428585
-0.428888
-0.431469
-0.436445
-0.443704
-0.452786
-0.46292
-0.473213
-0.482817
-0.491077
-0.497593
-0.502184
-0.504924
-0.506032
-0.505886
-0.504933
-0.503612
-0.502265
-0.501047
-0.499849
-0.498371
-0.496204
-0.492961
-0.488441
-0.482709
-0.476197
-0.469753
-0.464458
-0.461462
-0.461453
-0.464431
-0.4696
-0.475659
-0.48124
-0.485246
-0.486943
-0.485996
-0.482392
-0.476342
-0.468229
-0.458625
-0.448319
-0.438334
-0.42994
-0.42438
-0.422539
-0.424541
-0.429776
-0.437135
-0.445495
-0.454014
-0.462209
-0.469857
-0.476871
-0.483235
-0.488951
-0.493984
-0.498293
-0.501822
-0.50449
-0.506227
-0.506943
-0.506605
-0.505213
-0.502861
-0.499728
-0.496116
-0.49236
-0.488828
-0.48589
-0.483896
-0.483161
-0.483886
-0.486174
-0.489818
-0.494416
-0.499374
-0.504113
-0.508085
-0.51091
-0.512313
-0.512203
-0.510562
-0.507441
-0.502984
-0.497417
-0.491101
-0.484501
-0.478167
-0.472673
-0.468554
-0.466191
-0.465644
-0.466738
-0.469027
-0.471999
-0.475158
-0.4781
-0.480586
-0.482518
-0.483922
-0.484867
-0.485493
-0.485885
-0.48615
-0.486345
-0.486482
-0.48658
-0.486619
-0.486601
-0.486527
-0.486384
-0.486161
-0.485829
-0.485345
-0.48463
-0.483646
-0.482375
-0.480821
-0.479054
-0.477131
-0.475168
-0.473256
-0.471487
-0.469922
-0.468652
-0.467803
-0.467491
-0.467834
-0.468928
-0.470797
-0.473341
-0.476406
-0.479745
-0.483113
-0.486265
-0.489
-0.491165
-0.492675
-0.493462
-0.493442
-0.492547
-0.490697
-0.487753
-0.483604
-0.478124
-0.471269
-0.463163
-0.454116
-0.444772
-0.436011
-0.428804
-0.423975
-0.421928
-0.422557
-0.425432
-0.429949
-0.435527
-0.441693
-0.448055
-0.45426
-0.460021
-0.465104
-0.469335
-0.472638
-0.475002
-0.476463
-0.477152
-0.477211
-0.47684
-0.476271
-0.475742
-0.475487
-0.475677
-0.476447
-0.477868
-0.479912
-0.482492
-0.485439
-0.488594
-0.491791
-0.494844
-0.497625
-0.500062
-0.50209
-0.503687
-0.504883
-0.505698
-0.506175
-0.50636
-0.506305
-0.506068
-0.505699
-0.505258
-0.504775
-0.504254
-0.503703
-0.503072
-0.502278
-0.501231
-0.499773
-0.49775
-0.495025
-0.491533
-0.487372
-0.48284
-0.478504
-0.475092
-0.473328
-0.473669
-0.476069
-0.480015
-0.484723
-0.489417
-0.49346
-0.496462
-0.498257
-0.498824
-0.498263
-0.49673
-0.494427
-0.491585
-0.488454
-0.485272
-0.482236
-0.479498
-0.477143
-0.475229
-0.473777
-0.472818
-0.472326
-0.472311
-0.472753
-0.473593
-0.474754
-0.476127
-0.477592
-0.47907
-0.480486
-0.481785
-0.482936
-0.483926
-0.48476
-0.485417
-0.48591
-0.486198
-0.48625
-0.486008
-0.485412
-0.484368
-0.482772
-0.480519
-0.477561
-0.473862
-0.46949
-0.464583
-0.459415
-0.454317
-0.449695
-0.44584
-0.442928
-0.440954
-0.439808
-0.43935
-0.439477
-0.440167
-0.441411
-0.443206
-0.445459
-0.448025
-0.450675
-0.453176
-0.455302
-0.456902
-0.457897
-0.458258
-0.458034
-0.457311
-0.45619
-0.454786
-0.453235
-0.451669
-0.450187
-0.448892
-0.447831
-0.44702
-0.446435
-0.446014
-0.445668
-0.445293
-0.444762
-0.443967
-0.442804
-0.441226
-0.439206
-0.436769
-0.434006
-0.431075
-0.428164
-0.425539
-0.423431
-0.422051
-0.421511
-0.421818
-0.422859
-0.424452
-0.426361
-0.428365
-0.430254
-0.43191
-0.433253
-0.434284
-0.435047
-0.435606
-0.43603
-0.436431
-0.436856
-0.437355
-0.437952
-0.438646
-0.439412
-0.440222
-0.441022
-0.441788
-0.442489
-0.443117
-0.443687
-0.44426
-0.444911
-0.44567
-0.446624
-0.447785
-0.449136
-0.450602
-0.452047
-0.453309
-0.454169
-0.454415
-0.453835
-0.452238
-0.449515
-0.44564
-0.440732
-0.435091
-0.429201
-0.423739
-0.419408
-0.4169
-0.416716
-0.419068
-0.423841
-0.430559
-0.43847
-0.446704
-0.454505
-0.46134
-0.466945
-0.471332
-0.474676
-0.477284
-0.479467
-0.481544
-0.483768
-0.48627
-0.489074
-0.4921
-0.495152
-0.498005
-0.500376
-0.501984
-0.502551
-0.501795
-0.499457
-0.495286
-0.489208
-0.481411
-0.472542
-0.463831
-0.456834
-0.452823
-0.452223
-0.454382
-0.458011
-0.461917
-0.465371
-0.468203
-0.470624
-0.472989
-0.475629
-0.478796
-0.482624
-0.487061
-0.491947
-0.497008
-0.501965
-0.506533
-0.510473
-0.513612
-0.515825
-0.517036
-0.517229
-0.516405
-0.514602
-0.511907
-0.508534
-0.504724
-0.500852
-0.497357
-0.494607
-0.49282
-0.491968
-0.491747
-0.491705
-0.491354
-0.490262
-0.488179
-0.485049
-0.481048
-0.476571
-0.472214
-0.468663
-0.466578
-0.466366
-0.468078
-0.471448
-0.475981
-0.481145
-0.486481
-0.491661
-0.496497
-0.500903
-0.504848
-0.508305
-0.511263
-0.513723
-0.51567
-0.517104
-0.51804
-0.518485
-0.518435
-0.517912
-0.516938
-0.51554
-0.513721
-0.511512
-0.508937
-0.506034
-0.502851
-0.499439
-0.495875
-0.492234
-0.488596
-0.485042
-0.48167
-0.478564
-0.475776
-0.473355
-0.471333
-0.469703
-0.468471
-0.467623
-0.467118
-0.46691
-0.466976
-0.467234
-0.467581
-0.467921
-0.468126
-0.468064
-0.46766
-0.466855
-0.465646
-0.464098
-0.462349
-0.460575
-0.45898
-0.457807
-0.45726
-0.457489
-0.458528
-0.460267
-0.46245
-0.464724
-0.466726
-0.468149
-0.468768
-0.468544
-0.467501
-0.465842
-0.463802
-0.461678
-0.459764
-0.458324
-0.457527
-0.457427
-0.457974
-0.459033
-0.460416
-0.46191
-0.463365
-0.464668
-0.465715
-0.466511
-0.467063
-0.467377
-0.467507
-0.467486
-0.467341
-0.467072
-0.466658
-0.466073
-0.465288
-0.464237
-0.462856
-0.461099
-0.458926
-0.456283
-0.453162
-0.449543
-0.445451
-0.440921
-0.43603
-0.430839
-0.425438
-0.419971
-0.414587
-0.409438
-0.404703
-0.400573
-0.397277
-0.395004
-0.393948
-0.394261
-0.395974
-0.399024
-0.403172
-0.407984
-0.412893
-0.417277
-0.420603
-0.42245
-0.422621
-0.421159
-0.418363
-0.414787
-0.411168
-0.408324
-0.406898
-0.40722
-0.409163
-0.412192
-0.415641
-0.418841
-0.421332
-0.42295
-0.423777
-0.424031
-0.424026
-0.424041
-0.42424
-0.424625
-0.425073
-0.425374
-0.425228
-0.424304
-0.422309
-0.418953
-0.414023
-0.407397
-0.399076
-0.38927
-0.378426
-0.367237
-0.356626
-0.347573
-0.34094
-0.337309
-0.336835
-0.339262
-0.343982
-0.350133
-0.356799
-0.36311
-0.368372
-0.372167
-0.374376
-0.375208
-0.375182
-0.374988
-0.375343
-0.376703
-0.379171
-0.382435
-0.385963
-0.389188
-0.391647
-0.3931
-0.39345
-0.392772
-0.391214
-0.388992
-0.386367
-0.383611
-0.380984
-0.378729
-0.377016
-0.37594
-0.375513
-0.375665
-0.376272
-0.377159
-0.378158
-0.379101
-0.379821
-0.380192
-0.380128
-0.379571
-0.378522
-0.377021
-0.375177
-0.373098
-0.370918
-0.368767
-0.366744
-0.36493
-0.363358
-0.362061
-0.36109
-0.360472
-0.360296
-0.360631
-0.361514
-0.362946
-0.364833
-0.36701
-0.369312
-0.371544
-0.373523
-0.375104
-0.376222
-0.376851
-0.376994
-0.376719
-0.376101
-0.375226
-0.374187
-0.373098
-0.37204
-0.371087
-0.370296
-0.3697
-0.369301
-0.36908
-0.368957
-0.368902
-0.368843
-0.368712
-0.368459
-0.368052
-0.367461
-0.366679
-0.365728
-0.364653
-0.363481
-0.362295
-0.361159
-0.360135
-0.359276
-0.358613
-0.358162
-0.357892
-0.357783
-0.357787
-0.357826
-0.357844
-0.357813
-0.357706
-0.357499
-0.357184
-0.356784
-0.356295
-0.355764
-0.355195
-0.354608
-0.354044
-0.353508
-0.353021
-0.352577
-0.352183
-0.351851
-0.351577
-0.351364
-0.351213
-0.351116
-0.35108
-0.3511
-0.351147
-0.351229
-0.351334
-0.351456
-0.351579
-0.351724
-0.351896
-0.352148
-0.352511
-0.353056
-0.353805
-0.354797
-0.356005
-0.357375
-0.358771
-0.360023
-0.360889
-0.361142
-0.360585
-0.359094
-0.356714
-0.353712
-0.350632
-0.348186
-0.34709
-0.347796
-0.350281
-0.354089
-0.358472
-0.362721
-0.366306
-0.368905
-0.370427
-0.37092
-0.370517
-0.369385
-0.367731
-0.365757
-0.36368
-0.36174
-0.360128
-0.359017
-0.358495
-0.35859
-0.359269
-0.360442
-0.361992
-0.363804
-0.365785
-0.36787
-0.369993
-0.372129
-0.37425
-0.376335
-0.378342
-0.380229
-0.381928
-0.383378
-0.384537
-0.385314
-0.38563
-0.38541
-0.384607
-0.383236
-0.381374
-0.379215
-0.37706
-0.375295
-0.374352
-0.374549
-0.375993
-0.378548
-0.381848
-0.385449
-0.388901
-0.391873
-0.394164
-0.395679
-0.396472
-0.396621
-0.396276
-0.395593
-0.39472
-0.393792
-0.392902
-0.392109
-0.391435
-0.390826
-0.39023
-0.389577
-0.388817
-0.387898
-0.386836
-0.385612
-0.384273
-0.382848
-0.381387
-0.379953
-0.37858
-0.377339
-0.376239
-0.375378
-0.374816
-0.374642
-0.374984
-0.375911
-0.377501
-0.379758
-0.382612
-0.385916
-0.389464
-0.393035
-0.396442
-0.39952
-0.402165
-0.404353
-0.406063
-0.407338
-0.408202
-0.408713
-0.408909
-0.408851
-0.408577
-0.408125
-0.407515
-0.406799
-0.405998
-0.405159
-0.404302
-0.403491
-0.402732
-0.402071
-0.401514
-0.401071
-0.400744
-0.400518
-0.400345
-0.400186
-0.399977
-0.399642
-0.399093
-0.398223
-0.396933
-0.395124
-0.392705
-0.389651
-0.385964
-0.381758
-0.377238
-0.372744
-0.368691
-0.3655
-0.363533
-0.363
-0.363946
-0.366295
-0.369904
-0.374577
-0.38008
-0.386124
-0.392353
-0.39842
-0.403995
-0.408852
-0.412861
-0.415992
-0.418318
-0.41994
-0.420994
-0.421597
-0.421854
-0.421893
-0.421775
-0.421573
-0.421358
-0.42117
-0.42105
-0.420999
-0.421013
-0.421074
-0.421133
-0.421111
-0.420921
-0.420487
-0.419729
-0.418574
-0.416974
-0.414904
-0.412391
-0.409518
-0.4064
-0.403227
-0.400222
-0.397612
-0.395611
-0.394355
-0.393908
-0.394202
-0.395085
-0.396318
-0.397657
-0.398884
-0.399861
-0.400522
-0.400873
-0.401006
-0.401047
-0.401172
-0.401552
-0.402348
-0.40371
-0.405772
-0.408531
-0.411899
-0.415647
-0.419494
-0.423136
-0.426298
-0.428789
-0.430507
-0.431429
-0.431599
-0.431072
-0.429973
-0.428353
-0.426269
-0.423743
-0.420789
-0.417389
-0.413507
-0.409104
-0.404126
-0.398601
-0.392569
-0.38621
-0.37989
-0.374197
-0.369899
-0.367792
-0.368457
-0.372039
-0.378121
-0.385852
-0.394247
-0.402391
-0.409621
-0.415574
-0.420142
-0.423403
-0.425482
-0.426549
-0.426777
-0.426291
-0.425209
-0.423615
-0.421582
-0.419168
-0.416422
-0.413424
-0.410241
-0.407006
-0.403854
-0.400954
-0.398455
-0.396509
-0.395201
-0.394516
-0.394403
-0.394715
-0.395269
-0.395892
-0.396428
-0.396729
-0.396721
-0.396345
-0.395576
-0.394436
-0.392953
-0.391187
-0.389176
-0.38699
-0.384683
-0.382286
-0.379822
-0.377272
-0.374631
-0.371898
-0.369131
-0.366471
-0.364144
-0.362448
-0.361702
-0.362118
-0.363754
-0.366469
-0.36997
-0.373888
-0.37788
-0.381668
-0.385028
-0.387875
-0.390185
-0.392
-0.393371
-0.394401
-0.395153
-0.395645
-0.395877
-0.395761
-0.395163
-0.393881
-0.391687
-0.388349
-0.383643
-0.377455
-0.36982
-0.361125
-0.352213
-0.344368
-0.339114
-0.337594
-0.339999
-0.345452
-0.352449
-0.359517
-0.365676
-0.370465
-0.37385
-0.375995
-0.377144
-0.377544
-0.377396
-0.376873
-0.376117
-0.375189
-0.374127
-0.372928
-0.37153
-0.369828
-0.367735
-0.36512
-0.361941
-0.358183
-0.353944
-0.349413
-0.344893
-0.340759
-0.337414
-0.335184
-0.334286
-0.334774
-0.336575
-0.339471
-0.343193
-0.347468
-0.351997
-0.356533
-0.360863
-0.364837
-0.368342
-0.371326
-0.373789
-0.375728
-0.377191
-0.378211
-0.378849
-0.379154
-0.379177
-0.378977
-0.378593
-0.378089
-0.377498
-0.37686
-0.376215
-0.375576
-0.374958
-0.374339
-0.373709
-0.37303
-0.372246
-0.371269
-0.370012
-0.368383
-0.366257
-0.363562
-0.360237
-0.356264
-0.351733
-0.346825
-0.341832
-0.337134
-0.333147
-0.330272
-0.328852
-0.329101
-0.331048
-0.334509
-0.339069
-0.344145
-0.349173
-0.353649
-0.357285
-0.359994
-0.361886
-0.363186
-0.364129
-0.364913
-0.365586
-0.366134
-0.366412
-0.366247
-0.365505
-0.364178
-0.362376
-0.360363
-0.3585
-0.357117
-0.356418
-0.356392
-0.356779
-0.357181
-0.357166
-0.356318
-0.354392
-0.351336
-0.347414
-0.343235
-0.33976
-0.338134
-0.339384
-0.343982
-0.35168
-0.361561
-0.372358
-0.382882
-0.392278
-0.400024
-0.405905
-0.409936
-0.412191
-0.412777
-0.411726
-0.409044
-0.404676
-0.398565
-0.390777
-0.381624
-0.371852
-0.36273
-0.355909
-0.352888
-0.354306
-0.359646
-0.367503
-0.37622
-0.384461
-0.391416
-0.396697
-0.400245
-0.402165
-0.402606
-0.401836
-0.400107
-0.397678
-0.394793
-0.391645
-0.388378
-0.385093
-0.381922
-0.379107
-0.376994
-0.375991
-0.376413
-0.378345
-0.381596
-0.385763
-0.390376
-0.395078
-0.39961
-0.403831
-0.407672
-0.411062
-0.413946
-0.416277
-0.41803
-0.419196
-0.419808
-0.419868
-0.419464
-0.418685
-0.417601
-0.416347
-0.415056
-0.413875
-0.412906
-0.412247
-0.411898
-0.411791
-0.411758
-0.4116
-0.41107
-0.409971
-0.40815
-0.405536
-0.402184
-0.398209
-0.393857
-0.389418
-0.385227
-0.381623
-0.378911
-0.377386
-0.377254
-0.378545
-0.381161
-0.384834
-0.389205
-0.393858
-0.398437
-0.402598
-0.406105
-0.408807
-0.410606
-0.411505
-0.41158
-0.410963
-0.409859
-0.40848
-0.407097
-0.405971
-0.405301
-0.405239
-0.405863
-0.407138
-0.408966
-0.411155
-0.413501
-0.415788
-0.41781
-0.419381
-0.420343
-0.420594
-0.420064
-0.41871
-0.41659
-0.413763
-0.410428
-0.406789
-0.403139
-0.39976
-0.396899
-0.39471
-0.393241
-0.392429
-0.392109
-0.392048
-0.391979
-0.391546
-0.39036
-0.387912
-0.383675
-0.377274
-0.368884
-0.359653
-0.351809
-0.348023
-0.350035
-0.357554
-0.368519
-0.380408
-0.391388
-0.400559
-0.407733
-0.413097
-0.416938
-0.419566
-0.421232
-0.422153
-0.422505
-0.422461
-0.42211
-0.421572
-0.42091
-0.420178
-0.419427
-0.418696
-0.418016
-0.417434
-0.416932
-0.416473
-0.415957
-0.41514
-0.413714
-0.411294
-0.407474
-0.401953
-0.394674
-0.385985
-0.376759
-0.368307
-0.362145
-0.359476
-0.360819
-0.365814
-0.373506
-0.382585
-0.39183
-0.400298
-0.407354
-0.412698
-0.416271
-0.418178
-0.418658
-0.417999
-0.416562
-0.414726
-0.412876
-0.411356
-0.410431
-0.410244
-0.410831
-0.412107
-0.413872
-0.415884
-0.417878
-0.4196
-0.420798
-0.421309
-0.420981
-0.419754
-0.417699
-0.414998
-0.411962
-0.409027
-0.406575
-0.40488
-0.403985
-0.40367
-0.403544
-0.403182
-0.402284
-0.40073
-0.398659
-0.396388
-0.394342
-0.392976
-0.392617
-0.393415
-0.395303
-0.398039
-0.401277
-0.404645
-0.407826
-0.410571
-0.412724
-0.414216
-0.415068
-0.41533
-0.415131
-0.414601
-0.413867
-0.413089
-0.412328
-0.411615
-0.41098
-0.410352
-0.409705
-0.408935
-0.408008
-0.406884
-0.405563
-0.40415
-0.402788
-0.401715
-0.401205
-0.401517
-0.402812
-0.405079
-0.408161
-0.411731
-0.415415
-0.41886
-0.421803
-0.424074
-0.425584
-0.426297
-0.426219
-0.425385
-0.423812
-0.421564
-0.418667
-0.415183
-0.411242
-0.406984
-0.402646
-0.398503
-0.394878
-0.392051
-0.39028
-0.389738
-0.390447
-0.392285
-0.395046
-0.398408
-0.402036
-0.405574
-0.408761
-0.411413
-0.413475
-0.415002
-0.416105
-0.416921
-0.417622
-0.418297
-0.419025
-0.41979
-0.420571
-0.421294
-0.421873
-0.422234
-0.422305
-0.42206
-0.421497
-0.420666
-0.419691
-0.418722
-0.417939
-0.417538
-0.417679
-0.418443
-0.419843
-0.421759
-0.424029
-0.4264
-0.428619
-0.43044
-0.431636
-0.432005
-0.431363
-0.429587
-0.426564
-0.422262
-0.416706
-0.410063
-0.402625
-0.394907
-0.387644
-0.381684
-0.377773
-0.376313
-0.377187
-0.379762
-0.383183
-0.386692
-0.389794
-0.392361
-0.394534
-0.396623
-0.398967
-0.401827
-0.405312
-0.409362
-0.413771
-0.41823
-0.422386
-0.425912
-0.428496
-0.429959
-0.430263
-0.429619
-0.428463
-0.427423
-0.427189
-0.428259
-0.430753
-0.434341
-0.438377
-0.442104
-0.444881
-0.446237
-0.44593
-0.443879
-0.44015
-0.434937
-0.428545
-0.421359
-0.413839
-0.406521
-0.399927
-0.394442
-0.390327
-0.38765
-0.386309
-0.386103
-0.386815
-0.38824
-0.390277
-0.39287
-0.396042
-0.399839
-0.404309
-0.409477
-0.415283
-0.421591
-0.428166
-0.434746
-0.441036
-0.446815
-0.451864
-0.456054
-0.459277
-0.461481
-0.462645
-0.462733
-0.46173
-0.4596
-0.456326
-0.451844
-0.446071
-0.438869
-0.430008
-0.419264
-0.406657
-0.39263
-0.378457
-0.366175
-0.357931
-0.354876
-0.356436
-0.360665
-0.365267
-0.368524
-0.369689
-0.369041
-0.367665
-0.367119
-0.368814
-0.373349
-0.380348
-0.388674
-0.397087
-0.404628
-0.410804
-0.415509
-0.418849
-0.421017
-0.422238
-0.422718
-0.422625
-0.422101
-0.421277
-0.420232
-0.419063
-0.417826
-0.416579
-0.415342
-0.414153
-0.413022
-0.411959
-0.410944
-0.409946
-0.408962
-0.40794
-0.406855
-0.405665
-0.404343
-0.402898
-0.401322
-0.399653
-0.397946
-0.396274
-0.394705
-0.393319
-0.392155
-0.391241
-0.390534
-0.38995
-0.389336
-0.388563
-0.387475
-0.385928
-0.383859
-0.381285
-0.37836
-0.375384
-0.372785
-0.37106
-0.370624
-0.371708
-0.374226
-0.377848
-0.38207
-0.386444
-0.390549
-0.394123
-0.397042
-0.399272
-0.400859
-0.401866
-0.4024
-0.402546
-0.402392
-0.40203
-0.401522
-0.400924
-0.400278
-0.399604
-0.398916
-0.398205
-0.397508
-0.396841
-0.396231
-0.395757
-0.395514
-0.395585
-0.396046
-0.396971
-0.398376
-0.400259
-0.402556
-0.405204
-0.408082
-0.411101
-0.414154
-0.41716
-0.420061
-0.422823
-0.425408
-0.42782
-0.430049
-0.432091
-0.43397
-0.435682
-0.437213
-0.438551
-0.43968
-0.440579
-0.441222
-0.441565
-0.441599
-0.441294
-0.44065
-0.439627
-0.438233
-0.436478
-0.434399
-0.432032
-0.429415
-0.426618
-0.423709
-0.420746
-0.417802
-0.414971
-0.412377
-0.410178
-0.408577
-0.40779
-0.408026
-0.409384
-0.411846
-0.415214
-0.419219
-0.423583
-0.428038
-0.432377
-0.436456
-0.440178
-0.44348
-0.446292
-0.448581
-0.450287
-0.451396
-0.451866
-0.451698
-0.450854
-0.449331
-0.4471
-0.444117
-0.44034
-0.435716
-0.430202
-0.423848
-0.416774
-0.409293
-0.401904
-0.395331
-0.390346
-0.387606
-0.387437
-0.389708
-0.393881
-0.399245
-0.405134
-0.411062
-0.416729
-0.421976
-0.426711
-0.430872
-0.434378
-0.437167
-0.4392
-0.440461
-0.441022
-0.440972
-0.440479
-0.439741
-0.438989
-0.438423
-0.438214
-0.438492
-0.439311
-0.440648
-0.44245
-0.444603
-0.447005
-0.449542
-0.452105
-0.454601
-0.456965
-0.459136
-0.461061
-0.462713
-0.464048
-0.465016
-0.465601
-0.465741
-0.465383
-0.464485
-0.462983
-0.4608
-0.457901
-0.45426
-0.449892
-0.444845
-0.439217
-0.433166
-0.426886
-0.420559
-0.414304
-0.40811
-0.401851
-0.395362
-0.388576
-0.381786
-0.375817
-0.372021
-0.371755
-0.375773
-0.383633
-0.393931
-0.404884
-0.414993
-0.423299
-0.429404
-0.4333
-0.435216
-0.435478
-0.434443
-0.432506
-0.430056
-0.427484
-0.425149
-0.423413
-0.422515
-0.422616
-0.4237
-0.425606
-0.428042
-0.430674
-0.433167
-0.435229
-0.436674
-0.437381
-0.437309
-0.436472
-0.434943
-0.432837
-0.430323
-0.427609
-0.424929
-0.42248
-0.420402
-0.418736
-0.417377
-0.416091
-0.414552
-0.412395
-0.40928
-0.404992
-0.399453
-0.392834
-0.385592
-0.378503
-0.372628
-0.369182
-0.369138
-0.37279
-0.379566
-0.388137
-0.397004
-0.40496
-0.411328
-0.415866
-0.41868
-0.420012
-0.420176
-0.419447
-0.418055
-0.416197
-0.41403
-0.411669
-0.409222
-0.406746
-0.404305
-0.401935
-0.399662
-0.397497
-0.395435
-0.393484
-0.39161
-0.3898
-0.388
-0.386193
-0.384333
-0.382393
-0.380342
-0.378155
-0.37584
-0.373415
-0.370959
-0.368571
-0.36643
-0.364754
-0.363775
-0.363711
-0.364712
-0.366815
-0.369921
-0.373834
-0.378284
-0.382968
-0.387637
-0.392068
-0.396127
-0.399732
-0.402875
-0.405572
-0.407844
-0.409745
-0.411321
-0.412611
-0.413646
-0.414457
-0.415088
-0.415542
-0.41586
-0.416036
-0.416114
-0.416126
-0.416088
-0.416004
-0.41595
-0.415911
-0.415928
-0.415982
-0.416078
-0.416172
-0.416225
-0.416145
-0.415849
-0.415245
-0.414221
-0.412707
-0.410649
-0.408026
-0.404857
-0.401229
-0.397302
-0.393323
-0.389623
-0.386606
-0.384656
-0.384089
-0.384958
-0.387113
-0.39024
-0.394037
-0.398326
-0.403059
-0.408236
-0.413773
-0.419437
-0.424911
-0.429916
-0.434354
-0.438333
-0.442076
-0.445883
-0.449926
-0.454204
-0.458518
-0.462583
-0.466053
-0.46863
-0.470075
-0.470247
-0.46911
-0.46673
-0.463318
-0.459203
-0.454842
-0.450739
-0.447306
-0.444782
-0.443178
-0.442321
-0.441997
-0.442075
-0.442518
-0.443353
-0.44463
-0.446376
-0.448532
-0.450969
-0.453505
-0.455964
-0.458187
-0.460074
-0.461567
-0.462678
-0.463472
-0.464022
-0.464459
-0.4649
-0.465453
-0.466167
-0.467037
-0.467996
-0.468931
-0.469702
-0.470137
-0.470063
-0.469346
-0.467843
-0.465484
-0.462245
-0.458234
-0.453662
-0.448985
-0.44475
-0.441565
-0.439879
-0.439811
-0.441133
-0.443319
-0.445818
-0.448173
-0.450153
-0.451707
-0.45291
-0.45387
-0.454693
-0.455395
-0.455916
-0.456194
-0.456129
-0.455694
-0.454924
-0.453897
-0.452803
-0.451814
-0.451107
-0.450797
-0.450934
-0.451469
-0.452312
-0.453312
-0.454299
-0.455135
-0.455762
-0.456162
-0.456439
-0.456787
-0.45743
-0.458568
-0.46029
-0.462509
-0.464915
-0.46706
-0.468399
-0.468386
-0.466489
-0.462353
-0.455827
-0.447139
-0.436986
-0.426485
-0.416966
-0.409613
-0.405146
-0.40374
-0.405053
-0.408398
-0.412931
-0.417821
-0.422414
-0.426361
-0.42954
-0.432113
-0.434383
-0.436688
-0.4393
-0.442344
-0.445804
-0.449503
-0.453238
-0.456814
-0.460084
-0.462988
-0.465491
-0.467575
-0.469271
-0.470572
-0.471499
-0.472024
-0.472163
-0.471909
-0.471264
-0.470232
-0.468814
-0.467056
-0.464965
-0.462586
-0.45997
-0.457198
-0.454339
-0.451499
-0.448818
-0.446419
-0.444415
-0.442892
-0.441882
-0.441383
-0.441316
-0.441566
-0.441953
-0.44231
-0.442455
-0.442204
-0.441425
-0.440098
-0.438317
-0.436337
-0.434493
-0.433111
-0.432361
-0.432097
-0.431853
-0.430935
-0.428659
-0.424526
-0.418447
-0.4109
-0.402921
-0.395931
-0.391393
-0.390314
-0.392886
-0.398411
-0.405544
-0.412727
-0.418635
-0.422355
-0.423514
-0.422209
-0.419047
-0.415099
-0.4118
-0.410586
-0.412352
-0.417054
-0.423777
-0.431212
-0.438165
-0.443914
-0.448136
-0.450862
-0.452238
-0.452456
-0.451689
-0.450134
-0.447933
-0.445167
-0.441958
-0.438438
-0.434765
-0.431163
-0.427901
-0.42522
-0.423372
-0.422488
-0.42261
-0.42367
-0.425479
-0.42777
-0.430294
-0.432825
-0.435184
-0.437256
-0.43901
-0.440386
-0.441404
-0.442145
-0.442641
-0.442971
-0.443219
-0.443457
-0.443745
-0.44411
-0.444554
-0.445022
-0.445399
-0.445539
-0.445243
-0.444268
-0.442334
-0.439158
-0.434461
-0.42799
-0.419548
-0.409081
-0.396683
-0.382732
-0.367916
-0.353384
-0.340897
-0.332681
-0.330894
-0.336644
-0.349246
-0.366402
-0.385156
-0.403011
-0.418437
-0.430792
-0.440004
-0.446244
-0.449729
-0.450562
-0.448735
-0.444258
-0.437249
-0.428314
-0.418794
-0.410777
-0.406499
-0.407222
-0.41249
-0.420468
-0.42901
-0.436543
-0.442355
-0.446379
-0.448875
-0.450237
-0.450819
-0.450881
-0.450631
-0.450198
-0.449648
-0.449018
-0.448309
-0.447525
-0.446631
-0.445589
-0.444357
-0.44289
-0.441131
-0.439039
-0.436596
-0.433777
-0.430622
-0.427214
-0.42372
-0.420349
-0.417425
-0.415247
-0.41415
-0.414307
-0.415756
-0.418367
-0.421889
-0.426018
-0.430451
-0.434967
-0.43935
-0.443479
-0.447215
-0.450454
-0.453124
-0.455192
-0.456623
-0.457425
-0.457636
-0.457309
-0.456535
-0.455434
-0.454139
-0.45282
-0.451691
-0.450923
-0.450677
-0.451087
-0.452171
-0.453894
-0.456087
-0.458549
-0.461036
-0.463307
-0.46515
-0.466374
-0.466846
-0.466479
-0.465248
-0.463162
-0.460355
-0.456983
-0.453327
-0.449713
-0.446451
-0.44379
-0.441874
-0.440688
-0.440093
-0.439863
-0.439742
-0.439453
-0.438797
-0.437602
-0.435793
-0.433352
-0.43038
-0.42707
-0.423712
-0.420696
-0.41844
-0.417322
-0.41765
-0.419582
-0.423055
-0.427893
-0.433747
-0.44025
-0.44697
-0.453528
-0.459587
-0.464881
-0.469205
-0.472458
-0.474544
-0.475462
-0.475218
-0.473841
-0.471422
-0.468062
-0.463923
-0.459247
-0.454346
-0.44956
-0.445326
-0.442
-0.439917
-0.439219
-0.439885
-0.441713
-0.444399
-0.447574
-0.450877
-0.454026
-0.45682
-0.459167
-0.461021
-0.46241
-0.463371
-0.463999
-0.464388
-0.464621
-0.464798
-0.464994
-0.465285
-0.465744
-0.466409
-0.467289
-0.468372
-0.469617
-0.470943
-0.472244
-0.473388
-0.474205
-0.474528
-0.474166
-0.472948
-0.470729
-0.467435
-0.46313
-0.458069
-0.452777
-0.44798
-0.444449
-0.44283
-0.443371
-0.445897
-0.449876
-0.454649
-0.459605
-0.464235
-0.468217
-0.471333
-0.473428
-0.474416
-0.474226
-0.472867
-0.470387
-0.466961
-0.462838
-0.458393
-0.454064
-0.45039
-0.447903
-0.447068
-0.448225
-0.451456
-0.456621
-0.463284
-0.470839
-0.478598
-0.485851
-0.492004
-0.496571
-0.499286
-0.500062
-0.499029
-0.496548
-0.493135
-0.48941
-0.485928
-0.483013
-0.480711
-0.4788
-0.476909
-0.474697
-0.471956
-0.468678
-0.464987
-0.461198
-0.457643
-0.454717
-0.45268
-0.451716
-0.451827
-0.452863
-0.454633
-0.456892
-0.459414
-0.462033
-0.464613
-0.46707
-0.469356
-0.471428
-0.473249
-0.474749
-0.475887
-0.476583
-0.476779
-0.476425
-0.475523
-0.474115
-0.472309
-0.470259
-0.468162
-0.466202
-0.464477
-0.463015
-0.4617
-0.460365
-0.458795
-0.456838
-0.454435
-0.451673
-0.448732
-0.445853
-0.443297
-0.441239
-0.439773
-0.438959
-0.438821
-0.439402
-0.440698
-0.442666
-0.445156
-0.447948
-0.450808
-0.453485
-0.455832
-0.457768
-0.45925
-0.460316
-0.461007
-0.461378
-0.461457
-0.461284
-0.460845
-0.460094
-0.458979
-0.457425
-0.455326
-0.452567
-0.449014
-0.444569
-0.439189
-0.432899
-0.425848
-0.41834
-0.410872
-0.404079
-0.398683
-0.395337
-0.394446
-0.396057
-0.399836
-0.405191
-0.411423
-0.417846
-0.423887
-0.429109
-0.433227
-0.43609
-0.437631
-0.437831
-0.436721
-0.434346
-0.430775
-0.426107
-0.420514
-0.414243
-0.407667
-0.401206
-0.39537
-0.390707
-0.387686
-0.386632
-0.387652
-0.390599
-0.395094
-0.400618
-0.40661
-0.412596
-0.418189
-0.423153
-0.427384
-0.430875
-0.433685
-0.435902
-0.437649
-0.439007
-0.440066
-0.440902
-0.441548
-0.44202
-0.442283
-0.442303
-0.442026
-0.441363
-0.440224
-0.438546
-0.436301
-0.433498
-0.430255
-0.426779
-0.423389
-0.420451
-0.418282
-0.417085
-0.416837
-0.417355
-0.418271
-0.419197
-0.419813
-0.419947
-0.419651
-0.419146
-0.418803
-0.419011
-0.420057
-0.422015
-0.424726
-0.427876
-0.431083
-0.434074
-0.436637
-0.438698
-0.440219
-0.44125
-0.44182
-0.441996
-0.441834
-0.441434
-0.440907
-0.440369
-0.439929
-0.439631
-0.439518
-0.439558
-0.439691
-0.439833
-0.4399
-0.439802
-0.439464
-0.43879
-0.437702
-0.436136
-0.434078
-0.431615
-0.428944
-0.42639
-0.424353
-0.423226
-0.423287
-0.424609
-0.42706
-0.430342
-0.434091
-0.437969
-0.441723
-0.445172
-0.448232
-0.450829
-0.452957
-0.4546
-0.455772
-0.456494
-0.456753
-0.45658
-0.456007
-0.455068
-0.453826
-0.452344
-0.450686
-0.448946
-0.447207
-0.445535
-0.443996
-0.442631
-0.441446
-0.440443
-0.439605
-0.438918
-0.438361
-0.437938
-0.437659
-0.437559
-0.437646
-0.437947
-0.438466
-0.439176
-0.440004
-0.440866
-0.441642
-0.442169
-0.442278
-0.441745
-0.440395
-0.438009
-0.434424
-0.429588
-0.423594
-0.416806
-0.409874
-0.403731
-0.399419
-0.397857
-0.399468
-0.404012
-0.410735
-0.418566
-0.426536
-0.43393
-0.440363
-0.445689
-0.449958
-0.453286
-0.455801
-0.457665
-0.459005
-0.459948
-0.460592
-0.461015
-0.461312
-0.461523
-0.461718
-0.461932
-0.462167
-0.462456
-0.462809
-0.463217
-0.46369
-0.464235
-0.464839
-0.465528
-0.466307
-0.467194
-0.468219
-0.469411
-0.470779
-0.472332
-0.474086
-0.476008
-0.478092
-0.480291
-0.482541
-0.484796
-0.486977
-0.489011
-0.490831
-0.49233
-0.493429
-0.494038
-0.494049
-0.493388
-0.491955
-0.489686
-0.486531
-0.482488
-0.47765
-0.472194
-0.466405
-0.460702
-0.455563
-0.451517
-0.449008
-0.44829
-0.449448
-0.452354
-0.456754
-0.462324
-0.468727
-0.475655
-0.48279
-0.489836
-0.496535
-0.502663
-0.508025
-0.512528
-0.516088
-0.518695
-0.520367
-0.52115
-0.521106
-0.520297
-0.518789
-0.516648
-0.513958
-0.510834
-0.507472
-0.504107
-0.501072
-0.49868
-0.497203
-0.496778
-0.49739
-0.498828
-0.500827
-0.503034
-0.505174
-0.507043
-0.508464
-0.50936
-0.509681
-0.509397
-0.508521
-0.507076
-0.505125
-0.502771
-0.500163
-0.497495
-0.494964
-0.492744
-0.490989
-0.489774
-0.489121
-0.488971
-0.489273
-0.489969
-0.491004
-0.492327
-0.493895
-0.495683
-0.49759
-0.499505
-0.501319
-0.502898
-0.504123
-0.504902
-0.505162
-0.504863
-0.504004
-0.502601
-0.500712
-0.498407
-0.495787
-0.492957
-0.49003
-0.487114
-0.484341
-0.481774
-0.479459
-0.477426
-0.475649
-0.474104
-0.472714
-0.471447
-0.470218
-0.46899
-0.467679
-0.466241
-0.464624
-0.462843
-0.461012
-0.459429
-0.458482
-0.458579
-0.460029
-0.462823
-0.466623
-0.470884
-0.474975
-0.478369
-0.48073
-0.481905
-0.481891
-0.480787
-0.478753
-0.475969
-0.472628
-0.468871
-0.464849
-0.460619
-0.456255
-0.451767
-0.447181
-0.442576
-0.438075
-0.433868
-0.430208
-0.427309
-0.425287
-0.424135
-0.42369
-0.423717
-0.423995
-0.42431
-0.424604
-0.424845
-0.42508
-0.425403
-0.425873
-0.426547
-0.427453
-0.428552
-0.429835
-0.431224
-0.432667
-0.434133
-0.435529
-0.436825
-0.437996
-0.439004
-0.439828
-0.440463
-0.440884
-0.441076
-0.44102
-0.440724
-0.440175
-0.439367
-0.438297
-0.436979
-0.435461
-0.433797
-0.432067
-0.430363
-0.428815
-0.427547
-0.426666
-0.426246
-0.426342
-0.426947
-0.428021
-0.429499
-0.431272
-0.433223
-0.435288
-0.437326
-0.43924
-0.440933
-0.442298
-0.443268
-0.443742
-0.443615
-0.442819
-0.441265
-0.438863
-0.435553
-0.431294
-0.426078
-0.42001
-0.413315
-0.406417
-0.399936
-0.394673
-0.39139
-0.390601
-0.392334
-0.396111
-0.401176
-0.406725
-0.412101
-0.416898
-0.420921
-0.424114
-0.426494
-0.428129
-0.429095
-0.429503
-0.429483
-0.429179
-0.428775
-0.428444
-0.42833
-0.428543
-0.429076
-0.429921
-0.430933
-0.431997
-0.432962
-0.433717
-0.43418
-0.434295
-0.434071
-0.433507
-0.432646
-0.43154
-0.43025
-0.428853
-0.427434
-0.426082
-0.424907
-0.423989
-0.423413
-0.42327
-0.423605
-0.424415
-0.425676
-0.427301
-0.429163
-0.431115
-0.433008
-0.434718
-0.436126
-0.437168
-0.437816
-0.43808
-0.437939
-0.437456
-0.436673
-0.435612
-0.434282
-0.432722
-0.430913
-0.428884
-0.42667
-0.424317
-0.421865
-0.419374
-0.416889
-0.414421
-0.411945
-0.40943
-0.406821
-0.40417
-0.401588
-0.399359
-0.397855
-0.397503
-0.398694
-0.401606
-0.406086
-0.411702
-0.417865
-0.423985
-0.429571
-0.434318
-0.438067
-0.44081
-0.442572
-0.443404
-0.443417
-0.442692
-0.441369
-0.439603
-0.437558
-0.435427
-0.433385
-0.43157
-0.430033
-0.428728
-0.42753
-0.426241
-0.424639
-0.422507
-0.419675
-0.416033
-0.411551
-0.406266
-0.400362
-0.394118
-0.387946
-0.382307
-0.37758
-0.373951
-0.371354
-0.369467
-0.367849
-0.366097
-0.364018
-0.361712
-0.359534
-0.358082
-0.357973
-0.359729
-0.363581
-0.369398
-0.376707
-0.384836
-0.393036
-0.400674
-0.407299
-0.412658
-0.416676
-0.419412
-0.420986
-0.42157
-0.421339
-0.420435
-0.419
-0.417119
-0.414815
-0.412093
-0.408898
-0.405146
-0.400795
-0.395908
-0.390693
-0.385592
-0.38124
-0.378284
-0.377106
-0.377655
-0.379403
-0.381555
-0.38334
-0.384234
-0.384065
-0.383006
-0.381483
-0.380042
-0.379227
-0.379451
-0.380862
-0.383349
-0.386564
-0.39007
-0.39341
-0.396256
-0.398392
-0.399752
-0.400329
-0.400222
-0.39957
-0.398508
-0.397208
-0.395813
-0.394431
-0.393142
-0.391961
-0.390878
-0.389848
-0.388797
-0.387696
-0.386506
-0.385276
-0.384075
-0.383087
-0.382515
-0.382568
-0.383429
-0.385185
-0.387796
-0.391148
-0.395
-0.399101
-0.403213
-0.407126
-0.410726
-0.413932
-0.416694
-0.419013
-0.42091
-0.422391
-0.423497
-0.424248
-0.424673
-0.424815
-0.424695
-0.424382
-0.423936
-0.423429
-0.422933
-0.422513
-0.422181
-0.421913
-0.421657
-0.421316
-0.420747
-0.419831
-0.418477
-0.416611
-0.414263
-0.411471
-0.408346
-0.405052
-0.401766
-0.398661
-0.395929
-0.393749
-0.392299
-0.391711
-0.392094
-0.393468
-0.395771
-0.398852
-0.402533
-0.406572
-0.410812
-0.415125
-0.419479
-0.423882
-0.428326
-0.432756
-0.437057
-0.441041
-0.444486
-0.447174
-0.448965
-0.449714
-0.449392
-0.448034
-0.445746
-0.442702
-0.43915
-0.435397
-0.431697
-0.428242
-0.425095
-0.422174
-0.419331
-0.41647
-0.4136
-0.4109
-0.408594
-0.406841
-0.405683
-0.405063
-0.404976
-0.405532
-0.406988
-0.409506
-0.413054
-0.417273
-0.42157
-0.425359
-0.428202
-0.429916
-0.43062
-0.430689
-0.430629
-0.430893
-0.431854
-0.433628
-0.436075
-0.438872
-0.441578
-0.443748
-0.445046
-0.445274
-0.444483
-0.442889
-0.440879
-0.43895
-0.43758
-0.437119
-0.437668
-0.439062
-0.440863
-0.442515
-0.443425
-0.443066
-0.441123
-0.437611
-0.43301
-0.428293
-0.42476
-0.423529
-0.424977
-0.428556
-0.433078
-0.437249
-0.440119
-0.441322
-0.440902
-0.439161
-0.436483
-0.433209
-0.429524
-0.425522
-0.421243
-0.416787
-0.412468
-0.408897
-0.406836
-0.406974
-0.409685
-0.414823
-0.421762
-0.429683
-0.437762
-0.445387
-0.452225
-0.458172
-0.46329
-0.467708
-0.471577
-0.475012
-0.478132
-0.480982
-0.483604
-0.485994
-0.488141
-0.490052
-0.49171
-0.493132
-0.494307
-0.495238
-0.495934
-0.49644
-0.496748
-0.496859
-0.496791
-0.496521
-0.496033
-0.495284
-0.49424
-0.492797
-0.490862
-0.488295
-0.485001
-0.480848
-0.475803
-0.469958
-0.46359
-0.457243
-0.451686
-0.447721
-0.44596
-0.446511
-0.44892
-0.452335
-0.45569
-0.458035
-0.458646
-0.457055
-0.453145
-0.447244
-0.440282
-0.433805
-0.429682
-0.429469
-0.433634
-0.441361
-0.451041
-0.460996
-0.470024
-0.477535
-0.483413
-0.487793
-0.49095
-0.493179
-0.49477
-0.495949
-0.496904
-0.497761
-0.498598
-0.499446
-0.500316
-0.501177
-0.502004
-0.502749
-0.503349
-0.503745
-0.503856
-0.503595
-0.502901
-0.501702
-0.49999
-0.497804
-0.495259
-0.49258
-0.490104
-0.488175
-0.487118
-0.487142
-0.488278
-0.490349
-0.493079
-0.496151
-0.49927
-0.502226
-0.504891
-0.50721
-0.509154
-0.510732
-0.511964
-0.51286
-0.513426
-0.513664
-0.513608
-0.513279
-0.512713
-0.511939
-0.511022
-0.509974
-0.508835
-0.507618
-0.506347
-0.505066
-0.503817
-0.502691
-0.501813
-0.501329
-0.501431
-0.502232
-0.503841
-0.506273
-0.509494
-0.513381
-0.517724
-0.522279
-0.526812
-0.531086
-0.534917
-0.538178
-0.540757
-0.542635
-0.543827
-0.544385
-0.544411
-0.544029
-0.543396
-0.54268
-0.542063
-0.541716
-0.541765
-0.542274
-0.543277
-0.544715
-0.546489
-0.548463
-0.550501
-0.552511
-0.5544
-0.556162
-0.557779
-0.559242
-0.56055
-0.561661
-0.562463
-0.562861
-0.562788
-0.562178
-0.561018
-0.559377
-0.557312
-0.554913
-0.552214
-0.549237
-0.545941
-0.542344
-0.53857
-0.534938
-0.531965
-0.530324
-0.530628
-0.533308
-0.538403
-0.545535
-0.554034
-0.563093
-0.571931
-0.579973
-0.586852
-0.592432
-0.596716
-0.599813
-0.601896
-0.603141
-0.603712
-0.603732
-0.603259
-0.602311
-0.600858
-0.598811
-0.596055
-0.592478
-0.587953
-0.58247
-0.576061
-0.568913
-0.561332
-0.553705
-0.546427
-0.539849
-0.534266
-0.529875
-0.526903
-0.525609
-0.526299
-0.529232
-0.534493
-0.541851
-0.55073
-0.560283
-0.569575
-0.577778
-0.584215
-0.588482
-0.590392
-0.590006
-0.587548
-0.583358
-0.57778
-0.571128
-0.563662
-0.555698
-0.547719
-0.540506
-0.534922
-0.53152
-0.530178
-0.530185
-0.530767
-0.531484
-0.532293
-0.533304
-0.534539
-0.535973
-0.53781
-0.540597
-0.545123
-0.552011
-0.561252
-0.5721
-0.583418
-0.594057
-0.603278
-0.610723
-0.616369
-0.620411
-0.623103
-0.624699
-0.625409
-0.625365
-0.624641
-0.623278
-0.621206
-0.618376
-0.614689
-0.610043
-0.604355
-0.597581
-0.589732
-0.580894
-0.571294
-0.561292
-0.551438
-0.542403
-0.534988
-0.529906
-0.52766
-0.528362
-0.531696
-0.537031
-0.543606
-0.550743
-0.557961
-0.564948
-0.571492
-0.577422
-0.582575
-0.586755
-0.58983
-0.591692
-0.59229
-0.591658
-0.589887
-0.587108
-0.583499
-0.579274
-0.574673
-0.569897
-0.565138
-0.560518
-0.556115
-0.551931
-0.547927
-0.544069
-0.540325
-0.536742
-0.533416
-0.530537
-0.52832
-0.526973
-0.526679
-0.527471
-0.529293
-0.531915
-0.534953
-0.53796
-0.540395
-0.54177
-0.541681
-0.539897
-0.536371
-0.531311
-0.525025
-0.518006
-0.510681
-0.503406
-0.496443
-0.489953
-0.484054
-0.478865
-0.474455
-0.470859
-0.46809
-0.466216
-0.465408
-0.46596
-0.4682
-0.472354
-0.478376
-0.48595
-0.494489
-0.50327
-0.511625
-0.518977
-0.524935
-0.529229
-0.531761
-0.532479
-0.53136
-0.528413
-0.523678
-0.517222
-0.509207
-0.499909
-0.489756
-0.479278
-0.469098
-0.45981
-0.45184
-0.445482
-0.440812
-0.437717
-0.435906
-0.435079
-0.43513
-0.436316
-0.439112
-0.443788
-0.450032
-0.457052
-0.463888
-0.469919
-0.475009
-0.479348
-0.483257
-0.48692
-0.490394
-0.493615
-0.496448
-0.498813
-0.500641
-0.501926
-0.502679
-0.50295
-0.502773
-0.502248
-0.501433
-0.50045
-0.499412
-0.498435
-0.497649
-0.497151
-0.496999
-0.497191
-0.497705
-0.498482
-0.499415
-0.500399
-0.501385
-0.502342
-0.503325
-0.504444
-0.505836
-0.507622
-0.509829
-0.512394
-0.515155
-0.517877
-0.520321
-0.522288
-0.523677
-0.524431
-0.524538
-0.524013
-0.522893
-0.52118
-0.518943
-0.516299
-0.513479
-0.51085
-0.50889
-0.508037
-0.508566
-0.51041
-0.513194
-0.516383
-0.519442
-0.522064
-0.524111
-0.525676
-0.526963
-0.528158
-0.529335
-0.530441
-0.531261
-0.531471
-0.530729
-0.528835
-0.525786
-0.521937
-0.517914
-0.514588
-0.512805
-0.513106
-0.51555
-0.519735
-0.525041
-0.530801
-0.536453
-0.541654
-0.546147
-0.549799
-0.552514
-0.554224
-0.554833
-0.554283
-0.552511
-0.549501
-0.545255
-0.539839
-0.533366
-0.526074
-0.518303
-0.510514
-0.503279
-0.497209
-0.492871
-0.490603
-0.49049
-0.492279
-0.495462
-0.499423
-0.503553
-0.50735
-0.510519
-0.512912
-0.514566
-0.515605
-0.516203
-0.516535
-0.516758
-0.516967
-0.517215
-0.517541
-0.517958
-0.518476
-0.519105
-0.51989
-0.520845
-0.522002
-0.523376
-0.524946
-0.5267
-0.528591
-0.53054
-0.532467
-0.534268
-0.535829
-0.537031
-0.537741
-0.537835
-0.537199
-0.535741
-0.53336
-0.53001
-0.525691
-0.520471
-0.514545
-0.508191
-0.501822
-0.495834
-0.490546
-0.486095
-0.482495
-0.479642
-0.4775
-0.476196
-0.475997
-0.477205
-0.480012
-0.484282
-0.489623
-0.495465
-0.501275
-0.506638
-0.511303
-0.51517
-0.51827
-0.520685
-0.522532
-0.523906
-0.524909
-0.525653
-0.526197
-0.526617
-0.526965
-0.527287
-0.527609
-0.52795
-0.528328
-0.528701
-0.529022
-0.5292
-0.529091
-0.528453
-0.526962
-0.524197
-0.519657
-0.512899
-0.503768
-0.492825
-0.481674
-0.47292
-0.469135
-0.47139
-0.47852
-0.488011
-0.497455
-0.505437
-0.51155
-0.51595
-0.519049
-0.521211
-0.522747
-0.523844
-0.52464
-0.525212
-0.525596
-0.525834
-0.525942
-0.525953
-0.525862
-0.525648
-0.525284
-0.524716
-0.523884
-0.522754
-0.521317
-0.519612
-0.517748
-0.515906
-0.514347
-0.513361
-0.513208
-0.514025
-0.515858
-0.518583
-0.521958
-0.525672
-0.529409
-0.532893
-0.535924
-0.538395
-0.540254
-0.541531
-0.542292
-0.542607
-0.542562
-0.542245
-0.541704
-0.540973
-0.540108
-0.539173
-0.538209
-0.537319
-0.536578
-0.536104
-0.535954
-0.536175
-0.536738
-0.537594
-0.538607
-0.539626
-0.540481
-0.541045
-0.541202
-0.540867
-0.540032
-0.538694
-0.536901
-0.534733
-0.532271
-0.529603
-0.526829
-0.52403
-0.521293
-0.518696
-0.51628
-0.51408
-0.512076
-0.510204
-0.508379
-0.506484
-0.504425
-0.502221
-0.500055
-0.498311
-0.497557
-0.498365
-0.501101
-0.505748
-0.51182
-0.518592
-0.525309
-0.531423
-0.536605
-0.540786
-0.544056
-0.546593
-0.548589
-0.550204
-0.551549
-0.552681
-0.553602
-0.55426
-0.554581
-0.554472
-0.553849
-0.552619
-0.550731
-0.548139
-0.544841
-0.540844
-0.536183
-0.530929
-0.525179
-0.519055
-0.512684
-0.506278
-0.500051
-0.494272
-0.489286
-0.485488
-0.483323
-0.483129
-0.484999
-0.488572
-0.493137
-0.497749
-0.501535
-0.503911
-0.50471
-0.504224
-0.503117
-0.502268
-0.50251
-0.504343
-0.507771
-0.512348
-0.517375
-0.522168
-0.526216
-0.529217
-0.531049
-0.531708
-0.531266
-0.529877
-0.527722
-0.525072
-0.522243
-0.519581
-0.517431
-0.51604
-0.515527
-0.515866
-0.516928
-0.518521
-0.520478
-0.522686
-0.525072
-0.527586
-0.530172
-0.532749
-0.535185
-0.537317
-0.538945
-0.539903
-0.540075
-0.539348
-0.537688
-0.535104
-0.531693
-0.527609
-0.523114
-0.518547
-0.514269
-0.510623
-0.50785
-0.506064
-0.505186
-0.505053
-0.505418
-0.506054
-0.506777
-0.507482
-0.508136
-0.508783
-0.509448
-0.51018
-0.511014
-0.511941
-0.512848
-0.51363
-0.514149
-0.514247
-0.513806
-0.51278
-0.511186
-0.509165
-0.506934
-0.504763
-0.502922
-0.501592
-0.500835
-0.500563
-0.500659
-0.501008
-0.501553
-0.502282
-0.503144
-0.503885
-0.503965
-0.502643
-0.499192
-0.493379
-0.486036
-0.479316
-0.476094
-0.478495
-0.4864
-0.497577
-0.509073
-0.518625
-0.525147
-0.528371
-0.528484
-0.525876
-0.521039
-0.514585
-0.507224
-0.499716
-0.492694
-0.486582
-0.48169
-0.478313
-0.476788
-0.477385
-0.480006
-0.484085
-0.488743
-0.493112
-0.496577
-0.498881
-0.500064
-0.500324
-0.499888
-0.498961
-0.497706
-0.496204
-0.494535
-0.492805
-0.491108
-0.489613
-0.488512
-0.488043
-0.488393
-0.489656
-0.491816
-0.49476
-0.498265
-0.502038
-0.505778
-0.509133
-0.511745
-0.513196
-0.513056
-0.510902
-0.506422
-0.499673
-0.491276
-0.482659
-0.475795
-0.472424
-0.47314
-0.477112
-0.482717
-0.488473
-0.493608
-0.498002
-0.501844
-0.505424
-0.508887
-0.512295
-0.515584
-0.518626
-0.521272
-0.523366
-0.524699
-0.525027
-0.524071
-0.521542
-0.517156
-0.510669
-0.502049
-0.49156
-0.479961
-0.468527
-0.458918
-0.452675
-0.450606
-0.452475
-0.45714
-0.463088
-0.468979
-0.474022
-0.478036
-0.481414
-0.484803
-0.488815
-0.493744
-0.499455
-0.505558
-0.511518
-0.516874
-0.521339
-0.524763
-0.527116
-0.528443
-0.528844
-0.528414
-0.527294
-0.525639
-0.523632
-0.52148
-0.519403
-0.517645
-0.516421
-0.515876
-0.516065
-0.516926
-0.518301
-0.519979
-0.521704
-0.523313
-0.524676
-0.525745
-0.52652
-0.526962
-0.527001
-0.526518
-0.525407
-0.52359
-0.521104
-0.518121
-0.514884
-0.511756
-0.508999
-0.506747
-0.504925
-0.503278
-0.501461
-0.499136
-0.496109
-0.492467
-0.4886
-0.485227
-0.48325
-0.483465
-0.486198
-0.491113
-0.497266
-0.503434
-0.508591
-0.512094
-0.513814
-0.514059
-0.513447
-0.51265
-0.512137
-0.511968
-0.511845
-0.511304
-0.50998
-0.507803
-0.505112
-0.50255
-0.500839
-0.500533
-0.501784
-0.50432
-0.507604
-0.511041
-0.514197
-0.516785
-0.518729
-0.520048
-0.520817
-0.521133
-0.52109
-0.520705
-0.519996
-0.518924
-0.517433
-0.515441
-0.51287
-0.509656
-0.505746
-0.501118
-0.495726
-0.489522
-0.482407
-0.474249
-0.465003
-0.454851
-0.444386
-0.434742
-0.427397
-0.423829
-0.425148
-0.43164
-0.442541
-0.45609
-0.470163
-0.482967
-0.493502
-0.501549
-0.507402
-0.51157
-0.514574
-0.516786
-0.518414
-0.519514
-0.520049
-0.519951
-0.519153
-0.517634
-0.51542
-0.512583
-0.509229
-0.505491
-0.501464
-0.497243
-0.492865
-0.488296
-0.48348
-0.478323
-0.472795
-0.466939
-0.460931
-0.455099
-0.449868
-0.445632
-0.442743
-0.441457
-0.441991
-0.444573
-0.449374
-0.456335
-0.464924
-0.474262
-0.483348
-0.49139
-0.497924
-0.502813
-0.506185
-0.50833
-0.509564
-0.510222
-0.510553
-0.510729
-0.510847
-0.510893
-0.510804
-0.510501
-0.509911
-0.508928
-0.50746
-0.505333
-0.502309
-0.498085
-0.492386
-0.485107
-0.476459
-0.467238
-0.458795
-0.452774
-0.450488
-0.452248
-0.45717
-0.463602
-0.469856
-0.474819
-0.478161
-0.480161
-0.481453
-0.48271
-0.484465
-0.486977
-0.490241
-0.49407
-0.498175
-0.502287
-0.506211
-0.509782
-0.512867
-0.515301
-0.516907
-0.517481
-0.516802
-0.514652
-0.510942
-0.505806
-0.499722
-0.49362
-0.488741
-0.486265
-0.486818
-0.490145
-0.495239
-0.500845
-0.505877
-0.50972
-0.51214
-0.5132
-0.513063
-0.511958
-0.510088
-0.507659
-0.504859
-0.501904
-0.499
-0.496372
-0.494199
-0.492627
-0.491721
-0.491474
-0.491802
-0.492591
-0.493702
-0.495005
-0.496382
-0.497766
-0.499071
-0.50029
-0.501402
-0.502413
-0.503328
-0.504138
-0.504828
-0.505388
-0.505777
-0.505983
-0.505967
-0.505753
-0.505351
-0.504786
-0.50411
-0.503375
-0.502662
-0.502013
-0.50146
-0.501025
-0.500698
-0.500422
-0.500157
-0.499857
-0.499456
-0.498923
-0.498238
-0.497412
-0.49648
-0.495485
-0.494477
-0.493537
-0.492725
-0.492088
-0.491639
-0.491387
-0.491289
-0.491249
-0.491202
-0.490985
-0.490461
-0.489467
-0.487859
-0.485528
-0.482402
-0.478569
-0.474253
-0.469876
-0.466064
-0.463424
-0.462412
-0.46314
-0.465285
-0.46826
-0.471379
-0.474053
-0.475912
-0.476793
-0.476751
-0.475956
-0.474674
-0.473204
-0.471805
-0.470709
-0.470032
-0.469796
-0.469941
-0.470358
-0.470941
-0.471586
-0.472218
-0.472818
-0.473399
-0.474004
-0.474712
-0.475578
-0.476661
-0.477993
-0.479541
-0.481241
-0.482992
-0.484699
-0.486249
-0.48753
-0.488502
-0.489135
-0.489453
-0.489504
-0.489349
-0.489076
-0.488726
-0.488374
-0.488055
-0.487761
-0.487527
-0.487354
-0.487192
-0.487036
-0.486864
-0.486617
-0.48628
-0.485789
-0.48512
-0.484247
-0.483142
-0.481825
-0.480294
-0.478563
-0.476681
-0.474684
-0.472609
-0.47051
-0.468418
-0.466325
-0.464204
-0.46197
-0.459494
-0.456607
-0.453139
-0.448978
-0.444118
-0.438835
-0.433617
-0.429144
-0.426071
-0.424747
-0.425092
-0.426767
-0.429393
-0.432719
-0.436704
-0.441399
-0.446795
-0.45276
-0.459044
-0.465297
-0.471151
-0.476247
-0.480302
-0.483106
-0.484543
-0.484555
-0.483178
-0.480474
-0.476614
-0.471816
-0.466401
-0.460804
-0.455497
-0.450981
-0.447623
-0.445632
-0.44496
-0.445312
-0.446267
-0.447332
-0.448128
-0.448444
-0.448356
-0.448117
-0.448166
-0.44889
-0.450472
-0.452816
-0.455567
-0.458273
-0.460501
-0.461952
-0.462508
-0.46214
-0.460942
-0.459091
-0.456767
-0.45419
-0.451581
-0.449124
-0.446948
-0.445132
-0.44371
-0.44259
-0.441706
-0.440973
-0.440301
-0.439599
-0.438835
-0.43801
-0.437126
-0.436247
-0.435412
-0.434678
-0.434102
-0.433726
-0.433601
-0.433752
-0.434179
-0.434873
-0.435829
-0.436968
-0.438272
-0.439658
-0.441039
-0.442362
-0.44353
-0.444455
-0.445068
-0.445313
-0.445121
-0.444474
-0.443373
-0.44187
-0.440088
-0.438154
-0.436269
-0.434635
-0.433346
-0.43247
-0.431983
-0.431771
-0.431698
-0.431668
-0.431566
-0.431395
-0.431161
-0.430908
-0.430673
-0.430465
-0.430313
-0.430157
-0.42998
-0.429754
-0.429473
-0.429138
-0.428772
-0.428404
-0.428056
-0.427796
-0.427665
-0.427757
-0.428135
-0.428866
-0.429989
-0.43152
-0.433421
-0.435607
-0.438022
-0.440538
-0.443048
-0.445466
-0.447677
-0.449595
-0.451066
-0.451913
-0.451861
-0.450534
-0.447458
-0.442104
-0.434082
-0.423489
-0.411422
-0.400221
-0.392866
-0.391414
-0.395589
-0.402951
-0.410655
-0.416837
-0.421014
-0.423633
-0.425493
-0.427297
-0.429468
-0.432097
-0.434995
-0.437841
-0.440217
-0.441773
-0.442226
-0.441452
-0.439446
-0.436385
-0.43258
-0.428507
-0.424713
-0.421766
-0.420128
-0.420048
-0.421475
-0.42417
-0.427635
-0.431378
-0.434909
-0.437866
-0.440039
-0.441347
-0.441834
-0.441659
-0.441
-0.440098
-0.439163
-0.438403
-0.437948
-0.437856
-0.438135
-0.438688
-0.439407
-0.440091
-0.440593
-0.440789
-0.440599
-0.440031
-0.439202
-0.438299
-0.437586
-0.437344
-0.437837
-0.439282
-0.441769
-0.445256
-0.449567
-0.454454
-0.45961
-0.464729
-0.46955
-0.473877
-0.477579
-0.480595
-0.482922
-0.484572
-0.48559
-0.486023
-0.48593
-0.485371
-0.484347
-0.482889
-0.481021
-0.478716
-0.475971
-0.472779
-0.469131
-0.465082
-0.460716
-0.456193
-0.451763
-0.447737
-0.444421
-0.442084
-0.440892
-0.440891
-0.442013
-0.444106
-0.447024
-0.450592
-0.454692
-0.459176
-0.463879
-0.468642
-0.47328
-0.477631
-0.481568
-0.484998
-0.487841
-0.490063
-0.491646
-0.492594
-0.492889
-0.492551
-0.491582
-0.490021
-0.487898
-0.485285
-0.48227
-0.478974
-0.475506
-0.472005
-0.468551
-0.465194
-0.461934
-0.458756
-0.45563
-0.452577
-0.449673
-0.447026
-0.444794
-0.443144
-0.442225
-0.442092
-0.442741
-0.444093
-0.446022
-0.448375
-0.451
-0.45373
-0.456466
-0.459118
-0.461602
-0.463913
-0.466006
-0.467895
-0.469581
-0.471096
-0.472442
-0.473647
-0.474724
-0.475686
-0.476529
-0.477238
-0.477769
-0.478092
-0.478139
-0.477863
-0.477226
-0.476229
-0.474876
-0.473273
-0.471531
-0.469803
-0.468275
-0.467113
-0.466467
-0.466415
-0.466962
-0.468002
-0.469365
-0.470797
-0.471974
-0.472572
-0.472323
-0.471084
-0.468939
-0.466201
-0.463446
-0.461394
-0.460709
-0.461781
-0.464571
-0.468712
-0.473615
-0.478658
-0.483345
-0.487323
-0.49042
-0.492579
-0.493872
-0.494459
-0.49456
-0.494441
-0.494311
-0.49439
-0.494808
-0.495587
-0.496659
-0.49784
-0.498892
-0.499483
-0.499295
-0.497982
-0.495317
-0.491202
-0.485791
-0.479621
-0.473659
-0.469244
-0.467675
-0.469824
-0.475666
-0.484342
-0.494457
-0.504664
-0.513938
-0.521686
-0.527665
-0.531876
-0.53445
-0.535616
-0.535681
-0.534982
-0.533949
-0.53301
-0.532534
-0.532784
-0.533826
-0.535452
-0.537271
-0.538717
-0.539175
-0.538029
-0.53481
-0.529371
-0.522067
-0.51393
-0.506516
-0.501384
-0.499382
-0.50035
-0.503423
-0.507706
-0.512728
-0.518347
-0.524536
-0.531116
-0.537751
-0.543962
-0.549334
-0.553537
-0.556386
-0.557823
-0.557884
-0.556618
-0.554093
-0.55039
-0.545561
-0.539655
-0.532737
-0.524953
-0.516662
-0.508567
-0.501801
-0.497769
-0.497635
-0.501757
-0.509429
-0.519235
-0.529566
-0.539233
-0.547566
-0.554346
-0.559699
-0.563875
-0.567215
-0.570092
-0.572839
-0.575731
-0.578823
-0.581879
-0.584375
-0.585555
-0.584672
-0.581179
-0.574997
-0.566637
-0.557297
-0.54869
-0.542658
-0.540489
-0.542212
-0.546546
-0.551539
-0.555457
-0.557342
-0.557236
-0.555827
-0.554132
-0.55309
-0.553316
-0.555019
-0.557968
-0.561716
-0.565758
-0.569676
-0.573163
-0.576064
-0.578325
-0.579976
-0.581083
-0.581729
-0.581966
-0.581865
-0.581449
-0.580746
-0.579741
-0.578467
-0.576974
-0.575412
-0.5739
-0.572576
-0.571547
-0.570813
-0.570279
-0.569716
-0.568795
-0.567169
-0.564541
-0.560739
-0.55585
-0.550204
-0.544365
-0.538967
-0.534535
-0.531339
-0.529319
-0.528149
-0.527402
-0.526629
-0.525518
-0.523954
-0.522174
-0.520857
-0.52099
-0.523554
-0.528874
-0.53648
-0.545273
-0.553966
-0.561425
-0.56683
-0.569648
-0.569596
-0.566635
-0.560968
-0.553057
-0.543594
-0.533495
-0.523754
-0.515245
-0.508611
-0.504205
-0.502124
-0.502237
-0.504218
-0.50761
-0.511835
-0.51639
-0.520829
-0.524825
-0.528158
-0.530713
-0.532406
-0.533211
-0.533068
-0.532012
-0.530098
-0.527445
-0.524244
-0.520745
-0.517274
-0.514113
-0.511498
-0.509511
-0.508135
-0.507176
-0.506339
-0.505304
-0.503794
-0.501612
-0.498698
-0.495153
-0.49119
-0.487107
-0.483221
-0.47982
-0.477118
-0.475231
-0.474196
-0.47398
-0.474536
-0.475789
-0.477652
-0.480043
-0.482837
-0.485914
-0.489111
-0.492302
-0.495348
-0.498109
-0.500517
-0.502515
-0.504069
-0.505206
-0.505949
-0.506371
-0.506543
-0.506584
-0.506583
-0.506661
-0.506901
-0.507381
-0.508112
-0.509052
-0.510116
-0.511191
-0.512109
-0.512732
-0.512877
-0.512423
-0.511266
-0.509322
-0.506598
-0.503133
-0.499038
-0.494509
-0.489772
-0.485082
-0.480749
-0.477114
-0.474517
-0.47325
-0.473513
-0.475296
-0.478394
-0.482405
-0.486891
-0.491377
-0.495571
-0.499273
-0.502391
-0.504946
-0.506893
-0.50815
-0.508483
-0.507544
-0.504872
-0.499987
-0.492623
-0.483049
-0.472455
-0.463074
-0.45768
-0.458221
-0.464647
-0.475016
-0.486734
-0.497783
-0.507154
-0.514578
-0.520223
-0.524372
-0.527278
-0.529158
-0.530151
-0.530326
-0.529751
-0.528457
-0.526492
-0.523914
-0.520801
-0.517196
-0.513145
-0.508691
-0.503827
-0.498536
-0.492831
-0.486745
-0.480368
-0.473917
-0.467687
-0.46216
-0.457895
-0.45547
-0.455323
-0.457643
-0.462239
-0.468573
-0.475909
-0.483471
-0.490601
-0.496861
-0.502
-0.505964
-0.508806
-0.51065
-0.511621
-0.511857
-0.511477
-0.510571
-0.509221
-0.507486
-0.505386
-0.502977
-0.500271
-0.497305
-0.494113
-0.490751
-0.487308
-0.483864
-0.480554
-0.477477
-0.47474
-0.472426
-0.470561
-0.469131
-0.468058
-0.467281
-0.466724
-0.46634
-0.466108
-0.466093
-0.466353
-0.466973
-0.46799
-0.469418
-0.471185
-0.473127
-0.475081
-0.476868
-0.478291
-0.47923
-0.47956
-0.479264
-0.478356
-0.476905
-0.475071
-0.473059
-0.471138
-0.469554
-0.468585
-0.46835
-0.468844
-0.469931
-0.47134
-0.472736
-0.473849
-0.474449
-0.474462
-0.473922
-0.472954
-0.47173
-0.470411
-0.469114
-0.467896
-0.466772
-0.465744
-0.464843
-0.464136
-0.46374
-0.463806
-0.464497
-0.465936
-0.468179
-0.471113
-0.474517
-0.478107
-0.481548
-0.484575
-0.486984
-0.488661
-0.489575
-0.489782
-0.489348
-0.488369
-0.486957
-0.485221
-0.483255
-0.481155
-0.478985
-0.476826
-0.474702
-0.472655
-0.470722
-0.468899
-0.467217
-0.465671
-0.464268
-0.463002
-0.461868
-0.460842
-0.459925
-0.459094
-0.458309
-0.457539
-0.456737
-0.455839
-0.454791
-0.45352
-0.451965
-0.450119
-0.448047
-0.44588
-0.443886
-0.442295
-0.441295
-0.440895
-0.440862
-0.440779
-0.440201
-0.43884
-0.436824
-0.434727
-0.433453
-0.433923
-0.436579
-0.441204
-0.447051
-0.453147
-0.4587
-0.463255
-0.466653
-0.469008
-0.470558
-0.471565
-0.472295
-0.472987
-0.473784
-0.474765
-0.475896
-0.477127
-0.478354
-0.479471
-0.480373
-0.480994
-0.481267
-0.481173
-0.480688
-0.479865
-0.478783
-0.477579
-0.476454
-0.475647
-0.475415
-0.476002
-0.477586
-0.480222
-0.483852
-0.488312
-0.493333
-0.498587
-0.503741
-0.508471
-0.5125
-0.51558
-0.5175
-0.518056
-0.517129
-0.514658
-0.510754
-0.505733
-0.500153
-0.49481
-0.490538
-0.488088
-0.487864
-0.489834
-0.493639
-0.498647
-0.504185
-0.509646
-0.514517
-0.518415
-0.52111
-0.522407
-0.522214
-0.520488
-0.517258
-0.512672
-0.507054
-0.500945
-0.495015
-0.489983
-0.486468
-0.484831
-0.48519
-0.487429
-0.491243
-0.496107
-0.501361
-0.506321
-0.51041
-0.513257
-0.514753
-0.515012
-0.514313
-0.513012
-0.511463
-0.510013
-0.508904
-0.508267
-0.508172
-0.508623
-0.509569
-0.510973
-0.512784
-0.514951
-0.517402
-0.520005
-0.522626
-0.525121
-0.527272
-0.528943
-0.530014
-0.530376
-0.529989
-0.528827
-0.526942
-0.524403
-0.521296
-0.517753
-0.513931
-0.510016
-0.506162
-0.502535
-0.499252
-0.496405
-0.494016
-0.492084
-0.490533
-0.489297
-0.488311
-0.487485
-0.486777
-0.486148
-0.485579
-0.485034
-0.484497
-0.483919
-0.483253
-0.482468
-0.481537
-0.480482
-0.479343
-0.478184
-0.477109
-0.476193
-0.475485
-0.474971
-0.474588
-0.474277
-0.473946
-0.473518
-0.472999
-0.472395
-0.471768
-0.471196
-0.470752
-0.470516
-0.470589
-0.471033
-0.471908
-0.473247
-0.475045
-0.477274
-0.479868
-0.48271
-0.485704
-0.488728
-0.491716
-0.494589
-0.497284
-0.499796
-0.502093
-0.504192
-0.506075
-0.507768
-0.509248
-0.510501
-0.511509
-0.512209
-0.512552
-0.51246
-0.511819
-0.510548
-0.508535
-0.505713
-0.502028
-0.497508
-0.492212
-0.486266
-0.479852
-0.473153
-0.466431
-0.460111
-0.454817
-0.451347
-0.450439
-0.452376
-0.456787
-0.462758
-0.469256
-0.475448
-0.480871
-0.48544
-0.489286
-0.492605
-0.495575
-0.49828
-0.500699
-0.502786
-0.50447
-0.505712
-0.506574
-0.507245
-0.507974
-0.50903
-0.510557
-0.512487
-0.514577
-0.516485
-0.517871
-0.518502
-0.518276
-0.517254
-0.515561
-0.513397
-0.511031
-0.508697
-0.506653
-0.505107
-0.504214
-0.504069
-0.504675
-0.505956
-0.507785
-0.510012
-0.512527
-0.515291
-0.518312
-0.521598
-0.525114
-0.528721
-0.532218
-0.535361
-0.537935
-0.539739
-0.540632
-0.540456
-0.539114
-0.536489
-0.532525
-0.527258
-0.520859
-0.513668
-0.506257
-0.499389
-0.493808
-0.490075
-0.488473
-0.488874
-0.490849
-0.493867
-0.497333
-0.500769
-0.503777
-0.506087
-0.507517
-0.50797
-0.507443
-0.505972
-0.503625
-0.500517
-0.49676
-0.492524
-0.488041
-0.483595
-0.479569
-0.476363
-0.474354
-0.473738
-0.474536
-0.476532
-0.479376
-0.482663
-0.486027
-0.48916
-0.491887
-0.494076
-0.495673
-0.496687
-0.497154
-0.497123
-0.496711
-0.496045
-0.495282
-0.49457
-0.494062
-0.493853
-0.49398
-0.494414
-0.495091
-0.495861
-0.49659
-0.497138
-0.497393
-0.497284
-0.496782
-0.495875
-0.494604
-0.493015
-0.491211
-0.489275
-0.487384
-0.485662
-0.484274
-0.483369
-0.483035
-0.483372
-0.484396
-0.486058
-0.488272
-0.490912
-0.493855
-0.496932
-0.50001
-0.502979
-0.505733
-0.508189
-0.510318
-0.512073
-0.513459
-0.514473
-0.515146
-0.515519
-0.515612
-0.515463
-0.515139
-0.514687
-0.514161
-0.513623
-0.513162
-0.512889
-0.512869
-0.51318
-0.513871
-0.514939
-0.516335
-0.517996
-0.519801
-0.521657
-0.523442
-0.525062
-0.526436
-0.527498
-0.528207
-0.528543
-0.52849
-0.528065
-0.527295
-0.526188
-0.524775
-0.523116
-0.521198
-0.519063
-0.516732
-0.514194
-0.511445
-0.508498
-0.505356
-0.502012
-0.498528
-0.494915
-0.491283
-0.487725
-0.484388
-0.481435
-0.479064
-0.477464
-0.476795
-0.477166
-0.478603
-0.48103
-0.484272
-0.488078
-0.492115
-0.49601
-0.49941
-0.501955
-0.503385
-0.503489
-0.502136
-0.499307
-0.495053
-0.489428
-0.482466
-0.474104
-0.464286
-0.453276
-0.442163
-0.433068
-0.42859
-0.430297
-0.437588
-0.44798
-0.458597
-0.467422
-0.473648
-0.477276
-0.478745
-0.478558
-0.47716
-0.474897
-0.471938
-0.468399
-0.464272
-0.45954
-0.454243
-0.448536
-0.442797
-0.437641
-0.433772
-0.431783
-0.431854
-0.433631
-0.436323
-0.438984
-0.440722
-0.440945
-0.439334
-0.435871
-0.430773
-0.424524
-0.417838
-0.411558
-0.406573
-0.403496
-0.402653
-0.403843
-0.406568
-0.410122
-0.413822
-0.417134
-0.419743
-0.421504
-0.422428
-0.422625
-0.422246
-0.421445
-0.420372
-0.419168
-0.417906
-0.416679
-0.415507
-0.414425
-0.413445
-0.412568
-0.411778
-0.411079
-0.410475
-0.409961
-0.409547
-0.409263
-0.409111
-0.409105
-0.409259
-0.409584
-0.410079
-0.410739
-0.411548
-0.412497
-0.413557
-0.414696
-0.415895
-0.417114
-0.418313
-0.419452
-0.420488
-0.421353
-0.422001
-0.422371
-0.422408
-0.422023
-0.421165
-0.419791
-0.417899
-0.415516
-0.412798
-0.409914
-0.407117
-0.404647
-0.402663
-0.401137
-0.399836
-0.398354
-0.39627
-0.393367
-0.389913
-0.386841
-0.385543
-0.387336
-0.39275
-0.401185
-0.411231
-0.4214
-0.430595
-0.438309
-0.444464
-0.449188
-0.452753
-0.455396
-0.457342
-0.458725
-0.459692
-0.460332
-0.460694
-0.460828
-0.460768
-0.460548
-0.460203
-0.459778
-0.459342
-0.45896
-0.458681
-0.458513
-0.458438
-0.458383
-0.45826
-0.457973
-0.457469
-0.456732
-0.455805
-0.454757
-0.453721
-0.452815
-0.452186
-0.451961
-0.452272
-0.453169
-0.454703
-0.456851
-0.45952
-0.462599
-0.465914
-0.469268
-0.472457
-0.475295
-0.477581
-0.47913
-0.479799
-0.479468
-0.47809
-0.475725
-0.472559
-0.468908
-0.465211
-0.46191
-0.459417
-0.458036
-0.45792
-0.459073
-0.461386
-0.464654
-0.468574
-0.472814
-0.477007
-0.480803
-0.483947
-0.486268
-0.487658
-0.488115
-0.487679
-0.486413
-0.484399
-0.481754
-0.478629
-0.475194
-0.471704
-0.468452
-0.465735
-0.46383
-0.462901
-0.462969
-0.46386
-0.465267
-0.466756
-0.467911
-0.46841
-0.468137
-0.467146
-0.465698
-0.464206
-0.463072
-0.462589
-0.462814
-0.463578
-0.464584
-0.465492
-0.466
-0.465924
-0.465213
-0.463896
-0.462125
-0.460103
-0.457991
-0.455961
-0.45411
-0.452466
-0.450987
-0.449579
-0.448157
-0.446664
-0.445146
-0.443689
-0.44243
-0.441527
-0.441044
-0.440976
-0.441235
-0.441652
-0.442039
-0.442259
-0.442244
-0.441981
-0.441536
-0.44102
-0.440548
-0.440214
-0.440131
-0.440314
-0.440765
-0.441416
-0.44219
-0.442968
-0.443642
-0.444097
-0.444242
-0.443991
-0.443267
-0.442021
-0.440228
-0.437908
-0.435114
-0.431968
-0.428651
-0.425388
-0.422434
-0.419998
-0.418216
-0.417109
-0.416593
-0.416493
-0.416602
-0.416718
-0.41668
-0.416352
-0.41568
-0.41463
-0.41321
-0.411473
-0.409501
-0.40741
-0.4053
-0.403269
-0.401366
-0.399622
-0.398024
-0.396566
-0.395244
-0.394094
-0.393147
-0.392475
-0.392146
-0.392172
-0.392555
-0.393224
-0.394093
-0.395041
-0.395928
-0.396643
-0.39707
-0.397164
-0.396907
-0.396331
-0.395506
-0.394559
-0.393592
-0.392773
-0.392208
-0.392011
-0.392229
-0.392866
-0.393878
-0.39519
-0.3967
-0.398293
-0.399876
-0.401374
-0.402728
-0.403902
-0.404884
-0.405662
-0.406253
-0.406659
-0.406925
-0.407057
-0.407074
-0.406988
-0.406816
-0.406553
-0.406208
-0.405784
-0.405268
-0.404653
-0.40393
-0.403091
-0.402114
-0.401001
-0.399732
-0.398328
-0.396803
-0.395176
-0.393474
-0.391711
-0.389916
-0.388095
-0.386246
-0.384343
-0.382375
-0.380309
-0.378139
-0.375844
-0.373459
-0.371077
-0.36879
-0.366739
-0.365025
-0.363676
-0.362641
-0.361747
-0.360781
-0.359602
-0.358249
-0.356928
-0.356023
-0.355925
-0.356935
-0.359126
-0.362328
-0.366227
-0.370421
-0.374601
-0.378551
-0.382119
-0.385281
-0.388017
-0.390361
-0.392339
-0.394003
-0.395366
-0.396487
-0.39736
-0.398005
-0.398433
-0.398609
-0.398512
-0.398086
-0.397245
-0.395834
-0.393696
-0.390592
-0.386284
-0.380524
-0.373194
-0.364439
-0.354848
-0.345554
-0.338031
-0.333547
-0.33259
-0.334577
-0.338193
-0.342088
-0.345273
-0.347317
-0.348216
-0.348233
-0.347729
-0.34705
-0.346524
-0.346372
-0.346722
-0.347593
-0.348908
-0.350556
-0.352379
-0.354267
-0.356107
-0.357831
-0.359419
-0.360863
-0.362183
-0.363408
-0.364558
-0.365682
-0.366793
-0.367936
-0.369125
-0.370359
-0.371678
-0.373061
-0.374495
-0.375972
-0.377438
-0.378786
-0.379888
-0.380506
-0.380335
-0.378921
-0.375682
-0.37
-0.361458
-0.350329
-0.33827
-0.328477
-0.324626
-0.328559
-0.338836
-0.351767
-0.363708
-0.372482
-0.377428
-0.378696
-0.376804
-0.372429
-0.366246
-0.359035
-0.351681
-0.345068
-0.340013
-0.337057
-0.336524
-0.338378
-0.3423
-0.347761
-0.3541
-0.360683
-0.366945
-0.372544
-0.377283
-0.38108
-0.383984
-0.386081
-0.387544
-0.388513
-0.389173
-0.389653
-0.390054
-0.390324
-0.390341
-0.389806
-0.38839
-0.385721
-0.381639
-0.376342
-0.370607
-0.365806
-0.363449
-0.364559
-0.369075
-0.375922
-0.383579
-0.390815
-0.396913
-0.40169
-0.405281
-0.407956
-0.409976
-0.411563
-0.412838
-0.413878
-0.414708
-0.415296
-0.4156
-0.415574
-0.415138
-0.414261
-0.412883
-0.410945
-0.408403
-0.405251
-0.401502
-0.397222
-0.392541
-0.387692
-0.382979
-0.378759
-0.375364
-0.373062
-0.371973
-0.371973
-0.3728
-0.374067
-0.375403
-0.376509
-0.377196
-0.377457
-0.377402
-0.377295
-0.377475
-0.37826
-0.379929
-0.382596
-0.386213
-0.390583
-0.3954
-0.400337
-0.405096
-0.409448
-0.413251
-0.416416
-0.418916
-0.420742
-0.421898
-0.422386
-0.422188
-0.421274
-0.419581
-0.417043
-0.413573
-0.409139
-0.403749
-0.39758
-0.391043
-0.384727
-0.379412
-0.375809
-0.374341
-0.374958
-0.377197
-0.38036
-0.383782
-0.386947
-0.389571
-0.391533
-0.392805
-0.393402
-0.393391
-0.392818
-0.391784
-0.390402
-0.388792
-0.387097
-0.385488
-0.384118
-0.383119
-0.382565
-0.382492
-0.382878
-0.383617
-0.384606
-0.385704
-0.38676
-0.387665
-0.388326
-0.388723
-0.388852
-0.388772
-0.388562
-0.388316
-0.388095
-0.387908
-0.387749
-0.387514
-0.387113
-0.386432
-0.385418
-0.384019
-0.382321
-0.380473
-0.378676
-0.377173
-0.376175
-0.375788
-0.376001
-0.376719
-0.377738
-0.378878
-0.380016
-0.381049
-0.381919
-0.382637
-0.383185
-0.383611
-0.383873
-0.383983
-0.383912
-0.383639
-0.383143
-0.382436
-0.381512
-0.38038
-0.379094
-0.37772
-0.376332
-0.37502
-0.373873
-0.372967
-0.372369
-0.372115
-0.372194
-0.372572
-0.373149
-0.373789
-0.374346
-0.374619
-0.374393
-0.373415
-0.371426
-0.368187
-0.363458
-0.357097
-0.349139
-0.339945
-0.330409
-0.322075
-0.316837
-0.316246
-0.320655
-0.328823
-0.33856
-0.347708
-0.354867
-0.35948
-0.361687
-0.361975
-0.361021
-0.359526
-0.358062
-0.357051
-0.356637
-0.356735
-0.357117
-0.357483
-0.357626
-0.3574
-0.356825
-0.356006
-0.355123
-0.354385
-0.354024
-0.354214
-0.355018
-0.356435
-0.358354
-0.360615
-0.363007
-0.365317
-0.367352
-0.368931
-0.369948
-0.370292
-0.369916
-0.368794
-0.36697
-0.364487
-0.361434
-0.357935
-0.354124
-0.350161
-0.3462
-0.3424
-0.33897
-0.336124
-0.3341
-0.333154
-0.3335
-0.335298
-0.338555
-0.343152
-0.348834
-0.355224
-0.361907
-0.368395
-0.374281
-0.379241
-0.383087
-0.385724
-0.387193
-0.387665
-0.387371
-0.386619
-0.385746
-0.385075
-0.384842
-0.385154
-0.385945
-0.38696
-0.387807
-0.388044
-0.387366
-0.385632
-0.383046
-0.380078
-0.377411
-0.375777
-0.375854
-0.378036
-0.382405
-0.388659
-0.39617
-0.404132
-0.411753
-0.418458
-0.42389
-0.427926
-0.430613
-0.432105
-0.432578
-0.432246
-0.431291
-0.429852
-0.428044
-0.425934
-0.423578
-0.421026
-0.418375
-0.41581
-0.41358
-0.412038
-0.411579
-0.412508
-0.414924
-0.418639
-0.423218
-0.428103
-0.432746
-0.436796
-0.440087
-0.442716
-0.444927
-0.446985
-0.449057
-0.45109
-0.452823
-0.453807
-0.453543
-0.451597
-0.447623
-0.44151
-0.433455
-0.424103
-0.414605
-0.406507
-0.401334
-0.399926
-0.40221
-0.407276
-0.413918
-0.421085
-0.428151
-0.434815
-0.441036
-0.446863
-0.452375
-0.457626
-0.462641
-0.467389
-0.471818
-0.475822
-0.479266
-0.482013
-0.483905
-0.484785
-0.484522
-0.483023
-0.480239
-0.476275
-0.471322
-0.465747
-0.460047
-0.454871
-0.450853
-0.448556
-0.448369
-0.450371
-0.454367
-0.459882
-0.466281
-0.47293
-0.479288
-0.484939
-0.489595
-0.493104
-0.495354
-0.496261
-0.49575
-0.49374
-0.490166
-0.485068
-0.478638
-0.471329
-0.463927
-0.457378
-0.452688
-0.450573
-0.451193
-0.454115
-0.458468
-0.463292
-0.467778
-0.471429
-0.474056
-0.475726
-0.476616
-0.476966
-0.477012
-0.476894
-0.476745
-0.476608
-0.476506
-0.476421
-0.476315
-0.476125
-0.475803
-0.475281
-0.47453
-0.473552
-0.47235
-0.470967
-0.469469
-0.46795
-0.466455
-0.465011
-0.463623
-0.462224
-0.460689
-0.458851
-0.456525
-0.45351
-0.449664
-0.444945
-0.439531
-0.433832
-0.428564
-0.424615
-0.422801
-0.423517
-0.426535
-0.431152
-0.436425
-0.441552
-0.445992
-0.449494
-0.452012
-0.453671
-0.454604
-0.454995
-0.454961
-0.454637
-0.454108
-0.453453
-0.452688
-0.451884
-0.451044
-0.45018
-0.449296
-0.448401
-0.447484
-0.446517
-0.445508
-0.444428
-0.44327
-0.442015
-0.440658
-0.439187
-0.437603
-0.435876
-0.434024
-0.432075
-0.430023
-0.427899
-0.425745
-0.423589
-0.421475
-0.419445
-0.417543
-0.415775
-0.414116
-0.412548
-0.410964
-0.409247
-0.407311
-0.405081
-0.402542
-0.399778
-0.396983
-0.394485
-0.392648
-0.391777
-0.392144
-0.393814
-0.396707
-0.400588
-0.405141
-0.410058
-0.415038
-0.419828
-0.424287
-0.428275
-0.431746
-0.43468
-0.437079
-0.438989
-0.440447
-0.441503
-0.442223
-0.442673
-0.442941
-0.443105
-0.443227
-0.443334
-0.443443
-0.443557
-0.443599
-0.443485
-0.4431
-0.442315
-0.441035
-0.43915
-0.436604
-0.433396
-0.429556
-0.425193
-0.420419
-0.415368
-0.410212
-0.405106
-0.400331
-0.396281
-0.393438
-0.392284
-0.393044
-0.395604
-0.399479
-0.404005
-0.408603
-0.412838
-0.416463
-0.419407
-0.421651
-0.423138
-0.423843
-0.423665
-0.422494
-0.420242
-0.41687
-0.41245
-0.407195
-0.401477
-0.395832
-0.390838
-0.387006
-0.384639
-0.38376
-0.384066
-0.385009
-0.385925
-0.386227
-0.385605
-0.384173
-0.382487
-0.381467
-0.382058
-0.384779
-0.389556
-0.395707
-0.402289
-0.408459
-0.413645
-0.417559
-0.420122
-0.421407
-0.421527
-0.42059
-0.41874
-0.416107
-0.412857
-0.409237
-0.405533
-0.402097
-0.399291
-0.397406
-0.396616
-0.396885
-0.398066
-0.399902
-0.402117
-0.404501
-0.4069
-0.409255
-0.411553
-0.413788
-0.416007
-0.418172
-0.420219
-0.422135
-0.423834
-0.425297
-0.426532
-0.427608
-0.428663
-0.429881
-0.431415
-0.433343
-0.435678
-0.438287
-0.440908
-0.443225
-0.444867
-0.445485
-0.444775
-0.442526
-0.438676
-0.433381
-0.427108
-0.420608
-0.414912
-0.411057
-0.409839
-0.41151
-0.415684
-0.421495
-0.427859
-0.433828
-0.438683
-0.442126
-0.44416
-0.445049
-0.445207
-0.445085
-0.445036
-0.445222
-0.445621
-0.446049
-0.446267
-0.446057
-0.445241
-0.443785
-0.441777
-0.439542
-0.437671
-0.436881
-0.437805
-0.440682
-0.445221
-0.450749
-0.45648
-0.46175
-0.466116
-0.469334
-0.471325
-0.472063
-0.471621
-0.470113
-0.467773
-0.464891
-0.461828
-0.458922
-0.45643
-0.454479
-0.453033
-0.451973
-0.45113
-0.450367
-0.449609
-0.448831
-0.448093
-0.44751
-0.447232
-0.447417
-0.448164
-0.449496
-0.451338
-0.453557
-0.455968
-0.458404
-0.460719
-0.462826
-0.464727
-0.466445
-0.467985
-0.469397
-0.470677
-0.471778
-0.472623
-0.473134
-0.473269
-0.472988
-0.472308
-0.471296
-0.470031
-0.468626
-0.467162
-0.46573
-0.464388
-0.463178
-0.462092
-0.461161
-0.460417
-0.459837
-0.459437
-0.459204
-0.459092
-0.459074
-0.459115
-0.459175
-0.459227
-0.459236
-0.45919
-0.459065
-0.45883
-0.458447
-0.457902
-0.457219
-0.456408
-0.455524
-0.454597
-0.453656
-0.452673
-0.451597
-0.45028
-0.448565
-0.446271
-0.44322
-0.439273
-0.434415
-0.428891
-0.423194
-0.41817
-0.414748
-0.413643
-0.415011
-0.418365
-0.422789
-0.427309
-0.431163
-0.433925
-0.435429
-0.435698
-0.434797
-0.432817
-0.429858
-0.426043
-0.421581
-0.416761
-0.412045
-0.407951
-0.404988
-0.403432
-0.403283
-0.404265
-0.405937
-0.407857
-0.409693
-0.411287
-0.412573
-0.413581
-0.41437
-0.414973
-0.415423
-0.415703
-0.415786
-0.415651
-0.415253
-0.414576
-0.413626
-0.412429
-0.411009
-0.409414
-0.40769
-0.405863
-0.403947
-0.402005
-0.400067
-0.398227
-0.396582
-0.39526
-0.394375
-0.394011
-0.394196
-0.394879
-0.395932
-0.397199
-0.398547
-0.399803
-0.400863
-0.401673
-0.40222
-0.40248
-0.402476
-0.402238
-0.401813
-0.401233
-0.400531
-0.399737
-0.398891
-0.398008
-0.397119
-0.39624
-0.395355
-0.394488
-0.393625
-0.392767
-0.391913
-0.39108
-0.390229
-0.389382
-0.388528
-0.387655
-0.386775
-0.385885
-0.384958
-0.383999
-0.382993
-0.381979
-0.380996
-0.380158
-0.379599
-0.379464
-0.37992
-0.381044
-0.382852
-0.385225
-0.387943
-0.390705
-0.39307
-0.394627
-0.394914
-0.39352
-0.39011
-0.384551
-0.377005
-0.368075
-0.358878
-0.350844
-0.345437
-0.343581
-0.345295
-0.349631
-0.35503
-0.359885
-0.363062
-0.364101
-0.363255
-0.36133
-0.359385
-0.358374
-0.358852
-0.360845
-0.363952
-0.3676
-0.37126
-0.374553
-0.377293
-0.379435
-0.380997
-0.38205
-0.382671
-0.382969
-0.38306
-0.383087
-0.383204
-0.383571
-0.384318
-0.385533
-0.387215
-0.389293
-0.391603
-0.393932
-0.396047
-0.39774
-0.39885
-0.399233
-0.398807
-0.397527
-0.395387
-0.39244
-0.388778
-0.384556
-0.379977
-0.375306
-0.370813
-0.366821
-0.363571
-0.361224
-0.359938
-0.359713
-0.360566
-0.362392
-0.365107
-0.368539
-0.372512
-0.376768
-0.381048
-0.385082
-0.38869
-0.391759
-0.394245
-0.396166
-0.397581
-0.398588
-0.399297
-0.39979
-0.400156
-0.400458
-0.400695
-0.400881
-0.400962
-0.400872
-0.400533
-0.399836
-0.398665
-0.396881
-0.39436
-0.39097
-0.386597
-0.381174
-0.374711
-0.367383
-0.359595
-0.352087
-0.345828
-0.341836
-0.340851
-0.343023
-0.347803
-0.354206
-0.361178
-0.367854
-0.373728
-0.378589
-0.38242
-0.385368
-0.387597
-0.389302
-0.390656
-0.391808
-0.392863
-0.393913
-0.395017
-0.396191
-0.397425
-0.398687
-0.399949
-0.401169
-0.402299
-0.403296
-0.404151
-0.404864
-0.405414
-0.40586
-0.406226
-0.406577
-0.406952
-0.407417
-0.407991
-0.408707
-0.409512
-0.410353
-0.411079
-0.411457
-0.411171
-0.409772
-0.406709
-0.401385
-0.393275
-0.382269
-0.369175
-0.356138
-0.346314
-0.342514
-0.345534
-0.35369
-0.364101
-0.374279
-0.382745
-0.388899
-0.392623
-0.394022
-0.393303
-0.39076
-0.386852
-0.382135
-0.377331
-0.37321
-0.3705
-0.36967
-0.370851
-0.373833
-0.378092
-0.383007
-0.388029
-0.3927
-0.396799
-0.400201
-0.402925
-0.40506
-0.406704
-0.407949
-0.408878
-0.409546
-0.410007
-0.410279
-0.410384
-0.410379
-0.410287
-0.410139
-0.40997
-0.409799
-0.409665
-0.409558
-0.409436
-0.409248
-0.408904
-0.408295
-0.407322
-0.405857
-0.403871
-0.401326
-0.398329
-0.395031
-0.391716
-0.388733
-0.386476
-0.385311
-0.385463
-0.387013
-0.389835
-0.393613
-0.397963
-0.402417
-0.406579
-0.410108
-0.412733
-0.414243
-0.414538
-0.413518
-0.411161
-0.407522
-0.402708
-0.396975
-0.390673
-0.384308
-0.378502
-0.373871
-0.370932
-0.369989
-0.371054
-0.373858
-0.377982
-0.38292
-0.38824
-0.393662
-0.399076
-0.404565
-0.410251
-0.416243
-0.422505
-0.428858
