0 0 0
1 0.202348 0.294513
2 -0.130651 0.237071
3 0.0818408 0.311428
4 0.365654 0.295663
5 0.488942 0.304996
6 0.319951 0.348833
7 0.661635 0.229904
8 0.235285 0.277322
9 -0.291865 0.178309
10 0.269765 0.27631
11 0.322757 0.238371
12 0.430767 0.209618
13 0.304292 0.202152
14 -0.167675 0.162176
15 0.160031 0.236371
16 0.260544 0.18364
17 0.592326 0.213217
18 0.274283 0.182905
19 0.430794 0.222028
20 0.552569 0.229328
21 0.441569 0.18545
22 0.210158 0.301774
23 0.37984 0.203704
24 -0.0343492 0.195244
25 0.365291 0.172149
26 0.834516 0.275635
27 0.19245 0.26904
28 0.14036 0.301423
29 0.553 0.222373
30 0.328868 0.124814
31 0.475696 0.179867
32 0.513377 0.219511
33 0.297346 0.216014
34 0.0445627 0.14885
35 0.67158 0.156628
36 0.222022 0.212321
37 -0.176203 0.223589
38 0.415178 0.138954
39 0.0449666 0.200894
40 0.229954 0.170322
41 0.750542 0.220718
42 0.380923 0.170895
43 0.512435 0.150978
44 0.53828 0.164737
45 0.151548 0.181328
46 0.561439 0.189555
47 0.10864 0.20396
48 0.504643 0.218848
49 0.0884602 0.271145
50 0.669155 0.167021
51 0.138823 0.236593
52 0.229322 0.164468
53 0.792113 0.13846
54 0.205722 0.199413
55 0.167559 0.163059
56 0.175528 0.17012
57 0.550193 0.19075
58 0.105435 0.193401
59 0.322693 0.192943
60 0.686646 0.177297
61 0.307774 0.155325
62 0.527012 0.213737
63 -0.0570138 0.167255
64 0.287721 0.219326
65 0.639564 0.182064
66 0.22448 0.220637
67 0.634056 0.172004
68 0.185839 0.234897
69 0.5323 0.179969
70 0.394622 0.180026
71 0.46178 0.237616
72 0.433324 0.211771
73 0.192608 0.227654
74 0.301267 0.21153
75 0.102422 0.169439
76 0.337284 0.140388
77 0.232619 0.243837
78 0.224285 0.182546
79 0.114172 0.182669
80 0.279211 0.210845
81 0.0849301 0.137502
82 0.356912 0.158366
83 0.370316 0.13245
84 0.710455 0.101341
85 0.323378 0.207536
86 0.223529 0.204944
87 0.0753881 0.149131
88 0.044564 0.205768
89 0.224787 0.200101
90 0.39249 0.17679
91 0.059121 0.14485
92 0.309807 0.147646
93 0.0403019 0.16523
94 0.418062 0.145249
95 0.133083 0.219013
96 0.363839 0.138402
97 0.165429 0.178996
98 0.442522 0.17147
99 0.220557 0.163166
100 0.50356 0.159503
101 0.326589 0.277365
102 0.0735839 0.192011
103 0.336066 0.145098
104 0.0998754 0.185162
105 0.308715 0.172901
106 0.0627743 0.185422
107 0.110751 0.150126
108 0.414726 0.104593
109 0.242756 0.174009
110 0.0983096 0.153972
111 -0.33266 0.156954
112 0.230023 0.170339
113 0.337243 0.135175
114 0.492088 0.13781
115 0.532985 0.194592
116 0.285243 0.228705
117 0.569959 0.196703
118 0.380162 0.186543
119 0.553188 0.165834
120 0.6051 0.144405
121 0.148585 0.146233
122 0.245851 0.148357
123 0.564744 0.190303
124 0.395129 0.179195
125 0.209326 0.147142
126 0.495825 0.143496
127 -0.0635222 0.151064
128 0.329062 0.164537
129 0.669361 0.194286
130 0.392937 0.202719
131 0.166007 0.199123
132 0.23932 0.139697
133 0.514485 0.169764
134 0.625057 0.143359
135 0.278281 0.233139
136 0.676827 0.151047
137 0.435438 0.19872
138 0.314105 0.179092
139 0.451919 0.20462
140 0.538073 0.192467
141 0.469163 0.128704
142 0.438054 0.143469
143 -0.15167 0.146293
144 0.606828 0.162099
145 0.559696 0.14732
146 0.208546 0.14732
147 0.277467 0.213139
148 0.232104 0.191674
149 0.232369 0.152612
150 0.206606 0.156097
151 0.229674 0.154893
152 0.309777 0.17991
153 0.295838 0.188128
154 0.392016 0.217566
155 0.317771 0.205637
156 0.0539118 0.191128
157 0.152272 0.151784
158 0.214247 0.212013
159 0.390037 0.13252
160 0.114538 0.123466
161 -0.0459895 0.229413
162 0.20886 0.149211
163 0.366695 0.219802
164 0.315587 0.129684
165 0.343133 0.160481
166 0.31858 0.208876
167 -0.00398674 0.171252
168 0.351173 0.15893
169 0.103554 0.177431
170 0.0784978 0.139219
171 0.255377 0.159365
172 0.387524 0.160769
173 0.35354 0.176361
174 0.331984 0.119246
175 0.337585 0.177999
176 0.0975989 0.206738
177 0.410184 0.166529
178 -0.0254431 0.180202
179 0.159829 0.182478
180 0.250169 0.173853
181 0.286138 0.140312
182 0.435162 0.167509
183 0.32638 0.209206
184 0.0852495 0.117992
185 0.583545 0.166041
186 0.279951 0.224711
187 0.012788 0.166068
188 -0.127429 0.165443
189 0.411324 0.201268
190 0.0568249 0.152729
191 0.218481 0.160497
192 0.459196 0.193275
193 0.348616 0.163452
194 0.154583 0.212826
195 0.338095 0.180156
196 0.0613287 0.155926
197 0.254922 0.237898
198 0.401262 0.128594
199 0.478764 0.165225
200 -0.0598532 0.201936
201 0.0597752 0.19791
202 0.429385 0.224201
203 0.882005 0.12112
204 0.13461 0.155684
205 0.373492 0.14488
206 0.0758481 0.212802
207 0.173285 0.139907
208 -0.0514597 0.186793
209 0.596404 0.135772
210 0.324014 0.17625
211 0.425412 0.162661
212 0.488639 0.201686
213 0.0806016 0.162479
214 0.638069 0.170855
215 0.275335 0.181047
216 0.666099 0.218226
217 0.545879 0.188542
218 0.362428 0.193564
219 0.3609 0.140685
220 0.0105149 0.153359
221 0.484619 0.156358
222 0.36391 0.14247
223 0.0760852 0.171189
224 0.357115 0.166087
225 0.0812286 0.203568
226 0.398904 0.254339
227 0.21336 0.215337
228 0.214885 0.204354
229 0.313258 0.197431
230 0.417319 0.210586
231 0.224154 0.18414
232 0.298246 0.150154
233 0.343802 0.194331
234 0.350118 0.168105
235 0.436037 0.174755
236 0.0593124 0.19245
237 0.647482 0.192078
238 0.484321 0.262478
239 0.434776 0.206371
240 0.131516 0.202535
241 0.315391 0.193814
242 0.376202 0.258755
243 0.192732 0.180402
244 0.435342 0.166592
245 0.0476241 0.168069
246 0.216569 0.182475
247 0.305839 0.181235
248 0.521209 0.202903
249 0.312808 0.175823
250 0.216711 0.258255
251 0.331921 0.144522
252 0.481476 0.207724
253 0.470387 0.234319
254 0.139904 0.161926
255 -0.136168 0.233575
256 0.391203 0.214119
257 0.396006 0.161993
258 0.238407 0.217862
259 0.720681 0.201235
260 0.404767 0.260094
261 0.347376 0.19942
262 0.262 0.156308
263 0.334192 0.23889
264 0.669127 0.22163
265 0.333975 0.219917
266 0.217412 0.152495
267 0.558774 0.211227
268 0.585787 0.277078
269 0.186613 0.209917
270 0.208307 0.219842
271 0.699615 0.193818
272 0.277364 0.206615
273 0.336848 0.227411
274 0.0110014 0.203992
275 0.275208 0.187437
276 0.648054 0.246055
277 0.467638 0.183852
278 0.190261 0.221349
279 0.426546 0.210541
280 0.293143 0.241669
281 0.707673 0.246987
282 0.374246 0.264242
283 0.193508 0.266914
284 0.210268 0.237231
285 0.376436 0.224639
286 0.515893 0.214919
287 0.0887664 0.214755
288 0.684731 0.256808
289 0.445445 0.281953
290 -0.257317 0.26833
291 0.69052 0.240991
292 0.475684 0.245431
293 -0.0248622 0.203342
294 0.10297 0.225582
295 -0.00975793 0.218908
296 0.3146 0.24244
297 0.144765 0.285387
298 0.468571 0.38174
299 0 0
