2 -0.463281 0.000340492 0.19667 7.75141e-05 0.0254684 0.00164333 1.36518 0.00784518
1.925 -0.478886 0.000297725 0.208351 6.98931e-05 0.02772 0.00152879 1.49537 0.00819934
1.85 -0.49423 0.000355811 0.221257 0.000114286 0.0305048 0.00217176 1.61101 0.0103116
1.775 -0.511529 0.00039583 0.234879 0.000128596 0.034419 0.0019134 1.77767 0.0114
1.7 -0.529845 0.000407067 0.249506 0.000149719 0.0376102 0.00161918 1.94999 0.0171383
1.625 -0.549204 0.000501842 0.265224 0.000209973 0.041902 0.00212117 2.1423 0.0138811
1.55 -0.568797 0.000510966 0.28242 0.000249276 0.0433794 0.00195705 2.37873 0.0200839
1.475 -0.591345 0.000490882 0.299964 0.000274597 0.049589 0.00302301 2.7178 0.0250098
1.4 -0.615513 0.000447407 0.318365 0.000256234 0.0633122 0.00308481 3.09438 0.031372
1.325 -0.63989 0.000518952 0.338077 0.00038262 0.0668104 0.00301026 3.5285 0.0483711
1.25 -0.666014 0.000522787 0.358255 0.000441639 0.0755122 0.00240148 4.14274 0.0304754
1.175 -0.696276 0.000658714 0.376348 0.000634532 0.101624 0.00408073 5.19485 0.0611996
1.1 -0.725585 0.000681126 0.395262 0.000771777 0.110111 0.00462648 6.11187 0.0961723
1.025 -0.75533 0.000724247 0.41399 0.000934398 0.128284 0.00485567 7.51504 0.0828126
0.95 -0.78994 0.00077182 0.424625 0.00123769 0.172104 0.00614806 9.75174 0.193794
0.875 -0.825009 0.000813136 0.428734 0.00162819 0.213463 0.00671837 13.3539 0.242748
0.8 -0.860591 0.000949973 0.423872 0.00224975 0.28851 0.0106563 18.5049 0.292609
0.725 -0.898224 0.00125799 0.397318 0.00319599 0.382443 0.0189788 26.839 0.635263
0.65 -0.940119 0.00144103 0.326663 0.00529767 0.537331 0.021487 43.709 0.840328
0.575 -0.976924 0.00213415 0.228381 0.00983149 0.73959 0.0245328 65.3431 1.34164
0.5 -1.0018 0.0016099 0.123688 0.00903877 0.854576 0.0322103 89.2591 1.06879
