2 -0.462519 0.000336708 0.196519 7.78025e-05 0.001552 0.00133437 1.36862 0.00895225
1.925 -0.478167 0.000372243 0.208158 9.59749e-05 -0.003659 0.001941 1.47642 0.00918246
1.85 -0.493389 0.000396529 0.221056 0.000114542 0.0020208 0.002106 1.60466 0.00864789
1.775 -0.510535 0.000361285 0.234668 0.000117057 0.0021602 0.0015375 1.73966 0.0109617
1.7 -0.528251 0.000353543 0.249463 0.00012931 -0.0006482 0.0016014 1.89315 0.0140182
1.625 -0.54749 0.00060155 0.265182 0.000249777 -0.0023394 0.0022086 2.10017 0.0184769
1.55 -0.567236 0.000487994 0.282306 0.000230721 0.0009032 0.00210584 2.31094 0.0150576
1.475 -0.58976 0.000471621 0.299766 0.000255645 0.0002584 0.00250569 2.61357 0.0241298
1.4 -0.613476 0.000334348 0.318186 0.000209295 0.001288 0.00260462 2.96576 0.0214221
1.325 -0.637695 0.000557763 0.337965 0.000405503 0.0025714 0.00316002 3.38235 0.0368305
1.25 -0.663505 0.000501557 0.358244 0.000426395 -0.0023538 0.00383831 4.00867 0.0366533
1.175 -0.693528 0.000670117 0.375924 0.000672613 -0.0038812 0.00438592 4.84434 0.0514182
1.1 -0.721209 0.000372963 0.396575 0.000444683 0.0039564 0.00439589 5.53392 0.0592094
1.025 -0.751011 0.000376649 0.414972 0.000538041 -0.0042452 0.00568415 6.89588 0.0642078
0.95 -0.782234 0.000719441 0.430027 0.00124765 0.0060082 0.00563603 8.68402 0.152052
0.875 -0.816515 0.000641554 0.435325 0.00136858 0.0018496 0.0112525 11.4502 0.209202
0.8 -0.846878 0.000870945 0.441849 0.00230729 0.0031158 0.0145357 14.9291 0.300621
0.725 -0.879609 0.000816182 0.430488 0.00273013 -0.005183 0.0130188 20.3412 0.369727
0.65 -0.915133 0.00104703 0.38464 0.00454412 -0.038649 0.0296107 34.0427 0.723682
0.575 -0.946222 0.00162911 0.316414 0.0093278 0.0133666 0.0543562 52.6298 1.31641
0.5 -0.975362 0.000926095 0.194608 0.00724266 0.027905 0.114603 80.4419 0.920059
