2 -0.462251 0.000407225 0.19658 9.40719e-05 0.0001686 0.0013723 1.35122 0.00759269
1.925 -0.477807 0.000315282 0.208251 8.13223e-05 0.0005478 0.0011376 1.46937 0.00565776
1.85 -0.49287 0.000440693 0.221205 0.000126766 -0.0010766 0.00151231 1.5859 0.00741114
1.775 -0.510806 0.000271823 0.234581 8.81788e-05 0.0010302 0.00153649 1.74281 0.00703818
1.7 -0.528612 0.000498228 0.24933 0.000182526 0.002136 0.00134553 1.89483 0.0111226
1.625 -0.548073 0.000377532 0.264942 0.000156544 -0.002153 0.00194645 2.10395 0.0129581
1.55 -0.568219 0.000431538 0.281841 0.000203918 0.000502 0.00197531 2.31323 0.0106755
1.475 -0.58987 0.000430063 0.299707 0.000233283 -0.0004334 0.00203673 2.60649 0.0182255
1.4 -0.613909 0.000336896 0.317915 0.000211166 -0.0019348 0.00175077 2.9957 0.0191904
1.325 -0.637596 0.000557621 0.338037 0.000405118 -0.0015546 0.00237905 3.38008 0.0245971
1.25 -0.663655 0.00040953 0.358118 0.000347666 0.0010616 0.002627 3.99809 0.0341447
1.175 -0.692128 0.000401106 0.377333 0.000401877 0.0009178 0.00320147 4.68923 0.0378764
1.1 -0.720799 0.000601767 0.397059 0.000716817 0.0054854 0.00349572 5.63011 0.0626966
1.025 -0.75083 0.00052498 0.415228 0.000750492 -0.0023074 0.00402334 6.9053 0.106418
0.95 -0.78151 0.000467993 0.431289 0.000810688 0.0072622 0.00440888 8.50253 0.107132
0.875 -0.81554 0.000527458 0.437407 0.00112501 -0.003975 0.00944997 11.4365 0.129922
0.8 -0.848784 0.000685031 0.436808 0.00181371 -0.004818 0.00961221 15.4798 0.264546
0.725 -0.880265 0.000619884 0.428301 0.00207919 -0.0015052 0.0148386 20.9994 0.34082
0.65 -0.914352 0.000604299 0.388054 0.00261522 0.003912 0.0172474 32.733 0.506162
0.575 -0.945393 0.00118149 0.321228 0.00676063 -0.0150292 0.0269821 51.3456 1.02345
0.5 -0.973436 0.00123647 0.209576 0.00963043 0.0789776 0.0854959 78.2201 1.22616
