2 -0.463039 0.000403355 0.196398 9.33346e-05 0.0285036 0.00139026 1.3754 0.00496385
1.925 -0.478762 0.000378951 0.208004 9.7945e-05 0.0289986 0.000884187 1.50047 0.00567189
1.85 -0.493674 0.00040584 0.220974 0.000116992 0.0302696 0.000976601 1.61308 0.0115594
1.775 -0.511759 0.000357291 0.234271 0.000116122 0.035127 0.00163044 1.75737 0.00899375
1.7 -0.529814 0.000455675 0.24889 0.000167284 0.0365288 0.00137083 1.96345 0.0131971
1.625 -0.549701 0.00030286 0.264266 0.000126064 0.0477426 0.00144761 2.17263 0.0119371
1.55 -0.570112 0.000398023 0.280945 0.000189002 0.0489578 0.0016957 2.41368 0.00894042
1.475 -0.591297 0.000559469 0.298931 0.000304191 0.0510946 0.00243472 2.69077 0.02052
1.4 -0.616197 0.0003521 0.316479 0.000221205 0.0598266 0.00196392 3.16156 0.0254137
1.325 -0.640461 0.000547436 0.335951 0.000398846 0.0724936 0.00223494 3.5594 0.0305791
1.25 -0.666425 0.00050222 0.355758 0.000428364 0.0794042 0.00229951 4.15364 0.0371882
1.175 -0.69582 0.000531915 0.37362 0.000535525 0.0952444 0.003234 4.99271 0.027916
1.1 -0.72531 0.000579594 0.391668 0.000696335 0.111905 0.00464128 6.12292 0.0675585
1.025 -0.755538 0.000726893 0.408474 0.00104528 0.131458 0.00450003 7.48562 0.072204
0.95 -0.78914 0.000745534 0.418002 0.00130454 0.16879 0.00641835 9.79843 0.14335
0.875 -0.824532 0.000851006 0.418134 0.001833 0.210848 0.00672887 13.1083 0.197829
0.8 -0.863007 0.000780971 0.398763 0.00210615 0.30847 0.00696201 19.1362 0.27436
0.725 -0.899313 0.00091275 0.363795 0.0031304 0.408982 0.00883614 27.4225 0.393462
0.65 -0.939951 0.00123676 0.275651 0.00549986 0.53302 0.0201387 43.4324 0.623343
0.575 -0.975783 0.00160561 0.144569 0.0094803 0.725059 0.0229068 64.6173 0.975837
0.5 -1.0034 0.000946064 -0.0273463 0.00759042 0.892979 0.0132949 90.0263 0.672365
