1 -30
2 -22
3 -26
4 -30
5 -26
6 -26
7 -30
8 -34
9 -18
10 -30
11 -22
12 -14
13 -30
14 -18
15 -18
16 -30
17 -26
18 -30
19 -30
20 -34
21 -22
22 -30
23 -26
24 -30
25 -30
26 -14
27 -34
28 -30
29 -22
30 -22
31 -18
32 -26
33 -26
34 -30
35 -22
36 -22
37 -18
38 -14
39 -26
40 -26
41 -14
42 -18
43 -14
44 -26
45 -30
46 -26
47 -18
48 -22
49 -26
50 -30
51 -26
52 -34
53 -26
54 -26
55 -22
56 -30
57 -30
58 -34
59 -30
60 -6
61 -22
62 -22
63 -34
64 -30
65 -30
66 -26
67 -26
68 -26
69 -30
70 -22
71 -26
72 -22
73 -34
74 -22
75 -22
76 -14
77 -30
78 -26
79 -22
80 -30
81 -34
82 -26
83 -38
84 -38
85 -26
86 -22
87 -26
88 -26
89 -30
90 -26
91 -34
92 -30
93 -30
94 -26
95 -26
96 -22
97 -18
98 -30
99 -34
100 -26
101 -26
102 -26
103 -22
104 -18
105 -22
106 -22
107 -18
108 -22
109 -18
110 -22
111 -22
112 -22
113 -10
114 -26
115 -18
116 -22
117 -26
118 -34
119 -26
120 -22
121 -22
122 -30
123 -26
124 -30
125 -42
126 -30
127 -26
128 -26
129 -30
130 -34
131 -30
132 -22
133 -18
134 -22
135 -10
136 -18
137 -26
138 -14
139 -26
140 -26
141 -26
142 -22
143 -22
144 -30
145 -22
146 -26
147 -18
148 -26
149 -22
150 -26
151 -30
152 -22
153 -6
154 -10
155 -22
156 -22
157 -14
158 -10
159 -26
160 -22
161 -26
162 -22
163 -18
164 -26
165 -26
166 -26
167 -30
168 -26
169 -26
170 -22
171 -18
172 -18
173 -26
174 -26
175 -22
176 -18
177 -22
178 -22
179 -22
180 -22
181 -30
182 -26
183 -26
184 -30
185 -22
186 -6
187 -6
188 -26
189 -18
190 -18
191 -34
192 -34
193 -22
194 -30
195 -34
196 -30
197 -30
198 -22
199 -14
200 -22
201 -26
202 -26
203 -26
204 -18
205 -14
206 -22
207 -22
208 -22
209 -26
210 -14
211 -18
212 -26
213 -22
214 -26
215 -30
216 -30
217 -22
218 -26
219 -22
220 -26
221 -30
222 -30
223 -30
224 -26
225 -26
226 -18
227 -22
228 -26
229 -26
230 -22
231 -26
232 -22
233 -34
234 -30
235 -26
236 -26
237 -18
238 -22
239 -2
240 -22
241 -26
242 -18
243 -18
244 -22
245 -26
246 -30
247 -38
248 -34
249 -26
250 -26
251 -30
252 -30
253 -26
254 -18
255 -22
256 -14
257 -26
258 -30
259 -34
260 -26
261 -22
262 -34
263 -22
264 -18
265 -18
266 -22
267 -26
268 -30
269 -26
270 -26
271 -22
272 -14
273 -22
274 -18
275 -26
276 -30
277 -26
278 -26
279 -14
280 -22
281 -22
282 -30
283 -22
284 -18
285 -14
286 -26
287 -30
288 -30
289 -22
290 -18
291 -22
292 -22
293 -18
294 -34
295 -34
296 -26
297 -30
298 -22
299 -26
300 -10
301 -26
302 -18
303 -22
304 -26
305 -18
306 -14
307 -26
308 -22
309 -38
310 -26
311 -22
312 -26
313 -22
314 -22
315 -22
316 -26
317 -26
318 -22
319 -26
320 -18
321 -18
322 -26
323 -22
324 -14
325 -22
326 -18
327 -18
328 -22
329 -18
330 -22
331 -22
332 -18
333 -22
334 -18
335 -22
336 -26
337 -26
338 -26
339 -34
340 -10
341 -22
342 -26
343 -18
344 -30
345 -34
346 -22
347 -26
348 -26
349 -6
350 -26
351 -22
352 -30
353 -26
354 -30
355 -34
356 -30
357 -30
358 -30
359 -26
360 -30
361 -18
362 -26
363 -34
364 -26
365 -26
366 -22
367 -26
368 -30
369 -26
370 -18
371 -18
372 -18
373 -18
374 -22
375 -26
376 -22
377 -22
378 -18
379 -18
380 -26
381 -26
382 -22
383 -30
384 -22
385 -34
386 -22
387 -18
388 -10
389 -26
390 -26
391 -30
392 -22
393 -30
394 -22
395 -14
396 -22
397 -22
398 -26
399 -26
400 -34
401 -34
402 -26
403 -30
404 -22
405 -22
406 -26
407 -18
408 -34
409 -22
410 -26
411 -26
412 -26
413 -26
414 -26
415 -22
416 -34
417 -26
418 -30
419 -22
420 -30
421 -18
422 -14
423 -26
424 -34
425 -26
426 -30
427 -22
428 -22
429 -18
430 -26
431 -14
432 -18
433 -22
434 -22
435 -30
436 -22
437 -30
438 -26
439 -18
440 -30
441 -14
442 -34
443 -30
444 -34
445 -34
446 -18
447 -30
448 -22
449 -18
450 -18
451 -34
452 -30
453 -26
454 -22
455 -26
456 -34
457 -30
458 -18
459 -30
460 -34
461 -26
462 -22
463 -34
464 -14
465 -18
466 -22
467 -22
468 -26
469 -22
470 -26
471 -22
472 -14
473 -22
474 -22
475 -22
476 -30
477 -30
478 -22
479 -26
480 -26
481 -22
482 -22
483 -26
484 -26
485 -30
486 -26
487 -30
488 -22
489 -22
490 -30
491 -22
492 -18
493 -6
494 -26
495 -30
496 -42
497 -26
498 -26
499 -22
500 -26
501 -30
502 -34
503 -26
504 -26
505 -22
506 -10
507 -26
508 -22
509 -22
510 -22
511 -34
512 -18
513 -22
514 -26
515 -22
516 -26
517 -22
518 -26
519 -26
520 -22
521 -30
522 -30
523 -26
524 -30
525 -42
526 -34
527 -30
528 -34
529 -30
530 -30
531 -22
532 -22
533 -22
534 -22
535 -26
536 -26
537 -34
538 -34
539 -34
540 -22
541 -26
542 -30
543 -34
544 -18
545 -18
546 -22
547 -34
548 -22
549 -26
550 -22
551 -18
552 -14
553 -22
554 -22
555 -26
556 -26
557 -30
558 -18
559 -18
560 -22
561 -22
562 -18
563 -22
564 -34
565 -26
566 -22
567 -30
568 -22
569 -18
570 -18
571 -14
572 -18
573 -26
574 -30
575 -18
576 -18
577 -14
578 -22
579 -26
580 -26
581 -30
582 -22
583 -26
584 -30
585 -26
586 -26
587 -26
588 -18
589 -30
590 -26
591 -10
592 -14
593 -30
594 -30
595 -30
596 -18
597 -30
598 -18
599 -22
600 -18
601 -14
602 -18
603 -26
604 -22
605 -34
606 -22
607 -18
608 -10
609 -14
610 -34
611 -26
612 -22
613 -30
614 -26
615 -22
616 -22
617 -26
618 -22
619 -22
620 -42
621 -34
622 -26
623 -26
624 -26
625 -22
626 -18
627 -18
628 -14
629 -26
630 -18
631 -30
632 -34
633 -38
634 -26
635 -26
636 -26
637 -30
638 -26
639 -18
640 -22
641 -14
642 -30
643 -26
644 -22
645 -18
646 -10
647 -34
648 -14
649 -14
650 -22
651 -30
652 -22
653 -22
654 -18
655 -18
656 -18
657 -22
658 -14
659 -18
660 -22
661 -22
662 -10
663 -22
664 -26
665 -18
666 -18
667 -26
668 -18
669 -18
670 -26
671 -34
672 -34
673 -30
674 -22
675 -22
676 -30
677 -34
678 -18
679 -26
680 -22
681 -34
682 -34
683 -26
684 -26
685 -34
686 -38
687 -30
688 -22
689 -18
690 -22
691 -22
692 -34
693 -18
694 -22
695 -18
696 -22
697 -26
698 -26
699 -26
700 -18
701 -26
702 -18
703 -26
704 -26
705 -26
706 -26
707 -34
708 -30
709 -26
710 -22
711 -22
712 -18
713 -34
714 -26
715 -14
716 -18
717 -22
718 -26
719 -26
720 -30
721 -26
722 -22
723 -26
724 -18
725 -22
726 -26
727 -22
728 -22
729 -22
730 -18
731 -14
732 -18
733 -22
734 -26
735 -30
736 -26
737 -22
738 -18
739 -34
740 -26
741 -14
742 -18
743 -18
744 -22
745 -26
746 -10
747 -18
748 -14
749 -22
750 -22
751 -14
752 -26
753 -30
754 -30
755 -18
756 -26
757 -26
758 -22
759 -26
760 -26
761 -30
762 -26
763 -30
764 -34
765 -30
766 -22
767 -18
768 -22
769 -22
770 -30
771 -34
772 -26
773 -26
774 -30
775 -26
776 -18
777 -22
778 -30
779 -18
780 -26
781 -22
782 -30
783 -22
784 -34
785 -26
786 -26
787 -30
788 -18
789 -30
790 -26
791 -22
792 -10
793 -26
794 -18
795 -18
796 -30
797 -34
798 -30
799 -30
800 -26
801 -26
802 -26
803 -30
804 -22
805 -22
806 -30
807 -30
808 -34
809 -22
810 -30
811 -30
812 -26
813 -22
814 -26
815 -26
816 -22
817 -30
818 -30
819 -30
820 -22
821 -22
822 -26
823 -22
824 -22
825 -26
826 -26
827 -30
828 -26
829 -22
830 -14
831 -18
832 -14
833 -14
834 -22
835 -22
836 -14
837 -22
838 -30
839 -18
840 -26
841 -26
842 -18
843 -26
844 -22
845 -26
846 -18
847 -18
848 -22
849 -22
850 -34
851 -26
852 -38
853 -30
854 -22
855 -26
856 -26
857 -30
858 -18
859 -30
860 -22
861 -30
862 -30
863 -10
864 -22
865 -26
866 -26
867 -26
868 -18
869 -30
870 -22
871 -14
872 -10
873 -6
874 -14
875 -14
876 -22
877 -22
878 -10
879 -22
880 -22
881 -18
882 -22
883 -26
884 -22
885 -18
886 -18
887 -14
888 -30
889 -30
890 -34
891 -30
892 -38
893 -26
894 -38
895 -30
896 -14
897 -14
898 -18
899 -22
900 -26
901 -30
902 -38
903 -30
904 -34
905 -34
906 -18
907 -30
908 -22
909 -26
910 -30
911 -26
912 -34
913 -26
914 -30
915 -22
916 -22
917 -18
918 -22
919 -30
920 -30
921 -22
922 -30
923 -30
924 -26
925 -18
926 -14
927 -26
928 -34
929 -22
930 -26
931 -22
932 -18
933 -34
934 -22
935 -10
936 -22
937 -22
938 -14
939 -26
940 -26
941 -22
942 -18
943 -26
944 -22
945 -22
946 -26
947 -26
948 -26
949 -34
950 -30
951 -30
952 -18
953 -26
954 -22
955 -18
956 -18
957 -26
958 -10
959 -26
960 -30
961 -30
962 -26
963 -38
964 -38
965 -30
966 -26
967 -26
968 -26
969 -26
970 -22
971 -26
972 -26
973 -34
974 -38
975 -26
976 -26
977 -26
978 -26
979 -30
980 -30
981 -26
982 -26
983 -26
984 -30
985 -22
986 -26
987 -22
988 -18
989 -26
990 -22
991 -30
992 -22
993 -22
994 -18
995 -22
996 -26
997 -34
998 -30
999 -18
1000 -22
