218.8
200.08
167.6
198.4
176.16
188.84
196.88
192
206.04
211.12
167.12
196.36
206.48
175.56
210.84
192.88
210.6
178.64
161.08
216.68
203.52
151.76
210
229.92
204.2
204.48
169.6
198.16
225.08
224.84
198.96
174.24
179.16
218.96
187.56
177.04
180.68
200.28
247.92
201.4
211.92
166.2
203
227.4
187.64
224.84
213.32
214.4
189.72
224.4
229.48
226.44
184
176
163.64
205.44
194.28
257.44
208.28
184
220.32
169.56
200.48
208.88
183.44
209.68
202.04
190.92
192.28
224.64
162.64
235.36
171.2
212
189.96
224.48
183.04
198.56
229.36
228.72
187.48
209.12
172.24
180.8
175.12
189.88
211.44
222.2
193.36
219.56
183.08
182.28
206.04
176.96
191.64
201.76
237.16
172.8
203.96
246.16
201.44
212.92
214.4
179
233.2
182.04
174.52
209.48
219
188.44
187.56
208.68
244.6
214.16
194.96
199.12
179.48
218.68
185.6
219.6
218.44
182.16
226.84
250.08
250.88
218.24
212.2
231.84
193.76
190
220.76
207.8
187.6
182.64
212.72
203.48
213.2
187.4
212.56
216.16
183.84
199.2
187.84
211.6
225.76
190.36
186.72
232.76
199.32
174.88
198.92
174.44
199.52
188.32
214.24
201.16
179.12
189.2
199.52
161.4
204.76
191.08
193
187.28
175.52
180.4
184.28
198.32
217.52
193.52
217.4
208
201.88
218.2
237.92
191.68
196.64
196.28
208.2
205.08
216.8
202.4
162.16
185.36
193.44
215.08
270.4
194.68
164.12
193.24
204.96
219.32
202.28
182.6
181.68
188.6
251.2
204.64
200.6
189.4
